5892	28876	1
6934	28876	1
9542	28876	1
1192	28878	2
8536	28878	1
8586	28878	1
6454	28938	1
1267	28959	1
6242	28959	1
7486	28959	1
7759	28959	1
8213	28959	1
3340	29078	1
4113	29078	1
9538	29078	1
2931	29129	1
8899	29129	1
5160	29154	1
7743	29154	1
3182	29225	1
4222	29225	1
5267	29225	1
6469	29225	1
6513	29225	1
9275	29225	1
9686	29225	1
925	29232	1
1902	29232	1
4642	29232	1
8324	29232	1
8986	29241	1
9193	29241	1
1505	29356	1
5854	29356	1
6284	29356	1
9233	29356	1
9669	29356	1
2446	29372	1
3034	29372	1
3294	29372	1
3568	29372	1
3812	29372	1
6725	29372	1
830	29494	1
1005	29494	1
1608	29494	1
2531	29494	1
3266	29494	1
4113	29494	1
4703	29494	1
5797	29494	1
5854	29494	1
4701	29660	1
9538	29660	1
5318	30138	1
5854	30138	1
7047	30138	1
7358	30138	1
8920	30203	1
1382	30498	1
5596	30498	1
6711	30498	1
3129	30548	1
4044	30561	1
4127	30561	2
7621	30561	1
8213	30561	1
8865	30561	1
8920	30561	1
3113	30570	1
4127	30570	2
5143	30570	1
5693	30570	1
5825	30570	1
7882	30570	1
4127	30583	2
5318	30583	1
6785	30583	1
8865	30583	1
2103	30659	1
4127	30659	2
4746	30659	1
4798	30659	1
8865	30659	1
9669	30659	1
1533	30665	1
2103	30665	1
3774	30665	1
4127	30665	2
4798	30665	1
3501	30810	1
4102	30810	2
4127	30810	2
5114	30810	2
7621	30810	1
726	30834	1
4127	30834	2
7621	30834	1
4127	30840	2
7512	30840	1
7882	30840	1
826	30868	1
837	30868	1
2226	30868	1
2445	30868	1
4127	30868	2
8865	30868	1
2931	30882	1
3034	30882	1
3182	30882	1
4127	30882	2
5250	30882	1
9886	30882	1
3585	31011	1
7451	31011	1
4127	31050	2
5327	31050	1
4127	31057	2
4587	31057	1
5327	31057	1
9392	31057	1
726	31066	1
4127	31066	2
5327	31066	1
7882	31066	1
8562	31066	1
10045	31066	1
2682	31069	1
4127	31069	2
5327	31069	1
5828	31069	1
1296	31094	2
2426	31094	1
4127	31094	2
4832	31094	1
4875	31094	2
5248	31094	1
5327	31094	1
5985	31094	1
6195	31094	1
7157	31094	1
2078	31163	1
2305	31163	1
2492	31163	1
4127	31163	2
5327	31163	1
6769	31163	1
4127	31189	2
4875	31189	1
5327	31189	1
8636	31189	1
5318	31199	1
6769	31199	1
7966	31199	1
9967	31199	1
1143	31200	1
6187	31200	1
7321	31200	1
33	31227	2
2955	31227	1
5318	31227	1
6725	31227	1
6947	31227	1
7259	31227	1
8449	31227	1
9323	31227	1
4088	31232	1
6146	31232	1
6560	31232	1
6686	31232	1
6844	31232	1
1948	31268	1
3443	31268	1
3763	31268	1
3884	31268	1
9122	31268	1
40	31310	1
3292	31310	1
3752	31310	1
5318	31310	2
9193	31310	1
9967	31310	1
976	31339	1
2097	31339	1
5197	31339	1
7166	31339	1
8375	31339	1
9500	31339	1
558	31358	1
1854	31358	1
6209	31358	1
7128	31358	1
3511	31402	1
3592	31402	1
7896	31402	1
9330	31402	1
758	31460	1
1381	31460	1
3518	31460	1
3592	31460	1
4958	31460	1
7637	31460	2
7819	31460	1
8536	31460	1
8865	31460	1
9448	31460	1
9669	31460	1
6844	31485	1
7166	31485	1
9870	31485	1
9946	31485	1
417	31511	1
949	31511	1
2518	31511	1
2865	31511	1
5232	31511	1
8741	31511	1
814	31560	1
1166	31560	1
2787	31560	1
3294	31560	1
4958	31560	1
5771	31560	1
8451	31560	1
8978	31560	1
9330	31560	1
9526	31560	1
9538	31560	1
804	31647	1
1469	31647	1
1637	31647	1
2926	31647	1
2990	31647	1
3998	31647	1
4958	31647	1
8451	31647	1
9330	31647	1
9764	31647	1
2049	31702	1
5104	31702	2
5318	31702	1
7166	31702	1
7971	31702	1
9610	31702	1
9967	31702	1
2130	31758	1
2678	31758	1
2901	31758	1
4127	31758	1
134	32042	1
243	32069	1
579	32069	1
2728	32069	1
3182	32069	1
3735	32069	1
4070	32069	1
8367	32069	1
2049	32086	1
3763	32086	1
4869	32086	1
5029	32086	1
5318	32086	1
9945	32086	1
7451	32237	1
8386	32237	1
9945	32237	1
1702	32353	1
7166	32353	1
4938	32375	1
8743	32375	1
9225	32375	1
9924	32375	1
3199	32376	1
5864	32376	1
6166	32376	1
5318	32479	1
7108	32479	1
7451	32479	1
125	32593	1
2561	32593	1
3396	32593	1
4957	32593	1
5194	32593	2
5267	32593	1
7896	32593	1
8899	32593	1
9669	32593	1
1718	32677	1
5197	32677	1
5318	32677	1
8865	32677	1
7896	32831	1
8899	32831	1
3592	32887	1
5351	32887	1
6619	32887	1
7819	32887	1
2931	32918	1
3034	32918	1
3568	32918	1
5318	32918	1
5660	32918	1
6015	32918	1
7638	32918	1
8865	32918	1
9763	32918	1
2173	33064	1
2630	33064	1
2988	33064	1
5382	33064	1
5909	33064	1
9669	33064	1
976	33122	1
4088	33122	1
5796	33122	1
7800	33122	1
1518	33161	1
3448	33161	1
3753	33161	1
6233	33161	1
7197	33161	1
8426	33161	1
2750	33344	1
3873	33344	1
4163	33344	1
8922	33344	1
9330	33344	1
5234	33395	1
7769	33395	1
9943	33395	1
385	33572	1
1374	33572	1
1608	33572	1
2862	33572	1
3735	33572	1
9218	33572	1
9330	33572	1
9538	33572	1
9669	33572	1
1440	33589	1
3092	33589	1
5226	33589	1
5292	33589	1
5783	33589	1
6590	33589	1
6700	33589	1
9330	33589	1
9625	33589	1
9924	33589	1
864	33625	1
1739	33625	1
3100	33625	1
5768	33625	1
6543	33625	1
6870	33625	1
8276	33625	1
9330	33625	1
2294	33676	1
3501	33676	1
4154	33676	1
6862	33676	1
6870	33676	1
3763	33780	1
8803	33780	1
9526	33780	1
241	33796	1
4088	33796	1
9474	33796	1
3287	33864	1
4127	33864	1
5382	33864	2
2446	33985	1
3683	33985	1
5854	33985	1
6970	33985	1
9304	33985	1
1246	34098	1
2105	34098	1
3161	34098	1
4127	34098	1
6844	34098	1
7437	34098	1
8865	34098	2
9934	34098	1
2384	34138	2
3214	34206	1
4127	34206	1
3100	34209	1
4935	34209	1
5197	34209	1
3511	34355	1
4253	34355	1
6255	34355	1
133	34400	1
1981	34400	1
5318	34400	1
3501	34457	1
4222	34457	1
5267	34457	1
8865	34457	1
1632	34557	1
2979	34557	1
3223	34557	1
5267	34557	1
6937	34557	1
7647	34557	1
8734	34557	1
8865	34557	1
9909	34557	1
1325	34589	1
2532	34589	1
3034	34589	1
3873	34593	1
8218	34593	1
8865	34593	1
4253	34600	1
6287	34600	1
4253	34620	1
7852	34620	1
1274	34664	1
5270	34664	1
7166	34664	1
8386	34664	1
9009	34664	1
9526	34664	1
195	34762	1
1263	34762	1
3087	34762	1
3592	34762	1
5195	34762	1
5531	34762	1
7453	34762	1
9764	34762	1
4366	34788	1
6785	34788	1
6941	34788	1
7885	34788	1
8727	34788	1
143	34893	1
738	34893	1
3822	34893	1
4127	34893	1
10022	34893	1
857	34919	1
3822	34919	1
4846	34919	1
5208	34919	1
9962	34919	1
9060	34922	1
4253	34936	1
4127	34956	1
6794	34956	1
1227	34984	1
2324	34984	1
3350	34984	1
8865	34984	1
9330	34984	1
5267	35017	2
3069	35060	1
5318	35060	1
3763	35119	1
4088	35119	1
4458	35119	1
5226	35119	1
6870	35119	1
7819	35119	1
8865	35119	2
9008	35119	1
6236	35168	1
6446	35168	1
9330	35168	1
4272	35200	1
7108	35200	1
1958	35345	1
3997	35391	1
8386	35391	1
5235	35402	1
8887	35402	1
2786	35422	1
3672	35422	1
3809	35422	1
5713	35422	1
7819	35422	1
8769	35422	1
9433	35422	1
1937	35438	1
3385	35438	1
4127	35438	1
5296	35438	1
5313	35438	1
742	35444	1
3812	35444	1
6106	35444	1
8213	35444	1
6410	35448	1
8865	35448	1
111	35464	1
1213	35464	1
5194	35464	1
7128	35464	1
9330	35464	1
1097	35563	1
4403	35563	1
4641	35563	1
9669	35563	1
9954	35563	1
640	35628	1
5195	35628	1
5318	35628	1
6166	35628	1
6625	35628	1
9526	35628	1
5318	35644	2
7272	35644	2
8865	35644	1
8969	35644	1
9526	35644	1
758	35894	1
3405	35894	1
4088	35894	1
6868	35894	1
3425	36203	1
4253	36203	1
6870	36203	1
9836	36203	1
6257	36489	1
9636	36489	1
3041	36502	1
3213	36502	1
5318	36502	1
8213	36502	1
8276	36502	1
8380	36502	1
1164	36504	1
1849	36504	1
2867	36504	1
3511	36504	1
4896	36504	1
5063	36504	1
5513	36504	1
8449	36504	2
9526	36504	1
4070	36624	1
5303	36624	1
6643	36624	1
7124	36624	1
758	36778	1
1381	36778	1
2993	36778	1
4088	36778	1
5443	36778	1
7761	36778	1
8513	36778	1
2932	36842	1
3283	36842	1
4699	36842	1
8393	36842	1
9315	36842	1
1937	36866	1
2448	36866	1
4366	36866	1
9445	36866	1
9669	36866	1
195	36901	1
1739	36901	1
5318	36901	1
6733	36901	1
9526	36901	1
1230	36991	1
4127	36991	1
1097	37003	1
3592	37003	1
4641	37003	1
7266	37186	1
8484	37186	1
8752	37186	1
9914	37186	1
76	37197	1
258	37197	1
1818	37197	1
2515	37197	1
7827	37197	1
8767	37197	1
9589	37197	1
318	37415	1
2212	37415	1
4127	37415	1
6161	37415	1
6711	37415	1
8148	37415	1
9526	37415	1
733	37470	1
1632	37866	1
1780	37866	1
2395	37866	1
3294	37866	1
3643	37866	1
6682	37866	1
8684	37866	1
4169	37910	1
4253	37910	1
179	38003	1
528	38003	1
3698	38003	1
3759	38003	1
7365	38003	1
8987	38003	1
9153	38003	1
1357	38532	1
5301	38532	1
6257	38532	1
6694	38532	1
2587	39189	1
4820	39189	1
10047	39189	1
6552	39210	1
8217	39210	1
10047	39210	1
7166	39233	1
10047	39233	1
1331	39775	1
1357	39775	1
4056	39775	3
7676	39775	1
8630	39775	1
640	39895	1
2531	39895	1
4127	39895	1
5864	39895	1
6166	39895	1
3822	40950	1
4127	40950	1
4920	40950	1
4111	41309	1
6682	41309	1
9542	41309	1
9669	41309	1
4680	41312	1
9763	41312	1
5673	41316	1
9193	41316	1
1679	41458	1
3161	41458	1
4127	41458	1
5892	41458	1
6301	41458	1
3182	41471	1
7426	41471	2
8865	41471	1
4127	41527	1
6301	41527	1
8079	41527	1
9045	41527	1
9974	41527	1
627	41882	1
1221	41882	1
5318	41882	1
6675	41882	1
704	42054	2
3511	42054	1
4127	42054	1
6812	42054	1
8865	42054	1
9669	42054	1
5522	42213	1
7468	42213	2
1213	42309	1
2518	42309	1
3882	42309	1
4127	42309	1
5921	42309	1
6428	42309	1
2696	42338	1
9500	42338	1
6266	42411	1
7365	42411	1
158	42593	1
4271	42593	1
8865	42593	1
1440	42602	1
6700	42602	1
7819	42602	1
3161	42614	1
4127	42614	1
5937	42614	1
6301	42614	1
857	42986	1
3822	42986	1
4127	43022	1
7078	43022	1
9500	43022	1
5267	43427	2
6979	43427	1
6266	44164	1
7365	44164	2
758	44325	1
2188	44325	1
2324	44325	1
5097	44325	1
8599	44325	1
8887	44325	1
9526	44325	1
1602	44759	1
1702	44759	1
2190	44759	1
8074	44759	2
281	44767	1
2130	44767	1
3340	44767	2
4111	44767	1
8042	44767	1
8293	44767	1
8573	44767	1
9784	44767	1
6859	44906	1
7562	44906	1
3034	45010	1
6166	45010	1
8184	45010	1
9153	45010	1
9526	45010	2
9587	45010	1
7266	45071	1
7801	45071	1
1310	45074	1
1602	45074	1
2261	45074	1
4215	45074	1
9962	45074	1
3034	45352	1
8969	45352	1
9669	45352	1
733	45506	1
1370	45506	1
7986	45506	1
8395	45506	1
2330	45628	1
2864	45628	1
4862	45628	1
5226	45628	1
5318	45628	1
7272	45628	1
8987	45628	1
1017	45858	1
1071	45858	1
5233	45858	1
5365	45858	1
3576	46029	1
878	46287	1
2245	46287	1
3291	46287	1
6847	46287	1
7053	46287	1
7956	46287	1
8865	46287	1
9314	46287	1
7671	46520	1
243	46527	1
2157	46527	1
3735	46527	1
6973	46527	1
8022	46527	1
8368	46527	1
8395	46527	1
8865	46527	1
9054	46527	1
1369	46891	1
4113	46891	1
4880	46891	1
5854	46891	1
8053	46891	1
8506	46891	1
8111	46905	1
8865	46905	1
1469	47007	1
9275	47007	1
1565	47139	1
5892	47139	1
3294	47308	1
9176	47308	1
8806	47438	1
3294	47447	1
3511	47447	1
7102	47447	1
4127	47522	1
4401	47522	1
4653	47522	1
5005	47522	1
7776	47522	1
8969	47522	1
9498	47522	1
9500	47522	1
3580	47753	1
3087	48629	1
3634	48629	1
4056	48629	1
3087	48698	1
3518	48698	1
3161	48865	1
3604	48865	1
4127	48865	1
6301	48865	1
6667	48865	1
1828	49135	1
1937	49135	1
2864	49135	1
4056	49135	1
4113	49135	1
5243	49135	1
8865	49135	1
324	49336	1
1440	49336	1
5267	49336	1
5396	49336	1
1571	49740	1
1608	49740	1
2445	49740	1
2894	49740	1
3148	49740	1
4895	49740	1
5854	49740	1
258	50539	1
295	50539	1
432	50539	1
3081	50539	1
3458	50539	1
4127	50539	1
6304	50539	1
6319	50539	1
7776	50539	1
8351	50539	1
8598	50539	1
8865	50539	1
9361	50539	1
9507	50539	1
9509	50539	1
2695	50656	1
3008	50656	1
3735	50656	1
6264	50656	1
3032	50674	1
6304	50674	1
6319	50674	1
8360	50674	1
9507	50674	1
9509	50674	1
624	51039	1
3211	51039	1
5318	51039	1
1514	51376	1
4616	51376	1
6266	51376	1
8865	51376	1
9498	51376	1
9507	51376	1
7078	51576	1
9507	51576	1
1225	51792	1
2526	51792	1
9225	51792	1
534	52022	1
1381	52022	1
1584	52022	1
4127	52022	1
6304	52022	1
6319	52022	1
7597	52022	1
7854	52022	1
8345	52022	1
8865	52022	1
9507	52022	1
791	52030	1
1702	52030	1
6025	52030	1
8380	52030	1
2750	52488	1
3340	52488	1
3812	52488	1
4127	52488	1
6304	52488	1
6319	52488	1
7597	52488	1
8345	52488	1
8969	52488	1
9507	52488	1
9509	52488	1
341	53271	1
4223	53271	1
1267	53632	1
2183	53632	1
4127	53632	1
5436	53632	1
8681	53632	1
3984	53636	1
9985	53636	1
3110	53649	1
4430	53649	1
5972	53649	1
9225	53649	1
74	53662	1
3009	53662	1
9669	53662	1
3006	53837	1
3970	53837	1
8218	53837	1
145	53858	1
6411	53858	1
758	53923	1
1382	53923	1
3091	53923	1
3568	53923	1
3602	53923	1
7835	53923	1
9128	53923	1
5296	53930	1
6870	53930	1
652	54121	1
1204	54121	1
2973	54121	1
3572	54121	1
9394	54121	1
1467	54324	2
2130	54324	2
4846	54324	1
5604	54324	1
3291	54716	1
4488	54716	1
5827	54716	1
2894	54737	1
2932	54737	1
3091	54737	1
4272	54737	1
6941	54737	1
8393	54737	1
4840	54830	1
5208	54830	1
8893	54830	1
9326	54830	1
2652	54847	1
2955	54847	1
2993	54847	1
3168	54847	1
3431	54847	1
4694	54847	1
4969	54847	1
6543	54847	1
8439	54847	2
9816	54847	1
1194	55014	1
3487	55014	1
3821	55014	1
7819	55014	1
8796	55014	1
8865	55014	1
3034	55049	1
4223	55049	1
2083	55057	1
2613	55057	1
2798	55057	1
2953	55057	1
7031	55057	1
7812	55057	1
8072	55057	1
8536	55057	3
9716	55057	1
1067	55076	1
3248	55076	1
3487	55076	1
6166	55076	1
7557	55076	1
719	55096	1
2056	55096	1
4102	55096	1
4550	55096	1
5298	55096	1
8380	55096	1
8752	55096	1
3161	55099	2
4127	55099	1
6301	55099	2
2709	55126	1
2881	55126	1
7138	55126	1
8230	55126	1
2324	55198	1
2632	55198	1
3191	55198	1
3881	55198	1
9245	55198	1
6	55478	1
4793	55568	1
1434	55599	1
5068	55599	1
5548	55599	1
8098	55599	1
9561	55599	1
9589	55599	1
1180	56027	1
2997	56027	1
365	56076	1
3735	56076	1
4111	56076	1
6012	56076	1
9538	56076	1
9546	56076	1
9763	56076	1
6444	56308	1
9692	56308	1
1256	56323	1
1527	56323	1
4598	56905	1
1464	56949	1
3747	56949	1
4520	56949	1
4521	56949	1
8053	56949	1
27	56976	1
2478	56976	1
2579	56976	1
4127	56976	1
9825	57091	1
2117	57246	1
8098	57246	1
8865	57246	1
7071	57336	1
2161	58242	1
63	58263	1
2161	58263	1
2445	58263	1
3568	58263	1
5632	58263	1
6301	58263	1
6321	58263	1
8865	58263	1
199	58290	1
689	58290	1
4030	58290	1
8506	58290	1
3077	58398	1
6239	58398	1
233	58483	1
2878	58483	1
6998	58483	1
8865	58483	1
8995	58483	1
9589	58483	1
2092	58508	1
5318	58508	1
9932	58508	1
3901	59013	1
7882	59013	1
998	59142	1
4113	59142	1
4127	59142	1
6301	59142	1
7166	59142	1
3077	59285	1
3210	59285	1
3723	59285	1
9394	59285	1
9589	59285	1
4127	59303	1
4656	59303	1
6012	59303	1
6301	59303	1
9679	59303	1
1981	59437	1
2494	59437	1
8796	59437	1
9526	59437	1
976	59438	1
5232	59438	1
3055	59439	1
4127	59439	1
6787	59439	1
6966	59439	1
219	59480	1
2630	59480	1
7690	59480	1
8091	59480	1
9890	59480	1
219	59628	1
3392	59628	1
3747	59628	1
3822	59628	1
8087	59628	1
8449	59628	1
219	59672	1
5318	59672	1
9669	59672	1
9766	59672	1
