646	31916	1
988	31916	1
1760	31916	1
2037	31916	1
2750	31916	1
3735	31916	1
9669	31916	2
646	31941	1
1089	31941	1
1267	31941	1
2037	31941	1
3001	31941	1
3004	31941	1
5141	31941	1
6733	31941	1
7906	31941	1
9493	31941	1
646	32043	1
2037	32043	1
3006	32043	1
5141	32043	1
6302	32043	1
646	32189	1
2037	32189	1
2561	32189	1
3730	32189	1
5078	32189	1
5160	32189	1
6733	32189	1
7874	32189	1
7896	32189	1
8072	32189	1
9602	32189	1
56	32251	1
5267	32251	1
6979	32251	1
9128	32251	1
2561	32338	1
4111	32338	1
4651	32338	1
9831	32338	1
1128	34852	1
2293	34852	1
3751	34852	1
4127	34852	1
6725	34852	1
7503	34852	1
7842	34852	1
9829	34852	1
9958	34852	1
1430	36916	1
6024	36916	1
9526	36916	1
3340	41920	1
4127	41920	1
8570	41920	1
8887	41920	1
9669	41920	1
9993	41920	1
5892	42218	1
6700	42218	1
932	55321	1
3082	55321	1
4127	55321	1
5504	55321	1
5616	55321	1
6773	55321	1
7092	55321	1
7204	55321	1
9165	55321	1
9616	55321	1
3392	57866	1
6329	57866	1
6452	57866	1
