4127	347	1
4456	347	1
6301	347	1
8389	347	1
9641	347	1
436	432	1
2522	432	1
2955	432	1
3087	432	1
5318	432	1
7271	432	1
3191	451	1
6472	451	1
6844	451	1
8449	757	1
243	811	1
4127	811	1
4456	811	1
5476	811	1
6301	811	1
6725	811	1
8389	811	1
9625	811	1
2324	1149	1
4088	1149	1
5460	1149	1
7338	1149	1
4127	1185	1
5396	1185	1
7761	1185	1
8449	1185	1
979	1313	1
6459	1313	1
7986	1313	1
33	1331	1
1213	1331	1
1779	1331	1
2894	1331	1
5093	1463	1
6149	1463	1
6459	1463	1
7986	1463	1
4235	1512	1
5983	1512	1
9175	1512	1
9275	1512	1
858	1523	1
1325	1749	1
2036	1749	1
4021	1749	1
4127	1749	1
5380	1749	1
7128	1749	1
7799	1749	1
9719	1749	1
558	1761	1
3735	1761	1
5505	1761	1
6859	1761	1
7633	1761	1
4456	1815	1
8389	1815	1
2719	1817	1
5655	1817	1
3501	1859	1
6121	1859	1
7776	1859	1
9890	1859	1
986	1954	1
1284	1954	1
2514	1954	1
3568	1954	1
5768	1954	1
8865	1954	1
9538	1954	1
986	1965	1
1284	1965	1
3568	1965	1
5077	1965	1
5794	1965	1
243	1984	1
7349	1984	1
8997	1984	1
9252	1984	1
758	2014	1
1125	2014	1
4890	2014	1
7520	2014	1
9561	2014	1
342	2045	1
2395	2525	1
5924	2525	1
7128	2525	1
9801	2525	1
895	2775	1
2931	2775	1
3956	2775	1
4127	2775	1
4259	2775	1
4835	2775	1
7977	2775	1
2477	3038	1
8997	3038	1
9175	3052	1
9203	3052	1
1438	3165	1
4017	3165	1
5545	3165	1
8449	3165	1
8998	3165	1
9208	3165	1
1222	3200	1
3511	3200	1
4793	3200	1
5673	3200	1
8806	3200	1
1902	3257	1
4127	3257	1
9006	3257	1
9474	3257	1
1152	3348	1
5267	3348	1
5545	3348	1
6373	3348	1
153	3423	1
5267	3423	1
5545	3423	1
673	3428	1
3747	3428	1
5068	3428	1
6588	3428	2
9938	3428	1
9964	3428	1
3816	3449	1
8995	3449	1
6053	3488	1
9538	3488	1
1194	3491	1
3294	3491	1
9156	3509	1
1833	3558	1
2917	3558	1
3392	3558	1
5854	3558	1
6457	3558	1
9692	3558	1
8152	3591	1
9526	3591	1
3688	3805	1
3873	3805	1
7047	3805	1
153	3845	1
3735	3845	1
4897	3845	1
23	3858	1
7475	3858	1
591	3875	1
857	3875	1
2745	3875	1
2914	3875	1
4111	3875	1
7031	3875	1
9010	3875	1
4127	3890	1
4456	3890	1
6301	3890	1
6304	3890	1
8389	3890	1
9157	3890	1
10028	3890	1
4897	3949	1
8091	3949	1
8351	3949	1
4907	3955	1
7855	3955	1
8743	3955	1
8865	3955	1
9775	3955	1
1017	3994	1
6618	3994	1
1181	4132	1
1234	4132	1
1469	4132	1
2617	4132	1
4127	4132	1
9704	4132	1
9722	4132	1
2157	4152	1
5029	4152	1
5208	4152	1
5233	4152	1
5940	4152	1
8865	4152	1
8995	4152	1
9546	4152	1
3095	4163	1
8098	4163	1
8503	4163	1
8684	4163	1
9538	4163	1
8229	4280	1
8944	4280	1
1810	4368	1
3041	4368	1
8752	4368	1
1833	4380	1
3095	4380	1
3735	4380	1
6146	4380	1
9208	4380	1
2036	4432	1
2257	4432	1
6920	4432	1
8054	4432	1
8918	4432	1
9617	4432	1
1108	4521	1
1880	4521	1
2503	4521	1
3633	4521	1
3914	4521	1
5618	4521	1
9813	4521	1
341	4645	1
857	4645	1
6870	4645	1
3917	4994	1
4907	4994	1
6565	4994	1
558	5440	1
1382	5440	1
2564	5440	1
4259	5440	1
936	5527	1
1878	5527	1
5096	5527	1
5924	5527	1
7735	5527	1
8150	5527	1
9589	5527	1
3917	5588	1
7743	5588	2
8995	5588	1
9561	5588	1
3917	5656	1
7743	5656	2
8995	5656	1
9561	5656	1
1469	5675	1
2089	5675	1
2157	5675	1
3784	5675	1
4897	5675	1
5226	5675	1
8497	5675	1
8865	5675	1
9546	5675	1
399	5738	1
7984	5738	1
8010	5738	1
4846	5805	1
1325	5970	1
2478	5970	1
3055	5970	1
3155	5970	1
4127	5970	1
5012	5970	1
5912	5970	1
6783	5970	1
6815	5970	1
8919	5970	1
3873	6079	1
6166	6079	1
8562	6079	1
328	6386	1
1440	6386	1
5854	6386	1
3576	6453	1
1098	6693	1
1206	6693	1
6700	6693	1
4642	7091	1
4897	7091	1
1152	7299	1
1512	7299	1
5267	7299	1
1603	7418	1
3501	7418	1
9813	7418	1
4220	7600	1
8628	7600	1
9610	7600	1
4709	7636	1
7581	7636	1
8054	7636	1
8978	7636	1
4707	7656	1
6725	7656	1
7581	7656	1
8008	7656	1
8054	7656	1
341	7660	1
2157	7660	1
8684	7660	1
707	7677	1
793	7677	1
4709	7677	1
9526	7677	1
2216	7737	1
3568	7737	1
4502	7737	1
5181	7737	1
7490	7737	1
8010	7737	1
8552	7737	1
9610	7737	1
526	8011	1
3735	8011	1
4127	8011	1
4213	8092	1
4855	8092	1
8005	8092	1
8144	8092	1
2965	8132	1
4897	8132	1
5545	8132	1
6859	8132	1
8121	8132	1
9306	8132	1
9526	8132	1
1346	8169	1
3568	8169	1
6119	8169	1
1012	8202	1
4094	8202	1
4855	8202	1
5226	8202	1
6625	8202	1
7475	8202	1
8005	8202	1
8449	8202	1
9156	8202	1
9526	8202	2
7266	8239	1
3034	8307	1
3392	8307	1
4855	8307	1
8005	8307	1
9126	8307	1
9800	8307	1
4855	8506	1
5267	8506	1
5677	8506	1
8005	8506	1
1346	8509	1
3006	8509	1
3385	8509	1
3752	8509	1
5583	8509	1
7425	8509	1
8599	8509	1
8859	8509	1
4855	8593	1
5267	8593	1
8005	8593	1
2130	8716	1
6181	8716	1
6700	8716	1
8865	8716	1
8997	8716	1
9265	8716	1
9766	8716	1
134	8758	1
6399	8758	1
8859	8758	1
2943	9208	1
5883	9208	1
6711	9208	1
6828	9208	1
7128	9208	1
2477	9448	1
8865	9448	1
8978	9448	1
3702	9705	4
4080	9705	1
4644	9705	1
9201	9705	1
56	9731	1
2595	9731	1
6618	9731	1
6922	9731	1
7469	9731	1
8144	9731	1
9924	9731	1
2445	9746	1
3434	9746	1
3568	9746	1
4783	9746	1
4906	9746	1
8995	9746	1
3349	9911	1
5748	9911	1
5924	9911	2
248	10226	1
1632	10226	1
3822	10226	1
177	10232	1
5233	10232	1
7488	10232	1
8218	10232	1
177	10331	1
4088	10331	1
4686	10331	1
7425	10331	1
3822	10336	1
5018	10336	1
9265	10336	1
9394	10336	1
1198	10863	1
1573	10863	1
4088	10863	1
1630	10926	1
4111	10926	1
5892	10926	1
905	11250	1
1396	11506	1
2997	11506	1
4846	11506	1
6535	11506	1
528	12324	1
2616	12324	2
4127	12324	1
4456	12324	1
8799	12324	1
2993	12331	1
8865	12331	1
436	12422	1
2955	12422	1
3881	12422	1
9757	12422	1
1689	12460	1
8865	12460	1
9126	12688	1
1440	12820	1
1630	12820	1
2214	12820	1
3215	12820	1
5606	12820	1
7776	12869	2
2205	12990	1
4604	12990	1
7443	12990	2
8150	12990	1
8743	12990	1
8865	12990	1
9038	12990	1
1017	13026	1
1529	13026	1
4604	13026	1
6563	13026	1
6700	13026	1
8743	13026	1
9526	13026	1
9669	13026	1
9800	13026	1
3705	13105	1
4127	13105	1
4395	13105	1
5844	13105	2
6785	13105	1
8865	13234	1
8944	13234	1
2931	13385	1
3034	13385	1
5267	13385	1
1095	13390	1
1602	13390	1
3034	13390	1
4504	13390	1
5076	13390	1
5396	13390	1
8625	13390	1
1689	13410	1
8865	13410	1
9526	13410	1
528	13634	1
3873	13634	1
6166	14105	1
6700	14105	1
7410	14105	1
9201	14105	1
9625	14105	1
3476	14294	1
3900	14294	1
4070	14294	1
4162	14294	1
5124	14294	1
5352	14294	1
6671	14294	1
8230	14294	1
8684	14294	1
2864	14312	1
5673	14312	1
6209	14312	1
8008	14312	1
8364	14312	1
8684	14312	1
324	14358	1
1952	14358	1
1953	14358	1
2277	14358	1
3294	14358	1
5153	14358	1
6642	14358	1
6700	14358	1
707	14418	1
2931	14418	1
4017	14418	1
4852	14418	1
7279	14418	1
8542	14418	1
8978	14418	1
9201	14418	1
9230	14418	1
9394	14418	1
3822	14445	1
4886	14445	1
341	14866	1
1267	14866	1
7844	14866	1
2209	15121	1
4326	15121	1
8042	15121	1
9394	15121	1
9526	15121	1
2315	15146	1
7621	15146	1
8684	15146	1
1095	15172	1
1288	15172	1
2001	15172	1
9266	15172	1
1952	15222	1
2048	15222	1
2196	15222	1
3501	15222	1
5149	15222	1
8134	15222	1
8865	15222	1
3034	15284	1
6191	15284	2
513	15422	1
726	15422	1
979	15422	1
2955	15422	1
4262	15422	1
5199	15422	1
6562	15422	1
1990	15597	1
2999	15597	1
4127	15597	1
5241	15597	1
7621	15597	1
8143	15597	1
8217	15597	1
8624	15597	1
3075	15607	1
5303	15607	1
6609	15607	1
3034	15636	1
541	15645	1
579	15645	1
5267	15645	1
6009	15645	1
746	15696	1
7349	15696	1
1531	15711	1
2212	15711	1
8213	15711	1
9090	15711	1
9561	15711	1
2532	15720	1
7204	15720	1
7776	15720	1
40	15760	1
8920	15760	1
40	15770	1
258	15770	1
333	15770	1
826	15770	1
7638	15770	1
3821	15845	1
4215	15845	1
2107	15849	1
5606	15849	1
9784	15849	1
9825	15849	1
3001	15908	1
3196	15908	1
6992	15908	1
2107	15989	1
2902	15989	1
3034	15989	1
4223	15989	1
4259	15989	1
6009	15989	1
8529	15989	1
9193	15989	1
578	16127	1
826	16127	1
2023	16127	1
3289	16127	1
4056	16127	1
4703	16127	1
6442	16127	1
6489	16127	1
6579	16127	1
4162	16133	1
4895	16133	1
8449	16133	1
470	16169	1
1602	16169	1
2652	16169	1
4694	16169	1
5077	16169	1
5766	16169	1
7041	16169	1
7986	16169	1
9395	16169	1
9925	16169	1
363	16206	1
1020	16206	1
5443	16206	1
6844	16206	1
4088	16216	1
5200	16216	1
2048	16347	1
3602	16347	1
5303	16347	1
6700	16347	2
8684	16347	1
8865	16347	1
9587	16347	1
8218	16369	1
1535	16424	1
5029	16424	1
5240	16424	1
8536	16424	1
2097	16438	1
4223	16438	1
161	16453	1
1507	16453	1
4271	16453	1
4846	16453	1
7611	16453	1
9791	16453	1
707	16463	1
1780	16463	1
4111	16463	1
5746	16463	1
7041	16463	1
8122	16463	1
8684	16463	1
8865	16463	1
1025	16574	1
3034	16574	1
3602	16574	1
5318	16693	1
8213	16693	1
3917	16755	1
5768	16755	1
6844	16755	1
5892	16771	1
7846	16904	1
8865	16904	1
7986	16963	1
8368	16963	1
1987	17004	1
4259	17004	1
5365	17004	1
7613	17004	1
8384	17004	1
9561	17004	1
5267	17081	1
2768	17127	1
3047	17127	1
8130	17127	1
9676	17127	1
5396	17160	1
6022	17160	1
2561	17192	1
5318	17192	1
6009	17192	1
8130	17192	1
9232	17192	1
3871	17199	1
4458	17199	1
7135	17199	1
7798	17199	1
9669	17199	1
857	17225	1
2750	17225	1
3873	17225	1
6022	17225	1
7634	17225	1
8380	17225	1
9526	17225	2
9669	17225	1
7272	17257	1
8192	17257	1
9610	17257	1
9813	17257	1
1331	17319	1
2158	17319	1
3568	17342	1
5737	17342	1
6166	17342	1
8395	17342	1
1268	17357	1
1320	17357	1
5068	17357	1
5118	17357	1
7660	17357	1
8995	17357	1
114	17378	1
3359	17378	1
4127	17378	1
5899	17378	1
8148	17378	1
8978	17378	1
9394	17378	1
114	17435	1
3359	17435	1
4127	17435	1
5899	17435	1
8148	17435	1
8978	17435	1
9394	17435	1
5318	17464	1
979	17496	1
3643	17496	1
4987	17496	1
6031	17496	1
8417	17496	1
8743	17496	1
9046	17496	1
494	17511	1
558	17511	1
1389	17511	1
4127	17511	1
8099	17511	1
10003	17511	1
758	17532	2
3735	17532	2
4399	17532	1
8791	17532	1
71	17558	1
3970	17558	1
3982	17558	1
4298	17558	1
7759	17558	1
2750	17572	1
5318	17572	1
5396	17572	1
6021	17572	1
6022	17572	1
1143	17604	1
6970	17604	1
8593	17604	1
8969	17604	1
591	17629	1
1325	17629	1
1656	17629	1
2234	17629	1
3501	17629	1
9613	17629	1
930	17630	1
2029	17630	1
3420	17630	1
3915	17630	1
4127	17630	1
6950	17630	1
8396	17630	1
5199	17638	1
7777	17638	1
591	17666	1
1118	17666	1
1325	17666	1
3501	17666	1
3873	17666	1
4896	17666	1
5301	17666	1
5856	17666	1
6787	17666	1
9130	17666	1
1325	17685	1
3273	17685	1
6301	17685	1
8533	17685	1
1325	17697	1
2896	17697	1
4017	17697	1
8213	17697	1
9561	17697	1
1499	17702	1
7486	17702	1
8384	17702	1
8992	17702	1
1469	17724	1
4113	17724	1
6022	17724	1
6022	17738	1
6146	17738	1
3034	17778	1
6022	17778	1
7988	17778	1
8213	17778	1
9589	17778	1
9669	17778	1
1132	17796	1
3337	17796	1
3501	17796	1
7737	17796	1
1066	17860	1
1482	17860	1
1504	17860	1
1602	17860	1
3410	17860	1
3913	17860	1
5396	17860	1
6003	17860	1
8142	17860	1
8865	17860	1
3485	17866	1
6022	17866	1
2513	17869	1
3703	17869	1
5160	17869	1
5226	17869	1
7304	17869	1
8449	17869	1
9201	17869	1
628	17924	2
4008	17924	1
4087	17924	1
4559	17924	1
4846	17924	1
7587	17924	1
8242	17924	1
8643	17924	1
71	17968	1
1199	17968	1
3182	17968	1
4298	17968	1
5298	17968	1
7638	17968	1
8054	17968	1
3349	17978	1
5241	17978	1
8879	17978	1
4078	18006	1
7543	18006	1
9669	18006	1
3790	18070	1
4127	18070	2
5018	18070	1
7347	18070	1
7842	18070	1
981	18086	1
2097	18086	1
3335	18086	1
3501	18086	1
3570	18086	1
5884	18086	1
8277	18086	1
158	18088	1
2617	18088	1
3821	18088	1
4111	18088	1
4391	18088	1
8509	18088	1
9757	18088	1
2061	18244	1
4127	18244	1
4456	18244	1
4642	18244	2
6290	18244	2
6301	18244	1
8389	18244	1
8390	18244	1
9180	18244	1
3034	18295	1
5921	18295	1
9538	18295	1
9803	18295	1
4644	18616	1
5318	18616	1
9047	18616	1
158	18785	1
1437	18785	1
3784	18785	1
3914	18785	1
4094	18785	1
7239	18785	1
8218	18785	1
9193	18785	1
71	18892	1
4298	18892	1
7638	18892	1
1109	19107	1
1511	19107	1
4099	19107	1
4127	19107	1
4398	19107	1
4456	19107	1
4642	19107	1
6301	19107	1
8280	19107	1
8389	19107	1
8390	19107	1
1953	19198	1
4099	19198	1
1256	19253	1
1941	19253	1
2382	19253	1
2896	19253	1
4123	19253	1
4205	19253	1
5104	19253	1
7050	19253	1
9010	19253	1
9526	19253	2
63	19283	1
1437	19283	1
6625	19283	1
7266	19283	1
8865	19283	1
850	19296	1
1702	19296	1
2001	19296	1
3917	19296	2
4127	19296	1
4964	19296	1
6472	19296	1
7931	19296	1
8108	19296	1
9500	19296	1
1145	19353	1
1288	19353	1
3906	19353	1
5159	19398	1
547	19493	1
2059	19493	1
2665	19493	1
2789	19493	1
3735	19493	1
5226	19493	1
9589	19493	1
8969	19506	1
9722	19506	1
547	19525	1
2665	19525	1
5744	19525	1
7820	19525	1
9778	19525	1
1109	19548	1
1511	19548	1
4099	19548	1
4100	19548	1
4127	19548	1
4398	19548	1
4456	19548	1
4642	19548	2
6301	19548	1
8389	19548	1
8390	19548	1
2755	19642	1
4127	19642	1
5746	19642	1
9526	19642	1
9546	19642	1
1602	19654	1
3501	19654	1
4846	19654	1
5201	19654	1
6700	19654	1
8368	19654	1
8865	19654	2
9153	19654	1
547	19784	1
2665	19784	1
5744	19784	1
547	19801	1
2665	19801	1
9225	19801	1
2719	19827	1
4129	19827	1
5744	19827	1
2895	19842	1
5086	19842	1
5744	19842	1
8594	19842	1
8865	19842	1
9526	19842	1
9625	19842	1
5744	19896	1
547	20152	1
2561	20152	1
2665	20152	1
3932	20152	1
7699	20152	1
8040	20152	1
8148	20152	1
8217	20152	1
8865	20152	1
9493	20152	1
9962	20152	1
1855	20201	1
189	20261	1
1109	20261	1
1511	20261	1
4099	20261	1
4127	20261	1
4398	20261	1
4456	20261	1
4642	20261	1
6301	20261	1
7869	20261	1
8389	20261	1
8390	20261	1
10028	20261	1
7304	20322	1
7538	20322	1
9998	20322	1
1602	20470	1
1702	20470	1
5077	20470	1
6618	20470	1
1602	20479	1
4111	20479	1
8054	20479	1
189	20489	1
1109	20489	1
1511	20489	1
1833	20489	1
4099	20489	1
4127	20489	1
4398	20489	1
4456	20489	1
4642	20489	1
6301	20489	1
6986	20489	1
8389	20489	1
8390	20489	1
3381	20546	1
3752	20546	1
4973	20546	1
5561	20546	1
1602	20591	1
5282	20591	1
8395	20591	1
8865	20591	1
669	20703	1
1109	20703	1
1511	20703	1
4099	20703	1
4127	20703	1
4398	20703	1
4456	20703	1
4642	20703	2
6301	20703	1
8389	20703	1
8390	20703	1
23	20743	1
726	20743	1
6895	20814	1
7776	20814	1
8969	20814	1
1602	20838	1
2229	20838	1
3191	20838	1
793	21003	1
2540	21003	1
5226	21003	1
5298	21003	1
5768	21003	1
8865	21003	1
613	21177	1
3198	21177	1
3735	21177	1
5921	21177	1
6859	21177	1
7320	21177	1
7573	21177	1
7813	21177	1
8324	21177	1
8993	21177	1
9445	21177	1
9669	21177	1
991	21203	1
1086	21203	1
3392	21203	1
9980	21203	1
991	21277	1
1388	21277	1
2446	21277	1
3551	21277	1
4127	21277	1
4504	21277	1
5208	21277	1
7728	21277	1
8865	21277	1
9608	21277	1
1126	21383	1
4895	21383	1
4076	21492	1
6937	21492	1
7728	21492	1
5864	21695	1
6725	21695	1
7959	21712	2
2955	21802	1
5318	21802	1
9803	21802	1
1381	21832	1
5252	21832	1
7265	21832	1
8449	21832	1
1741	21919	1
3261	21919	1
6861	21919	1
7584	21919	1
8186	21919	1
9175	21919	1
1118	21920	1
2768	21920	1
3226	21920	1
3516	21920	1
6290	21920	1
7660	21920	1
2440	21960	1
5721	21960	1
5967	21960	1
8752	21960	1
9834	21960	1
9010	22054	1
2768	22093	1
2931	22093	1
3516	22093	1
3767	22093	1
4113	22093	1
6290	22093	1
7463	22093	1
7624	22093	1
7660	22093	1
2330	22118	1
6785	22118	1
7986	22118	1
1554	22222	1
2195	22222	1
2617	22222	2
3034	22222	1
161	22284	1
5267	22284	1
8734	22284	1
8817	22284	1
1832	22484	1
2164	22484	1
3351	22484	1
4223	22484	1
5233	22484	1
8129	22484	1
8213	22484	1
8806	22484	1
8865	22484	1
66	22826	1
1854	22826	1
2955	22826	1
4127	22826	1
4798	22826	1
7037	22826	1
7977	22826	1
9073	22826	1
4155	22851	1
4642	22851	1
3196	22887	1
5460	22887	1
7776	22887	1
8865	22887	1
558	22983	1
825	22983	1
895	22983	1
1325	22983	1
3305	22983	1
3568	22983	1
4259	22983	1
4733	22983	1
6682	22983	1
8213	22983	1
2366	23016	1
8684	23016	2
1602	23070	1
1905	23070	1
2018	23070	1
4611	23070	2
7041	23070	2
8969	23070	1
9526	23070	1
1602	23086	1
1905	23086	1
3396	23086	1
4611	23086	2
7041	23086	2
8969	23086	1
9526	23086	1
5318	23088	1
3191	23091	1
4633	23091	1
5318	23091	1
1320	23115	1
1802	23115	1
3075	23115	1
4127	23115	1
3191	23149	1
6904	23149	1
2328	23254	1
2579	23254	1
5246	23254	1
8743	23254	1
3873	23275	1
8865	23275	1
3278	23310	1
8944	23310	1
1689	23317	1
158	23380	1
3501	23380	1
5226	23380	1
5673	23380	1
7262	23380	1
9890	23380	2
92	23388	1
4653	23388	1
5093	23388	1
8218	23388	1
8865	23388	1
8995	23388	1
1478	23390	1
1876	23390	1
4707	23390	1
1045	23394	1
2477	23394	1
9561	23394	1
100	23521	1
1818	23521	1
2220	23521	1
4229	23521	1
5226	23521	1
7804	23521	1
8624	23521	1
8865	23521	1
3932	23626	1
4127	23626	1
548	23653	1
3392	23653	1
3501	23653	1
9766	23653	1
857	23774	1
3822	23774	1
4247	23774	1
7925	23774	1
857	23800	1
3501	23800	1
3822	23800	1
5318	23800	1
7925	23800	1
9985	23800	1
539	23813	1
1894	23813	1
6098	23813	1
144	23822	1
3602	23822	1
5318	23822	1
8755	23822	1
5396	24123	1
5892	24123	1
8865	24123	1
9669	24123	1
9757	24123	1
1452	24178	1
3075	24178	1
3568	24178	1
5246	24178	1
6700	24178	1
6768	24178	1
8400	24178	1
9926	24178	1
558	24468	1
5794	24468	1
3501	24486	1
3984	24486	1
5318	24486	1
4127	24536	1
4456	24536	1
6301	24536	1
8389	24536	1
700	24575	1
4065	24575	1
1009	24626	1
1238	24626	1
9591	24626	1
791	24685	1
1783	24685	1
5351	24685	1
8195	24685	1
8743	24685	1
158	24824	1
6625	24824	1
2001	24949	1
2445	24949	1
8508	24949	1
9701	24949	1
2071	25053	1
3266	25053	1
4603	25053	1
6785	25053	1
6941	25053	1
1168	25060	1
5291	25060	1
9255	25060	1
1689	25091	1
826	25149	1
2049	25149	1
2931	25149	1
5181	25149	1
8130	25149	1
8900	25149	1
9010	25149	1
9537	25149	1
2117	25195	1
3873	25195	1
108	25247	1
3511	25247	1
7776	25247	1
2178	25406	1
3291	25406	1
8040	25406	1
958	25584	1
1147	25584	1
1221	25584	1
2917	25584	1
3552	25584	1
2508	25626	1
3938	25626	1
3984	25626	1
9610	25626	1
5318	25689	1
518	25723	1
3211	25723	1
7842	25723	1
8013	25723	1
1108	25779	1
7046	25779	1
633	25924	1
2478	25924	1
2579	25924	1
2993	25924	1
3191	25924	1
5029	25924	1
6844	25924	1
8376	25924	1
8388	25924	1
179	26494	1
1328	26494	1
5226	26494	1
6870	26494	1
7175	26494	1
8594	26494	1
4152	26498	1
3485	26559	1
3752	26559	1
6844	26559	1
469	26665	1
3774	26665	1
8233	26665	1
8463	26665	1
857	26702	1
2719	26702	1
3501	26702	1
3822	26702	1
1331	26766	1
3774	26766	1
3068	26814	1
3407	26814	1
8449	26814	1
1602	27040	1
2117	27040	1
3873	27040	1
8865	27040	1
2188	27071	1
9611	27071	1
865	27124	1
3032	27124	1
3806	27124	1
1642	27188	1
2212	27188	1
3654	27188	1
7041	27188	1
7857	27188	1
8268	27188	1
9784	27188	1
5854	27307	1
7610	27307	1
9627	27307	1
2484	27315	1
8095	27315	1
991	27365	1
2630	27365	1
3191	27365	1
4152	27365	1
1168	27382	1
8098	27382	1
1689	27469	1
3324	27469	1
3873	27469	1
4088	27490	1
7349	27490	1
8944	27655	1
9669	27655	1
2046	27780	1
5318	27780	1
3821	27819	1
4088	27819	1
8449	27819	1
3438	27924	1
9826	27924	1
1308	27953	1
1632	27953	1
548	27975	1
1308	27975	1
1632	27975	1
3893	27975	1
4127	27975	1
540	27993	1
2267	27993	1
4247	27993	1
4642	27993	1
4707	27993	1
4709	27993	1
526	28067	1
3407	28067	1
6146	28067	1
8449	28067	1
4127	28077	1
6301	28077	1
6498	28077	1
6868	28077	1
9974	28077	1
958	28261	1
1213	28261	1
3752	28261	1
5768	28261	1
236	28474	1
5247	28474	1
7671	28474	1
579	28568	1
722	28615	1
1833	28615	1
5604	28615	1
5854	28615	1
2478	28708	1
2579	28708	1
4048	28708	1
8375	28708	1
3628	28723	1
6920	28723	1
8920	28723	1
9341	28723	1
9962	28723	1
2618	28727	1
3191	28727	1
3836	28727	1
3913	28727	1
5866	28727	1
7968	28727	1
8294	28727	1
9890	28744	1
3873	28791	1
4846	28791	1
8865	28791	1
2190	28824	1
5149	28824	1
5298	28824	1
6166	28824	1
7437	28824	1
7934	28824	1
8395	28824	1
8509	28824	1
