1130	28850	1
3182	28850	1
3970	28850	1
4527	28850	1
5361	28850	1
9902	28850	1
642	28858	1
2763	28858	1
5091	28858	1
7635	28858	1
421	29005	1
3602	29005	1
408	29012	1
2362	29012	1
6301	29012	1
8909	29012	1
243	29068	1
1409	29068	1
3822	29068	2
4127	29068	1
8294	29068	1
5771	29088	1
6301	29088	1
6567	29088	1
6596	29088	1
6894	29088	1
9676	29088	1
1128	29091	1
2483	29091	1
2703	29091	1
4127	29091	1
6301	29091	1
10049	29091	1
3735	29095	1
8276	29095	1
8987	29095	1
312	29102	1
1507	29102	1
6163	29102	1
7102	29102	1
8865	29102	1
9008	29102	1
1642	29269	1
3930	29269	1
4127	29269	1
5548	29269	1
8321	29269	1
9223	29269	1
9974	29269	1
9637	29301	1
940	29334	1
1128	29334	2
3276	29334	1
4127	29334	1
6301	29334	2
8253	29334	1
8479	29334	1
1128	29338	1
3822	29338	1
4127	29338	1
6301	29338	1
6463	29338	1
7412	29338	1
4846	29370	1
8806	29370	1
9669	29370	1
2376	29437	1
2728	29437	1
2617	29445	1
2701	29445	1
8098	29445	1
8978	29445	1
9225	29445	1
1833	29488	1
3034	29488	1
3881	29488	1
5146	29488	1
5604	29488	1
1128	29498	1
2063	29498	1
4127	29498	1
6301	29498	1
1225	29512	1
1833	29512	1
5794	29512	1
9280	29512	1
1168	29528	1
6667	29528	1
8520	29547	1
9813	29547	1
857	29564	1
3822	29564	1
4127	29564	1
9212	29564	1
2178	29571	1
3634	29571	1
4056	29571	1
2561	29614	1
2660	29614	1
3211	29614	1
4127	29614	1
291	29695	1
3501	29695	1
1522	29851	1
4017	29851	1
7178	29851	1
8324	29851	1
3790	29880	1
4127	29880	1
5783	29896	1
6291	29896	1
9765	29896	1
3191	29933	1
4127	29933	1
7412	29933	1
1125	29997	1
3100	29997	1
3213	29997	1
4040	29997	2
5737	29997	1
6119	29997	1
7232	29997	1
3037	30019	1
5463	30019	1
7968	30019	1
5318	30025	1
7968	30025	1
3925	30035	1
7581	30035	1
9669	30035	1
3501	30060	1
4160	30068	1
6012	30068	1
6870	30068	1
8909	30068	1
1905	30099	1
3278	30099	1
3900	30099	1
4259	30099	2
8973	30099	1
3189	30116	1
8110	30116	1
1186	30145	1
2531	30145	1
4127	30145	1
5374	30145	1
6769	30145	1
7951	30145	1
7952	30145	1
522	30200	1
1564	30200	1
3752	30200	1
3821	30200	1
4016	30200	2
4281	30200	1
5802	30200	1
6378	30200	1
3143	30263	1
3774	30263	1
8110	30263	1
521	30269	1
733	30269	1
4127	30269	1
6567	30269	1
6702	30269	2
7304	30269	1
9010	30269	1
133	30272	1
3873	30272	1
4056	30272	1
4111	30272	1
5318	30272	1
7281	30272	1
7515	30272	1
9526	30272	1
976	30367	2
3094	30367	1
4259	30367	1
5241	30367	1
8110	30367	1
8160	30367	1
263	30404	1
925	30404	1
1004	30404	1
2931	30404	1
5771	30404	1
6388	30404	1
5245	30420	1
8110	30420	1
263	30447	1
2931	30447	1
3110	30447	1
6870	30447	1
5309	30496	1
5972	30496	1
7266	30496	1
4527	30532	1
9902	30532	1
4127	30569	1
5768	30569	1
8796	30569	1
9587	30569	1
9946	30569	1
2495	30655	1
4127	30655	1
5596	30655	1
1671	30848	1
5267	30848	1
8110	30848	1
9591	30848	1
1153	30880	1
3702	30880	1
4127	30880	1
5344	30880	1
7037	30880	1
7437	30880	1
2175	30884	1
3568	30884	1
8803	30884	1
9622	30884	1
3034	30943	1
8110	30943	1
8376	30943	1
4056	30989	1
8110	31007	1
1294	31009	1
6825	31009	1
7790	31009	1
8017	31009	1
8719	31009	1
9470	31009	1
4008	31024	1
4087	31024	1
5318	31024	1
1440	31025	1
5267	31025	1
8843	31025	1
8865	31025	1
2032	31079	1
3774	31079	1
4027	31079	1
4127	31079	1
5341	31079	1
6785	31079	1
5241	31085	1
1326	31137	1
6011	31137	1
8110	31137	1
541	31156	1
546	31156	1
6998	31156	1
8463	31156	1
9669	31156	1
925	31182	1
2528	31182	1
3441	31182	1
4439	31182	1
8462	31182	1
540	31201	1
546	31201	1
2643	31201	1
5318	31201	1
8978	31201	1
9516	31201	1
9890	31201	1
855	31243	1
8684	31243	1
5677	31296	1
6926	31296	1
537	31317	1
6239	31317	1
6844	31317	1
135	31350	1
4127	31350	1
6769	31350	1
6941	31350	1
7693	31350	1
8110	31355	1
8449	31355	1
243	31357	1
2451	31395	1
9900	31395	1
733	31420	1
9538	31420	1
958	31444	1
1937	31444	1
8865	31444	1
1118	31455	1
3873	31455	1
4235	31455	1
5241	31463	1
8865	31463	1
2477	31584	1
6818	31584	1
8624	31584	1
1039	31627	1
2802	31627	1
6411	31627	1
291	31741	1
3501	31741	1
8684	31743	1
9669	31743	1
975	31765	1
1822	31765	1
2059	31765	1
2477	31765	1
2698	31765	1
2750	31765	1
3981	31765	1
4550	31765	1
4852	31765	1
4906	31765	1
9045	31765	1
9139	31765	1
9526	31765	1
9900	31765	1
1118	31768	1
3730	31768	1
6733	31768	1
9121	31768	1
2448	31777	1
6733	31777	1
9126	31777	1
1267	31810	1
1413	31810	1
1476	31810	1
4854	31810	1
8408	31810	1
1118	31841	1
3873	31841	1
8865	31841	1
537	31850	1
9527	31850	1
646	31916	1
988	31916	1
1760	31916	1
2037	31916	1
2750	31916	1
3735	31916	1
9669	31916	2
646	31941	1
1089	31941	1
1267	31941	1
2037	31941	1
3001	31941	1
3004	31941	1
5141	31941	1
6733	31941	1
7906	31941	1
9493	31941	1
558	32033	1
1357	32033	1
3337	32033	1
7067	32033	1
7068	32033	1
7800	32033	1
646	32043	1
2037	32043	1
3006	32043	1
5141	32043	1
6302	32043	1
705	32092	1
1665	32092	1
1852	32092	1
4056	32092	1
4127	32092	1
5533	32092	1
5698	32092	1
6945	32092	1
7457	32092	1
8630	32092	1
613	32097	1
646	32189	1
2037	32189	1
2561	32189	1
3730	32189	1
5078	32189	1
5160	32189	1
6733	32189	1
7874	32189	1
7896	32189	1
8072	32189	1
9602	32189	1
4458	32207	1
8110	32207	1
56	32251	1
5267	32251	1
6979	32251	1
9128	32251	1
958	32265	1
2931	32265	1
5161	32265	1
617	32329	1
1382	32329	1
4259	32329	1
5267	32329	1
7986	32329	1
8110	32329	1
9526	32329	1
9589	32329	1
2561	32338	1
4111	32338	1
4651	32338	1
9831	32338	1
3576	32349	1
5660	32349	1
7426	32349	1
4661	32366	2
6870	32366	1
8865	32366	2
5337	32409	1
7266	32409	1
4655	32452	1
5864	32452	1
6166	32452	1
7251	32452	1
9589	32452	1
1017	32503	1
3392	32503	1
8865	32503	1
9589	32503	1
2024	32544	1
4127	32544	1
8525	32544	1
1404	32663	1
4653	32663	1
7251	32663	1
9538	32663	1
1798	32690	1
2360	32690	1
2445	32690	1
3752	32690	1
5318	32690	1
8718	32690	1
1632	32928	1
3028	32928	1
5920	32928	1
8276	32928	1
4041	32935	1
4155	32935	1
5866	32935	1
2158	33151	1
5318	33226	1
8042	33233	1
8944	33233	1
2158	33239	1
6011	33239	1
158	33245	1
6859	33245	1
8879	33245	1
2356	33250	1
2404	33250	1
2444	33250	2
2560	33250	1
6700	33260	1
3501	33323	1
7227	33323	1
7799	33323	1
9526	33323	1
9838	33323	1
9940	33323	1
4175	33353	1
5856	33353	1
7227	33353	1
8227	33353	1
9526	33353	1
9838	33353	1
9940	33353	1
561	33427	1
5267	33427	1
9549	33427	1
4127	33458	1
7621	33458	1
8865	33458	1
826	33490	1
1073	33490	1
2719	33490	1
3900	33490	1
7411	33490	1
4852	33492	1
534	33575	1
3511	33575	1
3914	33575	1
4603	33575	1
5065	33575	1
5074	33575	1
5146	33575	1
6479	33575	1
8865	33575	1
9128	33575	2
4284	33582	1
8357	33582	1
412	33597	1
1225	33597	1
1637	33597	1
2778	33597	1
3925	33597	1
5107	33597	1
5458	33597	1
8755	33597	1
9546	33597	1
9566	33597	1
9571	33597	1
9759	33597	1
5747	33682	1
9230	33710	1
1128	33725	1
1642	33725	1
4127	33725	1
6301	33725	1
8321	33725	1
9974	33725	1
4260	33757	1
7986	33757	1
3294	33767	1
4459	33773	1
6010	33773	1
8865	33773	1
579	33786	1
1857	33786	1
2516	33786	1
509	33807	1
3095	33807	1
4127	33807	1
5208	33807	1
6881	33807	1
7038	33807	1
7098	33807	1
7469	33807	1
8478	33807	1
9796	33807	1
324	33828	1
3034	33828	1
108	33844	1
826	33844	1
1512	33844	1
2200	33844	1
5866	33844	1
8987	33844	1
1206	33845	1
1637	33845	1
7676	33845	1
8513	33845	2
9230	33875	1
602	33902	1
6859	33902	1
8079	33902	1
9394	33902	1
2390	33906	1
5569	33906	1
1166	33916	1
2522	33916	1
3182	33916	1
3576	33916	1
6166	33916	2
8617	33916	1
8630	33916	1
1166	33934	1
2522	33934	1
3182	33934	1
3576	33934	1
6166	33934	2
8630	33934	1
1166	33939	1
2522	33939	1
2628	33939	1
3182	33939	1
3576	33939	1
5746	33939	1
6166	33939	2
8630	33939	1
1166	33986	1
2522	33986	1
3182	33986	1
3576	33986	1
6166	33986	2
6998	33986	1
8630	33986	1
1166	34003	1
2522	34003	1
3182	34003	1
3576	34003	1
6166	34003	2
8630	34003	1
602	34011	1
6859	34011	1
8079	34011	1
9394	34011	1
1166	34020	1
2522	34020	1
3182	34020	1
3576	34020	1
6166	34020	2
8630	34020	1
1166	34030	1
2522	34030	1
3182	34030	1
3576	34030	1
6166	34030	2
8630	34030	1
1166	34037	1
2522	34037	1
3182	34037	1
3576	34037	1
6166	34037	2
8630	34037	1
1166	34051	1
2522	34051	1
3182	34051	1
3576	34051	1
6166	34051	2
8630	34051	1
534	34055	1
1166	34061	1
2522	34061	1
3182	34061	1
3576	34061	1
4147	34061	1
6166	34061	2
8630	34061	1
1166	34067	1
2522	34067	1
3182	34067	1
3501	34067	1
3576	34067	1
6166	34067	2
8630	34067	1
1166	34085	1
2522	34085	1
3182	34085	1
3576	34085	1
6166	34085	2
8630	34085	1
1267	34089	1
5794	34089	1
6768	34089	1
7288	34089	1
8752	34089	1
1166	34110	1
2522	34110	1
3182	34110	1
3576	34110	1
6166	34110	2
8630	34110	1
541	34148	1
2049	34148	1
3917	34148	1
4603	34148	1
8449	34148	1
2323	34169	1
3836	34169	1
9080	34196	2
257	34202	1
2379	34202	1
3712	34202	1
4194	34202	1
7986	34202	1
9331	34202	1
3075	34248	1
4163	34248	1
9699	34248	1
9838	34248	1
9940	34248	1
2049	34330	1
6166	34330	1
6518	34330	1
9838	34330	1
862	34354	1
3034	34354	1
3984	34354	1
5226	34354	1
5582	34354	1
6700	34354	1
6861	34354	1
8743	34354	1
9330	34354	1
2250	34476	1
3602	34476	1
8986	34476	1
1128	34498	1
3006	34498	1
5208	34498	1
6618	34498	1
6849	34498	1
9722	34498	1
1128	34529	1
2939	34529	1
4127	34529	1
6301	34529	1
9022	34529	1
4259	34562	1
2937	34721	1
4127	34721	1
1017	34819	1
8684	34819	1
8865	34819	1
1128	34852	1
2293	34852	1
3751	34852	1
4127	34852	1
6725	34852	1
7503	34852	1
7842	34852	1
9829	34852	1
9958	34852	1
1937	34861	1
2706	34861	1
4259	34861	1
6700	34861	1
7321	34861	1
8054	34861	1
9676	34861	1
6291	34931	1
7234	34931	1
8055	34931	1
7298	34960	1
9561	34960	1
981	35183	1
2270	35183	1
2554	35183	1
3576	35183	1
4127	35183	1
9784	35183	1
1264	35238	2
4041	35238	1
8151	35238	1
9624	35238	1
4111	35240	1
1370	35245	1
2157	35245	1
5267	35245	1
9546	35245	1
3501	35258	1
3735	35258	1
3976	35258	1
4127	35258	1
7272	35258	1
3486	35471	1
4127	35471	2
2601	35511	1
7986	35511	1
9526	35511	1
9589	35511	1
2601	35536	1
3006	35536	1
3784	35536	1
5086	35536	1
6700	35536	1
7272	35536	1
7986	35536	1
2617	35608	1
3664	35608	1
4066	35608	1
4127	35608	1
7776	35608	1
8449	35608	1
8618	35608	1
9588	35608	1
61	35636	1
1469	35636	1
2789	35636	1
3027	35636	1
4127	35636	1
7512	35636	1
7819	35636	1
8865	35636	1
471	35650	1
686	35688	1
1761	35688	1
3685	35688	1
4127	35688	1
6609	35688	1
6851	35688	1
9513	35688	1
9840	35688	1
2477	35731	1
1761	35760	1
4127	35760	1
5561	35760	1
6851	35760	1
8558	35760	1
9727	35760	1
546	35809	1
5267	35809	1
7266	35809	1
9925	35809	1
758	35860	1
3182	35860	1
7986	35860	1
142	35869	1
5233	35869	1
830	35888	1
4127	35888	1
4421	35888	1
6003	35888	1
2157	35910	1
3501	35910	1
4127	35910	1
5232	35910	1
8865	35910	1
9463	35910	1
1830	35949	1
3752	35949	1
4854	35949	1
7815	35949	1
8724	35949	1
1236	35999	1
8187	35999	1
3294	36050	1
6408	36050	1
663	36059	1
1253	36059	1
2425	36059	1
2849	36059	1
3017	36059	1
3100	36059	1
3658	36059	1
4113	36059	1
4127	36059	1
7375	36059	1
8450	36059	1
3873	36064	1
6090	36064	1
6700	36064	1
7447	36064	1
9538	36064	1
2324	36066	1
8053	36066	1
9187	36066	1
9561	36066	1
3349	36068	1
3404	36075	1
3636	36075	1
6119	36075	1
9589	36075	1
6426	36122	1
1017	36144	1
1440	36144	1
3294	36144	1
3404	36144	1
9394	36144	1
9526	36144	1
9992	36144	1
511	36160	1
2719	36160	1
3017	36160	1
4127	36160	1
5344	36160	1
5943	36160	1
7063	36160	1
8533	36160	1
511	36185	1
4127	36185	1
4785	36185	1
4950	36185	1
5898	36185	1
5943	36185	1
6769	36185	1
8246	36185	1
8533	36185	1
8571	36185	1
9448	36185	1
579	36193	1
3511	36193	1
3651	36193	1
8213	36193	1
1894	36243	1
2205	36243	1
2526	36243	1
2719	36243	1
3392	36243	1
3404	36243	1
3501	36243	1
5163	36243	1
5232	36243	1
8452	36243	1
8978	36243	2
9330	36243	1
629	36272	1
3094	36272	1
5796	36272	1
9107	36272	1
3485	36277	1
2130	36292	2
2436	36292	1
3034	36292	1
3501	36292	1
4248	36292	1
8865	36292	1
9627	36292	1
1029	36313	1
1928	36313	1
4855	36313	1
5104	36313	1
6489	36313	1
7455	36313	2
8115	36313	1
1689	36366	1
3688	36366	1
4056	36366	1
8054	36366	1
8462	36366	1
2049	36410	1
3543	36410	1
4127	36410	1
826	36421	1
1192	36421	1
2973	36421	1
3568	36421	1
5153	36421	1
7251	36421	1
9838	36421	2
262	36452	1
1580	36452	1
1991	36452	1
1238	36473	1
2435	36473	1
3075	36473	1
4127	36473	1
6650	36473	1
7128	36473	1
7420	36473	1
8351	36473	1
9563	36473	1
9578	36473	1
1017	36527	1
3034	36527	1
3501	36527	1
4223	36527	1
4248	36527	2
5226	36527	1
5267	36527	1
6297	36527	1
6385	36527	1
6785	36527	1
8213	36527	1
8556	36527	1
9201	36527	1
1666	36535	1
4656	36535	1
9187	36535	1
1108	36576	1
2799	36576	1
4070	36576	1
6741	36576	1
7251	36576	1
9838	36576	1
338	36595	1
9831	36595	1
2006	36599	1
2130	36599	1
3501	36599	1
4056	36599	1
5226	36599	1
8395	36599	1
9201	36599	1
9330	36599	1
9666	36599	1
3503	36618	1
1666	36622	1
4656	36622	1
5232	36622	1
4127	36645	1
5318	36645	1
7042	36645	1
3449	36657	1
5448	36657	1
6978	36657	1
7251	36657	1
9838	36657	1
826	36716	1
1859	36716	1
3075	36716	1
7128	36716	1
7251	36716	1
7866	36716	1
7986	36716	1
7998	36716	1
8449	36716	1
8600	36716	1
6959	36760	1
8395	36760	1
8886	36760	1
9267	36760	1
9669	36760	1
4127	36861	1
5746	36861	1
8098	36861	1
589	36884	1
4127	36884	1
8008	36884	1
2695	36912	1
6301	36912	1
7776	36912	1
8987	36912	1
1430	36916	1
6024	36916	1
9526	36916	1
7982	36918	1
9526	36918	1
6700	36933	1
8144	36933	1
1590	36948	1
3034	36948	1
3511	36948	1
9970	36948	1
5854	36970	1
7789	36970	1
8803	36970	1
8978	36970	1
905	37024	1
3576	37024	1
467	37053	1
3405	37053	1
4056	37053	1
5443	37053	1
6119	37053	1
6868	37053	1
7761	37053	1
2676	37055	1
3511	37065	1
3568	37065	1
4259	37065	1
6157	37065	1
9900	37065	1
4152	37100	1
2324	37113	1
8124	37113	1
1958	37132	1
3901	37132	1
936	37200	1
1298	37200	1
3501	37200	1
5160	37200	1
5794	37200	1
8150	37200	1
8279	37200	1
3148	37209	1
8142	37209	1
9624	37209	1
4111	37252	1
5088	37252	1
7006	37252	1
729	37256	1
4111	37256	1
6859	37256	1
7006	37256	1
2085	37272	1
5235	37272	1
9463	37272	1
540	37291	1
2212	37291	1
8865	37291	1
9198	37291	1
9627	37291	1
3203	37402	1
4044	37402	1
4518	37402	1
8104	37427	1
9915	37427	1
6238	37520	1
341	37522	1
3406	37522	1
5443	37522	1
8229	37547	1
4078	37561	1
4127	37561	1
6787	37561	1
1730	37566	1
3249	37566	1
3501	37566	1
6073	37566	1
6785	37566	1
6941	37566	1
579	37581	1
4700	37581	1
6146	37581	1
6700	37581	1
7245	37581	1
4756	37625	1
6409	37625	1
8552	37625	1
579	37633	1
3034	37633	1
518	37653	1
557	37653	1
9330	37653	1
608	37715	1
3091	37715	1
3034	37731	1
2085	37751	1
3752	37751	1
6700	37751	1
7638	37751	1
7799	37751	1
8449	37751	1
9968	37751	1
1029	37800	1
1031	37800	1
1143	37800	1
1145	37800	1
4056	37800	1
9526	37800	1
37	37837	1
9193	37837	1
9526	37837	1
9813	37837	1
9826	37837	1
9924	37837	1
56	37844	1
133	37844	1
2451	37844	1
3566	37844	1
9992	37844	2
5267	37854	1
7228	37854	1
8684	37854	1
3406	37860	1
4088	37860	1
4351	37860	1
5318	37860	1
5443	37860	2
6115	37860	1
6700	37860	1
7966	37860	1
9066	37860	1
3747	37902	1
4127	37902	1
6956	37902	1
6961	37902	1
4127	37907	1
4886	37907	1
7251	37907	1
9838	37907	1
3566	37908	1
7365	37908	1
3616	37974	1
3678	37974	1
540	37997	1
546	37997	1
557	37997	1
4109	37997	1
5318	37997	1
2937	38057	1
3619	38057	1
9153	38057	1
6700	38060	1
8218	38060	1
9526	38060	1
4047	38074	1
5803	38074	1
9103	38074	1
5267	38147	1
8312	38147	1
9561	38147	1
98	38154	1
890	38154	1
1382	38154	2
2086	38154	1
2917	38154	1
3711	38154	1
4852	38154	1
4283	38183	1
6940	38183	1
2968	38212	1
4259	38212	1
5077	38212	1
8865	38212	1
2085	38233	1
4259	38233	1
5854	38233	1
1143	38249	1
5794	38249	1
9030	38249	1
1296	38253	1
2446	38253	1
3003	38253	1
6700	38253	1
7266	38253	1
8803	38253	1
1382	38277	1
5318	38277	1
1882	38293	1
4127	38293	1
5029	38293	1
8449	38293	1
2617	38311	1
6025	38311	1
1031	38325	1
7279	38325	2
8042	38325	1
9925	38325	1
1017	38338	1
6166	38338	1
3873	38345	1
4078	38345	1
4127	38345	1
9198	38345	1
9538	38345	1
9951	38345	1
1707	38360	1
2330	38360	1
2630	38360	1
5267	38360	1
3168	38362	1
4395	38362	1
9165	38362	1
9589	38362	1
6106	38386	1
723	38435	1
1211	38435	1
1440	38435	2
1463	38435	1
2048	38435	1
5018	38435	1
2487	38443	1
2630	38443	1
7433	38443	1
9589	38443	1
3392	38451	1
5301	38451	1
5318	38451	1
9526	38451	1
687	38511	1
3735	38511	1
7759	38511	1
328	38563	1
3873	38563	2
7855	38563	1
8865	38563	1
9926	38563	1
7433	38566	1
723	38657	1
2054	38657	1
3917	38657	1
5303	38657	1
7462	38657	1
9126	38657	1
3335	38746	1
3997	38746	1
5153	38746	1
5267	38746	1
5460	38746	1
6119	38746	1
6700	38746	1
7986	38746	1
9738	38746	1
726	38777	1
1382	38777	1
2569	38777	1
6166	38777	1
2801	38836	1
3068	38836	1
5086	38836	1
5267	38836	1
8624	38836	1
9526	38836	1
2934	38848	1
3774	38848	1
3873	38848	1
6628	38848	1
733	38871	1
2351	38871	1
5727	38871	1
8865	38871	1
1206	38912	1
1029	38928	1
1031	38928	1
1467	38928	1
2932	38928	1
6941	38928	1
9445	38928	1
9669	38928	1
579	39023	1
2894	39023	1
9584	39023	1
558	39056	1
857	39056	1
3822	39056	1
5318	39056	1
729	39070	1
6859	39070	1
7006	39070	1
9175	39070	1
1543	39095	1
3691	39095	1
5292	39095	1
7102	39095	1
8769	39095	1
9265	39095	1
3034	39172	1
7882	39172	1
8724	39172	1
394	39198	1
7882	39198	1
907	39275	1
3735	39275	1
6894	39275	1
7385	39275	1
9526	39275	1
907	39289	1
5783	39289	1
5861	39289	1
7272	39289	1
9526	39289	1
2778	39299	1
518	39308	1
1958	39308	1
3100	39308	1
5188	39308	1
6119	39308	1
6565	39308	1
7128	39308	1
8638	39308	1
8969	39308	1
9722	39308	1
2372	39354	1
2412	39354	2
2955	39354	1
4127	39354	1
4643	39354	1
9926	39354	1
3901	39385	1
8112	39385	1
2671	39427	1
3428	39427	1
9175	39427	1
9526	39427	1
4497	39449	1
6970	39449	1
5	39459	1
7557	39459	1
1396	39463	1
2965	39463	1
4213	39463	1
5318	39463	1
6925	39463	1
8817	39463	1
158	39480	1
689	39480	3
2561	39480	1
3191	39480	1
4259	39480	1
5267	39480	1
6768	39480	1
8806	39480	1
8991	39480	1
9546	39480	1
1700	39502	1
2955	39502	1
4127	39502	1
4973	39502	1
8350	39502	1
9727	39502	1
2324	39551	1
5856	39551	1
9526	39551	1
2171	39669	1
3568	39669	1
3576	39669	1
5766	39669	1
9175	39669	1
1551	39721	1
2171	39721	1
7854	39721	1
9498	39721	1
133	39727	1
1382	39727	1
1835	39727	1
2170	39727	1
3034	39727	1
9153	39727	1
735	39737	1
1430	39737	1
4127	39737	1
7090	39737	1
7638	39737	1
8690	39737	1
8865	39737	1
9121	39737	1
9470	39737	1
9924	39737	1
2171	39759	1
3511	39759	1
6166	39759	1
6979	39759	1
7124	39759	1
8363	39759	1
8959	39759	1
9575	39759	1
4403	39766	1
9615	39766	1
436	39783	1
2955	39783	1
9561	39783	1
3755	39810	1
5655	39810	1
8987	39812	1
4111	39827	1
9538	39861	1
9824	39861	1
108	39908	1
991	39908	1
8956	39908	1
158	39955	1
7776	39955	1
8098	39955	1
8987	39955	1
540	39968	1
729	39968	1
1843	39968	1
5184	39968	1
6859	39968	1
7852	39968	1
8227	39968	1
9198	39968	1
9315	39968	1
9870	39968	1
3211	40011	1
3873	40011	1
6700	40011	1
7385	40011	1
61	40019	1
367	40019	1
3428	40019	1
3576	40019	1
4122	40019	1
5163	40019	1
7866	40019	1
9601	40019	1
3213	40046	1
3214	40046	1
868	40050	1
4056	40050	1
1913	40125	1
324	40137	1
3191	40137	1
4127	40137	1
5589	40137	1
6563	40137	1
8144	40137	1
8987	40216	1
1067	40235	1
1672	40235	1
3503	40242	1
4113	40242	1
4757	40242	1
5632	40242	1
6607	40242	1
9201	40242	1
2085	40299	1
4152	40299	1
9561	40299	1
570	40308	1
6582	40308	1
2768	40318	1
8969	40318	1
8987	40318	1
4056	40341	1
4127	40341	1
9917	40341	1
613	40353	1
2200	40353	1
4351	40353	1
5053	40353	1
8443	40353	1
3428	40373	1
449	40434	1
8449	40434	1
826	40460	1
5008	40460	2
6768	40460	2
8130	40460	1
8466	40460	1
6166	40494	1
2097	40501	1
7330	40501	1
7471	40501	1
8122	40501	1
733	40551	1
3087	40551	1
8509	40551	1
8865	40551	1
2607	40652	1
8743	40652	1
9302	40652	1
8098	40766	1
8995	40766	1
9766	40766	1
5972	40777	1
1128	40785	1
3109	40785	1
3748	40785	1
4127	40785	1
6112	40785	1
6849	40785	1
8253	40785	1
5199	40795	1
5972	40795	1
8268	40795	1
9394	40795	1
4102	40806	1
7581	40806	1
8865	40806	1
5267	40809	1
5267	40811	1
8017	40811	1
2937	40858	1
3836	40858	1
3840	40858	1
6859	40858	1
3213	40901	1
1741	40909	1
3873	40909	1
3576	40916	1
2210	40936	1
6700	40936	1
6941	40936	1
7032	40936	1
7266	40936	1
8887	40936	1
528	40939	1
4259	40939	1
9698	40939	1
9813	40939	1
920	40941	1
963	40941	1
2569	40949	1
3873	40949	1
4127	40949	1
4214	40949	1
7182	40949	1
7426	40949	1
8213	40949	2
8865	40949	1
9175	40949	2
579	40988	1
731	40988	1
1017	40988	1
2212	40988	1
3047	40988	1
4127	40988	1
5256	40988	1
7800	40988	1
8729	40988	1
8865	40988	1
3087	40995	1
4056	40995	1
3576	40998	1
6304	40998	1
3359	41027	1
5074	41027	1
7128	41027	1
8380	41027	1
9394	41027	1
8594	41069	1
8098	41109	1
8144	41109	1
366	41122	1
731	41122	1
3182	41122	1
1235	41193	1
2522	41193	1
4127	41193	1
4998	41193	1
6301	41193	1
740	41196	1
9542	41196	1
528	41201	1
1118	41201	1
1602	41201	1
2477	41201	1
4259	41201	1
9698	41201	1
8920	41204	1
1937	41207	1
9323	41207	1
2323	41210	1
3392	41210	1
3984	41210	1
4723	41210	1
4846	41210	1
6859	41210	1
7776	41210	1
8236	41210	1
9526	41210	1
5318	41212	1
9810	41213	1
9825	41213	1
1194	41216	1
1747	41216	1
1118	41237	1
6700	41237	1
9323	41237	1
6643	41238	1
6970	41238	1
8684	41238	1
8803	41238	1
8987	41238	1
742	41243	1
2768	41243	1
5199	41243	1
8054	41243	1
8375	41243	1
8448	41243	1
3273	41245	1
7351	41245	1
8484	41245	1
8865	41245	1
9394	41245	1
731	41251	1
4127	41251	1
7882	41251	1
726	41256	1
731	41256	1
4056	41256	1
4127	41256	1
5256	41256	1
6768	41256	1
7800	41256	3
7882	41256	1
7977	41256	1
9809	41256	1
5199	41267	1
9629	41267	1
991	41270	1
1828	41270	1
2157	41270	1
2528	41270	1
2932	41270	1
7340	41270	1
8213	41270	1
8806	41270	1
731	41277	1
2210	41277	1
3518	41277	1
5267	41277	1
8995	41277	1
5267	41278	1
6193	41278	1
9373	41278	1
733	41292	1
4127	41292	1
5296	41292	1
5667	41292	1
6399	41292	1
9445	41292	1
5318	41305	1
826	41313	1
1621	41313	2
4053	41313	1
5561	41313	1
8130	41313	1
5136	41341	1
6276	41341	1
6365	41341	1
6885	41341	1
7297	41341	1
6254	41343	1
6276	41343	1
6365	41343	1
3109	41347	1
5136	41347	1
5303	41347	1
6276	41347	1
6365	41347	1
6276	41352	1
6365	41352	1
276	41356	1
6276	41356	1
6365	41356	1
9193	41356	1
857	41375	1
2768	41375	1
3822	41375	1
5662	41385	1
9924	41395	1
2495	41397	1
5839	41397	1
930	41398	1
8865	41403	1
9121	41403	1
2719	41427	1
5328	41427	1
746	41429	1
2324	41429	1
5226	41429	1
7272	41429	1
9030	41429	1
9669	41429	1
2993	41430	1
5077	41430	1
5318	41430	1
8122	41430	1
1814	41475	1
1922	41475	1
1962	41475	1
2395	41475	1
2768	41475	1
8878	41475	1
9589	41475	1
511	41574	1
1013	41574	1
1235	41574	1
3861	41574	1
4127	41574	1
5943	41574	1
8351	41574	1
1128	41618	1
1389	41618	1
3276	41618	1
4127	41618	1
5943	41618	1
6301	41618	1
8351	41618	1
8533	41618	1
211	41680	1
1206	41680	1
2758	41680	1
2769	41680	1
3232	41680	1
3384	41680	1
4911	41680	1
5303	41680	1
6565	41680	1
6641	41680	1
8307	41680	1
9735	41680	1
4127	41688	1
9563	41688	1
184	41764	1
3006	41764	1
3993	41764	1
4127	41764	1
8041	41764	1
8248	41764	1
1029	41797	1
3173	41797	1
5303	41797	1
5328	41797	1
5748	41797	1
7629	41797	1
8484	41797	1
3575	41822	1
3702	41823	2
8806	41823	1
9757	41823	1
1987	41838	1
2360	41838	1
3943	41838	1
4127	41838	1
6304	41838	1
9500	41838	1
3034	41850	1
5318	41850	2
6725	41850	1
841	41876	1
905	41876	1
2155	41876	1
3915	41876	1
8969	41876	1
9493	41876	1
9500	41876	1
422	41894	1
1780	41894	1
3822	41894	1
5396	41894	1
7671	41894	1
3340	41920	1
4127	41920	1
8570	41920	1
8887	41920	1
9669	41920	1
9993	41920	1
608	41984	1
862	41984	1
1267	41984	1
1444	41984	1
4911	41984	1
5748	41984	1
7963	41984	1
8010	41984	1
9201	41984	1
3911	41993	1
4127	41993	1
7264	41993	1
8380	41993	1
8558	41993	1
8969	41993	1
9054	41993	1
5739	42029	1
6146	42029	1
8865	42029	1
2454	42033	1
3375	42033	1
4186	42033	1
4976	42033	1
5062	42033	1
5115	42033	1
5628	42033	1
8693	42033	1
9528	42033	1
9870	42033	1
9908	42033	1
733	42065	1
2685	42065	1
2686	42065	1
3806	42065	1
4395	42065	1
4840	42065	1
6686	42065	1
7117	42065	1
7701	42065	1
8313	42065	1
9023	42065	1
8276	42076	1
8443	42076	1
8992	42076	1
511	42077	1
5739	42077	1
1951	42123	1
5181	42123	1
5739	42123	1
9526	42123	1
4852	42137	1
5624	42137	1
8443	42137	1
1128	42189	1
2507	42189	1
3575	42189	1
4127	42189	1
8252	42189	1
8570	42189	2
8887	42189	1
9589	42189	1
9822	42189	1
1128	42191	1
1356	42191	1
2690	42191	1
4127	42191	1
6301	42191	1
22	42212	1
1206	42212	1
1892	42212	1
5892	42218	1
6700	42218	1
1499	42224	1
2931	42224	1
4152	42224	1
8865	42242	1
243	42271	1
540	42271	1
1536	42271	1
8218	42271	1
8923	42271	1
9198	42271	1
9538	42271	1
5768	42292	1
8116	42292	1
9526	42292	1
9800	42292	1
7776	42293	1
8969	42293	1
3575	42401	1
4127	42418	1
5318	42418	1
9974	42418	1
911	42435	1
2944	42435	1
3109	42435	1
4127	42435	1
6138	42435	1
6486	42435	1
4127	42438	1
7543	42438	1
7592	42438	1
7776	42438	1
9500	42438	1
746	42445	1
1440	42445	1
5181	42445	1
6937	42445	1
7022	42445	1
8380	42445	1
8865	42445	1
8887	42445	1
8969	42445	1
447	42662	1
1913	42662	1
3392	42662	1
5064	42662	1
6894	42662	1
7819	42662	1
8400	42662	1
3752	42790	1
6768	42790	1
7870	42790	1
8008	42790	1
457	42854	1
608	42854	1
1408	42854	1
4127	42854	1
4824	42854	1
8354	42854	1
8497	42854	1
9637	42854	1
3501	42856	1
8195	42856	1
8475	42856	1
8536	42856	1
8865	42856	1
1737	42869	1
4846	42869	1
7776	42869	1
2973	42870	1
4088	42870	2
4298	42870	1
6700	42870	1
6787	42870	1
6859	42870	1
7112	42870	1
8091	42870	1
8479	42870	1
9546	42870	1
9608	42870	1
124	42921	1
1849	42921	1
4127	42921	1
8483	42921	1
9061	42921	1
10006	42921	1
2825	42939	1
4298	42939	1
6859	42939	1
7112	42939	1
7266	42939	1
9079	42939	1
352	43045	1
758	43045	1
1189	43045	1
1961	43045	1
3152	43045	1
4088	43045	1
4298	43045	1
5045	43045	2
2719	43088	1
4127	43088	1
8620	43088	1
1532	43099	1
3291	43099	1
5892	43099	1
8246	43099	1
8969	43099	1
9627	43099	1
534	43129	1
979	43129	1
2663	43129	1
5846	43129	1
6861	43129	1
7262	43129	1
8380	43129	1
1689	43142	1
4127	43142	1
5854	43142	1
7128	43142	1
8626	43142	1
608	43168	1
911	43168	1
3109	43168	1
3174	43168	1
4127	43168	1
2750	43262	1
8969	43262	1
3485	43268	1
4259	43268	1
1382	43285	1
2768	43285	1
6146	43285	1
6700	43285	1
7634	43285	1
5827	43360	1
579	43371	1
2484	43371	1
3735	43371	1
9045	43371	1
5827	43416	1
8865	43416	1
8947	43416	1
9584	43416	1
862	43438	1
3984	43438	1
5426	43438	1
726	43443	1
2897	43443	1
2955	43443	1
4127	43443	1
8865	43443	1
9080	43443	1
677	43446	1
676	43452	1
2864	43452	1
5208	43452	1
4127	43475	1
5794	43475	1
6847	43475	1
7671	43475	1
9627	43475	1
726	43478	1
1317	43478	1
1679	43478	1
3601	43478	1
3632	43478	1
4127	43478	1
4647	43478	1
5344	43478	1
6301	43478	1
6950	43478	1
8324	43478	1
1672	43510	1
3392	43510	1
4345	43510	1
7866	43510	1
7983	43510	1
8449	43510	1
930	43520	1
1707	43520	1
6631	43520	1
8562	43520	1
8865	43520	1
9573	43520	1
1707	43580	1
2270	43580	1
3006	43580	1
3648	43580	1
6567	43580	1
6922	43580	1
7896	43580	1
8887	43580	1
328	43622	1
1580	43622	1
4127	43622	1
4456	43622	2
6119	43622	1
6243	43622	1
6769	43622	1
9148	43622	1
2240	43696	1
3822	43696	1
2787	43782	1
4088	43782	1
6947	43782	1
1266	43799	1
9870	43799	1
1266	43814	1
9866	43814	1
1937	43818	1
2330	43818	1
4138	43821	1
6146	43821	1
417	43857	1
758	43857	1
1266	43857	1
3043	43857	1
8218	43857	1
8586	43857	1
9298	43857	1
2532	43872	1
4347	43872	1
5267	43872	2
1440	43973	2
4076	43973	1
4356	43973	1
5318	43973	1
7128	43973	1
7408	43973	1
8213	43973	1
8380	43973	1
8449	43973	1
3911	43991	1
4127	43991	1
6644	43991	1
2630	44042	1
7913	44042	2
9561	44042	1
726	44072	1
3687	44072	1
5318	44072	1
1266	44106	1
4259	44106	1
5074	44106	1
7259	44106	1
63	44198	1
367	44198	1
2292	44198	2
3806	44198	1
6937	44198	1
7040	44198	1
5199	44240	1
5827	44240	1
2324	44255	1
3881	44255	1
4127	44255	1
6686	44255	1
7471	44255	1
1031	44323	1
1902	44323	1
2616	44323	1
3340	44323	1
6609	44323	1
9589	44323	1
1048	44358	1
2776	44358	1
2902	44358	1
4283	44358	1
5827	44358	1
8887	44358	1
9054	44358	1
5086	44414	1
5181	44414	1
5282	44414	1
5727	44414	1
7352	44414	1
9526	44414	1
371	44423	1
940	44423	1
1501	44423	1
1580	44423	1
1735	44423	1
4127	44423	1
5312	44423	1
7292	44423	1
8248	44423	1
8391	44423	1
644	44521	1
2433	44521	1
3900	44521	1
4127	44521	1
4518	44521	1
6374	44521	1
6859	44521	1
7968	44521	1
8118	44521	1
8865	44521	1
8969	44521	1
150	44534	1
1602	44534	1
8258	44534	1
2614	44599	1
3836	44599	1
3914	44599	1
4017	44599	1
5086	44599	1
5301	44599	1
9394	44599	1
150	44641	1
8258	44641	1
9757	44641	1
2616	44654	1
5892	44654	1
1775	44681	1
1885	44681	1
5514	44681	1
150	44700	1
1602	44700	1
8258	44700	1
8578	44800	1
3575	44829	1
5892	44829	1
9770	44829	1
2456	44850	1
2445	44938	1
8865	44938	1
9546	44938	1
9585	44938	1
9974	44938	1
369	44971	1
2438	44971	1
3911	44971	1
4127	44971	1
4695	44971	1
7708	44971	1
7870	44971	1
9538	44971	1
395	44995	1
2427	44995	1
3182	44995	1
7621	44995	1
8865	44995	1
9345	44995	1
1089	45006	1
1554	45006	1
2616	45006	1
2750	45006	1
3490	45006	1
3511	45006	1
4861	45006	1
5877	45006	1
6304	45006	1
8865	45006	1
9561	45006	1
1274	45049	1
3001	45049	1
8536	45049	1
534	45101	1
857	45101	1
1902	45101	1
2968	45101	1
3006	45101	1
3822	45101	1
4127	45101	1
5651	45101	1
5771	45101	1
4127	45186	1
4896	45186	1
5063	45186	1
8865	45186	1
9561	45186	1
733	45207	1
1809	45207	1
2685	45207	1
2686	45207	1
2687	45207	1
4127	45207	1
4186	45207	1
4395	45207	1
4840	45207	1
7701	45207	1
8313	45207	1
629	45342	1
4111	45342	1
6166	45342	1
7948	45342	1
8098	45342	1
8781	45342	1
1329	45471	1
7386	45471	1
8144	45471	1
1128	45582	1
1981	45582	1
9049	45582	1
579	45590	1
2687	45590	1
3340	45590	1
3836	45590	1
4186	45590	1
8865	45590	1
9589	45590	1
9805	45590	1
9924	45590	1
2119	45608	1
2687	45608	1
4056	45608	1
4186	45608	1
4259	45608	1
5267	45608	1
8395	45608	1
7045	45669	1
7770	45669	1
952	45831	1
5460	45831	1
5739	45831	1
6054	45831	1
6543	45831	1
9591	45831	1
3034	45875	1
4238	45895	1
1512	45942	1
9800	45942	1
604	45957	1
9542	45957	1
2049	45958	1
1235	45982	1
1632	45982	1
4127	45982	1
6304	45982	1
6319	45982	1
6881	45982	1
6907	45982	1
7365	45982	1
8969	45982	1
9500	45982	1
3653	45990	1
5739	46112	1
826	46120	1
4127	46120	1
4423	46120	1
5198	46120	1
7370	46120	1
7879	46120	1
8687	46120	1
8865	46120	1
9394	46120	1
5318	46154	2
8142	46154	1
4127	46164	1
9513	46164	1
10037	46164	1
8142	46199	1
2931	46236	1
3911	46236	1
4127	46236	1
4695	46236	1
5267	46236	1
7708	46236	1
7870	46236	1
534	46296	1
1913	46296	1
3392	46296	1
3446	46296	1
3709	46296	1
4175	46296	1
4232	46296	2
4259	46296	1
5174	46296	1
5247	46296	1
6625	46296	1
7213	46296	1
8058	46296	1
9153	46296	1
9538	46296	1
9578	46296	1
540	46298	1
826	46298	1
2686	46298	2
4135	46298	1
6686	46298	1
7365	46298	1
8498	46298	1
9330	46298	1
1448	46311	1
7071	46311	1
8494	46311	1
9561	46311	1
3602	46393	1
4166	46393	1
4907	46393	1
5208	46393	1
6725	46393	1
932	46420	1
3082	46420	1
4127	46420	1
5504	46420	1
5616	46420	1
6773	46420	1
7092	46420	1
7204	46420	1
8911	46420	1
9165	46420	1
9616	46420	1
1809	46430	1
2127	46430	1
2307	46430	1
4127	46430	1
4455	46430	1
4976	46430	1
6970	46430	1
7874	46430	1
8571	46430	2
8969	46430	1
9330	46430	1
9800	46430	1
9950	46430	1
1894	46477	1
2243	46477	1
2687	46477	1
2950	46477	1
4186	46477	1
5636	46477	1
2092	46554	1
5243	46554	1
1012	46600	1
1236	46600	1
2706	46600	1
4088	46600	1
6787	46600	1
399	46651	1
1128	46651	1
1576	46651	1
4127	46651	1
4832	46651	1
6304	46651	1
6472	46651	1
8187	46651	1
932	46681	1
3082	46681	1
4127	46681	1
5504	46681	1
5616	46681	1
6773	46681	1
7092	46681	1
7204	46681	1
9165	46681	1
9616	46681	1
579	46685	1
1809	46685	1
2686	46685	1
2687	46685	1
4127	46685	1
4186	46685	1
5636	46685	1
3711	46751	1
3776	46751	1
4127	46751	1
4248	46751	1
7606	46751	1
7921	46751	1
9625	46751	1
1809	46758	1
2687	46758	1
2973	46758	1
4127	46758	1
4186	46758	1
4259	46758	1
4861	46758	1
8061	46758	1
4419	46799	1
5267	46799	1
1937	46805	1
2173	46805	1
4259	46805	1
7431	46805	1
8969	46805	1
3821	46820	1
5258	46820	1
5794	46820	1
7581	46820	1
9445	46820	1
2687	46845	1
3034	46845	1
4186	46845	1
5181	46845	1
5636	46845	1
8452	46845	1
324	46858	1
6528	46858	1
6721	46858	1
9010	46858	1
6536	46865	1
8098	46865	1
500	46873	1
2196	46873	1
2244	46873	1
3199	46873	1
3836	46873	1
5277	46873	1
7395	46873	1
7408	46873	1
7670	46873	1
9456	46873	1
161	46924	1
2307	46924	1
3034	46924	1
3247	46946	1
4445	46946	1
7520	46946	1
9323	46946	1
3221	46961	1
8879	46961	1
3970	47017	2
4838	47017	1
4973	47017	1
7621	47017	1
8053	47017	1
8684	47017	1
9976	47017	1
1958	47038	1
3752	47038	1
3821	47038	1
4028	47038	1
7264	47038	1
7362	47038	1
8497	47038	1
9028	47038	1
9954	47038	1
3182	47095	1
5205	47095	1
6870	47095	1
98	47160	1
2477	47160	1
2937	47160	1
9608	47160	1
557	47167	1
1512	47167	1
2267	47167	1
2448	47289	1
8098	47289	1
579	47320	1
4838	47320	1
5861	47320	1
7621	47320	1
7776	47355	1
8098	47355	1
4838	47400	1
7621	47400	1
8865	47400	1
1071	47436	1
6834	47436	1
626	47487	1
733	47487	1
890	47487	1
2685	47487	1
4846	47487	1
5267	47487	1
7621	47487	1
7701	47487	1
9766	47487	1
626	47545	1
733	47545	1
2477	47545	1
2540	47545	1
2685	47545	1
2686	47545	1
4875	47545	1
6073	47545	1
6590	47545	1
7173	47545	1
9189	47545	1
9900	47545	1
579	47592	1
4838	47592	1
7621	47592	1
3266	47690	1
4838	47690	1
7621	47690	1
28	47721	1
112	47721	1
1882	47721	1
2798	47721	1
4127	47721	1
4382	47721	1
7514	47721	1
9885	47721	1
8684	47730	1
3392	47762	1
3767	47762	1
6859	47762	1
81	47772	1
5298	47772	1
2593	47773	1
4127	47773	1
4581	47773	1
8351	47773	1
9500	47773	1
4149	47818	1
5700	47818	1
9482	47818	1
385	47883	1
4838	47883	1
7621	47883	1
7776	47883	1
9538	47883	1
3501	47956	1
3752	47956	1
9183	47956	1
9445	47956	1
9794	47956	1
3579	47977	1
4127	47977	1
9794	47977	1
9924	47977	1
4127	47990	1
5090	47990	2
7046	47990	1
7610	47990	1
8341	47990	1
8596	47990	1
5318	48034	1
6700	48034	1
2695	48053	1
4838	48053	1
7621	48053	1
9723	48092	2
8213	48110	1
9153	48110	1
920	48116	1
3873	48116	1
4321	48116	1
3836	48151	1
3392	48175	1
4897	48175	1
8995	48175	1
9538	48175	1
851	48220	1
3900	48220	1
7304	48220	1
9561	48220	2
3006	48269	1
2943	48311	1
5298	48311	1
5301	48311	1
6995	48311	1
7072	48311	1
9768	48311	1
149	48363	1
1128	48363	1
4127	48363	1
6301	48363	1
7498	48363	1
4127	48533	1
5090	48533	2
7046	48533	1
7610	48533	1
8341	48533	1
8596	48533	1
4127	48564	1
5090	48564	2
7046	48564	1
7610	48564	1
8341	48564	1
8596	48564	1
149	48580	1
4093	48580	1
4127	48580	1
5181	48580	1
7498	48580	1
8865	48580	1
9219	48580	1
9538	48580	1
2569	48651	1
8217	48651	1
8944	48651	1
30	48750	1
2696	48750	1
4127	48750	1
5271	48750	1
5939	48750	1
6654	48750	1
43	48788	1
5344	48788	1
1937	48825	1
5189	48825	1
8865	48825	1
1949	48894	1
2562	48894	1
3511	48894	1
1223	48984	1
4262	48984	1
7402	48984	2
9526	48984	1
3873	49096	1
4127	49096	1
5589	49096	1
9538	49096	1
826	49117	1
1004	49117	1
1118	49117	1
4838	49117	1
7621	49117	1
2071	49129	1
4127	49129	1
6711	49129	1
8969	49129	1
9611	49129	1
3182	49176	1
4527	49176	2
6870	49176	1
9902	49176	1
857	49251	1
1356	49251	1
2155	49251	1
3490	49251	1
4127	49251	1
7264	49251	1
5843	49359	1
8098	49359	1
540	49368	1
1628	49368	2
5267	49368	1
6557	49368	1
7592	49368	1
8865	49368	1
9198	49368	1
9318	49368	1
9526	49368	1
958	49383	1
2324	49383	1
2332	49383	1
4070	49383	1
4862	49383	1
5771	49383	1
7030	49383	1
8114	49383	1
8380	49383	1
8865	49383	1
8866	49383	1
4127	49386	1
6077	49386	1
9862	49386	1
2119	49409	1
4163	49409	1
4259	49409	1
4356	49409	1
5318	49409	1
8865	49409	1
8969	49409	1
4111	49443	1
5267	49443	1
7431	49443	1
9924	49443	1
1128	49488	1
2556	49488	1
4127	49488	1
6301	49488	1
7262	49488	1
733	49502	1
1512	49502	1
8630	49502	1
8766	49502	1
4127	49513	1
6301	49513	1
9974	49513	1
1045	49568	2
2630	49568	1
3047	49568	2
3312	49568	1
8710	49568	1
1362	49648	2
4127	49648	1
4852	49648	1
5396	49664	1
8217	49664	1
9445	49664	1
9526	49664	1
491	49711	1
579	49711	1
1497	49711	1
2117	49711	1
3034	49711	1
4259	49711	1
8865	49711	1
9435	49711	1
3485	49714	1
8923	49714	1
9625	49714	1
5921	49725	1
9561	49725	1
328	49920	1
2701	49920	1
8806	49920	1
1512	50053	1
1723	50053	1
4127	50053	1
5396	50053	1
8213	50053	1
579	50097	1
915	50097	1
2055	50097	1
2727	50097	1
8150	50097	1
9526	50097	1
1078	50099	1
5318	50099	1
6279	50099	1
4147	50165	1
5487	50165	1
9637	50165	1
558	50172	1
1128	50172	1
9676	50172	1
1078	50247	1
5318	50247	2
6279	50247	1
4066	50267	1
8944	50267	1
392	50300	1
1267	50300	1
1828	50300	1
3034	50300	1
3840	50300	1
6768	50300	1
7349	50300	1
8393	50300	1
8806	50300	1
9315	50300	1
4127	50303	1
4701	50303	1
6700	50303	1
6711	50303	1
8042	50304	1
9527	50304	1
1958	50344	1
3821	50344	1
8145	50344	1
2896	50353	1
8865	50353	1
1958	50361	1
5771	50361	1
8145	50361	1
9526	50361	1
3182	50370	1
4527	50370	1
6870	50370	1
9902	50370	1
174	50400	1
256	50400	1
3428	50400	1
4127	50400	1
4603	50400	1
6883	50400	1
9126	50400	1
257	50424	1
642	50424	1
1818	50424	1
2943	50424	1
3912	50424	1
4316	50424	1
6363	50424	1
6700	50424	1
1160	50529	1
3291	50529	1
9696	50529	1
4259	50553	1
8865	50553	1
4127	50593	1
6165	50593	1
8865	50593	1
1128	50596	1
3900	50596	1
4598	50596	1
8451	50596	1
8923	50596	1
9538	50596	1
6465	50597	1
6725	50618	1
726	50623	1
5205	50623	1
1602	50627	1
2205	50627	1
4056	50627	1
6563	50627	1
6609	50627	1
6885	50627	1
8054	50627	1
8233	50627	1
8252	50627	1
8865	50627	1
9561	50627	1
9589	50627	1
991	50631	1
1325	50631	1
4127	50631	1
8054	50631	1
56	50661	1
1747	50661	1
3041	50661	1
4341	50661	1
6625	50661	1
6725	50661	1
8467	50661	1
8887	50661	1
9803	50661	1
23	50684	1
342	50684	1
5318	50684	1
9637	50684	1
2619	50700	1
3501	50700	1
9526	50700	1
9784	50700	1
1004	50710	1
9461	50710	1
2157	50726	1
3215	50726	1
3784	50726	1
7776	50726	1
8956	50726	1
9890	50726	1
1118	50735	1
1267	50735	1
3428	50735	1
4482	50735	1
5307	50735	1
9890	50735	1
9461	50753	1
958	50780	1
2006	50780	1
5396	50780	1
89	50813	1
1467	50813	1
2196	50813	1
3247	50813	1
3602	50813	1
321	50818	1
710	50818	1
7365	50818	1
7874	50818	1
5396	50819	1
540	50864	1
2119	50864	1
3518	50864	1
3822	50864	1
4259	50864	1
4976	50864	1
311	50931	1
1382	50931	1
2323	50931	1
3182	50931	1
5254	50931	1
7386	50931	1
7621	50931	1
2477	50977	1
3735	50977	1
4191	50977	1
4639	50977	1
8479	50977	1
9175	50977	1
9768	50977	1
9890	50977	1
3873	50995	1
4223	50995	1
5267	50995	1
5318	51019	1
4127	51041	1
4963	51041	1
8551	51041	1
830	51069	1
6465	51069	1
8885	51069	1
4041	51119	1
8032	51119	1
2920	51163	1
4127	51163	1
4562	51163	1
5683	51163	2
6483	51163	2
6787	51163	1
8449	51163	1
6700	51175	1
8142	51175	1
746	51232	1
1467	51232	1
2132	51232	1
5318	51232	1
9526	51232	2
9763	51232	1
9805	51232	1
1329	51256	1
7386	51256	1
2085	51343	1
328	51348	1
5303	51348	1
7169	51348	1
8969	51348	1
9394	51348	1
3034	51496	2
3822	51496	1
9323	51496	1
9561	51496	1
579	51522	1
3873	51565	1
9890	51565	1
3182	51577	1
8865	51577	1
991	51587	1
2950	51587	1
4088	51587	1
4127	51587	1
4365	51587	1
4366	51587	1
4914	51587	1
5318	51587	1
5892	51587	1
9947	51587	1
8384	51597	1
5110	51607	1
8134	51607	1
9526	51607	1
2835	51640	1
3630	51640	1
5188	51640	1
5382	51640	1
6981	51640	1
5086	51701	1
5783	51701	1
8865	51701	1
9023	51701	1
5110	51801	1
7408	51801	1
2036	51860	1
2257	51860	1
3501	51860	1
6565	51860	1
6941	51860	1
7486	51860	1
9183	51860	1
1959	51884	1
3273	51884	1
8562	51884	1
8923	51884	1
9561	51884	1
515	51905	1
3136	51905	1
3602	51905	1
3638	51905	1
7027	51905	1
7073	51905	1
7400	51905	1
7988	51905	1
8449	51905	1
9806	51905	1
8978	51923	1
9637	51927	1
158	51944	1
1625	51944	1
5604	51944	1
7921	51944	1
8040	51944	1
8308	51944	1
9549	51944	1
9600	51944	1
366	51955	1
385	51955	1
1749	51955	1
2267	51955	1
3511	51955	1
5318	51955	1
7408	51955	1
7621	51955	1
8817	51974	1
9538	51974	1
526	52006	1
4127	52006	1
5562	52006	1
7520	52006	1
1602	52084	1
2943	52084	1
8520	52084	1
1267	52090	1
1512	52090	1
4088	52090	1
6396	52090	1
8792	52090	1
8865	52090	1
3925	52325	1
4056	52325	1
4127	52325	1
4895	52325	1
6560	52325	1
6781	52325	1
8843	52325	1
8865	52325	1
5124	52491	1
6413	52491	1
9300	52491	1
9806	52491	1
9926	52491	1
9049	52576	1
219	52612	1
3735	52612	1
4127	52612	1
7215	52612	1
7979	52612	1
8341	52612	1
2534	52618	1
6768	52618	1
7799	52618	1
9120	52618	1
9589	52618	1
1739	52778	1
4838	52778	1
7621	52778	1
9561	52778	1
2097	52815	1
3568	52815	1
4111	52815	1
8510	52815	1
8969	52815	1
9915	52815	1
5318	52868	1
9962	52868	2
2048	52893	1
3034	52893	1
3087	52893	1
3425	52893	1
3774	52893	1
3901	52893	1
3933	52893	1
4259	52893	1
5161	52893	1
7759	52893	1
4838	52911	1
5163	52911	1
7621	52911	1
8052	52911	1
3763	53062	1
5226	53062	1
7051	53062	1
4269	53098	1
9474	53098	1
8727	53111	1
63	53122	1
5318	53122	2
7986	53122	1
3034	53133	1
3211	53133	1
9394	53133	1
3215	53172	1
5090	53172	1
9813	53172	1
3568	53214	1
7262	53214	1
8380	53214	1
8995	53214	1
56	53215	1
2330	53215	1
3294	53215	1
3305	53215	1
6700	53215	1
4152	53226	1
3417	53237	1
4973	53237	1
6388	53237	1
8479	53237	1
8865	53237	1
1700	53261	1
2175	53261	1
5710	53261	1
162	53291	1
1108	53291	1
1632	53291	1
1638	53291	1
2140	53291	1
2917	53291	1
3146	53291	1
5318	53291	1
8540	53291	1
565	53321	1
3425	53321	1
3501	53321	1
4127	53321	1
6048	53321	1
8865	53321	1
9669	53321	1
1707	53349	1
8072	53349	1
4516	53375	1
5318	53375	1
6870	53375	1
243	53427	1
857	53427	1
3182	53427	1
4516	53427	1
826	53445	1
829	53445	1
3917	53445	1
5318	53484	1
7638	53484	1
9538	53491	1
1017	53494	1
2931	53494	1
4127	53494	1
8865	53494	1
5267	53499	1
412	53518	1
1922	53518	1
3701	53518	1
4127	53518	1
4152	53545	1
8207	53625	1
6870	53681	1
1128	53703	1
4127	53703	1
6301	53703	1
8339	53703	1
9650	53703	1
1329	53722	1
3143	53722	1
3425	53722	1
5787	53722	1
5854	53722	1
7386	53722	1
4127	53760	1
9538	53760	1
9677	53760	1
63	53773	1
4223	53773	1
6998	53773	1
7759	53773	1
8207	53773	1
8380	53773	1
2464	53836	1
2968	53836	1
3191	53836	1
3930	53836	1
5046	53836	1
5318	53836	1
5854	53836	1
6463	53836	1
6464	53836	1
5866	53846	1
8293	53846	1
9974	53846	1
306	53905	1
3211	53905	1
8879	53905	1
1597	53975	1
4127	53975	1
5820	53975	1
6254	53975	1
7986	53975	1
5748	54015	1
5318	54022	1
8865	54022	1
4088	54039	1
5181	54039	1
6998	54039	1
8995	54039	1
9500	54039	2
9766	54039	1
4728	54152	1
7986	54152	1
9445	54152	1
1467	54239	1
1504	54239	1
6146	54239	1
9561	54239	1
40	54292	1
63	54292	1
1960	54292	1
3029	54292	1
3294	54292	1
4644	54292	1
5756	54292	1
5924	54292	1
6106	54292	1
7528	54292	1
7874	54292	1
9165	54292	1
9589	54292	1
6963	54319	1
7819	54319	1
8207	54319	1
8380	54319	1
1727	54320	1
2155	54320	1
905	54389	1
1894	54389	1
3822	54389	1
8213	54389	1
8293	54389	1
146	54444	1
4111	54444	1
5782	54444	1
3425	54445	1
8578	54445	1
936	54462	1
1959	54462	1
4127	54462	1
4423	54462	1
8129	54462	1
9624	54462	1
726	54540	1
841	54540	1
894	54540	1
1469	54540	1
2132	54540	1
2155	54540	1
4127	54540	1
5844	54540	1
6304	54540	1
4127	54594	1
9230	54594	1
558	54613	1
825	54613	1
4733	54613	1
439	54618	1
1549	54618	1
1632	54618	1
2260	54618	1
2905	54618	1
4150	54618	1
8784	54618	1
829	54630	1
3511	54645	1
3836	54645	1
4127	54645	1
4142	54645	1
6700	54645	1
8783	54645	1
9669	54645	1
9768	54645	1
2260	54647	1
3091	54647	1
5064	54647	1
5074	54647	1
5226	54647	1
7855	54647	1
9806	54647	1
2727	54679	1
3294	54679	1
878	54832	1
1382	54832	1
3294	54832	1
4068	54832	1
5301	54832	1
5303	54832	1
7408	54832	1
8268	54832	1
8520	54832	1
8865	54832	1
1637	54882	1
2484	54882	1
4127	54882	2
5181	54882	1
6304	54882	1
9885	54882	1
8969	54929	1
446	55029	1
1747	55029	1
4056	55029	1
5054	55029	1
7776	55029	1
8395	55029	1
2097	55069	1
5402	55069	1
6539	55069	1
7776	55069	1
8380	55069	1
1833	55095	1
4260	55095	1
4349	55095	1
6464	55095	1
9924	55095	1
4088	55130	1
3034	55187	1
8969	55187	1
9526	55187	1
1833	55189	1
5318	55189	1
1118	55215	1
2965	55215	1
23	55297	1
5318	55297	1
8207	55297	1
932	55321	1
3082	55321	1
4127	55321	1
5504	55321	1
5616	55321	1
6773	55321	1
7092	55321	1
7204	55321	1
9165	55321	1
9616	55321	1
3752	55323	1
8351	55323	1
8834	55323	1
3034	55344	1
3925	55344	1
5077	55344	1
2210	55350	1
4175	55350	1
4642	55350	1
9892	55350	1
2543	55386	1
4102	55386	1
4646	55386	1
9138	55386	1
991	55508	1
1225	55508	1
1941	55508	1
4205	55508	1
5056	55508	1
558	55551	1
726	55551	1
905	55551	1
1048	55551	1
76	55604	1
5318	55605	1
5645	55605	1
6159	55605	1
6794	55605	1
1054	55635	1
4029	55635	1
6758	55635	1
9907	55635	1
1017	55644	1
7266	55644	1
8684	55644	1
1958	55671	1
2049	55671	1
4135	55671	1
5645	55671	1
6159	55671	1
7638	55671	1
9561	55671	1
1029	55695	1
3822	55695	1
3774	55761	1
9330	55761	1
9366	55761	1
7101	55765	1
8142	55765	1
8391	55765	1
9054	55765	1
1143	55780	1
3702	55780	5
4127	55780	1
8053	55780	1
2561	55785	1
109	55786	1
723	55786	1
3004	55786	1
3392	55786	1
3752	55786	1
4604	55786	1
5301	55786	1
5700	55786	1
7030	55786	1
8743	55786	1
9010	55786	1
9604	55786	1
418	55787	1
4481	55787	1
7204	55787	1
636	55805	1
3752	55805	1
6497	55805	1
8683	55805	1
8743	55805	1
1744	55852	1
4041	55852	1
6009	55852	1
7759	55852	1
3340	55878	1
2049	55940	1
5267	56115	1
579	56179	1
1060	56179	1
3735	56179	1
9813	56179	1
325	56222	1
4127	56222	1
7334	56222	1
8817	56222	1
9498	56222	1
3774	56433	1
114	56477	1
1143	56477	1
1222	56477	1
4127	56491	1
5074	56491	1
5116	56491	1
7708	56491	1
3970	56501	1
6881	56501	1
8560	56501	1
1554	56535	1
2878	56535	1
7494	56535	1
7819	56535	1
8246	56535	1
3392	56606	1
6104	56606	1
470	56632	1
5318	56632	1
6301	56632	1
6870	56632	1
7986	56632	1
1118	56649	1
8627	56701	1
9500	56701	1
1479	56737	1
1505	56737	1
3289	56737	1
4466	56737	1
4807	56737	1
9998	56737	1
328	56745	1
2190	56745	1
4312	56745	1
7169	56745	1
841	56805	1
4113	56805	1
4127	56805	1
4250	56805	1
4642	56805	1
6625	56805	1
7389	56805	1
4127	56847	1
6859	56847	1
7608	56847	1
3114	56859	1
5226	56859	1
5550	56859	1
7581	56859	1
2766	56883	1
4247	56883	1
8183	56883	1
8969	56883	1
1608	56918	1
1937	56918	1
4113	56918	1
5318	56918	1
5672	56918	1
9825	56918	1
3005	56925	2
4078	57064	1
4127	57064	1
8395	57064	1
1958	57078	1
4127	57078	1
9175	57078	1
3182	57079	2
4127	57079	1
4229	57079	1
5226	57079	1
3533	57106	1
3752	57106	1
4127	57106	1
8509	57106	1
1602	57117	1
2816	57117	1
2894	57117	1
3091	57117	1
4963	57117	1
7041	57117	1
7087	57117	1
3182	57155	1
4516	57155	1
6870	57155	1
171	57171	1
579	57171	1
4127	57171	1
4130	57171	1
5318	57171	1
8879	57171	1
9853	57171	1
3615	57182	1
3182	57192	1
4516	57192	1
6870	57192	1
3873	57272	1
9266	57272	1
2078	57292	1
8503	57292	1
9610	57292	1
2257	57368	1
4458	57368	1
6068	57368	1
6299	57368	1
3359	57392	1
6386	57392	1
1451	57404	1
2643	57404	1
3559	57404	1
5267	57404	1
9516	57404	1
9584	57404	1
3915	57524	1
8969	57524	1
9493	57524	1
9500	57524	4
4661	57530	1
25	57630	1
1074	57630	1
3752	57630	1
9470	57630	1
9784	57630	1
510	57717	1
558	57717	1
2427	57717	1
3752	57717	1
3917	57717	1
6812	57717	1
7191	57717	1
2768	57773	1
5208	57773	1
5496	57773	1
5873	57773	1
8380	57773	1
3392	57866	1
6329	57866	1
6452	57866	1
3711	58161	2
3873	58161	1
6700	58161	1
1004	58171	1
1331	58171	1
2445	58171	1
2446	58171	1
2937	58171	1
2951	58171	1
7743	58171	1
8213	58171	1
8806	58171	1
8887	58171	1
6618	58196	1
8452	58196	1
8503	58196	1
1118	58220	1
7621	58220	1
7698	58220	1
8042	58220	1
8944	58220	3
843	58231	1
1736	58231	1
2445	58231	1
2968	58231	1
5780	58231	1
7195	58231	1
9030	58231	1
9265	58231	1
9500	58231	1
976	58237	1
1017	58237	1
9800	58237	1
9890	58237	1
1186	58240	1
2531	58240	1
4127	58240	1
5153	58260	1
9128	58260	2
1270	58377	1
3956	58377	1
1382	58441	1
1767	58441	1
6982	58441	1
8449	58441	1
603	58472	1
2150	58472	1
3784	58472	1
7874	58472	1
1881	58492	1
8054	58492	1
9588	58492	1
4963	58589	1
8102	58589	1
9926	58589	1
1449	58591	1
4223	58591	1
4259	58591	1
4312	58591	1
7279	58591	1
8525	58591	1
9926	58591	1
3497	58611	1
3504	58611	1
9870	58611	1
2048	58650	1
3774	58650	1
6025	58650	1
7272	58650	1
9757	58650	1
4642	58748	1
6609	58748	1
1880	58772	1
3634	58772	1
4113	58772	1
5367	58772	1
9669	58772	1
3211	58832	2
9976	58832	2
855	58833	1
878	58833	1
2477	58833	1
2719	58833	1
3034	58833	1
6700	58833	1
312	58906	1
4099	58906	1
4127	58906	1
677	58978	1
4127	58978	1
3518	59039	1
4088	59039	1
5077	59039	1
7766	59039	1
3034	59046	1
6998	59046	1
8865	59046	1
9766	59046	1
1018	59063	1
3114	59063	1
4840	59063	1
7485	59063	1
8309	59063	1
8887	59063	1
9394	59063	1
925	59076	1
4065	59076	1
1266	59219	1
1809	59219	1
3173	59219	1
3213	59219	1
3702	59219	2
4127	59219	1
4786	59219	1
7621	59219	1
8865	59219	1
9924	59219	1
1356	59230	1
1463	59230	1
4127	59230	1
5160	59230	1
5318	59230	1
5817	59230	1
7550	59230	1
2205	59366	1
3266	59366	1
4094	59366	1
5053	59366	1
8180	59366	1
9538	59366	1
2620	59475	1
2672	59475	1
3873	59475	1
5077	59475	1
5318	59475	2
6700	59475	1
7581	59475	1
1186	59495	1
2531	59495	1
2688	59495	1
4127	59495	1
6769	59495	1
101	59560	1
3511	59560	1
8213	59560	1
8269	59560	1
9242	59560	1
9676	59560	1
1147	59679	1
1456	59679	1
3034	59679	1
4259	59679	1
5161	59679	1
5318	59679	1
7776	59679	1
8741	59679	1
9198	59679	1
9535	59679	3
1266	59743	1
1633	59743	1
5267	59743	1
5298	59743	1
5768	59743	1
6464	59743	1
9538	59743	1
291	59750	1
1021	59750	1
3501	59750	1
7882	59750	1
9526	59750	1
9813	59750	1
6217	59765	1
