698	29427	1
1940	29427	1
4127	29427	1
6317	29427	1
6609	29427	1
6690	29427	1
3518	29572	1
6625	29572	2
9526	29572	1
2917	29871	1
4127	29871	1
558	30023	1
3501	30023	1
5074	30023	1
5318	30023	1
8547	30023	1
9265	30023	1
1828	30046	1
5199	30046	1
6871	30046	1
8229	30046	1
9416	30046	1
9417	30046	1
9766	30046	1
256	30110	1
2046	30110	1
3110	30110	1
4113	30110	1
8586	30110	1
9416	30110	1
9417	30110	1
9538	30110	1
1806	30155	1
4399	30155	1
6661	30155	1
6768	30155	1
9165	30155	1
9416	30155	1
9417	30155	1
9538	30155	1
2046	30197	1
3392	30197	1
3873	30197	1
6859	30197	1
6965	30197	1
7870	30197	1
9416	30197	1
958	30224	1
2212	30224	1
8865	30224	1
2312	30230	1
4111	30230	2
6768	30230	1
7410	30230	1
9175	30230	1
9416	30230	1
3914	30255	1
4088	30255	1
7906	30255	1
9416	30255	1
9417	30255	1
687	30502	1
1602	30502	1
1656	30502	1
1854	30502	1
3982	30502	1
4846	30502	1
7660	30502	1
8865	30502	1
8978	30502	1
9924	30502	1
1602	30525	1
1854	30525	1
4088	30525	1
5160	30525	1
5267	30525	1
5783	30525	1
7735	30525	1
8021	30525	1
9809	30525	1
3823	30726	1
4711	30726	1
6254	30726	1
9637	30726	1
402	30800	1
5509	30800	1
201	31005	1
758	31005	1
6781	31005	1
8586	31005	1
8978	31005	1
9417	31005	1
9526	31005	1
9538	31005	1
7409	31208	1
201	31792	1
1810	31792	1
2427	31792	1
3970	31792	1
5856	31792	1
6768	31792	1
9417	31792	1
4399	32035	1
6768	32035	1
7870	32035	1
8630	32035	1
9417	32035	1
1440	32148	1
1593	32148	1
2446	32148	1
2574	32148	1
4452	32148	1
5513	32148	1
8144	32148	1
9202	32148	1
9768	32148	1
201	32181	1
2293	32181	1
3091	32181	1
5226	32181	1
7385	32181	2
9417	32181	1
610	32218	1
1504	32218	1
3511	32218	1
3900	32218	1
5141	32218	1
6436	32218	1
1941	32807	1
4127	32807	1
6385	32807	1
7743	32807	1
1382	33792	1
9825	33792	1
746	34101	1
1512	34101	1
2061	34101	1
2195	34101	1
4633	34101	1
5303	34101	1
9864	34101	1
558	34118	1
4235	34118	1
4567	34540	1
5318	34540	1
8213	34554	1
9153	34554	1
2477	35013	1
2965	35013	1
3091	35013	1
3821	35013	1
4522	35013	1
6847	35013	1
4507	35642	1
6785	35642	1
9924	35642	1
9947	35642	1
9394	36423	1
1118	36511	1
9394	36511	1
3982	36522	1
6711	36522	1
8250	36522	1
8887	36522	1
9526	36522	1
341	36578	1
3405	36578	1
3703	36578	1
3735	36578	1
5208	36578	1
5301	36578	1
5443	36578	1
5797	36578	1
341	36636	1
3405	36636	1
3703	36636	1
3735	36636	1
3821	36636	1
5208	36636	1
5301	36636	1
5443	36636	1
5797	36636	1
341	36693	1
3405	36693	1
3703	36693	1
3735	36693	1
3821	36693	1
5208	36693	1
5301	36693	1
5797	36693	1
6868	36693	1
2390	36776	1
3821	36776	1
8213	36776	1
2048	37175	1
2446	37175	1
3100	37175	2
3914	37175	1
3987	37175	1
5443	37175	1
6119	37175	1
7977	37175	2
8421	37175	1
8825	37175	1
9323	37175	1
9526	37175	1
3034	37258	1
4661	37258	1
4861	37258	1
8865	37258	1
526	37374	1
3314	37374	1
3752	37374	1
8098	37374	1
8995	37374	1
1882	37386	1
2048	37386	1
2750	37386	1
6060	37386	1
6061	37386	1
6119	37386	1
7986	37386	1
8825	37386	1
905	37401	1
7367	37401	1
2522	37445	1
3691	37445	1
5292	37445	1
5877	37445	1
7102	37445	2
8213	37445	1
8769	37445	1
8865	37445	1
9394	37445	1
9669	37445	1
1632	37518	1
1906	37534	1
3431	37534	2
3752	37534	1
4286	37534	1
5318	37534	1
8671	37534	1
3405	37722	1
4088	37722	1
5443	37722	1
1958	39745	1
2324	39745	1
5296	39745	1
6870	39745	1
6970	39745	1
8218	39745	1
8242	39745	1
9542	39745	1
3836	40004	1
8865	40004	1
5267	40064	1
9526	40064	1
5892	41338	1
5892	41363	1
9010	41363	1
9890	41363	1
779	41529	1
2750	41529	1
3238	41529	1
4094	41529	1
4463	41529	1
4712	41529	1
4846	41529	2
8788	41529	1
9526	41529	1
9976	41529	1
767	41743	1
779	41743	1
3752	41743	1
5267	41743	1
6287	41743	1
9175	41743	1
1334	41760	1
4456	41760	1
5892	41760	2
7098	41760	1
7469	41760	1
1839	41820	1
3238	41820	1
3821	41820	1
4127	41820	1
5991	41820	2
6214	41820	1
9612	41820	1
779	41972	1
1839	41972	1
3238	41972	1
4127	41972	1
4712	41972	1
4914	41972	1
5991	41972	1
6214	41972	1
8570	41972	1
9612	41972	1
2616	42020	1
2622	42020	1
3836	42020	1
5911	42020	1
1937	42174	1
3435	42174	1
3511	42174	1
3665	42174	1
6859	42174	1
7058	42174	1
7590	42174	1
506	42287	1
1580	42287	1
3321	42287	1
3984	42287	1
4127	42287	1
8079	42287	1
8380	42287	1
8794	42287	1
8865	42287	1
9448	42287	1
9841	42287	1
9974	42287	1
619	42313	1
3435	42313	1
4127	42313	1
4798	42313	1
5991	42313	2
7590	42313	1
9822	42313	1
9883	42313	1
1813	42347	1
1881	42347	1
3735	42347	1
5991	42347	1
7590	42347	1
1529	42591	1
2194	42591	1
4056	42591	1
5854	42591	1
6394	42591	1
7774	42591	1
8395	42591	1
2024	43134	1
3741	43134	1
4113	43134	1
4127	43134	1
5984	43134	1
246	43226	1
3087	43226	1
3752	43226	1
6492	43226	1
7954	43226	1
8408	43226	1
868	43804	1
1602	43804	1
9727	43804	1
1602	43937	1
5226	43937	1
8449	43937	1
8536	43937	1
9561	43937	1
9727	43937	1
1602	43947	1
5226	43947	1
6526	43947	1
9974	45067	1
1029	45389	1
1071	45389	1
4127	45389	1
4238	45389	1
2522	45930	1
9633	45930	1
1503	45994	1
4259	46206	1
5659	46206	1
63	46269	1
184	46269	2
1009	46269	1
2728	46269	1
3335	46269	1
9805	46269	1
616	47004	1
621	47004	1
3109	47004	1
4122	47004	2
4127	47004	1
9028	47004	1
1128	50095	1
3691	50095	1
3811	50095	1
4127	50095	1
6870	50095	1
8449	50095	1
1602	50616	1
6870	50616	1
7743	50616	1
8865	50616	1
2695	52485	1
3822	52485	1
3970	52485	1
8276	53378	1
8865	53378	1
2722	54270	1
5172	54270	1
5396	54270	1
7852	54270	1
8122	54270	1
8217	54270	1
9045	54270	1
9738	54270	1
2220	57136	1
4259	57136	1
4897	57136	1
5298	57136	1
8995	57136	1
9193	57136	1
1118	57365	1
5163	57365	1
7856	57365	1
2330	57638	1
4127	57638	1
4997	57638	2
7581	57638	1
8167	57638	1
9604	57638	1
247	57658	1
384	57658	1
4127	57658	1
5318	57658	1
6166	57658	1
6471	57658	1
7799	57658	1
9330	57658	1
862	57672	1
1118	57672	1
1225	57672	1
1672	57672	1
3392	57672	1
8293	57672	1
9551	57672	1
1125	57683	1
4271	57683	1
6399	57683	1
8144	57683	1
4056	57688	1
9561	57688	1
9278	57700	1
5249	59017	1
364	59045	1
3087	59045	1
4661	59045	1
8380	59045	1
8513	59045	1
8865	59045	1
8969	59045	1
