1689	29646	1
2188	29646	1
4504	29646	1
9610	29646	1
9727	29646	1
306	29664	1
2097	29664	1
4127	29664	1
5344	29664	1
711	29738	1
2117	29738	1
5458	29738	1
7762	29738	1
8865	29738	1
9546	29738	1
3702	30066	1
7172	30066	1
306	30151	1
4356	30151	1
5344	30151	1
1689	33949	1
2023	33949	1
2531	33949	1
4111	33949	1
8739	33949	1
4705	34063	1
8629	34063	1
63	34083	1
1223	34083	1
3763	34083	1
4056	34083	1
4445	34083	1
300	34237	1
2293	34237	1
4297	34237	1
6130	34237	1
8823	34237	1
9416	34237	1
9734	34237	1
63	34303	1
7262	34303	1
9561	34303	1
4127	39973	1
4777	39973	1
6304	39973	1
1181	43970	1
9704	43970	1
9722	43970	1
1602	43992	1
8969	43992	1
9500	43992	1
3215	44230	1
8969	44230	1
579	44550	1
4017	44550	1
4259	44550	1
1469	44579	1
4127	44579	1
5663	44579	1
6166	44579	1
6264	44579	1
8817	44579	1
811	44627	1
4127	44627	1
5663	44627	1
6166	44627	1
8817	44627	1
3087	44863	1
5199	44863	2
5972	44863	1
6887	44863	1
8741	44863	1
312	44877	1
3747	44877	1
5199	44877	1
6851	44877	1
6887	44877	1
8502	44877	1
1602	45082	1
3409	45082	1
5892	45082	1
6166	45082	1
5892	45549	1
2532	45614	1
3034	45614	1
3409	45614	1
8380	45614	1
9926	45614	1
1288	45663	1
3409	45663	1
3409	45757	1
5208	45757	2
7166	45757	1
1512	45814	1
4056	45814	1
791	46051	1
1602	47671	1
2766	47671	1
6700	47671	1
991	47823	1
1602	47823	1
2766	47823	1
6700	47823	1
8865	47823	1
915	47886	1
1382	47886	1
3349	47886	2
3873	47886	1
4135	47886	1
4875	47886	1
9458	47886	1
976	47983	1
1009	47983	1
3625	47983	1
3790	47983	1
4127	47983	1
8594	47983	1
8969	47983	1
9512	47983	1
9788	47983	1
366	48077	1
3182	48077	1
4135	48077	1
4213	48077	1
4875	48077	1
5267	48077	1
9458	48077	1
9872	48077	1
2175	48381	1
3568	48381	1
4111	48381	1
8054	48381	1
5226	51026	1
5553	51026	1
8624	51026	1
9265	51026	1
857	51234	1
1972	51234	1
3182	51234	1
4973	51234	1
8865	51234	1
8969	51234	1
1293	52980	1
1602	52980	1
1297	53228	1
1886	53228	1
2239	53228	1
2446	53228	1
3702	53228	1
3735	53228	1
4633	53228	1
7032	53228	1
8865	53228	1
9500	53228	3
9924	53228	1
3873	53430	1
9538	53430	1
1210	53552	1
1985	53552	1
2968	53552	1
3873	53552	1
4094	53552	1
5201	53552	1
7090	53552	1
9065	53552	1
1168	53578	1
2534	53578	1
3873	53578	1
5943	53578	1
7090	53578	1
7770	53578	1
7807	53578	1
9065	53578	1
1702	53820	1
1736	53820	1
4127	53820	1
4855	53820	1
4867	53820	1
7915	53820	1
1440	55220	1
1529	55220	1
3677	55220	1
4127	55220	1
5157	55220	1
6304	55220	1
6497	55220	3
9397	55220	1
9400	55220	1
1132	55406	1
1702	55406	1
1736	55406	1
4127	55406	1
4867	55406	1
6301	55406	1
9511	55406	1
1132	58784	1
1702	58784	1
1736	58784	1
4127	58784	1
4867	58784	1
6301	58784	1
1554	58932	1
1702	58932	1
1736	58932	1
2023	58932	1
4127	58932	1
4867	58932	1
8376	58932	2
8838	58932	1
4229	58940	1
9614	58940	1
3182	59085	1
5267	59085	2
7028	59085	1
9614	59085	1
4229	59139	1
9614	59139	1
