1783	59880	1
4147	59880	1
733	60061	1
8987	60073	1
991	60216	1
8865	60216	1
9627	60216	1
191	61722	1
793	61722	1
5301	61722	1
9681	61722	2
191	61734	1
1186	62237	1
4347	62237	1
4857	62237	1
5163	62237	1
5767	62237	1
6152	62237	1
6956	62237	1
9526	62237	1
9536	62237	1
860	62239	1
1912	62239	1
3215	62239	1
3576	62239	1
4079	62239	1
8865	62239	1
558	62256	1
4806	62256	1
4852	62256	1
271	62273	1
3984	62273	1
6700	62273	1
6956	62273	1
8150	62273	1
8995	62273	1
9526	62273	1
9624	62273	1
2404	62277	1
3501	62277	1
4259	62277	1
143	62324	1
1437	62324	1
2477	62324	1
5603	62324	1
6768	62324	1
7119	62324	1
8626	62324	1
8865	62324	1
9193	62324	1
9610	62324	1
3752	62852	1
4805	62852	1
4992	62852	1
5318	62852	1
7548	62852	1
8079	62852	1
8220	62852	1
9086	62852	1
1937	62857	1
3034	62857	1
5396	62857	1
9813	62857	1
2932	62955	1
8393	62955	1
733	63038	1
1894	63038	1
4111	63038	1
4127	63038	1
5226	63038	1
5892	63038	1
4127	63433	1
4310	63433	1
613	63934	1
1935	63934	1
1958	63934	1
3211	63934	1
3155	64166	1
3735	64166	1
9394	64166	1
4127	64229	1
5482	64229	1
8630	64229	1
10010	64229	1
1143	64368	1
1783	64368	1
2424	64368	1
3735	64368	1
4127	64368	1
5318	64368	1
8573	64368	1
8865	64368	1
606	64804	1
1132	64804	1
4127	64804	1
6301	64804	1
1883	65520	1
2878	65520	1
8098	65520	1
8969	65520	1
9995	65520	1
1415	65543	1
3246	65543	1
4127	65543	1
8242	65543	1
8717	65543	1
862	65559	1
2772	65559	1
5303	65559	1
5654	65559	1
7641	65559	1
9805	65559	1
5476	65728	1
8562	65728	1
838	65733	1
3476	65733	1
4127	65733	1
5476	65733	1
6304	65733	1
5892	65743	1
384	65806	1
1985	65806	1
2931	65806	1
3020	65806	1
8130	65806	1
8263	65806	1
9974	65806	1
243	65995	1
1382	65995	1
4259	65995	1
6131	65995	1
8865	65995	1
9388	65995	1
9526	65995	1
179	66301	1
5892	66301	1
9542	66301	1
8899	66359	1
9334	66359	1
9757	66359	1
698	66560	1
2172	66560	1
5077	66560	1
5476	66560	1
6084	66560	1
6304	66560	1
7473	66560	1
1527	66631	1
5750	66631	1
1408	66797	1
3091	66797	1
3294	66797	1
3437	66797	1
5208	66797	1
5476	66797	1
5746	66797	1
5892	66797	1
6304	66797	1
7388	66797	1
7641	66797	1
8865	66797	1
9589	66797	1
698	66863	1
4127	66863	1
4886	66863	1
5476	66863	1
7147	66863	1
7473	66863	1
7886	66863	1
9589	66863	1
201	66886	1
4639	66886	1
9542	66886	1
857	66966	1
3822	66966	1
5447	66966	1
698	67151	2
4127	67151	1
4330	67151	1
5476	67151	1
6313	67151	1
7473	67151	2
4065	67232	1
5086	67232	1
5318	67232	1
8562	67232	1
8989	67232	1
511	67286	1
915	67286	1
1475	67286	1
5476	67286	1
6594	67286	1
7367	67286	1
7638	67286	1
7641	67286	1
9589	67286	1
23	67327	1
37	67327	1
3873	67327	1
5256	67327	1
6768	67327	1
7800	67327	1
7977	67327	1
915	67343	1
1632	67343	1
9546	67343	1
9926	67343	1
511	67390	2
2709	67390	1
4127	67390	1
4332	67390	1
9764	67390	1
511	67402	1
698	67402	1
2709	67402	1
3900	67402	1
4127	67402	1
7473	67402	1
9764	67402	1
526	67464	1
855	67464	1
3138	67464	1
4162	67464	1
9719	67464	1
2054	67484	1
3034	67484	1
3091	67484	2
3211	67484	1
4017	67484	1
5794	67484	1
6519	67484	1
9331	67484	1
3340	67560	1
4329	67560	1
5476	67560	1
9974	67560	1
628	67905	1
1985	67905	1
3419	67905	1
3900	67905	1
4127	67905	1
5351	67905	1
5476	67905	1
6304	67905	1
7264	67905	1
136	67960	1
698	67960	1
4127	67960	1
5064	67960	1
5351	67960	1
5476	67960	1
6304	67960	1
6625	67960	1
6986	67960	1
7473	67960	1
7641	67960	1
8969	67960	1
303	67970	1
511	67970	1
1564	67970	1
2709	67970	1
4127	67970	1
4332	67970	1
4973	67970	1
9862	67970	1
716	68005	1
7819	68005	1
1029	68018	1
4539	68018	1
5086	68018	1
9538	68018	1
511	68347	1
1132	68347	1
4127	68347	1
5476	68347	1
6304	68347	1
9589	68347	1
4127	68453	1
5476	68453	1
7153	68453	1
4127	68461	1
4332	68461	1
726	68512	1
4127	68512	1
5746	68512	1
6313	68512	1
7638	68512	1
5476	68575	1
6186	68575	1
7223	68575	1
8894	68575	1
4510	68619	1
5396	68619	1
7272	68619	1
8218	68619	1
8941	68619	1
9526	68619	2
1347	68670	1
1475	68670	1
3501	68670	1
4127	68670	1
7647	68670	1
8324	68670	1
8743	68670	1
9538	68670	1
9749	68670	1
1031	68805	1
3652	68805	1
6849	68805	1
3291	68879	1
4056	68879	1
640	68910	1
742	68910	1
1108	68910	1
8536	68910	2
8865	68910	2
9540	68910	1
742	68933	1
1878	68933	1
2448	68933	1
4162	68990	1
9146	68990	1
1448	69058	1
5296	69058	1
7971	69058	1
8865	69058	1
470	70227	1
1564	70227	1
1132	70256	1
4127	70256	1
6304	70256	1
6609	70256	1
8571	70256	1
303	70280	1
723	70280	1
2903	70280	1
3568	70280	1
8573	70280	1
8575	70280	1
3493	70577	1
5318	70577	1
1132	70819	1
4127	70819	1
5746	70819	1
5942	70819	1
6301	70819	1
4011	70851	1
4127	70851	1
4289	70851	1
6304	70851	1
8525	70851	1
511	70914	2
698	70914	1
1747	70914	1
3549	70914	1
4127	70914	1
4616	70914	1
4940	70914	1
5943	70914	1
6313	70914	1
7473	70914	1
9861	70914	1
3822	70954	1
3533	70990	1
6521	70990	1
3568	71046	1
4127	71046	1
6125	71046	1
6769	71046	1
4332	71157	1
5746	71157	1
7166	71157	1
4011	71163	1
4127	71163	1
4289	71163	1
5476	71163	1
6304	71163	1
8525	71163	1
5351	71259	1
511	71437	1
1168	71437	1
4127	71437	1
5943	71437	1
8351	71437	1
8874	71437	1
243	71510	1
513	71510	1
726	71510	1
4127	71510	1
4332	71510	1
4356	71510	1
6669	71510	1
746	71608	1
2149	71608	1
4011	71608	1
4127	71608	1
2339	71896	1
4127	71896	1
8556	71896	1
9998	71896	1
1355	72696	1
2326	72696	1
2446	72696	1
3735	72696	1
8865	72696	1
9455	72696	1
9589	72696	1
9962	72696	1
2149	73097	1
2750	73097	1
4011	73097	1
4127	73097	1
4622	73097	1
5898	73097	1
6202	73097	1
8865	73097	1
1095	73117	1
3034	73117	1
3041	73117	1
8989	73117	1
261	73133	1
3848	73133	1
3900	73133	1
7654	73133	1
1325	73145	1
1937	73145	1
2534	73145	1
2541	73145	1
3735	73145	1
7870	73145	1
8012	73145	1
8865	73145	1
1433	73279	1
3280	73279	1
3289	73279	1
1689	73283	1
9669	73283	1
3392	73441	1
4604	73441	1
3581	73447	1
7968	73688	1
8330	73688	1
2448	74142	1
7882	74142	1
4556	74195	1
4852	74195	1
9970	74195	1
2445	74225	1
2448	74225	1
4556	74225	1
9095	74225	1
5299	74283	1
6185	74283	1
2448	74284	1
4556	74284	1
1132	74814	1
2272	74814	1
3095	74814	1
4127	74814	1
7758	74814	1
8564	74814	1
8717	74814	1
3583	75704	1
66	75791	1
5181	75791	1
6507	75791	1
9175	75791	1
2846	76004	1
4127	76004	1
4261	76004	1
5005	76004	1
5465	76004	1
5943	76004	1
6304	76004	1
6870	76004	1
6941	76004	1
7090	76004	1
7879	76004	1
9054	76004	1
511	76141	1
613	76141	1
915	76141	1
3278	76141	1
4056	76141	1
6472	76141	1
6609	76141	1
3396	76172	1
3658	76172	1
3784	76172	1
1725	77363	1
3440	77363	1
7355	77363	1
1725	77390	1
3440	77390	1
7355	77390	1
1009	77654	1
1029	77654	1
4175	77654	1
5267	77654	1
7486	77654	1
8010	77654	1
8952	77654	1
371	77924	1
746	77924	1
4127	77924	1
7264	77924	1
8142	77924	1
8361	77924	1
8817	77924	1
5256	77941	1
7581	77941	1
8098	77941	1
1194	78233	2
1267	78233	1
6133	78233	1
513	78716	1
4127	78716	1
5476	78716	1
10033	78716	1
857	78849	1
1783	78849	1
2424	78849	1
3630	78849	1
3822	78849	1
4127	78849	1
6166	78849	1
6301	78849	1
6472	78849	1
136	78952	1
2049	78952	1
2212	78952	1
4799	78952	1
5029	78952	1
5267	78952	2
5603	78952	1
5854	78952	1
9526	78952	1
9769	78952	1
472	79020	1
1835	79020	1
2102	79020	1
3182	79020	1
3970	79020	1
7106	79020	1
7986	79020	1
8467	79020	1
8987	79020	1
56	79084	1
3291	79084	1
3349	79084	1
5272	79084	1
5603	79084	1
7885	79084	1
8513	79084	1
9526	79084	3
9634	79084	1
2120	79101	1
8536	79101	1
3800	79332	1
4799	79332	1
5267	79332	1
5603	79332	1
6166	79332	1
6557	79332	1
9526	79332	1
1835	79370	1
2728	79370	1
5318	79370	1
1132	79405	1
3205	79405	1
4127	79405	1
4332	79405	1
4927	79405	1
6313	79405	1
6609	79405	1
8571	79405	1
5267	79473	2
5603	79473	1
6700	79473	2
9526	79473	2
9926	79473	1
1833	79560	1
9998	79560	2
1835	79586	1
8995	79636	1
540	79740	1
4799	79740	1
5267	79740	1
5603	79740	1
5854	79740	1
9776	79740	1
9926	79740	1
507	79746	1
511	79836	1
1132	79836	1
1469	79836	1
4127	79836	1
5458	79836	1
5943	79836	1
8449	79836	1
8533	79836	1
9890	79836	1
1325	79892	1
3752	79892	1
4127	79892	1
9538	79892	1
324	79952	1
2324	79952	1
3340	79952	1
3501	79952	1
3764	79952	1
4102	79952	1
5303	79952	1
5603	79952	1
5672	79952	1
2532	80005	1
1325	80056	1
2532	80056	1
3291	80056	1
3752	80056	1
6100	80093	1
8040	80093	1
8218	80093	1
6025	80144	1
9526	80144	1
5603	80411	1
9225	80411	1
257	80442	1
1320	80442	1
5924	80442	1
7763	80469	1
1132	80535	1
1935	80535	1
4127	80535	1
7469	80535	1
7607	80535	1
8672	80535	2
1787	80537	1
3172	80537	1
5124	80537	1
5380	80537	1
6725	80537	1
512	80665	1
5924	80665	1
6859	80665	1
7748	80665	1
9762	80665	1
2054	80744	1
7113	80744	1
87	80889	1
2999	80889	1
4356	80889	1
8483	80889	1
3881	80917	1
4111	80917	1
8669	80917	1
9561	81126	1
3182	81417	1
3266	81417	1
5303	81417	1
6700	81417	1
9415	81417	1
456	81426	1
5143	81426	1
6632	81426	1
8148	81426	1
9394	81426	1
9526	81426	1
2368	81788	1
3873	81788	1
6700	81788	1
9290	81788	1
7592	81807	1
9193	81807	1
9915	81807	1
3181	81870	1
4127	81870	1
6084	81870	1
7264	81870	1
9144	81870	1
9323	81870	1
3191	82184	1
6894	82184	1
9526	82184	1
4259	82208	1
9890	82208	1
3034	82379	1
5267	82379	1
7110	82379	1
8213	82379	1
8806	82379	1
8897	82379	1
243	82392	1
2376	82392	1
4127	82392	1
5098	82392	1
3452	82718	1
5516	82718	1
5555	82718	1
9538	82744	1
9924	82744	1
4456	82961	1
5476	82961	1
5621	82961	1
1267	83054	1
1752	83054	1
2136	83054	1
2216	83054	1
2713	83054	1
4573	83054	1
4588	83054	1
7563	83054	1
7917	83054	1
8865	83054	1
6759	83232	1
9627	83232	2
1381	83301	1
1889	83301	1
9584	83301	1
6759	83371	1
9627	83371	2
1326	83628	1
4262	83628	1
4663	83797	1
8316	83797	1
1520	83924	1
4127	83924	1
5668	83924	1
6209	83924	1
6785	83924	1
7423	83924	1
8978	83924	1
1608	84751	1
3949	84751	1
4452	84751	1
4866	84751	1
5318	84751	1
6725	84751	1
6844	84751	1
8142	84751	1
8536	84751	1
9201	84751	1
2130	84847	1
4127	84847	1
5344	84847	1
5871	84847	1
6166	84847	1
4824	84869	1
5768	84869	1
6671	84869	1
6796	84869	1
8021	84869	1
4127	84941	1
5267	84941	1
5341	84941	1
190	84956	1
9396	84956	1
9526	84956	1
5220	84963	1
7078	84963	1
7895	84963	1
7901	84963	1
1029	85603	1
5481	85603	1
3182	86192	1
4223	86192	1
4366	86192	1
5226	86192	1
8267	86192	1
8865	86192	1
1148	86265	1
1759	86265	1
640	86493	1
5201	86493	1
9546	86493	2
3873	86599	1
8042	86599	1
63	86827	1
353	86827	1
1630	86827	1
4426	86827	1
7272	86827	1
3191	86838	1
1256	86845	1
3568	86845	1
8995	86845	1
558	86857	1
1365	86857	1
3280	86857	1
3774	86857	1
5208	86857	1
4271	87040	1
5184	87042	1
5199	87042	2
5318	87042	1
7587	87042	1
7695	87042	1
8865	87042	1
9571	87042	1
857	87112	1
2470	87112	1
2505	87112	1
3371	87112	1
4127	87112	2
4195	87112	1
4448	87112	1
4451	87112	1
6433	87112	1
6618	87112	1
7621	87112	1
7658	87112	1
9121	87112	1
9166	87112	1
857	87172	1
2470	87172	1
2505	87172	1
3371	87172	1
4127	87172	2
4195	87172	1
4450	87172	1
4451	87172	1
6433	87172	1
6618	87172	1
7658	87172	1
9121	87172	1
4127	87184	2
4196	87184	1
4449	87184	1
4450	87184	1
1034	87201	1
1253	87201	1
2470	87201	1
2483	87201	1
4127	87201	2
4196	87201	1
4448	87201	1
4450	87201	1
6472	87201	1
6955	87201	1
7621	87201	1
9924	87201	1
1034	87218	1
1253	87218	1
2470	87218	1
2483	87218	1
4127	87218	2
4196	87218	1
4448	87218	1
4449	87218	1
6472	87218	1
6955	87218	1
7621	87218	1
2470	87234	1
3371	87234	1
4127	87234	2
4448	87234	1
4449	87234	1
4450	87234	1
4834	87234	1
6433	87234	1
8865	87234	1
9365	87234	1
9716	87234	1
9915	87234	1
2470	87254	1
3371	87254	1
4127	87254	2
4448	87254	1
4449	87254	1
4450	87254	1
4834	87254	1
6433	87254	1
7621	87254	1
8865	87254	1
9166	87254	1
9365	87254	1
9716	87254	1
930	87274	1
2603	87274	1
3658	87274	1
3774	87274	1
1132	87673	2
4056	87673	1
4127	87673	1
6301	87673	1
4056	87836	1
5318	87836	1
447	88007	1
7164	88007	1
7467	88007	1
9716	88007	1
4127	88026	1
4522	88026	1
7476	88026	1
8533	88026	1
8865	88026	1
534	88119	1
2065	88119	1
5766	88119	1
8098	88119	1
9538	88119	1
811	88385	1
1236	88385	1
5130	88385	1
9716	88385	1
5130	88389	1
6186	88389	1
7520	88389	1
9669	88389	1
9669	88475	1
6894	88506	1
7467	88506	1
2324	88675	1
4127	88675	1
6768	88675	1
134	88710	1
837	88710	1
1225	88710	1
7166	88895	1
8098	89344	1
8425	89344	1
4127	89496	1
6588	89496	1
6619	89496	1
2330	90027	1
4127	90037	1
5794	90037	1
1037	90063	1
4127	90063	1
5031	90063	1
6560	90063	1
7264	90186	1
8098	90186	1
436	90250	1
2955	90250	1
3198	90250	1
3873	90250	1
430	90257	1
1353	90257	1
2046	90257	1
2953	90257	1
3087	90257	1
4121	90257	1
4127	90257	1
4598	90257	1
5755	90257	1
6787	90257	1
8969	90257	1
1580	90364	1
7968	90364	1
8535	90364	1
194	90562	1
733	90562	1
7365	90562	1
8380	90562	1
8894	90562	1
1132	90660	1
3881	90660	1
4127	90660	1
4438	90660	1
6301	90660	1
1452	90704	1
2324	90704	1
4259	90704	1
5056	90704	1
6768	90704	1
1886	91053	2
2456	91053	1
5226	91053	1
8375	91053	1
2522	91088	1
5018	91088	1
5298	91088	1
8098	91088	1
9394	91088	1
4070	91142	1
9538	91142	1
1702	91257	1
2750	91257	1
4262	91257	1
6185	91257	1
5700	91295	1
6185	91295	1
6986	91295	1
3568	91396	1
3903	91396	1
4862	91396	1
5153	91396	1
5318	91396	1
2522	91445	1
4127	91445	1
6711	91445	1
7581	91445	1
9669	91445	1
850	91464	1
6185	91464	1
4297	91487	1
5318	91487	1
6185	91487	1
