3731	59834	1
5968	59834	1
3140	59850	1
9538	59850	1
6472	59896	1
8879	59896	1
9130	59896	1
229	59906	1
3576	59906	1
4907	59996	1
8923	59996	1
9004	59996	2
1892	60014	1
4111	60014	1
8294	60014	1
9062	60014	1
167	60023	1
1957	60023	1
3087	60023	1
3142	60023	1
4056	60023	1
4127	60023	1
4398	60023	1
4613	60023	1
4653	60023	1
4807	60023	1
9468	60023	1
1453	60059	1
4111	60059	1
7215	60059	1
7622	60059	1
8743	60059	1
8865	60059	1
1580	60147	1
1752	60147	1
5279	60147	2
5307	60147	1
6166	60147	1
7317	60147	1
7492	60147	1
7715	60147	1
7739	60147	1
8245	60147	1
9175	60147	1
9526	60147	1
857	60240	1
3822	60240	1
6598	60240	1
8723	60240	1
4094	60291	1
1329	60453	1
1267	60799	1
8449	60799	1
243	60820	1
8098	61278	1
8229	61278	1
9228	61278	1
3087	61373	1
3549	61373	1
3790	61373	1
4111	61373	1
7259	61373	1
9038	61373	1
167	61797	1
4056	61797	2
4127	61797	1
4398	61797	1
4613	61797	1
4653	61797	1
4807	61797	1
8630	61797	1
3742	61943	1
5267	61943	1
7128	61943	1
7792	61943	1
9784	61943	1
9866	61943	1
9962	61943	1
1267	61956	1
3742	61956	1
5077	61956	1
5267	61956	1
7986	61956	1
9201	61956	1
9768	61956	1
9866	61956	1
9890	61956	1
418	61966	1
1062	61966	1
1225	61966	1
4481	61966	1
3742	62002	1
5267	62002	1
9866	62002	1
9925	62002	1
9538	62194	1
3742	62357	1
5267	62357	1
9866	62357	1
5318	62397	1
7622	62397	1
9149	62397	1
3742	62526	1
8806	62526	1
9866	62526	1
1440	62682	1
2142	62682	1
3273	62682	1
4056	62682	1
4998	62682	1
7743	62682	1
3043	63050	1
4534	63050	1
5632	63050	1
7098	63050	1
7469	63050	1
9062	63050	1
9625	63050	1
2477	63081	1
8098	63081	1
1937	63113	1
2736	63113	1
2864	63113	1
5632	63113	1
6146	63113	1
6700	63113	1
8879	63113	1
1883	63161	1
4017	63161	1
6166	63161	1
6768	63161	1
7365	63161	1
8772	63161	1
9526	63161	1
5892	63201	1
6166	63201	1
6768	63201	1
7365	63201	1
8395	63201	1
8684	63201	1
8922	63201	1
9526	63201	1
5893	63202	1
7748	63202	1
8395	63202	1
8922	63202	1
9784	63202	1
310	63218	1
2074	63218	1
2968	63218	1
5318	63218	1
5794	63218	1
8570	63218	1
8571	63218	1
9589	63218	1
2865	63246	1
3034	63246	1
3075	63246	1
4017	63246	1
5768	63246	1
5893	63246	1
9334	63246	1
6895	63688	1
3784	64035	1
5911	64043	1
8083	64043	1
581	64375	1
6894	64375	1
8879	64375	1
907	64396	1
3232	64396	1
7259	64396	1
7817	64396	1
2200	64399	1
2445	64399	1
2888	64399	1
2955	64399	1
5318	64399	4
6725	64399	1
8213	64399	2
979	64405	1
1448	64405	1
2477	64405	1
2949	64405	1
5208	64405	1
5318	64405	3
5921	64405	1
7262	64405	1
2955	64414	1
3081	64414	1
3917	64414	1
4680	64414	1
5318	64414	1
6796	64414	1
7919	64414	1
1943	64417	1
3822	64417	1
5318	64417	1
8887	64417	1
5301	64421	1
5318	64421	1
5655	64421	1
2202	64434	1
2243	64434	1
3822	64434	1
5318	64434	4
8054	64434	1
9763	64434	1
58	64442	1
1632	64442	1
3511	64442	1
4044	64442	1
5318	64442	4
8887	64442	1
1126	64451	1
3917	64451	1
5318	64451	2
8010	64451	1
8276	64451	1
8368	64451	1
8978	64451	1
5318	64464	1
2164	64479	1
2188	64479	1
2289	64479	1
3142	64479	1
4127	64479	1
4613	64479	1
5208	64479	1
7743	64479	1
8909	64479	1
9474	64479	1
9974	64479	1
8806	64588	1
9926	64588	1
3294	64861	1
3703	64861	1
3836	64861	1
4502	64861	1
6859	64861	1
7622	64861	1
8227	64861	1
8395	64861	1
162	64904	1
2366	64904	1
3038	64904	1
6257	64904	1
3735	64909	1
4127	64909	1
7236	64909	1
9330	64909	1
3109	64915	1
9637	64915	1
167	64980	1
4127	64980	1
4398	64980	1
4523	64980	1
4613	64980	1
4653	64980	1
4807	64980	1
6301	64980	1
1689	65059	1
5318	65083	1
303	65093	1
1013	65093	1
1213	65093	1
1278	65093	1
1602	65093	1
2161	65093	2
4127	65093	1
4653	65093	1
5249	65093	1
167	65096	1
1013	65096	1
4127	65096	1
4398	65096	1
4613	65096	1
4653	65096	1
4807	65096	1
4963	65096	1
4214	65102	1
5318	65102	1
6301	65102	1
167	65171	1
4127	65171	1
4398	65171	1
4523	65171	1
4613	65171	1
4653	65171	1
4807	65171	1
5224	65171	1
6301	65171	1
167	65172	1
4127	65172	1
4398	65172	1
4613	65172	1
4653	65172	1
4807	65172	1
6937	65172	1
167	65190	1
4127	65190	1
4398	65190	1
4523	65190	1
4613	65190	1
4653	65190	1
4807	65190	1
5340	65190	1
6301	65190	1
2231	65191	1
4127	65191	1
6301	65191	1
7143	65191	1
7166	65191	1
8080	65191	1
115	65207	1
2580	65207	1
3091	65207	1
3142	65207	1
4111	65207	2
4613	65207	1
5055	65207	1
7543	65207	1
123	65253	1
167	65253	1
4963	65253	1
6063	65253	1
6848	65253	1
8098	65253	1
8462	65253	1
8865	65253	1
167	65270	1
2616	65270	1
4127	65270	1
4398	65270	1
4613	65270	1
4653	65270	1
4807	65270	1
5892	65270	1
1158	65314	1
2231	65314	1
2897	65314	1
4127	65314	1
8351	65314	1
2231	65317	1
2293	65317	1
3142	65317	1
3702	65317	1
4127	65317	1
4613	65317	1
5052	65317	1
9153	65317	1
9733	65317	1
167	65327	1
4127	65327	1
4398	65327	1
4613	65327	1
4653	65327	1
4807	65327	1
8570	65327	2
4127	65333	1
4998	65333	1
7712	65333	1
8560	65333	1
9666	65333	1
9676	65333	1
167	65338	1
257	65338	1
4127	65338	1
4398	65338	1
4613	65338	1
4653	65338	1
4807	65338	1
5892	65338	1
7266	65339	1
8684	65339	1
1240	65353	1
2534	65353	1
2894	65353	1
3359	65353	1
3711	65353	1
5077	65353	1
5892	65353	1
6593	65353	1
7287	65353	1
8339	65353	1
8865	65353	2
9526	65353	2
4056	65370	1
4127	65370	1
4605	65370	1
6071	65370	1
1382	65410	1
2389	65410	1
2470	65410	1
3518	65410	1
3735	65410	1
6859	65410	1
7622	65410	1
8743	65410	1
8865	65410	1
167	65460	1
4127	65460	1
4398	65460	1
4613	65460	1
4653	65460	1
4807	65460	1
6769	65460	1
6941	65460	1
167	65462	1
4127	65462	1
4398	65462	1
4613	65462	1
4653	65462	1
4807	65462	1
6769	65462	1
6941	65462	1
167	65468	1
4127	65468	1
4398	65468	1
4613	65468	1
4653	65468	1
4807	65468	1
6304	65468	1
167	65473	1
4127	65473	1
4398	65473	1
4523	65473	1
4613	65473	1
4653	65473	1
4807	65473	1
6301	65473	1
3284	65493	1
4613	65493	1
4806	65493	1
6956	65493	1
7698	65493	1
8736	65493	1
167	65494	1
2746	65494	1
4127	65494	1
4398	65494	1
4613	65494	1
4653	65494	1
4807	65494	1
7608	65494	1
591	65620	1
1298	65620	1
3735	65620	1
6394	65620	1
7817	65620	1
7832	65620	1
7845	65620	1
8272	65620	1
9133	65620	1
9394	65620	1
167	65640	1
2231	65640	1
3142	65640	1
3702	65640	1
4127	65640	1
4398	65640	1
4613	65640	2
4653	65640	1
4807	65640	1
5052	65640	1
2142	65784	1
6894	65784	1
7743	65784	1
167	65786	1
4127	65786	1
4398	65786	1
4523	65786	1
4613	65786	1
4653	65786	1
4807	65786	1
6301	65786	1
4127	65798	1
5055	65798	1
8324	65798	1
8793	65798	1
185	65802	1
1002	65802	1
3518	65802	1
5208	65802	1
5487	65802	1
5663	65802	1
6234	65802	1
6304	65802	1
8562	65802	1
9669	65802	1
5226	65842	1
6301	65842	1
6700	65842	1
7629	65842	1
8233	65842	1
530	65886	1
905	65886	1
3034	65886	1
5892	65886	1
7858	65886	1
8865	65886	1
125	65900	1
167	65900	1
2074	65900	1
2478	65900	1
2579	65900	1
2630	65900	1
3752	65900	1
4351	65900	1
7832	65900	1
2878	66142	1
167	66165	1
1238	66165	1
2000	66165	1
4127	66165	1
4398	66165	1
4523	66165	1
4613	66165	1
4653	66165	1
4807	66165	1
6301	66165	1
167	66166	1
4127	66166	1
4398	66166	1
4523	66166	1
4613	66166	1
4653	66166	1
4807	66166	1
6301	66166	1
375	66197	1
2616	66197	1
1277	66205	1
7052	66205	1
140	66290	1
1013	66290	1
1512	66290	1
3142	66290	1
4122	66290	1
4127	66290	1
5316	66290	1
5766	66290	1
8646	66290	1
167	66397	1
2048	66397	1
4127	66397	1
4398	66397	1
4613	66397	1
4653	66397	1
4807	66397	1
5181	66397	1
6700	66397	1
8534	66397	1
884	66467	1
2672	66467	1
4088	66467	1
7896	66467	1
167	66472	1
4056	66472	1
4127	66472	1
4398	66472	1
4613	66472	1
4653	66472	1
4807	66472	1
3873	66482	1
4070	66482	1
8562	66482	1
2896	66636	1
3294	66636	1
3900	66636	1
4127	66636	1
6700	66636	1
7887	66636	1
4127	66650	1
6304	66650	1
7887	66650	1
8793	66650	1
3142	66698	1
4127	66698	1
6301	66698	1
7166	66698	1
9468	66698	1
857	66717	1
2055	66717	1
3822	66717	1
167	66729	1
4127	66729	1
167	66910	1
1260	66910	1
2616	66910	1
3579	66910	1
4127	66910	1
4398	66910	1
4463	66910	1
4613	66910	1
4653	66910	1
4807	66910	1
7266	66910	1
10041	66910	1
1057	66953	1
1469	66953	1
4127	66953	1
5318	66953	1
5483	66953	1
9328	66953	1
4127	66975	1
5316	66975	1
8646	66975	1
862	67197	1
4127	67197	1
5604	67197	1
6847	67197	1
7902	67197	1
167	67221	1
4127	67221	1
4398	67221	1
4523	67221	1
4613	67221	1
4653	67221	1
4807	67221	1
6301	67221	1
10006	67221	1
949	67317	1
2508	67317	1
3087	67317	1
6848	67317	1
167	67341	1
3142	67341	1
4127	67341	1
4398	67341	1
4613	67341	1
4653	67341	1
4807	67341	1
4955	67341	1
5892	67341	1
9974	67341	1
4613	67374	1
7887	67374	1
4122	67404	3
6301	67404	1
1412	67415	1
3064	67415	1
4127	67415	1
7115	67415	1
733	67486	1
2330	67486	1
2886	67486	1
3087	67486	1
4056	67486	1
4613	67486	1
5052	67486	1
7676	67563	1
9103	67563	1
1197	67667	1
2036	67667	1
4127	67667	1
5338	67667	1
5516	67667	1
5555	67667	1
6361	67667	1
3403	67684	1
4259	67684	1
7031	67684	1
5318	67700	2
6301	67700	1
8006	67700	1
9225	67700	1
9474	67700	1
167	67789	1
3788	67789	1
4127	67789	1
4398	67789	1
4613	67789	1
4653	67789	1
4807	67789	1
2157	67932	1
2540	67932	1
3873	67932	1
8213	67932	1
1370	68020	1
3100	68020	1
4963	68020	1
5226	68020	1
6264	68020	1
8449	68020	1
9625	68020	1
167	68048	1
4127	68048	1
4398	68048	1
4613	68048	1
4653	68048	1
4807	68048	1
6671	68048	1
7638	68048	1
341	68138	1
958	68138	2
2328	68138	1
3191	68138	1
3873	68138	1
4162	68138	1
4384	68138	1
4458	68138	1
6572	68138	1
8944	68138	1
246	68195	1
1799	68195	1
6985	68195	1
8202	68195	1
63	68221	1
108	68221	1
3034	68221	1
4259	68272	1
5267	68272	1
6985	68272	1
8920	68272	1
9394	68272	1
9850	68272	1
811	68300	1
2698	68300	1
5267	68300	1
9553	68300	1
9925	68300	1
1761	68351	1
2522	68351	1
4127	68351	1
4721	68351	1
6122	68351	1
9974	68351	1
733	68385	1
3932	68385	1
5318	68385	1
7874	68385	1
949	68389	1
2446	68389	1
3735	68389	1
4088	68389	1
5768	68389	1
7264	68389	1
7979	68389	1
8174	68389	1
1835	68527	1
2231	68527	1
2293	68527	1
2698	68527	1
3142	68527	1
9153	68527	1
758	68569	1
2993	68569	1
3392	68569	1
3752	68569	1
7819	68569	2
63	68576	1
3392	68576	1
6859	68576	1
7819	68576	1
167	68667	1
4127	68667	1
4398	68667	1
4523	68667	1
4613	68667	1
4653	68667	1
4807	68667	1
6301	68667	1
1689	68795	1
3873	68795	1
6304	68795	2
8558	68795	1
9727	68795	1
412	68928	1
905	68928	1
3034	68928	1
8886	68928	1
3100	69345	1
5338	69345	1
5516	69345	1
5555	69345	1
7897	69345	1
9962	69345	1
271	69407	1
2994	69407	1
4458	69407	1
4846	69407	1
5009	69407	1
6426	69407	1
9669	69407	1
4127	69423	1
7902	69423	1
9669	69423	1
99	69425	1
2212	69425	1
3571	69425	1
4127	69425	1
9974	69425	1
167	69429	1
2344	69429	1
2968	69429	1
4127	69429	1
4398	69429	1
4613	69429	1
4653	69429	1
4748	69429	1
4807	69429	1
5318	69429	1
5794	69429	1
6302	69429	1
63	69572	1
1225	69572	1
1277	69572	1
2540	69572	1
5331	69572	1
7052	69572	1
9640	69572	1
469	69728	1
3358	69728	1
5291	69728	1
8525	69728	1
35	69754	1
1898	69754	1
3006	69754	1
3341	69754	1
4045	69754	1
4127	69754	1
6629	69754	1
9072	69754	1
867	69781	1
3294	69781	1
5301	69781	1
8865	69781	1
9825	69781	1
74	69820	1
1277	69820	1
5866	69820	1
7009	69820	1
7052	69820	1
7417	69820	2
8144	69820	1
8164	69820	1
7743	69839	1
733	69842	1
1935	69842	1
4259	69842	1
8177	69842	1
9561	69842	1
1027	69857	1
6166	69857	1
9721	69857	1
9924	69857	1
2522	69875	1
4259	69875	1
7271	69875	1
9473	69875	1
907	69902	1
2048	69902	1
2117	69902	1
5292	69902	1
8489	69902	1
8626	69902	1
8630	69902	1
9394	69902	1
9526	69902	1
2188	69959	1
2540	69959	1
5854	69959	1
6661	69959	1
7776	69959	1
63	69971	1
5208	69971	1
6799	69971	1
8887	69971	1
9394	69971	1
3806	69998	1
7832	69998	1
1679	70043	1
4127	70043	1
5892	70043	1
505	70170	1
2387	70170	1
6593	70170	1
6955	70170	1
8573	70170	1
9036	70170	1
167	70329	1
3199	70329	1
4127	70329	1
4398	70329	1
4613	70329	1
4653	70329	1
4807	70329	1
6843	70329	1
6848	70329	1
8506	70329	1
8562	70329	1
5318	70364	1
6809	70364	1
6848	70364	1
7266	70364	1
8865	70364	1
9763	70364	1
89	70521	1
2386	70521	1
3349	70521	1
3602	70521	1
4599	70521	1
7986	70521	1
9589	70521	1
89	70536	1
2386	70536	1
3349	70536	1
3602	70536	1
4600	70536	1
7986	70536	1
9589	70536	1
711	70549	1
4127	70549	1
4501	70549	1
7543	70549	1
7544	70549	1
8479	70549	1
3836	70565	1
4864	70565	1
5208	70565	1
5915	70565	1
8095	70565	1
3568	70790	1
4840	70790	1
8213	70790	1
8897	70790	1
8969	70790	1
4056	71066	1
6304	71066	1
40	71142	1
5199	71142	1
5972	71142	1
6998	71142	1
7913	71142	1
8536	71142	1
8865	71142	1
9193	71142	1
4699	71212	1
6700	71212	1
9825	71212	1
752	71216	1
2931	71216	1
7128	71216	1
8765	71216	1
9676	71216	1
3294	71246	1
6700	71246	1
6859	71246	1
9784	71246	1
752	71252	1
2931	71252	1
7128	71252	1
8765	71252	1
9676	71252	1
3140	71340	1
4127	71340	1
5248	71340	1
5318	71340	1
8865	71340	1
9072	71340	1
2219	71479	1
3001	71479	1
3142	71479	1
5129	71479	1
5267	71479	1
5766	71479	1
539	71480	1
3294	71480	1
3815	71480	1
5318	71480	1
6700	71480	1
8684	71480	1
219	71497	1
494	71497	1
5267	71497	1
9175	71497	1
9526	71497	1
9925	71497	1
2132	71506	1
2386	71506	1
9589	71506	1
271	71573	1
3925	71573	1
4079	71573	1
5275	71573	1
5700	71573	1
8684	71573	1
8865	71573	1
167	71674	1
4127	71674	1
4398	71674	1
4523	71674	1
4613	71674	1
4653	71674	1
4807	71674	1
6301	71674	1
925	71751	1
8213	71751	1
1537	71778	1
3752	71778	1
3970	71778	1
4266	71778	1
5673	71778	1
6287	71778	1
6725	71778	1
7259	71778	1
7288	71778	1
8531	71778	1
8806	71778	1
9153	71778	1
4127	71804	1
8112	71804	1
328	71910	1
2477	71910	1
3873	71910	1
4235	71910	1
6258	71910	1
6725	71910	1
8213	71910	1
8395	71910	1
8806	71910	3
497	72074	1
4074	72074	1
4127	72074	1
4539	72074	1
4613	72074	1
4921	72074	1
1689	72315	2
3034	72315	1
4973	72315	1
5476	72315	1
6588	72315	1
6700	72315	1
7169	72315	1
7638	72315	1
8865	72315	2
9589	72315	1
9676	72315	1
167	72346	1
4127	72346	1
4398	72346	1
4523	72346	1
4613	72346	1
4653	72346	1
4807	72346	1
6301	72346	1
184	72362	2
1017	72362	1
1604	72362	1
2059	72362	1
3900	72362	1
3915	72362	1
4008	72362	1
4087	72362	1
4559	72362	1
5972	72362	1
7235	72362	1
133	72369	1
949	72369	1
3142	72369	1
3477	72369	1
4022	72369	1
4127	72369	1
5163	72369	1
8865	72369	1
930	72372	1
2324	72372	1
2495	72372	1
3915	72372	1
4861	72372	1
7264	72372	1
7279	72372	1
9813	72372	1
184	72401	1
2445	72401	1
4008	72401	1
4087	72401	1
5199	72401	2
8520	72401	1
6304	72409	1
2477	72479	1
2630	72479	1
8899	72479	1
9561	72479	1
2477	72598	1
4008	72598	1
4087	72598	1
4458	72598	1
5972	72598	1
7235	72598	1
760	72673	1
2614	72673	1
6166	72673	1
7486	72673	1
8220	72673	1
8874	72673	1
9086	72673	1
9526	72673	1
9764	72673	1
1277	72689	1
3784	72689	1
3925	72689	1
4262	72689	1
6426	72689	1
7052	72689	1
7414	72689	1
937	72790	1
1005	72790	1
5181	72790	1
8045	72790	1
8289	72790	1
8923	72790	1
167	72814	1
3087	72814	1
4127	72814	1
4398	72814	1
4613	72814	1
4653	72814	1
4807	72814	1
6304	72814	1
9915	72814	1
421	72919	2
2370	72919	1
2540	72919	1
5705	72919	1
5838	72919	1
6713	72919	1
7031	72919	1
7549	72919	1
7893	72919	1
8144	72919	1
9546	72919	1
1427	73062	1
6844	73062	1
9526	73062	1
6834	73120	1
1608	73251	1
8395	73251	1
258	73288	1
2630	73288	1
5018	73288	1
5365	73288	1
6881	73288	1
8562	73288	1
8865	73288	1
9228	73288	1
167	73295	1
2257	73295	1
4056	73295	1
4127	73295	1
4398	73295	1
4613	73295	1
4653	73295	1
4807	73295	1
9225	73295	1
733	73296	2
6881	73296	3
9542	73296	2
58	73429	1
518	73429	1
1440	73429	1
4029	73429	1
5794	73429	1
7906	73429	1
193	73690	1
2270	73690	1
9063	73690	1
167	73959	1
4127	73959	1
4398	73959	1
4523	73959	1
4613	73959	1
4653	73959	1
4807	73959	1
6301	73959	1
2393	74005	1
3034	74005	1
3501	74005	1
167	74014	1
4127	74014	1
4398	74014	1
4523	74014	1
4613	74014	1
4653	74014	1
4807	74014	1
6301	74014	1
4973	74254	1
8197	74254	1
8879	74254	1
834	74301	1
2393	74301	1
3034	74301	1
3501	74301	1
4041	74301	1
6209	74301	1
7349	74301	1
9072	74301	1
167	74362	1
4127	74362	1
4398	74362	1
4523	74362	1
4613	74362	1
4653	74362	1
4807	74362	1
6301	74362	1
167	74421	1
4127	74421	1
4398	74421	1
4613	74421	1
4653	74421	1
4807	74421	1
111	74510	1
2446	74510	1
2569	74510	1
3568	74510	1
3874	74510	1
5029	74510	1
5318	74510	1
6055	74510	1
9338	74510	1
9900	74510	1
158	74576	1
1504	74576	2
4220	74576	2
8630	74576	1
9100	74576	2
9763	74576	2
1381	74663	1
2917	74663	1
4259	74663	1
5275	74663	1
9101	74663	1
9974	74663	1
834	74679	1
8536	74679	1
542	74700	1
939	74700	1
5267	74700	1
5275	74700	1
1440	74854	1
1832	74854	1
7986	74854	1
9810	74854	1
958	74866	1
3900	74866	1
5309	74866	1
7175	74866	1
3045	74933	1
8314	74933	1
9526	74933	1
7266	74956	1
8865	74956	1
27	75121	1
711	75121	1
3516	75121	1
3571	75121	1
4127	75121	1
7544	75121	1
8351	75121	1
8558	75121	1
167	75222	1
4127	75222	1
4398	75222	1
4523	75222	1
4613	75222	1
4653	75222	1
4807	75222	1
6301	75222	1
162	75471	1
6054	75471	1
7855	75471	1
9054	75471	1
9242	75471	1
3273	75553	1
4613	75553	1
6609	75553	1
9034	75553	1
3215	75693	1
4127	75693	1
6631	75693	1
4127	75719	1
8466	75719	1
9793	75719	1
2542	75730	1
9153	75730	1
4127	75741	1
9420	75741	1
9822	75741	1
2464	75771	1
5199	75771	2
5972	75771	2
6959	75771	1
7543	75771	1
8268	75771	1
9293	75771	1
9669	75771	1
9676	75771	1
167	75790	1
2896	75790	1
7921	75790	3
8887	75790	1
3091	75821	1
3169	75821	1
3322	75821	1
3480	75821	1
3821	75821	1
4127	75821	1
9420	75821	1
9822	75821	1
3034	75895	1
3213	75895	1
4127	75895	1
5226	75895	2
8380	75895	1
8969	75895	1
4223	75968	1
5267	75968	1
8532	75968	1
4127	76010	1
6769	76010	1
6941	76010	1
8793	76010	1
167	76098	1
4127	76098	1
4398	76098	1
4523	76098	1
4613	76098	1
4653	76098	1
4807	76098	1
6301	76098	1
2750	76102	1
3836	76102	1
8920	76102	1
167	76137	1
4127	76137	1
4398	76137	1
4523	76137	1
4613	76137	1
4653	76137	1
4807	76137	1
6301	76137	1
7	76155	1
166	76155	1
4127	76155	1
6473	76155	1
6870	76155	1
7678	76155	1
9218	76155	1
3205	76202	1
3602	76202	1
4046	76202	1
4604	76202	1
8865	76202	1
9589	76202	1
167	76307	1
1356	76307	1
2155	76307	1
2690	76307	1
4127	76307	1
4398	76307	1
4613	76307	1
4653	76307	1
4807	76307	1
7809	76307	1
5910	76393	1
167	76418	1
1002	76418	1
4127	76418	1
4398	76418	1
4613	76418	1
4653	76418	1
4807	76418	1
243	76448	1
418	76448	1
8879	76448	1
9538	76448	1
2703	76454	1
3970	76454	1
4436	76454	1
5055	76454	1
5651	76454	1
8026	76454	1
9153	76454	1
9468	76454	1
162	76511	1
167	76511	1
4127	76511	1
4398	76511	1
4613	76511	1
4653	76511	1
4807	76511	1
8780	76571	1
1178	76579	1
1298	76579	1
5160	76579	1
167	76614	1
4127	76614	1
4398	76614	1
4523	76614	1
4613	76614	1
4653	76614	1
4807	76614	1
6301	76614	1
2622	76684	1
2633	76684	1
7411	76684	1
7621	76684	1
7913	76684	1
8150	76684	1
8449	76684	1
167	76714	1
4127	76714	1
4398	76714	1
4487	76714	1
4613	76714	2
4653	76714	1
4807	76714	1
7887	76714	1
65	76835	1
125	76835	1
1518	76835	1
2932	76835	1
4127	76835	1
7748	76835	1
7910	76835	1
9193	76835	1
9589	76835	1
9764	76835	1
1835	76886	1
2703	76886	1
2745	76886	1
3970	76886	1
4613	76886	1
5055	76886	1
5316	76886	2
5651	76886	1
8026	76886	1
8757	76886	1
9153	76886	1
9468	76886	1
243	76915	1
4127	77006	1
7621	77006	1
9103	77006	1
3664	77161	1
9974	77161	1
1732	77184	1
2955	77184	1
3501	77184	1
4167	77184	1
5318	77184	1
6834	77184	1
167	77214	1
4127	77214	1
4398	77214	1
4523	77214	1
4613	77214	1
4653	77214	1
4807	77214	1
6301	77214	1
4127	77264	1
4438	77264	2
7089	77264	2
1953	77370	1
2464	77370	1
6551	77370	1
7722	77370	1
8684	77370	1
8738	77370	1
9130	77370	1
9136	77370	1
9361	77370	1
9394	77370	1
9669	77370	1
167	77622	1
4127	77622	1
4398	77622	1
4523	77622	1
4613	77622	1
4653	77622	1
4807	77622	1
6301	77622	1
6785	77622	1
7981	77728	1
8806	77728	1
375	77800	1
1267	77800	1
4561	77800	1
8616	77800	1
243	77861	1
1886	77861	1
4849	77861	1
5924	77861	1
5972	77861	1
8246	77861	1
4259	77883	1
8887	77883	1
2078	78010	1
2504	78010	1
8391	78010	1
167	78072	1
4127	78072	1
4398	78072	1
4613	78072	1
4653	78072	1
4807	78072	1
170	78316	1
949	78316	1
5725	78316	1
6700	78316	2
7820	78316	2
9669	78316	2
9719	78316	1
10041	78316	1
122	78432	1
167	78432	1
4127	78432	1
4398	78432	1
4613	78432	1
4653	78432	1
4807	78432	1
9974	78432	1
167	78479	1
3142	78479	1
4127	78479	1
4398	78479	1
4613	78479	1
4653	78479	1
4807	78479	1
9716	78479	1
7385	78509	1
8806	78509	1
258	78575	1
1597	78575	1
1894	78575	1
2630	78575	1
2931	78575	1
3305	78575	1
5201	78575	1
2231	78616	1
2293	78616	1
5282	78616	1
7395	78616	1
8679	78616	1
9153	78616	1
9734	78616	1
502	78623	1
723	78623	1
3630	78623	1
8969	78623	1
167	78648	1
4127	78648	1
4613	78648	1
4640	78648	1
5357	78648	1
6787	78648	1
6700	78742	1
9669	78742	1
698	78809	1
949	78809	1
1894	78809	1
2558	78809	1
3900	78809	1
4056	78809	1
4111	78809	1
161	78859	1
2220	78859	1
5301	78859	1
8684	78859	1
8806	78859	1
9334	78859	1
9394	78859	1
2231	78895	1
4127	78895	1
6769	78895	1
6941	78895	1
8793	78895	1
4127	79016	1
7264	79016	1
8793	79016	1
3142	79025	1
2561	79037	1
6848	79037	1
7820	79037	1
8054	79037	1
9153	79037	1
9526	79037	2
9686	79037	1
9825	79037	1
711	79432	1
2061	79432	2
2914	79432	1
4127	79432	1
6301	79432	1
6747	79432	1
7544	79432	1
399	79435	1
1176	79435	1
3568	79435	1
3735	79435	1
3821	79435	1
6426	79435	1
7411	79435	1
8054	79435	1
1383	79477	1
3340	79477	1
7463	79477	1
742	79518	1
3752	79518	1
3806	79518	1
7096	79518	1
8142	79518	1
8194	79518	1
9669	79518	1
384	79555	1
711	79555	1
2746	79555	1
4127	79555	1
6103	79555	1
6301	79555	1
7544	79555	1
7608	79555	1
8571	79555	1
8590	79555	1
9483	79555	1
1	79775	2
259	79775	1
591	79775	1
1745	79775	1
5301	79775	1
5303	79775	1
6959	79775	1
7297	79775	1
2267	79789	3
3034	79789	1
3148	79789	1
3917	79789	1
4984	79789	1
6565	79789	1
6796	79789	1
7919	79789	1
8865	79789	1
570	79860	1
8865	79860	1
3032	79917	1
8493	79917	1
2526	79927	1
3337	79927	1
8145	79927	1
167	79954	1
3822	79954	1
4127	79954	1
4398	79954	1
4613	79954	1
4653	79954	1
4807	79954	1
5783	79954	1
6301	79954	1
3873	80050	1
4259	80050	1
6092	80050	1
6785	80050	1
7621	80050	1
8144	80050	1
9763	80050	2
6092	80079	1
6794	80079	1
7621	80079	1
557	80081	1
4399	80081	1
5153	80081	1
7923	80081	1
8276	80081	1
8449	80081	1
8865	80081	1
3144	80084	1
6092	80084	1
7621	80084	1
6092	80102	1
341	80137	1
5667	80137	1
6092	80137	1
7621	80137	1
9526	80137	1
6092	80158	1
6870	80158	1
9265	80158	1
167	80174	1
4127	80174	1
4398	80174	1
4523	80174	1
4613	80174	1
4653	80174	1
4807	80174	1
6301	80174	1
2231	80201	1
4127	80201	1
6769	80201	1
6941	80201	1
8006	80201	1
8793	80201	1
167	80214	1
3702	80214	1
4127	80214	1
4398	80214	1
4613	80214	1
4653	80214	1
4807	80214	1
5347	80214	1
9658	80214	1
9853	80214	1
1409	80268	1
1762	80268	1
4127	80268	1
5318	80268	1
5458	80268	1
9546	80268	1
4127	80321	1
6301	80321	1
167	80332	1
259	80332	1
591	80332	1
595	80332	1
1593	80332	1
2219	80332	1
3079	80332	1
5360	80332	1
9924	80332	1
979	80450	1
1673	80450	1
2412	80450	1
9699	80450	1
1065	80476	1
2630	80476	1
3094	80476	1
711	80480	1
4127	80480	1
7544	80480	1
1108	80512	1
6092	80512	1
7621	80512	3
8357	80512	1
167	80793	1
2561	80793	1
2895	80793	1
3872	80793	1
5152	80793	1
651	80968	1
1908	80968	2
2973	80968	1
3836	80968	1
3919	80968	1
4127	80968	1
9716	80968	1
3984	81044	1
3392	81084	1
3925	81084	1
5318	81084	1
9538	81084	1
4079	81148	2
4604	81148	1
5267	81148	1
6399	81148	1
6859	81148	1
8865	81148	2
9610	81148	2
9716	81148	1
167	81186	1
4127	81186	1
4398	81186	1
4613	81186	1
4653	81186	1
4807	81186	1
9862	81186	1
167	81192	1
4127	81192	1
4398	81192	1
4613	81192	1
4653	81192	1
4807	81192	1
7518	81192	1
167	81229	1
1565	81229	1
3592	81229	1
4127	81229	1
4398	81229	1
4613	81229	1
4653	81229	1
4807	81229	1
4998	81229	1
6785	81229	1
991	81238	1
2059	81238	1
3437	81238	1
4259	81238	1
9563	81238	1
167	81248	1
4127	81248	1
4398	81248	1
4523	81248	1
4613	81248	1
4653	81248	1
4807	81248	1
6301	81248	1
5748	81487	1
141	81579	1
1277	81579	1
3034	81579	1
3215	81579	1
3437	81579	1
3602	81579	1
6864	81579	1
7052	81579	1
8865	81579	1
9526	81579	1
167	81766	1
4127	81766	1
4398	81766	1
4561	81766	1
4613	81766	1
4653	81766	1
4807	81766	1
1164	81773	1
167	81828	1
1264	81828	1
4127	81828	1
4398	81828	1
4613	81828	1
4653	81828	1
4807	81828	1
9890	81828	1
4127	81839	1
6301	81839	1
7832	81839	1
8793	81839	1
9133	81839	1
9136	81839	1
9974	81839	1
23	81898	1
243	81898	1
2896	81898	1
4332	81898	1
5448	81898	1
5476	81898	1
6304	81898	1
7638	81898	1
1067	81982	1
2616	81982	1
5077	81982	1
5766	81982	1
6700	81982	1
9265	81982	1
2102	82094	1
5582	82094	1
572	82211	1
3735	82211	1
455	82226	1
3305	82226	1
3642	82226	1
4646	82226	1
6609	82226	1
6844	82226	1
7166	82226	1
9526	82226	1
9635	82226	1
2765	82240	1
7728	82240	1
8865	82240	1
768	82263	1
1042	82263	1
3785	82263	1
4852	82263	1
6894	82263	1
167	82581	1
3702	82581	1
4127	82581	1
4398	82581	1
4613	82581	2
4653	82581	1
4807	82581	1
1642	82594	1
2231	82594	2
2426	82594	1
2888	82594	1
3140	82594	1
4127	82594	1
4613	82594	1
5316	82594	1
8079	82594	1
9474	82594	1
541	82609	1
5924	82755	1
7728	82755	1
9589	82755	1
2514	82791	1
7728	82791	1
167	82853	1
4127	82853	1
4398	82853	1
4523	82853	1
4613	82853	1
4653	82853	1
4807	82853	1
6301	82853	1
7492	82853	1
726	82864	1
5282	82864	1
5318	82864	1
9976	82864	1
122	82907	1
167	82907	1
4127	82907	1
4398	82907	1
4613	82907	1
4653	82907	1
4807	82907	1
6304	82907	1
6625	82907	1
167	83029	1
4127	83029	1
4398	83029	1
4523	83029	1
4613	83029	1
4653	83029	1
4807	83029	1
6301	83029	1
2219	83146	1
2745	83146	1
3232	83146	1
3518	83146	1
4111	83146	1
4127	83146	1
4653	83146	1
4807	83146	1
5267	83146	1
6520	83146	1
8865	83146	1
9667	83146	1
3859	83348	1
4395	83348	1
167	83532	1
4127	83532	1
4398	83532	1
4523	83532	1
4613	83532	1
4653	83532	1
4807	83532	1
6301	83532	1
167	83539	1
4127	83539	1
4398	83539	1
4613	83539	1
4653	83539	1
4807	83539	1
7056	83539	1
7809	83539	1
8693	83539	1
9974	83539	1
1196	83624	1
2030	83624	1
167	83625	1
4127	83625	1
4398	83625	1
4613	83625	1
4653	83625	1
4807	83625	1
169	83837	1
2219	83837	1
3873	83837	1
4111	83837	1
4127	83837	1
4686	83837	1
2099	84054	1
3140	84054	1
4222	84054	1
4438	84054	1
4613	84054	1
8145	84054	1
170	84088	1
5396	84088	1
7820	84088	1
3568	84115	1
7624	84115	1
7979	84115	1
9803	84123	1
167	84191	1
2784	84191	1
4105	84191	1
4127	84191	1
4398	84191	1
4613	84191	1
4653	84191	1
4807	84191	1
303	84202	1
1642	84202	1
2231	84202	2
8079	84202	1
4056	84217	1
4127	84217	1
4963	84217	1
9396	84217	1
1145	84259	1
1514	84259	1
1741	84259	1
3006	84259	1
4127	84259	1
4963	84259	1
6304	84259	1
7760	84259	1
167	84293	1
4127	84293	1
4398	84293	1
4613	84293	1
4653	84293	1
4807	84293	1
4088	84326	1
4127	84326	1
4963	84326	1
9117	84326	1
9394	84326	1
9805	84326	1
830	84373	1
3392	84373	1
4127	84373	1
4661	84373	1
6196	84373	1
7211	84373	1
7365	84373	1
8380	84373	1
8536	84373	1
8865	84373	1
9669	84373	1
1512	84512	1
6009	84512	1
167	84773	1
4056	84773	2
4127	84773	1
4398	84773	1
4613	84773	1
4653	84773	1
4807	84773	1
167	84810	1
4056	84810	1
4127	84810	1
4398	84810	1
4613	84810	1
4653	84810	1
4807	84810	1
2293	84887	1
2925	84887	1
3142	84887	1
4127	84887	1
4613	84887	1
9637	84887	1
9938	84887	1
9974	84946	1
515	85228	2
1053	85228	1
3047	85228	1
3592	85228	1
259	85388	1
595	85388	1
3425	85388	1
5074	85388	1
5116	85388	1
8674	85388	1
8969	85388	1
9072	85388	1
2976	85470	1
6338	85470	1
6859	85470	1
6894	85470	1
6955	85470	1
7789	85470	1
8409	85470	1
167	85514	1
4127	85514	1
4398	85514	1
4613	85514	1
4653	85514	1
4807	85514	1
6304	85514	1
1196	85837	1
2561	85837	2
3045	85837	1
3619	85837	1
6618	85837	1
8865	85837	1
9899	85837	1
2531	85847	1
2611	85847	1
4127	85847	1
4438	85847	1
4852	85847	1
7089	85847	1
4056	85919	1
5226	85919	1
6025	85919	1
702	86093	1
4041	86108	1
5267	86108	1
6697	86108	1
9561	86122	1
1632	86162	1
5226	86162	1
834	86200	1
3742	86200	1
5794	86200	1
9183	86200	1
9866	86200	1
2619	86323	1
3490	86323	1
4613	86323	1
8793	86323	1
3211	86334	1
834	86343	1
3821	86343	1
4088	86343	1
4471	86343	1
5318	86369	1
6631	86369	1
8586	86369	1
9394	86369	1
9625	86369	1
1329	86392	1
4877	86392	1
5391	86392	1
6463	86392	1
8552	86392	1
173	86412	1
257	86412	1
4127	86412	1
4613	86412	1
5208	86412	1
8793	86412	2
3140	86460	1
4127	86460	1
9048	86460	1
1478	86484	1
5383	86484	1
6584	86484	1
8865	86484	1
9371	86484	1
1957	86503	1
2117	86503	1
4088	86503	1
7743	86503	1
7852	86503	1
7862	86503	1
8375	86503	1
9589	86503	1
9661	86503	1
760	86582	1
7559	86613	1
3742	86617	1
5794	86617	1
9866	86617	1
3742	86651	1
4259	86651	1
4624	86651	1
9627	86651	1
9866	86651	1
7842	86661	1
8467	86661	1
949	86691	1
1357	86691	1
1759	86691	1
2257	86691	1
2660	86691	1
3142	86691	1
3418	86691	1
4056	86691	1
5794	86691	1
6941	86691	1
7986	86691	1
8054	86691	1
9538	86691	1
9625	86691	1
979	86698	1
3742	86723	1
4259	86723	1
9866	86723	1
1037	86806	1
4127	86806	1
6769	86806	1
6941	86806	1
9974	86806	1
167	86903	1
4127	86903	1
4398	86903	1
4523	86903	1
4613	86903	1
4653	86903	1
4807	86903	1
6301	86903	1
167	87058	1
4127	87058	1
4398	87058	1
4523	87058	1
4613	87058	1
4653	87058	1
4807	87058	1
6301	87058	1
167	87155	1
4127	87155	1
4398	87155	1
4523	87155	1
4613	87155	1
4653	87155	1
4807	87155	1
6301	87155	1
2560	87229	1
3872	87229	1
8409	87229	1
9095	87229	1
9926	87229	1
25	87313	1
949	87313	1
3087	87313	1
3142	87313	1
4056	87313	1
4122	87313	1
5052	87313	1
9468	87313	1
9538	87313	1
9915	87313	1
2214	87381	1
2660	87381	1
3143	87381	1
4127	87381	1
5758	87381	1
5814	87381	1
6848	87381	1
7820	87381	1
8629	87381	1
3215	87415	1
5199	87415	1
7351	87415	1
8495	87415	1
1213	87421	1
5768	87421	1
4056	87494	1
4862	87494	1
6264	87494	1
7671	87494	1
7986	87494	1
8395	87494	1
9347	87494	1
591	87516	1
1469	87516	2
2273	87516	1
3418	87516	1
4088	87516	1
5368	87516	1
6394	87516	1
6626	87516	1
7028	87516	1
8279	87516	1
9468	87516	1
9701	87516	1
2745	87547	1
5208	87547	1
3533	87560	1
4127	87560	1
6211	87560	1
6332	87560	1
7972	87560	1
9721	87560	2
167	87562	1
4127	87562	1
4398	87562	1
4613	87562	1
4653	87562	1
4807	87562	1
6304	87562	1
4127	87611	1
5448	87611	1
6146	87611	1
6458	87611	1
7393	87611	2
243	87614	1
3148	87614	1
6166	87614	1
9144	87614	1
9625	87614	1
10000	87614	1
1452	87635	1
4127	87635	1
7031	87635	1
7820	87635	1
9225	87635	1
9255	87635	1
167	87651	1
4127	87651	1
4398	87651	1
4523	87651	1
4613	87651	1
4653	87651	1
4807	87651	1
6301	87651	1
489	87700	1
3142	87700	1
3425	87700	1
3702	87700	1
8395	87700	1
9526	87700	2
166	87717	1
3747	87717	1
6700	87717	1
6715	87717	1
7980	87717	1
9610	87717	1
3034	87753	1
6768	87753	1
7282	87753	1
4127	87909	1
4748	87909	1
862	87974	1
4366	87974	1
5856	87974	1
6785	87974	1
6848	87974	1
7272	87974	1
8674	87974	1
167	87984	1
949	87984	1
4111	87984	1
4127	87984	1
4398	87984	1
4613	87984	2
4653	87984	1
4807	87984	1
5090	87984	1
5989	87984	1
6273	87984	1
8062	87984	1
9072	87984	1
1580	88035	1
3501	88035	1
4399	88035	1
6073	88035	1
167	88041	1
1236	88041	1
4127	88041	1
4398	88041	1
4613	88041	1
4653	88041	1
4807	88041	1
6304	88041	1
6551	88041	1
1152	88091	1
1504	88091	1
2768	88091	1
3141	88091	1
3349	88091	1
5162	88091	1
5267	88091	1
5335	88091	1
9669	88091	1
1469	88206	1
2531	88206	1
3418	88206	1
4127	88206	1
6486	88206	1
6787	88206	1
8944	88206	1
9468	88206	1
9924	88206	1
515	88299	2
1053	88299	1
3047	88299	1
3592	88299	1
515	88319	1
4127	88319	1
6711	88319	1
2819	88466	1
3087	88466	1
4127	88466	1
9974	88466	1
2445	88469	1
4223	88469	1
9633	88469	1
5226	88547	1
5794	88547	1
9890	88547	1
4310	88653	1
8054	88653	1
8415	88653	1
9763	88653	1
1029	88660	1
1835	88660	1
2049	88660	1
3711	88660	1
6166	88667	1
9201	88667	1
4017	88676	1
4223	88676	1
6785	88676	1
6998	88676	1
8217	88676	1
8865	88676	1
9704	88676	1
4223	88707	1
6785	88707	1
6998	88707	1
8217	88707	1
8865	88707	1
9704	88707	1
578	88727	1
1479	88727	1
3169	88727	1
4152	88727	1
5753	88727	1
167	88816	1
3086	88816	1
4127	88816	1
4398	88816	1
4613	88816	1
4653	88816	1
4807	88816	1
6930	88816	1
3602	88886	1
5267	88886	1
5318	88886	1
8879	88886	1
167	88990	1
1654	88990	1
2746	88990	1
3702	88990	1
4127	88990	1
4398	88990	1
4613	88990	1
4653	88990	1
4807	88990	1
7566	88990	1
7608	88990	1
2925	89013	1
3142	89013	1
6768	89013	1
8361	89013	1
9538	89013	1
9716	89013	1
677	89036	1
9175	89036	1
2977	89043	1
5664	89043	1
5753	89043	1
6880	89043	1
629	89118	1
1763	89118	1
3034	89118	1
3752	89118	1
3900	89118	1
4275	89118	1
7633	89118	1
7951	89118	1
9625	89118	1
2093	89160	1
5029	89160	1
8217	89160	1
8810	89160	1
9825	89160	1
1647	89186	1
5188	89186	1
9549	89186	1
2825	89208	1
3821	89208	1
5563	89208	1
7724	89208	1
9554	89208	1
133	89286	1
691	89286	1
3440	89286	1
5783	89286	1
6848	89286	1
122	89427	1
2157	89427	1
3752	89427	1
6768	89427	1
9813	89427	1
1807	89804	2
1859	89804	1
4968	89804	1
6896	89804	1
7082	89804	1
7855	89804	1
333	89817	1
5616	89817	1
5923	89817	1
7671	89817	1
8865	89817	1
9301	89817	1
133	90010	1
1469	90010	1
2623	90010	1
3368	90010	1
4111	90010	1
4127	90010	1
4659	90010	1
4851	90010	1
6390	90010	1
8055	90010	1
8865	90010	1
2219	90097	1
3142	90097	1
158	90347	1
558	90347	1
958	90347	1
1886	90347	1
3273	90347	1
3294	90347	1
3501	90347	1
7076	90347	1
8396	90347	1
1852	90509	1
2619	90509	1
3119	90509	1
5304	90509	1
7128	90509	1
8055	90509	1
8547	90509	1
9318	90509	1
9444	90509	1
1225	90625	1
3119	90625	1
3309	90625	1
3735	90625	1
581	90652	1
3501	90652	1
3735	90652	1
4259	90652	1
5301	90652	1
7272	90652	1
8098	90652	1
8879	90652	1
1382	90692	1
2941	90692	1
3213	90692	1
7365	90692	1
7638	90692	1
8887	90692	1
9704	90692	1
1261	90716	1
3568	90716	1
4175	90716	1
8987	90716	1
936	90781	2
1005	90781	1
1006	90781	1
4017	90781	1
6286	90781	1
6565	90781	1
7362	90781	1
8044	90781	1
8879	90781	1
8922	90781	1
2220	90792	1
3568	90792	1
4430	90792	1
5972	90792	1
6119	90792	1
8380	90792	1
8098	90798	1
1382	90799	1
2477	90799	1
3213	90799	2
5226	90799	1
7365	90799	2
133	90856	1
2618	90856	1
3321	90856	1
4122	90856	1
4127	90856	1
4659	90856	2
5775	90856	1
9538	90856	1
534	90961	1
1642	90961	1
2219	90961	1
3643	90961	1
4113	90961	1
5316	90961	1
7870	90961	1
8360	90961	1
8536	90961	1
133	91047	1
4260	91047	1
5877	91047	1
9526	91047	1
9805	91047	1
2445	91193	1
5969	91193	1
8865	91193	1
9625	91193	1
5226	91420	1
6539	91420	1
8098	91420	1
8887	91420	1
