2932	28861	1
3034	28861	1
4633	28861	1
8551	28861	1
4127	28874	1
6012	28874	1
3735	28929	1
3752	28929	1
5201	28929	1
5783	28929	1
6277	28929	1
7262	28929	1
8806	28929	1
9499	28929	1
4135	29013	1
8142	29013	1
7128	29022	1
7471	29022	1
9526	29022	1
9663	29037	1
1256	29071	1
2997	29071	1
4846	29071	1
5226	29083	1
8145	29083	1
8525	29083	1
9890	29083	1
1029	29193	1
4127	29193	1
5831	29193	1
6883	29193	1
6931	29193	1
7102	29193	1
9999	29193	1
1497	29217	1
2931	29217	1
3752	29217	1
3774	29217	1
4079	29217	1
4127	29217	1
4504	29217	1
6243	29217	1
7266	29217	1
7550	29217	1
7819	29217	1
8911	29217	1
5794	29394	1
7980	29394	1
1382	29415	1
9068	29415	1
9077	29415	1
9763	29415	2
9925	29415	1
640	29421	1
719	29421	1
721	29421	1
1878	29421	1
2178	29421	1
6838	29421	1
8395	29421	1
9589	29421	1
5909	29429	1
7383	29429	1
8293	29429	1
456	29443	1
526	29443	1
4395	29443	1
5199	29443	2
6856	29443	1
8533	29443	1
768	29468	1
1297	29468	1
1656	29468	1
2445	29468	1
4102	29468	1
7574	29468	1
7977	29468	1
8743	29468	1
9669	29468	1
513	29504	1
558	29504	1
895	29504	1
1958	29504	1
3914	29504	1
6083	29504	1
6304	29504	1
7520	29504	1
683	29585	2
719	29585	1
2784	29585	1
2968	29585	2
3577	29585	1
3740	29585	1
4127	29585	1
4130	29585	1
5858	29585	1
6097	29585	1
7166	29585	1
8006	29585	1
8350	29585	1
211	29602	1
5226	29635	1
3034	29640	1
3873	29640	1
8865	29640	1
2976	29700	1
3523	29700	1
6870	29700	1
7885	29700	1
8449	29700	1
4127	29763	3
4840	29763	1
5135	29763	1
5460	29763	1
5548	29763	1
6791	29763	1
7242	29763	1
7889	29763	1
8765	29763	1
9837	29763	1
1442	29906	1
4885	29906	1
6058	29906	1
1367	29974	1
2508	29974	1
3735	29974	1
3970	29974	1
5226	29974	1
6754	29974	1
7966	29974	1
8777	29974	1
9439	29974	1
9589	29974	1
455	30101	1
4127	30101	1
6301	30101	1
8602	30101	1
1215	30170	1
2806	30170	1
8804	30170	1
1897	30234	1
2075	30234	1
4127	30234	1
5856	30234	1
6035	30234	1
6785	30234	1
7786	30234	1
349	30369	1
3686	30369	1
4142	30369	1
4222	30369	1
5153	30369	1
6853	30369	1
8134	30369	1
1828	30634	1
3294	30634	1
5842	30634	1
5909	30634	1
8741	30634	1
361	30717	1
640	30717	1
2130	30717	1
3677	30717	1
4127	30717	1
6084	30717	1
6166	30717	1
1795	30724	1
5146	30724	1
5842	30724	1
951	30875	1
1370	30875	1
3602	30875	1
5018	30875	1
6625	30875	1
8859	30875	1
1029	31108	1
2861	31108	1
3501	31108	1
4127	31108	1
6619	31108	1
8806	31108	1
8817	31108	1
8912	31108	1
2513	31203	1
3047	31203	1
4008	31203	1
4087	31203	1
4373	31203	1
5318	31203	1
5380	31203	1
9153	31203	1
9175	31203	2
1235	31283	1
1912	31283	1
4127	31283	1
5834	31283	1
7251	31300	1
9625	31300	1
578	31391	1
1478	31391	1
3677	31391	1
4127	31391	1
9532	31391	1
1108	31557	1
3191	31557	1
4152	31557	1
8213	31557	1
455	31726	1
640	31726	1
4127	31726	1
4894	31726	1
6301	31726	1
9069	31726	1
9721	31726	1
1159	31779	1
1329	31779	1
2105	31779	1
3752	31779	1
4027	31779	1
5724	31779	1
7251	31779	1
8582	31779	1
9838	31779	1
63	31911	1
97	31911	1
349	31911	1
4142	31911	1
2212	31967	1
8899	31967	1
2278	31972	1
2351	31972	1
5303	31972	1
6146	31972	2
9526	31972	1
4088	31999	1
8993	31999	1
4857	32009	1
1255	32024	1
308	32062	1
3518	32062	1
4127	32067	1
7842	32067	1
4016	32087	1
4088	32087	1
6904	32087	1
8182	32087	1
5318	32236	1
8637	32236	1
4127	32248	1
5448	32248	1
5460	32248	1
5616	32248	1
7520	32248	1
8187	32248	1
9669	32248	1
2071	32315	1
2162	32315	1
2289	32315	1
2628	32315	1
2750	32315	1
3034	32315	1
4127	32315	1
8324	32315	1
8765	32315	1
8923	32315	1
9890	32315	1
629	32446	1
3914	32446	1
6083	32446	1
8684	32446	1
9699	32446	1
9719	32446	1
991	32475	1
5267	32475	1
3518	32527	1
5632	32527	1
6146	32527	1
9526	32527	1
1087	32548	1
3677	32548	1
4127	32548	1
6559	32548	1
3232	32564	1
5018	32564	1
6814	32564	1
6998	32564	1
8552	32564	1
8866	32564	1
2728	32769	1
5825	32769	1
1440	32804	1
3803	32804	1
5282	32804	1
5794	32804	1
7121	32804	1
7652	32804	1
9625	32804	1
9666	32804	1
998	32905	1
4127	32905	1
6301	32905	1
6844	32905	1
7166	32905	1
6559	32908	1
892	33079	1
1404	33079	1
1724	33079	1
7832	33079	1
10041	33079	1
1166	33143	1
1741	33143	1
2024	33143	1
5267	33143	1
8312	33143	1
8637	33143	1
9394	33143	1
9669	33143	1
436	33266	1
758	33266	1
6166	33266	1
9526	33266	1
10	33289	1
100	33289	1
531	33289	1
2532	33289	1
6291	33289	1
366	33387	1
2502	33387	1
2965	33387	1
3091	33387	1
4127	33387	1
5972	33387	1
7698	33387	1
8218	33387	1
9352	33387	1
1370	33536	1
1642	33536	1
3459	33536	1
4127	33536	1
5988	33536	1
6622	33536	1
7166	33536	1
7509	33536	1
7882	33536	1
8405	33536	1
8479	33536	1
4136	33604	1
4642	33604	2
7879	33604	1
9279	33604	1
9526	33604	1
85	33740	1
991	33740	1
2521	33740	1
3081	33740	1
9669	33740	1
164	33746	1
1309	33746	1
4127	33746	3
7889	33746	1
7968	33746	1
9743	33746	1
9837	33746	1
3034	33756	1
3718	33756	1
4094	33756	1
4143	33756	1
4642	33756	1
5460	33756	1
6937	33756	1
2663	33857	1
3917	33857	1
5307	33857	1
6666	33857	1
7317	33857	1
7543	33857	1
7563	33857	1
3590	33923	1
9926	33923	1
6557	33945	1
6	34158	1
1469	34158	1
2375	34158	1
2494	34158	1
3711	34158	1
8671	34158	1
27	34301	1
4998	34301	1
8327	34301	1
2668	34577	1
4438	34577	1
2630	34603	1
3683	34603	1
5928	34603	1
6834	34603	1
8017	34603	1
8451	34603	1
8752	34603	1
8865	34603	1
9400	34603	1
455	34700	1
1221	34700	1
2528	34700	1
3191	34700	1
4724	34700	1
6675	34700	1
8202	34700	1
9027	34700	1
9315	34700	1
9732	34700	1
1478	34754	1
2778	34754	1
3268	34754	1
5921	34754	1
6733	34754	1
6781	34754	1
7935	34754	1
133	34804	1
322	34804	1
3082	34804	1
3822	34804	1
3858	34804	2
6948	34804	1
6983	34804	1
8820	34804	1
8969	34804	1
721	34828	1
4127	34828	1
5318	34828	1
8865	34828	1
827	34864	1
2220	34864	1
3752	34864	1
5920	34864	1
7998	34864	1
9175	34864	1
9307	34864	1
7759	34883	1
2673	35003	1
4127	35003	1
5078	35003	1
8525	35003	1
8865	35003	1
6619	35080	1
8395	35080	1
9148	35080	1
2722	35177	1
3196	35177	1
6254	35177	1
7852	35177	1
7986	35177	1
1058	35551	1
9410	35551	3
830	35626	1
2973	35626	1
3182	35626	1
4259	35626	1
6870	35626	1
1058	35753	1
2325	35753	1
5794	35753	1
183	35780	1
229	35780	1
3735	35780	1
3914	35787	1
5272	35787	1
9319	35787	1
4127	35788	1
4243	35788	1
5988	35788	1
341	35836	1
1058	35836	1
2097	35836	1
2768	35836	1
7453	35836	1
7986	35836	1
9669	35836	1
683	35861	1
802	35861	1
1029	35861	1
2446	35861	1
2784	35861	1
3740	35861	1
4127	35861	1
8350	35861	1
6166	35863	1
9822	35863	1
2194	35967	1
3619	35967	1
6650	35967	1
8395	35967	1
8887	35967	1
8987	35967	1
9148	35967	1
9175	35967	1
9738	35967	1
254	36191	1
1074	36220	1
4215	36220	1
5086	36220	1
6947	36220	1
7676	36220	1
8717	36220	1
9439	36220	1
9575	36220	2
2914	36236	2
3970	36236	2
5303	36236	1
5318	36236	1
7696	36236	1
9319	36236	1
3298	36262	1
3523	36262	1
7178	36288	1
7776	36288	1
6631	36339	1
7169	36339	1
1854	36397	1
2117	36397	1
5768	36448	1
9766	36448	1
3523	36456	1
4661	36456	1
9526	36456	1
5783	36507	1
7897	36507	1
5104	36514	2
5768	36514	1
9394	36514	2
2255	36532	1
4259	36532	1
7264	36532	1
9072	36532	1
826	36553	1
3268	36553	1
8987	36553	1
3752	36672	1
6025	36672	1
8098	36672	1
8969	36672	1
3518	36679	1
5539	36679	1
5877	36679	2
7966	36679	1
3146	37416	1
6682	37416	1
7503	37416	1
343	37466	1
1232	37466	1
1309	37466	1
3615	37466	1
4127	37466	2
7422	37466	1
8165	37466	1
8865	37466	1
9134	37466	1
9743	37466	1
1724	37596	1
5318	37596	1
892	37607	1
6103	37607	1
6808	37607	1
7262	37607	1
677	37823	1
1108	37823	1
1125	37823	1
1679	37823	1
3524	37823	1
6796	37823	1
7122	37823	1
7634	37823	1
8556	37823	1
8669	37823	1
8865	37823	1
8969	37823	1
629	37850	1
1108	37850	1
1125	37850	1
1679	37850	1
3524	37850	1
6796	37850	1
7122	37850	1
7634	37850	1
7852	37850	1
8669	37850	1
8969	37850	1
3683	38028	1
6881	38028	1
7968	38028	1
9669	38028	1
3622	38083	1
4127	38083	3
5135	38083	1
6304	38083	1
7968	38083	1
8533	38083	1
9837	38083	1
290	38094	1
1058	38094	1
3752	38094	1
7486	38094	1
8321	38094	1
9356	38094	1
1527	38198	1
2226	38198	1
4127	38198	1
5649	38198	1
2978	38237	1
3223	38237	1
1236	38240	1
1580	38240	1
5303	38240	1
5576	38240	1
7677	38240	1
9974	38240	2
6870	38287	1
9669	38287	1
4642	38335	1
5514	38335	1
6622	38335	1
9669	38335	1
1465	38382	1
3177	38382	1
4973	38382	1
6593	38382	1
6807	38382	1
8506	38382	1
8869	38382	1
8975	38382	1
3724	38411	1
3947	38411	1
6894	38411	1
6870	38424	2
2943	38503	1
3711	38503	1
7613	38503	1
8586	38503	1
9526	38503	1
4598	38800	1
6870	38800	1
7676	38800	1
74	38830	1
2494	38830	1
7687	38830	1
9784	38831	1
9926	38831	1
2494	38861	1
2540	38861	1
4056	38861	1
5768	38861	1
7687	38861	1
1311	38866	1
2867	38866	1
4861	38866	1
5208	38866	1
6870	38866	1
7971	38866	1
9800	38866	1
455	38955	1
2216	38955	1
2690	38955	1
4127	38955	1
6301	38955	1
7444	38955	1
8672	38955	1
9120	38955	1
9993	38955	1
3213	38973	1
6081	38973	1
6844	38973	1
7011	38973	1
8865	38973	1
8979	38973	1
455	38990	1
606	38990	1
4127	38990	1
6301	38990	1
9832	38990	1
1440	38992	1
455	39049	1
511	39049	1
4127	39049	1
5943	39049	1
6301	39049	1
8533	39049	1
1732	39059	1
3111	39059	1
4066	39059	1
5267	39059	1
7749	39059	1
9526	39059	1
289	39073	1
455	39096	2
511	39096	1
940	39096	1
4127	39096	1
5943	39096	1
6301	39096	1
8533	39096	1
857	39108	1
6166	39108	1
9526	39108	1
2254	39138	1
2976	39138	1
3125	39138	1
3223	39138	1
6894	39138	1
8205	39138	1
721	39165	1
2072	39165	1
3392	39165	1
8995	39165	1
1937	39194	1
2561	39194	1
3111	39194	1
417	39245	1
2495	39245	1
3987	39245	1
5226	39245	1
6254	39245	1
672	39246	1
1521	39246	1
2381	39246	1
7638	39246	1
8743	39246	1
8923	39246	1
9538	39246	1
9716	39246	1
3255	39309	1
4338	39309	1
4527	39309	1
7266	39309	1
7279	39309	2
8426	39309	1
8899	39309	1
323	39327	1
1400	39327	1
2446	39327	1
6920	39327	1
7400	39327	1
8014	39327	1
8018	39327	1
9526	39327	2
3936	39364	1
5903	39364	1
7874	39364	1
7968	39364	1
1183	39379	1
2101	39379	1
2164	39379	1
5103	39379	1
5226	39379	1
8865	39379	1
3822	39483	1
5187	39483	1
6875	39483	1
3091	39503	1
5226	39503	1
7988	39503	1
2881	39544	1
3724	39544	1
5226	39544	1
8594	39544	1
8865	39544	1
9298	39544	1
9809	39544	1
1937	39671	2
9232	39671	1
9926	39671	1
1937	39680	1
1937	39797	1
3900	39797	1
4127	39797	1
9291	39797	1
1777	39912	1
5226	39912	1
8534	39912	1
541	39917	1
6166	39917	1
172	40013	1
1679	40013	1
2164	40013	1
3752	40013	1
4861	40013	1
6254	40013	1
8283	40013	1
8312	40013	1
1878	40038	1
1893	40038	1
3752	40038	1
7289	40038	1
7403	40038	1
8778	40038	1
2546	40043	1
7743	40043	1
8944	40043	1
172	40067	1
1086	40067	1
1382	40067	1
1894	40067	1
5561	40067	1
5783	40067	1
8283	40067	1
8484	40067	1
9347	40067	1
9805	40067	1
1413	40123	2
2630	40123	1
4056	40123	1
4127	40123	1
5018	40123	2
6166	40123	1
6607	40123	1
8246	40123	1
8452	40123	1
8978	40123	1
172	40135	1
5758	40135	1
8283	40135	1
8708	40135	1
8783	40135	1
10000	40135	1
385	40205	1
421	40205	1
2494	40205	1
5226	40205	1
6146	40205	1
6768	40205	1
6859	40205	1
7687	40205	1
8083	40205	1
1086	40234	1
1679	40234	1
3511	40234	1
8033	40234	1
9026	40234	1
9153	40234	1
6256	40580	1
8338	40580	1
2719	40591	1
4535	40640	1
5513	40640	1
1647	40696	1
3215	40696	1
4127	40794	1
5077	40794	1
9526	40794	1
5893	40815	1
3034	40900	1
6565	40900	1
8449	40900	1
8544	40900	1
1186	40965	1
3167	40965	1
3404	40965	1
4127	40965	1
5316	40965	1
5908	40965	1
7998	40965	1
8865	40965	1
9546	40965	1
455	41037	1
3038	41037	1
3822	41037	1
4127	41037	1
6301	41037	1
3404	41040	1
4127	41040	1
7266	41040	1
7998	41040	1
578	41462	1
6923	41462	1
8150	41462	1
5756	41602	1
7859	41602	1
9925	41602	1
1737	41645	1
4111	41645	1
4312	41645	1
6166	41645	1
7410	41645	1
8368	41645	1
8533	41645	1
8865	41645	1
9394	41645	1
9538	41645	2
162	41932	1
925	41932	1
1689	41932	1
1905	41932	1
4127	41932	1
8098	41932	1
8865	41932	1
9407	41932	1
9571	41932	1
455	41997	2
1564	41997	2
4127	41997	1
5892	41997	1
6301	41997	1
6304	41997	1
7166	41997	1
7324	41997	1
9574	41997	1
4127	42229	1
6733	42229	1
9375	42229	1
9500	42229	1
455	42291	1
528	42291	1
2849	42291	1
4127	42291	1
5892	42291	1
6315	42291	1
6609	42291	1
9727	42291	1
2398	42339	1
4127	42339	1
5411	42339	1
6733	42339	1
7166	42339	1
9375	42339	1
2673	42417	1
2739	42417	1
4127	42417	2
9837	42417	1
1666	42458	1
5892	42458	1
108	42516	1
4127	42516	1
5093	42516	1
5817	42516	1
10	42542	1
1798	42542	1
2787	42542	1
2943	42542	1
3752	42542	1
5389	42542	1
6301	42542	1
6692	42542	1
7800	42542	1
8489	42542	1
8915	42542	1
9030	42542	1
9500	42542	3
905	42582	1
3211	42582	1
10	42590	1
8427	42590	1
9500	42590	1
3112	42671	1
3822	42671	1
4102	42671	1
4127	42671	1
5892	42671	1
7367	42671	1
7500	42671	1
8380	42671	1
9144	42671	1
9822	42671	1
2695	42940	1
4127	42940	1
5198	42940	1
5254	42940	1
6844	42940	1
6907	42940	1
9500	42940	1
2425	42948	1
2616	42948	1
3511	42948	1
3608	42948	1
4127	42948	1
4491	42948	1
6304	42948	1
6475	42948	1
6783	42948	1
1189	42964	1
3752	42964	1
5844	42964	1
6844	42964	1
7562	42964	1
8279	42964	1
8321	42964	1
455	43011	2
4127	43011	1
4566	43011	1
6301	43011	1
8651	43011	1
9500	43011	1
4127	43064	1
8376	43064	1
558	43066	1
922	43066	1
3836	43066	1
3982	43066	1
4127	43066	1
4963	43066	1
8865	43066	1
1382	43079	1
1660	43079	1
5318	43079	1
544	43124	1
4127	43124	1
6304	43124	1
9500	43124	1
3340	43125	1
4458	43125	1
5267	43125	1
3974	43300	1
4127	43300	1
6785	43300	1
7078	43300	1
9500	43300	1
2768	43338	1
5184	43338	1
6098	43338	1
455	43577	1
4492	43577	1
6847	43822	1
7925	43822	1
8923	43822	1
9542	43822	1
9584	43822	1
3984	43834	1
5318	43834	1
7776	43834	1
8187	43834	1
455	43922	1
4127	43922	1
9500	43922	1
2324	43997	1
2324	44004	1
5226	44004	1
4127	44073	1
7158	44073	1
9500	44073	1
1168	44279	1
1437	44279	1
2511	44279	1
4973	44279	1
5018	44279	1
9277	44279	1
991	44576	1
1666	44576	1
619	45281	1
2330	45281	1
2696	45281	1
5941	45281	1
6307	45281	1
6319	45281	1
6619	45281	1
6700	45281	1
9265	45281	1
1567	45300	1
4127	45300	1
6769	45300	1
7166	45300	1
7966	45300	1
8375	45300	1
8969	45300	1
1309	45394	1
3615	45394	1
4127	45394	2
6706	45394	1
7889	45394	1
7956	45394	1
8765	45394	1
8865	45394	1
9743	45394	1
243	45825	1
857	45825	1
3822	45825	1
9870	45825	1
421	45975	1
5461	45975	1
158	46015	1
6166	46015	1
8368	46015	1
8816	46015	1
9030	46015	1
3349	46253	1
8710	46253	1
3752	46336	1
6146	46336	1
7486	46336	1
3173	46778	1
3559	46778	1
6460	46778	1
8865	46778	1
9184	46778	1
2267	46810	1
3501	46810	1
7607	46810	1
8995	46810	1
164	46833	1
1309	46833	1
3436	46833	1
3615	46833	1
4127	46833	2
6706	46833	1
7889	46833	1
8482	46833	1
8765	46833	1
9743	46833	1
1244	46864	1
1325	46864	1
1580	46864	1
1655	46864	1
4127	46864	1
4456	46864	1
8697	46864	1
8865	46864	1
1736	47064	1
2330	47064	1
2924	47064	1
4127	47064	1
4659	47064	1
8188	47064	1
8452	47064	1
8586	47064	1
2446	47535	1
9561	47535	1
101	47619	1
1464	47619	1
1787	47619	2
2289	47619	1
2427	47619	1
2968	47619	1
3294	47619	1
6371	47619	1
7913	47619	1
9544	47619	1
2146	48336	1
4127	48336	1
7090	48336	1
7166	48336	1
7776	48336	1
8086	48336	1
9500	48336	1
98	48524	1
4127	48524	1
5460	48524	1
5548	48524	1
6706	48524	1
8164	48524	1
8310	48524	1
8765	48524	1
3340	48608	1
4642	48608	1
579	48684	1
726	48684	1
3501	48684	1
6146	48684	1
8792	48684	1
9669	48684	1
25	48821	1
494	48821	1
4127	48821	1
4603	48821	1
4733	48821	1
4735	48821	1
5296	48821	1
6942	48821	1
9175	48821	2
133	48854	1
895	48854	1
2540	48854	1
5338	48854	1
5516	48854	1
5555	48854	1
8865	48854	1
8887	48854	1
9625	48854	1
122	48874	1
3568	48874	1
3900	48874	1
4223	48874	1
8865	48874	1
8969	48874	1
9526	48874	1
9622	48874	1
455	48887	1
4127	48887	1
6301	48887	1
2719	48925	1
3100	48925	1
8218	48925	1
8513	48925	1
5892	49024	1
7739	49024	1
2728	49112	1
3154	49112	1
7480	49112	1
1128	49145	1
1469	49145	1
4127	49145	1
4155	49145	1
6894	49145	1
1121	49235	1
2869	49235	1
4127	49235	1
5923	49235	1
6396	49235	1
6941	49235	1
8391	49235	1
3087	49326	1
7819	49326	1
1369	49379	1
1743	49379	1
1835	49379	1
3774	49379	1
4127	49379	1
8865	49379	1
8969	50066	1
338	50273	1
4127	50273	1
5548	50273	1
6495	50273	1
6711	50273	1
6791	50273	1
8765	50273	1
1521	50731	1
4144	50731	1
2130	50806	1
2901	50806	1
3392	51174	1
6149	51174	1
9589	51174	1
6149	51265	1
8107	51265	1
8513	51265	1
8910	51265	1
9394	51265	1
9813	51265	1
4367	51486	1
6166	51486	1
6859	51486	1
6881	51486	1
7106	51486	1
8380	51486	1
8573	51486	1
8995	51486	1
9144	51486	1
164	51712	1
1309	51712	1
4127	51712	2
5003	51712	1
6791	51712	1
7422	51712	1
8165	51712	1
8765	51712	1
9743	51712	1
7227	51740	1
9924	51740	1
312	51859	1
1981	51859	1
3232	51859	1
837	52005	1
3970	52005	1
6472	52005	1
6686	52005	1
8243	52005	1
8995	52005	1
526	52939	1
1309	52939	1
2162	52939	1
4127	52939	2
5078	52939	1
6791	52939	1
7964	52939	1
9743	52939	1
3191	53431	2
5318	53543	1
5794	53543	1
7986	53543	1
633	53819	1
1428	53819	1
3009	53819	1
3034	53819	1
3215	53819	1
6847	53819	1
7102	53819	1
7530	53819	1
8054	53819	1
9589	53819	1
1152	53832	1
5002	53832	1
5771	53832	1
8395	53832	1
9800	53832	1
2630	53965	1
2997	53965	1
4111	53965	1
7820	53965	1
8462	53965	1
256	54222	1
412	54222	1
2999	54222	1
3930	54222	1
4840	54222	1
6870	54222	1
8449	54222	1
8865	54222	2
8897	54222	1
4127	54447	1
837	54731	1
1580	54731	1
6304	54731	1
7638	54731	1
1309	55053	1
2157	55053	1
3615	55053	1
4127	55053	2
6706	55053	1
7889	55053	1
7956	55053	1
8865	55053	1
9743	55053	1
455	55156	1
4127	55156	1
6301	55156	1
3568	55161	1
5301	55161	1
5921	55161	1
6768	55161	1
9645	55161	1
6260	55195	1
455	55537	1
4127	55537	1
6301	55537	1
6570	55537	1
455	55773	1
4127	55773	1
5094	55773	1
6301	55773	1
8510	55773	1
1297	56018	1
6304	56018	1
6979	56018	1
7102	56018	1
8055	56018	1
4088	56043	1
5318	56043	1
235	56148	1
2927	56148	1
3154	56148	1
3907	56148	1
4127	56148	1
5874	56148	1
6266	56148	1
8339	56148	1
8510	56148	1
3568	56349	1
3933	56349	1
4127	56349	1
5972	56349	1
7166	56349	1
7735	56349	1
8865	56349	1
9431	56349	1
164	56388	1
338	56388	1
4127	56388	1
6495	56388	1
6711	56388	1
6791	56388	1
7422	56388	1
7956	56388	1
8765	56388	1
10003	56388	1
4642	56414	1
4998	56414	1
5267	56414	1
1128	56440	1
1132	56440	1
5458	56440	1
9526	56440	1
1536	56475	1
3550	56475	1
5861	56475	1
857	56539	1
3418	56539	1
4008	56539	1
4087	56539	1
4127	56539	1
5208	56539	1
5375	56539	1
5972	56539	1
6166	56539	1
6619	56539	1
6859	56539	1
8187	56539	1
8652	56539	1
8995	56539	1
455	56601	2
579	56601	1
3636	56601	1
4127	56601	1
4503	56601	1
4779	56601	1
6301	56601	1
6991	56601	1
7329	56601	1
8358	56601	1
9211	56601	1
995	57146	1
4631	57146	1
971	57316	1
4127	57316	1
6894	57316	1
6998	57316	1
8865	57316	1
9454	57316	1
878	57318	1
1490	57318	1
3702	57318	5
6600	57318	1
7568	57318	1
9637	57318	1
1309	57447	1
3615	57447	1
4127	57447	3
5003	57447	1
7889	57447	1
8165	57447	1
9743	57447	1
9837	57447	1
4127	57758	1
6785	57758	1
7078	57758	1
9500	57758	1
2657	57764	1
5674	57764	1
979	58144	1
2195	58144	1
4127	58144	1
5318	58144	1
7038	58144	1
8969	58144	1
9526	58144	1
9620	58144	1
2557	58175	1
4044	58175	1
4598	58175	1
9526	58175	1
4127	58333	1
4877	58333	1
6301	58333	1
9974	58333	1
1309	58503	1
3437	58503	1
4127	58503	2
4964	58503	1
5003	58503	1
5022	58503	1
5078	58503	1
6495	58503	1
7968	58503	1
9657	58503	1
9743	58503	1
455	58684	2
855	58684	1
3273	58684	1
4127	58684	1
4779	58684	1
6301	58684	1
7329	58684	1
8358	58684	1
9211	58684	1
2330	58997	1
4127	58997	1
9606	58997	1
4127	59367	1
579	59372	1
6834	59372	1
3729	59504	1
4127	59504	1
6266	59504	1
6878	59504	1
7279	59504	1
7365	59504	2
9076	59504	1
9669	59504	1
1673	59547	1
1895	59547	1
4127	59547	1
4840	59547	1
5460	59547	1
6706	59547	1
8164	59547	1
8765	59547	1
1587	59565	1
4127	59565	1
6304	59565	1
9500	59565	1
4127	59566	1
6111	59566	1
455	59591	1
645	59591	1
2464	59591	1
53	59626	1
1370	59626	1
2878	59626	1
2955	59626	1
2973	59626	1
3047	59626	1
3687	59626	1
5942	59626	1
7660	59626	1
8322	59626	1
8327	59626	1
8544	59626	1
9017	59626	1
189	59647	1
457	59647	1
4127	59670	1
6945	59670	1
7692	59670	1
619	59745	1
1862	59745	1
5389	59745	1
7061	59745	1
7262	59745	1
8360	59745	1
8865	59745	1
9054	59745	1
9500	59745	1
