167	60023	1
1957	60023	1
3087	60023	1
3142	60023	1
4056	60023	1
4127	60023	1
4398	60023	1
4613	60023	1
4653	60023	1
4807	60023	1
9468	60023	1
167	61797	1
4056	61797	2
4127	61797	1
4398	61797	1
4613	61797	1
4653	61797	1
4807	61797	1
8630	61797	1
1440	62682	1
2142	62682	1
3273	62682	1
4056	62682	1
4998	62682	1
7743	62682	1
167	64980	1
4127	64980	1
4398	64980	1
4523	64980	1
4613	64980	1
4653	64980	1
4807	64980	1
6301	64980	1
5318	65083	1
303	65093	1
1013	65093	1
1213	65093	1
1278	65093	1
1602	65093	1
2161	65093	2
4127	65093	1
4653	65093	1
5249	65093	1
167	65096	1
1013	65096	1
4127	65096	1
4398	65096	1
4613	65096	1
4653	65096	1
4807	65096	1
4963	65096	1
4214	65102	1
5318	65102	1
6301	65102	1
167	65171	1
4127	65171	1
4398	65171	1
4523	65171	1
4613	65171	1
4653	65171	1
4807	65171	1
5224	65171	1
6301	65171	1
167	65172	1
4127	65172	1
4398	65172	1
4613	65172	1
4653	65172	1
4807	65172	1
6937	65172	1
167	65190	1
4127	65190	1
4398	65190	1
4523	65190	1
4613	65190	1
4653	65190	1
4807	65190	1
5340	65190	1
6301	65190	1
167	65270	1
2616	65270	1
4127	65270	1
4398	65270	1
4613	65270	1
4653	65270	1
4807	65270	1
5892	65270	1
2231	65317	1
2293	65317	1
3142	65317	1
3702	65317	1
4127	65317	1
4613	65317	1
5052	65317	1
9153	65317	1
9733	65317	1
167	65327	1
4127	65327	1
4398	65327	1
4613	65327	1
4653	65327	1
4807	65327	1
8570	65327	2
167	65338	1
257	65338	1
4127	65338	1
4398	65338	1
4613	65338	1
4653	65338	1
4807	65338	1
5892	65338	1
167	65460	1
4127	65460	1
4398	65460	1
4613	65460	1
4653	65460	1
4807	65460	1
6769	65460	1
6941	65460	1
167	65462	1
4127	65462	1
4398	65462	1
4613	65462	1
4653	65462	1
4807	65462	1
6769	65462	1
6941	65462	1
167	65468	1
4127	65468	1
4398	65468	1
4613	65468	1
4653	65468	1
4807	65468	1
6304	65468	1
167	65473	1
4127	65473	1
4398	65473	1
4523	65473	1
4613	65473	1
4653	65473	1
4807	65473	1
6301	65473	1
167	65494	1
2746	65494	1
4127	65494	1
4398	65494	1
4613	65494	1
4653	65494	1
4807	65494	1
7608	65494	1
167	65640	1
2231	65640	1
3142	65640	1
3702	65640	1
4127	65640	1
4398	65640	1
4613	65640	2
4653	65640	1
4807	65640	1
5052	65640	1
167	65786	1
4127	65786	1
4398	65786	1
4523	65786	1
4613	65786	1
4653	65786	1
4807	65786	1
6301	65786	1
5226	65842	1
6301	65842	1
6700	65842	1
7629	65842	1
8233	65842	1
167	66165	1
1238	66165	1
2000	66165	1
4127	66165	1
4398	66165	1
4523	66165	1
4613	66165	1
4653	66165	1
4807	66165	1
6301	66165	1
167	66166	1
4127	66166	1
4398	66166	1
4523	66166	1
4613	66166	1
4653	66166	1
4807	66166	1
6301	66166	1
167	66397	1
2048	66397	1
4127	66397	1
4398	66397	1
4613	66397	1
4653	66397	1
4807	66397	1
5181	66397	1
6700	66397	1
8534	66397	1
167	66472	1
4056	66472	1
4127	66472	1
4398	66472	1
4613	66472	1
4653	66472	1
4807	66472	1
2896	66636	1
3294	66636	1
3900	66636	1
4127	66636	1
6700	66636	1
7887	66636	1
167	66910	1
1260	66910	1
2616	66910	1
3579	66910	1
4127	66910	1
4398	66910	1
4463	66910	1
4613	66910	1
4653	66910	1
4807	66910	1
7266	66910	1
10041	66910	1
167	67221	1
4127	67221	1
4398	67221	1
4523	67221	1
4613	67221	1
4653	67221	1
4807	67221	1
6301	67221	1
10006	67221	1
167	67341	1
3142	67341	1
4127	67341	1
4398	67341	1
4613	67341	1
4653	67341	1
4807	67341	1
4955	67341	1
5892	67341	1
9974	67341	1
733	67486	1
2330	67486	1
2886	67486	1
3087	67486	1
4056	67486	1
4613	67486	1
5052	67486	1
167	67789	1
3788	67789	1
4127	67789	1
4398	67789	1
4613	67789	1
4653	67789	1
4807	67789	1
1370	68020	1
3100	68020	1
4963	68020	1
5226	68020	1
6264	68020	1
8449	68020	1
9625	68020	1
167	68048	1
4127	68048	1
4398	68048	1
4613	68048	1
4653	68048	1
4807	68048	1
6671	68048	1
7638	68048	1
341	68138	1
958	68138	2
2328	68138	1
3191	68138	1
3873	68138	1
4162	68138	1
4384	68138	1
4458	68138	1
6572	68138	1
8944	68138	1
1835	68527	1
2231	68527	1
2293	68527	1
2698	68527	1
3142	68527	1
9153	68527	1
758	68569	1
2993	68569	1
3392	68569	1
3752	68569	1
7819	68569	2
63	68576	1
3392	68576	1
6859	68576	1
7819	68576	1
167	68667	1
4127	68667	1
4398	68667	1
4523	68667	1
4613	68667	1
4653	68667	1
4807	68667	1
6301	68667	1
271	69407	1
2994	69407	1
4458	69407	1
4846	69407	1
5009	69407	1
6426	69407	1
9669	69407	1
99	69425	1
2212	69425	1
3571	69425	1
4127	69425	1
9974	69425	1
167	69429	1
2344	69429	1
2968	69429	1
4127	69429	1
4398	69429	1
4613	69429	1
4653	69429	1
4748	69429	1
4807	69429	1
5318	69429	1
5794	69429	1
6302	69429	1
167	70329	1
3199	70329	1
4127	70329	1
4398	70329	1
4613	70329	1
4653	70329	1
4807	70329	1
6843	70329	1
6848	70329	1
8506	70329	1
8562	70329	1
5318	70364	1
6809	70364	1
6848	70364	1
7266	70364	1
8865	70364	1
9763	70364	1
3568	70790	1
4840	70790	1
8213	70790	1
8897	70790	1
8969	70790	1
4056	71066	1
6304	71066	1
4699	71212	1
6700	71212	1
9825	71212	1
3294	71246	1
6700	71246	1
6859	71246	1
9784	71246	1
3140	71340	1
4127	71340	1
5248	71340	1
5318	71340	1
8865	71340	1
9072	71340	1
2219	71479	1
3001	71479	1
3142	71479	1
5129	71479	1
5267	71479	1
5766	71479	1
167	71674	1
4127	71674	1
4398	71674	1
4523	71674	1
4613	71674	1
4653	71674	1
4807	71674	1
6301	71674	1
167	72346	1
4127	72346	1
4398	72346	1
4523	72346	1
4613	72346	1
4653	72346	1
4807	72346	1
6301	72346	1
167	72814	1
3087	72814	1
4127	72814	1
4398	72814	1
4613	72814	1
4653	72814	1
4807	72814	1
6304	72814	1
9915	72814	1
167	73295	1
2257	73295	1
4056	73295	1
4127	73295	1
4398	73295	1
4613	73295	1
4653	73295	1
4807	73295	1
9225	73295	1
167	73959	1
4127	73959	1
4398	73959	1
4523	73959	1
4613	73959	1
4653	73959	1
4807	73959	1
6301	73959	1
167	74014	1
4127	74014	1
4398	74014	1
4523	74014	1
4613	74014	1
4653	74014	1
4807	74014	1
6301	74014	1
167	74362	1
4127	74362	1
4398	74362	1
4523	74362	1
4613	74362	1
4653	74362	1
4807	74362	1
6301	74362	1
167	74421	1
4127	74421	1
4398	74421	1
4613	74421	1
4653	74421	1
4807	74421	1
167	75222	1
4127	75222	1
4398	75222	1
4523	75222	1
4613	75222	1
4653	75222	1
4807	75222	1
6301	75222	1
4127	75719	1
8466	75719	1
9793	75719	1
167	76098	1
4127	76098	1
4398	76098	1
4523	76098	1
4613	76098	1
4653	76098	1
4807	76098	1
6301	76098	1
167	76137	1
4127	76137	1
4398	76137	1
4523	76137	1
4613	76137	1
4653	76137	1
4807	76137	1
6301	76137	1
167	76307	1
1356	76307	1
2155	76307	1
2690	76307	1
4127	76307	1
4398	76307	1
4613	76307	1
4653	76307	1
4807	76307	1
7809	76307	1
167	76418	1
1002	76418	1
4127	76418	1
4398	76418	1
4613	76418	1
4653	76418	1
4807	76418	1
243	76448	1
418	76448	1
8879	76448	1
9538	76448	1
162	76511	1
167	76511	1
4127	76511	1
4398	76511	1
4613	76511	1
4653	76511	1
4807	76511	1
1178	76579	1
1298	76579	1
5160	76579	1
167	76614	1
4127	76614	1
4398	76614	1
4523	76614	1
4613	76614	1
4653	76614	1
4807	76614	1
6301	76614	1
167	76714	1
4127	76714	1
4398	76714	1
4487	76714	1
4613	76714	2
4653	76714	1
4807	76714	1
7887	76714	1
65	76835	1
125	76835	1
1518	76835	1
2932	76835	1
4127	76835	1
7748	76835	1
7910	76835	1
9193	76835	1
9589	76835	1
9764	76835	1
3664	77161	1
9974	77161	1
167	77214	1
4127	77214	1
4398	77214	1
4523	77214	1
4613	77214	1
4653	77214	1
4807	77214	1
6301	77214	1
167	77622	1
4127	77622	1
4398	77622	1
4523	77622	1
4613	77622	1
4653	77622	1
4807	77622	1
6301	77622	1
6785	77622	1
2078	78010	1
2504	78010	1
8391	78010	1
167	78072	1
4127	78072	1
4398	78072	1
4613	78072	1
4653	78072	1
4807	78072	1
170	78316	1
949	78316	1
5725	78316	1
6700	78316	2
7820	78316	2
9669	78316	2
9719	78316	1
10041	78316	1
122	78432	1
167	78432	1
4127	78432	1
4398	78432	1
4613	78432	1
4653	78432	1
4807	78432	1
9974	78432	1
167	78479	1
3142	78479	1
4127	78479	1
4398	78479	1
4613	78479	1
4653	78479	1
4807	78479	1
9716	78479	1
2231	78616	1
2293	78616	1
5282	78616	1
7395	78616	1
8679	78616	1
9153	78616	1
9734	78616	1
167	78648	1
4127	78648	1
4613	78648	1
4640	78648	1
5357	78648	1
6787	78648	1
6700	78742	1
9669	78742	1
1	79775	2
259	79775	1
591	79775	1
1745	79775	1
5301	79775	1
5303	79775	1
6959	79775	1
7297	79775	1
167	80174	1
4127	80174	1
4398	80174	1
4523	80174	1
4613	80174	1
4653	80174	1
4807	80174	1
6301	80174	1
167	80214	1
3702	80214	1
4127	80214	1
4398	80214	1
4613	80214	1
4653	80214	1
4807	80214	1
5347	80214	1
9658	80214	1
9853	80214	1
167	80332	1
259	80332	1
591	80332	1
595	80332	1
1593	80332	1
2219	80332	1
3079	80332	1
5360	80332	1
9924	80332	1
4079	81148	2
4604	81148	1
5267	81148	1
6399	81148	1
6859	81148	1
8865	81148	2
9610	81148	2
9716	81148	1
167	81186	1
4127	81186	1
4398	81186	1
4613	81186	1
4653	81186	1
4807	81186	1
9862	81186	1
167	81192	1
4127	81192	1
4398	81192	1
4613	81192	1
4653	81192	1
4807	81192	1
7518	81192	1
167	81229	1
1565	81229	1
3592	81229	1
4127	81229	1
4398	81229	1
4613	81229	1
4653	81229	1
4807	81229	1
4998	81229	1
6785	81229	1
167	81248	1
4127	81248	1
4398	81248	1
4523	81248	1
4613	81248	1
4653	81248	1
4807	81248	1
6301	81248	1
167	81766	1
4127	81766	1
4398	81766	1
4561	81766	1
4613	81766	1
4653	81766	1
4807	81766	1
167	81828	1
1264	81828	1
4127	81828	1
4398	81828	1
4613	81828	1
4653	81828	1
4807	81828	1
9890	81828	1
4127	81839	1
6301	81839	1
7832	81839	1
8793	81839	1
9133	81839	1
9136	81839	1
9974	81839	1
23	81898	1
243	81898	1
2896	81898	1
4332	81898	1
5448	81898	1
5476	81898	1
6304	81898	1
7638	81898	1
1067	81982	1
2616	81982	1
5077	81982	1
5766	81982	1
6700	81982	1
9265	81982	1
167	82581	1
3702	82581	1
4127	82581	1
4398	82581	1
4613	82581	2
4653	82581	1
4807	82581	1
167	82853	1
4127	82853	1
4398	82853	1
4523	82853	1
4613	82853	1
4653	82853	1
4807	82853	1
6301	82853	1
7492	82853	1
726	82864	1
5282	82864	1
5318	82864	1
9976	82864	1
167	83029	1
4127	83029	1
4398	83029	1
4523	83029	1
4613	83029	1
4653	83029	1
4807	83029	1
6301	83029	1
2219	83146	1
2745	83146	1
3232	83146	1
3518	83146	1
4111	83146	1
4127	83146	1
4653	83146	1
4807	83146	1
5267	83146	1
6520	83146	1
8865	83146	1
9667	83146	1
3859	83348	1
4395	83348	1
167	83532	1
4127	83532	1
4398	83532	1
4523	83532	1
4613	83532	1
4653	83532	1
4807	83532	1
6301	83532	1
167	83539	1
4127	83539	1
4398	83539	1
4613	83539	1
4653	83539	1
4807	83539	1
7056	83539	1
7809	83539	1
8693	83539	1
9974	83539	1
1196	83624	1
2030	83624	1
167	83625	1
4127	83625	1
4398	83625	1
4613	83625	1
4653	83625	1
4807	83625	1
169	83837	1
2219	83837	1
3873	83837	1
4111	83837	1
4127	83837	1
4686	83837	1
9803	84123	1
167	84191	1
2784	84191	1
4105	84191	1
4127	84191	1
4398	84191	1
4613	84191	1
4653	84191	1
4807	84191	1
1145	84259	1
1514	84259	1
1741	84259	1
3006	84259	1
4127	84259	1
4963	84259	1
6304	84259	1
7760	84259	1
167	84293	1
4127	84293	1
4398	84293	1
4613	84293	1
4653	84293	1
4807	84293	1
167	84773	1
4056	84773	2
4127	84773	1
4398	84773	1
4613	84773	1
4653	84773	1
4807	84773	1
167	84810	1
4056	84810	1
4127	84810	1
4398	84810	1
4613	84810	1
4653	84810	1
4807	84810	1
167	85514	1
4127	85514	1
4398	85514	1
4613	85514	1
4653	85514	1
4807	85514	1
6304	85514	1
167	86903	1
4127	86903	1
4398	86903	1
4523	86903	1
4613	86903	1
4653	86903	1
4807	86903	1
6301	86903	1
167	87058	1
4127	87058	1
4398	87058	1
4523	87058	1
4613	87058	1
4653	87058	1
4807	87058	1
6301	87058	1
167	87155	1
4127	87155	1
4398	87155	1
4523	87155	1
4613	87155	1
4653	87155	1
4807	87155	1
6301	87155	1
167	87562	1
4127	87562	1
4398	87562	1
4613	87562	1
4653	87562	1
4807	87562	1
6304	87562	1
167	87651	1
4127	87651	1
4398	87651	1
4523	87651	1
4613	87651	1
4653	87651	1
4807	87651	1
6301	87651	1
167	87984	1
949	87984	1
4111	87984	1
4127	87984	1
4398	87984	1
4613	87984	2
4653	87984	1
4807	87984	1
5090	87984	1
5989	87984	1
6273	87984	1
8062	87984	1
9072	87984	1
167	88041	1
1236	88041	1
4127	88041	1
4398	88041	1
4613	88041	1
4653	88041	1
4807	88041	1
6304	88041	1
6551	88041	1
5226	88547	1
5794	88547	1
9890	88547	1
167	88816	1
3086	88816	1
4127	88816	1
4398	88816	1
4613	88816	1
4653	88816	1
4807	88816	1
6930	88816	1
167	88990	1
1654	88990	1
2746	88990	1
3702	88990	1
4127	88990	1
4398	88990	1
4613	88990	1
4653	88990	1
4807	88990	1
7566	88990	1
7608	88990	1
2825	89208	1
3821	89208	1
5563	89208	1
7724	89208	1
9554	89208	1
