1469	42	1
4109	42	1
4127	42	1
7583	42	1
1469	62	1
3873	62	1
4109	62	1
4127	62	1
7583	62	1
4017	95	1
7776	95	1
9060	95	1
1357	98	1
3970	98	1
4792	98	1
826	109	1
1012	109	1
2931	109	1
4148	109	1
8781	109	1
9182	109	1
1440	220	1
4840	220	1
5226	220	1
6630	220	1
292	279	1
2049	279	1
4567	279	1
5037	279	1
9669	279	1
2052	368	1
2054	368	1
4127	368	1
4458	368	1
8865	368	1
4127	419	1
1031	475	1
3091	475	1
3474	475	1
4738	475	1
7733	475	1
9633	475	1
5318	505	1
3091	517	1
3349	517	1
4056	517	1
4738	517	1
9818	517	1
1382	549	1
8143	549	1
8749	549	1
6565	622	1
7441	622	1
9669	622	1
979	649	1
3006	649	1
3576	649	1
5884	649	1
2127	744	1
2483	744	1
4122	744	1
5267	744	1
6209	744	1
9546	744	1
5199	753	2
5318	753	1
7384	753	2
8218	753	2
1580	778	1
1602	785	1
2059	785	1
3568	785	1
4473	785	1
5077	785	1
5267	785	1
3925	809	1
4056	809	1
6919	809	1
5318	827	1
9230	827	1
4262	831	1
1192	832	1
4666	832	1
5522	832	1
9445	836	1
1945	837	1
2278	837	1
4127	837	1
10019	837	1
1536	846	1
2212	846	1
6641	846	1
7978	846	1
719	871	1
8098	871	1
8762	871	1
5211	894	1
5267	894	1
9394	894	1
878	901	2
4659	901	1
6870	901	1
8062	901	1
8206	901	1
8987	901	1
9610	901	1
1828	920	1
3711	921	1
5569	921	1
5877	921	1
8923	921	1
8978	921	1
9526	921	1
9538	921	1
2719	935	1
3017	935	1
3266	935	1
4127	935	1
8391	935	1
4056	945	1
8042	945	1
719	958	1
976	958	1
5267	958	1
1331	1001	1
8008	1001	1
8213	1001	1
3551	1049	1
3474	1060	1
6563	1060	1
8995	1060	1
396	1100	1
6920	1100	1
8242	1100	1
9277	1100	1
2353	1136	1
3038	1136	1
3752	1136	1
9164	1136	1
4056	1142	1
4215	1142	1
3763	1151	1
5691	1151	1
7041	1151	1
8268	1151	1
1945	1157	1
5150	1157	1
5267	1159	1
6166	1188	1
1430	1192	1
400	1271	2
1009	1271	1
2108	1271	1
3143	1271	2
3149	1271	2
5937	1271	1
6588	1271	2
8745	1271	1
9610	1271	1
1611	1342	1
1656	1342	1
1696	1342	1
3110	1342	1
3392	1342	1
3784	1342	1
3821	1342	1
5267	1342	1
7789	1342	1
8321	1342	1
8743	1342	1
8805	1342	1
9261	1342	1
6248	1353	1
341	1362	1
2108	1362	1
2614	1362	1
4084	1362	1
4259	1362	1
5937	1362	1
8745	1362	1
9610	1362	1
158	1421	1
1029	1421	1
5153	1421	1
6209	1421	1
1684	1432	1
4601	1432	1
134	1439	1
341	1439	1
4458	1439	1
4852	1439	1
969	1440	1
4239	1440	1
4653	1440	1
6654	1440	1
6924	1440	1
9526	1440	1
1606	1526	1
2445	1526	1
6012	1526	1
8973	1526	1
1152	1546	1
2324	1546	1
2648	1546	1
5239	1546	1
3006	1565	1
4065	1565	1
4458	1565	1
5199	1565	1
5318	1565	1
8218	1565	1
9669	1565	1
385	1670	1
2446	1670	1
2931	1670	1
4162	1670	1
4351	1670	1
6700	1670	1
8145	1670	1
9546	1670	1
3511	1702	1
4065	1702	1
4127	1702	1
7041	1702	1
8865	1702	1
826	1754	1
4127	1754	1
4846	1754	1
7186	1754	1
1609	1756	1
1662	1756	1
2351	1756	1
3168	1756	1
3602	1756	1
5076	1756	1
6673	1756	1
8865	1756	1
9610	1756	1
1467	1878	1
3784	1878	1
5877	1878	1
6631	1878	1
8865	1878	1
9625	1878	1
2175	1931	1
3728	1931	1
4846	1931	1
8803	1931	1
8865	1931	1
5727	1961	1
8887	1961	1
9526	1961	1
99	2098	1
1642	2098	1
2750	2098	1
3056	2098	1
3291	2098	1
7986	2098	1
8017	2098	1
9625	2098	1
3003	2155	1
3211	2155	1
5924	2155	1
9061	2155	1
21	2178	1
2188	2178	1
2853	2178	1
5877	2178	1
6444	2178	1
8351	2178	1
8509	2178	1
9130	2178	1
635	2194	2
4127	2194	1
6071	2194	1
7166	2194	1
7266	2194	1
7956	2194	1
5090	2246	1
1937	2296	1
3020	2296	1
7084	2296	1
7128	2419	1
8213	2419	1
4017	2547	1
8969	2547	1
9394	2547	1
8810	2572	1
9610	2572	1
1280	2602	1
4127	2602	1
5318	2602	1
7842	2602	1
8865	2602	1
8982	2602	1
8865	2604	1
352	2626	2
591	2626	1
855	2626	1
3873	2626	1
4087	2626	1
5226	2626	1
8213	2626	1
8380	2626	1
9538	2626	1
4065	2653	1
7671	2653	1
8987	2653	1
9542	2653	1
352	2696	2
591	2696	1
855	2696	1
3873	2696	1
4087	2696	1
5226	2696	1
8213	2696	1
8380	2696	1
9538	2696	1
1067	2715	1
5226	2715	1
7635	2715	1
9764	2715	1
2477	2749	1
7776	2749	1
243	2891	1
1042	2891	1
6625	2891	1
1719	2964	1
4047	2964	1
5396	2964	1
7058	2964	1
7812	2964	1
2379	3133	1
4127	3133	1
4281	3133	1
3984	3137	1
4127	3137	1
8552	3137	1
1118	3180	1
2768	3180	1
4088	3180	1
5318	3180	1
5794	3180	1
1467	3234	1
7934	3234	1
8520	3234	1
1632	3242	1
2651	3242	1
2849	3242	1
4127	3242	1
4963	3242	1
7493	3242	1
8560	3242	1
9396	3242	1
1143	3288	1
4056	3288	1
4127	3288	1
5794	3288	1
8293	3288	1
9538	3288	1
961	3297	1
1937	3297	1
3735	3297	1
4094	3297	1
5303	3297	1
5318	3297	1
5794	3297	1
6166	3297	1
8865	3297	1
3091	3321	1
6725	3321	1
7031	3321	1
7348	3321	1
8684	3321	1
2861	3585	1
2931	3585	1
3058	3585	1
3191	3585	1
3790	3585	1
4458	3585	1
4724	3585	1
5382	3585	1
8513	3585	1
3428	3594	1
3944	3594	1
4127	3594	1
5233	3594	2
7593	3594	1
8184	3594	1
4340	3600	1
4846	3600	1
7986	3600	1
8995	3600	1
4875	3629	1
5920	3629	1
8710	3629	1
412	3700	1
1388	3700	1
1702	3700	1
3095	3700	1
3784	3700	1
4127	3700	1
4367	3700	1
5149	3700	1
6119	3700	1
6785	3700	1
7139	3700	1
7166	3700	1
1240	3708	1
2916	3708	1
3273	3708	1
3944	3708	1
5232	3708	1
5892	3708	1
7032	3708	1
7471	3708	1
7593	3708	1
8944	3708	1
9526	3708	1
3501	3719	1
5189	3719	1
7304	3719	1
1240	3780	1
3944	3780	1
5232	3780	1
5382	3780	1
7266	3780	1
7593	3780	1
8122	3780	1
8865	3780	1
9526	3780	1
9546	3780	1
292	3796	1
4970	3796	1
8098	3796	1
4127	3837	1
5318	3837	1
1042	3883	1
3392	3883	1
8388	3883	1
2127	3926	1
5267	3926	1
323	3932	1
1118	3932	1
4223	3932	1
4963	3932	1
5182	3932	1
6444	3932	1
7691	3932	1
7808	3932	1
8684	3932	1
8912	3932	1
9144	3932	1
2198	3954	1
3915	3954	3
3942	3954	1
3944	3954	1
5232	3954	1
7468	3954	1
7593	3954	1
9526	3954	1
9890	3954	1
5301	3958	1
8743	3958	1
8865	3958	1
1267	3973	1
2074	3973	1
3319	3973	1
5854	3973	1
6787	3973	1
8053	3973	1
5267	4005	1
7748	4005	1
7031	4009	1
292	4096	1
3871	4096	1
4070	4096	1
5352	4096	1
2198	4131	1
3191	4131	1
3914	4131	1
3942	4131	1
3944	4131	1
5267	4131	1
6065	4131	1
7593	4131	2
8865	4131	1
6146	4194	1
9669	4194	1
9761	4194	1
2283	4211	1
4897	4211	1
613	4229	1
4162	4229	1
7204	4229	1
8391	4229	1
9818	4229	1
158	4248	1
5856	4248	1
9130	4248	1
2198	4387	1
3944	4387	1
5267	4387	1
7166	4387	1
7593	4387	1
8887	4387	1
9584	4387	1
579	4527	1
3803	4527	1
2071	4561	1
8175	4561	1
6593	4636	1
7241	4636	1
7399	4636	1
3213	4722	1
3288	4722	1
3763	4722	1
3925	4834	1
9716	4834	1
2198	4836	1
3349	4836	1
3735	4836	1
3944	4836	1
4237	4836	1
4854	4836	1
5239	4836	1
7593	4836	1
9435	4836	1
9785	4836	1
9813	4836	1
878	4845	1
5318	4845	1
161	4893	1
1236	4893	1
2198	4893	1
2360	4893	1
3349	4893	1
3511	4893	1
3944	4893	1
5233	4893	1
7593	4893	1
8426	4893	1
653	4906	1
3091	4906	1
3392	4906	1
3752	4906	1
8743	4906	1
8865	4906	1
878	4940	1
7194	4940	1
1958	4941	1
2324	4941	1
3045	4941	1
4881	4941	1
6209	4941	1
6565	4941	1
8903	4941	1
9265	4941	1
9976	4941	1
3735	4993	1
4792	4993	1
8865	4993	1
591	5002	1
2074	5002	2
7060	5002	1
8894	5002	1
9068	5002	1
925	5082	1
5267	5082	1
6612	5082	1
1602	5112	1
1647	5112	1
8987	5112	1
3045	5120	1
8865	5120	1
9625	5120	1
9627	5120	1
251	5151	1
254	5151	1
579	5151	1
3284	5151	1
3636	5151	1
4127	5151	1
5601	5151	1
9348	5151	1
2370	5164	1
3392	5272	1
3925	5272	1
5267	5272	1
8791	5272	1
1540	5281	1
3803	5281	1
8684	5281	1
432	5284	1
878	5284	1
5318	5284	2
7621	5284	1
3349	5314	1
6785	5314	1
6936	5314	1
8145	5314	1
8982	5314	1
5267	5337	1
2918	5348	1
9947	5348	1
2561	5365	1
2768	5365	1
8449	5365	1
8865	5365	1
9819	5365	1
7792	5396	1
9027	5396	1
5303	5454	1
7037	5454	1
9962	5454	1
3900	5483	1
5318	5483	1
4307	5487	1
1529	5490	1
4864	5490	1
9930	5490	1
3518	5542	1
9045	5542	1
3900	5572	1
4852	5572	1
8865	5572	1
9926	5572	1
8160	5622	1
9130	5622	1
114	5641	1
1196	5641	1
4505	5641	1
9030	5641	1
3006	5647	1
6133	5647	1
7165	5647	1
8805	5647	1
292	5685	1
613	5685	1
1562	5685	1
4658	5685	1
2484	5759	1
4864	5759	2
5199	5759	1
5267	5759	1
6209	5759	1
7264	5759	1
8218	5759	1
9193	5759	1
9930	5759	1
1357	5762	1
9232	5762	1
9394	5762	1
976	5859	1
5794	5859	2
5318	5901	1
3501	5934	1
8874	5934	1
8144	5969	1
3568	5983	1
3790	5983	1
4881	5983	1
5163	5983	1
5282	5983	1
6625	5983	1
7107	5983	1
7128	5983	1
8395	5983	1
1143	6026	1
5172	6026	1
5024	6065	4
7117	6065	1
9121	6065	1
10024	6065	1
826	6083	1
1120	6083	1
2625	6083	1
2876	6083	1
3238	6083	1
3641	6083	1
7006	6083	1
8321	6083	1
4864	6140	1
9930	6140	1
7017	6199	1
1118	6200	1
9028	6200	1
9926	6200	1
907	6217	1
1325	6217	1
1707	6217	1
3735	6217	1
4716	6217	1
6834	6217	1
3034	6275	1
4127	6275	1
5939	6275	1
1669	6338	1
1670	6338	1
6700	6338	1
8291	6338	1
184	6351	1
3100	6351	1
3568	6351	1
3602	6351	1
3914	6351	1
4864	6351	1
8217	6351	1
8865	6351	1
9930	6351	1
1236	6435	1
4127	6435	1
4145	6435	1
6133	6435	1
6738	6435	1
9625	6435	1
3568	6576	1
8865	6576	1
4102	6597	1
4349	6597	1
2445	6638	1
3837	6638	1
3511	6673	1
6618	6673	1
7326	6673	1
5211	6677	1
8006	6677	1
101	6691	1
366	6691	1
3514	6691	1
2178	6739	1
5211	6739	1
5267	6739	1
5921	6739	1
8558	6739	1
9363	6739	1
9526	6739	2
9627	6739	1
5318	6773	1
9620	6773	1
3034	6776	1
3087	6776	1
2190	6781	1
4056	6781	1
5211	6781	1
5921	6781	1
7743	6781	1
8380	6781	1
8395	6781	1
5303	6826	1
9985	6826	1
3034	6829	1
3602	6829	1
3763	6829	2
4864	6829	1
5318	6829	1
6048	6829	1
8513	6829	1
8865	6829	1
8872	6829	1
9930	6829	1
4127	6879	1
5199	6879	1
7081	6879	1
9364	6879	1
9746	6879	1
130	6885	1
1637	6887	1
3177	6887	1
4056	6887	1
5267	6887	1
6607	6887	1
8395	6887	1
9581	6887	1
9627	6887	1
4062	6895	1
7266	6895	1
949	6910	1
1152	6910	1
4127	6910	1
7912	6910	1
8590	6910	1
9348	6910	1
9175	6913	1
723	6914	1
8395	6914	1
9669	6914	1
9764	6914	1
2210	6948	1
2885	6948	1
4056	6948	1
4271	6948	1
5211	6948	1
8008	6948	1
8464	6948	1
9561	6948	1
518	6969	1
9924	6969	1
1125	7005	1
5211	7005	1
5267	7005	1
8639	7055	1
1017	7077	1
5208	7077	1
5211	7077	1
7376	7077	1
7610	7077	1
8006	7077	1
8684	7077	1
9561	7077	1
1370	7096	1
4695	7096	1
5244	7096	1
4127	7111	1
8987	7111	1
162	7167	1
1118	7167	1
1702	7167	1
4367	7167	1
4642	7167	1
5318	7167	1
9669	7167	1
3294	7201	1
4356	7201	1
9526	7201	1
5234	7283	1
8937	7283	1
8956	7283	1
5211	7308	1
4473	7343	1
629	7371	1
5096	7371	1
6700	7371	1
7296	7371	1
7346	7371	1
125	7405	1
3511	7405	1
3606	7405	1
4473	7405	1
5725	7405	1
6121	7405	1
6593	7405	1
8684	7405	1
1554	7424	1
6009	7424	1
1147	7448	1
1540	7448	1
2574	7448	1
4081	7448	1
4127	7448	1
5318	7448	1
5613	7448	1
7986	7448	1
3821	7459	1
4963	7459	1
5077	7459	1
8743	7459	1
8995	7459	1
4848	7488	1
5267	7488	1
6009	7488	1
9974	7488	1
8684	7501	1
4056	7545	1
4259	7545	1
5794	7545	1
8350	7545	1
2614	7614	1
4473	7614	1
6593	7614	1
1048	7627	1
3289	7627	1
4473	7627	1
4862	7627	1
5267	7627	1
4897	7630	1
370	7645	1
857	7645	1
1554	7645	1
3196	7645	1
3568	7645	1
8229	7645	1
8591	7645	1
243	7662	1
905	7662	1
1288	7662	1
1892	7662	1
2910	7662	1
3644	7662	1
6700	7662	1
8865	7662	1
3087	7688	1
3340	7688	1
3568	7688	1
5794	7688	1
8246	7688	1
9157	7688	1
9526	7688	1
1293	7711	1
1602	7711	1
8987	7711	1
7320	7726	1
7520	7726	1
9972	7726	1
1145	7742	1
1843	7742	1
9422	7742	2
1199	7746	1
2190	7746	1
3182	7746	2
4395	7746	1
6700	7746	1
7229	7746	1
9193	7746	1
4280	7791	1
723	7825	1
1434	7825	1
1580	7825	1
3570	7825	1
4127	7825	1
5853	7825	1
5267	7834	1
6612	7834	1
7913	7834	1
5077	7849	1
6637	7849	1
7581	7849	1
826	7855	1
2578	7855	1
3763	7855	1
4017	7855	1
7986	7855	1
8865	7855	1
8943	7855	1
2503	7963	1
3294	7963	2
4056	7963	1
5318	7963	1
5632	7963	1
7223	7963	1
9627	7963	1
826	8023	1
878	8023	1
8626	8023	1
8869	8023	1
9610	8023	1
9669	8023	1
2561	8067	1
3392	8067	1
3373	8082	1
5854	8082	1
9780	8082	1
2968	8094	1
6700	8094	1
8083	8094	1
8536	8094	1
2445	8143	1
6166	8143	1
6711	8143	1
8246	8143	1
8562	8143	1
9813	8143	1
7038	8184	1
7847	8184	1
8969	8184	1
3373	8192	1
9669	8192	1
3279	8200	1
3373	8200	1
292	8204	1
2445	8204	1
4127	8204	1
4658	8204	1
3373	8210	1
1005	8236	1
3373	8236	1
3691	8236	1
4205	8236	1
9491	8236	1
9669	8236	1
3373	8244	1
4861	8244	1
1656	8253	1
6133	8253	1
9608	8253	1
8098	8264	1
8509	8264	1
9561	8264	2
954	8268	1
2303	8268	1
3279	8268	1
4127	8268	1
6812	8268	1
8506	8268	1
303	8394	1
826	8394	1
878	8394	1
9669	8394	1
2885	8397	1
436	8518	1
640	8518	1
3970	8518	1
6394	8518	1
6796	8518	1
7298	8518	1
7930	8518	2
8684	8518	1
3511	8533	1
5296	8533	1
8483	8533	1
8865	8533	1
9225	8533	1
9625	8533	1
1638	8641	1
5181	8641	1
8026	8641	1
2097	8812	2
5318	8812	1
6366	8812	1
8218	8812	1
9225	8812	1
9669	8812	1
3223	8821	1
3970	8821	1
4621	8821	1
1357	8860	1
4792	8860	1
1482	8861	1
6541	8861	1
436	8864	1
2955	8864	1
6870	8864	1
292	8882	1
3140	8882	1
4056	8882	1
7520	8882	1
8727	8882	1
558	8906	1
1937	8906	1
2097	8906	1
2532	8906	1
8887	8906	1
9669	8906	1
292	8979	1
2049	8979	1
2871	8979	1
9669	8979	1
1554	9066	1
7243	9066	1
9526	9066	1
511	9075	1
4113	9075	1
4523	9075	1
7376	9075	1
3344	9100	1
4653	9100	1
5222	9100	1
8562	9100	1
4463	9143	1
4544	9143	1
1336	9166	1
6998	9166	1
1442	9200	1
4014	9200	1
5272	9200	1
7587	9200	1
8380	9200	1
2340	9209	1
8963	9209	1
9175	9209	1
1442	9220	1
3806	9220	1
4014	9220	1
5273	9220	1
7587	9220	1
9581	9220	1
1013	9332	1
3873	9332	1
5318	9332	1
6700	9332	1
6725	9332	1
4056	9348	1
4070	9348	1
7520	9348	1
8865	9348	1
9561	9348	1
323	9387	1
1958	9387	1
3047	9387	1
3392	9387	1
3914	9387	1
4544	9462	1
6035	9462	1
7234	9462	1
4544	9478	1
5348	9478	1
6035	9478	2
7234	9478	1
9890	9478	1
4973	9481	1
5226	9481	1
5513	9481	1
6949	9481	1
8042	9481	1
8043	9481	1
826	9530	1
2973	9530	1
8536	9530	1
8765	9530	1
149	9586	1
7498	9586	1
526	9595	1
1440	9595	1
2244	9595	1
4458	9595	1
5226	9595	1
6970	9595	1
8865	9595	1
9121	9595	1
857	9607	1
3822	9607	1
5559	9607	1
5579	9607	1
1440	9618	1
2244	9618	1
2943	9618	1
4458	9618	1
5226	9618	1
5790	9618	1
6970	9618	1
8865	9618	1
9121	9618	1
526	9637	1
3944	9637	1
4458	9637	1
5856	9637	1
6297	9637	1
7262	9637	1
8865	9637	1
9825	9637	1
9925	9637	1
2257	9646	1
9165	9646	1
1350	9724	1
3602	9724	1
3774	9724	1
7122	9724	1
1512	9778	1
6009	9778	1
8865	9778	1
9011	9778	1
9083	9778	1
791	9831	1
857	9831	1
1369	9831	1
5330	9831	1
7266	9862	1
5267	9961	1
9526	9961	1
1602	9975	1
5077	9975	1
7581	9975	1
8987	9975	1
9571	9975	1
3211	9985	1
8804	9985	1
385	10010	1
3361	10010	1
8192	10010	1
8995	10010	1
9571	10010	1
3688	10015	1
4070	10015	1
5039	10015	1
5318	10015	1
6700	10015	1
5794	10017	1
2107	10031	1
3997	10031	1
5937	10031	1
8745	10031	1
9175	10031	1
2383	10038	1
2593	10038	1
3334	10038	1
5039	10038	1
5267	10038	1
9366	10038	1
579	10042	1
9674	10042	1
292	10098	1
859	10098	1
1118	10098	1
1261	10098	1
4237	10098	1
9890	10098	1
3289	10111	1
5589	10111	1
5937	10111	1
8539	10111	1
8745	10111	1
9334	10111	1
292	10130	1
1206	10130	1
2049	10130	1
3873	10130	1
6628	10130	1
7091	10130	1
8865	10130	1
9669	10130	1
3735	10140	1
3970	10140	1
9716	10140	1
3589	10196	1
4127	10196	1
9637	10196	1
292	10242	1
7367	10242	1
8865	10242	1
9669	10242	1
139	10267	1
341	10267	1
3568	10267	1
583	10372	1
1833	10372	1
2071	10372	1
8014	10461	1
7051	10486	1
1194	10491	1
5301	10491	1
6166	10491	1
1382	10500	1
2917	10500	1
7279	10500	1
9669	10500	1
7968	10508	1
2323	10541	1
7215	10541	1
8560	10541	1
8969	10541	1
979	10554	1
3213	10554	1
4127	10554	1
6776	10554	1
7040	10554	1
8510	10554	1
8969	10554	1
3278	10561	1
4102	10561	1
6166	10561	1
8181	10561	1
8629	10561	1
8995	10561	1
9526	10561	2
925	10704	1
1194	10704	1
1635	10704	1
2036	10704	1
4798	10704	1
5396	10704	1
5771	10704	1
8865	10704	3
9066	10704	1
9589	10704	1
9669	10704	1
32	10718	1
1217	10718	1
1892	10718	1
3425	10718	1
9669	10718	1
9803	10718	1
8865	10755	1
2632	10761	1
7980	10761	1
4017	10762	1
6254	10762	1
9669	10762	1
3106	10786	1
6238	10786	1
8950	10786	1
4102	10794	1
4798	10794	1
5672	10794	1
707	10853	1
1126	10853	1
1689	10853	1
2703	10853	1
3142	10853	1
8363	10853	1
9546	10853	2
3215	10864	1
5272	10864	1
8674	10864	1
5625	10891	1
7944	10891	1
3822	11020	1
4127	11020	1
8573	11020	1
9924	11020	1
5199	11150	1
6997	11150	1
8054	11150	1
9825	11150	1
9850	11150	1
3914	11165	1
5296	11165	1
7080	11165	1
8014	11165	1
59	11315	1
1580	11315	1
5794	11440	1
6861	11440	1
7298	11440	1
8218	11440	1
8865	11440	1
9462	11440	1
3211	11467	1
6700	11467	1
2915	11667	1
3949	11667	1
7606	11667	1
9805	11667	1
6106	11756	1
8923	11756	1
2968	11790	1
3873	11790	1
5162	11790	1
5854	11790	1
9669	11790	1
4259	11875	1
8624	11875	1
9800	11875	1
558	11906	1
1958	11906	1
3970	11906	1
9669	11906	1
9228	11911	1
1018	11993	1
1602	11993	1
2955	11993	1
7121	11993	1
8408	11993	1
8987	11993	1
9561	11993	1
9526	12045	1
9625	12045	2
9803	12045	1
2447	12084	1
2904	12084	1
3900	12084	1
4223	12084	1
5768	12084	1
8229	12084	1
2447	12086	1
2904	12086	1
3900	12086	1
4223	12086	1
5768	12086	1
8227	12086	1
2214	12108	1
3161	12108	1
173	12256	1
3057	12256	1
3790	12256	1
6242	12256	1
6847	12256	1
3731	12393	1
733	12678	1
9669	12678	1
1602	12696	1
4283	12696	1
371	12708	1
1690	12708	1
5077	12708	1
9347	12708	1
2532	12736	1
2719	12736	1
3017	12736	1
4127	12736	1
7655	12736	1
8391	12736	1
8395	12736	1
8923	12736	1
8944	12736	1
9034	12736	1
2220	12899	1
5086	12899	1
7262	12899	1
9175	12899	1
162	12916	1
925	12916	1
1689	12916	2
5495	12916	1
9407	12916	1
9669	12916	1
9962	12916	1
3380	12917	1
7315	12917	1
8923	12917	1
9538	12917	1
9865	12917	1
1188	12940	1
2614	12940	1
3538	12940	1
3809	12940	1
3872	12940	1
7760	12940	1
8865	12940	1
9571	12940	3
9611	12940	1
3652	12949	1
5924	12949	1
6038	12949	1
1689	13028	1
2878	13028	1
7992	13028	1
2955	13046	1
905	13073	2
1145	13073	1
1296	13073	1
3790	13073	1
4603	13073	1
5089	13073	1
7041	13073	1
7262	13073	1
8841	13073	1
5892	13080	1
8380	13080	1
5037	13100	1
5295	13100	1
7998	13100	1
1602	13113	2
3034	13113	1
3784	13113	1
4699	13113	1
6568	13113	1
6700	13113	1
7128	13113	1
8238	13113	1
9610	13113	1
5037	13198	1
5295	13198	1
5318	13198	1
3215	13205	1
3335	13205	1
3873	13205	1
7776	13205	1
9625	13205	1
4102	13227	1
7776	13227	1
9589	13227	1
1602	13249	1
8865	13249	1
9669	13249	1
2214	13255	1
63	13397	1
4113	13397	1
3034	13439	1
8865	13439	1
9627	13439	1
3873	13472	1
5864	13472	1
3161	13492	1
4127	13492	1
6301	13492	1
8376	13492	1
9524	13492	1
9526	13492	1
3552	13568	1
4016	13568	1
4817	13568	1
8171	13568	1
9589	13568	1
4127	13605	1
4523	13605	1
5423	13605	1
6301	13605	1
8479	13605	1
9285	13605	1
878	13825	3
1213	13825	1
2073	13825	1
3822	13825	1
4127	13825	1
4659	13825	1
5495	13825	1
8206	13825	1
8586	13825	1
9610	13825	1
1515	13853	1
3319	13853	1
4127	13853	1
1702	13864	1
3161	13864	1
4127	13864	1
6301	13864	1
7166	13864	1
1186	13865	1
3161	13865	1
4127	13865	1
6301	13865	1
7782	13865	1
1515	13875	1
4127	13875	1
9198	13875	1
421	13887	1
542	13887	1
5794	13887	1
6301	13887	1
9394	13887	1
5883	13920	1
5892	13920	1
5972	13920	1
9153	13920	1
162	14138	1
2477	14138	1
9576	14138	1
471	14151	1
3836	14151	1
6661	14151	1
9669	14151	1
1506	14154	1
3182	14154	1
4790	14154	1
9526	14154	1
9669	14154	1
733	14292	1
3278	14292	1
5892	14292	1
6396	14292	1
8865	14292	1
9526	14292	1
1679	14309	1
4044	14309	1
4127	14309	1
5318	14309	1
5892	14309	1
8142	14309	1
8710	14309	1
931	14320	1
1755	14320	1
5951	14320	1
3774	14381	1
5892	14381	1
6643	14381	1
8803	14381	1
8865	14381	1
139	14398	1
2617	14398	1
2672	14398	1
5924	14398	1
6373	14398	1
8279	14398	1
1689	14415	1
4127	14415	1
5318	14415	1
6467	14415	1
9611	14415	1
5344	14427	1
2185	14460	1
2540	14460	1
4686	14460	1
8148	14460	1
23	14491	1
1689	14491	1
3774	14491	1
5272	14491	1
5318	14491	3
9610	14491	1
58	14498	1
249	14498	1
4414	14510	1
6609	14510	1
6625	14510	1
8969	14510	1
1029	14534	1
4049	14534	1
5396	14534	1
9130	14534	1
558	14538	1
3754	14538	1
8150	14538	1
8969	14538	1
6922	14540	1
7264	14540	1
8213	14540	1
9825	14540	1
3109	14557	1
5460	14557	1
8368	14557	1
9130	14557	1
558	14588	1
1067	14588	1
3754	14588	1
4260	14588	1
5267	14588	1
9669	14588	1
187	14614	1
2531	14614	1
4113	14614	1
4127	14614	1
5825	14614	1
6769	14614	1
7107	14614	1
8324	14614	1
9957	14614	1
558	14629	1
3221	14629	1
3754	14629	1
4070	14629	1
8944	14629	1
733	14630	1
1108	14630	1
2616	14630	1
4260	14630	1
7988	14630	1
830	14654	1
1702	14654	1
2616	14654	1
5077	14654	1
7279	14654	1
9542	14654	1
341	14660	1
1602	14660	1
4088	14660	1
5794	14660	1
7846	14660	1
8865	14660	1
1202	14667	1
1679	14667	1
3350	14667	1
4278	14667	1
8175	14667	1
9538	14667	1
9589	14667	1
558	14686	1
3392	14686	1
3754	14686	1
8772	14686	1
9426	14686	1
1236	14688	1
5921	14688	1
8987	14688	1
8503	14707	1
1293	14710	1
1602	14710	1
2214	14710	1
3182	14710	1
3911	14710	1
6735	14710	1
6963	14710	1
633	14727	1
3881	14727	1
5199	14727	1
5809	14727	1
2330	14728	2
9926	14728	1
3621	14742	1
3871	14742	1
4175	14742	1
7876	14742	1
1000	14751	1
755	14764	1
1642	14764	1
3822	14764	1
9637	14764	1
558	14771	1
3754	14771	1
4127	14775	1
4523	14775	1
4653	14775	1
6301	14775	1
8351	14775	1
9293	14775	1
850	14790	1
2107	14790	1
4102	14790	1
5937	14790	1
7581	14790	1
8745	14790	1
1819	14791	1
4426	14791	1
8647	14791	1
8944	14791	1
184	14811	1
2719	14811	1
3518	14811	1
5827	14811	1
8449	14811	1
4815	14815	1
9676	14869	1
3774	14887	1
5298	14887	1
6794	14887	1
8865	14887	1
1071	14963	1
1147	14963	1
1679	14963	1
1930	14963	1
4297	14963	1
5621	14963	1
7461	14963	1
8157	14963	1
8547	14963	1
8803	14963	1
211	14999	1
4111	14999	1
8098	14999	1
9962	14999	1
40	15049	1
5318	15049	1
5226	15065	1
5854	15065	1
6472	15065	1
9265	15065	1
3700	15075	1
4684	15075	1
8865	15075	1
8944	15075	1
1145	15082	1
1296	15082	1
1602	15082	1
7041	15082	1
1602	15099	1
1225	15101	1
1440	15101	1
5768	15101	1
8697	15101	1
8099	15150	1
4815	15224	1
8431	15224	1
9890	15224	1
243	15240	1
1602	15240	1
2766	15240	1
3033	15240	1
3511	15240	1
3873	15240	1
7041	15240	1
8865	15240	1
9265	15240	1
4127	15264	1
1189	15292	1
2630	15300	1
8098	15300	1
9538	15300	1
1842	15302	1
2212	15302	1
3291	15302	1
3700	15302	1
4642	15302	1
4684	15302	1
6175	15302	1
4642	15310	1
7846	15310	1
1745	15348	1
3873	15348	1
6266	15348	1
8969	15348	1
9571	15348	1
733	15365	1
8727	15365	1
1679	15419	1
2937	15419	1
7011	15419	1
8376	15419	1
9394	15419	1
353	15466	1
726	15466	2
2049	15466	1
2990	15466	1
3501	15466	2
4127	15466	1
4365	15466	1
6012	15466	2
6998	15466	1
8525	15466	1
1174	15539	1
7520	15539	1
958	15586	1
1602	15586	1
1931	15586	1
8144	15586	1
8520	15586	1
8865	15586	1
1152	15600	1
3090	15600	1
5448	15600	1
1308	15637	1
1430	15637	1
2886	15637	1
3474	15637	1
3747	15637	1
8969	15637	1
9792	15637	1
2071	15649	1
4815	15649	1
7998	15649	1
5344	15658	6
5864	15658	1
1783	15685	1
2763	15685	1
5034	15685	1
1602	15710	1
2395	15710	1
449	15721	1
4223	15721	1
5267	15721	1
8804	15721	1
8978	15721	1
2324	15729	1
4102	15729	1
8555	15729	1
9669	15729	1
4815	15774	1
5318	15774	1
5267	15813	1
7520	15813	1
3568	15820	1
8008	15820	1
1602	15828	1
3704	15828	1
5201	15828	1
8865	15828	1
4815	15867	1
8684	15867	1
2127	15891	1
8443	15891	1
9608	15891	1
1120	15930	1
1602	15930	1
2825	15930	1
3006	15930	1
4678	15930	1
7264	15930	1
7986	15930	1
8321	15930	1
9589	15930	1
4815	15984	1
9928	15984	1
1143	16057	1
2175	16057	1
3278	16057	1
7581	16057	1
7964	16057	1
4127	16086	1
9915	16086	1
5232	16128	1
8593	16128	1
8144	16210	1
1632	16219	1
4259	16219	1
5708	16219	1
9538	16219	1
22	16300	1
7743	16300	1
8865	16300	1
9611	16300	1
9669	16300	1
2522	16360	1
4527	16360	1
7621	16360	1
9394	16360	1
3087	16381	1
9625	16381	1
1382	16385	1
1602	16385	1
8969	16385	1
4127	16404	1
4523	16404	1
4653	16404	1
6301	16404	1
8351	16404	1
9293	16404	1
10049	16404	1
2313	16428	1
5267	16428	1
2214	16446	1
3984	16446	1
8969	16446	1
9669	16446	1
2618	16469	1
3568	16469	1
3678	16469	1
8969	16469	1
9474	16469	1
412	16533	1
1602	16533	1
2477	16533	1
4169	16533	1
5937	16533	1
6991	16533	1
8745	16533	1
3312	16538	1
6806	16538	1
7166	16538	1
8969	16538	1
9225	16538	1
5677	16575	1
9315	16575	1
1602	16576	1
1690	16576	1
6011	16576	1
1783	16585	1
2074	16585	1
2427	16585	1
3553	16585	1
6569	16585	1
9554	16585	1
1108	16596	1
4127	16596	1
7275	16596	1
8969	16596	1
9424	16596	1
2944	16624	1
3034	16624	1
6870	16625	1
7799	16625	1
8449	16625	1
1602	16698	1
3568	16698	1
4102	16698	1
4846	16698	1
6794	16698	1
7842	16698	1
8054	16698	1
8865	16698	1
9526	16698	1
1017	16703	1
3035	16703	1
2073	16730	1
4127	16730	1
6353	16730	1
9596	16730	1
278	16761	1
1716	16761	1
3094	16761	1
3774	16761	1
5301	16761	1
5671	16761	1
7102	16761	1
8969	16761	1
3752	16845	2
3790	16845	1
4127	16845	1
5318	16845	1
2348	16846	1
3787	16846	1
4127	16846	1
1602	16871	1
1797	16871	1
2178	16871	1
2648	16871	1
5045	16871	1
6287	16871	1
1095	16906	1
534	16910	1
4278	16939	1
9474	16939	1
3784	16981	1
9551	16981	1
9589	16981	1
9625	16981	1
1832	16986	1
2937	16986	1
5794	16986	1
8162	16986	1
40	17007	1
1759	17007	1
3087	17007	1
4127	17007	1
5892	17007	1
7041	17007	1
7739	17007	1
7770	17007	1
9829	17007	1
8098	17027	1
328	17031	1
2937	17031	1
7262	17031	1
8806	17031	1
9175	17031	1
9330	17031	1
673	17079	1
1602	17079	1
2513	17079	1
3538	17079	1
5299	17079	1
5553	17079	1
6175	17079	1
8865	17079	1
9610	17079	1
912	17220	1
1168	17220	1
2616	17220	1
4127	17220	1
5892	17220	1
5943	17220	1
8449	17220	1
1689	17234	1
4113	17234	1
5208	17234	1
8865	17234	1
1382	17264	1
1469	17264	1
3518	17264	1
4113	17264	1
5086	17264	1
6753	17264	1
8674	17264	1
723	17272	1
3568	17272	1
3863	17272	1
5267	17272	1
5508	17272	1
7298	17272	1
9045	17272	1
1070	17281	1
2164	17281	1
2190	17281	1
4653	17281	1
8351	17281	1
9926	17281	1
2508	17330	1
4127	17330	1
8552	17330	1
2477	17377	1
2561	17377	1
7041	17377	2
7998	17377	1
8684	17377	1
8865	17377	1
9669	17377	2
541	17383	1
4127	17383	1
4259	17383	1
6381	17383	1
6711	17383	1
3648	17469	1
412	17477	1
528	17477	1
1604	17477	1
4458	17477	1
5972	17477	1
6859	17477	1
7041	17477	1
8395	17477	1
857	17488	1
2561	17488	1
3822	17488	1
3873	17493	1
2024	17617	1
4205	17617	1
4215	17617	1
4395	17617	1
5383	17617	1
6489	17617	1
8010	17617	1
9526	17617	1
5026	17665	1
7304	17665	1
9404	17665	1
3501	17686	1
5396	17686	1
723	17721	1
1882	17721	1
3392	17721	1
4307	17721	1
4897	17721	1
6166	17721	1
6859	17721	1
7411	17721	1
8647	17721	1
8805	17721	1
9068	17721	1
9589	17721	1
949	17751	1
4213	17751	1
5299	17751	1
6768	17751	1
7870	17751	1
9591	17751	1
2802	17768	1
5864	17768	1
5892	17768	1
8449	17768	1
8462	17768	1
8684	17768	1
9676	17768	1
1152	17849	1
3287	17849	1
3384	17849	1
8865	17849	1
9424	17849	1
9571	17849	1
3340	17891	1
5226	17891	1
5856	17891	1
8449	17891	1
1602	17941	1
2616	17941	1
7340	17941	1
720	17959	1
5124	17959	1
6266	17959	1
7921	17959	1
3643	17961	1
9964	17961	1
1739	17976	1
2905	17976	1
3643	17976	1
5318	17976	1
6304	17976	1
1440	18107	1
1602	18107	1
5074	18107	1
8055	18107	1
8969	18107	1
9526	18107	1
9615	18107	1
9617	18107	1
9784	18107	1
4127	18130	1
4914	18130	1
5233	18130	1
8865	18130	1
8874	18130	1
9175	18130	1
104	18152	1
371	18152	1
2446	18152	1
3706	18152	1
9561	18152	1
9829	18152	1
1440	18161	1
1602	18161	1
5074	18161	1
8055	18161	1
8969	18161	1
9526	18161	1
9615	18161	1
9617	18161	1
9784	18161	1
6612	18179	1
9926	18179	1
9672	18232	1
3294	18265	1
5318	18265	1
1689	18289	1
3831	18307	1
7776	18307	1
1512	18312	1
4456	18312	1
1798	18382	1
2023	18382	1
3752	18382	1
4366	18382	1
5892	18382	1
5911	18382	1
7304	18382	1
8376	18382	1
8865	18382	1
1362	18394	1
1981	18394	1
5226	18394	1
5858	18394	1
8385	18394	1
9890	18394	1
4127	18413	1
5045	18413	1
5318	18413	1
6671	18413	1
7776	18413	1
8509	18413	1
219	18426	1
2212	18426	1
3995	18426	1
2445	18430	1
2508	18430	1
2973	18430	1
3980	18430	1
4963	18430	2
6374	18430	1
6647	18430	1
7090	18430	1
8276	18430	1
9546	18430	1
1098	18435	1
1206	18435	1
2894	18435	1
3697	18435	1
6700	18435	1
560	18438	1
2621	18438	1
5351	18438	1
5430	18438	1
7782	18438	1
3735	18445	1
6146	18445	1
8749	18445	1
3873	18446	1
4963	18446	1
6700	18446	1
7379	18446	1
1937	18475	1
2157	18475	2
7621	18475	1
9764	18475	1
328	18479	1
1890	18479	1
5267	18479	1
6489	18479	1
7169	18479	1
7234	18479	1
56	18600	1
1125	18600	1
7462	18600	1
2214	18625	1
5879	18625	1
1937	18662	1
3619	18662	1
8796	18662	1
1602	18742	1
2078	18742	1
7638	18742	1
8376	18742	1
1602	18749	1
2513	18749	1
3232	18749	1
3370	18749	1
4127	18749	1
5239	18749	1
9968	18749	1
1833	18766	1
2348	18766	1
3787	18766	1
4056	18766	2
5604	18766	1
5794	18766	1
5351	18777	1
9813	18777	1
591	18781	1
2931	18781	1
5076	18781	1
6768	18781	1
6879	18781	1
7110	18781	1
8408	18781	1
1369	18801	1
1512	18828	1
1602	18828	2
2477	18828	1
7621	18828	1
8969	18828	1
9561	18828	1
9924	18945	1
3711	18970	1
3821	18970	1
3511	18980	1
3691	19039	1
2073	19041	1
4127	19041	1
5942	19041	1
9596	19041	1
10001	19041	1
5318	19069	1
9313	19069	1
9322	19069	1
9617	19069	1
5233	19078	1
1602	19124	1
3126	19124	1
3767	19124	1
4127	19124	1
539	19189	1
1602	19189	1
8865	19189	1
328	19194	1
1267	19194	1
2059	19194	1
6287	19194	1
9831	19194	1
1118	19200	1
1132	19200	1
1246	19200	1
7968	19200	1
1267	19204	1
1524	19204	1
4127	19204	1
7776	19204	1
9357	19204	1
2968	19224	1
1440	19524	1
8395	19524	1
194	19528	1
3635	19528	1
6370	19528	1
3034	19547	1
5318	19547	1
6385	19547	1
7194	19547	1
7383	19547	1
3294	19555	1
5794	19555	1
101	19572	1
243	19572	1
534	19572	1
4678	19572	1
6583	19572	1
7875	19572	1
7913	19572	1
8062	19572	1
8969	19572	1
857	19577	1
3562	19577	1
4222	19581	1
350	19695	1
1886	19695	1
2630	19695	1
3034	19695	1
4111	19695	1
8803	19695	1
8865	19695	1
5794	19712	1
8291	19712	1
9175	19712	1
9669	19712	1
1025	19719	1
1602	19719	1
3344	19719	1
4135	19719	1
5864	19719	1
8562	19719	1
9153	19719	1
579	19741	1
1602	19741	1
2478	19741	1
2579	19741	1
5086	19741	1
2190	19791	1
5879	19791	1
8969	19791	1
4215	19811	1
5222	19811	1
9584	19811	1
4102	19823	1
7041	19823	1
7770	19823	1
7846	19823	1
7874	19823	1
8042	19823	1
8865	19823	1
3294	19834	1
4127	19834	1
8865	19834	1
9669	19834	1
161	19872	1
3294	19872	1
7973	19872	1
3294	19962	1
9924	19962	1
2750	19969	1
3784	19969	1
4007	19974	1
5267	19974	1
6737	19974	3
8806	19974	2
3984	19980	1
5267	19980	1
4127	19989	1
1355	19990	1
1442	19990	1
5854	19990	1
864	19996	1
8803	19996	1
1512	20000	1
1602	20000	1
2073	20000	1
3095	20000	1
9538	20000	1
1835	20056	1
2496	20056	1
3083	20056	1
6794	20056	1
8865	20056	1
8509	20071	1
687	20089	1
4127	20089	1
5279	20089	1
7809	20089	1
9919	20089	1
5318	20099	1
8218	20099	1
691	20148	1
6768	20148	1
8122	20148	1
979	20153	1
4041	20153	1
9822	20153	1
9588	20156	1
3325	20178	1
8865	20178	1
8956	20178	1
4113	20221	1
5226	20221	1
8558	20221	1
2191	20249	1
3763	20249	1
3841	20249	1
7988	20249	1
680	20264	1
5318	20264	1
5924	20264	1
6861	20264	1
9820	20264	1
9227	20274	1
1464	20291	1
3688	20291	1
4661	20291	1
8865	20291	1
8969	20291	1
7411	20292	1
8098	20292	1
8217	20292	1
184	20293	1
1857	20293	1
5089	20293	1
5547	20293	1
6711	20293	1
8987	20293	2
10038	20293	1
2445	20310	1
4852	20310	1
8443	20310	1
9669	20310	1
925	20352	1
8865	20352	1
9625	20352	1
1957	20363	1
2630	20363	1
8887	20363	1
9526	20363	1
9919	20363	1
4340	20373	1
4846	20373	1
3764	20391	1
3873	20391	1
5220	20391	1
5222	20391	1
6700	20391	1
7128	20391	1
7262	20391	1
7287	20391	1
9265	20391	1
9669	20391	2
4127	20394	1
5267	20403	1
5866	20403	1
9130	20403	1
9926	20403	1
1507	20404	1
2281	20404	1
3821	20404	1
8041	20404	1
3182	20508	1
5267	20508	1
6657	20508	1
7409	20508	1
1168	20511	1
3161	20511	1
4127	20511	1
5943	20511	1
6301	20511	1
1637	20580	1
3177	20580	1
3873	20580	1
6870	20580	1
8213	20580	1
8865	20580	1
4259	20596	1
5883	20596	1
8969	20596	1
9633	20596	1
63	20638	1
1937	20638	1
3763	20638	1
4644	20638	1
6998	20638	1
1118	20641	1
432	20702	1
3501	20702	1
6171	20702	1
6391	20702	1
7986	20702	1
8865	20702	1
1689	20711	1
4162	20711	1
4660	20711	1
8865	20711	1
9611	20711	1
6940	20770	1
9784	20770	1
63	20866	1
2917	20866	1
4162	20866	1
5303	20880	1
5434	20880	1
5866	20880	1
8293	20880	1
8513	20880	1
8865	20880	1
9610	20880	1
758	20942	1
1440	20942	1
5827	20942	1
6700	20942	1
9801	20942	1
2396	20946	1
3294	20946	1
5303	20946	1
6700	20946	1
8599	20946	1
2132	20976	1
2470	20976	1
4099	20976	1
4127	20976	1
7166	20976	1
7370	20976	1
9974	20976	1
5267	20997	1
7906	20997	1
412	21060	1
1949	21060	1
2914	21060	1
3787	21060	1
4127	21060	1
4653	21060	1
5267	21060	1
8351	21060	1
312	21080	1
963	21080	1
1734	21080	1
2678	21080	1
3502	21084	1
5273	21084	1
9926	21084	1
917	21220	1
4056	21220	1
4111	21220	1
4642	21220	1
5201	21220	1
6700	21220	2
8145	21220	1
1427	21288	1
7235	21288	1
5301	21295	1
7408	21295	1
6233	21307	1
192	21326	1
2078	21326	1
5794	21326	1
9175	21326	1
1027	21427	1
3917	21427	1
4205	21427	1
8865	21427	1
8865	21472	1
9611	21472	1
489	21564	1
4099	21564	1
4966	21564	1
8806	21564	1
758	21570	1
8865	21601	1
9801	21601	2
3462	21630	1
3501	21630	1
3735	21630	1
7581	21630	1
9563	21630	1
3291	21638	1
7770	21638	1
7846	21638	1
9144	21638	1
1095	21693	1
4127	21693	1
1209	21914	1
5029	21914	1
8449	21914	1
9153	21914	1
7676	21931	1
857	21943	1
3822	21943	1
2943	21946	1
5267	21946	1
8879	21946	1
3752	21962	1
3917	21962	1
4070	21962	1
6768	21962	1
6794	21962	1
9552	21962	1
318	21977	1
558	21977	1
2446	21977	1
6785	21977	1
5627	21984	1
5074	22015	1
7471	22015	1
2073	22020	1
6784	22020	1
6861	22020	1
8364	22020	1
1074	22040	1
2937	22040	1
3142	22040	1
3392	22040	1
5783	22040	1
6859	22040	1
8186	22040	1
8408	22040	1
9546	22040	1
857	22077	1
3822	22077	1
640	22079	1
300	22088	1
353	22088	1
2502	22088	1
3273	22088	1
4127	22088	2
4426	22088	1
1602	22124	1
6870	22124	1
8213	22124	1
8865	22124	1
300	22182	1
353	22182	1
2502	22182	1
3273	22182	1
4127	22182	2
4426	22182	1
3518	22210	1
5794	22210	1
8293	22210	1
8865	22210	1
9627	22210	1
3873	22219	1
5318	22219	1
111	22227	1
1206	22227	1
1527	22227	1
2164	22227	1
4102	22227	1
5920	22227	1
8503	22232	1
3511	22237	1
5700	22237	1
6700	22237	1
579	22290	1
3034	22290	1
3041	22290	1
7671	22290	1
2532	22308	1
4056	22308	1
6505	22308	1
9242	22308	1
915	22315	1
1308	22315	1
2566	22315	1
4811	22315	1
5921	22315	1
6619	22315	1
7502	22315	1
7523	22315	1
2477	22321	1
3143	22324	1
3149	22324	1
3501	22324	1
7243	22324	1
8144	22324	1
8865	22324	1
9610	22324	1
9611	22324	1
9669	22324	1
6870	22329	1
1483	22373	1
4127	22373	1
1691	22379	1
3287	22408	1
5029	22408	1
6399	22408	1
7393	22408	1
8363	22408	1
9103	22408	1
579	22552	1
6209	22552	1
9072	22552	1
9561	22552	1
2993	22613	1
3228	22613	1
5502	22613	1
7956	22613	1
3702	22741	4
23	22769	1
6171	22769	1
8865	22769	1
5208	22796	1
6025	22796	1
3790	22801	1
4127	22801	1
6942	22801	1
9669	22801	1
636	22807	1
1754	22807	1
4127	22807	1
4493	22807	1
5963	22807	1
6661	22807	1
7651	22807	1
9094	22807	1
1602	22825	1
4852	22825	1
5724	22825	1
8865	22825	1
341	22907	1
1981	22907	1
2878	22907	1
5181	22907	1
5548	22907	1
9561	22907	1
2073	22927	1
2412	22927	1
5335	22927	1
5979	22927	1
2073	22934	1
3217	22934	2
4861	22934	1
5604	22934	1
6847	22934	1
6853	22934	1
7009	22934	1
4127	22941	1
6236	22941	1
8865	22941	1
9439	22941	1
1647	22945	1
7743	22945	1
328	22988	1
1602	22988	1
2616	22988	1
4477	22988	1
5226	22988	1
6407	22988	1
9526	22988	1
9669	22988	1
1602	22989	1
6025	22989	1
9546	22989	1
9803	22989	1
1602	22993	1
1716	22993	1
3980	22993	1
4653	22993	1
8351	22993	1
2878	23023	1
7846	23023	1
8232	23023	1
2937	23044	1
3498	23044	1
8376	23044	1
7846	23055	1
8017	23055	1
9669	23055	1
857	23179	1
3822	23179	1
6304	23179	1
8989	23181	1
1602	23216	1
2049	23216	1
3280	23216	1
3628	23216	1
7984	23216	1
8054	23216	1
8508	23216	1
2636	23227	1
4127	23227	1
4523	23227	1
4653	23227	1
6301	23227	1
8351	23227	1
9293	23227	1
101	23243	1
1238	23243	1
4127	23243	1
4653	23243	1
5267	23243	1
7041	23243	1
8351	23243	1
9293	23243	1
9489	23243	1
243	23246	1
687	23246	1
2366	23246	1
2943	23246	1
3501	23246	1
3821	23268	1
2205	23300	1
3568	23300	1
7743	23300	1
7776	23300	1
9474	23300	1
2305	23321	1
4127	23321	1
4292	23321	1
8865	23321	1
1152	23404	1
2719	23404	1
5163	23404	1
5164	23404	1
5972	23404	1
6870	23404	2
8479	23404	1
191	23426	1
1759	23426	1
3787	23426	1
4127	23426	1
4128	23426	1
5085	23426	1
7294	23426	1
4846	23438	1
8229	23438	1
8449	23438	1
8684	23438	1
9633	23438	1
539	23467	1
1747	23467	1
5077	23467	1
9766	23467	1
1382	23481	1
4088	23481	1
9276	23481	1
63	23484	1
1637	23484	1
1689	23484	1
2973	23484	1
6229	23484	1
8865	23484	1
9610	23484	1
9611	23484	1
955	23518	1
1602	23570	1
4088	23570	1
7846	23570	1
174	23585	1
2324	23585	1
5201	23585	1
6768	23585	1
7901	23585	1
8684	23585	1
4862	23598	1
5201	23598	1
6768	23598	1
6859	23598	1
8684	23598	1
174	23632	1
2866	23632	1
5226	23632	1
7901	23632	1
9546	23632	1
726	23656	1
2273	23656	1
3501	23656	2
3503	23656	1
4051	23656	1
4102	23656	1
4875	23656	1
7493	23656	1
8560	23656	1
9526	23656	1
4326	23679	3
4861	23679	1
6700	23679	1
9500	23679	2
2324	23817	1
3568	23817	1
399	23837	1
436	23837	1
3041	23837	1
4127	23837	1
6284	23837	1
549	23959	1
2562	23959	1
3568	23959	1
6593	23959	1
8865	23959	1
9625	23959	1
9822	23959	1
68	24002	1
723	24002	1
4127	24002	1
5232	24002	1
4127	24017	1
4152	24017	1
4682	24017	1
8232	24017	1
2324	24055	1
8865	24055	1
9625	24055	1
8029	24083	1
9112	24083	1
9813	24083	1
1145	24102	1
1602	24102	1
2329	24102	1
2508	24102	1
3752	24102	1
8969	24102	1
9633	24102	1
687	24173	1
2073	24173	1
2526	24173	1
3392	24173	1
7264	24173	1
7581	24173	1
8995	24173	1
334	24361	1
3032	24361	1
7325	24361	1
9538	24361	1
9589	24361	1
3787	24391	1
3925	24391	1
4653	24391	1
8351	24391	1
1602	24406	1
2616	24406	1
3702	24406	5
5783	24406	1
6025	24423	1
341	24496	1
5883	24496	1
8865	24496	1
9803	24496	1
5883	24510	1
6894	24510	1
8865	24510	1
1689	24614	1
9007	24614	1
4127	24628	1
5045	24628	1
7437	24628	1
8126	24628	1
2157	24636	1
8484	24636	1
9546	24636	1
979	24656	1
2719	24656	1
4259	24656	1
5163	24656	3
5164	24656	1
5199	24656	1
5809	24656	1
7240	24656	1
8944	24656	1
3034	24721	1
3273	24721	1
7882	24721	1
3711	24743	1
4465	24743	1
5226	24743	1
1293	24749	1
1602	24749	2
2541	24749	1
2937	24749	1
3784	24749	1
4111	24749	1
5318	24749	1
7166	24749	1
9526	24749	1
1389	24767	1
2155	24767	1
3787	24767	1
4127	24767	1
5313	24767	1
5495	24767	1
6301	24767	1
7166	24767	1
8351	24767	1
9827	24767	1
2569	24810	1
6700	24810	1
1469	24823	1
4281	24823	1
5039	24823	1
5189	24823	1
5561	24823	1
8162	24823	1
8865	24823	1
3273	24827	1
6166	24827	1
8484	24827	1
8923	24827	1
8987	24827	1
9538	24827	1
4044	24832	1
5758	24832	1
79	24840	1
4477	24863	1
5456	24867	1
7266	24867	1
7304	24867	1
9474	24867	1
2931	24915	1
5037	24915	1
4477	24916	1
9538	24916	1
4477	24920	1
5226	24920	1
5632	24920	1
818	24959	1
1527	24959	1
4061	24959	1
4102	24959	1
5854	24959	1
9866	24959	1
9942	24959	1
4477	24978	1
4633	24978	1
5226	24978	1
6025	24978	1
9225	24978	1
818	24997	1
4260	24997	1
5267	24997	1
6944	24997	1
687	25031	1
5160	25031	1
5727	25031	1
5790	25031	1
7893	25031	1
9153	25031	1
2117	25036	1
2617	25036	1
8865	25036	1
1554	25040	1
3511	25040	1
5972	25040	1
8042	25040	1
8380	25040	1
4817	25179	1
7543	25179	1
8171	25179	1
9394	25179	1
9526	25179	1
3211	25208	1
3821	25208	1
5272	25208	1
8171	25208	1
2784	25210	1
1000	25224	1
2445	25239	1
3501	25239	1
108	25243	1
2130	25243	1
3291	25243	1
5194	25243	1
5862	25243	1
8218	25243	1
8865	25243	1
9230	25243	1
9669	25243	1
63	25248	1
3846	25248	1
6661	25248	1
7071	25248	1
8752	25248	1
995	25258	1
7215	25258	1
8586	25258	1
8594	25258	1
3881	25316	1
4056	25316	1
5045	25316	1
5921	25316	1
7166	25316	1
7776	25316	1
2214	25330	1
3428	25330	1
9610	25330	1
9611	25330	1
1132	25351	1
3273	25351	1
4733	25351	1
8926	25351	1
9622	25351	1
9629	25351	1
3087	25355	1
4088	25355	1
4653	25355	1
8351	25355	1
8865	25355	1
9394	25355	1
107	25408	1
2836	25408	1
3296	25408	1
6399	25408	1
8865	25408	1
1296	25415	1
1326	25415	1
4078	25415	1
4127	25415	1
7725	25415	1
7968	25415	1
5039	25461	1
5226	25461	1
3105	25483	1
1689	25522	1
2214	25522	1
4127	25522	1
4205	25522	1
8376	25522	1
9611	25522	1
412	25528	1
3711	25528	1
7321	25528	1
5883	25533	1
7776	25533	1
6688	25589	1
6730	25589	1
8291	25589	1
9010	25589	1
7776	25649	1
8291	25649	1
9394	25649	1
1602	25656	1
4770	25656	1
5542	25656	1
9538	25656	1
740	25665	1
1009	25665	1
3006	25665	1
4703	25665	1
6651	25665	1
7240	25665	1
7929	25665	1
8752	25665	1
1602	25671	1
1689	25671	1
3013	25671	1
5783	25671	1
8141	25671	1
9010	25671	1
9546	25671	1
4389	25684	1
4629	25684	1
7109	25684	1
9590	25684	1
675	25802	1
3822	25802	1
5864	25802	1
8865	25802	1
2778	25807	1
4653	25807	1
7041	25807	1
8351	25807	1
9394	25807	1
470	25816	1
1602	25816	2
4846	25816	1
5077	25816	1
5766	25816	1
6894	25816	1
7776	25816	1
8042	25816	1
9265	25816	1
1689	25818	1
1897	25818	1
3734	25818	1
4127	25818	1
4653	25818	1
8351	25818	1
579	25846	1
7621	25846	1
8641	25846	1
9184	25846	1
2011	25960	1
2531	25960	1
5149	25960	1
5222	25960	1
7583	25960	1
8739	25960	1
1995	25976	1
4127	25976	1
5864	25976	1
1602	26050	1
5077	26050	1
5766	26050	1
6725	26050	1
857	26071	1
2301	26071	1
3822	26071	1
733	26073	1
875	26073	1
3511	26073	1
8483	26073	1
5318	26106	1
9800	26106	1
4127	26148	1
2011	26166	1
2117	26238	1
2157	26238	1
6881	26238	1
5037	26247	1
8449	26247	1
857	26332	1
3822	26332	1
4016	26341	1
8684	26341	1
8973	26341	1
4016	26417	1
8684	26417	1
2528	26458	1
2931	26458	1
1267	26469	1
2073	26469	1
2445	26469	1
5222	26469	1
7583	26469	1
9535	26469	1
4127	26476	1
4550	26476	1
5267	26476	1
6562	26476	1
3392	26599	1
8898	26599	1
1602	26612	1
2142	26612	1
6881	26612	2
7743	26612	1
9225	26612	1
9716	26618	1
1406	26631	1
4099	26631	1
4127	26631	1
4523	26631	1
6301	26631	1
7166	26631	1
3835	26743	1
6677	26743	1
8684	26743	1
8865	26743	1
9235	26743	1
9291	26743	1
9836	26743	1
1325	26776	1
4653	26776	1
7376	26776	1
8351	26776	1
2546	26777	1
4151	26777	1
9926	26777	1
36	26827	1
3821	26827	1
7770	26827	1
8865	26827	1
9526	26827	1
2101	26833	1
3594	26833	1
7039	26833	1
3294	26913	1
6287	26913	1
3075	26954	1
6787	26954	1
8969	26954	1
5542	26986	1
7520	26986	1
8602	26986	1
457	27041	1
1435	27041	1
1580	27041	1
1656	27041	1
1937	27041	1
4127	27041	1
6166	27041	1
8360	27041	1
8749	27041	1
9526	27041	1
9561	27041	1
1125	27059	1
4259	27059	1
4846	27059	1
292	27079	1
2379	27079	1
4016	27079	1
6992	27079	1
7520	27079	1
2157	27133	1
4852	27133	1
8392	27133	1
6166	27144	1
7739	27144	1
2464	27262	1
1835	27263	1
3539	27263	1
3711	27263	1
3984	27263	1
7776	27263	1
243	27264	1
3767	27264	1
8865	27264	1
8113	27281	1
8268	27281	1
8276	27281	1
5396	27304	1
7980	27304	1
2117	27415	1
4223	27415	1
5160	27415	1
6166	27415	1
7743	27415	1
9175	27415	1
9584	27415	1
9669	27415	1
306	27430	1
1406	27430	1
1656	27430	1
3392	27430	1
4127	27430	1
6972	27430	1
7290	27430	1
8062	27430	1
8276	27430	1
9926	27533	1
541	27582	1
8008	27582	1
2157	27666	1
3198	27666	1
3914	27666	1
5456	27666	1
7304	27666	1
7977	27666	1
558	27727	1
5542	27727	1
5794	27727	1
5282	27747	1
5513	27747	1
5514	27747	1
8213	27747	1
9201	27747	1
9265	27747	1
1784	27825	1
1882	27825	1
3501	27825	1
3823	27825	1
1784	27839	1
5163	27839	1
7580	27839	1
9625	27839	1
1689	27902	1
4047	27902	1
2284	27971	1
2862	27971	1
3091	27971	1
4127	27971	1
5937	27971	1
8745	27971	1
9314	27971	1
236	27988	1
3351	27988	1
4458	27988	1
9394	27988	1
7471	28017	1
141	28047	1
424	28047	1
710	28047	1
2074	28047	1
5321	28047	1
8987	28047	1
9943	28047	1
3560	28050	1
9008	28050	1
133	28057	1
391	28057	1
2146	28057	1
4016	28057	1
6700	28057	1
7436	28057	2
9526	28057	2
640	28141	1
747	28141	1
1668	28141	1
3752	28141	1
9219	28141	1
4127	28142	1
8865	28142	1
9538	28142	1
3858	28191	1
5039	28191	1
7116	28191	1
8525	28191	1
8865	28191	1
8887	28191	1
878	28230	1
6870	28230	1
7217	28230	1
7776	28230	1
8449	28230	1
324	28235	1
5267	28235	1
878	28328	1
1288	28328	1
1443	28328	1
4259	28328	2
5201	28328	1
7071	28328	1
162	28336	1
1331	28336	1
1369	28336	1
3774	28336	1
4127	28336	1
4425	28336	1
7038	28336	1
2702	28419	1
2937	28419	1
3340	28419	1
4716	28419	1
1205	28435	1
3687	28435	1
4852	28435	1
7236	28435	1
8899	28435	1
9125	28435	1
1181	28582	1
1505	28582	1
3930	28582	1
7690	28582	1
9526	28582	1
9629	28590	1
2719	28595	1
5267	28595	1
1350	28607	1
4731	28607	1
5677	28607	1
9442	28607	1
6146	28706	1
6998	28706	1
3580	28722	1
5267	28722	1
6166	28780	1
2845	28815	1
3501	28815	1
3763	28815	1
7776	28815	1
8865	28815	1
