258	28871	1
1608	28871	1
1642	28871	1
2048	28871	1
4127	28871	1
6855	28871	1
9962	28871	1
4121	28921	1
4127	28921	1
5633	28921	1
6469	28921	1
2504	28946	1
4127	28946	1
6301	28946	1
8699	28946	1
8700	28946	1
591	29018	2
2445	29018	1
3340	29018	1
3568	29018	1
3710	29018	1
5077	29018	1
5312	29018	1
9519	29018	1
9669	29018	1
687	29062	1
1605	29062	1
5077	29062	1
5389	29062	1
9405	29062	1
9924	29062	2
1213	29072	1
5768	29072	1
4127	29075	1
7266	29075	1
107	29128	1
3984	29128	1
4105	29128	1
4127	29128	1
5181	29128	1
8369	29128	1
8370	29128	1
8865	29128	1
9329	29128	1
620	29227	1
2688	29227	1
3712	29227	1
3989	29227	1
4127	29227	1
5352	29227	1
7986	29227	1
8995	29227	1
2150	29272	1
3344	29272	1
4127	29272	1
5864	29272	1
8243	29272	1
9093	29272	1
2764	29351	1
2796	29351	1
2983	29351	1
4127	29351	1
4642	29351	2
5929	29351	1
6104	29351	1
6122	29351	1
6301	29351	1
9180	29351	1
346	29368	1
2968	29368	1
3294	29368	1
4127	29368	1
4631	29368	1
6983	29368	1
887	29375	1
9669	29375	1
1487	29390	1
4127	29390	1
6301	29390	1
8612	29390	1
9974	29390	1
1213	29568	1
5318	29568	1
8218	29568	1
8865	29568	1
1200	29604	1
2059	29604	1
4367	29604	1
9968	29604	1
2427	29612	1
4127	29612	1
6301	29612	1
8243	29612	1
9093	29612	1
9974	29612	1
979	29615	1
4127	29615	1
4832	29615	1
5479	29615	1
8017	29615	1
9297	29615	1
4127	29707	1
8198	29707	1
1370	29757	1
3294	29757	1
3524	29757	1
4127	29757	1
9721	29757	1
3266	29761	1
6861	29762	1
4127	29954	1
4127	29957	1
4633	29957	1
6301	29957	1
9974	29957	1
793	29984	1
2862	29984	1
3062	29984	1
3543	29984	1
4127	29984	1
9813	29984	1
9957	29984	1
10035	29984	1
3900	30002	1
5632	30002	1
5664	30002	1
949	30085	1
2883	30085	1
3281	30085	1
3877	30085	1
4127	30085	1
5423	30085	1
5922	30085	1
6266	30085	1
6304	30085	1
6316	30085	2
6396	30085	1
7011	30085	1
579	30106	1
691	30106	1
3636	30106	1
4127	30106	1
5924	30106	1
6166	30106	1
6609	30106	1
7328	30106	1
8358	30106	1
215	30129	1
1907	30129	1
1931	30129	1
2080	30129	1
2534	30129	1
4127	30129	1
5882	30129	1
8806	30129	1
9175	30129	1
9525	30129	1
2878	30140	1
4127	30140	1
5609	30140	1
5864	30140	1
8198	30140	1
4127	30153	1
6304	30153	1
6785	30153	1
9813	30153	1
979	30165	1
3881	30165	1
4127	30165	1
4403	30165	1
5479	30165	1
9297	30165	2
3511	30188	1
5681	30188	1
6991	30188	1
7399	30188	1
8865	30188	1
9028	30188	1
2794	30304	1
4127	30304	1
6301	30304	1
9658	30304	1
9974	30304	1
4127	30354	1
4562	30354	1
5633	30354	1
6301	30354	1
6785	30354	1
8276	30354	1
1108	30450	1
2226	30450	1
3181	30450	1
3501	30450	1
4120	30450	1
4127	30450	1
8865	30450	1
10003	30450	1
753	30459	1
1440	30459	1
1624	30459	1
1787	30459	1
3252	30459	1
4127	30459	1
5599	30459	1
6275	30459	1
6700	30459	1
8484	30459	1
4127	30556	1
4864	30556	1
6301	30556	1
6914	30556	1
8197	30556	1
9974	30556	1
10031	30556	1
1469	30557	1
1642	30557	1
4127	30557	1
6342	30557	1
8321	30557	1
9386	30557	1
9974	30557	1
1941	30585	1
4205	30585	1
5267	30585	1
8865	30585	1
9611	30585	1
412	30609	1
1406	30609	1
4127	30609	1
6511	30609	1
6941	30609	1
8760	30609	1
9209	30609	1
9445	30609	1
513	30615	1
4127	30615	1
6301	30615	1
8331	30615	1
8479	30615	1
9974	30615	1
1396	30623	1
2939	30623	1
4127	30623	1
8547	30623	1
3025	30640	1
4121	30640	1
4127	30640	1
5985	30640	1
6785	30640	1
8361	30640	1
1583	30651	1
4127	30651	1
5943	30651	1
6301	30651	1
8331	30651	1
8351	30651	1
8533	30651	1
9974	30651	1
281	30699	1
2493	30699	1
3236	30699	1
4121	30699	1
4127	30699	1
5632	30699	1
8452	30699	1
8806	30699	1
979	30730	1
4127	30730	1
5478	30730	1
6098	30730	1
8017	30730	1
8019	30730	1
9924	30730	2
753	30745	1
1267	30745	1
1440	30745	1
1624	30745	1
3359	30745	1
4127	30745	1
4463	30745	2
5599	30745	1
6275	30745	1
6991	30745	1
8187	30745	1
640	30878	1
1610	30878	1
5318	30878	1
6304	30878	1
6497	30878	1
6532	30878	1
9397	30878	1
9763	30878	1
1325	30902	1
1604	30902	1
1642	30902	1
2533	30902	1
3315	30902	1
3543	30902	1
4127	30902	1
4642	30902	1
5458	30902	1
6146	30902	1
8865	30902	1
9397	30935	1
620	30964	1
3989	30964	1
4066	30964	1
4127	30964	1
4527	30964	1
7522	30964	1
7560	30964	1
7577	30964	1
8586	30964	1
753	30966	1
1624	30966	1
1823	30966	1
3688	30966	1
5599	30966	1
6275	30966	1
6304	30966	1
7058	30966	2
8549	30966	1
8987	30966	1
9500	30966	2
9924	30966	1
7638	31017	1
3091	31121	1
6725	31121	1
65	31138	1
385	31138	1
483	31138	1
753	31138	1
4316	31138	1
5174	31138	1
5504	31138	1
5651	31138	1
6583	31138	1
6700	31138	1
7259	31138	1
8758	31138	1
9048	31138	1
9669	31138	1
2878	31147	1
2915	31147	1
3091	31147	1
4056	31147	1
4127	31147	1
5018	31147	1
6166	31147	1
6785	31147	1
8153	31147	1
8324	31147	1
9093	31147	1
509	31207	1
877	31207	1
2739	31207	1
2750	31207	1
3677	31207	1
4127	31207	1
4424	31207	1
6243	31207	1
6304	31207	1
509	31316	1
2739	31316	1
2750	31316	1
3677	31316	1
4127	31316	1
4424	31316	1
6243	31316	1
6304	31316	1
1624	31376	1
1787	31376	1
2128	31376	2
5045	31376	1
5174	31376	1
5599	31376	1
5616	31376	1
5794	31376	1
6275	31376	1
6700	31376	1
7783	31376	1
8187	31376	1
8459	31376	1
9615	31376	1
620	31419	1
3989	31419	1
4127	31419	1
4527	31419	1
6301	31419	1
7522	31419	1
7577	31419	1
9974	31419	1
930	31612	1
1835	31612	1
3688	31612	1
4127	31612	1
6695	31612	2
7145	31612	1
8395	31612	1
9340	31612	1
2862	31631	1
3228	31631	1
3294	31631	1
3812	31631	1
4127	31631	1
5708	31631	1
6785	31631	1
9331	31631	1
1478	31633	1
2768	31633	1
3712	31633	1
3752	31633	1
4127	31633	1
5383	31633	1
6941	31633	1
6983	31633	1
7290	31633	1
8391	31633	1
9546	31633	1
5086	31686	1
5892	31686	1
8865	31686	2
9193	31686	1
753	31711	1
1580	31711	1
1694	31711	1
4127	31711	1
4281	31711	1
4398	31711	1
5174	31711	1
8276	31711	1
9996	31711	1
1469	31836	1
3294	31836	1
3989	31836	1
4024	31836	1
4127	31836	1
7560	31836	1
483	31873	1
753	31873	1
1186	31873	1
1310	31873	1
1328	31873	2
2157	31873	1
4824	31873	1
5651	31873	1
7385	31873	1
7675	31873	1
8586	31873	1
8721	31873	1
9046	31873	1
9924	31873	1
1368	31883	1
1810	31883	1
2917	31883	1
8699	31883	1
8995	31883	1
184	31931	1
5199	31931	1
6711	31931	1
8462	31931	1
9394	31931	1
9625	31931	1
4127	31933	1
6301	31933	1
6634	31933	1
9974	31933	1
1469	31948	1
3294	31948	1
4024	31948	1
4127	31948	1
7561	31948	1
2937	32041	1
2968	32041	1
3925	32041	1
4215	32041	1
4846	32041	1
7874	32041	1
1036	32256	1
1325	32256	1
1604	32256	1
1642	32256	1
2003	32256	1
4127	32256	1
6928	32256	1
8995	32256	1
9526	32273	1
3392	32280	1
6100	32280	1
7266	32280	1
8684	32280	1
8865	32280	1
9805	32280	1
9926	32280	1
1580	32286	1
2546	32286	1
3196	32286	1
3787	32286	1
5199	32286	1
5869	32286	1
7721	32286	1
6266	32454	1
7365	32454	2
1243	32490	1
1451	32490	1
2445	32490	1
4294	32490	1
5877	32490	1
6257	32490	1
9576	32490	1
9669	32490	1
1433	32496	1
2351	32496	1
2504	32496	1
2786	32496	1
3524	32496	1
4127	32496	1
8699	32496	1
9721	32496	1
1759	32506	1
2822	32506	1
3900	32506	1
1759	32529	1
2822	32529	1
3900	32529	1
534	32599	1
1325	32599	1
1604	32599	1
1642	32599	1
3543	32599	1
4127	32599	1
5458	32599	1
1440	32619	1
3688	32619	1
3735	32619	1
2278	32655	1
4127	32655	1
5478	32655	1
7412	32655	1
8150	32655	1
2049	32729	1
9924	32729	1
258	32733	1
726	32733	1
4936	32733	1
6711	32733	1
243	32763	1
533	32763	1
3359	32763	1
3822	32763	1
5208	32763	1
8010	32763	1
4936	32767	1
6870	32767	1
8380	32767	1
7671	32773	1
3340	32798	1
4935	32798	1
3752	32811	1
8865	32811	1
2026	32828	1
3140	32828	1
3353	32828	1
3521	32828	1
4127	32828	1
7219	32828	1
70	32991	1
8865	32991	1
4127	33012	1
5210	33012	1
6301	33012	1
9974	33012	1
3294	33065	1
4127	33065	1
7567	33065	1
9093	33065	1
9381	33065	1
3970	33164	1
4127	33164	1
5415	33164	1
6304	33164	1
8995	33164	1
9282	33164	2
2029	33190	1
4127	33190	1
5851	33190	1
7716	33190	1
4127	33212	1
6301	33212	1
6361	33212	1
8664	33212	1
9974	33212	1
698	33308	1
4127	33308	1
4131	33308	1
6166	33308	1
6711	33308	2
7503	33308	1
8462	33308	1
857	33341	1
1177	33341	1
3822	33341	1
4127	33341	1
9225	33384	1
184	33483	1
7852	33483	1
9526	33483	1
9926	33483	1
640	33547	1
1296	33547	1
3081	33547	1
4113	33547	1
4127	33547	1
7136	33547	1
8197	33547	1
2072	33552	1
4127	33552	1
5834	33552	1
9042	33552	1
4056	33687	2
4127	33687	1
7589	33687	1
4127	33813	1
1016	33837	1
1611	33837	1
2776	33837	1
3082	33837	1
3340	33837	1
7266	33837	1
7866	33837	1
8797	33837	1
9526	33837	1
9589	33837	1
4127	33901	1
5058	33901	1
8462	33901	1
857	33972	1
2939	33972	1
4127	33972	1
7166	33972	1
8547	33972	1
4127	34000	1
6301	34000	1
6647	34000	1
7694	34000	1
9974	34000	1
4113	34463	1
4127	34463	1
5208	34463	1
7581	34463	1
7800	34463	2
8197	34463	1
1469	34629	1
3006	34629	1
4127	34629	1
640	34665	1
4127	34665	1
6304	34665	1
9018	34665	2
2531	34713	1
4127	34713	1
5086	34713	1
7006	34713	1
8370	34713	1
478	34841	1
497	34841	1
1469	34841	1
1594	34841	1
4127	34841	2
5022	34841	1
5487	34841	1
7569	34841	1
4127	34930	1
4131	34930	1
7503	34930	1
1002	34985	1
1580	34985	1
8054	34985	1
8129	34985	1
8669	34985	1
8684	34985	1
3291	34989	1
6291	34989	1
6304	34989	1
6619	34989	1
7175	34989	2
7735	34989	1
8449	34989	1
8887	34989	1
8908	34989	1
9526	34989	1
9620	34989	1
9625	34989	1
2939	35023	1
4127	35023	1
8351	35023	1
8547	35023	1
7340	35050	1
8647	35050	1
764	35072	3
6209	35072	2
4127	35113	1
4746	35113	1
8865	35113	1
8969	35113	1
1108	35157	1
7561	35157	1
8863	35157	1
9526	35157	1
9924	35157	1
82	35239	1
620	35239	1
3989	35239	1
4127	35239	1
4527	35239	1
7522	35239	1
7560	35239	1
8041	35239	1
4113	35282	1
4127	35282	1
5609	35282	1
8197	35282	1
8528	35282	1
499	35412	1
534	35412	1
1412	35412	1
1832	35412	1
2561	35412	1
2787	35412	1
4127	35412	1
5096	35412	1
5479	35412	1
534	35453	1
1118	35453	1
4642	35453	1
5864	35453	1
8969	35453	1
9792	35453	1
4127	35537	1
6301	35537	1
8369	35537	1
8370	35537	1
9010	35537	1
9974	35537	1
4298	35557	1
9526	35557	1
3989	35623	1
4127	35623	1
4855	35623	1
7560	35623	1
7715	35623	1
8863	35623	1
72	35660	1
231	35660	1
1267	35660	1
2074	35660	1
3156	35660	1
5199	35660	1
6817	35660	1
7394	35660	1
7543	35660	1
8760	35660	1
9983	35660	1
1170	35674	1
3195	35674	1
4127	35674	1
7948	35674	1
8351	35674	1
8865	35674	1
9054	35674	1
426	35718	1
4527	35718	2
4798	35718	1
5361	35718	1
7522	35718	1
7604	35718	1
8355	35718	1
620	35733	1
3989	35733	1
4024	35733	1
4127	35733	1
7561	35733	1
8361	35733	1
346	35759	1
1388	35759	1
3800	35759	1
4127	35759	1
9164	35759	1
9394	35759	1
10031	35759	1
726	35825	1
1943	35825	1
3990	35825	1
4127	35825	1
5972	35825	2
7561	35825	1
8242	35825	1
8630	35825	1
2216	35834	1
4127	35834	1
6304	35834	1
9813	35834	1
30	35900	1
412	35900	1
1027	35900	1
1570	35900	1
2318	35900	1
4113	35900	1
4127	35900	1
6566	35900	1
6796	35900	1
9066	35900	1
9974	35900	1
3751	35920	1
4127	35920	1
4318	35920	1
4325	35920	1
5267	35920	1
7621	35920	1
620	35938	1
3989	35938	1
4127	35938	1
8040	35938	1
1027	36001	1
1730	36001	1
6257	36001	1
6941	36001	1
7830	36001	1
8865	36001	1
9676	36001	1
3117	36005	1
4127	36005	1
9625	36005	1
4127	36025	1
5160	36025	1
5972	36025	1
7561	36025	1
7987	36025	1
8040	36025	1
8324	36025	1
8863	36025	1
289	36035	1
526	36035	1
4295	36035	1
4598	36035	1
5443	36035	1
6378	36035	1
7621	36035	1
7966	36035	1
2499	36054	1
2504	36054	1
4046	36054	1
4127	36054	1
4249	36054	1
6666	36054	1
8699	36054	1
343	36239	1
3821	36239	1
4127	36239	1
5208	36239	1
6301	36239	1
9589	36239	1
9974	36239	1
6107	36403	1
8187	36403	1
8991	36403	1
3098	36436	1
5642	36436	1
620	36544	1
2931	36544	1
3989	36544	1
4127	36544	1
4527	36544	1
5361	36544	1
5396	36544	1
7408	36544	1
7498	36544	1
2294	36546	1
4875	36546	1
4127	36600	1
7561	36600	1
7986	36600	1
4259	36662	1
7067	36662	1
620	36664	1
3023	36664	1
3100	36664	1
3989	36664	1
4127	36664	1
4504	36664	1
5972	36664	1
7561	36664	1
4008	36688	1
7901	36688	1
1833	36822	1
4127	36822	1
4163	36822	1
9924	36822	1
2619	36907	1
3100	36907	1
3405	36907	1
3824	36907	1
6844	36907	1
6868	36907	1
7977	36907	1
3701	36936	1
7386	36936	1
7966	36936	1
1633	36958	1
4017	36958	1
4056	36958	1
9633	36958	1
567	37008	1
1005	37008	1
1642	37008	1
2351	37008	1
2778	37008	1
7977	37008	1
2625	37038	1
4127	37038	1
4877	37038	1
4963	37038	1
6301	37038	1
9835	37038	1
9974	37038	1
1643	37120	1
3812	37120	1
3821	37120	1
4127	37120	1
5208	37120	1
9589	37120	1
1281	37193	1
4312	37193	1
4338	37193	1
5443	37193	1
6196	37193	1
7832	37193	1
7966	37193	1
7977	37193	1
8704	37193	1
9526	37193	1
1622	37233	1
4113	37233	1
4127	37233	1
8197	37233	1
9860	37233	1
3294	37317	1
3821	37317	1
4127	37317	1
5208	37317	1
8437	37317	1
9589	37317	1
5226	37339	1
5382	37339	1
5613	37339	1
1780	37396	1
3460	37396	1
3730	37396	1
5513	37396	1
6733	37396	1
8010	37396	1
4127	37492	1
4545	37492	1
4771	37492	1
5318	37492	1
9093	37492	1
3006	37714	1
6591	37714	1
8452	37714	1
158	37886	1
747	37886	1
2522	37886	1
5208	37886	1
1293	38010	1
1529	38010	1
3165	38010	1
5559	38010	1
7557	38010	1
8017	38010	1
9625	38010	1
792	38066	1
6654	38066	1
7581	38066	1
9526	38066	1
9974	38066	1
1384	38077	1
2678	38077	1
4127	38077	1
8320	38077	1
9018	38077	1
9281	38077	1
3211	38084	1
9724	38084	1
2630	38149	1
6998	38149	1
8073	38149	1
8602	38149	1
9562	38149	1
9721	38149	1
3821	38168	1
3966	38168	1
4127	38168	1
5208	38168	1
5747	38168	1
8040	38168	1
9357	38168	1
9589	38168	1
2448	38214	1
2630	38214	1
4102	38214	1
4861	38214	1
5318	38214	2
8479	38214	1
9038	38214	1
9974	38214	1
812	38265	1
2630	38265	1
5318	38265	1
5608	38265	1
6505	38265	1
7128	38265	1
7986	38265	1
9589	38265	1
3757	38291	1
5077	38291	1
6768	38291	1
3568	38434	1
4567	38434	1
620	38520	1
2926	38520	1
3392	38520	1
3989	38520	1
4127	38520	1
7561	38520	1
8218	38520	1
9526	38520	1
6976	38804	1
7699	38804	1
2750	38847	1
9444	38847	1
412	38857	1
1396	38857	1
3411	38857	1
4127	38857	1
5632	38857	1
8527	38857	1
8953	38857	1
758	38868	1
3757	38868	1
8995	38868	1
9175	38868	1
720	38890	1
925	38890	1
1298	38890	1
2393	38890	1
2931	38890	1
4102	38890	1
6254	38890	1
7977	38890	1
8506	38890	1
9600	38890	1
635	38899	1
3993	38899	1
4017	38899	1
4127	38899	1
6304	38899	1
6641	38899	1
7638	38899	1
8010	38899	1
9648	38899	1
540	38913	1
3198	38913	1
4127	38913	1
4452	38913	1
4852	38913	1
7128	38913	1
7561	38913	1
7715	38913	1
8863	38913	1
9681	38913	1
2636	39078	1
3997	39078	1
4127	39078	1
5434	39078	1
8518	39078	1
9589	39078	1
3735	39141	1
4852	39141	1
4127	39146	1
8288	39146	1
9123	39146	1
1843	39150	1
2324	39150	1
2864	39150	1
6631	39150	1
6700	39150	1
7426	39150	1
7998	39150	1
9193	39150	1
514	39223	1
4127	39223	1
6301	39223	1
9974	39223	1
3739	39273	1
4127	39273	1
6279	39273	1
7561	39273	1
8863	39273	2
2616	39304	1
3152	39304	1
3576	39304	1
4111	39304	1
5018	39304	1
5892	39304	1
6166	39304	1
6301	39304	1
6848	39304	1
7266	39304	1
7471	39304	1
8599	39304	1
8969	39304	1
1783	39306	1
4088	39306	2
7223	39306	1
8559	39306	1
8684	39306	1
9330	39306	1
540	39317	1
3198	39317	1
4127	39317	1
4452	39317	1
4852	39317	1
7128	39317	1
7561	39317	1
7715	39317	1
8863	39317	2
9681	39317	1
4127	39329	1
5344	39329	3
6706	39329	1
4127	39373	1
5448	39373	1
5460	39373	1
5616	39373	1
6513	39373	1
8187	39373	1
9669	39373	1
534	39399	1
1787	39399	1
2899	39399	1
3579	39399	1
4127	39399	1
5208	39399	1
6700	39399	1
7621	39399	1
9445	39399	2
2351	39497	1
3233	39497	1
5174	39497	1
5460	39497	1
5570	39497	1
5599	39497	1
6275	39497	1
6525	39497	1
6583	39497	1
7533	39497	1
8510	39497	1
8995	39497	1
9753	39497	1
3392	39591	1
3395	39591	1
4127	39591	1
1029	39650	1
1948	39650	1
3790	39650	1
4127	39650	1
5655	39650	1
6619	39650	1
6769	39650	1
4325	39682	1
6847	39682	1
7298	39682	1
9240	39682	1
9983	39682	1
2946	39685	1
3425	39685	1
4675	39685	1
6486	39685	1
7979	39685	1
9526	39685	1
1108	39792	1
3191	39792	1
3511	39792	1
6630	39792	1
7412	39792	1
9701	39792	1
503	39859	1
1861	39859	1
2212	39859	1
3191	39859	2
9126	39859	1
941	39871	1
2164	39871	1
2188	39871	1
3142	39871	1
3257	39871	1
4127	39871	1
5208	39871	1
6304	39871	1
7708	39871	1
7743	39871	1
7887	39871	1
9144	39871	1
9474	39871	1
9974	39871	1
1370	39931	1
1960	39931	1
4127	39931	1
7578	39931	1
7766	39931	1
1388	39987	1
3809	39987	1
4367	39987	1
6785	39987	1
6817	39987	1
9164	39987	1
4066	40039	1
4175	40039	1
7794	40039	1
133	40081	1
3757	40081	1
5877	40081	1
7492	40081	1
9042	40081	1
9193	40081	1
9526	40081	1
9559	40081	1
1005	40120	1
5864	40120	1
6166	40120	1
6922	40120	1
8562	40120	1
9890	40120	1
3809	40218	1
4127	40218	1
4127	40410	1
4131	40410	2
6301	40410	1
7503	40410	2
3984	40416	1
3989	40416	1
4127	40416	1
5181	40416	1
1995	40417	1
4127	40417	1
9018	40417	1
4127	40433	1
2955	40535	1
3984	40545	1
3989	40545	1
4127	40545	1
5181	40545	1
8145	40664	1
1509	40672	1
1702	40672	1
3735	40672	1
4127	40672	1
4723	40672	1
5267	40672	1
5301	40672	1
6920	40672	1
8536	40672	1
9467	40672	1
9526	40672	1
3735	40679	1
4017	40679	1
4846	40679	1
5318	40679	1
5513	40679	1
6119	40679	1
8865	40679	1
9947	40679	1
1943	40709	1
2267	40709	1
4354	40709	1
513	40717	1
3822	40717	1
1118	40718	1
1835	40718	2
3735	40718	1
4229	40718	1
5267	40718	1
6998	40718	1
2040	40729	1
2843	40729	1
6847	40729	2
6962	40729	1
8978	40729	1
9066	40729	1
3501	40745	1
6166	40745	1
2267	40762	1
3836	40762	1
4642	40762	1
9788	40762	1
3206	40772	1
5852	40772	1
6922	40772	1
7543	40772	1
8981	40772	1
2071	40773	1
3675	40773	1
5399	40773	1
6700	40773	1
8995	40773	1
9676	40773	1
9970	40773	1
68	40802	1
1957	40802	1
3902	40802	1
3914	40802	1
7367	40802	1
7854	40802	1
8865	40802	1
9625	40802	1
1635	40860	1
1642	40860	1
1995	40860	1
3836	40860	1
4738	40860	1
4857	40860	1
5163	40860	1
5396	40860	1
8040	40860	1
9420	40860	1
9890	40860	1
6844	40925	1
9669	40925	1
2789	40997	1
2924	40997	1
4127	40997	2
4248	40997	1
5141	40997	1
6941	40997	1
7819	40997	1
9148	40997	1
9433	40997	1
3619	41007	1
6166	41007	1
8552	41007	1
1331	41011	1
1616	41011	1
1885	41011	1
3391	41011	1
3706	41011	1
4127	41011	1
4239	41011	1
4642	41011	2
6124	41011	1
6301	41011	1
6304	41011	1
7034	41011	1
8063	41011	1
8072	41011	1
9180	41011	1
1835	41015	1
2484	41015	1
2926	41015	1
3763	41015	1
8008	41015	1
9098	41015	1
514	41031	1
4127	41031	1
6301	41031	1
9974	41031	1
3501	41118	1
3034	41161	1
4050	41161	1
9149	41161	1
7543	41284	1
108	41304	1
3675	41304	2
3956	41304	1
4127	41304	1
513	41306	2
4127	41306	1
5062	41306	1
5844	41306	1
5864	41306	1
6304	41306	1
414	41396	1
640	41396	1
678	41396	1
810	41396	1
1165	41396	1
4111	41396	1
4127	41396	1
6785	41396	1
6834	41396	2
1459	41443	1
2164	41443	1
3142	41443	1
4127	41443	1
5208	41443	1
6266	41443	1
6304	41443	1
7743	41443	1
9144	41443	1
9474	41443	1
9974	41443	1
4127	41483	1
5149	41483	1
6301	41483	1
7090	41483	1
9974	41483	2
4127	41520	1
6301	41520	1
7638	41520	1
8079	41520	1
9974	41520	1
200	41588	1
591	41588	1
4127	41588	1
6557	41588	1
8472	41588	1
40	41622	1
1387	41622	1
3391	41622	1
4127	41622	1
4169	41622	1
4642	41622	2
5448	41622	1
6124	41622	1
6301	41622	1
7034	41622	1
7691	41622	2
7693	41622	1
9180	41622	1
379	41623	1
412	41623	1
2270	41623	1
3391	41623	1
4127	41623	1
4239	41623	1
4642	41623	1
5065	41623	1
6124	41623	1
6301	41623	1
7034	41623	1
8063	41623	1
9974	41623	1
905	41624	1
5892	41624	1
9149	41632	1
9526	41632	1
606	41662	1
4127	41662	1
5417	41662	1
6301	41662	1
9974	41662	1
86	41770	1
279	41770	1
633	41770	1
1580	41770	1
1616	41770	1
4127	41770	1
4642	41770	2
6043	41770	1
6122	41770	1
6301	41770	1
86	41771	1
447	41771	1
1616	41771	1
4127	41771	1
4642	41771	2
6122	41771	1
6301	41771	1
6398	41771	1
9180	41771	1
448	41773	1
633	41773	1
3089	41773	1
4127	41773	1
4414	41773	1
4416	41773	1
4642	41773	2
5125	41773	1
6124	41773	1
6301	41773	1
7256	41773	1
840	41774	1
2766	41774	1
3012	41774	1
4127	41774	1
4197	41774	1
4416	41774	1
4642	41774	1
5582	41774	1
6126	41774	1
6301	41774	1
6396	41774	1
7256	41774	1
7349	41774	1
8268	41774	1
722	41801	1
4127	41801	1
4567	41801	1
5090	41801	1
6012	41801	1
7266	41801	1
8098	41801	1
414	41821	1
678	41821	1
810	41821	1
4127	41821	1
6304	41821	1
640	41840	1
861	41840	1
4127	41840	1
7437	41840	1
9934	41840	1
9974	41840	1
3190	41845	1
4127	41845	1
8243	41845	1
9093	41845	1
9144	41845	1
1056	41862	1
1155	41862	1
3741	41862	1
4127	41862	1
5871	41862	1
5984	41862	1
8273	41862	1
9721	41862	1
226	41960	1
1256	41960	1
1679	41960	1
2222	41960	1
4127	41960	1
5160	41960	1
7252	41960	1
8573	41960	1
8630	41960	1
3993	42016	1
4127	42016	1
6301	42016	1
6641	42016	1
7638	42016	1
8010	42016	1
9648	42016	1
9974	42016	1
1182	42025	1
1330	42025	1
1406	42025	1
1486	42025	1
1488	42025	1
4127	42025	1
6798	42025	1
6986	42025	1
8321	42025	1
8602	42025	1
8995	42025	1
4127	42042	1
6301	42042	1
7090	42042	1
7776	42042	1
9974	42042	1
243	42074	1
1778	42074	1
2722	42074	1
4068	42074	1
6725	42074	1
6768	42074	1
9171	42074	1
9526	42074	1
4127	42083	1
6301	42083	1
7090	42083	1
7776	42083	1
9974	42083	1
4283	42112	1
8570	42112	1
1005	42130	1
1602	42130	1
2778	42130	1
4127	42130	1
8218	42130	1
8302	42130	1
9591	42130	1
5201	42172	1
7335	42172	1
8484	42172	1
8625	42172	1
9394	42172	1
4127	42188	1
4131	42188	1
5226	42188	1
6769	42188	1
7503	42188	1
2766	42200	1
5077	42208	1
2794	42209	1
4127	42209	1
6001	42209	1
6301	42209	1
9974	42209	1
604	42219	1
627	42219	1
2616	42219	1
4056	42219	1
4061	42219	1
4127	42219	1
5951	42219	1
6527	42219	1
7873	42219	1
1052	42421	1
4127	42421	1
6301	42421	1
9072	42421	1
9974	42421	1
3822	42422	1
5318	42422	1
1662	42425	1
6563	42425	1
8721	42425	1
9637	42425	1
9974	42425	1
4127	42462	1
4347	42462	1
4412	42462	1
9924	42462	1
4127	42483	1
9924	42483	1
1608	42498	1
7971	42498	1
1396	42535	1
4127	42535	2
5432	42535	1
8651	42535	1
1654	42573	1
4127	42573	1
6301	42573	1
8376	42573	1
9974	42573	1
3506	42622	1
4127	42622	1
5892	42622	1
9542	42622	1
382	42668	1
1009	42668	1
1662	42668	1
5226	42668	1
6166	42668	1
9727	42668	1
9926	42668	1
23	42695	1
2977	42695	1
3242	42695	1
6166	42695	1
7986	42695	1
9526	42695	1
2648	42758	1
3242	42758	1
6100	42758	1
6166	42758	1
8040	42758	1
2648	42767	1
5206	42767	1
7842	42767	1
5153	42807	1
5206	42807	1
5267	42807	1
8865	42807	1
2554	42942	1
4127	42942	1
6301	42942	1
9974	42942	2
661	42958	1
1602	42958	1
4127	42958	1
9964	42958	1
840	42962	1
2766	42962	1
4127	42962	1
4416	42962	1
4642	42962	1
6126	42962	1
6301	42962	1
6396	42962	1
7256	42962	2
7349	42962	1
8268	42962	1
1326	42996	1
1679	42996	1
4205	42996	1
6941	43020	1
2054	43027	1
4127	43027	1
5794	43027	1
6629	43027	1
6769	43027	1
27	43060	1
2926	43060	1
4127	43060	2
6301	43060	1
7655	43060	1
9974	43060	1
6304	43083	1
1408	43091	1
1720	43091	1
4127	43091	1
9797	43091	1
2099	43092	1
8375	43092	1
539	43107	1
857	43107	1
1750	43107	1
3822	43107	1
4223	43107	1
6998	43107	1
8213	43107	2
8969	43107	1
1782	43171	1
2193	43171	1
2239	43171	1
6119	43171	1
7282	43171	1
7391	43171	1
9028	43171	1
9441	43171	1
32	43188	1
513	43188	2
1512	43188	1
1592	43188	1
4127	43188	1
5396	43188	1
5844	43188	1
6301	43188	1
6304	43188	1
9160	43188	1
9526	43188	1
3167	43208	1
4022	43208	1
4127	43208	1
6301	43208	1
8376	43208	1
9974	43208	1
4127	43302	1
6301	43302	1
9974	43302	1
243	43353	1
1349	43353	1
1783	43353	1
2862	43353	1
4100	43353	1
4419	43353	1
7304	43353	1
3881	43375	1
5201	43375	1
5921	43375	1
8008	43375	1
8213	43375	1
8865	43375	1
8969	43375	1
9474	43375	1
133	43388	1
707	43388	1
1009	43388	1
1213	43388	1
1329	43388	1
3242	43388	1
3425	43388	1
3735	43388	1
4316	43388	1
5877	43388	1
5972	43388	1
8031	43388	1
8912	43388	1
3752	43398	1
3765	43398	1
3806	43398	1
4127	43398	1
6488	43398	1
6844	43398	1
7128	43398	1
8905	43398	1
793	43405	1
3501	43405	1
3752	43405	1
4356	43405	1
5194	43405	1
5318	43405	2
5487	43405	1
6941	43405	1
7166	43405	1
3752	43441	1
3881	43441	1
4111	43441	1
7582	43441	1
3907	43468	1
4127	43468	1
6301	43468	1
7868	43468	1
9489	43468	1
9974	43468	2
1400	43483	1
1451	43483	1
5096	43483	1
6520	43483	1
6768	43483	1
9054	43483	1
9526	43483	1
687	43484	1
892	43484	1
1689	43484	1
1797	43484	1
9546	43484	1
4127	43565	1
6301	43565	1
9974	43565	1
448	43665	1
2762	43665	1
3984	43665	1
4127	43665	1
4170	43665	1
4242	43665	1
4642	43665	2
6301	43665	1
6310	43665	1
7256	43665	1
7399	43665	1
7831	43665	1
7832	43665	1
9180	43665	1
448	43666	1
4127	43666	1
4316	43666	1
4642	43666	2
4830	43666	1
6301	43666	1
6310	43666	1
7256	43666	1
7399	43666	1
7831	43666	1
7832	43666	1
9180	43666	1
4121	43743	1
4127	43743	1
6301	43743	1
7378	43743	1
9974	43743	1
4121	43762	1
4127	43762	1
7378	43762	1
654	43764	1
2864	43764	1
8376	43764	1
942	43776	1
998	43776	1
1702	43776	1
1736	43776	1
4127	43776	1
5458	43776	1
10006	43776	1
1297	43827	1
2182	43827	1
2878	43827	1
4127	43827	1
6844	43827	1
6907	43827	1
7078	43827	1
9500	43827	1
432	43845	1
3395	43845	1
5181	43845	1
8865	43845	1
9538	43845	1
205	43869	1
2734	43869	1
6700	43869	1
6794	43869	1
7128	43869	1
7228	43869	1
7855	43869	1
9161	43869	1
9669	43869	1
4852	43895	1
7030	43895	1
8969	43895	1
1037	43929	1
1406	43929	1
2111	43929	1
4127	43929	1
5175	43929	1
8015	43929	1
9974	43929	2
1657	44047	1
1807	44047	1
2180	44047	1
2750	44047	1
3554	44047	1
6931	44047	1
7037	44047	1
9553	44047	1
471	44070	1
4121	44070	1
4127	44070	1
9160	44070	1
960	44080	1
2117	44080	1
2445	44080	1
2526	44080	1
5054	44080	1
5460	44080	1
6650	44080	1
8969	44080	1
9187	44080	1
9610	44080	1
189	44122	1
448	44122	1
633	44122	1
3089	44122	1
4127	44122	1
4414	44122	1
4416	44122	1
4493	44122	1
4642	44122	2
5125	44122	1
6301	44122	1
6310	44122	1
6549	44122	1
7256	44122	1
4122	44123	1
4127	44123	1
4642	44123	2
6126	44123	1
6301	44123	1
7256	44123	1
8757	44123	1
9180	44123	1
9823	44123	1
2128	44124	1
2764	44124	1
4127	44124	1
4642	44124	2
4890	44124	1
5504	44124	1
6126	44124	1
6301	44124	1
7256	44124	1
9180	44124	1
97	44135	1
127	44135	1
469	44135	1
1657	44135	1
1739	44135	1
2180	44135	1
3554	44135	1
4391	44135	1
9553	44135	1
9669	44135	1
1440	44166	1
4127	44166	1
5318	44166	1
7898	44166	1
4127	44232	1
5504	44232	1
6609	44232	1
6769	44232	1
6941	44232	1
9582	44232	1
1810	44331	1
4127	44331	1
972	44344	1
4127	44344	1
4943	44344	1
6301	44344	1
7209	44344	1
7990	44344	1
9974	44344	1
3984	44377	1
4127	44377	1
5181	44377	1
7581	44377	1
8369	44377	1
9448	44377	1
511	44409	1
3984	44409	1
4127	44409	1
5181	44409	1
6769	44409	1
6941	44409	1
2130	44412	1
3822	44412	1
4088	44412	1
7352	44412	1
7913	44412	1
8743	44412	1
2864	44424	1
3911	44424	1
4127	44424	1
5058	44424	1
6301	44424	1
9974	44424	1
4127	44486	1
6301	44486	1
9974	44486	1
4127	44539	1
5267	44539	1
7638	44539	1
8920	44539	1
9813	44539	1
1029	44542	1
1835	44542	2
6700	44542	1
6725	44542	1
7340	44542	1
9323	44542	1
9526	44542	1
9669	44542	1
9676	44542	1
2616	44547	1
5267	44547	1
8160	44547	1
8879	44547	1
2665	44584	1
3630	44584	1
4105	44584	1
4127	44584	1
5892	44584	1
6304	44584	1
8197	44584	1
189	44604	1
1949	44604	1
2363	44604	1
3089	44604	1
4127	44604	1
4642	44604	2
5504	44604	1
6301	44604	1
6310	44604	1
7256	44604	1
7494	44604	1
9046	44604	1
9180	44604	1
279	44605	1
633	44605	1
4127	44605	1
4642	44605	2
6126	44605	1
6301	44605	1
7256	44605	1
7494	44605	1
9180	44605	1
324	44647	1
6239	44647	1
1370	44667	1
5396	44667	1
8909	44667	1
4127	44678	1
6301	44678	1
9974	44678	1
1222	44689	1
4127	44689	1
4135	44689	1
6713	44689	1
7249	44689	1
7621	44689	1
8284	44689	1
1657	44761	1
2180	44761	1
2894	44761	1
3554	44761	1
3752	44761	1
5332	44761	1
5425	44761	1
5870	44761	1
7009	44761	1
9553	44761	1
4127	44783	1
1110	44797	1
2926	44797	1
4127	44797	2
5893	44797	1
6439	44797	1
9542	44797	1
9546	44797	1
1331	44799	1
1657	44799	1
1807	44799	1
2180	44799	1
2984	44799	1
3554	44799	1
5332	44799	1
6735	44799	1
6931	44799	1
7009	44799	1
9553	44799	1
4127	44848	1
4242	44848	1
4508	44848	1
7365	44848	2
8417	44848	1
383	44900	1
3405	44900	1
3905	44900	1
5403	44900	1
8337	44900	1
4127	44918	1
5318	44918	1
1886	44953	1
2006	44953	1
4127	44953	1
4305	44953	1
7078	44953	1
7776	44953	1
8969	44953	1
9493	44953	1
9500	44953	1
3784	44960	1
6015	44960	1
7437	44960	1
7986	44960	2
8205	44960	1
9805	44960	1
9974	44960	1
1836	44984	1
4127	44984	1
7842	44984	1
9587	44984	1
4127	45015	1
1170	45022	1
3984	45022	1
4127	45022	1
5181	45022	1
5604	45022	1
6941	45022	1
7872	45022	1
243	45031	1
1331	45031	1
1642	45031	1
3001	45031	1
4965	45031	1
7638	45031	1
8098	45031	1
8542	45031	1
8865	45031	1
9526	45031	1
9938	45031	1
1029	45037	1
3784	45037	1
9765	45057	2
5892	45077	1
998	45110	1
1138	45110	1
4127	45110	1
6329	45110	1
6962	45110	1
8798	45110	1
8865	45110	1
9825	45110	1
149	45116	1
257	45116	1
1997	45116	1
2531	45116	1
3511	45116	1
4923	45116	1
7411	45116	1
8739	45116	1
8761	45116	1
8804	45116	1
1642	45153	1
2130	45153	1
4111	45153	1
5677	45153	1
8213	45153	1
9526	45153	1
4127	45165	1
6140	45165	1
9962	45165	1
158	45250	1
557	45250	1
5396	45250	1
9890	45250	1
1642	45274	1
3974	45274	1
4127	45274	1
6342	45274	1
8321	45274	1
9386	45274	1
9974	45274	1
542	45275	1
1783	45275	1
3811	45275	1
8172	45275	1
9153	45275	1
9976	45275	1
1118	45303	1
4716	45303	1
6396	45303	1
9346	45303	1
9719	45303	1
4138	45310	1
4395	45310	1
1373	45311	1
5632	45311	1
8274	45311	1
9346	45311	1
6940	45329	1
8248	45329	1
4127	45365	1
4467	45365	1
6481	45365	1
7882	45365	1
8879	45365	1
9669	45365	1
4088	45375	1
4127	45375	1
7411	45375	1
8497	45375	1
9355	45375	1
3955	45434	1
4127	45434	1
6301	45434	1
9340	45434	1
9974	45434	1
4056	45445	1
4127	45445	1
1438	45449	1
1739	45449	1
4127	45449	1
9789	45449	1
1291	45454	1
3473	45454	1
4127	45454	1
4261	45454	1
1329	45483	1
2379	45483	1
5046	45483	1
9538	45483	1
9666	45483	1
417	45493	1
1486	45493	1
2412	45493	1
3134	45493	1
4127	45493	1
5504	45493	1
6396	45493	1
8061	45493	1
8969	45493	1
2695	45514	1
4280	45514	1
5254	45514	1
6043	45514	1
189	45574	1
379	45574	1
2796	45574	1
3533	45574	1
4127	45574	1
4642	45574	2
6301	45574	1
6310	45574	1
6666	45574	1
7256	45574	1
8760	45574	1
9180	45574	1
9883	45574	1
4113	45579	1
4127	45579	1
5015	45579	1
5609	45579	1
5864	45579	1
8197	45579	1
1638	45602	1
3678	45602	1
4127	45602	1
5504	45602	1
1325	45679	2
1981	45679	1
3094	45679	1
4297	45679	1
3511	45696	1
3602	45696	1
8217	45696	1
8865	45696	1
8478	45715	1
9346	45715	1
9445	45715	1
3305	45747	1
4136	45747	1
4458	45747	1
4642	45747	1
6304	45747	1
8012	45747	1
8380	45747	1
8865	45747	1
9992	45747	1
811	45775	1
1672	45775	1
2370	45775	1
3763	45775	1
5267	45775	1
6859	45775	1
8887	45775	1
9669	45775	1
5267	45780	1
1625	45800	1
2955	45800	1
3687	45800	1
4680	45800	1
5208	45800	1
9296	45800	1
2648	45859	1
3087	45859	1
3823	45859	1
5206	45859	1
5677	45859	1
6166	45859	1
1194	45860	1
2288	45860	1
4111	45860	1
4642	45860	1
890	45912	1
2646	45912	1
2943	45912	1
3349	45912	1
3589	45912	1
5791	45912	1
6903	45912	1
6920	45912	1
2157	45915	1
432	45979	1
1213	45979	1
3767	45979	1
3858	45979	1
5206	45979	1
6948	45979	1
8684	45979	1
9526	45979	1
514	45989	1
2990	45989	1
4127	45989	1
5844	45989	1
6166	45989	1
6304	45989	1
86	45999	1
189	45999	1
4127	45999	1
4642	45999	2
6126	45999	1
6301	45999	1
7256	45999	1
8450	45999	1
9180	45999	1
1753	46024	1
2220	46024	1
3266	46024	1
7045	46024	1
1225	46031	1
4127	46031	1
8449	46031	1
8565	46031	1
48	46042	1
4215	46042	1
4344	46042	1
5267	46042	1
661	46050	1
3193	46050	1
4127	46050	1
6252	46050	1
9822	46050	1
4995	46054	1
826	46106	1
2186	46106	1
4127	46106	1
5794	46106	1
7621	46106	1
7986	46106	1
8865	46106	1
8952	46106	1
8969	46106	1
9766	46106	1
471	46144	1
579	46144	1
707	46144	1
1602	46144	1
2902	46144	1
5553	46144	1
6661	46144	1
7041	46144	1
9163	46144	1
3266	46156	1
4162	46156	1
5328	46156	1
6725	46156	1
7410	46156	1
8684	46156	1
3873	46179	1
6251	46179	1
6631	46179	1
922	46208	1
2483	46208	1
2750	46208	1
2799	46208	1
4017	46208	1
5708	46208	1
5740	46208	1
326	46274	1
3702	46274	4
5344	46274	5
5535	46274	1
5760	46274	1
6377	46274	1
6540	46274	1
7676	46274	1
8206	46274	1
4705	46341	1
3284	46380	1
3312	46380	1
3806	46380	1
4127	46380	1
4703	46380	2
6489	46380	1
8342	46380	1
6266	46395	1
7365	46395	2
2659	46397	1
5199	46397	1
7351	46397	1
3349	46419	1
5267	46419	1
1741	46424	1
3568	46424	1
7266	46424	1
4078	46474	1
5208	46474	1
7520	46474	1
1642	46536	1
4127	46536	1
6301	46536	1
6342	46536	1
8321	46536	1
9386	46536	1
9974	46536	2
1031	46624	1
2446	46624	1
2888	46624	1
746	46656	1
1532	46656	1
1861	46656	1
2750	46656	1
5086	46656	1
5856	46656	1
7365	46656	1
9824	46656	1
1317	46668	1
4127	46668	1
5156	46668	1
5892	46668	1
6634	46668	2
1118	46676	1
2968	46676	1
4127	46676	1
4504	46676	1
5318	46676	1
6166	46676	1
7561	46676	1
7581	46676	1
8683	46676	1
9801	46712	1
2630	46744	1
3913	46744	1
5298	46744	1
6631	46744	1
9394	46744	1
9625	46744	1
9632	46744	1
1798	46756	1
4127	46756	1
6246	46756	1
6568	46756	1
9093	46756	1
4127	46775	1
4487	46775	1
5184	46775	1
6301	46775	1
9974	46775	1
1632	46803	1
3752	46803	1
5201	46803	1
5208	46803	1
5267	46803	1
6609	46803	1
6725	46803	1
7776	46803	1
640	46834	1
3074	46834	1
5267	46834	1
5797	46834	1
8157	46834	1
526	46849	1
9526	46849	1
680	46881	1
2044	46881	1
2362	46881	1
2529	46881	1
4846	46881	1
7581	46881	1
4127	46897	1
8510	46897	2
8969	46897	1
1958	46901	1
7272	46904	1
8213	46904	1
2695	46913	1
3034	46913	1
3718	46913	1
5576	46913	1
5892	46913	1
8865	46913	1
8995	46913	1
9500	46913	2
9766	46913	1
3169	46920	1
4127	46920	1
4642	46920	2
6124	46920	1
6301	46920	1
7040	46920	1
7691	46920	2
8099	46920	1
9180	46920	1
4127	46921	1
4642	46921	2
5284	46921	1
6301	46921	1
7040	46921	1
7691	46921	2
8099	46921	1
9180	46921	1
6304	46933	1
8987	46933	1
9443	46933	1
1487	46972	1
2619	46972	1
2887	46972	1
3006	46972	1
3866	46972	1
4127	46972	1
6769	46972	1
6844	46972	1
8599	46972	1
9764	46972	1
97	46979	1
448	46979	1
556	46979	1
1806	46979	1
3477	46979	1
4127	46979	1
4642	46979	1
5448	46979	1
6122	46979	1
6301	46979	1
7048	46979	1
7494	46979	1
7832	46979	1
8359	46979	1
9393	46979	1
97	46980	1
1806	46980	1
4127	46980	1
4642	46980	2
5448	46980	1
6122	46980	1
6301	46980	1
8359	46980	1
8472	46980	1
9065	46980	1
97	46981	1
1806	46981	1
4127	46981	1
4642	46981	1
5448	46981	1
6122	46981	1
6301	46981	1
7494	46981	1
8359	46981	1
9065	46981	1
97	46983	1
280	46983	1
379	46983	1
1806	46983	1
2128	46983	1
4124	46983	1
4127	46983	1
4326	46983	1
4642	46983	1
6122	46983	1
6301	46983	1
7048	46983	1
8359	46983	1
2094	46986	1
3087	46986	1
3822	46986	1
5632	46986	1
6166	46986	1
4127	47042	1
6304	47042	1
7106	47042	1
8963	47042	1
2954	47043	1
4127	47043	1
8376	47043	1
7072	47048	1
892	47054	1
7520	47054	1
8626	47054	1
8865	47054	1
9610	47054	1
1689	47055	2
2094	47063	1
2531	47063	1
5267	47063	1
6166	47063	1
8449	47063	1
1573	47067	1
5318	47067	1
5649	47067	1
530	47087	1
9676	47087	1
2273	47121	1
3872	47121	1
4127	47121	1
5911	47121	1
8943	47121	1
2136	47137	1
2616	47137	1
4127	47137	1
4877	47137	1
5365	47137	1
1029	47148	1
1601	47148	1
2295	47148	1
3562	47148	1
4127	47148	1
1608	47168	1
3795	47168	1
3914	47168	1
6976	47168	1
8040	47168	1
8268	47168	1
1206	47186	1
2273	47186	1
2518	47186	1
6700	47186	1
7776	47186	1
359	47192	1
604	47192	1
2986	47192	1
3284	47192	1
4127	47192	1
4952	47192	1
5318	47192	1
6672	47192	1
6795	47192	1
8108	47192	1
8865	47192	1
9669	47192	1
768	47216	1
3984	47216	1
4127	47216	1
4716	47216	1
5181	47216	1
678	47253	1
3661	47253	1
4127	47253	1
7119	47253	1
63	47261	1
862	47261	1
2888	47261	1
3242	47261	1
3266	47261	1
3735	47261	1
6166	47261	1
7266	47261	1
7986	47261	1
8769	47261	1
9374	47261	2
9526	47261	1
9610	47261	1
3034	47271	2
3294	47271	1
3836	47271	1
8467	47271	1
8617	47271	1
8684	47271	1
8865	47271	1
878	47282	1
1704	47282	1
4127	47282	1
4963	47282	1
4971	47282	1
7117	47282	1
9021	47282	1
9949	47282	1
7913	47372	1
2750	47388	1
2862	47388	1
5768	47388	1
6497	47388	1
7758	47388	1
110	47399	1
257	47399	1
633	47399	1
3900	47399	1
4127	47399	1
4642	47399	2
6122	47399	1
6301	47399	1
7090	47399	1
9180	47399	1
9752	47399	1
1580	47406	1
3756	47406	1
4127	47406	1
6301	47406	1
9974	47406	1
700	47407	1
867	47407	1
4091	47407	1
4127	47407	1
9962	47407	1
3191	47433	2
4127	47433	1
4642	47433	2
5504	47433	1
5651	47433	1
6122	47433	1
6301	47433	1
6987	47433	1
7417	47433	1
7870	47433	1
8743	47433	1
97	47442	1
189	47442	1
1035	47442	1
1806	47442	1
4127	47442	1
4642	47442	2
5448	47442	1
5833	47442	1
6122	47442	1
6301	47442	1
7048	47442	1
8359	47442	1
9180	47442	1
97	47443	1
189	47443	1
364	47443	1
1806	47443	1
2292	47443	1
4127	47443	1
4642	47443	2
6122	47443	1
6301	47443	1
7048	47443	1
8359	47443	1
180	47456	1
1602	47456	1
3873	47456	1
4780	47456	1
5240	47456	1
5318	47456	1
8287	47456	1
8741	47456	1
8865	47456	1
4127	47571	1
4807	47571	1
6301	47571	1
9974	47571	1
1005	47577	1
2531	47577	1
3524	47577	1
8710	47577	1
417	47580	1
1835	47580	1
3155	47580	1
3389	47580	1
4127	47580	1
6760	47580	1
7806	47580	1
8981	47580	1
9201	47580	1
9733	47580	1
9858	47580	1
4127	47586	1
4962	47586	1
6301	47586	1
6370	47586	1
8510	47586	1
9628	47586	1
640	47624	1
890	47624	1
2094	47624	1
5267	47624	1
5775	47624	1
8667	47624	1
3774	47706	1
8887	47706	1
9669	47706	1
3735	47719	1
5318	47719	1
9538	47719	1
4127	47756	1
5561	47756	1
7019	47756	1
184	47787	1
1225	47787	1
1554	47787	1
2968	47787	1
3242	47787	1
5651	47787	1
6847	47787	1
6991	47787	1
8865	47787	1
2036	47794	1
2062	47794	1
4108	47794	1
4127	47794	1
4964	47794	1
6301	47794	1
6304	47794	1
6844	47794	1
9474	47794	1
9654	47794	2
136	47798	1
948	47798	1
1868	47798	1
8865	47798	1
2445	47820	1
5866	47820	1
9095	47820	1
3991	47868	1
4127	47868	1
6301	47868	1
9974	47868	1
4127	47876	1
5031	47876	1
5198	47876	1
1358	47888	1
2285	47888	1
5086	47888	1
5318	47888	1
6436	47888	1
2285	47901	1
5086	47901	1
5318	47901	1
6436	47901	1
1073	47904	1
3836	47904	1
6191	47904	1
6239	47904	1
6492	47904	1
6621	47904	1
7395	47904	1
8060	47904	1
257	47906	1
2292	47906	1
4127	47906	1
4546	47906	1
4642	47906	2
6122	47906	1
6301	47906	1
8740	47906	1
9180	47906	1
257	47907	1
4127	47907	1
4546	47907	1
4642	47907	2
5064	47907	1
6122	47907	1
6301	47907	1
8740	47907	1
8755	47907	1
9180	47907	1
257	47908	1
2292	47908	1
2598	47908	1
4127	47908	1
4642	47908	2
6122	47908	1
6301	47908	1
7869	47908	1
8740	47908	1
9180	47908	1
1835	47923	1
1910	47923	2
4127	47923	1
4211	47923	1
4408	47923	1
4964	47923	1
6304	47923	1
6844	47923	1
7289	47923	1
8324	47923	1
8351	47923	1
9474	47923	1
9654	47923	1
1267	47927	1
2593	47927	1
3100	47927	1
3340	47927	1
3485	47927	1
5267	47927	1
7743	47927	1
8213	47927	1
694	47945	1
817	47945	1
1741	47945	1
2445	47945	1
3392	47945	2
4661	47945	1
7437	47945	1
8865	47945	2
9394	47945	1
2546	47960	1
8920	47960	1
3984	47964	1
8585	47964	1
9890	47964	1
97	47970	1
1806	47970	1
4127	47970	1
4642	47970	2
5448	47970	1
6122	47970	1
6301	47970	1
7047	47970	1
7048	47970	1
8359	47970	1
714	47973	1
9104	47973	1
687	47978	1
1868	47978	1
9526	47978	1
3765	47979	1
3821	47979	1
5153	47979	1
6725	47979	1
7581	47979	1
8328	47979	1
8513	47979	1
8669	47979	2
9546	47979	1
9609	47979	1
27	47993	1
1370	47993	1
1945	47993	1
3579	47993	2
4127	47993	2
7286	47993	1
8380	47993	1
579	47995	1
4127	47995	1
5208	47995	1
8969	47995	1
3970	48019	1
5892	48019	1
2412	48021	1
5199	48021	1
5267	48021	1
5972	48021	1
7340	48021	1
8865	48021	1
9526	48021	2
1183	48025	1
1937	48025	2
5267	48025	1
5632	48025	1
5794	48025	1
6959	48025	1
9526	48025	1
2952	48026	1
4029	48026	1
9184	48026	1
811	48044	1
862	48044	1
1285	48044	1
1741	48044	1
5267	48044	2
7986	48044	1
694	48060	1
1188	48060	1
5303	48060	1
6232	48060	1
9669	48060	1
670	48068	1
1555	48068	1
2136	48068	2
3747	48068	1
6301	48068	1
8351	48068	1
406	48073	1
1868	48073	1
3735	48073	1
5086	48073	1
1469	48081	1
2078	48081	1
2164	48081	1
4127	48081	3
1469	48082	1
2078	48082	1
2164	48082	1
3700	48082	1
4127	48082	3
1017	48086	1
9394	48086	1
1170	48109	1
1739	48109	1
4127	48109	1
5318	48109	1
6795	48109	1
7107	48109	1
8743	48109	1
1382	48113	1
6385	48113	1
6998	48118	1
8969	48118	1
1382	48149	1
2719	48149	1
3034	48149	1
4008	48149	2
4087	48149	2
7266	48149	1
1469	48183	1
1957	48183	1
2255	48183	1
2360	48183	1
6458	48183	1
8232	48183	1
8451	48183	1
1284	48190	1
2789	48190	1
8558	48190	1
8865	48190	1
4135	48191	1
7856	48191	1
8903	48191	1
56	48192	1
3242	48192	1
6472	48192	1
9193	48192	1
2630	48203	1
3034	48203	1
6588	48203	1
8008	48203	1
8249	48203	1
9225	48203	1
9561	48203	1
9727	48203	1
5318	48233	1
2786	48240	1
3822	48240	1
4127	48240	1
8785	48240	1
3602	48245	1
4127	48245	1
9604	48245	1
3970	48258	1
5634	48258	1
7660	48258	1
1382	48272	1
2501	48272	1
4070	48272	1
4518	48272	1
5729	48272	1
5963	48272	1
8217	48272	1
8899	48272	1
1009	48296	1
2989	48296	1
5551	48296	1
5866	48296	1
6364	48296	1
7408	48296	1
9267	48296	1
9526	48296	1
3467	48297	1
4588	48297	1
5226	48297	1
8978	48297	1
1626	48303	1
1841	48303	1
3450	48303	1
4127	48303	1
4642	48303	2
6122	48303	1
6301	48303	1
6551	48303	1
7139	48303	1
7399	48303	1
796	48315	1
4127	48315	1
5985	48315	1
8015	48315	1
8510	48315	1
9594	48315	1
9974	48315	2
3425	48320	1
3655	48320	1
7845	48320	1
8008	48320	1
9080	48320	1
9526	48320	1
58	48337	1
99	48337	1
2864	48337	1
2878	48337	1
6557	48337	1
9625	48337	1
1061	48351	1
3335	48351	1
4127	48351	1
5029	48351	1
9078	48351	1
1854	48353	1
2427	48353	1
2801	48353	1
4127	48353	1
5561	48353	1
7019	48353	1
8010	48353	1
8339	48353	1
9017	48353	1
5234	48396	1
1440	48405	1
1864	48405	1
2950	48405	1
3752	48405	1
8535	48405	1
2117	48433	1
4008	48433	1
4087	48433	1
7266	48433	1
8758	48433	1
189	48438	1
3900	48438	1
4127	48438	1
4642	48438	2
6301	48438	1
6310	48438	1
7256	48438	1
8760	48438	1
9046	48438	1
9180	48438	1
1369	48447	2
2049	48447	1
2330	48447	1
2864	48447	1
2871	48447	1
3567	48447	1
3806	48447	1
4318	48447	1
5267	48447	1
5318	48447	1
6859	48447	1
9738	48447	1
878	48464	1
4127	48464	1
5198	48464	1
5561	48464	1
6713	48464	1
7019	48464	1
7262	48464	1
7968	48464	1
8413	48464	1
9291	48464	1
4215	48468	1
6146	48468	1
6598	48468	1
8046	48468	1
8268	48468	1
8887	48468	1
9526	48468	1
3191	48500	1
4127	48500	1
4642	48500	2
5504	48500	1
5651	48500	1
6122	48500	1
6301	48500	1
7037	48500	1
7417	48500	1
7870	48500	1
8743	48500	1
9180	48500	1
3853	48512	1
257	48513	1
279	48513	1
1214	48513	1
2665	48513	1
4127	48513	1
4642	48513	2
4723	48513	1
6122	48513	1
6301	48513	1
7137	48513	1
8740	48513	1
9180	48513	1
10033	48513	1
189	48514	1
257	48514	1
2363	48514	1
2896	48514	1
4127	48514	1
4642	48514	1
5448	48514	1
6071	48514	1
6122	48514	1
6301	48514	1
7749	48514	1
8740	48514	1
9344	48514	1
9358	48514	1
257	48515	1
2764	48515	2
4127	48515	1
4642	48515	2
6122	48515	1
6301	48515	1
8450	48515	1
8740	48515	1
9180	48515	1
2356	48527	1
2616	48527	1
5077	48527	1
5267	48527	1
1487	48536	1
4127	48536	1
6301	48536	1
9974	48536	1
211	48545	1
677	48547	1
2931	48547	1
3568	48547	1
2094	48552	1
1580	48567	1
3548	48567	1
3735	48567	1
4127	48567	1
6304	48567	1
8865	48567	1
2976	48579	1
3392	48579	1
4127	48579	1
8651	48579	1
447	48616	1
2609	48616	1
3450	48616	1
4127	48616	1
4642	48616	2
6122	48616	1
6301	48616	1
7399	48616	1
8738	48616	1
9180	48616	1
447	48617	1
2609	48617	1
3450	48617	1
4127	48617	1
4642	48617	2
6122	48617	1
6301	48617	1
7399	48617	1
8738	48617	1
9180	48617	1
862	48621	1
2766	48621	2
3456	48621	1
4273	48621	1
6768	48621	1
8144	48621	1
8276	48621	2
8380	48621	1
2200	48635	1
8217	48635	1
2966	48642	1
3034	48642	1
3169	48642	1
4127	48642	1
8865	48642	1
6619	48647	1
1504	48719	1
2766	48719	1
3140	48719	1
8276	48719	1
894	48738	1
1714	48738	1
2155	48738	1
3034	48738	1
6619	48738	1
9500	48738	1
826	48744	1
1382	48744	1
4824	48744	1
1052	48753	1
1267	48753	1
201	48817	1
2794	48817	1
4127	48817	1
6301	48817	1
9974	48817	1
606	48836	1
1580	48836	1
4127	48836	1
5417	48836	1
5883	48836	1
709	48915	1
1713	48915	1
4127	48915	1
5794	48915	1
6264	48915	1
8197	48915	1
9124	48915	1
9620	48915	1
9974	48915	1
3836	48948	1
3984	48948	1
4127	48948	1
5181	48948	1
8369	48948	1
2648	49000	1
5502	49000	1
7733	49000	1
4008	49074	1
4087	49074	1
1370	49109	1
1613	49109	1
4127	49109	1
4131	49109	1
9434	49109	1
9370	49127	1
4091	49131	1
4127	49131	1
5208	49131	1
5616	49131	1
6894	49155	1
4127	49229	1
4846	49229	1
7902	49229	1
4127	49256	1
4310	49256	1
5191	49256	1
7279	49256	1
7617	49256	1
9669	49256	1
4127	49298	1
6301	49298	1
9974	49298	1
8978	49300	1
4127	49366	1
6301	49366	1
9738	49366	1
9974	49366	1
738	49387	1
4854	49387	1
8695	49387	1
9832	49387	1
742	49406	1
4127	49406	1
6472	49406	1
6856	49406	1
9342	49406	1
742	49438	1
981	49438	1
4127	49438	1
5814	49438	1
5942	49438	1
6472	49438	1
6856	49438	1
9342	49438	1
1208	49518	1
3501	49518	1
9932	49518	1
2531	49522	1
4127	49522	1
5316	49522	1
8156	49522	1
8406	49522	2
9956	49522	1
10018	49522	1
2477	49528	1
2483	49528	1
3915	49528	1
4017	49528	1
4840	49528	1
9526	49528	1
9596	49528	1
1486	49546	1
1642	49546	1
3563	49546	2
4127	49546	1
6798	49546	1
7819	49546	1
8643	49546	1
1486	49573	1
4127	49573	1
5002	49573	1
6301	49573	1
6798	49573	1
9974	49573	1
271	49692	1
1320	49692	1
4291	49692	1
5029	49692	1
5267	49692	1
6760	49692	1
6824	49692	1
979	49715	1
5671	49715	1
8865	49715	1
8969	49715	1
9117	49715	1
9293	49715	1
742	49738	1
3191	49738	1
4127	49738	1
4642	49738	2
5504	49738	1
5651	49738	1
6122	49738	1
6301	49738	1
7417	49738	1
8743	49738	1
9180	49738	1
9721	49738	1
1897	49769	1
2962	49769	1
7266	49769	1
8056	49769	1
8170	49769	1
9153	49769	1
1515	49780	1
2398	49787	1
4127	49787	1
5611	49787	1
9926	49787	1
1225	49810	1
3006	49810	1
8828	49810	1
9414	49810	1
189	49832	1
4127	49832	1
4642	49832	2
5541	49832	1
6122	49832	1
6240	49832	1
8262	49832	1
8844	49832	1
9291	49832	1
48	49844	1
3763	49844	1
5267	49844	1
5318	49844	1
9090	49844	1
9813	49844	1
3314	49850	1
5267	49850	2
6941	49850	1
7228	49850	1
9407	49850	1
4127	49853	1
5318	49853	1
8865	49853	1
2222	49883	1
4127	49883	1
6301	49883	1
7252	49883	1
8573	49883	1
9879	49883	1
9974	49883	1
324	49886	1
676	49886	1
2078	49886	1
6700	49886	1
9676	49886	1
2456	49933	1
4148	49933	1
4854	49933	1
4127	49957	1
4305	49957	1
7078	49957	1
7776	49957	1
9510	49957	1
1124	49962	1
2136	49962	1
3182	49962	1
1663	49996	1
1919	49996	1
8150	49996	1
9394	49996	1
9924	49996	1
9013	50020	1
9019	50020	1
148	50027	1
1213	50027	1
4127	50027	1
6472	50027	1
9793	50027	1
1213	50028	1
4127	50028	1
6119	50028	1
6472	50028	1
9793	50028	1
2555	50040	1
2794	50040	1
3913	50040	1
4127	50040	1
9955	50040	1
2190	50052	1
2766	50052	1
5074	50052	1
5794	50052	1
3503	50096	1
3984	50096	1
4127	50096	1
5181	50096	1
6304	50096	1
1285	50100	1
4088	50100	1
4127	50100	1
5460	50100	1
6496	50100	1
8380	50100	1
4111	50126	1
5077	50126	1
1602	50132	1
4127	50138	1
5608	50138	1
6301	50138	1
9974	50138	1
2324	50143	2
3095	50143	1
4127	50143	1
4356	50143	1
4658	50143	1
4680	50143	1
5476	50143	1
6301	50143	1
7638	50143	1
8452	50143	1
8664	50143	1
9828	50143	1
1638	50184	2
8796	50184	1
8865	50184	1
9117	50184	1
9669	50184	1
9813	50184	1
1406	50195	1
5151	50195	1
5460	50195	1
6922	50195	1
7563	50195	1
9394	50197	1
4127	50215	1
4527	50215	1
6609	50215	1
8391	50215	2
9547	50215	1
1512	50263	1
3984	50263	1
4127	50263	1
5181	50263	1
3493	50281	1
1783	50292	1
2267	50292	1
1997	50307	1
2522	50307	1
4801	50307	1
5550	50307	1
6619	50307	1
6992	50307	1
7638	50307	1
8739	50307	1
8761	50307	1
8912	50307	1
6304	50309	1
257	50371	1
447	50371	1
1616	50371	1
2883	50371	1
4127	50371	1
4642	50371	2
5695	50371	1
6122	50371	1
6301	50371	1
8740	50371	1
9180	50371	1
1486	50404	1
2955	50404	1
4127	50404	1
4210	50404	1
6798	50404	1
640	50434	1
4127	50434	1
6301	50434	1
7412	50434	1
9974	50434	1
3602	50443	1
5053	50443	1
5856	50443	1
8213	50443	1
1440	50488	1
3821	50488	1
5561	50488	1
5783	50488	1
9801	50488	1
4127	50542	1
6301	50542	1
9974	50542	1
958	50544	1
1440	50544	1
2884	50544	1
3594	50544	1
4351	50544	1
7411	50544	1
3034	50561	1
9825	50561	1
1787	50599	1
2522	50599	1
3635	50599	1
8497	50599	1
9526	50599	1
9739	50599	1
1118	50619	2
1842	50619	1
5382	50619	1
1031	50629	1
2540	50629	1
4007	50629	1
7032	50629	1
8289	50629	1
9193	50629	1
9766	50629	1
1616	50636	1
3784	50636	1
4127	50636	1
4642	50636	2
5092	50636	2
6122	50636	1
6301	50636	1
7533	50636	1
7828	50636	1
9180	50636	1
447	50637	1
1616	50637	1
2883	50637	1
4127	50637	1
4642	50637	2
6122	50637	1
6301	50637	1
6398	50637	1
8345	50637	1
9180	50637	1
3763	50648	1
7033	50648	1
9924	50648	1
579	50671	1
1031	50671	1
1119	50671	1
1756	50671	1
3312	50671	1
4127	50671	1
7304	50671	1
7986	50671	1
8809	50671	1
9526	50671	1
1937	50691	1
2917	50691	1
8307	50691	1
2335	50693	1
4127	50693	1
5922	50693	1
5978	50693	2
414	50732	1
678	50732	1
810	50732	1
4127	50732	1
5062	50732	1
1370	50737	1
4127	50737	1
7543	50737	1
8452	50737	1
1583	50738	1
4127	50738	1
5943	50738	1
6301	50738	1
8331	50738	1
8351	50738	1
8533	50738	1
9211	50738	1
9974	50738	1
8017	50760	1
1602	50765	1
5296	50765	1
5924	50765	1
6965	50765	1
513	50768	1
4127	50768	1
6301	50768	1
8331	50768	1
8479	50768	1
9974	50768	1
34	50802	1
1841	50802	1
1859	50802	1
4127	50802	1
4642	50802	2
6301	50802	1
6310	50802	1
6666	50802	1
7256	50802	1
7691	50802	1
9180	50802	1
1487	50820	1
4127	50820	1
6301	50820	1
9974	50820	1
257	50852	1
4127	50852	1
4642	50852	2
6122	50852	1
6301	50852	1
7869	50852	1
8740	50852	1
9180	50852	1
9920	50852	1
257	50853	1
447	50853	1
1616	50853	1
2883	50853	1
4127	50853	1
4642	50853	2
6122	50853	1
6301	50853	1
8740	50853	1
9180	50853	1
4127	50877	1
5504	50877	1
5773	50877	1
6301	50877	1
8197	50877	1
9974	50877	1
3173	50883	1
6593	50883	1
8865	50883	1
9023	50883	1
76	50887	1
4127	50887	1
6288	50887	1
7714	50887	1
7968	50887	1
9220	50887	1
63	50892	1
2049	50892	1
3340	50892	1
3763	50892	1
8865	50892	1
837	50893	1
2358	50893	1
2447	50893	1
5243	50893	1
8368	50893	1
8944	50893	1
9669	50893	1
3034	50909	1
3900	50909	1
4975	50909	1
7885	50909	1
8506	50909	1
1937	50910	1
5029	50910	1
5149	50910	1
5267	50910	1
7771	50910	1
3915	50917	1
9938	50917	1
2829	50927	1
4127	50927	1
6301	50927	1
9849	50927	1
9974	50927	1
74	50928	1
579	50928	1
9669	50928	1
3034	50943	1
3900	50943	1
7885	50943	1
8506	50943	1
2433	50952	1
5233	50952	1
958	50975	1
4975	50975	1
556	50994	1
1527	50994	1
3552	50994	1
4127	50994	1
9944	50994	1
2614	50996	1
3131	50996	1
4842	50996	1
9890	50996	1
3191	51000	1
4127	51000	1
4753	51000	1
5504	51000	1
9397	51000	1
1440	51016	1
3191	51027	1
4127	51027	1
5504	51027	1
6301	51027	1
9974	51027	1
4078	51029	1
2324	51068	1
8903	51068	1
8923	51068	1
5267	51072	1
7858	51072	1
9346	51072	1
2763	51094	1
4127	51094	1
6301	51094	1
9974	51094	1
2164	51095	1
2688	51095	1
3142	51095	1
4127	51095	1
5208	51095	1
5880	51095	1
6266	51095	1
6304	51095	1
7743	51095	1
9144	51095	1
9474	51095	1
9974	51095	1
620	51116	1
875	51116	1
1450	51116	1
1810	51116	1
1875	51116	1
1985	51116	1
3431	51116	1
3989	51116	1
4083	51116	1
4127	51116	1
6619	51116	1
9466	51116	1
48	51164	1
1118	51164	1
2972	51164	1
5267	51164	1
6458	51164	1
6582	51164	1
7178	51164	1
7204	51164	1
9346	51164	1
9825	51164	1
9826	51164	1
48	51171	1
2972	51171	1
5267	51171	1
9346	51171	1
4481	51183	1
6582	51183	1
6859	51183	1
7204	51183	1
8513	51183	1
5199	51184	1
5892	51184	1
6301	51184	1
7776	51184	1
86	51202	1
447	51202	1
824	51202	1
1616	51202	1
1841	51202	1
4127	51202	1
4642	51202	2
6122	51202	1
6301	51202	1
6398	51202	1
9958	51202	1
1029	51214	1
3196	51214	1
3197	51214	1
7266	51214	1
48	51229	1
1828	51229	1
3215	51229	1
3763	51229	1
4840	51229	1
5267	51229	1
9346	51229	1
9538	51229	1
3752	51239	3
48	51253	1
3075	51253	1
3735	51253	1
3763	51253	1
8630	51253	1
9346	51253	1
5249	51254	1
7923	51254	1
5754	51279	1
9805	51279	1
1098	51319	1
1642	51319	1
4127	51319	1
8331	51319	1
7392	51325	1
9825	51325	1
3782	51339	1
3920	51339	1
4127	51339	1
6301	51339	1
9974	51339	1
158	51384	1
8969	51473	1
1616	51482	1
3784	51482	1
4127	51482	1
4642	51482	2
5092	51482	2
6122	51482	1
6301	51482	1
7533	51482	1
7828	51482	1
9180	51482	1
1260	51484	1
1616	51484	1
1617	51484	1
3784	51484	1
4127	51484	1
4642	51484	2
5092	51484	1
6122	51484	1
6301	51484	1
7533	51484	1
9180	51484	1
86	51487	1
447	51487	1
1616	51487	1
2837	51487	1
4127	51487	1
4642	51487	1
5373	51487	1
6122	51487	1
6301	51487	1
6398	51487	1
7266	51487	1
88	51541	1
857	51541	1
1005	51541	1
1810	51541	1
2164	51541	1
3273	51541	1
4083	51541	1
4127	51541	1
4973	51541	1
5181	51541	1
8074	51541	1
9466	51541	1
9546	51541	1
243	51608	1
3006	51608	1
4127	51608	1
7621	51608	1
9010	51608	1
4127	51618	1
4494	51618	1
6301	51618	1
9293	51618	1
9974	51618	1
758	51632	1
4248	51632	1
4271	51632	1
5548	51632	1
5771	51632	1
6725	51632	1
8213	51632	1
9633	51632	1
4127	51664	1
9999	51664	1
1442	51702	1
4127	51702	1
9983	51702	1
7596	51716	1
8995	51716	1
3191	51718	1
4127	51718	1
5504	51718	1
6301	51718	1
9974	51718	1
758	51728	1
2866	51728	1
3873	51728	1
7041	51728	1
7986	51728	1
9825	51728	1
1936	51741	1
2918	51741	1
3774	51741	1
5548	51741	1
417	51779	1
1052	51779	1
1369	51779	1
3025	51779	1
4127	51779	1
5318	51779	3
5547	51779	1
8865	51779	1
9964	51779	1
4127	51882	1
7739	51882	1
8586	51882	1
1029	51887	1
4973	51887	1
6870	51887	1
9050	51887	1
9224	51887	1
9610	51887	1
9669	51887	1
1187	51946	1
2379	51946	1
2938	51946	1
3694	51946	1
4127	51946	1
8130	51946	1
293	51982	1
1949	51982	1
2149	51982	2
4127	51982	1
4199	51982	1
6769	51982	1
7175	51982	1
8453	51982	1
1554	52106	1
1714	52106	1
2438	52106	1
3033	52106	1
3579	52106	1
5184	52106	1
5198	52106	1
7713	52106	2
27	52123	1
857	52123	1
2099	52123	1
4127	52123	1
4659	52123	1
5208	52123	1
6713	52123	1
9314	52123	1
9410	52123	1
9625	52123	1
861	52145	1
4127	52145	1
6301	52145	1
9974	52145	1
694	52154	2
2676	52154	1
3092	52154	1
6396	52154	1
6563	52154	1
7128	52154	1
9669	52154	1
457	52165	1
1797	52165	1
6859	52165	1
7040	52165	1
7753	52165	1
380	52171	1
979	52171	1
1313	52171	1
4127	52171	1
6304	52171	1
7352	52171	1
8865	52171	1
8995	52171	1
10049	52171	1
1985	52225	2
2074	52225	1
3970	52225	1
4127	52225	1
6396	52225	1
8969	52225	1
9704	52225	2
1331	52268	1
1440	52268	1
5883	52268	1
8539	52268	1
8684	52268	1
8978	52268	1
9809	52268	2
1388	52269	1
3431	52269	1
4121	52269	1
4127	52269	1
4745	52269	1
7376	52269	1
7645	52269	1
8556	52269	1
9144	52269	1
4127	52272	1
6301	52272	1
9974	52272	1
33	52278	1
1215	52278	1
1297	52278	1
2695	52278	1
4100	52278	1
6619	52278	1
7410	52278	1
7412	52278	1
8995	52278	1
6700	52280	1
3602	52335	2
4127	52335	1
88	52343	1
857	52343	1
1005	52343	1
1810	52343	1
2164	52343	1
3273	52343	1
4083	52343	1
4127	52343	1
4259	52343	1
4973	52343	1
5062	52343	1
5181	52343	1
8074	52343	1
9466	52343	1
9546	52343	1
930	52372	1
3092	52372	1
5884	52372	1
5920	52388	1
243	52427	1
1204	52427	1
4127	52427	1
1622	52429	1
1814	52429	2
2093	52429	1
2993	52429	1
4127	52429	1
5210	52429	1
6396	52429	1
6991	52429	1
8472	52429	1
9072	52429	1
10008	52429	1
7621	52432	1
7776	52437	1
1360	52456	1
2047	52456	1
3191	52456	1
4127	52456	1
4642	52456	2
5504	52456	1
6122	52456	1
6301	52456	1
9180	52456	1
3209	52457	1
6552	52457	2
7047	52457	1
7854	52457	1
8287	52457	1
9526	52457	1
5093	52463	1
9010	52463	1
211	52473	1
7262	52473	1
8865	52473	1
9526	52473	1
9669	52473	1
9681	52473	1
7385	52480	1
8806	52480	1
2690	52501	1
9010	52501	1
4105	52515	1
4127	52515	1
7664	52515	1
8699	52515	1
85	52528	1
189	52528	1
1616	52528	1
3688	52528	1
4127	52528	1
4642	52528	2
5092	52528	1
6122	52528	1
6301	52528	1
6562	52528	1
8208	52528	1
9180	52528	1
389	52556	1
1192	52556	1
1440	52556	1
3501	52556	1
4127	52556	1
5092	52556	1
726	52568	1
4127	52568	1
4973	52568	1
6667	52568	1
9093	52568	1
2117	52573	1
3041	52573	1
4127	52573	1
5121	52573	1
5318	52573	1
7523	52573	1
8024	52573	1
8865	52573	1
1240	52583	1
1580	52583	1
4127	52583	1
6304	52583	1
8197	52583	1
9974	52583	1
162	52588	1
1512	52588	1
3205	52588	1
9676	52588	1
862	52609	1
3984	52609	1
4056	52609	1
4105	52609	1
4127	52609	1
4388	52609	1
5181	52609	1
6304	52609	1
6717	52609	1
9120	52609	1
3984	52653	1
4105	52653	1
4127	52653	1
5181	52653	1
6619	52653	1
8969	52653	1
8987	52653	1
3009	52657	1
4127	52657	1
5750	52657	1
8510	52657	1
8652	52657	1
1132	52692	1
2659	52692	1
3990	52692	1
4127	52692	1
5284	52692	1
6122	52692	1
6304	52692	1
7166	52692	1
7210	52692	1
8390	52692	1
1879	52714	1
5267	52714	1
9526	52714	1
447	52747	1
1036	52747	1
1616	52747	1
2883	52747	1
4127	52747	1
4642	52747	2
6122	52747	1
6301	52747	1
6398	52747	1
9180	52747	1
417	52767	1
1580	52767	1
2190	52767	1
3359	52767	1
4113	52767	1
4127	52767	1
4491	52767	1
6527	52767	1
9974	52767	1
4056	52773	1
8232	52773	1
620	52802	1
1005	52802	1
1810	52802	1
2164	52802	1
3898	52802	1
3989	52802	1
4083	52802	1
4127	52802	1
4944	52802	1
6557	52802	1
9466	52802	1
9546	52802	1
9627	52802	1
791	52804	1
1369	52804	1
1719	52804	1
1894	52804	1
2127	52804	1
2157	52804	2
3790	52804	1
4115	52804	1
4127	52804	1
5318	52804	1
243	52825	1
3735	52825	1
3812	52825	1
4127	52825	1
6998	52825	1
8718	52825	1
8865	52825	1
9885	52825	1
258	52870	1
4127	52870	1
4540	52870	1
4798	52870	1
7089	52870	1
7412	52870	1
7437	52870	1
9526	52870	1
9934	52870	1
9974	52870	1
1632	52899	1
1806	52899	1
4127	52899	1
6725	52899	1
6962	52899	1
6994	52899	1
7337	52899	1
8350	52899	1
579	52909	1
3873	52909	1
4127	52909	1
1382	52921	1
2915	52921	1
3822	52921	1
3984	52921	1
4127	52921	1
6713	52921	1
7819	52921	1
8810	52921	1
8865	52921	1
8891	52921	1
9259	52921	1
9575	52921	1
1836	52929	1
2888	52929	1
4127	52929	1
4748	52929	1
6907	52929	2
8055	52929	2
9974	52929	1
85	52933	1
1616	52933	1
3688	52933	1
3739	52933	1
4127	52933	1
4642	52933	2
5092	52933	1
6122	52933	1
6301	52933	1
6562	52933	1
8208	52933	1
9180	52933	1
2495	52940	1
3047	52940	1
3503	52940	1
3578	52940	1
5030	52940	1
9121	52940	1
9755	52940	1
257	52948	1
4127	52948	1
4642	52948	2
6122	52948	1
6301	52948	1
8280	52948	1
8740	52948	1
9180	52948	1
56	52966	1
1098	52966	1
4127	52966	1
6118	52966	2
7587	52966	1
8571	52966	1
1017	52967	1
9669	52967	1
8162	53003	1
8449	53003	1
9445	53003	1
9589	53003	1
1357	53043	1
4111	53043	1
4215	53043	1
6940	53043	1
8792	53043	1
2267	53048	1
857	53059	1
1396	53059	1
1810	53059	1
4083	53059	1
4127	53059	1
6166	53059	1
6304	53059	1
9466	53059	1
89	53072	1
1289	53072	1
1580	53072	1
1919	53072	1
5576	53072	1
8150	53072	1
9825	53072	1
3340	53075	1
3984	53075	1
4127	53075	1
5181	53075	1
8369	53075	1
8370	53075	1
4127	53078	1
8395	53078	1
9108	53078	2
9974	53078	1
991	53150	1
1602	53150	1
6861	53150	1
7117	53150	1
8304	53150	1
9589	53150	1
2531	53161	1
4968	53161	1
5267	53161	1
4113	53176	1
4127	53176	1
4610	53176	1
6074	53176	1
8197	53176	1
8684	53176	1
1067	53186	1
2314	53186	1
4127	53186	1
5318	53186	1
6304	53186	1
8510	53186	1
4127	53229	1
4463	53229	1
4659	53229	1
6304	53229	1
7581	53229	1
8909	53229	1
9181	53229	1
9466	53229	1
108	53232	1
4127	53232	1
6301	53232	1
9293	53232	1
9974	53232	1
2460	53246	1
3087	53246	1
8462	53246	1
1580	53252	1
3984	53252	1
3989	53252	1
4127	53252	1
5181	53252	1
6304	53252	1
8865	53252	1
9514	53252	1
1107	53272	1
4284	53272	1
4741	53272	1
5921	53272	1
1570	53288	2
4127	53288	1
6723	53288	1
8479	53288	1
8865	53288	1
1985	53303	1
5911	53303	1
9028	53303	1
3273	53316	1
3988	53316	1
4277	53316	1
4840	53316	1
5267	53316	1
7789	53316	1
3677	53389	1
4127	53389	1
6301	53389	1
8369	53389	1
8370	53389	1
9974	53389	1
4127	53406	1
4575	53406	1
6301	53406	1
9974	53406	2
8145	53429	1
8419	53429	1
9716	53429	1
1313	53437	1
1841	53437	1
3533	53437	1
3688	53437	1
4127	53437	1
4142	53437	1
4414	53437	1
4416	53437	1
4642	53437	1
6122	53437	1
6301	53437	1
6562	53437	1
8208	53437	1
2064	53458	1
3400	53458	1
4127	53458	1
5611	53458	1
6301	53458	1
6304	53458	1
9974	53458	1
1828	53473	1
5199	53473	2
8684	53473	1
8783	53473	1
2226	53530	1
4127	53530	1
6071	53530	1
6881	53530	1
8573	53530	1
8616	53530	1
8710	53530	1
8922	53530	1
8969	53530	1
9093	53530	1
9657	53530	1
9683	53530	1
3596	53534	1
48	53535	1
3735	53535	1
3763	53535	1
9346	53535	1
2226	53551	1
4127	53551	1
6071	53551	1
6881	53551	1
8573	53551	1
8616	53551	1
8710	53551	1
8922	53551	1
8969	53551	1
9093	53551	1
9657	53551	1
9683	53551	1
3034	53563	1
2621	53568	1
3763	53568	1
7575	53568	1
3349	53573	1
3735	53573	1
4127	53573	1
7655	53573	1
9202	53573	1
162	53574	1
326	53574	1
1067	53574	1
2212	53574	1
3205	53574	1
3369	53574	1
6377	53574	1
3340	53634	1
4127	53634	1
4131	53634	1
6609	53634	1
7503	53634	1
4162	53652	1
4259	53652	1
6998	53652	1
8944	53652	1
1616	53669	1
1617	53669	1
2128	53669	1
2782	53669	1
4127	53669	1
4642	53669	2
6122	53669	1
6301	53669	1
6398	53669	1
9180	53669	1
5018	53711	1
1118	53719	1
3034	53719	1
5396	53719	1
8008	53719	1
628	53721	1
3087	53721	1
4127	53721	1
4481	53721	2
5942	53721	1
5972	53721	1
6117	53721	1
6304	53721	1
7912	53721	1
8943	53721	1
9010	53721	1
1492	53727	1
2022	53727	1
5226	53727	1
5365	53727	1
9669	53727	2
3373	53730	1
4111	53730	1
4855	53730	1
8865	53730	1
4741	53766	1
6995	53766	1
412	53769	1
1406	53769	1
4127	53769	1
6301	53769	1
8760	53769	1
9974	53769	1
2175	53777	1
2864	53777	1
2951	53777	1
3077	53777	1
6881	53777	1
7264	53777	1
9542	53777	1
1663	53778	1
1679	53778	1
5303	53778	1
9526	53778	1
2022	53809	1
4659	53809	1
5031	53809	1
7581	53809	1
8909	53809	1
9181	53809	1
9466	53809	1
9637	53809	1
531	53812	1
2931	53812	1
3763	53812	2
4741	53812	1
5094	53812	1
6693	53812	1
7010	53812	1
189	53840	1
3688	53840	1
4127	53840	1
4392	53840	1
4642	53840	2
5448	53840	1
5504	53840	1
6122	53840	1
6301	53840	1
6562	53840	1
8208	53840	1
8760	53840	1
1313	53841	1
1841	53841	1
2436	53841	1
3533	53841	1
3688	53841	1
4127	53841	1
4142	53841	1
4416	53841	1
4642	53841	1
6122	53841	1
6301	53841	1
6562	53841	1
8208	53841	1
4223	53844	1
8969	53844	1
9669	53844	1
9787	53844	1
2267	53850	2
4741	53850	1
6693	53850	1
1406	53864	1
4127	53864	1
4131	53864	1
6124	53864	1
6304	53864	1
8479	53864	1
9046	53864	1
257	53877	1
575	53877	1
2764	53877	2
4127	53877	1
4642	53877	2
5448	53877	1
6107	53877	1
6122	53877	1
6301	53877	2
7618	53877	1
8740	53877	1
9974	53877	1
3688	53883	1
4127	53883	1
4642	53883	1
5448	53883	1
6122	53883	1
6301	53883	1
7269	53883	1
9427	53883	1
2513	53894	1
4855	53894	1
9813	53894	1
1747	53950	1
1052	53972	1
2487	53972	1
3533	53972	1
4131	53972	1
4356	53972	1
6396	53972	1
8479	53972	1
8743	53972	1
1325	53981	1
2560	53981	1
2617	53981	1
2931	53981	2
7262	53981	1
8865	53981	1
9265	53981	1
485	53982	1
1901	53982	1
4127	53982	1
4744	53982	1
5412	53982	1
5515	53982	1
939	53984	1
4127	53984	1
5781	53984	1
5988	53984	1
6304	53984	1
1603	53995	1
4741	53995	1
5783	53995	1
1118	54031	1
4855	54031	1
6582	54031	1
343	54037	1
691	54037	1
726	54037	1
1580	54037	1
2955	54037	1
4127	54037	1
5601	54037	1
6243	54037	1
6304	54037	1
6609	54037	1
8969	54037	1
2829	54073	1
3630	54073	1
4127	54073	1
6015	54073	1
6472	54073	1
930	54085	1
4604	54085	2
606	54142	1
857	54142	1
3735	54142	1
4127	54142	1
5208	54142	1
5417	54142	1
5460	54142	1
8380	54142	1
8910	54142	1
1098	54148	1
1126	54148	1
2036	54148	1
2690	54148	1
3984	54148	2
4127	54148	1
4239	54148	1
4367	54148	1
5181	54148	2
8261	54148	1
258	54151	1
6287	54151	1
7734	54151	1
8806	54151	1
1616	54156	1
3784	54156	1
4127	54156	1
4642	54156	2
5092	54156	2
6122	54156	1
6301	54156	1
7533	54156	1
7828	54156	1
9180	54156	1
526	54158	1
1616	54158	1
3104	54158	1
3784	54158	1
4127	54158	1
4642	54158	2
5045	54158	1
5092	54158	1
6122	54158	1
6301	54158	1
7291	54158	1
7533	54158	1
9180	54158	1
189	54164	1
1616	54164	1
3062	54164	1
4127	54164	1
4642	54164	2
6122	54164	1
6301	54164	1
6398	54164	1
7291	54164	1
9180	54164	1
3784	54184	1
4127	54184	1
4642	54184	2
5448	54184	1
6122	54184	1
6301	54184	1
7533	54184	1
8760	54184	2
9180	54184	1
2136	54186	1
2617	54186	1
2746	54186	1
4127	54186	1
4877	54186	1
7172	54186	1
7966	54186	1
8684	54186	1
8969	54186	1
4127	54197	1
5252	54197	1
6631	54197	1
9546	54197	1
9974	54197	1
1621	54225	1
4458	54225	1
7342	54225	1
8380	54225	1
2155	54245	1
2522	54245	1
4656	54245	1
5093	54245	1
5318	54245	1
5924	54245	2
3774	54267	1
4127	54267	1
8525	54267	1
8954	54267	1
9293	54267	1
1822	54277	1
4127	54277	1
4642	54277	2
5092	54277	1
6126	54277	1
6301	54277	1
6396	54277	1
7256	54277	1
7581	54277	1
9180	54277	1
257	54281	1
2292	54281	1
2363	54281	1
2750	54281	1
3305	54281	1
4127	54281	1
4642	54281	2
6122	54281	1
6301	54281	2
8740	54281	1
9220	54281	1
9974	54281	1
412	54283	1
2270	54283	1
3688	54283	1
4126	54283	1
4127	54283	1
4642	54283	2
5616	54283	1
6122	54283	1
6301	54283	1
6562	54283	1
7137	54283	1
7462	54283	1
8208	54283	1
9180	54283	1
447	54284	1
3434	54284	1
3688	54284	1
4127	54284	1
4642	54284	2
6122	54284	1
6301	54284	1
6562	54284	1
7691	54284	2
8208	54284	1
9180	54284	1
279	54285	1
1214	54285	1
3688	54285	1
4127	54285	1
4642	54285	2
6122	54285	1
6301	54285	1
6562	54285	1
8208	54285	1
9180	54285	1
414	54341	2
1486	54341	1
2619	54341	1
3930	54341	1
4127	54341	1
5338	54341	1
5458	54341	1
6122	54341	1
6304	54341	1
6834	54341	1
5673	54355	1
7734	54355	1
8806	54355	2
9664	54355	1
4162	54381	1
189	54384	1
1616	54384	1
4127	54384	1
4642	54384	2
6122	54384	1
6301	54384	1
6398	54384	1
7291	54384	1
9180	54384	1
447	54387	1
1616	54387	1
2883	54387	1
4127	54387	1
4642	54387	2
6122	54387	1
6301	54387	1
6398	54387	1
9180	54387	1
1616	54388	1
1617	54388	1
2128	54388	1
2782	54388	1
4127	54388	1
4642	54388	2
5231	54388	1
6122	54388	1
6301	54388	1
6398	54388	1
9180	54388	1
2270	54391	1
2487	54391	1
3533	54391	2
4356	54391	1
8263	54391	1
8743	54391	1
4465	54392	1
4466	54392	1
6859	54392	1
7288	54392	1
7886	54392	2
3314	54401	1
6700	54401	1
1357	54403	1
3934	54403	1
4420	54403	1
5635	54403	1
6861	54403	1
7797	54403	1
4127	54406	1
4416	54406	1
4642	54406	2
6126	54406	1
6301	54406	1
7256	54406	1
8586	54406	1
9046	54406	1
9180	54406	1
2477	54410	2
1707	54427	1
4127	54427	1
5922	54427	1
5978	54427	1
7921	54427	1
7986	54427	1
8380	54427	1
9947	54427	1
3087	54434	1
1981	54439	1
3095	54439	1
4127	54439	1
4332	54439	1
5181	54439	1
8562	54439	1
3747	54458	1
8017	54458	2
9561	54458	1
707	54466	1
2164	54466	1
2188	54466	1
3142	54466	1
3257	54466	1
4127	54466	1
5208	54466	1
6304	54466	1
7708	54466	1
7743	54466	1
7887	54466	1
9474	54466	1
9622	54466	1
9974	54466	1
4070	54566	1
4852	54566	1
8053	54566	1
8810	54575	1
322	54583	1
1783	54583	1
2078	54583	1
2164	54583	1
4127	54583	1
4596	54583	2
5698	54583	1
7116	54583	1
8611	54583	2
9699	54583	1
322	54584	1
1783	54584	1
2078	54584	1
2164	54584	1
4127	54584	1
4596	54584	2
4963	54584	1
5698	54584	1
7116	54584	1
8611	54584	2
9699	54584	1
1067	54603	1
1679	54603	2
1892	54603	1
3006	54603	1
4127	54603	1
4388	54603	1
4127	54610	1
6301	54610	1
8376	54610	1
9974	54610	1
126	54617	1
2335	54617	1
3051	54617	1
4127	54617	1
4904	54617	1
6304	54617	1
8175	54617	1
9676	54617	1
3991	54620	1
4127	54620	1
1067	54641	1
1679	54641	2
1892	54641	1
3006	54641	1
4127	54641	1
4388	54641	1
1451	54672	1
6768	54672	1
9591	54672	1
611	54682	1
3724	54682	1
8217	54682	1
758	54703	1
4148	54703	1
5502	54703	1
5743	54703	1
9805	54703	1
1045	54740	1
4861	54740	1
8575	54740	1
8865	54740	1
9625	54740	1
2630	54751	1
6618	54751	1
1267	54809	1
3549	54809	1
9813	54809	1
40	54845	1
591	54866	1
1521	54866	1
8356	54866	1
1473	54869	1
6146	54869	1
9526	54869	1
8197	54912	1
2880	54916	1
4127	54916	1
7815	54916	1
9477	54916	1
427	54926	1
1467	54926	1
2592	54926	1
3752	54926	1
4764	54926	2
6278	54926	2
6693	54926	1
7743	54926	1
9976	54926	1
2344	54970	1
2561	54970	1
3767	54970	1
7262	54970	1
7279	54970	1
9346	54970	1
9633	54970	1
3763	55011	1
4764	55011	2
5382	55011	1
6920	55011	1
8218	55011	1
9375	55011	1
2990	55034	1
3034	55034	1
7994	55034	1
9145	55034	1
1025	55200	1
5145	55200	1
6187	55200	1
1637	55205	1
2046	55205	1
3501	55205	2
6549	55205	1
8677	55205	2
9375	55205	1
3881	55243	1
5226	55243	1
5267	55243	1
5353	55243	1
7017	55243	1
7415	55243	1
8054	55243	1
9589	55243	1
1985	55267	1
2648	55267	1
4127	55267	1
5316	55267	1
5668	55267	1
6794	55267	1
7986	55267	1
8865	55267	1
9526	55267	1
3191	55280	1
4524	55280	1
6025	55280	1
7964	55280	1
9757	55280	1
4127	55330	1
4416	55330	1
4642	55330	2
6126	55330	1
6301	55330	1
7256	55330	1
8586	55330	1
9046	55330	1
9180	55330	1
9832	55330	1
2296	55357	1
3032	55357	1
3182	55357	2
6725	55357	1
7038	55357	1
7053	55357	1
8513	55357	1
9193	55357	1
9635	55357	1
3395	55372	1
4127	55372	1
6859	55372	1
8391	55372	1
9524	55372	1
7053	55378	1
1486	55393	1
3182	55393	1
6304	55393	1
6548	55393	1
2470	55400	1
7971	55400	1
4229	55417	1
4733	55417	1
5522	55417	1
8364	55417	1
9680	55417	1
7031	55431	1
8197	55431	1
1580	55448	1
5318	55448	1
4127	55470	1
6301	55470	1
9974	55470	1
3711	55517	1
4118	55517	1
5267	55517	1
5548	55517	1
7868	55517	1
8995	55517	1
9825	55517	1
4127	55550	1
6304	55550	1
7581	55550	2
8995	55550	1
9466	55550	2
9974	55550	1
1487	55569	1
4127	55569	1
6301	55569	1
9974	55569	1
1487	55596	1
4127	55596	1
3940	55684	1
6146	55684	1
6998	55684	1
9540	55684	1
3110	55739	1
5008	55739	1
5077	55739	1
8451	55739	1
63	55743	1
1747	55743	1
3353	55743	1
4504	55743	1
6810	55743	1
2117	55803	1
3215	55803	1
3984	55808	1
3989	55808	1
4127	55808	1
5181	55808	1
2047	55880	1
2534	55880	1
3191	55880	1
4127	55880	1
4642	55880	2
5504	55880	1
6122	55880	1
6301	55880	1
8451	55880	1
9180	55880	1
1486	56053	1
3501	56053	1
4127	56053	1
5504	56053	1
6548	56053	1
2924	56068	1
4127	56068	1
6301	56068	1
8198	56068	1
9974	56068	1
1540	56104	1
1550	56104	1
2695	56104	1
2997	56104	1
6367	56104	1
9763	56104	1
9766	56104	1
1533	56124	1
2062	56124	1
2235	56124	1
3392	56124	1
3410	56124	1
4127	56124	1
5604	56124	1
5971	56124	1
6945	56124	1
6972	56124	1
7526	56124	1
7904	56124	1
8398	56124	1
8630	56124	1
9704	56124	1
3991	56262	1
4127	56262	1
6301	56262	1
9974	56262	1
2521	56301	1
5199	56301	1
8865	56301	1
4015	56307	1
4127	56307	1
4332	56307	1
5856	56307	1
7621	56307	1
7641	56307	1
9153	56307	1
9526	56307	1
5318	56332	1
8218	56332	1
9150	56332	1
9669	56332	1
9676	56332	1
3909	56336	1
4027	56336	1
4127	56336	1
6304	56336	1
6777	56336	1
8552	56336	1
8915	56336	1
826	56337	1
1108	56337	1
2801	56337	1
3019	56337	1
3293	56337	1
4127	56337	1
4485	56337	1
5460	56337	1
6166	56337	1
6301	56337	1
6304	56337	1
7264	56337	1
8427	56337	1
9500	56337	2
9776	56337	1
1143	56383	1
4044	56383	1
5267	56383	1
1145	56406	1
1953	56406	1
3752	56406	1
3806	56406	1
6239	56406	1
6396	56406	1
6941	56406	1
6998	56406	1
8366	56406	1
8969	56406	1
4127	56423	1
4492	56423	1
6301	56423	1
2739	56437	1
2740	56437	1
3984	56437	1
4127	56437	1
4366	56437	1
5181	56437	1
6166	56437	2
6304	56437	1
6609	56437	1
8079	56437	1
9974	56437	1
672	56482	2
3020	56482	1
3589	56482	1
6426	56482	1
6906	56482	1
8131	56482	1
9500	56482	1
9672	56482	1
1622	56499	1
3573	56499	1
3806	56499	1
4092	56499	1
4127	56499	1
6428	56499	1
7264	56499	1
8865	56499	2
9890	56499	1
1091	56512	1
4127	56512	1
6146	56512	1
6396	56512	1
7115	56512	1
7941	56512	1
9500	56512	2
9510	56512	1
9753	56512	1
3984	56532	1
733	56536	1
2117	56536	1
7411	56536	1
7498	56536	1
7776	56536	1
8865	56536	1
9546	56536	1
9561	56536	1
4852	56538	1
9892	56538	1
925	56541	1
1943	56541	1
4642	56541	2
7392	56541	1
3984	56572	1
4111	56572	1
4127	56572	1
5181	56572	1
5415	56572	1
6214	56572	1
6304	56572	1
8369	56572	1
851	56584	1
3389	56642	1
4127	56642	1
4666	56642	1
6301	56642	1
9974	56642	1
1564	56665	1
1929	56665	1
2968	56665	1
4259	56665	1
7392	56665	1
8008	56665	2
8865	56665	1
9371	56665	1
4127	56698	1
6301	56698	1
8243	56698	1
9093	56698	1
9974	56698	1
4127	56711	1
5773	56711	1
7817	56711	1
3688	56729	1
4127	56729	1
6301	56729	1
6695	56729	1
7456	56729	1
9340	56729	1
9974	56729	1
2429	56761	1
3389	56761	1
4127	56761	1
4666	56761	1
1622	56774	1
1945	56774	1
2226	56774	1
2875	56774	1
4127	56774	1
4347	56774	1
8710	56774	1
8969	56774	1
710	56776	1
3518	56776	1
3940	56776	1
4127	56877	1
6301	56877	1
9974	56877	1
4127	56896	1
4963	56896	1
6301	56896	1
8243	56896	1
9453	56896	1
9648	56896	1
9974	56896	1
10005	56896	1
5160	56914	1
7743	56914	1
3340	56972	1
4127	56972	1
7264	56972	1
3389	56974	1
4123	56974	1
4127	56974	1
4502	56974	1
6301	56974	1
7131	56974	1
9974	56974	1
4127	57006	1
6301	57006	1
6611	57006	1
9974	57006	1
4111	57081	1
5783	57081	1
2614	57098	1
4127	57098	1
5548	57098	1
7739	57098	1
7874	57098	1
8068	57098	1
9460	57098	1
9724	57098	1
579	57120	1
1125	57133	1
4569	57133	1
6257	57133	1
7776	57133	1
8010	57133	1
1602	57147	1
2616	57147	1
4127	57147	1
5783	57147	1
8054	57147	1
857	57205	1
1256	57205	1
2825	57205	1
3006	57205	2
4127	57205	1
5924	57205	1
8865	57205	1
40	57253	1
633	57253	1
3449	57253	1
6287	57253	1
7759	57253	1
8130	57253	1
9625	57253	1
905	57282	1
1803	57282	1
2445	57282	1
2726	57282	1
4970	57282	1
5351	57282	1
6847	57282	1
7743	57282	1
101	57307	2
1118	57307	1
2445	57307	1
3573	57307	1
9394	57307	1
3034	57363	1
3273	57363	1
7874	57363	1
2794	57419	1
4127	57419	1
6301	57419	1
9974	57419	1
3109	57427	1
3911	57427	1
4127	57427	1
6301	57427	1
9093	57427	1
9974	57427	1
1702	57449	1
2739	57449	1
4127	57449	1
6301	57449	1
8566	57449	1
9974	57449	1
350	57453	1
3518	57684	1
6301	57684	1
63	57697	1
5292	57697	1
5301	57697	1
5303	57697	1
6588	57697	1
8584	57697	1
9632	57697	1
1833	57701	1
2328	57701	1
2561	57701	1
5208	57701	1
5608	57701	1
7304	57701	1
8803	57701	1
3691	57714	1
4127	57714	1
6304	57714	1
7172	57714	1
7691	57714	1
7986	57714	1
9448	57714	1
9546	57714	1
9652	57714	1
243	57733	1
4017	57733	1
4127	57733	1
4828	57733	1
2695	57746	1
4127	57746	1
6344	57746	1
6399	57746	1
7513	57746	1
8804	57746	1
9117	57746	1
9500	57746	1
6266	57771	1
7921	57771	1
3774	57810	1
4127	57810	1
8525	57810	1
1097	57821	1
2798	57821	1
4127	57821	1
6254	57821	1
133	57867	1
922	57867	1
4127	57867	1
6166	57867	1
6279	57867	1
6301	57867	1
6304	57867	2
7365	57867	1
7977	57867	1
9500	57867	1
9766	57867	1
733	57905	1
979	57905	1
2273	57905	1
3392	57905	1
4127	57905	1
5411	57905	1
5921	57905	1
8669	57905	1
8703	57905	2
3173	57910	1
5446	57944	1
7882	57944	1
2703	57954	1
4522	57954	1
5077	57954	1
5199	57954	1
6619	57954	1
6700	57954	1
6874	57954	1
8759	57954	1
9265	57954	1
1267	57967	1
5727	57967	1
7998	57967	1
2483	57983	1
3501	57983	1
5201	57983	1
5267	57983	1
7799	57983	1
9330	57983	1
9637	57983	1
958	57997	1
1828	57997	1
9330	57997	1
2117	58008	1
826	58025	1
4046	58025	1
4504	58025	1
5267	58025	1
9269	58025	1
9394	58025	1
9610	58025	1
2330	58028	1
3467	58028	1
4127	58028	1
6344	58028	1
8865	58028	1
7581	58163	1
8351	58163	1
8995	58163	1
1694	58219	1
1700	58219	1
1884	58219	1
2185	58219	1
2270	58219	1
2637	58219	1
2990	58219	1
4048	58219	1
4127	58219	1
8630	58219	1
324	58269	2
1029	58269	1
6990	58269	1
8865	58269	1
1017	58295	1
1834	58295	1
5267	58295	1
8879	58295	1
1602	58306	1
8923	58306	1
5243	58309	1
3501	58328	1
7243	58328	1
7998	58328	1
8865	58328	1
9813	58328	1
2484	58336	1
4088	58336	1
7739	58336	1
7986	58336	1
9526	58336	1
133	58337	1
3103	58337	1
4436	58337	1
5278	58337	1
8391	58337	1
8865	58337	1
9054	58337	1
9526	58337	2
9587	58337	1
2040	58340	1
3915	58340	1
8213	58340	1
2205	58354	1
3034	58354	1
8008	58354	1
8443	58364	1
9189	58364	1
3795	58381	1
4259	58381	1
8425	58381	1
534	58400	1
2660	58400	1
4111	58400	1
9813	58400	1
1499	58445	1
3752	58445	1
7998	58445	1
2080	58448	1
3998	58448	1
2630	58469	1
3003	58469	1
3126	58469	1
4127	58469	1
6844	58469	1
9022	58469	1
579	58498	1
1267	58498	1
5096	58498	1
5448	58498	1
6287	58498	1
8969	58498	1
9526	58498	1
1602	58501	1
7520	58501	1
8054	58501	1
6870	58506	1
3034	58510	1
8899	58510	1
2080	58536	1
3998	58536	1
6408	58536	1
7986	58536	1
8380	58536	1
9589	58536	1
9926	58536	1
1602	58542	1
2569	58542	1
5553	58542	1
6700	58542	1
8134	58542	1
8624	58542	1
2080	58544	1
3998	58544	1
726	58555	1
2135	58555	1
4127	58555	1
4351	58555	1
4973	58555	1
5318	58555	1
5378	58555	1
5939	58555	1
6304	58555	1
4149	58570	1
5267	58570	1
6700	58570	1
2286	58599	1
2648	58599	1
3501	58599	1
3752	58599	1
5153	58599	1
5267	58599	1
7128	58599	1
8803	58599	1
9526	58599	2
2620	58629	1
4127	58629	1
3087	58655	1
4127	58655	1
6319	58655	1
8427	58655	1
2185	58667	1
2637	58667	2
4127	58667	1
5708	58667	1
6760	58667	1
1124	58673	1
1702	58673	1
1995	58673	1
2093	58673	1
7206	58673	1
7381	58673	1
9721	58716	1
1107	58729	1
4259	58736	1
1061	58762	1
3712	58762	1
3821	58762	1
4127	58762	1
5208	58762	1
6853	58762	1
8593	58762	1
9589	58762	1
9625	58762	1
936	58776	1
1602	58776	1
1894	58776	1
3319	58823	1
5924	58823	1
6661	58823	1
7820	58823	1
8263	58823	1
8820	58823	1
8912	58823	1
2183	58860	1
3812	58860	2
4127	58860	1
6304	58860	1
6322	58860	1
7071	58860	2
9500	58860	2
1132	58875	1
4127	58875	1
6301	58875	1
9974	58875	1
1602	58876	1
3034	58876	1
4259	58876	1
8008	58876	1
8395	58876	1
8865	58876	1
5783	58922	1
1700	58928	1
2185	58928	1
2637	58928	2
4048	58928	1
4127	58928	1
5708	58928	1
6760	58928	1
1553	58937	1
2526	58937	1
4121	58937	1
4127	58937	1
7378	58937	1
8651	58937	1
9920	58937	1
1297	58982	1
2695	58982	1
3034	58982	1
3279	58982	1
6166	58982	1
6619	58982	1
6766	58982	1
8163	58982	1
8287	58982	1
8408	58982	1
4127	58996	1
5924	58996	1
6923	58996	1
8820	58996	1
1000	59006	1
6003	59006	1
2315	59012	1
4127	59012	1
2637	59020	1
2939	59020	1
3511	59020	1
4127	59020	1
8547	59020	1
8630	59020	1
1244	59043	1
2522	59043	1
2532	59043	1
726	59079	1
2531	59079	1
3501	59079	1
3806	59079	1
8865	59079	1
2955	59087	1
4116	59087	1
4127	59087	1
5943	59087	1
6304	59087	1
8351	59087	1
8533	59087	1
9054	59087	1
56	59098	1
1602	59098	1
3893	59098	1
4127	59098	1
8510	59098	1
3915	59100	1
8624	59100	1
9394	59100	1
4127	59116	1
4918	59116	1
6301	59116	1
8197	59116	1
9124	59116	1
9974	59116	1
3213	59137	1
5077	59137	1
5208	59137	1
5458	59137	1
8010	59137	1
9320	59137	1
9648	59137	1
4459	59173	1
8865	59173	1
949	59195	1
2695	59195	1
4127	59195	1
6304	59195	2
7242	59195	1
8079	59195	1
8479	59195	1
4127	59306	1
6301	59306	1
7663	59306	1
9854	59306	1
9974	59306	1
1464	59398	1
3087	59398	1
3294	59398	1
3449	59398	1
3501	59398	1
5157	59398	1
7240	59398	1
8684	59398	2
8969	59398	1
9526	59398	1
591	59435	1
1532	59435	1
2862	59435	1
2929	59435	1
4127	59435	1
5460	59435	1
6473	59435	1
8145	59435	1
8451	59435	1
2092	59473	1
2494	59473	1
3370	59473	1
3858	59473	1
4092	59473	1
4127	59473	1
4634	59473	1
4653	59473	1
4761	59473	1
4909	59473	1
4918	59473	1
6583	59473	1
7528	59473	1
8356	59473	1
1040	59497	1
1694	59497	1
1700	59497	1
2185	59497	1
2637	59497	2
4048	59497	1
4127	59497	1
8755	59497	1
53	59613	1
1370	59613	1
2878	59613	1
2955	59613	1
2973	59613	1
3047	59613	1
3687	59613	1
7621	59613	1
7660	59613	1
8246	59613	1
8322	59613	1
8327	59613	1
8544	59613	1
9017	59613	1
4127	59641	1
5341	59641	1
6301	59641	1
9974	59641	1
1040	59655	1
2185	59655	1
2270	59655	1
2637	59655	2
4048	59655	1
4127	59655	1
8755	59655	1
379	59688	1
4127	59688	1
4180	59688	1
4326	59688	1
9823	59688	1
