3474	69	1
3485	69	2
134	192	1
5050	192	1
6962	192	1
8347	192	1
8865	192	1
9394	192	1
9526	192	1
557	227	1
3821	228	1
7980	228	1
8865	228	1
9050	228	1
303	262	1
6671	262	1
7411	262	1
2561	331	1
3211	331	1
5226	331	1
7169	331	1
8263	331	1
27	357	1
2955	357	1
3223	357	1
3658	357	1
4127	357	1
4246	357	1
5160	357	1
5436	357	1
6609	357	1
4127	518	1
5071	518	1
5199	518	1
5673	518	1
6344	518	1
7621	518	1
9938	518	1
2075	702	1
3636	702	1
4127	702	1
4332	702	1
5318	702	1
5654	702	1
5746	702	1
9974	702	1
1720	804	1
3223	804	1
3658	804	1
4113	804	1
4127	804	1
5836	804	1
6166	804	1
6557	804	1
8122	893	1
8408	893	1
8995	893	1
1369	1166	1
3881	1166	1
5758	1166	1
7288	1166	1
8162	1166	1
9023	1166	1
9625	1166	1
3873	1184	1
4056	1184	1
5858	1184	1
7288	1184	1
8987	1184	1
726	1202	1
4127	1202	1
8865	1202	1
897	1213	1
2155	1213	1
4127	1213	1
5261	1213	1
8966	1213	1
9571	1213	1
436	1217	1
3592	1217	1
4127	1217	1
5181	1234	1
1160	1241	1
4127	1241	1
4915	1241	1
4987	1241	1
6149	1241	1
8740	1241	1
9976	1241	1
6565	1273	1
2219	1324	1
2955	1324	1
3873	1324	1
3970	1324	1
6301	1324	1
8558	1324	1
9611	1324	1
9727	1324	1
3755	1351	1
5267	1351	1
6787	1351	1
6844	1351	1
1225	1401	1
3796	1401	1
4127	1401	1
5056	1401	1
5382	1401	1
8969	1401	1
8995	1401	1
9399	1401	1
37	1430	1
1512	1430	1
6266	1430	1
6384	1430	1
6621	1430	1
6998	1430	1
7921	1430	1
9394	1430	1
531	1525	1
1364	1525	1
3600	1525	1
4127	1525	1
5972	1525	1
6291	1525	1
6618	1525	1
8969	1525	1
9526	1525	1
9983	1525	1
1225	1594	1
2531	1594	1
3806	1594	1
4127	1594	1
5471	1594	1
5942	1594	1
7426	1594	1
8213	1594	1
8309	1594	1
9751	1594	1
2382	1619	1
3873	1619	1
5090	1619	2
6266	1619	1
7921	1619	2
8865	1619	1
726	1643	1
1736	1643	1
3873	1680	1
4408	1680	1
4442	1680	1
4861	1680	1
6045	1680	1
6700	1680	2
7621	1680	2
7906	1680	1
1027	1760	1
3328	1760	1
4135	1760	1
6817	1760	1
9995	1760	1
8684	1765	1
8865	1765	1
5267	1770	1
6700	1770	1
9617	1770	1
9822	1770	1
9839	1770	1
4127	1789	1
5232	1789	1
5708	1789	1
3038	1979	1
3381	1979	1
4973	1979	1
8054	1979	1
8368	1979	1
837	2020	1
1098	2020	1
1132	2020	1
4127	2020	1
6146	2020	1
6785	2020	1
7608	2020	1
9448	2020	1
407	2029	1
3430	2029	1
9526	2029	1
9531	2029	1
1132	2034	1
4127	2034	1
6301	2034	1
7150	2034	1
1132	2055	1
5208	2055	1
384	2081	1
6146	2081	1
1602	2145	1
6970	2145	1
8053	2145	1
4127	2164	1
7045	2164	1
9620	2164	2
3075	2234	1
9813	2234	1
733	2360	1
1833	2360	1
2630	2360	1
3518	2360	1
4056	2360	2
5604	2360	1
9526	2360	1
2324	2381	1
3211	2381	1
7852	2381	1
1689	2481	1
8445	2481	1
1689	2506	1
1941	2506	1
3474	2506	1
3752	2506	1
4205	2506	1
8865	2506	1
1108	2540	1
2226	2540	1
3191	2540	1
3294	2540	1
4127	2540	1
4524	2540	1
9874	2540	1
1396	2598	1
5672	2598	1
7651	2598	1
7977	2598	1
8965	2598	1
9491	2598	1
9620	2598	1
3425	2606	1
5267	2606	1
8213	2606	1
5306	2710	1
6230	2710	1
6998	2710	1
7053	2710	1
8462	2710	1
8944	2710	1
1251	2826	1
2324	2826	1
3034	2826	1
3518	2826	1
8887	2826	1
9526	2826	1
2197	2874	1
6146	2874	1
6830	2874	1
1132	2922	1
4127	2922	1
5318	2922	1
5476	2922	1
6304	2922	1
4127	2927	1
4861	2927	1
6609	2927	1
7071	2927	1
8279	2927	1
8969	2927	1
9526	2927	1
243	3007	1
2611	3007	1
3223	3007	1
3658	3007	1
4127	3007	1
5892	3007	1
6609	3007	2
8294	3007	1
9526	3007	1
2917	3043	1
3335	3043	1
5161	3043	1
6472	3043	1
8079	3043	1
9561	3043	1
518	3065	1
1603	3065	1
9330	3065	1
1859	3070	1
5029	3070	1
6700	3070	1
9633	3070	1
9676	3070	1
4598	3151	1
4897	3151	1
6489	3151	1
2955	3248	2
3223	3248	1
3658	3248	1
4127	3248	1
6609	3248	1
78	3340	1
5794	3340	1
6638	3340	1
7852	3340	1
9625	3340	1
782	3344	1
1132	3344	1
1725	3344	1
4127	3344	1
6301	3344	1
8479	3344	1
788	3378	1
1132	3378	1
4127	3378	1
6301	3378	1
2750	3393	1
5791	3393	1
6859	3393	1
7475	3393	1
8403	3393	1
8922	3393	1
243	3420	1
531	3420	1
1632	3420	1
1783	3420	1
2728	3420	1
4127	3420	1
4854	3420	1
5907	3420	1
5972	3420	1
6166	3420	2
6713	3420	1
9983	3420	1
9995	3420	1
648	3451	1
1406	3451	1
4127	3451	1
628	3542	1
1246	3542	1
2972	3542	1
6301	3542	2
6654	3542	1
6881	3542	1
7330	3542	1
7543	3542	1
7587	3542	1
8987	3542	1
9659	3542	1
1478	3593	1
1562	3593	1
2242	3593	1
4846	3593	1
8944	3593	1
1882	3617	1
2597	3617	1
2950	3617	1
4395	3617	1
8031	3617	1
8899	3617	1
9036	3617	1
9962	3617	1
9721	3716	1
1519	3748	1
2339	3748	1
2343	3748	1
3344	3748	1
3562	3748	1
4127	3748	1
6304	3748	1
8556	3748	1
8562	3748	1
8564	3748	1
1505	3783	1
3752	3783	1
9467	3783	1
9532	3783	1
3206	3825	1
8981	3825	1
534	3888	1
1875	3888	1
2750	3888	1
3790	3888	2
511	3939	1
4998	3939	1
5997	3939	1
236	4046	1
1716	4046	1
4102	4046	1
9813	4046	1
5632	4084	1
6725	4084	2
8995	4084	1
9381	4084	1
9394	4084	1
2955	4087	1
3034	4087	1
3087	4087	1
9974	4087	1
742	4140	1
1005	4140	1
5267	4140	1
5352	4140	1
9584	4140	1
243	4159	1
531	4159	1
1256	4159	1
5972	4159	1
8912	4159	1
9983	4159	1
9995	4159	1
1451	4174	1
1961	4174	1
2534	4174	1
2915	4174	1
4056	4174	1
4127	4174	1
4846	4174	1
4852	4174	1
7240	4174	1
8012	4174	1
2049	4177	1
4127	4177	1
531	4279	1
1632	4279	1
9526	4279	1
9983	4279	1
3392	4317	1
4603	4317	1
4897	4317	1
8213	4317	1
8380	4317	1
8865	4317	1
134	4434	1
4127	4492	1
7827	4492	1
7984	4492	1
187	4699	1
4195	4710	1
5460	4710	1
7641	4710	1
8586	4710	1
3095	4735	1
4895	4735	1
7634	4735	1
7638	4735	1
8556	4735	1
8704	4735	1
3340	4774	1
8562	4774	1
624	4813	2
1572	4813	1
4127	4813	1
7592	4813	1
9218	4813	1
2242	4828	1
4127	4828	1
5187	4828	1
6301	4828	1
9974	4828	1
243	4865	1
792	4865	1
3095	4865	1
4127	4865	1
5476	4865	1
6304	4865	1
7071	4865	1
650	4908	1
1132	4908	1
1835	4908	1
2531	4908	1
3191	4908	1
3232	4908	1
4127	4908	1
7009	4908	1
1382	4970	1
341	5071	1
5476	5071	1
9467	5071	1
648	5207	1
650	5207	1
1132	5207	1
1406	5207	1
1515	5207	1
1759	5207	1
3577	5207	1
4127	5207	1
6956	5207	1
1753	5345	1
5558	5345	1
7266	5345	1
3082	5358	1
4127	5358	1
9445	5358	1
9995	5358	1
2561	5388	1
4127	5388	1
6313	5388	1
7182	5388	1
8865	5388	1
2135	5416	1
3148	5416	1
6304	5416	1
10013	5416	1
855	5431	1
2008	5431	1
3081	5431	1
5939	5431	1
6254	5431	1
7812	5431	1
8224	5431	1
8616	5431	1
4127	5473	1
4377	5473	1
5110	5473	1
6968	5473	2
6998	5473	1
7583	5473	1
8057	5473	1
1549	5486	1
2521	5486	1
2719	5486	1
4603	5486	1
7901	5486	1
1739	5498	1
4412	5498	1
4458	5498	1
5032	5498	1
5077	5498	1
5303	5498	1
5866	5498	1
7870	5498	1
7882	5498	1
8669	5498	1
886	5677	2
2937	5677	1
3196	5677	1
3735	5677	2
4973	5677	1
6146	5677	1
7569	5677	1
7986	5677	1
8380	5677	1
8630	5677	1
9078	5677	1
483	5707	2
4127	5707	1
5728	5707	1
6166	5707	1
8820	5707	1
8821	5707	1
875	5718	1
2098	5718	1
3347	5718	1
4113	5718	1
4127	5718	1
4579	5718	2
6304	5718	1
6593	5718	1
361	5724	1
465	5724	1
2046	5724	1
3449	5724	1
4094	5724	1
4127	5724	1
7870	5724	1
8865	5724	1
8898	5724	1
8943	5724	1
9526	5724	2
4029	5740	1
4694	5740	1
7636	5740	1
1357	5780	1
9610	5780	1
1178	5792	1
2011	5792	1
862	5803	1
1225	5803	1
1828	5803	1
2382	5803	1
3914	5803	1
3925	5803	1
4259	5803	1
5103	5803	1
5181	5803	1
6593	5803	1
6671	5803	1
8704	5803	1
8879	5803	1
9036	5803	1
1132	5811	1
4127	5811	1
6313	5811	1
7290	5811	1
7641	5811	1
9571	5811	1
1098	5840	1
1132	5840	1
1642	5840	1
3911	5840	1
4127	5840	1
5515	5840	1
7621	5840	1
7892	5840	1
8262	5840	1
9974	5840	1
2722	5879	1
3335	5879	1
5843	5879	1
142	5902	1
588	5902	1
8230	5902	1
4127	5997	1
7888	5997	1
8562	5997	1
1267	6098	1
1910	6098	1
3430	6098	1
8800	6098	1
9526	6098	1
9531	6098	1
261	6138	1
3006	6138	1
5972	6138	1
7321	6138	1
8246	6138	1
5877	6228	1
6264	6228	1
6119	6259	1
9813	6259	1
9866	6259	1
578	6312	1
9539	6312	1
1822	6323	1
3430	6323	1
4608	6323	1
6304	6323	1
6334	6323	1
8297	6323	1
9531	6323	1
9801	6323	1
292	6372	1
4658	6372	1
9157	6372	1
1758	6382	1
1807	6382	1
2335	6382	1
2896	6382	1
4142	6382	1
4406	6382	1
5298	6382	1
5504	6382	1
6947	6382	1
7494	6382	1
1168	6416	1
3430	6416	1
4611	6416	1
4846	6416	1
7776	6416	1
8309	6416	1
9526	6416	1
9531	6416	1
733	6519	1
3900	6519	1
5053	6519	1
8803	6519	1
8890	6519	1
1108	6540	1
2745	6540	1
4680	6557	1
7123	6557	1
8449	6557	1
317	6565	1
876	6565	1
4127	6565	1
4714	6565	1
6785	6565	1
8351	6565	1
9568	6565	1
2446	6586	1
2622	6586	1
3571	6586	1
449	6598	1
2446	6598	1
3428	6598	1
3702	6598	2
3735	6598	1
3752	6598	1
8213	6598	1
640	6649	1
2955	6649	1
7874	6649	1
3132	6695	2
3752	6695	1
3822	6695	1
5318	6695	1
7358	6695	1
3812	6747	1
3818	6747	1
2526	6815	1
5460	6815	1
7169	6815	1
7224	6815	1
477	6957	1
1529	6957	1
8740	6979	1
8865	6979	1
3035	7109	1
3092	7109	1
5285	7109	1
2569	7132	1
2931	7132	1
4127	7132	1
6575	7132	1
7265	7132	1
558	7214	1
4897	7214	1
3752	7235	1
5332	7235	1
6894	7235	1
7819	7235	1
8403	7235	1
8865	7235	2
1132	7432	1
4059	7432	1
5393	7432	1
9235	7432	1
7581	7456	1
8054	7456	1
8944	7456	1
3182	7476	1
4127	7476	1
6114	7476	1
6390	7476	1
875	7499	1
4127	7499	1
4723	7499	1
5318	7499	1
6785	7499	1
7279	7499	1
7412	7499	1
8865	7499	1
1132	7549	1
4127	7549	1
6301	7549	1
7581	7549	1
8510	7549	1
2157	7581	1
9546	7581	1
2257	7612	1
2569	7628	1
4846	7628	3
6982	7628	1
7264	7628	1
7475	7628	1
640	7752	2
1267	7752	1
1935	7752	1
6625	7752	1
449	7771	1
919	7771	1
2049	7771	1
5626	7772	1
7986	7772	1
558	7781	1
4755	7781	1
5523	7781	1
1062	7788	1
4755	7788	1
1689	7868	1
6304	7868	1
8231	7868	1
8995	7868	1
1205	7933	1
3886	7933	2
7874	7933	1
8915	7933	1
2546	7937	1
3735	7937	1
4669	7937	1
6843	7937	1
6955	7937	1
1937	7946	2
4127	7946	1
4169	7946	1
4426	7946	1
6773	7946	1
6774	7946	1
8865	7946	1
9549	7946	1
2130	7984	1
2510	7984	1
2561	7984	2
3790	7984	1
4136	7984	1
5677	7984	1
7166	7984	1
8449	7984	1
8865	7984	1
8887	7984	1
9768	7984	1
1180	7995	1
4852	7995	1
4897	7995	1
7164	7995	1
2319	8017	1
7563	8017	1
971	8073	2
2270	8073	1
4127	8073	1
8205	8073	1
8351	8073	1
2446	8281	1
3009	8281	1
4088	8281	1
8095	8281	1
8449	8281	1
9126	8281	1
2931	8295	1
3120	8295	1
3886	8295	1
3900	8295	1
6507	8295	1
7339	8295	1
2157	8327	1
8562	8327	1
9526	8327	1
9546	8327	1
412	8375	1
2376	8375	1
4127	8375	2
5293	8375	1
648	8384	1
1427	8384	2
2937	8384	1
4127	8384	1
6956	8384	1
8684	8384	1
1503	8388	1
3120	8388	2
3198	8388	1
4017	8388	1
6507	8388	1
7977	8388	1
8213	8388	1
9716	8388	2
328	8410	1
722	8410	2
4127	8410	1
328	8424	1
722	8424	2
4127	8424	1
4332	8424	1
2932	8431	1
3823	8431	1
4366	8431	1
9193	8431	1
2619	8444	1
7696	8444	1
142	8532	1
5086	8532	1
7671	8532	1
9172	8532	1
971	8592	1
2484	8592	1
353	8628	1
7172	8628	1
9214	8628	1
2157	8691	1
3836	8691	1
3917	8691	1
4017	8691	1
8887	8691	1
9526	8691	1
458	8709	1
5318	8709	1
9926	8709	1
1958	8838	1
2484	8838	1
4127	8838	1
4975	8838	1
6713	8838	1
9526	8838	1
243	9008	1
483	9008	1
4127	9008	1
4852	9008	1
8821	9008	1
8865	9008	1
8937	9008	1
2624	9046	1
2768	9046	1
2955	9046	1
6565	9046	1
6874	9046	1
7743	9046	1
4127	9067	1
6956	9067	1
384	9114	1
1213	9114	1
3034	9114	1
3752	9114	1
4678	9114	1
5303	9114	1
6499	9114	1
7866	9114	1
7991	9114	1
1702	9297	1
3034	9297	1
3790	9297	1
4017	9297	1
4661	9297	1
5955	9297	1
9054	9297	1
9627	9297	1
1369	9298	1
8865	9298	1
9526	9298	1
1958	9318	1
2484	9318	1
4127	9318	1
4975	9318	1
6713	9318	1
9526	9318	1
65	9346	1
640	9346	1
723	9346	1
2914	9346	1
5291	9346	1
3223	9438	1
3658	9438	1
4056	9438	1
4127	9438	1
6609	9438	1
9546	9438	1
870	9493	1
5074	9493	1
5616	9493	2
6686	9493	1
8187	9493	2
9976	9493	1
3223	9515	1
3658	9515	1
4056	9515	1
4127	9515	1
6609	9515	1
9546	9515	1
7957	9587	1
8944	9587	1
4088	9735	1
5637	9735	1
9627	9735	1
4111	9759	1
5318	9759	1
8684	9759	1
976	9849	1
4458	9849	1
2240	10040	1
3349	10040	1
4145	10040	1
5208	10040	1
7077	10040	1
7191	10040	1
7251	10040	1
7463	10040	1
8368	10040	1
9308	10040	1
9526	10040	1
3629	10066	1
4896	10066	1
7879	10066	1
9308	10066	1
9766	10066	1
2135	10081	1
3114	10081	1
3004	10100	1
7077	10100	1
7463	10100	1
9040	10100	1
9589	10100	1
3501	10108	1
4852	10108	1
8377	10108	1
5866	10113	1
61	10155	1
4946	10155	1
6752	10155	1
9308	10155	1
9526	10155	1
9822	10155	1
351	10204	1
4127	10204	1
6713	10204	1
8995	10204	1
9308	10204	1
857	10354	1
3752	10354	1
4973	10354	1
5318	10354	1
5957	10354	1
8865	10354	1
9625	10354	1
862	10363	1
2937	10363	1
4699	10363	1
4852	10363	1
6700	10363	1
1504	10393	1
3009	10393	1
3091	10393	1
6287	10393	1
9267	10393	1
9669	10393	1
9924	10393	1
3009	10400	1
4325	10400	1
6898	10400	1
7042	10400	1
8364	10400	1
3702	10515	1
5298	10515	1
6955	10515	1
1802	10551	1
5074	10551	1
3501	10579	1
3596	10579	1
3735	10579	1
9575	10600	1
2630	10640	1
3191	10640	1
3077	10693	1
8032	10693	1
8439	10693	1
8865	10693	1
1199	10722	1
2951	10722	1
3294	10722	1
8978	10722	1
9113	10722	1
2254	10782	1
2446	10782	1
2937	10782	1
3033	10782	1
4100	10782	1
5318	10782	1
8324	10782	1
976	10832	1
3006	10832	1
4056	10832	1
4127	10832	1
5201	10832	1
5226	10832	1
5318	10832	1
915	10953	1
1108	10953	1
1199	10953	1
2531	10953	1
3273	10953	1
4395	10953	1
5226	10953	1
6859	10953	1
7830	10953	1
6700	11058	1
9277	11058	1
3821	11065	1
7279	11065	1
1690	11198	1
3914	11198	1
5074	11198	1
7266	11198	1
8380	11198	1
9727	11198	1
511	11427	2
1132	11427	1
2407	11427	1
4127	11427	2
5794	11427	1
6301	11427	1
6725	11427	1
9782	11427	1
3034	11539	1
5054	11539	1
5303	11539	1
6646	11539	1
7792	11539	1
8503	11539	1
8865	11539	1
3919	11626	1
5318	11626	1
5490	11626	1
5582	11626	1
7214	11626	1
528	11766	1
3900	11766	1
9669	11766	1
9698	11766	1
9669	11770	1
4127	12085	1
4442	12085	1
5029	12085	1
6768	12085	1
8363	12085	1
8533	12085	1
8865	12085	1
1780	12145	1
4105	12145	1
7272	12145	1
9526	12145	2
9757	12145	1
768	12335	1
1805	12335	1
3900	12335	1
4843	12335	1
1132	12396	2
2504	12396	1
4127	12396	1
6301	12396	1
3082	12401	2
4340	12401	1
5476	12401	1
6301	12401	1
7223	12401	1
8314	12401	1
8351	12401	1
8562	12401	3
9291	12401	1
9817	12401	1
367	12582	1
2445	12582	1
3415	12582	1
3869	12582	1
4127	12582	1
4395	12582	1
4887	12582	1
5504	12582	1
5616	12582	1
6796	12582	1
7471	12582	1
7621	12582	1
7753	12582	1
8187	12582	1
9991	12582	1
1514	12630	1
6304	12630	1
1324	12837	1
2284	12837	1
4127	12837	1
4261	12837	1
4297	12837	1
5476	12837	1
8865	12837	1
9312	12837	1
5267	12921	1
6838	12921	1
9134	12921	1
9526	12921	1
9610	12921	1
1025	13065	1
1357	13065	1
3075	13065	1
3511	13065	1
3658	13065	1
5226	13065	1
5864	13065	1
7977	13065	1
6482	13112	1
7621	13112	1
9526	13112	1
9822	13112	1
412	13195	1
1602	13195	1
2335	13195	1
2910	13195	1
4127	13195	2
5544	13195	1
8528	13195	1
8559	13195	1
8670	13195	1
8843	13195	1
9002	13195	1
6048	13263	1
8865	13263	1
9193	13263	1
4127	13327	1
6609	13327	1
101	13333	1
847	13333	1
1332	13333	1
3234	13333	1
4127	13333	1
5185	13333	1
174	13351	1
826	13351	1
1168	13351	1
1835	13351	1
5536	13351	1
7918	13351	1
8894	13351	1
483	13376	1
1132	13376	1
1406	13376	1
4127	13376	1
6301	13376	1
7903	13376	1
8821	13376	1
158	13380	1
5606	13380	1
2623	13560	1
4222	13560	1
6844	13560	1
7971	13560	1
8357	13560	1
8662	13560	1
412	13576	1
1132	13576	1
1922	13576	1
4127	13576	1
6301	13576	1
412	13577	1
1132	13577	1
1922	13577	1
3613	13577	1
4127	13577	1
6301	13577	1
6962	13577	1
4162	13610	1
7776	13610	1
8443	13610	1
1690	13619	1
2616	13656	1
3784	13656	1
4111	13656	1
7776	13656	1
4162	13667	1
5892	13667	1
8443	13667	1
760	13713	1
5864	13713	1
7486	13713	1
1132	13728	1
4127	13728	1
6301	13728	1
8434	13728	1
8843	13728	1
1132	13730	1
4127	13730	1
6301	13730	1
8434	13730	1
8843	13730	1
1952	13782	2
243	13839	1
3284	13839	1
5864	13839	1
8380	13839	1
8865	13839	1
9625	13839	1
2389	13929	1
4444	13929	1
5172	13929	1
7349	13929	1
7358	13929	1
6472	13956	1
6711	13956	1
7349	13956	1
3822	14072	1
3836	14107	1
1602	14116	1
2616	14116	1
2874	14116	1
4111	14116	1
8509	14116	1
8865	14116	1
1132	14143	1
3223	14143	1
3658	14143	1
3747	14143	1
4127	14143	1
6301	14143	1
300	14192	1
1095	14192	1
1442	14192	1
4127	14192	1
8865	14192	1
8969	14192	1
9611	14192	1
1981	14246	1
3094	14246	1
4088	14246	1
8865	14246	1
9625	14246	2
7266	14272	1
7957	14272	2
9526	14272	1
9625	14272	1
8509	14296	1
582	14313	1
2630	14313	1
2888	14313	1
4127	14313	1
7065	14313	1
4127	14397	1
6619	14397	1
7029	14397	1
7621	14397	1
8098	14397	1
9843	14397	1
1067	14440	1
5090	14440	1
246	14450	1
1225	14450	1
6978	14450	1
7814	14450	1
4875	14499	1
8995	14499	1
2479	14515	1
2538	14515	1
2993	14515	1
4127	14515	1
5921	14515	1
6651	14515	1
8122	14515	1
8148	14515	1
8590	14515	1
9262	14515	1
9404	14515	1
723	14544	1
3752	14544	1
5208	14544	1
5951	14544	1
8525	14544	1
9238	14544	1
9394	14544	1
9992	14544	1
10000	14544	1
3034	14665	1
3349	14665	1
3311	14679	1
3643	14679	1
3925	14679	1
8663	14679	1
1132	14684	1
1735	14684	1
4127	14684	1
6301	14684	1
925	14700	1
1206	14700	1
3873	14700	1
9813	14700	1
1108	14738	1
3006	14738	1
6795	14738	1
7293	14738	1
8803	14738	1
9628	14738	1
1132	14821	1
3984	14821	1
4127	14821	1
7776	14821	1
8757	14821	1
6947	14859	1
7326	14859	1
7349	14859	1
8213	14859	1
1235	14898	1
4127	14898	1
4377	14898	1
6346	14898	1
6349	14898	1
6910	14898	1
6957	14898	1
8740	14898	1
8865	14898	1
9242	14898	1
5632	14906	1
5864	14906	1
5892	14906	1
8684	14906	1
892	14939	1
1689	14939	1
5201	14939	1
1132	15033	1
4127	15033	1
5620	15033	1
8969	15033	1
243	15151	1
1396	15151	1
1957	15151	1
4127	15151	1
5208	15151	1
7966	15151	1
9962	15151	1
3602	15202	1
1132	15254	1
3974	15254	1
4127	15254	1
4550	15254	1
6301	15254	1
8479	15254	1
1959	15275	1
2212	15275	1
5632	15275	1
1132	15286	1
2603	15286	1
4127	15286	1
6301	15286	1
7749	15286	1
1364	15384	1
1957	15384	1
3062	15384	1
3752	15384	1
4127	15384	1
6539	15384	1
6631	15384	1
7800	15384	1
8586	15384	1
9738	15384	1
1780	15415	1
2766	15415	1
7520	15415	1
8392	15415	1
8865	15415	1
880	15430	1
1945	15430	1
2363	15430	1
3100	15430	1
4127	15430	1
5298	15430	1
6700	15430	1
7169	15430	1
7562	15430	1
3430	15439	2
4608	15439	1
5458	15439	1
8979	15439	1
9531	15439	1
2048	15464	1
3524	15464	1
6191	15464	1
3752	15516	1
2993	15532	1
6710	15532	1
1440	15588	1
1745	15588	1
1873	15588	1
3606	15588	1
4127	15588	1
4302	15588	1
5929	15588	1
8282	15588	1
2280	15590	1
4127	15590	1
4987	15590	1
6031	15590	1
6741	15590	1
6940	15590	1
7386	15590	1
9019	15590	1
9046	15590	1
2324	15688	1
3006	15688	1
3220	15688	1
3952	15688	1
4127	15688	1
5009	15688	1
5318	15688	1
2432	15704	1
2937	15704	1
4456	15704	1
6427	15704	1
7224	15704	1
8380	15704	1
9526	15704	1
5267	15759	1
1780	15776	1
6121	15776	1
7169	15776	1
7638	15776	1
1758	15792	1
3273	15792	1
5045	15792	1
7128	15792	1
8287	15792	1
9924	15792	1
2573	15798	1
5794	15798	1
9474	15798	1
1213	15835	1
4127	15835	1
6700	15835	1
6847	15835	1
7770	15835	1
8684	15835	1
9561	15835	1
3571	15887	1
3841	15887	1
6618	15887	1
243	15911	1
3213	15911	1
9103	15911	1
1619	15934	1
3266	15934	1
3501	15934	1
3752	15934	1
5771	15934	1
6255	15934	1
6560	15934	1
8865	15934	1
1017	15955	1
1029	15955	1
4598	15955	1
4642	15966	1
6076	15966	1
1602	16005	1
3109	16005	1
3238	16005	1
3732	16005	1
4127	16005	1
6119	16005	1
6844	16005	1
8304	16005	1
9112	16005	1
1388	16017	1
4127	16017	1
5476	16017	2
5724	16017	1
6304	16017	1
8162	16017	1
9724	16017	1
10036	16017	1
134	16047	1
347	16047	1
6866	16047	1
7383	16047	1
9010	16047	1
2149	16090	1
2974	16090	1
4127	16090	1
5026	16090	1
7107	16090	1
7289	16090	1
8298	16090	1
9103	16090	1
1132	16187	1
1168	16187	1
4127	16187	1
5943	16187	1
6301	16187	1
1747	16503	1
6562	16503	1
7998	16503	1
71	16515	1
323	16515	1
841	16515	1
1611	16515	1
2685	16515	1
3752	16515	1
4339	16515	1
4895	16515	1
7138	16515	1
7425	16515	1
8403	16515	1
1132	16535	1
4127	16535	1
6301	16535	1
6747	16535	1
7063	16535	1
134	16559	1
1192	16559	2
1859	16559	1
2330	16559	1
2825	16559	1
3218	16559	1
3821	16559	1
4094	16559	1
5460	16559	1
1297	16617	1
3752	16617	1
4964	16617	1
5298	16617	1
6224	16617	1
7008	16617	1
7013	16617	1
7638	16617	1
3298	16632	1
5729	16632	1
6100	16632	1
534	16640	1
1132	16640	1
1204	16640	2
2621	16640	1
3087	16640	1
4127	16640	1
4660	16640	1
5177	16640	1
7437	16640	1
9924	16640	1
9934	16640	1
1420	16700	1
4127	16840	1
5892	16840	1
8331	16840	1
1267	16870	1
1588	16870	1
3568	16870	1
9563	16870	1
5267	16883	1
8509	16883	1
4088	16917	1
4458	16917	1
6377	16917	1
7957	16917	1
8351	16917	1
8479	16917	1
9549	16917	1
9611	16917	1
9625	16917	1
1183	16948	1
1202	16948	1
4395	16948	2
5874	16948	2
6700	16948	2
3034	17038	1
4056	17038	1
4127	17038	1
7803	17038	1
7874	17038	1
7968	17038	1
8711	17038	1
9625	17038	1
9676	17038	1
4044	17091	2
6768	17091	1
1147	17146	1
2526	17146	1
3501	17146	1
8865	17146	1
1080	17148	1
5344	17148	2
9054	17148	1
1627	17188	1
3998	17188	1
4127	17188	1
1464	17191	1
2564	17191	1
3349	17191	1
3517	17191	1
4127	17191	1
5199	17191	1
6887	17191	1
8531	17191	1
4642	17215	1
5258	17215	1
7475	17215	1
8057	17215	1
353	17224	1
2502	17224	1
2914	17224	1
5208	17224	1
5644	17224	1
6060	17224	1
6787	17224	1
8321	17224	1
8378	17224	1
3822	17228	1
5864	17228	1
4127	17297	1
4721	17297	1
5632	17297	1
2918	17402	1
6716	17402	1
9600	17402	1
1126	17420	1
1802	17420	1
2283	17420	1
2937	17420	1
7713	17420	1
961	17547	1
1520	17547	1
1602	17547	1
2931	17547	1
714	17562	1
2868	17562	1
7071	17562	1
7178	17562	1
1006	17575	1
4017	17575	1
6700	17575	1
7543	17575	1
1267	17619	1
1351	17619	1
1739	17619	1
3410	17619	1
4127	17619	1
5473	17619	1
6053	17619	1
6232	17619	1
6945	17619	1
7683	17619	1
8662	17619	1
8969	17619	1
4127	17655	1
5149	17655	2
6301	17655	2
7090	17655	1
8339	17655	1
9974	17655	1
8098	17663	1
1132	17684	1
1580	17684	1
1585	17684	1
1702	17684	1
4127	17684	1
6301	17684	1
8760	17684	1
9974	17684	1
7264	17690	1
8213	17690	1
1517	17742	1
5708	17742	1
5972	17742	1
7922	17742	1
1186	17800	1
4044	17800	1
4113	17800	1
4127	17800	1
7138	17800	1
742	17867	1
1086	17867	1
3658	17867	1
3763	17867	1
4127	17867	1
5864	17867	1
6894	17867	1
9394	17867	1
1132	17898	1
4127	17898	1
6301	17898	1
8427	17954	1
8969	17954	1
1132	17981	1
4127	17981	1
6301	17981	1
459	18004	1
1132	18004	1
2062	18004	1
4127	18004	1
5192	18004	1
5193	18004	1
6301	18004	1
8793	18004	1
1132	18014	1
1581	18014	1
4127	18014	1
6301	18014	1
6547	18014	1
806	18021	1
857	18021	1
3822	18021	2
3486	18026	1
4127	18026	1
4392	18026	1
579	18074	1
3568	18074	1
9625	18074	1
457	18078	1
1132	18078	1
1406	18078	1
4127	18078	1
6301	18078	1
7301	18078	1
3263	18091	1
3970	18091	1
1013	18102	1
1231	18102	1
1679	18102	1
4127	18102	1
5458	18102	1
7638	18102	1
8376	18102	1
1602	18138	2
2750	18138	1
6970	18138	1
6991	18138	1
8054	18138	1
3087	18194	1
1132	18217	1
3872	18217	1
4127	18217	1
5318	18217	1
6711	18217	1
6785	18217	1
8565	18217	1
1388	18224	1
2324	18224	1
4111	18224	1
5059	18224	1
5086	18224	1
8969	18224	1
528	18249	1
1067	18249	1
1937	18249	1
2273	18249	1
8944	18249	1
9698	18249	1
303	18402	1
1580	18402	1
2212	18402	1
3278	18402	1
3900	18402	1
5249	18402	1
6848	18402	1
9974	18402	1
2993	18459	1
3821	18459	1
4852	18459	1
6526	18459	1
7621	18459	1
9768	18459	1
1279	18461	1
3140	18461	1
3566	18461	1
6589	18461	1
7411	18461	1
7475	18461	1
7770	18461	1
2021	18496	1
2902	18496	1
4352	18496	1
5080	18496	1
8865	18496	1
9565	18496	1
4127	18528	2
5541	18528	1
5649	18528	1
7971	18528	1
9445	18528	1
9964	18528	1
10007	18528	1
5267	18552	1
8587	18552	1
9526	18552	1
2955	18637	1
1132	18708	1
4127	18708	1
4550	18708	1
5943	18708	1
6301	18708	1
8351	18708	1
8533	18708	1
3213	18717	1
5086	18717	1
1777	18827	1
4127	18827	1
6396	18827	1
9445	18827	1
3702	18859	2
4764	18859	1
6540	18867	1
6991	18867	1
9620	18867	1
9924	18867	1
513	18877	1
1132	18877	1
2445	18877	1
2663	18877	1
4127	18877	1
4786	18877	1
5997	18877	1
6623	18877	1
6669	18877	1
8865	18877	1
173	18891	1
700	18891	1
887	18891	1
4527	18891	1
4545	18891	1
9620	18891	1
8987	18932	1
366	18936	1
412	18936	1
1331	18936	1
3653	18936	1
4127	18936	2
8329	18936	1
8717	18936	1
9784	18936	1
1094	18972	2
4113	18972	1
4127	18972	1
4367	18972	1
8969	18972	1
6048	18988	1
8449	18988	1
4403	19030	2
5086	19037	1
7243	19037	1
134	19044	1
1440	19044	1
2330	19044	1
3213	19044	1
6229	19044	1
8865	19044	1
10041	19044	1
4127	19072	1
3702	19128	2
3945	19128	1
6768	19128	1
8213	19128	1
4088	19176	1
4964	19176	1
8969	19176	1
5086	19183	1
6593	19183	1
6677	19183	1
556	19206	1
1147	19206	1
1221	19206	1
3822	19206	1
4127	19206	2
7679	19206	1
7741	19206	1
8969	19206	1
2464	19208	1
3191	19208	1
4162	19208	1
8865	19208	1
633	19222	1
2719	19222	3
3196	19222	1
5318	19222	1
7367	19222	1
7635	19222	1
8865	19222	1
9126	19222	1
3933	19255	1
5077	19255	1
8810	19255	1
1017	19256	1
5267	19256	1
1132	19325	1
1186	19325	1
4127	19325	1
6301	19325	1
3702	19333	2
3945	19333	1
3947	19333	1
4044	19333	1
5267	19333	1
6569	19333	1
7234	19333	2
8992	19333	1
9538	19333	1
875	19429	1
878	19429	1
3501	19429	1
476	19450	1
2062	19450	1
4127	19450	1
5312	19450	1
6396	19450	1
6769	19450	1
2768	19459	1
3822	19459	1
5318	19459	1
8006	19459	1
8351	19459	1
436	19490	1
3041	19490	1
9757	19490	1
63	19505	1
6768	19505	1
8213	19505	1
534	19539	1
826	19539	1
6968	19539	1
7739	19539	1
9625	19539	1
9793	19539	1
2955	19611	1
4127	19611	2
4398	19611	1
4400	19611	1
4689	19611	1
6301	19611	1
9358	19611	1
9974	19611	1
7671	19739	1
8865	19739	1
63	19744	1
1005	19744	1
1310	19744	1
1331	19744	1
4127	19744	1
5226	19744	1
8865	19744	1
9526	19744	1
9591	19744	1
1580	19793	1
2926	19793	1
3140	19793	1
3900	19793	1
7388	19793	1
1759	19813	1
4127	19813	1
6509	19813	1
7621	19813	2
9038	19813	1
9924	19813	1
533	19822	1
5794	19822	1
9006	19822	1
2448	19837	1
4127	19837	1
5318	19837	1
8865	19837	1
243	19875	1
322	19875	1
557	19875	1
3823	19875	1
4163	19875	1
5318	19875	1
8351	19875	1
1118	19889	1
1132	19889	1
4127	19889	1
5365	19889	1
6834	19889	1
8664	19889	1
324	19898	1
1937	19898	1
3702	19898	2
5318	19898	1
5677	19898	1
9890	19898	1
1503	20022	1
5794	20022	1
5921	20022	1
9193	20022	1
9365	20022	1
9924	20022	1
958	20027	1
4162	20027	1
7248	20027	1
7739	20027	1
134	20057	1
1802	20057	1
2763	20057	1
3182	20057	1
4281	20057	1
5616	20057	1
6480	20057	1
7053	20057	1
8187	20057	1
465	20059	1
2208	20059	1
4298	20059	1
7465	20059	1
9526	20059	1
1840	20075	1
2459	20075	1
3392	20075	2
3914	20075	1
7482	20075	1
7738	20075	1
8380	20075	1
8449	20075	1
9175	20075	1
9766	20075	1
1132	20084	1
4084	20084	1
4113	20084	1
4127	20084	1
4242	20084	1
6301	20084	1
9488	20084	1
4056	20104	1
4248	20104	1
1025	20109	1
4127	20109	1
6711	20109	1
1017	20113	2
2931	20113	1
5267	20113	1
8712	20113	1
8969	20116	1
3655	20172	1
7667	20172	1
3836	20177	1
4017	20177	1
81	20215	1
4395	20215	1
71	20228	1
1192	20260	1
1512	20260	1
3152	20260	1
3693	20260	1
7738	20260	1
2990	20283	1
3513	20283	1
3821	20283	1
5658	20283	1
7408	20283	1
7684	20283	1
9526	20283	1
969	20295	1
1897	20295	1
2540	20295	1
3873	20295	1
8431	20295	1
3752	20300	1
4703	20300	1
6769	20300	1
7684	20300	1
9610	20300	1
4044	20316	1
4703	20316	1
5226	20316	1
2205	20364	1
2937	20364	1
3702	20364	2
3945	20364	1
338	20407	1
4458	20407	1
5124	20407	1
6242	20407	1
1194	20423	1
7266	20423	1
8969	20423	1
8987	20423	1
3735	20452	1
6920	20452	1
7580	20452	1
7738	20452	1
1267	20481	1
7854	20481	1
8818	20481	1
1331	20570	1
8865	20570	1
9669	20570	1
5415	20592	1
6146	20592	1
6692	20592	1
6891	20592	1
9822	20592	1
65	20617	2
849	20617	1
2130	20617	1
3966	20617	1
4127	20617	1
4395	20617	1
4408	20617	1
5839	20617	1
7621	20617	1
7817	20617	1
10018	20617	1
3689	20658	1
4111	20658	1
8107	20658	1
8410	20658	1
9098	20658	1
831	20663	1
1132	20663	1
4127	20663	1
8252	20663	1
8479	20663	1
9489	20663	1
3006	20716	1
3984	20716	1
4056	20716	1
7472	20716	1
9225	20716	1
9526	20716	1
9625	20716	1
5836	20748	1
8487	20748	1
9445	20748	1
317	20765	1
855	20765	1
1406	20765	1
4127	20765	1
5794	20765	1
9199	20765	1
9285	20765	1
9933	20765	1
1251	20782	1
5303	20782	1
8969	20782	1
384	20799	1
4689	20799	1
4877	20799	1
5281	20799	1
5316	20799	1
7621	20799	1
8508	20799	1
1512	20836	1
3689	20836	1
8410	20836	1
9098	20836	1
1132	20860	1
4127	20860	1
6301	20860	1
6817	20860	1
7827	20860	1
7888	20860	1
9442	20860	1
6994	20962	1
8395	20962	1
3349	21017	1
3752	21017	1
4567	21017	1
7592	21017	1
4127	21053	1
7573	21053	1
8166	21053	1
8562	21053	1
9458	21053	1
9526	21053	1
408	21090	1
1132	21090	2
1679	21090	1
2580	21090	1
3752	21090	1
4127	21090	1
7304	21090	1
9404	21090	1
1203	21160	1
4808	21160	1
303	21176	1
1580	21176	1
4127	21176	1
4538	21176	1
5576	21176	1
5692	21176	1
5734	21176	1
7523	21176	1
7986	21176	1
9475	21176	1
1437	21232	1
1440	21232	1
8243	21232	1
8865	21232	1
2990	21239	1
7855	21239	1
9083	21239	1
1203	21375	1
6009	21375	1
2324	21377	1
2380	21377	1
4127	21377	1
4136	21377	1
6287	21377	1
9587	21377	1
930	21418	1
7119	21418	1
34	21431	1
1108	21431	1
2391	21431	1
2663	21431	1
4127	21431	1
5504	21431	1
6847	21431	1
7026	21431	1
7090	21431	1
8760	21431	1
1689	21454	1
2011	21454	1
8697	21454	1
9561	21454	1
2483	21488	1
3873	21488	1
4973	21488	1
5864	21488	1
6472	21488	1
7581	21488	1
8365	21488	2
9546	21488	1
9698	21488	1
1203	21500	1
3678	21500	1
3914	21500	1
5103	21500	1
7776	21500	1
9394	21500	1
2990	21540	1
1203	21560	1
9941	21560	1
153	21567	1
793	21567	1
4259	21567	1
5226	21567	1
7089	21567	1
723	21587	1
7845	21587	1
9130	21587	1
4127	21606	1
7014	21606	1
7202	21606	1
9597	21606	1
9982	21606	1
5090	21608	1
6146	21608	1
7621	21608	1
8439	21608	1
8538	21608	1
9610	21608	1
9764	21608	1
2917	21640	1
4127	21640	1
7621	21640	1
990	21655	1
2097	21655	1
2477	21655	1
58	21682	1
1128	21682	1
1235	21682	2
1580	21682	1
1898	21682	1
4127	21682	1
6471	21682	1
7158	21682	1
7830	21682	1
8449	21682	1
8969	21682	1
5208	21716	1
5553	21716	1
7041	21716	1
7078	21722	1
9850	21722	1
1017	21726	1
8995	21726	1
9469	21726	1
2937	21749	1
4214	21749	1
7790	21749	1
243	21773	1
1213	21773	2
4127	21773	1
7150	21773	1
8608	21773	2
8684	21773	1
9448	21773	1
976	21810	1
2937	21810	1
5318	21810	1
5794	21810	1
6206	21810	1
3665	21864	1
640	21898	1
1285	21898	1
3401	21898	2
3811	21898	1
3858	21898	1
4048	21898	1
4127	21898	1
243	21966	1
1511	21966	1
1689	21966	1
3752	21966	1
4017	21966	1
6304	21966	1
7293	21966	1
3900	22034	1
5029	22034	1
6922	22034	1
7229	22034	1
8380	22034	1
8513	22034	1
2943	22064	1
5240	22064	1
342	22083	1
793	22083	1
1203	22083	1
4233	22083	1
1580	22144	1
4127	22144	1
8944	22144	1
9974	22144	1
1761	22175	1
4127	22175	1
4968	22175	1
8477	22175	1
8479	22175	1
8495	22175	1
8687	22175	1
830	22261	1
6058	22261	1
7621	22261	1
7796	22261	1
9086	22261	1
9784	22261	1
1029	22335	1
1604	22335	1
3821	22335	1
4426	22335	1
4664	22335	1
5201	22335	1
9394	22335	1
4127	22348	1
4377	22348	1
6968	22348	1
1095	22380	1
1580	22380	1
2573	22380	1
3191	22380	1
4127	22380	1
5303	22380	1
9120	22380	1
3765	22392	1
5627	22392	1
5700	22392	1
6607	22392	1
8053	22392	1
9474	22392	1
1945	22404	1
3091	22404	1
5864	22404	1
7802	22404	1
7879	22404	1
9625	22404	2
1132	22413	1
4127	22413	1
5149	22413	1
6301	22413	1
2878	22467	1
4127	22467	1
4561	22467	1
6700	22467	1
7144	22467	1
9038	22467	1
432	22528	1
1225	22528	1
1570	22528	1
3191	22528	1
5866	22528	1
1132	22564	1
3113	22564	1
4127	22564	1
6301	22564	1
8376	22564	1
2929	22588	1
4127	22588	1
4723	22588	1
7412	22588	1
74	22655	1
4357	22655	1
8083	22655	1
1132	22723	1
1580	22723	1
1585	22723	1
1702	22723	1
4127	22723	1
6196	22723	1
6301	22723	1
8760	22723	1
9974	22723	1
1246	22726	1
2630	22726	1
6815	22726	1
8153	22726	1
8376	22726	1
2351	22757	1
4100	22757	1
4127	22757	1
4659	22757	1
5086	22757	1
7063	22757	1
7820	22757	1
9144	22757	1
9721	22757	1
6009	22812	1
9469	22812	1
2351	22879	1
4127	22879	1
5794	22879	1
7671	22879	1
8987	22879	1
9962	22879	1
125	22898	1
2175	22898	1
2386	22898	1
3369	22898	1
4458	22898	1
7862	22898	1
1132	22918	1
4127	22918	1
4723	22918	1
6301	22918	1
7412	22918	1
3359	22919	1
4102	22919	4
7467	22919	1
7601	22919	1
134	22942	1
476	22942	1
1313	22942	1
2798	22942	1
3718	22942	1
4127	22942	1
4351	22942	1
4692	22942	1
6396	22942	1
6869	22942	1
7825	22942	1
9046	22942	1
2509	22978	1
4127	22978	1
5298	22978	1
5677	22978	1
6787	22978	1
6861	22978	1
7153	22978	1
8017	22978	1
8357	22978	1
8663	22978	1
9655	22978	1
2527	23025	1
4395	23025	1
5677	23025	1
6791	23025	1
8419	23025	1
2509	23031	1
6787	23031	1
9805	23031	1
1132	23041	1
4127	23041	1
4550	23041	1
6301	23041	1
8479	23041	1
3068	23047	1
8350	23047	1
87	23097	1
3025	23097	1
3822	23097	1
4127	23097	1
6276	23097	1
7621	23097	1
8055	23097	1
23	23134	1
2040	23134	1
3034	23134	1
4907	23134	1
9394	23134	1
9526	23134	1
1787	23156	1
1958	23156	1
2270	23156	1
3568	23156	1
3665	23156	1
4056	23156	1
5301	23156	1
7047	23156	1
8279	23156	1
1810	23185	1
2220	23185	1
3784	23185	1
4175	23185	1
5396	23185	1
6768	23185	1
7805	23185	1
8885	23185	1
1642	23207	1
3984	23207	1
4127	23207	1
6717	23207	1
878	23267	1
1074	23267	1
3657	23267	1
4127	23267	1
5226	23267	1
6055	23267	1
7738	23267	1
8090	23267	1
8408	23267	1
8865	23267	1
9043	23267	1
890	23316	1
3711	23316	1
7038	23316	1
8974	23316	1
9584	23316	1
3752	23338	1
1702	23400	1
2526	23400	1
4127	23400	1
4672	23400	1
7342	23400	1
7376	23400	1
8351	23400	1
412	23450	1
2630	23450	1
2968	23450	1
1736	23554	1
3233	23554	1
3335	23554	1
4127	23554	1
5448	23554	1
6301	23554	1
6458	23554	1
9974	23554	1
1736	23555	1
3233	23555	1
3335	23555	1
4127	23555	1
5448	23555	1
6301	23555	1
9974	23555	1
7882	23567	1
8718	23567	1
1204	23605	1
2226	23605	1
4127	23605	1
7714	23605	1
2298	23636	1
2665	23636	1
4127	23636	1
1246	23667	1
5458	23667	1
5972	23667	1
6654	23667	1
6881	23667	1
7330	23667	1
7543	23667	1
7587	23667	1
7874	23667	1
8995	23667	1
9659	23667	1
4515	23711	1
4864	23711	1
9588	23711	1
8449	23714	1
1981	23735	1
6941	23735	1
2955	23819	1
3135	23819	1
4113	23819	1
4127	23819	1
8865	23819	1
9164	23819	1
4127	23891	1
8509	23891	1
4127	23896	1
1132	23899	1
1332	23899	1
1406	23899	1
3314	23899	1
4127	23899	1
9546	23899	1
1213	23912	1
1816	23912	1
1835	23912	1
3129	23912	1
5185	23912	1
6769	23912	1
6880	23912	1
7040	23912	1
7042	23912	1
7842	23912	1
8213	23912	1
1242	23974	1
5794	23974	1
5864	23974	1
1313	24043	1
2019	24043	1
3081	24043	1
4075	24043	2
6304	24043	1
8047	24043	1
1689	24061	1
3873	24061	1
4127	24076	1
7776	24076	1
1527	24218	1
2939	24218	1
4127	24218	1
10031	24218	1
5149	24226	1
5463	24226	1
8503	24226	1
8509	24226	1
9669	24226	1
905	24262	1
3034	24262	1
6212	24262	1
8255	24262	1
9625	24262	1
1042	24306	1
2133	24306	1
2558	24306	1
4820	24306	1
6304	24306	1
7523	24306	1
7986	24306	1
8449	24306	1
9102	24306	1
216	24351	1
4127	24351	1
8479	24351	1
1533	24399	1
2750	24399	1
3305	24399	1
3501	24399	1
3752	24399	1
3774	24399	1
5460	24399	1
8054	24399	1
8311	24399	1
3182	24462	1
5487	24462	1
5821	24462	1
5992	24462	1
8860	24462	1
8912	24462	1
9466	24462	1
9716	24462	1
1831	24514	1
3091	24514	1
7832	24514	1
8442	24514	1
8703	24514	1
8865	24514	1
9244	24514	1
9448	24514	1
9788	24514	1
1467	24528	1
2630	24528	1
2997	24528	1
6987	24532	1
7298	24532	1
7352	24532	1
3602	24567	1
3905	24567	1
4064	24567	1
4127	24567	1
5318	24567	1
6121	24567	1
9538	24567	1
6955	24608	1
9668	24608	1
716	24649	1
2478	24649	1
2579	24649	1
3752	24649	1
4127	24649	1
4337	24649	1
4342	24649	1
7639	24649	1
2578	24667	1
4127	24667	2
4603	24667	1
7621	24667	2
9445	24667	1
2578	24676	1
8879	24676	1
878	24690	1
1504	24690	1
2532	24690	1
4373	24690	1
4896	24690	1
5018	24690	2
5783	24690	1
7621	24690	1
7638	24690	1
7642	24690	1
8391	24690	1
9054	24690	2
9526	24690	1
868	24705	1
3034	24705	1
3116	24705	1
3287	24705	1
3425	24705	1
9034	24705	1
1136	24723	1
2430	24723	1
3740	24723	1
3883	24723	1
4127	24723	2
6402	24723	1
7298	24723	1
9920	24723	1
1382	24729	1
2672	24729	1
2779	24729	1
4127	24729	1
5079	24729	1
6521	24729	1
6677	24729	1
7782	24729	1
4127	24730	1
6768	24730	1
8865	24730	1
9757	24730	1
1136	24731	1
2430	24731	1
3740	24731	1
3883	24731	1
4127	24731	1
6402	24731	1
7298	24731	1
2699	24778	1
4127	24778	1
5318	24778	1
8034	24778	1
8060	24778	1
8130	24778	1
2489	24809	1
2968	24809	1
3205	24809	1
5208	24809	1
5226	24809	1
6631	24809	1
8294	24809	1
8817	24809	1
9157	24809	1
1136	24820	1
2430	24820	1
3740	24820	1
3883	24820	1
4127	24820	2
6402	24820	1
7298	24820	1
9360	24820	1
9431	24820	1
1171	24836	1
4127	24836	1
5414	24836	1
7639	24836	1
8739	24836	1
9480	24836	1
2569	24883	1
3997	24883	1
1171	24902	1
4127	24902	1
7639	24902	1
8739	24902	2
9480	24902	1
4366	24984	1
6859	24984	1
9445	24984	1
1357	25068	1
3501	25068	1
4027	25068	1
7321	25068	1
8865	25068	1
5569	25264	1
8484	25264	1
8813	25264	1
8969	25264	1
4127	25285	1
8865	25285	1
719	25291	2
3075	25291	1
6970	25291	1
531	25377	1
3182	25377	1
4127	25377	1
4377	25377	1
5079	25377	1
6346	25377	1
6910	25377	1
9724	25377	1
2968	25389	1
3191	25389	1
3419	25389	1
3615	25389	1
979	25434	1
1540	25434	1
1680	25434	1
2470	25434	1
4135	25434	1
4436	25434	1
1331	25435	1
1741	25435	1
2446	25435	1
3294	25435	1
3665	25435	1
4861	25435	1
6146	25435	1
6565	25435	1
7041	25435	1
1540	25492	1
1680	25492	1
3822	25492	1
4135	25492	1
7852	25492	1
3906	25556	1
4127	25556	1
4599	25556	2
9996	25556	1
459	25576	1
4127	25576	1
4325	25576	1
5318	25576	1
6619	25576	1
75	25597	1
1000	25597	1
1176	25597	1
1368	25597	1
9046	25597	1
75	25606	1
1000	25606	1
1176	25606	1
1368	25606	1
9046	25606	1
257	25773	1
2150	25773	1
2580	25773	1
3957	25773	1
4127	25773	1
4342	25773	1
6301	25773	2
6313	25773	1
7638	25773	1
7639	25773	1
8351	25773	1
8552	25773	1
1747	25788	1
2117	25788	1
6362	25788	1
6881	25788	1
804	25912	1
2878	25912	1
3998	25912	1
4114	25912	1
4958	25912	1
5197	25912	1
7451	25912	1
8995	25912	1
9967	25912	1
3763	25931	1
5713	25931	1
719	25988	1
2937	25988	1
3075	25988	1
3702	25988	2
3945	25988	1
4366	25988	1
826	25990	1
1632	25990	1
4127	25990	1
7078	25990	1
8006	25990	2
1783	26041	1
2020	26041	1
3702	26041	2
4550	26041	1
4653	26041	1
6399	26041	1
8331	26041	1
4323	26075	1
2532	26094	1
5616	26151	1
5632	26151	1
8187	26151	1
3070	26156	1
3446	26156	1
4476	26156	1
8887	26156	1
9538	26156	1
1526	26177	1
2526	26177	1
3822	26177	1
4127	26177	1
4679	26177	1
5318	26177	1
7304	26177	1
7621	26177	1
1141	26207	1
7078	26207	1
5808	26524	1
6785	26524	1
5086	26652	1
5864	26652	1
7846	26652	1
1293	26658	1
1602	26658	1
8987	26658	1
1152	26694	1
1632	26694	1
1747	26694	1
1822	26694	1
1846	26694	1
2283	26694	1
3392	26694	1
4195	26694	1
5298	26694	1
5300	26694	1
5335	26694	1
7621	26694	2
8089	26694	1
1025	26720	1
1405	26720	1
3873	26720	1
7621	26720	1
8151	26720	1
8772	26720	1
973	26731	1
1025	26731	1
2994	26731	1
7638	26731	1
9624	26731	1
848	26752	1
2540	26752	1
7303	26752	1
7621	26752	1
8879	26752	1
2477	26788	1
3196	26788	1
5972	26788	1
412	26805	1
1206	26805	1
1494	26805	1
2799	26805	1
2993	26805	1
3882	26805	1
5544	26805	1
6700	26805	1
8865	26805	1
9121	26805	1
9624	26805	1
973	26829	1
1025	26829	1
1494	26829	1
2477	26829	1
2799	26829	1
4066	26829	1
5161	26829	1
5267	26829	1
6625	26829	1
9350	26829	1
328	26850	1
518	26850	1
1656	26850	1
3100	26850	1
3199	26850	1
7138	26850	1
7264	26850	1
7621	26850	1
8743	26850	2
8865	26850	1
9330	26850	2
9625	26850	1
1296	26864	1
3273	26864	1
3436	26864	1
4127	26864	1
4962	26864	1
6668	26864	1
1132	26917	1
4127	26917	1
6053	26917	1
6769	26917	1
6941	26917	1
9909	26917	1
248	26957	1
875	27308	1
1427	27308	1
2330	27308	2
4127	27308	1
8479	27308	1
9493	27308	1
9938	27308	1
1132	27338	1
4127	27338	1
6301	27338	1
8704	27338	1
870	27420	1
955	27420	1
1475	27420	1
1580	27420	1
2973	27420	1
5309	27420	1
6304	27420	1
9637	27420	1
1098	27545	1
3917	27545	1
5458	27545	1
8638	27545	1
9448	27545	1
3245	27581	1
4105	27581	1
4127	27581	1
6304	27581	1
6785	27581	1
256	27602	1
826	27602	1
3535	27602	1
6212	27602	1
8255	27602	1
1296	27637	1
2307	27637	1
3097	27637	1
4017	27637	1
8250	27637	1
9689	27637	1
1132	27695	1
1994	27695	1
4127	27695	1
6301	27695	1
895	27788	1
1132	27788	2
1133	27788	1
2531	27788	1
4113	27788	1
4127	27788	1
7090	27788	1
1132	27831	1
4127	27831	1
4962	27831	1
6122	27831	1
4127	27836	1
7148	27836	1
7581	27836	1
8510	27836	1
1440	27851	2
1459	27851	1
2672	27851	1
7819	27851	1
8879	27851	1
1602	27862	1
3821	27862	1
7266	27862	1
8129	27862	1
8865	27862	1
2048	27929	1
3711	27929	1
3487	27967	1
5677	27967	1
6859	27967	1
7375	27967	1
7928	27967	1
8358	27967	1
9526	27967	1
9906	27967	1
9907	27967	1
4127	28014	1
6385	28014	1
7498	28014	1
7581	28014	1
7690	28014	1
8510	28014	1
8865	28014	1
9589	28101	1
1469	28115	1
2768	28115	1
4127	28115	1
6399	28115	1
7913	28115	1
8242	28115	1
9445	28115	1
1433	28134	1
4127	28134	1
6870	28134	1
8307	28134	1
9721	28134	1
9820	28134	1
1194	28196	1
1632	28196	1
6479	28196	1
1799	28249	1
4088	28249	1
4476	28249	1
5267	28249	1
5727	28249	1
6963	28249	1
1540	28275	1
1680	28275	1
4135	28275	1
4215	28275	1
5533	28323	1
7621	28323	1
7986	28323	1
8991	28323	1
9589	28323	1
9825	28323	1
1540	28337	1
1680	28337	1
2012	28337	1
2931	28337	1
2932	28337	1
4135	28337	1
9549	28337	1
1828	28382	1
6015	28382	1
6700	28382	1
7340	28382	1
7983	28382	1
459	28394	1
1132	28394	1
4127	28394	1
5443	28394	1
6301	28394	1
3349	28402	1
3502	28402	1
9121	28402	1
680	28437	1
3535	28437	1
5725	28437	1
7776	28437	1
9526	28437	1
1313	28487	1
1580	28487	1
6271	28487	1
7676	28487	1
8246	28487	1
723	28547	1
1185	28547	1
3425	28547	1
3449	28547	1
4664	28547	1
7128	28547	1
7621	28547	1
8252	28547	1
1745	28554	1
3873	28554	1
6959	28554	1
412	28585	1
1094	28585	1
4113	28585	2
4127	28585	1
5616	28585	1
8350	28585	1
1662	28696	2
1912	28696	1
4127	28696	1
6845	28696	1
1818	28710	1
6759	28710	1
6847	28710	1
9034	28710	1
9627	28710	1
9930	28710	1
642	28747	1
4127	28747	1
5748	28747	1
7621	28747	1
1071	28792	1
1132	28792	1
2531	28792	1
4113	28792	1
4127	28792	1
7090	28792	1
8460	28792	1
9813	28792	1
6009	28810	1
7770	28810	1
9034	28810	1
6817	28830	1
