2564	28844	1
4127	28844	1
5124	28844	1
6515	28844	1
558	29181	1
1143	29181	1
3735	29181	1
5854	29181	1
7581	29181	1
8053	29181	1
5780	29189	1
8495	29189	1
3278	29224	1
4056	29224	1
8217	29224	1
9546	29224	1
1957	29470	1
5241	29473	1
1005	29555	1
1338	29555	1
4703	29555	1
6607	29555	1
3087	29559	1
4056	29559	1
6247	29567	1
7638	29567	1
2630	29595	1
8638	29595	1
8879	29595	1
2281	29869	1
2864	29869	2
4056	29869	1
8743	29869	1
8865	29869	1
8941	29869	1
3712	29875	1
4100	29875	1
4127	29875	1
5208	29875	1
7986	29875	1
8995	29875	1
9148	29875	1
1818	29939	1
2997	29939	1
6700	29939	1
8956	29939	1
6700	29955	1
7855	29962	1
4260	30176	1
4852	30176	1
6859	30189	1
991	30434	1
4155	30434	1
3075	30545	1
4271	30545	1
9766	30545	1
5240	30564	1
5318	30564	1
8715	30564	1
3319	30584	1
8213	30584	1
1818	30648	1
1958	30648	1
2997	30648	1
4094	30648	1
4259	30648	1
5240	30648	1
6700	30648	1
7621	30648	2
8115	30648	1
8238	30648	1
8956	30648	1
3747	30732	1
4127	30732	1
6551	30732	1
2157	30740	1
3249	30740	1
8144	30740	1
399	30774	1
1364	30774	1
3321	30774	1
5159	30781	1
9821	30781	1
5344	30790	2
8213	30790	1
9890	30790	1
1687	30844	1
3399	30844	1
8311	30844	1
758	30857	1
8558	30857	1
9809	30857	1
3747	30901	1
5877	30901	1
1143	30975	1
2350	30975	1
4113	30975	1
6015	30975	1
7799	30975	1
8380	30975	1
9546	30975	1
829	30991	1
5242	30991	1
5854	30991	1
6811	30991	1
7409	30991	1
1687	31018	1
7845	31018	1
6787	31029	1
7232	31029	1
8087	31029	1
7078	31058	1
1194	31067	1
6700	31067	1
8727	31067	1
8944	31067	1
1687	31092	1
2157	31092	1
5267	31092	1
30	31095	1
412	31095	1
1128	31095	2
4127	31095	1
5521	31095	1
6301	31095	1
5243	31142	1
6785	31142	1
1267	31154	1
8865	31154	1
9586	31154	1
672	31170	1
4304	31170	1
4322	31170	1
6638	31170	1
8500	31170	1
8549	31170	1
2043	31185	1
6068	31185	1
7408	31185	1
8282	31185	1
9394	31185	1
3568	31273	1
6068	31273	1
7102	31273	1
3305	31337	1
6068	31337	1
9193	31337	1
4127	31366	1
8865	31366	1
10008	31366	1
4127	31381	1
4160	31381	1
6266	31381	1
9211	31381	1
4127	31401	1
7262	31401	2
7621	31401	2
9962	31401	1
3100	31412	1
6025	31429	1
758	31465	1
1689	31465	1
3213	31487	1
5856	31487	1
8098	31487	1
1685	31509	1
5062	31509	1
9637	31509	1
2931	31512	1
6465	31512	1
8944	31512	1
8956	31512	1
33	31524	1
2270	31524	1
3034	31524	1
3718	31524	1
4695	31524	1
6552	31524	1
7011	31524	1
9766	31524	1
3182	31546	1
3568	31546	1
8217	31546	1
8920	31546	1
1128	31551	1
2951	31551	1
5200	31551	1
6619	31551	1
8820	31551	1
2157	31586	4
1689	31592	1
6406	31592	1
471	31605	1
1160	31605	1
1512	31605	1
3784	31605	1
8064	31605	1
9549	31605	1
9890	31605	1
5188	31608	1
8536	31608	1
1527	31713	1
4102	31713	1
4127	31713	1
8509	31713	1
5243	31717	1
7923	31717	1
8717	31845	1
9538	31845	1
5794	31847	1
5921	31847	1
2709	31860	1
3321	31860	1
3568	31860	1
5267	31860	1
9890	31860	1
1507	31866	1
4127	31866	1
7874	31901	1
8338	31901	1
9561	31901	1
63	31902	1
1504	31902	1
8010	31902	1
8865	31902	1
9316	31902	1
9699	31902	1
3501	31945	1
341	31951	1
558	31951	1
2878	31951	1
4458	31951	1
5513	31951	1
471	31963	1
2937	31963	1
3501	31963	1
4259	31963	1
5318	31963	1
7349	31963	1
8624	31963	1
8684	31963	1
9890	31963	1
1067	31997	1
5226	31997	1
9538	31997	1
1843	32010	1
3568	32010	1
6768	32010	1
7279	32010	1
1512	32034	1
8380	32034	1
9463	32034	1
5267	32052	1
8520	32052	1
4088	32053	1
8488	32053	1
8761	32053	1
3087	32084	1
8761	32084	1
9699	32084	1
1128	32151	1
1356	32151	1
4127	32151	1
5698	32151	1
6301	32151	1
2175	32167	1
3140	32167	1
5318	32186	1
9676	32186	1
3511	32239	1
9669	32239	1
1143	32374	1
2937	32374	1
9890	32374	1
1497	32415	1
3249	32415	1
4127	32415	1
8144	32415	1
1118	32468	1
2557	32468	1
5249	32468	1
1118	32495	1
2937	32495	1
7365	32495	1
7581	32495	1
8894	32495	1
1020	32497	1
1160	32497	1
8987	32497	1
9375	32497	1
365	32537	1
1267	32537	2
3092	32537	1
4915	32537	1
2157	32572	1
2427	32572	1
6191	32572	1
7923	32572	1
9599	32572	1
4175	32608	1
7279	32608	1
9813	32608	1
3034	32621	1
3077	32621	1
4205	32621	1
8065	32621	1
9030	32621	1
3291	32730	1
7776	32730	1
1937	32776	1
3143	32776	1
3630	32776	1
6661	32776	1
7304	32776	1
3630	32821	1
8865	32830	1
6166	32843	1
4716	32844	1
7977	32844	1
1452	32863	1
2569	32863	1
7078	32863	1
9599	32863	1
8594	32878	1
9121	32878	1
925	32890	1
2719	32890	1
4580	32890	1
9890	32890	1
8887	32931	1
9526	32931	1
1382	32992	1
2569	32992	1
4017	32992	1
5181	32992	1
5245	33015	1
8217	33015	1
9937	33015	1
3109	33022	1
4580	33022	1
5153	33022	1
5243	33022	1
6849	33022	1
4127	33046	1
4522	33046	1
5582	33046	1
8263	33046	1
3087	33062	1
4127	33062	1
8865	33062	1
9394	33062	1
1065	33073	1
4852	33073	1
3152	33102	1
4580	33102	1
6411	33102	1
8115	33102	1
9526	33102	1
9669	33102	1
141	33138	1
925	33138	1
5062	33138	1
5226	33138	1
9330	33138	1
9589	33138	1
9882	33138	1
4852	33144	2
5771	33144	1
4699	33167	1
5267	33167	1
7855	33167	1
9882	33167	1
217	33254	1
1221	33254	1
2951	33254	1
4259	33254	1
5253	33254	1
6675	33254	1
2157	33271	1
9608	33271	1
2955	33275	1
5267	33275	1
5303	33275	1
6987	33275	1
1937	33343	1
2532	33343	1
3501	33343	1
8150	33343	1
9624	33343	1
1685	33375	1
2719	33375	1
4580	33375	2
4458	33438	1
7051	33438	1
8987	33438	1
1822	33608	1
1128	33668	1
3109	33668	1
4127	33668	1
6301	33668	1
6849	33668	1
9522	33668	1
5920	33680	1
6526	33680	1
9784	33680	1
1002	33887	1
1382	33887	1
2557	33887	1
4223	33887	1
5504	33887	1
844	33947	1
1835	33947	1
3511	33947	1
3914	33947	1
4195	33947	1
7408	33947	1
2728	34036	1
3305	34036	1
4780	34079	1
5124	34145	1
7988	34145	1
8040	34145	1
3501	34217	1
3511	34217	1
3900	34217	1
9127	34217	1
558	34234	1
1504	34234	1
8426	34234	1
1118	34358	1
9127	34358	1
733	34374	1
2727	34374	1
4349	34374	1
5794	34374	1
8520	34374	1
8713	34374	1
9225	34374	1
9627	34374	1
9890	34374	1
2048	34528	1
2569	34528	1
5303	34528	1
1124	34663	1
9643	34663	1
8558	34671	1
3914	34699	1
7557	34718	1
2976	34840	1
3392	34840	1
3568	34840	2
5298	34840	2
8865	34840	1
3032	34867	1
3784	34867	1
4088	34867	1
4969	34867	1
9909	34867	1
1440	34887	1
3903	34887	1
9926	34887	1
4127	34935	1
6571	34935	1
9153	34935	1
9727	34935	1
3176	35049	1
6209	35049	1
722	35094	1
8961	35096	1
3984	35104	1
9669	35104	1
387	35170	1
3836	35170	1
5318	35170	1
8269	35170	1
8710	35170	1
8715	35170	1
9676	35170	1
9926	35170	1
902	35264	1
3020	35264	1
526	35277	1
1521	35277	1
5318	35277	1
8249	35277	1
8269	35277	1
8715	35277	1
9676	35277	1
9924	35277	1
3714	35290	1
5243	35290	1
7365	35290	1
7776	35290	1
8599	35290	1
539	35306	2
744	35306	1
2330	35306	1
5201	35306	1
8270	35306	1
3701	35323	1
5267	35323	1
7968	35323	1
8587	35323	1
8987	35323	1
9526	35323	1
2931	35342	1
8544	35342	1
8866	35342	1
1882	35352	1
2569	35352	1
7426	35352	1
3701	35376	1
6970	35376	1
733	35413	1
5854	35413	1
5924	35413	1
7264	35413	1
8449	35413	1
9526	35413	2
9589	35413	1
4127	35458	1
4183	35458	1
5444	35458	1
5699	35458	1
6794	35458	1
7882	35458	1
613	35475	1
4047	35475	1
4127	35475	1
4183	35475	1
7668	35475	1
457	35478	1
673	35478	1
4127	35478	1
4183	35478	1
6861	35478	1
9201	35478	1
558	35498	1
5837	35498	1
6859	35498	1
6892	35498	1
7352	35498	1
9030	35498	1
1368	35508	1
1947	35508	1
8479	35508	1
9235	35508	1
9546	35508	1
9669	35508	1
134	35518	1
1882	35518	1
4183	35518	1
4725	35518	1
6594	35518	1
3271	35555	1
4545	35555	1
2727	35631	1
4349	35631	1
8684	35631	1
1463	35632	1
6009	35632	1
539	35680	1
3511	35680	1
4030	35680	1
7279	35680	1
8270	35680	1
8865	35680	1
2723	35737	1
4458	35737	1
8270	35737	1
8865	35737	1
9894	35737	1
241	35812	1
539	35812	1
1935	35812	1
4046	35812	1
8270	35812	1
9894	35812	1
3735	35832	1
3915	35832	1
8270	35832	1
9894	35832	1
5233	35893	1
5803	35893	1
5876	35893	1
8268	35893	1
8270	35893	1
9894	35893	1
2157	35957	1
8217	35957	1
9926	35957	1
1067	35965	1
5254	35965	1
6061	35965	1
6119	35965	1
8825	35965	1
9448	35965	1
9669	35965	1
2092	35971	1
7010	35971	1
9445	35971	1
9526	35971	1
3821	35987	1
9546	35987	1
1125	35992	1
8268	35992	1
467	36000	1
1357	36000	1
2726	36000	1
3152	36000	1
3752	36000	1
6847	36000	1
8539	36000	1
9293	36000	1
10040	36000	1
6631	36014	1
8506	36014	1
1741	36030	1
1892	36030	1
2853	36030	1
5444	36030	1
5699	36030	1
7966	36030	1
8865	36030	2
1517	36041	1
3774	36041	1
5318	36041	1
3770	36084	1
5267	36084	1
5632	36084	1
6146	36084	1
6399	36084	1
8270	36084	1
9894	36084	1
392	36114	1
1892	36114	1
4223	36114	1
4725	36114	1
5077	36114	1
8865	36114	2
9279	36114	1
9669	36114	1
138	36133	1
8246	36133	1
92	36146	1
6465	36164	1
6785	36164	1
7128	36164	1
391	36166	1
2750	36166	2
2776	36166	1
3091	36166	1
5234	36166	1
5318	36166	1
8865	36166	1
9175	36166	1
229	36199	1
2074	36199	1
9153	36199	1
9165	36199	1
9584	36199	1
9589	36199	1
1629	36209	1
4116	36209	1
8879	36209	1
906	36225	1
4349	36225	1
5771	36225	1
878	36238	1
2521	36238	1
4862	36238	1
5234	36238	1
7239	36238	1
8246	36238	1
9976	36238	1
4349	36273	1
558	36284	1
3873	36284	1
4127	36284	1
4828	36284	1
8865	36284	1
134	36310	1
1527	36325	1
5750	36325	1
1267	36352	1
8213	36352	1
2871	36461	1
2557	36476	1
63	36478	1
597	36478	1
2130	36478	1
3034	36478	1
7266	36478	1
8380	36478	1
3568	36543	1
4522	36543	1
7172	36543	1
7266	36543	1
60	36572	1
4095	36572	1
5292	36572	1
5443	36572	1
6119	36572	1
6604	36572	1
7966	36572	1
7967	36572	1
9589	36572	1
539	36621	1
1831	36621	1
3879	36621	1
7411	36621	1
8057	36621	1
158	36737	2
2934	36737	1
3774	36737	1
126	36800	1
1611	36800	1
5218	36800	1
6061	36800	1
6880	36800	1
7304	36800	1
7980	36800	1
8893	36800	1
9587	36800	1
9823	36800	1
3763	36864	1
6711	36864	1
7956	36864	1
9799	36864	1
4725	36922	1
5909	36922	1
4725	36963	1
5226	36963	1
5241	36963	1
7409	36963	1
8630	36963	1
9493	36963	1
2871	37011	1
4725	37011	1
8246	37011	1
539	37025	1
9813	37025	1
417	37075	1
3388	37075	1
4127	37075	1
7138	37075	1
8041	37075	1
8219	37075	1
8683	37075	1
8865	37075	1
3594	37078	1
4725	37078	1
1679	37135	1
7732	37135	1
2164	37169	1
9866	37190	1
2157	37207	1
3702	37207	1
4135	37207	1
5318	37207	1
6581	37207	1
3492	37237	1
5267	37237	1
5892	37237	1
8865	37237	1
746	37271	1
1702	37271	1
8922	37271	1
9538	37271	1
2917	37304	1
4656	37304	1
9813	37304	1
4127	37370	1
9461	37370	1
355	37392	1
1294	37392	1
1318	37392	1
3735	37392	1
3982	37392	1
6825	37392	1
7790	37392	1
9470	37392	1
4127	37484	1
4730	37484	1
5244	37484	1
9211	37484	1
9866	37484	1
557	37506	1
4127	37506	1
4730	37506	1
5513	37506	1
8713	37506	1
9866	37506	1
2382	37519	1
6191	37519	1
6704	37519	1
2798	37559	1
4694	37559	1
4941	37559	1
5318	37559	1
6581	37559	1
8715	37559	1
8812	37559	1
6768	37582	1
7946	37582	1
1267	37609	1
7946	37609	1
8213	37609	1
9813	37609	1
4127	37664	1
6794	37664	1
8587	37664	1
8865	37664	2
9153	37664	1
9526	37664	1
9956	37664	1
4780	37672	1
4941	37672	1
5318	37672	3
6581	37672	1
8715	37672	1
9981	37783	1
8449	37828	1
3214	37832	1
5576	37832	1
7386	37832	1
8213	37832	1
8421	37832	1
8684	37832	1
3392	37843	1
6859	37843	1
1497	37895	1
8106	37895	1
8449	37895	1
8712	37895	1
8558	37900	1
8693	37900	1
9526	37900	1
9813	37900	1
826	37928	1
1645	37928	1
2056	37928	1
4222	37928	1
4550	37928	1
8011	37928	1
2819	37943	1
5267	37943	1
5856	37943	1
6724	37943	1
7386	37943	2
8421	37943	1
8865	37943	1
878	37953	1
5062	37953	1
5318	37953	1
5396	37953	1
8693	37953	1
8715	37953	1
9205	37953	1
9403	37953	1
9526	37953	1
9813	37953	1
5443	38001	1
7966	38001	1
857	38020	1
3340	38020	1
6847	38020	1
8536	38020	1
9130	38020	1
2736	38021	1
4349	38021	1
5239	38021	1
6859	38021	1
7365	38021	1
8713	38021	1
9526	38021	1
4349	38096	1
6998	38103	1
1516	38132	1
4780	38132	1
6768	38132	1
7763	38132	1
2546	38191	1
4349	38191	1
436	38193	1
2955	38193	1
8944	38193	1
191	38236	1
1632	38236	1
1905	38236	1
2136	38236	1
4127	38236	1
6304	38236	1
6713	38236	1
3349	38243	1
4644	38243	1
5267	38245	1
5442	38245	1
6009	38245	1
8865	38245	1
3337	38263	1
3467	38263	1
7939	38263	1
9054	38263	1
4162	38266	1
6388	38266	1
1505	38279	1
3289	38279	1
3289	38284	1
1517	38302	1
3612	38302	1
4127	38302	1
5854	38302	1
7621	38302	1
2157	38305	1
2157	38322	1
8969	38322	1
9394	38322	1
2477	38330	1
4127	38330	1
7142	38330	1
9445	38330	1
2993	38337	1
3568	38337	1
8865	38337	1
9625	38337	1
3291	38343	1
7776	38343	1
8961	38343	1
9625	38347	1
5854	38348	1
7776	38348	1
8987	38348	1
9669	38348	1
2569	38350	1
2569	38358	1
8920	38358	1
3568	38366	1
3806	38366	1
5921	38366	1
9822	38366	1
1687	38375	1
7327	38375	1
2483	38402	1
2931	38402	1
4840	38402	1
5854	38402	1
7998	38402	1
8098	38402	1
8865	38402	1
6166	38428	1
9871	38428	1
7776	38446	1
8727	38446	1
8987	38446	1
3568	38454	1
8008	38454	1
2436	38474	1
1095	38514	1
1267	38514	1
1662	38514	1
7128	38514	1
1734	38516	1
1960	38516	1
1961	38516	1
4155	38516	1
7067	38516	1
7868	38516	1
8144	38516	1
8421	38516	1
9153	38516	1
5247	38540	1
8144	38540	1
2158	38549	1
9625	38574	2
5632	38589	1
6725	38589	1
8213	38589	1
3576	38592	1
8421	38592	1
2324	38606	1
7776	38606	1
8987	38606	1
8727	38628	1
1882	38651	1
9669	38651	1
184	38732	1
1267	38732	1
2157	38732	1
3006	38732	1
5809	38732	1
8218	38732	1
9561	38732	1
6768	38760	1
8098	38760	1
4660	38796	1
5768	38796	1
7498	38796	1
9225	38796	1
3576	38813	1
2616	39154	1
6166	39154	1
4056	39200	1
2878	39207	1
3324	39207	1
3436	39238	1
4127	39238	1
6003	39238	1
7002	39238	1
8865	39238	1
8879	39238	1
1118	39262	1
6166	39262	1
7335	39300	1
7846	39300	1
9803	39300	1
2531	39447	1
3711	39447	1
4395	39447	1
5226	39447	1
513	39477	1
3045	39477	1
4259	39477	1
5465	39477	1
5924	39477	1
7855	39477	1
436	39492	1
2395	39492	1
2955	39492	1
9165	39492	1
3392	39713	1
5181	39713	1
5267	39713	1
7266	39713	1
8449	39713	1
8865	39713	1
2977	39726	1
3392	39726	1
3914	39726	1
5199	39726	1
5677	39726	1
6119	39726	1
6755	39726	1
7262	39726	1
5199	39754	1
5677	39754	1
7204	39754	1
7279	39754	1
9782	39754	1
579	39782	1
2750	39782	1
3735	39782	1
5201	39782	1
8552	39788	1
6410	39983	1
557	40069	1
9103	40069	1
1128	40132	1
1580	40132	1
4127	40132	1
4259	40132	1
6301	40132	1
6667	40132	1
3392	40435	1
4111	40435	1
4150	40435	1
8923	40435	1
7266	40767	1
9526	40767	1
1542	41315	1
5892	41315	1
2212	41436	1
2543	41436	1
3238	41436	1
4016	41436	1
4463	41436	2
4846	41436	1
5659	41436	1
8144	41436	1
8788	41436	1
1396	41464	1
3947	41464	1
5092	41464	1
5852	41464	1
7053	41464	1
7410	41464	1
8218	41464	1
1147	41739	1
1707	41739	2
2526	41739	1
2890	41739	1
4712	41739	1
5318	41739	1
693	41751	1
5783	41751	1
8380	41751	1
1839	41842	1
3238	41842	1
3821	41842	1
4127	41842	1
5991	41842	2
6214	41842	1
9612	41842	1
162	41899	1
318	41899	1
1235	41899	1
3238	41899	1
5025	41899	1
5794	41899	1
5921	41899	1
6119	41899	1
7045	41899	1
3568	41908	1
91	41947	1
1554	41947	1
5198	41947	1
958	42099	1
4102	42099	1
9561	42099	1
2445	42152	1
7621	42152	1
3735	42193	1
5246	42193	1
9727	42193	1
133	42260	1
733	42260	1
4122	42260	1
7264	42260	1
7730	42263	1
8145	42263	1
3109	42267	1
4127	42267	1
6849	42267	1
1602	42283	1
5318	42283	1
5352	42283	1
5856	42283	1
6607	42283	2
6661	42283	1
8558	42283	1
9669	42283	1
9727	42283	1
862	42356	1
2616	42356	1
8710	42356	1
2994	42485	1
8909	42485	1
4742	42605	1
9323	42605	1
9388	42605	1
9813	42605	1
394	42625	1
1440	42625	1
6870	42625	1
324	42701	1
3501	42701	1
284	42747	1
2616	42747	1
2789	42747	1
3095	42747	1
3672	42747	1
4274	42747	1
5892	42747	1
6593	42747	1
3821	42778	1
4127	42778	1
5267	42778	1
6415	42778	1
8865	42778	1
4567	42912	1
6699	42912	1
9448	42912	1
9612	42912	1
9813	42912	1
826	42936	1
2324	42936	1
2993	42936	1
3340	42936	1
5472	42936	1
8907	42936	1
4094	43087	1
6166	43087	1
8098	43087	1
9803	43087	1
1378	43138	1
1564	43138	1
2549	43138	1
4047	43138	1
4127	43138	1
7567	43138	1
9500	43138	1
3032	43155	1
3091	43155	1
6785	43155	1
6794	43155	1
7006	43155	1
8377	43155	1
8865	43155	1
9612	43155	1
9926	43155	1
5892	43169	1
3501	43279	1
3821	43279	1
4441	43279	1
5267	43279	1
8017	43279	1
1267	43336	1
2460	43336	1
2561	43336	1
2593	43336	1
2993	43336	1
3392	43336	1
3602	43336	1
3724	43336	1
4852	43336	1
5267	43336	1
5472	43336	1
8060	43336	1
558	43342	1
3575	43342	1
4127	43342	1
917	43364	1
8380	43364	1
8865	43364	1
9002	43364	1
9330	43364	1
9637	43364	1
558	43402	1
6999	43402	1
3747	43471	1
9924	43471	1
3575	43496	1
5660	43496	1
7621	43496	1
1675	43535	1
1894	43535	1
9625	43535	1
3575	43550	1
4669	43550	1
3575	43567	1
5318	43567	1
3575	43586	1
1455	43593	1
1520	43593	1
4127	43593	1
5081	43593	1
6304	43593	1
6669	43593	1
6700	43593	1
7749	43593	1
9090	43593	1
726	43603	1
3575	43603	1
3575	43646	1
9098	43646	1
1745	43710	1
726	43830	1
3575	43830	1
1108	43848	1
3211	43848	1
4312	43848	1
3575	43849	1
2182	43981	1
3518	43981	1
5344	43981	1
7776	43981	1
8969	43981	1
3575	44008	1
5318	44008	1
385	44040	1
758	44040	1
2196	44040	1
5208	44040	1
6166	44040	1
7869	44040	1
9584	44040	1
1464	44055	1
6458	44055	1
6619	44055	1
9561	44055	1
1689	44195	1
1928	44217	1
4304	44217	1
1602	44743	1
6458	44743	1
7743	44743	1
7846	44743	1
8624	44743	1
8865	44743	1
579	44763	1
6012	44763	1
5208	44791	1
8252	44791	1
1031	44798	1
1451	44798	1
2440	44798	1
3031	44798	1
3568	44798	1
8380	44798	1
8624	44798	1
1207	44810	1
8965	44810	2
9175	45212	1
3289	45243	1
3289	45256	2
5830	45256	1
7993	45256	1
467	45266	1
3917	45266	1
578	45283	1
594	45283	1
1478	45283	1
1941	45283	1
2914	45283	1
9947	45283	1
3213	45324	1
3218	45324	1
6787	45324	1
8990	45324	1
1288	45350	1
3168	45350	1
8909	45350	1
8923	45350	1
8990	45350	1
894	45415	1
2307	45415	1
2330	45415	1
2445	45415	1
2695	45415	1
4138	45415	1
7258	45458	1
9128	45458	1
903	45467	1
2566	45467	1
4084	45467	1
6166	45467	1
7038	45467	1
9526	45467	1
1745	45480	1
4242	45480	1
6475	45480	1
9500	45480	1
509	45523	1
1602	45523	1
8990	45523	1
1199	45561	1
1855	45561	1
5141	45561	1
5660	45561	1
6209	45561	1
7803	45561	1
9589	45561	1
9947	45561	1
243	45609	1
3349	45609	1
3392	45609	1
4070	45609	1
1199	45615	1
1502	45615	2
2071	45615	1
3730	45615	1
5862	45615	1
6209	45615	1
6733	45615	1
7682	45615	1
7986	45615	1
8493	45615	1
9193	45615	1
9669	45615	1
8909	45637	1
3901	45662	1
9757	45662	1
2267	45676	1
2676	45676	1
6700	45676	1
417	45703	1
1199	45703	1
1382	45703	1
2812	45703	1
3752	45703	1
4008	45703	1
4087	45703	1
4646	45703	1
5141	45703	1
5299	45703	1
6146	45703	1
7266	45703	1
2976	45711	1
3199	45711	1
3765	45711	1
8743	45711	1
4041	45734	1
5318	45734	1
1734	45754	1
3114	45754	1
7485	45754	1
4127	45760	1
5239	45760	1
9746	45760	1
3114	45779	1
3900	45779	1
7485	45779	1
1017	45786	1
4897	45786	1
1017	45793	1
2904	45793	1
3114	45793	1
7485	45793	1
6784	45803	1
6859	45803	1
1510	45807	1
3114	45807	1
7485	45807	1
8008	45807	1
8449	45807	1
8778	45880	1
9561	45880	1
3752	45888	1
6847	45888	1
9538	45888	1
3459	45905	1
4973	45905	1
7867	45905	1
8930	45905	1
9153	45905	1
4127	45969	1
4183	45969	1
5296	45969	1
1818	45978	1
5053	45978	1
7264	45978	1
7776	45978	1
9036	45978	1
2943	45986	1
3034	45986	1
4113	45986	1
5660	45986	1
7520	45986	1
158	46006	1
705	46006	1
2105	46006	1
8558	46006	1
8684	46006	1
8899	46006	1
9727	46006	1
1128	46213	1
4127	46213	1
4239	46213	1
6027	46213	1
6301	46213	1
497	46276	1
1894	46276	1
5207	46276	1
7461	46276	1
9538	46276	1
1689	46323	1
4458	46323	1
8969	46323	1
9947	46323	1
4088	46381	1
7638	46381	1
8943	46381	1
9947	46381	1
4127	46388	1
4567	46388	1
6009	46388	1
6941	46388	1
7017	46388	1
7842	46388	1
8865	46388	2
1031	46394	1
2685	46394	1
3191	46394	1
3917	46394	1
4127	46394	1
5318	46394	1
9394	46394	1
3114	46403	1
4223	46403	1
7485	46403	1
7638	46403	1
9561	46403	1
447	46687	1
3392	46687	1
3549	46687	1
4313	46687	1
7819	46687	1
720	46715	1
1679	46715	1
3294	46715	1
1128	46923	1
4127	46923	1
4642	46923	2
6301	46923	1
7040	46923	1
7691	46923	2
8099	46923	1
8128	46923	1
9180	46923	1
857	47133	1
1118	47133	1
1478	47133	1
1562	47133	1
3822	47133	1
5163	47133	1
2048	47518	1
3284	47518	1
4127	47518	1
7029	47518	1
9445	47518	1
1602	48108	1
1958	48108	1
2766	48108	1
2778	48108	1
7262	48108	1
8969	48108	1
1185	48595	1
6388	48595	1
4127	48641	1
6176	48641	1
9561	48837	1
526	48840	1
1958	48840	1
4135	48840	1
4258	48840	1
9526	48840	1
2768	48909	1
3392	48909	1
3602	48909	1
5472	48909	1
2701	49007	1
2727	49007	1
3568	49007	1
558	49054	1
1128	49054	1
4127	49054	1
6304	49054	1
7264	49054	1
7471	49054	1
7678	49054	1
3503	49163	1
4937	49163	1
6844	49163	1
7128	49163	1
9201	49163	1
4041	49250	1
5086	49250	1
9890	49250	1
1523	49304	1
9637	49304	1
5064	49435	1
5226	49435	1
6557	49435	1
8899	49435	1
9761	49435	1
1689	49498	1
9170	49767	1
9633	49767	1
9784	49767	1
1702	50227	1
3511	50227	1
5267	50227	1
8978	50227	1
7735	50254	1
8017	50254	1
56	50348	1
7264	50348	1
6809	50445	1
7819	50445	1
1128	50643	1
1587	50643	1
4113	50643	1
4127	50643	1
6304	50643	1
8449	50781	1
7776	50901	1
8969	50901	1
9225	50901	1
1267	51262	1
1902	51262	1
2593	51262	1
3485	51262	1
5200	51262	1
7078	51262	1
2115	51494	1
4847	51494	1
5267	51494	1
7592	51494	1
9649	51494	1
1013	51520	1
1132	51520	1
1025	52709	2
3434	52709	1
3724	52709	1
4127	52709	1
5002	52709	1
6941	52709	1
1204	52738	1
2878	52738	1
4127	52738	1
6785	52738	1
905	52884	1
4127	52884	1
7172	52884	1
7266	52884	1
726	52962	1
2648	52962	1
3511	52962	1
3524	52962	1
5318	52962	2
6618	52962	1
7128	52962	1
7932	52962	1
9045	52962	1
1204	52976	2
3976	52976	1
4127	52976	1
6881	52976	1
9858	52976	1
1128	53033	1
4127	53033	1
6301	53033	1
6396	53033	1
6941	53033	1
8391	53033	1
9291	53033	1
1778	53350	1
1928	53350	1
2460	53350	1
4458	53350	1
4852	53350	1
5226	53350	1
5472	53350	1
6859	53350	1
3259	53488	1
5410	53488	1
6992	53488	1
8038	53488	1
9291	53488	1
627	53689	1
2328	53689	1
2349	53689	1
3191	53689	1
5951	53689	1
6291	53689	1
4127	53934	1
7305	53934	1
9717	53934	1
693	54025	1
2105	54025	1
5018	54025	1
5298	54025	1
6870	54025	1
1004	54537	1
1128	54537	1
6243	54537	1
7236	54537	1
7503	54537	1
43	54592	1
1236	54592	1
1467	54592	1
2865	54592	1
3619	54592	1
5854	54592	1
2981	54654	1
3092	54654	1
3392	54654	1
4127	54654	1
2463	55309	1
3485	55309	1
4094	55309	1
6859	55309	1
2182	55377	1
6978	55377	1
9323	55377	1
9441	55377	1
9926	55377	1
579	55384	1
2865	55384	1
3485	55384	1
3568	55384	1
4044	55384	1
6861	55384	1
8207	55384	1
8743	55384	1
1118	55558	1
5383	55558	1
9130	55558	1
5263	55654	1
3392	55948	1
4463	55948	1
8351	55948	1
5200	55968	1
5267	55968	1
1296	56241	1
7198	56241	1
8865	56241	1
3711	56331	1
4127	56331	1
6609	56331	1
8571	56331	1
5099	56424	1
5396	56424	1
6963	56424	1
9526	56424	1
9527	56424	2
1296	56486	1
2630	56486	1
5267	56486	1
8727	56486	1
2445	56560	1
2937	56560	1
3823	56560	1
456	56596	1
5320	56596	1
1759	56648	1
2660	56648	1
6998	56648	1
7106	56648	1
8909	56648	1
5320	56800	1
1831	56828	1
7017	56828	1
1213	56975	1
1666	56975	1
4656	56975	1
2117	57105	1
2937	57105	1
3702	57105	2
5320	57185	1
5233	57321	1
8865	57321	1
6165	57328	1
56	57340	1
3294	57340	1
3305	57340	1
3735	57340	1
9032	57340	1
4994	57349	1
9526	57349	1
3501	57369	1
4127	57369	1
5159	57369	1
5226	57369	1
9738	57369	1
1213	57459	1
4420	57459	1
213	57742	1
3109	57742	1
3838	57742	1
4127	57742	1
4242	57742	1
6785	57742	1
6849	57742	1
2324	57811	1
8217	57811	1
5737	57827	1
6768	57827	1
1213	57835	1
3841	57835	1
6618	57835	1
9890	57835	1
1687	57856	1
1787	57856	1
3196	57856	1
8291	57856	1
3764	57881	1
9633	57881	1
9800	57881	1
9882	57881	1
1118	57898	1
5267	57898	1
5442	57898	1
5737	57898	1
9937	57898	1
9882	57918	1
9943	57918	1
2651	57987	1
9882	57987	1
9940	57987	1
312	58111	1
5267	58111	1
8513	58111	1
9882	58111	1
905	58115	1
5858	58131	1
9882	58131	1
5402	58513	1
4963	58624	1
3821	58695	1
4963	58695	1
2889	58709	1
5086	58709	1
6870	58709	1
8361	58709	1
1894	59115	1
2663	59115	1
3915	59115	1
4642	59115	1
6472	59115	1
8217	59188	1
9500	59188	1
9561	59188	1
8213	59240	1
8353	59240	1
9561	59240	1
905	59469	1
1128	59721	1
1288	59721	1
1602	59721	1
4127	59721	1
8922	59721	1
9625	59721	1
