3215	28863	1
4232	28863	1
6759	28863	1
7425	28863	1
8058	28863	1
8995	28863	1
2049	28868	1
2855	28868	1
4864	28868	1
7964	28868	1
9736	28868	1
41	28882	1
5267	28882	1
5371	28882	1
3474	28897	1
5864	28897	1
6166	28897	1
7264	28897	1
7986	28897	1
976	28906	1
1629	28906	1
2600	28906	1
2973	28906	2
4118	28906	1
4987	28906	1
8995	28906	1
5128	28949	1
5318	28949	1
9520	28949	1
354	28973	1
4127	28973	1
4832	28973	1
2324	28979	1
6337	28979	2
6370	28979	1
9538	28979	1
541	28986	1
3900	29000	1
4907	29000	1
5371	29000	1
2569	29015	1
9578	29015	1
9193	29027	1
2719	29056	1
4852	29056	1
6467	29056	1
1672	29090	1
3485	29090	1
3571	29090	1
3611	29090	1
8961	29090	1
2955	29159	1
5318	29159	1
7279	29159	1
9669	29159	1
9825	29159	1
3006	29196	1
8218	29196	1
9497	29196	2
991	29273	1
558	29294	1
1532	29294	1
4259	29294	1
8865	29294	1
9500	29294	1
158	29305	1
2390	29305	1
3568	29305	1
4973	29305	1
6015	29305	1
6785	29305	1
7621	29305	1
216	29312	1
3082	29312	1
3752	29312	1
4127	29312	1
5318	29312	1
5381	29312	1
6700	29312	1
8513	29312	1
8684	29312	1
9772	29312	1
1937	29333	1
2861	29333	1
3975	29333	1
4127	29333	1
4201	29333	2
4429	29333	1
6640	29333	1
7386	29333	1
8892	29333	1
9193	29333	1
9813	29333	1
1529	29344	1
1747	29344	1
4218	29344	1
5864	29344	1
7169	29344	1
1256	29406	1
2220	29406	1
5267	29406	1
5655	29406	1
9732	29406	1
494	29461	1
8229	29461	1
8536	29461	1
9083	29461	1
9245	29461	1
9500	29461	1
6998	29500	1
2307	29613	1
3711	29613	1
4127	29613	1
6700	29613	1
6725	29613	1
8144	29613	1
8685	29613	1
8810	29613	1
9193	29613	1
10034	29613	1
99	29702	1
5318	29702	1
1350	29718	1
1780	29718	1
5149	29718	1
8553	29718	1
9669	29718	1
2186	29772	1
3568	29772	1
8952	29772	1
9497	29772	1
4706	29794	1
5267	29794	1
8804	29794	1
1599	29819	1
1767	29819	1
3511	29819	1
9302	29819	1
9610	29819	2
1689	29864	1
4113	29864	1
9962	29864	1
707	29882	1
991	29882	1
2445	29882	1
2933	29882	1
3168	29882	1
4259	29882	1
4266	29882	1
9561	29882	1
1943	29901	1
4127	29901	1
6549	29901	1
1364	29914	1
8291	29914	1
8624	29914	1
8956	29914	1
2330	29936	1
2483	29936	1
3988	29936	1
8605	29936	1
394	29980	1
1467	29980	1
6042	29980	1
158	29989	1
841	29989	1
2522	29989	1
3602	29989	1
6661	29989	1
2342	30007	1
3822	30007	1
3823	30007	1
4603	30007	1
5318	30007	1
9750	30007	1
1128	30034	1
1213	30034	1
1897	30034	1
4127	30034	1
7495	30034	1
9434	30034	1
3143	30047	1
8865	30047	1
9825	30047	1
4598	30082	1
3678	30178	1
7266	30178	1
4056	30185	1
4127	30185	1
5344	30185	1
6301	30185	1
7618	30185	1
9974	30185	1
2189	30191	1
3501	30191	1
5318	30191	1
8032	30191	1
496	30221	1
1370	30221	1
2477	30221	1
4017	30221	1
5029	30221	1
5172	30221	1
5226	30221	1
9175	30221	1
9503	30221	1
9800	30221	1
3903	30265	1
2445	30288	1
2951	30288	1
3349	30288	1
3566	30288	1
5267	30288	1
6278	30288	1
6700	30288	1
7385	30288	1
8806	30288	1
37	30315	1
1195	30315	1
2220	30315	1
2597	30315	1
9699	30315	1
2542	30337	1
4535	30337	1
4127	30343	1
7621	30343	1
10054	30343	1
7776	30362	1
8987	30362	1
1882	30370	1
7515	30370	1
3062	30405	1
3568	30405	1
4896	30405	1
5466	30405	2
7167	30405	1
1382	30409	1
9817	30409	1
2013	30428	1
3873	30428	1
5318	30428	1
8806	30428	1
412	30463	1
3389	30463	1
2172	30467	1
5466	30471	1
7167	30471	1
9754	30471	1
1628	30505	1
6593	30505	1
8044	30505	1
8193	30505	1
3501	30509	1
8890	30509	1
9805	30509	1
3109	30543	1
6849	30543	1
3501	30552	1
3822	30552	1
1029	30562	1
1834	30562	1
2448	30562	1
5382	30562	1
8710	30562	1
8865	30562	1
9230	30562	1
640	30602	1
1369	30602	1
3106	30602	1
3501	30602	1
5298	30602	1
5005	30641	1
5729	30641	1
8017	30641	1
8145	30641	1
1375	30684	1
1651	30684	1
2917	30684	1
6009	30684	1
6859	30684	1
7167	30684	1
2858	30692	1
5068	30692	1
6741	30692	1
6859	30692	1
7580	30692	1
7621	30692	1
7888	30692	1
9526	30692	1
9716	30692	1
4044	30704	1
5317	30704	1
5377	30704	1
148	30707	1
515	30707	1
4915	30707	1
6958	30707	1
7580	30707	1
9766	30707	1
9432	30725	1
1029	30727	1
3417	30727	1
3482	30727	1
40	30743	1
7244	30743	1
7621	30743	1
7072	30779	1
7166	30779	1
9538	30779	1
9825	30779	1
87	30789	1
447	30789	1
2560	30789	1
4339	30789	1
7298	30789	1
7341	30789	1
7739	30789	1
4016	30796	1
9669	30796	1
9947	30796	1
1382	30812	1
2672	30812	1
5617	30812	1
8010	30812	1
1312	30827	1
1370	30827	1
1718	30827	1
2908	30827	1
3482	30827	1
5466	30827	1
9585	30827	1
701	30872	1
1897	30872	1
2484	30872	1
3196	30872	1
4798	30872	1
5361	30872	1
8150	30872	2
7471	30887	1
9596	30887	1
9825	30887	1
2495	30912	1
4798	30912	1
5361	30912	1
2616	30925	1
6759	30925	1
7425	30925	1
7986	30925	1
2522	30937	1
1029	30944	1
1375	30944	1
3182	30944	1
7167	30944	1
8874	30944	1
9330	30944	1
2616	30952	1
4127	30952	1
5234	30952	1
7621	30952	1
8377	30952	1
579	30959	1
1659	30959	1
2560	30959	1
7232	30959	1
9103	30959	1
9156	30959	1
9648	30959	1
4127	30993	1
8217	30993	1
1312	31014	1
1375	31014	1
3482	31014	1
1508	31041	1
4127	31041	1
4686	31041	1
6794	31041	1
9970	31041	1
3731	31049	1
3900	31049	1
4044	31049	1
6400	31049	1
9905	31049	1
857	31051	1
3822	31051	1
3020	31053	1
5298	31053	1
4111	31059	1
4127	31059	1
9448	31059	1
9815	31059	1
538	31064	1
850	31064	2
4130	31064	1
8213	31064	2
9193	31064	2
9699	31064	1
976	31080	1
1509	31080	1
5267	31080	1
7425	31080	1
8865	31080	1
9926	31080	1
826	31116	1
3482	31116	1
3501	31116	1
5802	31116	1
6257	31116	1
6998	31116	1
7167	31116	1
8865	31116	1
5226	31128	1
7298	31128	1
733	31157	1
3678	31178	1
4717	31178	1
6009	31178	1
6239	31178	1
7621	31178	3
7950	31178	1
7967	31178	1
8410	31178	1
9653	31178	1
518	31209	1
3970	31209	1
7158	31209	1
9232	31209	1
126	31211	1
229	31211	1
3273	31211	1
5086	31211	1
9801	31211	1
5153	31217	1
6009	31217	1
726	31228	1
3482	31228	1
3501	31228	1
4127	31228	1
8810	31228	1
8865	31228	2
733	31238	1
5267	31259	1
9589	31259	1
5267	31265	1
9432	31265	1
9587	31265	1
9926	31265	1
1375	31275	1
3182	31275	1
3735	31275	1
7167	31275	1
8144	31275	1
8865	31275	1
8874	31275	1
1382	31301	1
8551	31301	1
8887	31301	1
5794	31308	1
726	31320	1
1382	31330	1
4200	31330	1
8551	31330	1
8887	31330	1
5243	31338	1
1469	31362	1
1855	31362	1
3087	31362	1
7462	31362	1
1510	31368	1
4127	31368	1
9637	31368	1
3482	31451	1
3501	31451	1
4175	31451	1
6998	31451	1
9750	31451	1
39	31459	1
558	31473	1
1818	31473	1
3630	31473	1
4127	31473	1
5794	31473	2
6472	31473	1
8865	31473	2
8909	31473	3
758	31477	1
1750	31494	1
3250	31494	1
3938	31494	1
6998	31497	1
9527	31497	1
39	31523	1
758	31523	1
3774	31523	1
6940	31523	1
7671	31523	1
9913	31523	1
9925	31523	1
1902	31549	1
5632	31549	1
1375	31572	2
2254	31572	1
3182	31572	1
3501	31572	1
3873	31580	1
4065	31580	1
4127	31580	1
6781	31580	2
8995	31580	1
3047	31617	1
3363	31617	1
1375	31625	2
2208	31625	1
3043	31625	1
3501	31625	1
1031	31645	1
1159	31645	1
5201	31645	1
5361	31645	1
8230	31645	1
8912	31645	1
9698	31645	1
2561	31657	1
5233	31657	1
7971	31657	1
9126	31657	1
1797	31694	1
558	31697	1
1921	31722	1
6733	31722	1
2997	31723	1
3482	31723	1
3501	31723	1
5162	31723	1
9165	31735	1
9589	31735	1
1719	31745	1
2799	31745	2
3257	31745	1
5493	31745	1
6861	31745	1
7504	31745	1
8612	31745	1
869	31769	1
1267	31769	1
4041	31769	1
7486	31769	1
8010	31769	1
8865	31769	1
7776	31789	1
9669	31789	1
2619	31796	1
8058	31796	1
9637	31796	1
925	31811	1
2408	31811	1
2779	31811	1
3568	31811	1
3784	31811	1
5513	31811	1
8003	31811	1
1469	31885	1
2005	31885	1
5240	31885	1
6301	31885	1
6700	31885	1
7239	31885	1
7621	31885	1
8452	31885	1
8493	31885	1
9165	31885	1
9669	31885	1
1835	31909	1
2445	31909	1
8427	31909	1
1464	31923	1
3294	31923	1
3688	31923	2
7977	31923	1
1820	31926	1
9175	31926	1
9526	31926	1
9538	31926	1
579	31957	1
3821	31957	1
5396	31957	1
7002	31957	1
7175	31957	1
7621	31957	1
1256	31958	1
8865	31958	1
9625	31958	1
3735	32073	1
4127	32073	1
5318	32073	2
6444	32073	1
6870	32073	1
8218	32073	1
8865	32073	1
1029	32134	1
3568	32134	1
1031	32176	1
1855	32176	1
5763	32176	1
7462	32176	1
8143	32176	1
8899	32176	1
9102	32176	1
3428	32200	1
4163	32200	1
1580	32221	1
4175	32221	1
5267	32243	1
9938	32243	1
4127	32264	1
7776	32264	1
8791	32264	1
2200	32311	1
3984	32311	1
5318	32311	1
6828	32311	1
9493	32311	2
3985	32320	1
2706	32348	1
3501	32348	1
4127	32348	1
5235	32348	1
7621	32348	1
3501	32426	1
5382	32426	1
8865	32426	1
9538	32426	1
9627	32426	1
341	32437	1
4699	32437	1
5141	32437	1
5208	32437	1
8144	32437	1
9890	32437	1
1312	32440	1
1369	32440	1
1370	32440	1
1593	32440	1
3106	32440	1
3482	32440	1
3501	32440	1
6785	32440	1
9145	32440	1
9394	32440	1
1128	32451	1
1580	32451	1
1632	32451	1
5208	32451	1
6870	32451	2
6979	32451	1
7846	32451	1
9625	32451	1
991	32517	1
633	32528	1
5230	32528	1
5383	32528	1
5756	32528	1
5809	32528	1
6266	32528	1
8380	32528	1
471	32552	1
1369	32552	1
3106	32552	1
8643	32552	1
9584	32552	1
9750	32552	1
8042	32581	1
8865	32581	1
9727	32581	1
991	32590	1
5834	32603	1
6133	32603	1
6559	32603	1
7471	32603	1
3392	32627	1
3425	32627	1
39	32658	1
1357	32658	1
3214	32658	1
5290	32658	1
7411	32658	1
8376	32684	1
158	32697	1
2540	32697	1
4232	32697	1
8058	32697	1
3691	32712	1
5194	32712	1
1029	32736	1
2736	32736	1
3481	32736	1
6859	32736	1
8217	32736	1
4875	32737	1
6373	32737	1
6638	32737	1
6731	32737	1
7752	32737	1
6209	32757	1
7676	32757	1
1426	32775	1
2445	32775	1
2951	32775	1
3171	32779	1
9610	32779	1
495	32793	1
4127	32793	1
8865	32793	1
359	32815	1
3204	32815	1
8710	32815	1
2776	32842	1
3034	32842	1
8995	32842	1
9890	32842	1
1267	32849	2
1439	32849	1
3501	32849	1
4078	32849	1
4127	32849	1
4846	32849	1
6607	32849	1
8612	32849	1
8865	32849	1
9669	32849	1
3140	32856	1
6175	32856	1
8624	32856	1
2037	32870	1
2494	32870	1
7284	32870	1
8410	32870	1
9104	32870	1
197	32883	1
282	32883	1
9866	32883	1
63	32899	1
2825	32899	1
3752	32899	1
4694	32910	1
4912	32910	1
9561	32910	1
1029	32922	1
2037	32922	1
2494	32922	1
9104	32922	1
716	32946	1
7240	32946	1
9962	32946	1
246	32964	1
3091	32964	1
6458	32964	1
436	32971	1
1679	32971	1
2023	32971	1
2955	32971	1
4111	32971	1
5653	32971	1
6631	32971	1
8865	32971	1
9394	32971	1
9822	32971	1
133	32978	1
958	32978	1
2323	32978	1
7408	32978	1
7621	32987	1
8057	32987	1
8144	32987	1
1958	33008	1
5160	33008	1
5267	33008	1
1440	33010	1
4127	33010	1
4224	33010	1
4735	33010	1
2037	33034	1
2494	33034	1
7164	33034	1
8410	33034	1
9104	33034	1
579	33051	1
6625	33051	1
7923	33051	1
10042	33051	1
158	33054	1
2048	33054	1
2798	33054	1
5513	33054	1
2412	33059	1
5267	33059	1
7986	33059	1
8056	33059	1
8865	33059	1
9590	33059	1
9738	33059	1
878	33072	1
1129	33072	1
2035	33072	1
3061	33072	1
3273	33072	1
4127	33072	1
4317	33072	1
4824	33072	1
5208	33072	1
7138	33072	1
8064	33072	1
2220	33077	1
3095	33077	1
3784	33077	1
3821	33077	1
6941	33077	1
7272	33077	1
9175	33077	1
9201	33077	2
9633	33077	1
3238	33089	1
4113	33089	1
4127	33089	1
4504	33099	1
4896	33099	1
9526	33099	1
3987	33110	1
6940	33110	1
9432	33110	1
9924	33110	1
1382	33132	1
3294	33132	1
7128	33132	1
9669	33132	1
427	33150	1
1370	33150	1
1958	33159	1
4025	33159	1
5240	33159	1
2379	33165	1
3278	33172	1
8006	33172	1
9970	33172	1
9084	33173	1
6	33202	1
4339	33202	1
5086	33202	1
5834	33202	1
6559	33202	1
7169	33202	1
7425	33202	1
7979	33202	1
2477	33223	1
3034	33223	1
719	33230	1
1512	33240	1
5382	33240	1
6563	33240	1
7376	33240	1
8010	33240	1
424	33261	1
878	33261	1
919	33261	3
1147	33261	2
1845	33261	1
3562	33261	1
4127	33261	1
7971	33261	1
1937	33278	1
3490	33278	1
4732	33278	1
63	33281	1
1958	33281	1
3392	33281	1
3602	33281	1
7966	33281	1
8144	33281	1
8380	33281	1
8887	33281	1
9526	33281	1
9589	33281	1
539	33309	1
1787	33309	1
2446	33309	1
3735	33309	1
5856	33309	1
7714	33309	1
4163	33342	1
9230	33346	1
2049	33351	1
5267	33363	1
8279	33363	1
9432	33363	1
3349	33371	1
5318	33371	1
8010	33381	1
9699	33381	2
2482	33391	1
5834	33391	1
6559	33391	1
7138	33391	1
2951	33401	1
4852	33401	1
5695	33401	1
6074	33401	1
7621	33401	1
7956	33401	1
8144	33401	1
9422	33401	1
9962	33401	1
826	33406	1
1002	33406	1
1013	33406	1
1702	33406	1
3392	33406	1
3574	33406	1
5346	33406	1
5351	33406	1
6100	33406	1
7266	33406	1
8573	33406	1
8987	33406	1
496	33415	1
630	33415	2
1531	33415	1
1880	33415	2
3109	33415	1
4111	33415	1
5309	33415	1
7799	33415	1
9526	33415	1
799	33419	1
2373	33419	1
8865	33419	1
9030	33419	1
9126	33419	1
3602	33431	1
6559	33431	1
991	33444	1
4851	33444	1
9330	33444	1
282	33457	1
560	33457	1
5346	33457	1
5794	33457	1
1822	33482	1
6526	33482	1
8995	33482	1
338	33501	1
7520	33501	1
9803	33501	1
2603	33502	1
3774	33502	1
8229	33502	1
9394	33502	1
2059	33503	1
3005	33503	1
3182	33503	1
5301	33503	1
7425	33503	1
9175	33503	1
9800	33503	1
86	33523	1
1213	33523	1
2618	33523	1
5430	33523	1
5780	33523	1
6998	33523	1
7033	33523	1
9394	33523	1
142	33570	1
700	33570	1
2049	33570	1
2838	33570	1
4127	33570	1
4802	33570	1
5794	33570	2
8865	33570	1
1225	33631	1
1512	33631	1
5187	33631	1
6399	33631	1
7102	33631	1
7956	33631	1
5561	33637	1
6328	33637	1
8242	33674	1
9030	33674	1
9624	33674	1
2366	33698	1
3176	33698	1
6973	33698	1
3678	33716	1
5267	33716	1
9394	33716	1
2878	33748	1
3873	33748	1
7583	33748	1
7799	33748	1
229	33766	1
6700	33766	1
8275	33766	1
9766	33766	1
1223	33788	1
9175	33788	1
9275	33788	1
9669	33788	1
5301	33800	1
1432	33816	1
4240	33816	1
8927	33879	1
5267	33888	1
5301	33888	1
890	33898	1
2613	33898	1
5430	33898	1
6631	33898	1
7138	33898	1
7279	33898	1
8536	33898	1
9526	33898	1
1224	33904	1
3034	33904	1
7750	33904	1
8213	33904	1
9175	33904	1
9193	33904	1
1467	33917	1
2053	33917	1
2495	33971	1
3392	33971	1
3836	33971	1
4235	33971	1
6700	33971	2
8743	33971	1
8865	33971	1
9265	33971	1
9589	33971	1
3678	33979	1
9010	33979	1
5924	34005	1
9589	34005	1
3294	34009	1
6700	34009	1
8684	34009	1
9131	34009	1
2736	34024	2
3873	34024	1
4399	34024	1
7750	34024	1
8865	34024	1
9526	34024	1
7750	34031	1
3034	34032	1
8008	34032	1
8408	34045	1
991	34049	1
4127	34049	1
2736	34105	1
8213	34105	1
9193	34105	1
162	34106	1
1225	34106	1
4425	34106	1
8865	34106	1
7222	34126	2
6301	34144	1
8795	34144	1
1958	34156	1
2736	34156	1
4961	34156	1
6859	34156	2
8217	34156	1
6	34167	1
1108	34167	1
2172	34167	1
6870	34167	1
3199	34192	1
3806	34192	1
9030	34192	1
7635	34201	1
7874	34201	1
651	34210	1
1602	34210	1
7699	34210	1
8304	34210	1
8599	34210	1
687	34238	1
2902	34238	1
3148	34238	1
5149	34238	1
8213	34238	1
9669	34238	1
3392	34249	1
5267	34249	1
471	34304	1
3821	34304	1
4127	34304	1
6661	34304	1
6768	34304	1
7262	34304	1
8054	34304	1
8865	34304	2
10032	34304	1
5029	34316	1
8054	34316	1
1601	34324	2
2445	34324	1
2516	34324	2
3235	34324	1
8865	34324	1
9591	34324	2
1787	34329	1
3331	34329	1
3392	34329	1
5267	34329	1
7388	34329	1
1003	34353	1
3405	34353	1
4127	34353	1
9947	34353	1
9974	34353	1
5318	34379	1
9526	34379	1
3211	34386	1
5199	34386	1
6299	34386	1
2037	34389	1
3566	34389	1
4961	34389	1
1118	34402	1
5267	34402	1
8958	34402	1
9784	34402	1
857	34409	1
1003	34412	1
3210	34412	1
3405	34412	1
4127	34412	1
8063	34412	1
8380	34412	1
9974	34412	1
719	34426	1
2676	34426	1
3936	34426	1
4961	34468	1
9801	34468	1
2209	34472	1
6741	34472	1
7233	34472	1
7819	34472	1
9803	34472	1
719	34478	1
5303	34489	1
173	34509	1
1003	34509	1
2955	34509	1
3180	34509	1
3405	34509	1
4127	34509	1
5754	34509	2
8445	34509	1
9947	34509	1
9974	34509	1
4041	34516	1
6304	34516	1
6	34525	1
3752	34525	1
5584	34525	1
5737	34525	1
6559	34525	1
9932	34525	1
1003	34571	1
1128	34571	1
2085	34571	1
3180	34571	1
3405	34571	1
4127	34571	1
4639	34571	1
7503	34571	1
9974	34571	1
1003	34644	1
1128	34644	1
3405	34644	1
4127	34644	1
7503	34644	1
9974	34644	1
1108	34666	1
2702	34666	1
5749	34666	1
9563	34666	1
4325	34683	1
6700	34683	1
8400	34683	1
220	34703	1
1003	34703	1
1128	34703	1
3405	34703	1
4127	34703	1
4325	34703	1
6972	34703	1
7335	34703	1
7503	34703	1
7874	34703	1
8786	34703	1
9974	34703	1
677	34709	1
1288	34709	1
1602	34709	1
3034	34709	1
5023	34709	1
7039	34709	1
7385	34709	1
8978	34709	1
9546	34709	1
1147	34735	1
7675	34735	1
9938	34735	1
1003	34744	1
1707	34744	1
3405	34744	1
4127	34744	1
6048	34744	1
9974	34744	1
1608	34752	1
3602	34752	1
4877	34752	1
1003	34795	1
1128	34795	1
3405	34795	1
4127	34795	1
7503	34795	1
9947	34795	1
9974	34795	1
1048	34803	1
3533	34803	1
3806	34803	1
5365	34803	1
5923	34803	1
6400	34803	1
6787	34803	1
9561	34803	1
65	34806	1
841	34806	1
2182	34806	1
8449	34806	1
37	34816	1
2931	34816	1
3182	34816	1
5018	34816	1
5430	34816	1
6574	34816	1
6700	34816	1
9193	34816	1
191	34822	1
494	34822	1
716	34822	1
6235	34822	1
8400	34822	1
9030	34822	1
9932	34822	1
3774	34843	1
3806	34843	1
6443	34843	1
8129	34843	1
9030	34843	2
9526	34843	1
10010	34843	1
4642	34857	2
6399	34857	1
6559	34857	1
494	34860	1
1985	34860	1
3917	34860	1
5988	34860	1
7128	34860	1
8017	34860	1
9526	34860	1
6035	34886	1
6700	34886	1
6959	34886	1
7251	34886	1
7642	34886	1
4127	34902	1
4890	34902	1
6881	34902	1
2934	34916	1
891	34926	1
2561	34926	1
2931	34926	1
2966	34926	1
4906	34926	1
7825	34926	1
8879	34926	1
8920	34926	1
9130	34926	1
9669	34926	1
4187	34927	1
6400	34927	1
2973	34929	1
4897	34929	1
4987	34929	1
5648	34929	1
7404	34929	1
1003	34942	1
3405	34942	1
4127	34942	1
6769	34942	1
6941	34942	1
9974	34942	1
580	34948	1
1689	34948	1
1910	34948	1
4642	34948	1
5147	34948	1
5794	34948	1
8069	34948	1
9611	34948	1
1382	34949	1
4113	34949	1
6588	34949	1
6700	34949	1
8098	34949	2
919	34950	1
3774	34950	1
9738	34950	1
710	34964	1
3822	34964	1
4187	34964	1
5844	34964	1
7562	34964	1
8069	34987	1
8865	34987	1
9323	34987	1
1003	34996	1
1689	34996	1
3405	34996	1
4127	34996	1
6859	34996	1
9591	34996	1
9974	34996	1
4563	35018	1
5290	35018	1
128	35032	1
3273	35032	1
4963	35032	1
8375	35032	1
8879	35032	1
930	35042	1
1003	35042	1
1689	35042	1
3405	35042	1
4127	35042	1
8079	35042	1
9974	35042	1
161	35066	1
4661	35066	1
6191	35066	1
6799	35066	1
7365	35088	1
7929	35088	1
8752	35088	1
305	35102	1
1267	35102	1
3482	35102	1
5247	35102	1
5290	35102	1
6466	35102	1
8217	35102	1
9131	35102	1
9230	35102	1
9913	35102	1
1128	35112	1
4016	35112	1
4127	35112	1
4197	35112	1
6601	35112	1
8820	35112	1
2873	35128	1
4463	35128	1
9669	35128	1
5199	35142	1
7676	35142	1
7827	35142	1
9584	35142	1
604	35152	1
707	35152	1
1852	35152	1
5951	35152	1
8865	35152	1
1235	35154	1
5264	35154	1
6304	35154	1
6400	35154	1
8525	35154	1
8712	35154	1
8838	35154	1
9433	35154	1
5267	35160	1
604	35166	1
7351	35166	1
2136	35179	1
7418	35179	1
8416	35179	1
8923	35179	1
7486	35180	1
8506	35180	1
8769	35180	1
8992	35180	1
1128	35194	1
4127	35194	1
6301	35194	1
8704	35194	1
1128	35219	1
1369	35219	1
1835	35219	1
1957	35219	1
1959	35219	1
4127	35219	1
6301	35219	1
4864	35242	1
5809	35242	1
6400	35242	1
7698	35242	1
7998	35250	1
2049	35256	1
8449	35256	1
1152	35268	1
4563	35268	1
5290	35268	1
2157	35273	1
5245	35273	1
6799	35273	1
8506	35273	1
8769	35273	1
8920	35273	1
9669	35294	1
288	35303	1
1437	35303	1
7232	35303	1
7743	35303	1
4222	35309	1
5660	35309	1
6844	35309	1
9669	35309	1
2973	35311	1
4298	35311	1
7671	35311	1
927	35316	1
8684	35316	1
1029	35319	1
2997	35319	1
3482	35319	1
4563	35319	1
558	35382	1
763	35382	1
1029	35382	1
2659	35382	1
5053	35382	1
5972	35382	1
8684	35382	1
763	35436	1
6191	35436	1
6799	35436	1
7748	35436	1
8950	35436	1
9030	35436	1
9394	35436	1
811	35447	1
4127	35447	1
2049	35461	1
3711	35461	1
4862	35461	1
8879	35461	1
9201	35461	1
6625	35462	1
5301	35479	1
9632	35479	1
4563	35497	1
5288	35497	1
6146	35497	1
9913	35497	1
9925	35497	1
1629	35501	1
7548	35501	1
3091	35526	1
3602	35526	1
7581	35526	1
8625	35526	1
2569	35528	1
9669	35528	1
10023	35528	1
3191	35553	1
4694	35553	1
6492	35553	1
8599	35553	1
9926	35553	1
3728	35567	1
6467	35567	1
9801	35567	1
9926	35567	1
10023	35567	1
158	35577	1
1029	35577	1
2997	35577	1
3332	35577	1
4563	35577	1
5290	35577	1
2630	35586	1
4271	35586	1
5365	35586	1
8987	35586	1
1749	35613	1
4298	35613	1
5267	35613	1
9432	35613	1
4223	35655	1
4271	35655	1
5077	35655	1
5892	35655	1
7031	35655	1
10023	35655	1
2630	35665	1
4694	35665	1
2997	35675	1
5064	35684	1
6716	35684	1
6859	35684	2
6920	35684	1
7232	35684	1
7606	35684	1
8380	35684	1
613	35686	1
3109	35686	1
8321	35686	1
8894	35686	1
5460	35716	1
5802	35716	1
7232	35716	1
8743	35716	1
9716	35716	1
925	35721	1
3126	35721	1
4441	35721	1
5249	35721	1
5259	35721	1
10023	35721	1
3735	35740	1
4162	35740	1
8443	35740	1
4260	35742	1
8987	35742	1
7071	35750	1
5303	35769	1
10023	35769	1
4694	35797	1
5232	35797	1
3924	35867	2
5290	35867	1
5794	35867	1
9584	35867	1
9913	35867	2
9962	35867	1
1118	35902	1
1338	35902	1
2048	35902	1
3602	35902	1
3774	35902	1
8987	35902	1
3924	35922	1
748	35945	1
3924	35945	1
4017	35950	1
5160	35950	1
6100	35950	1
9890	35950	1
976	36007	1
9458	36007	1
276	36029	1
282	36029	1
4025	36029	1
5241	36029	1
7621	36029	1
8865	36029	1
1192	36036	1
4298	36036	1
9432	36036	1
243	36057	1
672	36057	1
1267	36057	1
2834	36057	1
2968	36057	1
2973	36057	1
6700	36057	1
1723	36096	1
8727	36096	1
8987	36096	1
9561	36096	1
558	36108	1
3405	36108	1
3671	36108	1
3821	36108	1
5443	36108	1
6868	36108	1
6970	36108	1
8796	36108	1
8995	36108	1
9526	36108	1
5677	36118	1
7051	36118	2
9988	36118	1
2934	36161	1
3774	36161	1
3077	36173	1
3602	36173	1
3752	36173	1
4259	36173	1
5086	36173	1
5199	36173	1
9131	36173	1
9494	36173	1
9784	36173	1
3701	36196	1
6700	36196	1
6971	36196	1
8008	36196	1
6998	36244	1
8969	36244	1
282	36289	1
3752	36289	1
4025	36289	1
5677	36289	1
7051	36289	2
7621	36289	2
9988	36289	1
4259	36350	1
7759	36350	1
8213	36350	1
3034	36353	1
3041	36353	1
3363	36353	1
4127	36353	1
7621	36353	1
890	36383	1
1937	36383	1
3294	36383	1
4070	36383	1
4223	36383	1
4259	36383	1
6700	36383	1
9669	36383	1
361	36387	1
2630	36387	1
8006	36387	1
9738	36387	1
2931	36413	1
5318	36413	1
8213	36413	1
8218	36426	1
8879	36426	1
3873	36441	1
4177	36441	1
1451	36466	1
4223	36466	1
5009	36466	1
5318	36466	1
6778	36466	1
9669	36466	1
1958	36482	1
1018	36501	1
1913	36501	1
5174	36501	1
8144	36501	1
811	36512	1
4127	36512	1
8172	36512	1
9787	36512	1
3701	36538	1
3917	36538	1
4088	36538	1
3034	36619	1
3873	36619	1
8865	36619	1
1126	36623	1
1437	36623	1
4162	36623	1
6796	36623	1
3405	36700	1
3917	36700	1
4088	36700	1
6868	36700	1
4550	36730	1
7554	36730	1
958	36754	1
2323	36754	1
2561	36754	1
3405	36754	1
3747	36754	1
5443	36754	1
8969	36754	1
9526	36754	1
1267	36756	1
9347	36756	1
3211	36767	1
5296	36767	1
5924	36767	1
7486	36767	1
8375	36767	1
9563	36767	1
3294	36768	1
8944	36769	1
4127	36774	1
5239	36774	1
1822	36795	1
2093	36795	1
2918	36795	1
2931	36795	1
4059	36795	1
976	36833	1
1629	36833	1
2600	36833	1
2973	36833	2
4987	36833	1
5267	36833	1
9669	36833	1
4160	36849	1
9962	36849	1
976	36856	1
1629	36856	1
2600	36856	1
2973	36856	1
7855	36856	1
9669	36856	1
613	36865	1
6559	36865	1
7853	36865	1
8899	36865	1
9550	36865	1
733	36897	1
1267	36897	1
3392	36932	1
5834	36932	1
8865	36932	1
2903	36935	1
2973	36935	1
4987	36935	1
1913	36974	1
3709	36974	1
5174	36974	1
5267	36974	1
361	36975	1
1933	36975	1
826	37040	1
1237	37040	1
4066	37040	1
5877	37041	1
3702	37064	3
3294	37076	1
4026	37076	1
4247	37076	1
9866	37076	1
6565	37079	1
8865	37079	1
887	37089	1
3675	37089	1
9068	37089	1
3034	37118	1
7101	37118	1
2750	37136	1
905	37139	1
6166	37139	1
3942	37144	1
4026	37144	1
5241	37144	1
5318	37144	1
9866	37144	1
8703	37147	1
9926	37147	1
2214	37162	1
2445	37162	2
2888	37162	1
3034	37162	1
3925	37162	1
4113	37162	1
9669	37162	1
2316	37166	1
7776	37166	1
8959	37166	1
1629	37174	1
3822	37174	1
4987	37174	2
5086	37174	1
7501	37174	1
8743	37174	1
2526	37183	1
5672	37183	1
4	37205	1
361	37205	1
6209	37205	1
8040	37205	1
9589	37205	1
3873	37223	1
6700	37223	1
9265	37223	1
6736	37229	1
758	37234	1
2316	37234	1
2695	37234	1
3643	37234	1
9068	37243	1
8942	37249	1
2311	37266	1
5208	37266	1
5659	37266	1
7581	37266	1
2257	37269	2
2871	37269	1
5396	37269	1
8903	37269	1
3151	37273	1
8969	37273	1
2316	37276	1
3763	37276	1
7776	37276	1
8865	37276	1
9669	37276	1
5436	37313	1
6631	37313	1
7607	37313	1
1512	37322	1
2316	37322	1
4056	37322	1
8395	37322	1
1732	37327	1
2097	37327	1
9784	37327	1
4426	37328	1
5921	37328	1
6009	37328	1
6768	37328	1
8122	37328	1
991	37333	1
4259	37333	1
7776	37333	1
9890	37333	1
7607	37341	1
9526	37341	1
4127	37350	1
6883	37350	1
9999	37350	1
1382	37366	1
1728	37366	1
4127	37366	1
5267	37366	1
5361	37366	1
7857	37366	1
8865	37366	1
8942	37377	1
9971	37377	1
148	37432	1
216	37432	1
1632	37432	1
1958	37432	1
3702	37432	1
4592	37432	1
5174	37432	1
7621	37432	1
2316	37438	1
3034	37438	1
8395	37438	1
1325	37443	1
5226	37443	1
5746	37443	1
6848	37443	1
6998	37443	1
8890	37443	1
8942	37443	1
9054	37443	1
9546	37443	1
3501	37451	1
8942	37451	1
9587	37451	1
9676	37451	1
3231	37459	1
9526	37459	1
887	37464	1
5921	37464	1
6941	37464	1
324	37465	1
9926	37465	1
4598	37556	1
5443	37556	1
7966	37556	1
8865	37556	1
9669	37556	1
3873	37568	1
5318	37568	1
9984	37568	1
456	37603	1
3034	37603	1
5589	37603	1
7266	37615	1
8887	37615	1
9493	37615	1
2277	37634	1
5621	37634	1
7240	37634	1
8398	37634	1
4127	37637	1
5318	37637	1
9121	37637	1
2446	37645	1
2888	37645	1
7776	37645	1
8187	37645	1
2006	37646	1
2361	37646	1
2975	37646	1
7776	37646	1
8213	37646	1
8944	37646	1
9669	37646	1
3087	37683	1
354	37686	1
3752	37686	1
3924	37686	1
8042	37686	1
2531	37694	1
4056	37694	1
558	37705	1
3273	37705	1
3769	37705	1
5344	37705	1
7559	37705	1
354	37729	1
3568	37729	1
3806	37729	1
3924	37729	1
5029	37729	1
5290	37729	1
4127	37748	1
7266	37748	1
9751	37748	1
1029	37759	1
1958	37759	1
2864	37759	1
8293	37759	1
8558	37759	2
9526	37759	1
8294	37776	1
8558	37776	1
2750	37785	1
5448	37785	1
8558	37785	1
489	37801	1
677	37801	1
2546	37801	1
6166	37801	1
25	37802	1
181	37802	1
185	37802	1
354	37802	1
2931	37802	1
3924	37802	1
7128	37802	1
8324	37802	1
9526	37802	1
5318	37809	1
7266	37809	1
125	37846	1
746	37846	1
1477	37846	1
1656	37846	1
305	37851	1
3511	37851	1
3602	37851	1
6258	37851	1
8449	37851	1
9301	37851	1
9890	37851	2
9891	37851	1
3702	37870	1
1505	37880	1
8142	37880	1
5160	37896	1
305	37897	1
354	37897	1
3735	37897	1
3924	37897	1
5318	37897	1
181	37909	1
305	37909	1
507	37909	1
4692	37909	1
5382	37909	2
6622	37909	1
9913	37909	1
9924	37909	1
9940	37909	1
9962	37909	1
282	37938	1
1054	37938	1
1958	37938	1
1054	37959	1
2937	37959	1
4025	37959	1
8752	37959	1
9458	37959	1
9890	37959	1
14	37979	1
305	37979	1
354	37979	1
2630	37979	1
3924	37979	1
6468	37979	1
8449	37985	1
9800	37985	1
867	37988	1
2158	37988	1
3047	37988	1
4259	37988	2
5029	37988	1
6700	37988	1
1267	37990	1
4294	37990	1
5267	37990	1
1413	38004	1
5396	38004	1
9542	38004	1
305	38015	1
354	38015	1
971	38015	1
3091	38015	1
3501	38015	1
3924	38015	1
4113	38015	1
6005	38015	1
9913	38015	1
887	38025	1
3675	38025	1
4846	38025	1
6941	38025	1
14	38052	1
305	38052	1
354	38052	1
2630	38052	1
3924	38052	1
6466	38052	1
7381	38052	1
108	38055	1
2048	38055	1
2973	38055	1
3284	38055	1
3822	38055	2
4897	38055	1
5174	38055	1
6301	38055	1
7621	38055	1
8395	38055	1
9900	38055	1
305	38068	1
354	38068	1
624	38068	2
3924	38068	1
8324	38068	1
9913	38068	1
2528	38081	1
3873	38081	1
4235	38081	1
6700	38081	1
7385	38081	1
2382	38107	1
6700	38107	1
8008	38107	1
305	38116	1
354	38116	1
3501	38116	1
3924	38116	1
5086	38116	1
5921	38116	1
7735	38116	1
8624	38116	1
9526	38116	1
9913	38116	1
305	38124	1
354	38124	1
3924	38124	1
4127	38127	1
4135	38127	1
6614	38127	1
9813	38127	1
2990	38129	1
3291	38129	1
4127	38129	1
6405	38129	1
6619	38129	1
7882	38129	1
9084	38129	1
158	38155	1
305	38155	1
354	38155	1
2630	38155	1
3087	38155	1
3428	38155	1
3501	38155	1
3924	38155	1
4135	38155	1
5114	38155	1
5288	38155	1
8109	38155	1
9890	38155	2
9913	38155	1
305	38201	1
354	38201	1
2997	38201	1
3501	38201	1
3924	38201	1
6467	38201	1
1108	38210	1
1505	38210	1
2445	38210	1
6233	38210	1
8249	38210	1
9561	38210	1
758	38221	1
1549	38221	1
3671	38221	1
3821	38221	1
4598	38221	1
4603	38221	1
6963	38221	1
7507	38221	1
8865	38221	1
9538	38221	1
3821	38228	1
8098	38228	1
8865	38228	1
181	38231	1
305	38231	1
354	38231	1
3924	38231	1
8055	38231	1
9645	38231	1
395	38257	1
5318	38257	1
305	38259	1
354	38259	1
3295	38259	1
3924	38259	1
5077	38259	1
9330	38259	1
158	38296	1
1937	38296	1
3003	38296	1
5443	38296	1
6596	38296	1
6844	38296	1
7676	38296	1
2215	38298	1
3392	38298	1
3481	38298	1
3501	38298	1
8060	38298	1
305	38314	1
354	38314	1
1067	38314	1
3924	38314	1
6104	38314	1
8879	38314	1
8376	38321	1
526	38370	1
2209	38370	1
2600	38370	1
4396	38370	1
8865	38370	1
305	38403	1
354	38403	1
726	38403	1
2526	38403	1
2999	38403	1
3924	38403	1
4642	38403	1
6005	38403	1
9526	38403	1
677	38423	1
2750	38423	1
3752	38423	1
6716	38423	1
7128	38423	1
7262	38423	1
7634	38423	1
7857	38423	1
8806	38423	1
8978	38423	1
9323	38423	1
9526	38423	1
1642	38437	1
2630	38437	1
6166	38437	1
6396	38437	1
6902	38437	1
7235	38437	1
7520	38437	1
9526	38437	1
8449	38455	1
8479	38455	1
9053	38455	1
9549	38455	1
9589	38455	1
9759	38455	1
3501	38456	1
4259	38456	1
7759	38456	1
9230	38456	1
305	38464	1
354	38464	1
3501	38464	1
3924	38464	1
6716	38464	1
8462	38464	1
8887	38475	1
3701	38480	1
6971	38480	1
1440	38484	1
1702	38484	1
3518	38484	1
5725	38484	1
5972	38484	1
6166	38484	1
6998	38484	1
7776	38484	1
8395	38484	1
9445	38484	1
9589	38484	1
534	38537	1
1707	38537	1
4111	38537	1
4127	38537	1
4136	38537	1
4412	38537	1
5672	38537	1
5460	38558	1
8752	38558	1
1629	38584	1
1730	38584	1
8520	38584	1
9784	38590	1
322	38608	1
2074	38608	1
3822	38608	1
4127	38608	1
5318	38608	1
5854	38608	1
5884	38608	1
8865	38608	1
9538	38608	1
4855	38618	1
8443	38618	1
305	38624	1
354	38624	1
3034	38624	1
3924	38624	1
4351	38624	1
4862	38624	1
5608	38624	2
8865	38624	1
9399	38624	1
9913	38624	1
887	38648	1
1730	38648	1
3675	38648	1
9962	38648	2
991	38655	1
1236	38655	1
5660	38655	1
1108	38664	1
1991	38664	1
5460	38664	1
5655	38664	1
323	38665	1
7722	38665	1
6304	38679	1
9365	38679	1
1017	38685	1
3097	38685	1
4017	38685	1
4070	38685	1
6704	38685	1
8108	38685	1
9394	38685	1
9717	38685	1
1602	38686	1
8987	38686	1
305	38697	1
354	38697	1
3924	38697	1
4603	38697	1
4864	38697	1
6700	38697	1
2587	38702	1
3273	38702	1
4056	38702	1
4820	38702	1
7441	38702	1
8899	38702	1
9175	38702	1
394	38703	1
3630	38703	1
9501	38703	1
133	38711	1
5184	38711	1
9996	38711	1
525	38726	1
2502	38726	1
3087	38726	1
4127	38726	1
1666	38730	1
4656	38730	1
5589	38730	1
5727	38730	1
6846	38730	1
9054	38730	1
9561	38730	1
9676	38730	1
354	38741	1
4127	38741	1
4138	38741	1
8532	38741	1
3077	38752	1
1632	38764	1
2020	38764	1
7776	38764	1
4127	38770	1
8865	38770	1
9501	38770	2
9716	38770	1
395	38838	1
8586	38838	1
9501	38838	1
136	38841	1
5318	38841	1
8969	38841	1
9526	38841	1
2918	38852	1
9501	38852	1
9542	38852	1
3566	38858	1
8187	38858	1
8509	38858	1
8806	38858	1
907	38862	1
3711	38862	1
5318	38862	1
9121	38862	1
1029	38864	1
1331	38864	1
2917	38864	1
2931	38864	1
4162	38864	1
5153	38864	1
8462	38864	1
9265	38864	1
5866	38870	1
8376	38870	1
525	38879	2
1937	38879	1
2973	38879	1
8573	38879	1
4017	38892	1
4025	38892	1
4127	38892	1
5226	38892	1
7621	38892	2
9784	38892	2
141	38902	1
3092	38904	1
4248	38904	1
8449	38904	1
1450	38916	1
3763	38916	1
6847	38916	1
495	38921	1
5267	38921	1
9501	38921	1
2477	38922	1
1995	38923	1
1194	38925	1
1602	38925	1
2695	38925	1
2881	38925	1
4260	38925	1
8865	38925	1
3384	38929	1
5300	38929	1
3319	38934	1
3359	38934	1
3392	38934	1
4127	38934	1
7467	38934	1
7601	38934	1
8144	38941	1
9501	38944	1
2446	38951	1
2888	38951	1
2955	38951	1
3392	38951	1
6859	38951	1
8528	38951	1
8865	38951	1
9126	38951	1
9669	38951	1
1902	38967	1
9500	38967	1
9501	38967	1
305	38975	1
354	38975	1
3735	38975	1
3924	38975	1
5351	38975	1
6166	38975	1
6991	38975	1
8987	38975	1
9913	38975	1
680	38995	1
3392	38995	1
5924	38995	1
8624	38995	1
9445	38995	1
9890	38995	1
63	39010	1
2630	39020	1
8602	39020	1
9175	39020	1
9501	39020	1
305	39025	1
354	39025	1
4127	39025	1
6769	39025	1
7966	39025	1
8969	39025	1
9526	39025	1
558	39034	1
6266	39034	1
958	39058	1
2997	39058	1
5078	39058	1
5396	39058	1
8322	39058	1
134	39063	1
948	39063	1
1359	39063	1
2368	39063	1
5074	39063	1
8865	39063	1
9011	39063	1
5318	39081	1
9501	39081	1
1071	39084	1
2351	39084	1
3702	39084	2
865	39097	1
1780	39097	1
3198	39097	1
4259	39097	1
5903	39097	1
9669	39097	1
4127	39119	1
5768	39119	1
6859	39119	1
8218	39119	1
8865	39119	1
63	39121	1
3273	39121	1
3332	39121	1
8114	39121	1
8969	39121	1
9011	39121	1
9625	39121	1
3970	39128	1
6625	39128	1
7695	39128	1
1039	39133	1
6847	39133	1
1039	39174	1
1256	39174	1
5290	39174	2
6949	39174	1
4248	39187	1
7128	39187	1
7486	39187	1
9500	39187	1
9502	39187	1
63	39188	1
579	39199	1
1118	39199	1
3332	39199	1
8114	39199	1
9625	39199	1
9813	39199	1
9913	39199	1
7638	39214	2
9502	39214	1
8449	39235	1
9502	39235	1
394	39258	1
3630	39258	1
9502	39258	1
2630	39268	2
2997	39268	1
3197	39268	1
3332	39268	1
5659	39268	1
6700	39268	1
9913	39268	1
9716	39281	1
1039	39282	1
2030	39286	1
5163	39286	1
1152	39302	1
3428	39302	1
4157	39302	1
6873	39331	1
7621	39331	3
9502	39331	1
1747	39351	1
4088	39351	1
4127	39351	1
6166	39351	1
8014	39351	1
8865	39351	1
878	39355	1
3332	39355	1
5911	39355	1
1029	39382	1
3273	39382	1
7986	39382	1
3332	39390	1
4223	39390	1
5877	39390	1
9400	39390	1
9913	39390	1
14	39409	1
3332	39409	1
5241	39409	1
9913	39409	1
1700	39420	1
2690	39420	1
4127	39420	1
1382	39452	1
3822	39452	1
1787	39457	1
2463	39457	1
3207	39457	1
4399	39457	1
6706	39457	1
7776	39457	1
8852	39457	1
7621	39472	2
9135	39472	1
9502	39472	1
3416	39473	1
3092	39485	1
5298	39485	1
1831	39487	1
2600	39487	1
3416	39487	1
4118	39487	1
5478	39487	1
7986	39506	1
8865	39506	1
9502	39506	1
1759	39539	1
3822	39539	1
5199	39539	1
5972	39539	1
6444	39539	1
8098	39539	1
9924	39539	1
6180	39543	1
9784	39543	1
1433	39553	1
6817	39553	1
6922	39553	1
9502	39553	1
2011	39587	1
3822	39587	1
5924	39587	1
9589	39587	1
3482	39614	1
3552	39614	1
5466	39614	1
6465	39614	1
173	39618	1
2702	39618	1
8941	39618	1
9502	39618	1
1128	39620	1
3112	39620	1
3207	39620	1
4127	39620	1
6301	39620	1
4278	39623	1
8573	39623	1
8969	39623	1
9526	39623	1
3919	39626	1
8865	39626	1
9502	39626	1
4235	39639	2
4350	39639	1
5318	39639	1
7729	39639	1
9526	39639	1
9627	39639	1
1267	39644	1
2593	39644	1
3395	39644	1
3485	39644	1
4127	39644	1
266	39647	1
8865	39647	1
9293	39647	1
9974	39647	1
758	39655	1
3392	39655	1
6894	39655	1
1174	39657	1
5771	39657	1
6166	39657	1
8923	39657	1
8987	39657	1
9538	39657	1
1359	39666	1
2896	39666	1
8684	39666	1
394	39674	1
1437	39674	1
5651	39674	1
6043	39674	1
9502	39674	1
9542	39674	1
9716	39674	1
1833	39677	1
4877	39677	1
25	39689	1
1331	39689	1
1707	39689	1
2117	39689	1
2477	39689	1
4259	39689	1
8870	39689	1
8887	39689	1
9610	39689	1
9669	39689	2
3839	39699	1
8144	39699	1
1267	39706	1
1281	39706	1
3898	39706	1
6468	39706	1
2445	39734	1
2871	39734	1
2888	39734	1
3321	39734	1
9669	39734	1
394	39741	1
9502	39741	1
1919	39767	1
2445	39767	1
8172	39767	1
9502	39767	1
7548	39768	1
9766	39768	1
526	39777	1
2049	39777	1
3294	39777	1
3392	39777	1
4235	39777	1
6859	39777	1
7776	39780	1
733	39805	1
1888	39805	1
4366	39805	1
5029	39805	1
6444	39805	1
6683	39805	1
7563	39805	1
7660	39805	1
6785	39806	1
7789	39806	1
9500	39806	1
9502	39806	1
1389	39829	1
6618	39829	1
8008	39831	1
8865	39831	1
9066	39831	1
52	39836	1
2888	39836	1
7262	39836	1
8865	39836	1
366	39846	1
3765	39846	1
1440	39858	1
4247	39858	1
4735	39858	1
7743	39858	1
9983	39858	1
591	39864	1
1836	39864	1
4205	39864	1
9502	39864	1
6971	39886	3
887	39898	1
4111	39898	1
6625	39898	1
6941	39898	1
9736	39918	1
726	39938	1
935	39938	1
1128	39938	1
1288	39938	2
1702	39938	1
2955	39938	1
3180	39938	1
3207	39938	2
4127	39938	1
101	39950	1
9502	39957	1
394	39996	1
5318	39996	1
9502	39996	1
2055	40008	1
4127	40008	1
6795	40008	1
7621	40008	1
8145	40008	1
8865	40008	1
9503	40008	1
9561	40008	1
9698	40008	1
733	40015	1
6217	40015	1
8449	40015	1
9766	40015	1
173	40024	1
3100	40024	1
6166	40024	1
6266	40024	1
7583	40024	1
7874	40024	1
589	40025	1
5318	40025	1
161	40042	1
1118	40042	1
4127	40042	1
8528	40042	1
8865	40042	1
394	40083	1
3735	40083	1
5298	40083	1
9010	40083	1
9502	40083	1
3839	40091	1
4527	40091	1
6859	40091	1
324	40103	1
887	40103	1
3675	40103	1
9068	40103	1
1913	40119	1
2750	40119	1
5987	40119	1
7819	40119	1
8969	40119	1
3003	40140	1
4592	40140	1
5174	40140	1
7621	40140	1
8865	40147	1
8536	40155	1
2514	40160	1
2630	40160	1
4260	40160	1
8865	40160	1
9165	40160	1
9500	40160	1
9589	40160	1
1267	40166	1
4127	40166	1
7472	40166	1
1667	40172	1
3207	40172	1
3548	40172	1
4127	40172	1
4852	40172	1
5032	40172	1
7370	40172	1
7983	40172	1
8362	40172	1
2514	40174	1
2630	40174	1
4260	40174	1
8865	40174	1
9500	40174	1
9589	40174	1
1958	40182	1
3873	40182	1
8217	40182	1
8865	40182	1
2157	40187	1
4259	40187	1
5232	40187	1
1540	40206	1
3751	40206	1
4127	40206	1
7365	40206	1
887	40214	1
1267	40214	1
2561	40214	1
2578	40214	1
3675	40214	1
5029	40214	1
5758	40214	1
6058	40214	1
6700	40214	1
7998	40214	1
9068	40214	1
3576	40217	1
9145	40217	1
3917	40222	1
6950	40222	1
7998	40222	1
8213	40222	1
8395	40222	1
8923	40222	1
680	40230	1
3873	40230	1
8520	40230	1
8684	40230	1
2997	40237	1
7998	40237	1
2903	40240	1
5018	40240	1
2448	40250	2
3207	40250	1
3562	40250	1
7421	40250	1
9669	40250	1
3765	40252	1
5201	40252	1
2914	40268	1
3289	40268	1
3822	40268	1
5604	40268	1
7696	40268	1
7998	40268	1
579	40273	1
1958	40273	1
5267	40273	1
9561	40273	1
1958	40285	1
5241	40285	1
588	40286	1
3873	40286	1
8865	40286	1
307	40311	1
3822	40311	1
6725	40311	1
6937	40311	1
656	40314	1
887	40314	1
1267	40314	1
1455	40314	1
1913	40314	1
3675	40314	1
4658	40314	1
4820	40314	1
5267	40314	1
8213	40314	1
8956	40314	1
8098	40316	1
9502	40316	1
1540	40322	1
2878	40322	1
6444	40322	1
7426	40322	1
8865	40322	1
9669	40322	1
2997	40326	1
8520	40326	1
526	40331	1
2055	40331	1
3006	40331	1
56	40333	1
2477	40333	1
4259	40333	1
8098	40333	1
9542	40333	1
2059	40338	1
4152	40338	1
7049	40338	1
795	40346	1
2672	40346	1
4157	40346	1
4964	40346	1
8043	40346	1
4220	40356	1
5415	40356	1
9258	40356	1
3006	40357	1
5163	40357	1
7621	40357	1
8218	40357	1
8397	40357	1
9601	40357	1
2570	40372	1
5934	40372	1
5936	40372	1
6323	40372	1
6328	40372	1
6352	40372	1
6787	40372	1
515	40381	1
3752	40381	1
5068	40381	1
5934	40381	1
5936	40381	1
6323	40381	1
6328	40381	1
6352	40381	1
6707	40381	1
7483	40381	1
7966	40381	1
9803	40381	1
4127	40386	1
7266	40386	1
8865	40386	1
9538	40386	1
5318	40389	1
8865	40389	1
3231	40399	1
3784	40399	2
5103	40399	1
5934	40399	1
5936	40399	1
6323	40399	1
6328	40399	1
6352	40399	1
4215	40404	1
9284	40404	1
9230	40412	1
3576	40419	1
5200	40419	1
6254	40419	1
7266	40419	1
8865	40419	1
679	40439	1
5934	40439	1
5936	40439	1
6323	40439	1
6328	40439	1
6352	40439	1
6392	40439	1
6861	40439	1
7966	40439	1
9803	40439	1
4896	40444	1
7178	40444	1
1656	40446	1
2059	40446	1
3231	40446	1
3392	40446	1
5934	40446	1
5936	40446	1
6323	40446	1
6328	40446	1
6352	40446	1
8587	40446	1
9117	40446	1
9526	40446	1
9589	40446	1
3231	40453	1
5235	40453	1
5934	40453	1
5936	40453	1
6323	40453	1
6328	40453	1
6352	40453	1
6941	40453	1
9526	40453	1
5683	40456	1
6243	40456	1
8246	40456	1
9691	40456	1
941	40465	1
2569	40465	1
3392	40465	1
3395	40465	1
4127	40465	1
5181	40465	1
8865	40465	2
9538	40465	1
10006	40465	1
3702	40480	1
4798	40480	1
3392	40500	1
5934	40500	1
5936	40500	1
6146	40500	1
6323	40500	1
6328	40500	1
6352	40500	1
6711	40505	1
8217	40505	1
9458	40505	1
579	40524	1
3392	40524	1
5934	40524	1
5936	40524	1
6323	40524	1
6328	40524	1
6352	40524	1
6707	40524	1
7284	40524	1
7977	40524	1
56	40527	1
3069	40527	1
7714	40527	1
8098	40527	1
8443	40527	1
9546	40527	1
177	40547	1
3784	40547	1
4977	40547	1
6859	40547	1
177	40567	1
4963	40567	1
4977	40567	1
9030	40567	1
9926	40567	1
177	40572	1
1656	40572	1
3001	40572	1
4977	40572	1
5086	40572	1
579	40578	1
4088	40578	1
5934	40578	1
5936	40578	1
6323	40578	1
6328	40578	1
6352	40578	1
6707	40578	1
7966	40578	1
8387	40578	1
1958	40588	1
2200	40588	1
2529	40588	1
2578	40588	1
2951	40588	1
4080	40588	3
5921	40588	1
6323	40588	1
6328	40588	1
6352	40588	1
6941	40588	1
7106	40588	1
7638	40588	1
7977	40588	1
8304	40588	2
177	40598	1
391	40598	1
2059	40598	1
2600	40598	1
2973	40598	1
3873	40598	1
4977	40598	1
4987	40598	1
5267	40598	1
177	40611	1
4915	40611	1
4977	40611	1
5077	40611	1
5782	40611	1
9526	40611	1
177	40628	1
2446	40628	1
3109	40628	1
4977	40628	1
5086	40628	1
5396	40628	1
9046	40628	1
111	40641	1
579	40641	1
2446	40641	1
2600	40641	1
3985	40641	1
4214	40641	1
5921	40641	1
5934	40641	1
5936	40641	1
6323	40641	1
6328	40641	1
6352	40641	1
6486	40641	1
6707	40641	1
7966	40641	1
177	40653	1
1656	40653	1
3003	40653	1
3109	40653	1
4963	40653	1
4977	40653	1
6861	40653	1
9584	40653	1
4215	40658	1
5018	40658	1
5032	40658	1
7128	40658	1
8865	40658	1
9526	40658	1
9669	40658	1
1958	40662	1
3988	40662	1
6323	40662	1
6328	40662	1
6352	40662	1
9589	40662	1
1152	40665	1
5934	40665	1
5936	40665	1
6323	40665	1
6328	40665	1
6352	40665	1
6392	40665	1
6486	40665	1
6973	40665	1
7621	40665	1
9526	40665	1
9809	40665	1
177	40675	1
366	40675	1
3425	40675	1
4538	40675	1
4977	40675	1
4987	40675	1
5267	40675	1
6859	40675	1
8587	40675	1
8923	40675	1
9584	40675	1
10000	40675	1
258	40686	1
394	40686	1
531	40686	1
1074	40686	1
5691	40686	1
5972	40686	1
6444	40686	1
177	40700	1
1437	40700	1
4977	40700	1
4987	40700	1
6866	40700	1
8054	40700	1
5240	40703	1
5318	40703	1
5783	40703	1
177	40711	1
4977	40711	1
5267	40711	1
8375	40711	1
2209	40721	1
3784	40721	1
4347	40721	1
5267	40721	1
5934	40721	1
5936	40721	1
6323	40721	1
6328	40721	1
6352	40721	1
915	40748	1
949	40748	1
2600	40748	2
5267	40748	1
5934	40748	1
5936	40748	1
6323	40748	1
6328	40748	1
6352	40748	1
2493	40754	1
5660	40768	1
5934	40768	1
5936	40768	1
6076	40768	1
6323	40768	1
6328	40768	1
6352	40768	1
6486	40768	1
7483	40768	1
7966	40768	1
9803	40768	1
1350	40771	1
3984	40771	1
5029	40771	1
5318	40771	1
7523	40771	2
9032	40771	1
9669	40771	1
177	40781	1
2973	40781	1
4977	40781	1
4987	40781	1
5267	40781	1
8312	40781	1
392	40783	1
1236	40783	1
3392	40783	1
5068	40783	1
5934	40783	1
5936	40783	1
6323	40783	1
6328	40783	1
6352	40783	1
6625	40783	1
9368	40783	1
9589	40783	1
177	40798	1
447	40798	1
7284	40798	1
7789	40798	1
8400	40798	1
9633	40798	1
8684	40804	1
8043	40817	1
8684	40817	1
5527	40832	1
8384	40832	1
2037	40838	1
7988	40847	1
4212	40856	1
5159	40856	1
7086	40856	1
8184	40856	1
8395	40862	1
2531	40940	1
3294	40940	1
3501	40940	1
4861	40940	1
8044	40940	1
8116	40940	1
8150	40940	1
9103	40940	1
9201	40940	1
9624	40940	1
1225	40946	1
1759	40946	1
4127	40946	1
4446	40946	1
6868	40946	1
8046	40946	1
8912	40946	1
9028	40946	1
1164	40992	1
9175	40992	1
1236	41005	1
3034	41026	1
826	41091	1
1783	41091	1
2494	41091	1
4066	41091	1
8865	41091	1
9104	41091	1
515	41171	1
526	41171	1
3752	41171	1
4446	41171	1
4961	41171	1
6958	41171	1
7933	41171	1
3548	41186	1
3914	41186	1
9121	41186	1
2513	41189	1
3511	41189	1
4127	41189	1
5460	41189	1
6625	41189	1
3702	41214	1
3926	41214	1
6217	41214	1
8098	41235	1
177	41246	1
2445	41246	1
2495	41246	1
4659	41246	1
8090	41246	1
2366	41271	1
3075	41271	1
704	41362	1
6959	41362	1
3215	41364	1
3349	41364	1
3501	41364	1
8380	41364	1
9589	41364	1
4111	41365	1
8099	41365	1
8969	41365	1
4116	41369	1
4160	41369	1
5877	41369	1
9060	41369	1
384	41372	1
2068	41372	1
4771	41372	1
8872	41372	1
991	41377	1
5794	41380	2
8253	41380	1
1436	41389	1
3281	41389	1
6431	41389	1
8935	41389	1
760	41392	1
5267	41392	1
8672	41392	1
8865	41392	1
1204	41394	1
1854	41394	1
2478	41394	1
4864	41394	1
5589	41394	1
6925	41394	1
2071	41399	1
3034	41399	1
5267	41399	1
4152	41402	1
1213	41409	1
3095	41409	1
3809	41409	1
5318	41409	1
7857	41409	1
3970	41412	1
4292	41412	1
5226	41412	1
7827	41412	1
8806	41412	1
2616	41418	1
9602	41418	1
5768	41466	1
8098	41466	1
3040	41468	1
4127	41468	1
4868	41468	1
5518	41468	1
5943	41468	1
8533	41468	1
10005	41468	1
872	41486	1
1381	41486	1
3182	41486	1
5157	41486	1
158	41490	1
1630	41490	1
2630	41490	1
5226	41490	1
5604	41490	1
9542	41490	1
534	41497	1
857	41497	1
4259	41497	1
8969	41497	1
3873	41498	1
7462	41498	1
8923	41498	1
9538	41498	1
3273	41499	1
5318	41499	1
2864	41504	1
5226	41504	1
4088	41506	1
9542	41506	1
158	41511	1
1886	41511	1
6209	41511	1
8380	41511	1
158	41513	1
891	41513	1
4854	41513	1
6894	41513	1
7124	41513	1
158	41519	1
841	41519	1
3034	41519	2
6661	41519	1
857	41521	2
3735	41521	2
3822	41521	1
3970	41521	1
5318	41521	1
6264	41521	1
6454	41521	1
8969	41521	1
8978	41521	1
3724	41522	1
4852	41522	2
6700	41522	1
6959	41522	2
857	41523	2
3735	41523	2
3822	41523	1
3970	41523	1
5318	41523	1
6264	41523	1
6454	41523	1
8969	41523	1
8978	41523	1
857	41524	2
3735	41524	2
3822	41524	1
3970	41524	1
5318	41524	1
6264	41524	1
6454	41524	1
8969	41524	1
8978	41524	1
1102	41525	1
3602	41525	1
6563	41525	1
8010	41525	1
857	41528	2
3735	41528	2
3822	41528	1
3970	41528	1
5318	41528	1
6264	41528	1
6454	41528	1
8969	41528	1
8978	41528	1
1382	41530	1
5866	41530	2
7031	41530	1
857	41531	2
3735	41531	2
3822	41531	1
3970	41531	1
5318	41531	1
6264	41531	1
6454	41531	1
8969	41531	1
8978	41531	1
857	41533	2
3735	41533	2
3822	41533	1
3970	41533	1
5318	41533	1
6264	41533	1
6454	41533	1
8969	41533	1
8978	41533	1
1382	41534	1
8684	41534	1
857	41535	2
3735	41535	2
3822	41535	1
3970	41535	1
5318	41535	1
6264	41535	1
6454	41535	1
8969	41535	1
8978	41535	1
857	41537	2
3735	41537	2
3822	41537	1
3970	41537	1
5318	41537	1
6264	41537	1
6454	41537	1
8969	41537	1
8978	41537	1
857	41538	2
3735	41538	2
3822	41538	1
3970	41538	1
5318	41538	1
6264	41538	1
6454	41538	1
8969	41538	1
8978	41538	1
1440	41539	1
7264	41539	1
857	41541	2
3735	41541	2
3822	41541	1
3970	41541	1
5318	41541	1
6264	41541	1
6454	41541	1
8969	41541	1
8978	41541	1
857	41542	2
3735	41542	2
3822	41542	1
3970	41542	1
5318	41542	1
6264	41542	1
6454	41542	1
8969	41542	1
8978	41542	1
857	41543	2
3735	41543	2
3822	41543	1
3970	41543	1
5318	41543	1
6264	41543	1
6454	41543	1
8969	41543	1
8978	41543	1
8506	41544	1
9126	41544	1
857	41545	2
3735	41545	2
3822	41545	1
3970	41545	1
5318	41545	1
6264	41545	1
6454	41545	1
8969	41545	1
8978	41545	1
857	41547	2
3735	41547	2
3822	41547	1
3970	41547	1
5318	41547	1
6264	41547	1
6454	41547	1
8969	41547	1
8978	41547	1
857	41548	2
3735	41548	2
3822	41548	1
3970	41548	1
5318	41548	1
6264	41548	1
6454	41548	1
8969	41548	1
8978	41548	1
3873	41549	1
5318	41549	1
5460	41549	1
857	41550	2
3735	41550	2
3822	41550	1
3970	41550	1
5318	41550	1
6264	41550	1
6454	41550	1
8969	41550	1
8978	41550	1
857	41551	2
3735	41551	2
3822	41551	1
3970	41551	1
5318	41551	1
6264	41551	1
6454	41551	1
8969	41551	1
8978	41551	1
6998	41552	1
5074	41554	1
9265	41554	1
857	41556	2
3735	41556	2
3822	41556	1
3970	41556	1
5318	41556	1
6264	41556	1
6454	41556	1
8969	41556	1
8978	41556	1
857	41557	2
3735	41557	2
3822	41557	1
3970	41557	1
5318	41557	1
6264	41557	1
6454	41557	1
8969	41557	1
8978	41557	1
2931	41558	2
5188	41558	1
5256	41558	1
6700	41558	1
3294	41561	1
5866	41561	1
857	41562	2
3735	41562	2
3822	41562	1
3970	41562	1
5318	41562	1
6264	41562	1
6454	41562	1
8969	41562	1
8978	41562	1
857	41563	2
3735	41563	2
3822	41563	1
3970	41563	1
5318	41563	1
6264	41563	1
6454	41563	1
8969	41563	1
8978	41563	1
857	41564	2
3735	41564	2
3822	41564	1
3970	41564	1
5318	41564	1
6264	41564	1
6454	41564	1
8969	41564	1
8978	41564	1
2968	41565	1
3511	41565	1
5866	41565	1
8865	41565	1
857	41566	2
3735	41566	2
3822	41566	1
3970	41566	1
5318	41566	1
6264	41566	1
6454	41566	1
8969	41566	1
8978	41566	1
857	41568	2
3735	41568	2
3822	41568	1
3970	41568	1
5318	41568	1
6264	41568	1
6454	41568	1
8969	41568	1
8978	41568	1
3034	41569	1
2951	41572	1
7266	41572	1
8865	41572	1
1126	41579	1
1382	41579	1
1440	41579	1
3110	41579	1
4041	41579	1
4113	41579	1
9699	41579	1
6166	41583	1
7493	41583	1
8560	41583	1
9373	41583	1
633	41586	1
1267	41586	1
5866	41586	1
6697	41596	1
6959	41596	1
8395	41596	1
9805	41596	1
5866	41597	1
158	41598	1
5157	41598	1
6661	41598	1
2164	41612	1
2736	41612	1
3091	41613	1
5226	41613	1
5267	41613	1
3092	41621	1
5267	41621	2
430	41631	1
9669	41631	1
2663	41639	1
3984	41639	1
4906	41639	1
5460	41639	1
7776	41639	1
8134	41639	2
8903	41639	2
9201	41639	1
8279	41647	1
8903	41647	1
9588	41647	1
5008	41659	1
5267	41659	1
6035	41659	1
3926	41665	1
5892	41665	1
8810	41665	1
8923	41665	1
9153	41665	1
9538	41665	1
30	41669	1
412	41669	1
1128	41669	1
4127	41669	1
5521	41669	1
6301	41669	1
9604	41669	1
5892	41673	1
1194	41690	1
2950	41690	1
5226	41690	3
5794	41690	1
6970	41690	1
7128	41690	1
8380	41690	1
8395	41690	1
4238	41701	1
857	41707	2
3735	41707	2
3822	41707	1
3970	41707	1
5318	41707	1
6264	41707	1
6454	41707	1
8969	41707	1
8978	41707	1
5267	41718	1
5436	41718	1
6217	41718	1
8865	41718	2
8879	41718	1
9669	41718	1
1006	41721	1
3211	41721	1
7409	41721	1
7971	41721	1
8684	41721	1
1276	41722	1
7761	41722	1
3182	41759	1
3543	41759	1
470	41798	1
4127	41798	1
5351	41798	1
5480	41798	2
5535	41798	1
5758	41798	1
5760	41798	1
6700	41798	1
841	41834	1
894	41834	1
2155	41834	1
2183	41834	1
5561	41834	1
6304	41834	1
6907	41834	1
8329	41834	1
8969	41834	2
9500	41834	3
9784	41834	1
841	41836	1
894	41836	1
2155	41836	1
2183	41836	1
5561	41836	1
6304	41836	1
6907	41836	1
8329	41836	1
8969	41836	2
9500	41836	3
9784	41836	1
733	41837	4
2931	41926	1
3034	41926	1
5396	41926	1
8182	41926	1
8865	41926	1
9581	41926	1
9611	41926	1
9803	41926	1
1679	41939	1
3232	41939	1
8324	41939	1
1679	41965	1
3806	41965	1
8054	41965	1
8865	41965	1
9054	41965	1
5683	42001	1
5892	42001	1
6243	42001	1
8332	42001	1
9542	42001	1
1747	42002	1
3215	42002	1
3735	42002	1
8978	42002	1
6965	42014	1
6970	42014	1
7493	42014	1
8887	42014	1
9144	42014	1
6970	42036	2
8684	42036	2
9334	42036	1
9394	42036	1
56	42044	1
5318	42044	1
6970	42044	1
8213	42044	1
2398	42051	1
3392	42051	1
4127	42051	1
4491	42051	1
6725	42051	1
8116	42051	1
9500	42051	2
9526	42051	1
5768	42113	1
8865	42113	1
9611	42113	1
4127	42220	1
9825	42220	1
4127	42316	1
5892	42316	1
6304	42316	1
9542	42681	1
3228	42768	1
5074	42768	1
5865	42768	1
7848	42768	1
8969	42768	1
528	42777	1
8098	42777	1
8865	42777	1
9669	42777	1
1475	42824	1
1787	42824	1
3182	42824	1
4640	42824	1
9637	42824	1
2489	42833	1
2616	42833	1
2888	42833	1
4111	42833	1
4846	42833	1
4896	42833	1
5080	42833	1
8969	42833	1
9813	42833	1
197	42987	1
5318	42987	1
9866	42987	1
2078	43006	1
2513	43006	1
2535	43006	1
2819	43006	1
5226	43006	1
7367	43006	1
40	43024	1
2680	43024	1
7528	43024	1
8466	43024	1
9193	43024	1
1006	43025	1
1225	43025	1
3305	43025	1
6843	43025	1
8213	43025	1
8912	43025	1
197	43030	1
2395	43030	1
4009	43030	1
4248	43030	1
5318	43030	1
8995	43030	1
9866	43030	1
3747	43042	1
4113	43042	1
9132	43042	1
2864	43049	1
7776	43049	1
9542	43049	1
9669	43049	1
1637	43069	1
3702	43069	1
6015	43069	1
197	43071	1
282	43071	1
2750	43071	1
3501	43071	1
4239	43071	1
4259	43071	2
6963	43071	1
8865	43071	1
9625	43071	1
9697	43071	2
9866	43071	1
229	43078	1
2616	43078	1
9890	43078	1
674	43148	1
6844	43148	1
8466	43148	1
1828	43166	1
2074	43166	1
5892	43166	1
7010	43166	1
1679	43237	1
3131	43237	1
6851	43237	1
8739	43237	1
9591	43237	1
558	43266	1
4875	43266	1
9542	43266	1
4259	43420	1
7776	43420	1
9962	43420	1
1512	43422	1
6108	43422	1
8887	43422	1
9028	43422	1
3568	43433	1
5218	43433	1
5351	43433	1
4056	43488	1
9813	43488	1
793	43572	1
1637	43572	1
6015	43572	1
2190	43590	1
2445	43590	1
4111	43590	1
5267	43590	1
1000	43602	1
3784	43602	1
4111	43602	1
9054	43602	1
1370	43637	1
2440	43637	1
4088	43637	1
5396	43637	1
8593	43637	1
9526	43637	1
1020	43661	1
7264	43661	1
726	43697	1
3081	43697	1
3901	43697	1
5892	43697	1
857	43728	1
3822	43728	1
6254	43728	1
8987	43728	1
8213	43771	1
8506	43771	1
579	43835	1
3755	43835	1
4044	43835	1
2117	43842	1
4127	43842	1
7581	43842	1
1440	43854	1
7051	43854	1
2873	43867	1
5892	43867	1
8806	43867	1
8865	43867	1
9016	43867	1
9242	43867	1
905	43900	1
1406	43900	1
3109	43900	1
3543	43900	1
4127	43900	1
1347	44009	1
2267	44009	1
2475	44009	1
6700	44009	1
8312	44009	1
5892	44066	1
3575	44095	1
4127	44095	1
2157	44225	1
408	44303	1
534	44303	1
3433	44303	1
3881	44303	1
4127	44303	1
4642	44303	1
5254	44303	1
7259	44303	1
8351	44303	1
8391	44303	1
8587	44303	1
8865	44303	1
9526	44303	1
2937	44304	1
5018	44304	1
5783	44304	1
9054	44304	1
184	44356	1
920	44356	1
2117	44356	1
3320	44356	1
4098	44356	1
4771	44356	1
6723	44356	1
8462	44356	1
4651	44394	1
9625	44394	1
3025	44418	1
3914	44418	1
4705	44418	1
6654	44418	1
9010	44418	1
9526	44418	1
9527	44418	1
7988	44459	1
9542	44459	1
9813	44459	1
243	44474	1
2447	44474	1
4127	44474	1
8246	44474	1
8865	44474	1
1434	44478	1
1747	44478	1
4127	44478	1
5476	44478	1
6301	44478	1
7309	44478	1
7641	44478	1
8660	44478	1
9784	44478	1
3443	44517	1
3981	44517	1
2454	44526	1
2990	44526	1
3938	44526	1
4127	44526	1
4252	44526	1
8068	44526	1
8865	44526	1
9492	44526	1
9625	44526	1
9918	44526	1
857	44569	1
3822	44569	1
5794	44569	1
2175	44572	1
4102	44572	1
6360	44572	1
6557	44578	2
8380	44578	1
3168	44600	1
3182	44600	1
5163	44600	1
5708	44600	1
8227	44600	1
8330	44600	1
9225	44600	1
9526	44600	1
3168	44620	1
3182	44620	1
5708	44620	1
8330	44620	1
9225	44620	2
9526	44620	1
3575	44621	1
4259	44636	2
5892	44636	1
7178	44636	1
7882	44636	1
5318	44648	1
5892	44648	1
2302	44675	1
4127	44675	4
6527	44675	1
9637	44675	1
9874	44675	1
1512	44708	1
3216	44708	1
4127	44708	1
5318	44708	1
7266	44708	1
8006	44708	1
8865	44708	1
2290	44771	1
5672	44771	1
5885	44771	1
6970	44807	1
8144	44807	1
408	44825	1
7243	44825	1
8727	44825	1
8865	44825	1
9054	44825	1
1125	44843	1
3568	44843	1
5247	44843	1
9704	44843	1
5737	44854	2
5892	44854	1
1164	44925	1
3821	44925	2
6301	44925	1
8144	44925	2
8624	44925	1
8865	44925	1
9962	44925	1
1513	44933	2
5737	44933	1
9586	44933	1
2695	44935	1
9500	44935	1
8865	45000	1
5351	45001	1
5737	45001	1
3087	45060	1
4102	45060	1
4304	45060	1
6166	45060	1
8663	45060	1
9722	45060	1
857	45098	2
3735	45098	2
3822	45098	1
3970	45098	1
5318	45098	1
6264	45098	1
6454	45098	1
8969	45098	1
8978	45098	1
857	45104	2
3735	45104	2
3822	45104	1
3970	45104	1
5318	45104	1
6264	45104	1
6454	45104	1
8969	45104	1
8978	45104	1
857	45109	2
3735	45109	2
3822	45109	1
3970	45109	1
5318	45109	1
6264	45109	1
6454	45109	1
8969	45109	1
8978	45109	1
257	45112	1
5318	45112	1
7511	45112	1
7776	45112	1
9034	45112	1
9293	45112	1
3392	45159	1
4897	45159	1
1894	45177	1
5226	45177	1
3091	45215	2
7128	45215	1
8214	45215	1
9825	45215	1
9926	45215	1
2630	45226	1
3312	45226	1
4259	45226	1
7461	45226	1
9398	45226	1
9676	45226	1
979	45305	1
2547	45305	1
3142	45305	1
8125	45305	1
9396	45305	1
3714	45368	1
5892	45368	1
8865	45368	1
1293	45377	1
1602	45377	1
5201	45377	1
3182	45404	1
3970	45404	1
9801	45411	1
1129	45532	1
1239	45532	1
2341	45532	1
3273	45532	1
4008	45532	1
4087	45532	1
4127	45532	2
9067	45532	1
9885	45532	1
878	45593	1
1129	45593	1
2035	45593	1
3061	45593	1
3273	45593	1
4127	45593	1
4317	45593	1
4824	45593	1
5208	45593	1
8064	45593	1
878	45660	1
1129	45660	1
2148	45660	1
2341	45660	1
2648	45660	1
3272	45660	1
4920	45660	1
5905	45660	1
6828	45660	1
7318	45660	1
7360	45660	1
8846	45660	1
695	45739	1
1129	45739	1
1686	45739	1
3163	45739	1
4922	45739	1
5762	45739	1
8138	45739	1
8728	45739	2
8948	45739	1
23	45815	1
2382	45815	1
9394	45815	1
1129	45826	1
4965	45826	1
5430	45826	1
7015	45826	1
8017	45826	1
8095	45826	1
9526	45826	1
9983	45836	1
3034	45844	1
6015	45844	1
6677	45844	1
563	45856	1
3970	45856	1
4127	45856	1
297	45882	1
5119	45882	1
7865	45882	1
43	45893	1
749	45893	1
3911	45893	1
5768	45893	1
7980	45893	1
8684	45893	1
9439	45893	1
3873	45906	1
6700	45906	1
9538	45906	1
3165	45919	1
5119	45919	1
7660	45919	1
1129	45961	1
2341	45961	6
4127	45961	1
2682	45974	1
4656	45974	1
8218	45974	1
1837	45981	1
4127	45981	1
4571	45981	1
7087	45981	1
8324	45981	1
9394	45981	1
538	45983	1
3098	45983	1
7592	45983	1
8887	45983	1
9153	45983	1
3098	46001	1
4282	46001	1
7592	46001	1
8922	46001	1
9625	46001	1
1129	46048	1
1239	46048	1
1775	46048	1
2341	46048	1
3273	46048	1
4127	46048	2
6962	46048	1
9974	46048	1
1281	46057	1
1798	46057	1
3191	46057	1
7563	46057	1
7842	46057	1
8204	46057	1
1128	46086	1
1129	46086	1
1239	46086	1
2341	46086	1
3273	46086	1
4127	46086	2
4748	46086	1
8447	46086	1
1078	46151	1
1129	46151	1
2116	46151	1
2341	46151	1
3093	46151	1
4127	46151	1
4633	46151	1
5962	46151	1
579	46185	1
1602	46185	1
3034	46185	1
3081	46185	1
7335	46185	1
8853	46185	1
1129	46209	1
2341	46209	1
4127	46209	1
8261	46209	1
9067	46209	1
6106	46238	1
7262	46238	1
9145	46238	1
9983	46238	1
5119	46242	1
3678	46245	1
5119	46245	1
6711	46258	2
6725	46258	1
6787	46258	1
7349	46258	1
9561	46258	1
9669	46290	1
1129	46335	1
2341	46335	7
4127	46335	1
1129	46412	1
3688	46412	1
4127	46412	1
5972	46412	1
8728	46412	1
604	46460	1
9542	46460	1
2169	46476	1
51	46479	1
1787	46479	1
3091	46479	1
5256	46479	1
5856	46479	1
6146	46487	1
979	46493	1
6940	46493	1
7511	46493	1
8351	46493	1
1787	46503	1
5246	46503	1
6843	46503	1
5119	46514	1
857	46541	1
4481	46541	1
5199	46541	1
5205	46541	1
5921	46541	2
6711	46541	1
8218	46541	1
8380	46541	1
1176	46547	1
2972	46547	1
4149	46547	1
4857	46547	1
5332	46547	1
6608	46547	2
8053	46547	1
8375	46547	1
695	46568	1
878	46568	2
1129	46568	1
2116	46568	1
2341	46568	1
2648	46568	1
3061	46568	1
4920	46568	1
6208	46568	1
6828	46568	1
7318	46568	1
8846	46568	1
5318	46611	1
5829	46611	1
7716	46611	1
9924	46611	1
3602	46621	1
3822	46621	1
6781	46623	1
8684	46623	1
8969	46623	1
9526	46623	1
5794	46638	1
8145	46638	1
7038	46640	1
8144	46643	1
8865	46643	1
9561	46643	1
297	46645	1
5119	46645	1
915	46652	1
1129	46652	1
2148	46652	1
3163	46652	1
4922	46652	1
5905	46652	1
7360	46652	1
8728	46652	2
8948	46652	1
1540	46655	1
5119	46655	1
1128	46658	1
4127	46658	1
6301	46658	1
8704	46658	1
3747	46674	1
5434	46674	1
9610	46674	1
1463	46680	1
4088	46680	1
297	46708	1
2888	46708	1
4598	46708	1
4669	46708	1
5119	46708	1
6759	46708	1
814	46720	1
1006	46720	1
3191	46720	1
4127	46720	1
1949	46721	1
5119	46721	1
5226	46721	1
1129	46766	1
3302	46766	1
4078	46766	1
5002	46766	1
6902	46766	1
8395	46766	1
8449	46766	1
9500	46766	1
3501	46770	1
3970	46770	1
1777	46827	2
3501	46827	1
3747	46827	1
5434	46827	1
9153	46827	1
297	46945	1
5119	46945	1
477	46973	1
8717	46973	1
3211	46994	1
5181	46994	1
6725	46994	2
2993	47029	1
5866	47029	1
7974	47029	1
1128	47045	1
4112	47045	1
4127	47045	1
6301	47045	1
633	47073	1
3873	47073	1
3982	47073	1
5181	47073	1
5877	47073	1
6396	47073	1
1067	47090	1
3885	47090	1
8331	47090	1
9538	47090	1
3873	47103	1
9144	47103	1
1672	47125	1
3485	47125	1
5727	47125	1
6859	47125	1
2680	47153	1
2922	47153	1
5267	47153	1
153	47191	1
513	47206	1
558	47206	1
2330	47206	1
4127	47206	1
4595	47206	1
4783	47206	1
5419	47206	1
5074	47229	1
5451	47229	1
8276	47229	1
1395	47250	1
2922	47250	1
2931	47250	1
5267	47250	1
5279	47250	1
8767	47250	1
8944	47250	1
9230	47250	1
9330	47250	1
9526	47250	1
557	47256	1
92	47274	1
1145	47274	1
1602	47274	1
2132	47274	1
2646	47274	1
3305	47274	1
5395	47274	1
5725	47274	1
7036	47274	1
7039	47274	1
7610	47274	1
7820	47274	1
1667	47298	1
3207	47298	1
3548	47298	1
4127	47298	1
4852	47298	1
5032	47298	1
7370	47298	1
7983	47298	1
8362	47298	1
4642	47309	1
7272	47309	1
8417	47309	1
8969	47309	1
9610	47309	1
3075	47322	1
9448	47322	1
9589	47322	2
716	47323	1
6492	47323	1
7520	47323	1
158	47330	1
936	47330	1
3984	47330	1
8150	47330	1
3874	47338	1
3874	47366	1
5911	47366	1
341	47378	1
3872	47378	1
9610	47378	1
5018	47408	1
8144	47408	1
9704	47408	1
9757	47408	1
1132	47421	1
1593	47421	1
1842	47421	1
3205	47421	1
3275	47421	1
4127	47421	1
7235	47421	1
9926	47421	1
2922	47435	1
5233	47435	1
1602	47441	1
1707	47441	1
3618	47441	1
5854	47441	1
6251	47441	1
7365	47441	1
7776	47441	1
8865	47441	1
60	47445	1
4127	47445	1
5318	47445	1
8939	47445	1
9493	47445	1
1602	47457	2
4846	47457	1
5972	47457	1
6784	47457	1
6859	47457	1
8040	47457	1
8380	47457	1
8865	47457	1
9546	47457	1
1469	47462	1
1981	47462	1
3182	47462	2
3543	47462	1
4127	47462	1
9924	47462	1
2446	47472	1
2922	47472	1
5267	47472	1
3034	47503	1
9201	47503	1
9757	47503	1
8275	47519	1
9962	47519	1
355	47524	1
578	47524	1
8491	47524	1
8536	47524	1
811	47532	1
3095	47532	1
7563	47532	1
9538	47532	1
1382	47615	1
8684	47615	1
1747	47622	1
2169	47622	1
2583	47622	1
2607	47622	1
2549	47625	1
4008	47625	1
4127	47625	1
8010	47625	1
1747	47628	1
2169	47628	1
2583	47628	1
2607	47628	1
793	47649	1
2922	47649	1
5267	47649	1
2169	47666	1
4624	47666	1
4669	47666	1
5708	47666	2
9291	47666	1
1886	47667	1
3196	47667	1
5884	47667	1
7966	47667	1
8375	47667	1
2169	47681	1
4624	47681	1
4669	47681	1
5708	47681	2
9291	47681	1
5866	47688	1
8293	47688	1
8357	47688	1
2922	47707	1
3900	47707	1
6785	47707	1
7901	47707	1
5318	47725	1
6486	47725	1
4260	47785	1
5208	47785	1
5866	47785	1
8865	47785	1
158	47796	1
6166	47796	1
9374	47796	1
6700	47801	1
2446	47814	1
3005	47814	1
4068	47814	1
448	47816	1
7128	47826	1
8923	47826	1
9538	47826	1
9701	47826	1
9870	47826	1
1364	47881	1
2616	47881	1
3501	47881	1
8291	47881	1
9763	47890	1
3501	47947	1
3779	47947	1
8930	47947	1
9083	47947	1
9669	47947	1
1125	48094	1
2440	48094	1
3917	48094	1
5226	48094	1
1463	48114	2
2522	48114	1
5866	48114	1
915	48129	1
4102	48129	1
4260	48129	1
5866	48129	1
8865	48129	1
443	48145	1
2003	48145	1
7463	48145	1
2324	48150	1
2719	48150	1
3568	48150	1
5208	48150	1
7338	48150	1
1382	48159	1
3034	48159	1
3836	48159	1
5866	48159	1
8865	48159	1
1128	48170	1
2101	48170	1
3207	48170	1
4127	48170	1
6301	48170	1
6868	48170	1
5318	48172	1
5694	48172	1
6607	48172	1
3765	48173	1
8536	48173	1
9083	48173	1
9503	48173	1
477	48193	1
8717	48193	1
2726	48202	1
4259	48202	1
3575	48210	1
788	48226	1
3439	48226	1
4127	48226	1
726	48234	1
3501	48234	1
3735	48234	1
3779	48234	1
4538	48234	1
7266	48234	1
8364	48234	1
8684	48234	1
9538	48234	1
3182	48242	1
4229	48242	1
2323	48252	1
7776	48252	1
8969	48252	1
4825	48300	1
9526	48300	1
3182	48355	1
3294	48355	1
4113	48386	1
8506	48386	1
8969	48386	1
373	48388	1
2902	48388	1
3075	48388	1
4127	48388	1
8865	48388	1
9561	48388	1
9877	48388	1
1029	48393	1
3092	48393	1
3501	48393	1
3779	48393	1
3873	48393	1
5162	48393	1
7266	48393	1
7855	48393	1
7927	48393	1
2150	48428	1
3359	48428	1
5699	48428	1
8969	48428	1
1875	48481	1
2169	48481	1
3790	48481	1
6847	48481	1
630	48563	2
9503	48563	1
7809	48592	1
2477	48645	1
3009	48645	1
3360	48645	1
4031	48645	1
4222	48645	1
1505	48654	1
1702	48654	1
3787	48654	1
3930	48654	1
4127	48654	1
5873	48654	1
8252	48654	1
1128	48670	1
4127	48670	1
7743	48670	1
10042	48670	1
3740	48695	1
3982	48695	1
4056	48695	2
4127	48695	1
4788	48695	1
6700	48695	1
6844	48695	1
8630	48695	1
549	48705	1
2445	48705	1
1081	48714	1
1810	48714	1
2477	48714	1
5301	48714	1
366	48733	1
4348	48733	1
4567	48733	1
5303	48734	1
5802	48734	2
6061	48734	1
6959	48734	1
7621	48734	1
726	48739	1
3779	48739	1
6625	48739	1
7266	48739	1
8395	48739	1
9115	48739	1
579	48752	1
3779	48752	1
3821	48752	1
8624	48752	1
8810	48752	1
9115	48752	1
9561	48752	1
3943	48764	1
8133	48764	1
644	48782	1
2298	48782	1
5288	48782	1
9115	48782	1
9330	48782	1
9913	48782	1
9952	48782	1
726	48823	1
8231	48823	1
9669	48823	1
9699	48823	1
1780	48855	1
5288	48855	1
6591	48855	1
9115	48855	1
1243	48901	1
1313	48901	1
1463	48901	1
4013	48901	1
10015	48901	1
2062	48903	1
3779	48903	1
4127	48903	1
4229	48903	1
5856	48903	1
6785	48903	1
7266	48903	1
9330	48903	1
1143	48924	1
1637	48924	1
4223	48924	1
6700	48924	1
8384	48938	1
1118	48944	1
9115	48944	1
1602	48947	1
2483	48947	1
2766	48947	1
7223	48947	1
7799	48947	1
8213	48947	1
8268	48947	1
8276	48947	1
7950	48985	1
8529	48985	1
8865	48985	1
9926	48985	1
2630	49002	1
4217	49002	1
613	49005	1
1838	49005	1
2059	49005	1
2540	49005	1
9437	49005	1
1612	49023	1
1128	49026	1
4661	49026	1
3392	49043	1
3568	49043	1
8734	49043	1
8899	49043	1
1612	49066	1
2564	49066	1
3191	49066	1
4482	49066	1
5307	49066	1
341	49085	1
1382	49085	1
2445	49085	1
3034	49085	1
6941	49085	1
8162	49085	1
392	49142	1
5816	49142	1
6859	49142	1
7030	49142	1
7138	49142	1
7255	49142	1
9330	49142	1
1225	49175	1
1612	49175	1
5017	49175	1
9607	49175	1
9924	49175	1
8944	49184	1
2881	49194	1
5967	49194	2
7956	49194	2
8624	49209	1
8632	49209	1
8865	49209	1
1612	49220	1
8268	49220	1
4937	49226	1
8944	49226	1
1612	49262	1
6844	49262	1
2630	49263	1
4127	49263	1
8638	49263	1
917	49285	1
4127	49285	2
5532	49285	1
6631	49285	1
6941	49285	1
7663	49285	1
8865	49285	1
9627	49285	1
1095	49293	1
1329	49299	1
2902	49299	1
4127	49299	1
5352	49299	1
5854	49299	2
998	49314	1
4937	49314	1
2522	49329	1
3566	49329	1
8995	49329	1
2212	49361	1
6937	49361	1
9924	49361	1
920	49376	1
1406	49376	1
2440	49376	1
3911	49376	1
3984	49376	1
5077	49376	1
6995	49376	1
9526	49376	1
9809	49376	1
915	49394	1
2191	49394	1
2205	49394	1
3091	49394	1
4046	49394	1
4138	49394	1
5816	49394	1
7138	49394	2
7255	49394	1
7262	49394	1
7638	49394	1
715	49401	1
1298	49401	1
7581	49401	1
7882	49401	1
8142	49401	1
8230	49401	1
8865	49401	1
9382	49401	1
1706	49408	1
3349	49408	1
5267	49408	1
8142	49408	1
8626	49408	1
5318	49419	1
65	49427	1
243	49427	1
2445	49427	1
2937	49427	1
2993	49427	1
3266	49427	1
5816	49427	1
6781	49427	1
7638	49427	1
9143	49427	1
9437	49427	1
158	49543	1
9107	49543	1
558	49552	1
1331	49552	1
8008	49552	1
2338	49567	1
2157	49572	1
2630	49572	1
2701	49572	1
4466	49572	1
6844	49572	1
7817	49572	1
8205	49587	1
726	49601	1
942	49601	1
2298	49601	1
3779	49601	1
4906	49601	1
6625	49601	1
7266	49601	1
7621	49601	1
8395	49601	1
9115	49601	1
9913	49601	1
9952	49601	1
3059	49604	1
8227	49604	1
9501	49604	1
394	49605	1
3205	49605	1
5884	49605	1
6955	49605	1
7168	49605	1
8560	49605	1
9502	49605	1
9716	49605	1
3094	49618	1
3501	49618	1
5725	49618	1
6844	49618	1
7128	49618	1
7621	49618	1
276	49629	1
1054	49629	1
2630	49629	1
4259	49629	1
8638	49629	1
3787	49636	1
5097	49636	1
5543	49636	1
5816	49636	1
6787	49636	1
6937	49636	1
7138	49636	1
8734	49636	1
8892	49636	1
9437	49636	1
4127	49640	1
8157	49640	1
5097	49644	1
5816	49644	1
7138	49644	1
8417	49644	1
8892	49644	1
9526	49644	1
9976	49644	1
2529	49645	1
4078	49645	1
4127	49645	1
5240	49645	1
7621	49645	1
9827	49645	1
1188	49662	1
5816	49662	1
8483	49662	1
8743	49662	1
2157	49686	1
9561	49686	1
677	49699	1
829	49699	1
1128	49699	1
8213	49699	1
9890	49699	1
5816	49700	1
6859	49700	1
7288	49700	1
7771	49700	1
7870	49700	1
8687	49700	1
9437	49700	1
4127	49701	1
7266	49701	1
8865	49701	1
1612	49731	1
3913	49731	1
2561	49734	1
3182	49734	1
7793	49734	1
4127	49750	1
7266	49750	1
8734	49750	1
8865	49750	1
6466	49758	1
579	49789	1
1612	49789	1
2630	49789	2
4482	49789	1
5242	49789	1
5307	49789	1
3784	49802	1
8958	49802	1
1514	49836	1
8739	49836	1
8865	49836	1
9144	49836	1
469	49858	1
2630	49858	1
3511	49858	1
3692	49858	1
3752	49858	1
3913	49858	1
4852	49858	1
8443	49858	1
8449	49858	1
9394	49858	1
9526	49858	1
1833	49862	1
3873	49862	1
134	49864	1
306	49864	1
3735	49864	1
4852	49864	1
9028	49864	1
9526	49864	1
8718	49904	1
9131	49904	1
1612	49922	1
2997	49922	1
3728	49922	1
5396	49922	1
2865	49927	1
5816	49927	1
7138	49927	1
9010	49927	2
9437	49927	1
5866	49928	1
8923	49928	1
9538	49928	1
3213	49951	1
3034	49974	1
3735	49974	1
3873	49974	1
8497	49974	1
558	50009	1
1832	50009	1
3774	50009	1
4307	50009	1
6019	50009	1
7243	50009	1
8144	50009	1
8213	50009	1
154	50011	1
4049	50011	1
7031	50011	1
8969	50019	1
719	50035	1
1143	50035	1
9563	50035	1
297	50047	1
9644	50047	1
866	50068	1
2562	50068	1
3881	50068	1
6593	50068	1
8380	50068	1
8969	50068	1
1559	50084	1
3055	50104	2
3503	50104	1
1152	50131	1
2461	50131	1
2540	50131	1
3372	50131	1
5460	50131	1
5816	50131	1
6625	50131	1
7555	50131	1
9437	50131	1
9526	50131	1
9676	50131	1
1798	50140	1
5816	50140	1
8704	50140	1
9437	50140	1
9526	50140	1
4016	50160	1
5737	50160	1
5816	50160	1
6133	50160	1
7138	50160	1
613	50193	1
1440	50193	1
2540	50193	1
3392	50193	1
5857	50193	1
7482	50193	1
7793	50193	1
9811	50193	1
7647	50199	1
8408	50199	1
1213	50206	1
3766	50212	1
5301	50212	1
2495	50217	1
3214	50217	1
1724	50221	1
4056	50221	1
4259	50221	1
5921	50221	1
6671	50221	1
8150	50221	1
5794	50251	1
5816	50251	1
7014	50251	1
9811	50251	1
7264	50258	1
9365	50258	1
41	50264	1
3511	50264	1
3688	50264	1
5816	50264	1
7138	50264	1
7288	50264	1
7971	50264	1
8687	50264	1
9010	50264	1
9437	50264	1
3174	50283	1
2049	50293	1
2996	50293	1
5816	50293	1
7138	50293	1
7971	50293	1
8865	50293	1
8969	50293	1
9437	50293	1
9923	50293	1
2922	50295	1
3602	50295	1
5267	50295	1
5844	50295	1
6785	50295	2
5208	50310	1
5318	50310	1
6110	50310	1
920	50313	1
509	50320	1
1738	50320	1
2260	50320	1
3178	50320	1
7793	50320	1
8704	50320	1
2937	50321	1
158	50338	1
2834	50338	1
4210	50338	1
5208	50338	2
6608	50338	3
6880	50338	1
7799	50338	1
8732	50338	1
4056	50398	1
4113	50398	1
8053	50398	1
3776	50415	1
1512	50421	1
6076	50421	1
548	50425	1
1602	50425	1
8268	50425	1
1359	50430	1
3776	50430	1
829	50431	1
5816	50431	1
8704	50431	1
8899	50431	1
3776	50440	1
6076	50440	1
8969	50440	1
1656	50464	1
5816	50464	1
857	50470	1
9890	50470	1
2787	50504	2
5677	50504	1
6166	50504	1
2323	50514	1
2436	50514	1
3321	50514	1
4456	50514	1
7079	50514	1
7411	50514	1
8039	50514	1
8865	50514	2
9201	50514	1
9784	50514	1
4127	50522	1
9157	50522	1
1522	50573	1
2532	50573	1
2690	50573	1
7956	50573	1
7971	50573	1
4127	50602	1
2690	50612	1
4127	50612	1
4205	50612	1
4868	50612	1
5676	50612	1
6043	50612	1
6320	50612	1
8969	50612	1
9034	50612	1
3602	50625	1
5303	50625	1
2513	50658	1
3006	50658	1
5330	50658	1
7239	50658	1
8923	50658	1
3501	50724	1
5226	50724	1
8885	50724	1
9526	50724	1
3501	50747	1
9526	50747	1
8322	50748	1
9589	50748	1
2682	50773	1
2750	50773	1
2787	50773	1
2789	50773	1
9926	50787	1
6465	50827	1
2792	50828	1
7793	50828	1
2561	50854	1
5816	50854	1
6859	50854	1
7580	50854	1
9437	50854	1
5576	50891	1
7058	50891	1
7365	50891	1
9500	50891	1
65	50899	1
1440	50899	1
1656	50899	2
3009	50899	1
4846	50899	1
5303	50899	1
5737	50899	1
5816	50899	1
9811	50899	1
4127	51060	1
4973	51060	1
5460	51060	1
6870	51060	3
7365	51060	1
8497	51060	1
9500	51060	1
9764	51060	1
1440	51065	1
5737	51065	1
5816	51065	1
5839	51065	1
6922	51065	1
6937	51065	1
7138	51065	2
9705	51065	1
1438	51090	1
5816	51090	1
6859	51090	1
4044	51099	1
1128	51103	1
4127	51103	1
6245	51103	1
6301	51103	1
826	51105	1
1128	51105	1
2222	51105	1
4127	51105	1
6301	51105	1
579	51121	1
1656	51121	1
3392	51121	1
4896	51121	1
5474	51121	1
7793	51121	1
7819	51121	1
8743	51121	1
8865	51121	1
891	51139	1
5816	51139	1
6543	51139	1
9526	51139	1
4482	51168	1
5153	51168	1
5232	51168	1
5307	51168	1
9526	51168	1
4056	51198	1
3657	51213	1
9966	51213	1
9669	51255	1
857	51258	1
3822	51258	1
5794	51258	1
579	51316	1
8040	51316	1
8788	51316	1
8865	51316	1
3392	51324	1
3574	51324	1
5346	51324	1
3711	51327	1
9561	51327	1
7581	51337	1
227	51366	1
1747	51366	1
3047	51366	1
8010	51366	1
9890	51366	1
1382	51415	1
3784	51415	1
6004	51415	1
8010	51415	1
9078	51415	1
9700	51415	1
2613	51416	1
7138	51416	1
7793	51416	1
1293	51422	1
4680	51422	1
8277	51422	1
8752	51422	1
5267	51428	1
672	51441	1
5124	51441	1
7497	51441	1
7621	51441	1
8956	51441	1
8969	51441	1
6009	51450	1
3034	51466	1
5423	51466	1
6686	51466	1
8010	51466	1
515	51527	1
2750	51527	1
2789	51527	1
9805	51527	1
7172	51536	1
7266	51536	1
7923	51536	1
158	51555	1
1382	51555	1
3038	51555	1
6209	51555	1
8899	51555	1
733	51588	1
1067	51588	1
3490	51588	1
4175	51588	1
6073	51588	1
1656	51601	1
3100	51601	1
5460	51601	1
5737	51601	1
5816	51601	1
6846	51601	1
7743	51601	1
8032	51601	1
9584	51601	1
5103	51602	1
6465	51602	1
7166	51622	1
7234	51622	1
9976	51622	1
4611	51634	1
5051	51634	1
7128	51634	1
276	51653	1
5240	51653	1
6768	51653	1
7128	51653	1
7497	51653	1
7621	51653	1
890	51686	1
5768	51686	1
7793	51686	1
9330	51686	3
976	51692	2
1118	51692	1
1382	51692	1
2477	51692	1
4071	51692	1
4175	51692	1
7923	51692	1
9561	51692	1
1235	51697	1
2768	51697	1
3006	51697	1
3511	51697	1
4127	51697	1
6119	51697	1
7983	51697	1
8279	51697	1
9611	51697	1
5243	51705	1
7497	51705	1
276	51748	1
4846	51748	1
5244	51748	1
5318	51748	1
7497	51748	1
7621	51748	1
1512	51764	1
5241	51764	1
7497	51764	1
2158	51771	1
7923	51771	1
3038	51794	1
4162	51794	1
704	51803	1
1120	51803	1
1267	51803	1
3501	51803	1
8213	51803	1
8536	51803	1
9467	51803	1
9526	51803	1
9890	51803	1
7295	51819	1
9175	51819	1
5460	51851	1
125	51871	1
2494	51871	1
446	51872	1
1346	51872	1
1747	51872	1
2943	51872	1
7776	51872	1
158	51897	1
9054	51897	1
2703	51899	1
3148	51899	1
4699	51899	1
7998	51906	1
613	51919	1
890	51919	3
1521	51919	1
2205	51919	1
2242	51919	1
2540	51919	1
4785	51919	1
5300	51919	3
5737	51919	1
7288	51919	1
7793	51919	1
7808	51919	1
8279	51919	1
8743	51919	1
5694	51929	1
3702	51936	1
4025	51936	1
6166	51936	1
8462	51936	1
8752	51936	1
8956	51936	1
8969	51936	1
9637	51936	1
1749	51938	1
3047	51938	1
517	51940	1
1741	51940	1
3178	51940	1
3392	51940	1
6958	51940	1
7793	51940	1
9526	51940	1
5318	51942	1
8626	51942	1
9611	51942	1
890	51962	1
4339	51962	1
6133	51962	1
7047	51962	1
7793	51962	1
7819	51962	1
2323	51964	1
8740	51964	1
9131	51964	1
4259	51979	1
5694	51979	1
7234	51979	1
1886	51984	1
3181	51984	1
3199	51984	1
3873	51984	1
5616	51984	1
6682	51984	1
6859	51984	1
7793	51984	1
9623	51984	1
3511	52000	1
4260	52000	1
9800	52000	1
2776	52007	1
5250	52007	1
6768	52007	1
8807	52007	1
9096	52007	1
9890	52007	1
1489	52045	1
4403	52045	1
8509	52045	1
8865	52045	1
9096	52045	1
5443	52050	1
5794	52050	1
517	52054	1
2672	52054	1
3392	52054	1
4458	52054	1
7138	52054	1
7793	52054	1
9923	52054	1
3001	52057	1
5267	52057	1
7793	52057	1
7886	52057	1
9923	52057	1
6368	52073	1
6370	52073	1
8528	52073	1
9738	52073	1
6133	52081	1
7138	52081	1
7793	52081	1
8380	52081	1
8431	52081	1
651	52088	1
878	52088	1
3501	52088	1
3774	52088	1
7031	52088	1
56	52089	1
3349	52089	1
324	52139	1
844	52139	1
3712	52139	1
8277	52139	1
7399	52143	1
2331	52146	1
3511	52146	1
5301	52146	1
7072	52146	1
7520	52146	1
2331	52157	1
3511	52157	1
7072	52157	1
7520	52157	1
3093	52209	1
7033	52209	1
878	52254	1
3075	52254	1
3501	52254	1
3774	52254	1
5332	52254	1
7102	52254	1
9131	52254	1
9546	52254	1
1128	52285	1
3687	52285	1
4127	52285	1
6124	52285	1
6304	52285	1
6609	52285	1
5070	52291	1
6180	52291	1
282	52293	1
5240	52293	1
3602	52307	1
6287	52307	1
184	52309	1
385	52309	1
2264	52309	1
2728	52309	1
3034	52309	1
3091	52309	1
4731	52309	1
7061	52309	1
8865	52309	1
9784	52309	1
1408	52363	1
1743	52363	1
2097	52363	1
3273	52363	1
5316	52363	1
6834	52363	1
8508	52363	1
8969	52363	1
9637	52363	1
5318	52390	1
9561	52390	1
761	52418	1
2324	52436	1
3568	52436	1
4152	52436	1
4466	52479	1
7742	52479	1
8249	52479	1
8983	52479	1
9999	52479	1
5267	52496	1
8536	52496	1
8865	52496	1
1013	52508	1
4162	52508	1
6885	52508	1
7642	52508	1
7793	52508	1
8865	52508	1
1042	52526	1
5181	52526	1
5904	52526	1
7227	52526	1
7793	52526	1
8981	52526	1
9242	52526	1
9245	52526	1
366	52548	1
958	52548	1
1370	52548	1
3213	52548	1
5163	52548	1
6394	52548	1
7172	52548	1
920	52565	1
1178	52565	1
3873	52565	1
6995	52565	1
7793	52565	1
2442	52587	1
3568	52587	1
5737	52587	1
6935	52587	1
8380	52587	1
9437	52587	1
1689	52646	1
2768	52646	1
3602	52646	1
432	52720	1
579	52720	1
1168	52720	1
3873	52720	1
4074	52720	1
4921	52720	1
7776	52720	1
8056	52720	2
8812	52720	1
9962	52720	1
1531	52748	1
3873	52748	1
4840	52748	1
855	52839	1
5318	52839	1
3735	52930	1
3873	52930	1
6859	52930	1
9996	52930	2
1017	52969	2
1275	52969	1
2309	52969	1
3097	52969	1
3474	52969	1
4259	52969	2
5866	52969	1
7069	52969	1
8685	52969	2
8923	52969	1
9900	52969	1
3735	52983	1
3873	52983	1
6859	52983	1
1208	52997	1
1331	52997	1
1522	52997	1
1580	52997	1
1919	52997	1
1933	52997	1
3900	52997	1
8995	52997	1
9394	52997	1
1128	53130	1
2695	53130	1
4127	53130	1
4491	53130	1
6301	53130	1
6304	53130	1
7776	53130	1
9500	53130	2
9836	53130	1
5794	53155	1
7515	53155	1
6619	53163	1
6818	53163	1
8739	53163	1
9395	53163	1
2955	53284	1
3752	53284	1
8213	53284	1
4127	53296	1
4868	53296	1
5676	53296	1
6043	53296	1
6320	53296	1
8969	53296	1
9034	53296	1
4127	53320	1
4868	53320	1
5676	53320	1
6043	53320	1
6320	53320	1
8969	53320	1
9034	53320	1
4127	53342	1
7428	53342	1
9187	53342	1
9814	53342	1
557	53468	1
7213	53468	1
116	53487	1
2990	53487	1
3482	53487	1
7019	53487	1
8865	53487	1
1623	53498	1
2542	53498	1
3034	53498	2
4294	53498	1
5367	53498	1
7124	53498	1
7638	53498	1
8865	53498	1
9120	53498	1
9591	53498	1
3182	53508	1
7515	53508	1
8536	53508	1
3691	53520	1
4127	53569	1
6619	53569	1
8739	53569	1
2955	53613	1
3917	53613	1
9766	53613	1
9831	53614	1
8008	53744	1
5624	53775	1
7090	53775	1
7426	53775	1
9175	53775	1
1225	53799	1
5318	53799	1
5465	53799	1
5768	53799	1
5866	53799	1
4325	53807	1
4963	53807	1
5153	53807	2
7072	53807	1
9526	53807	1
1689	53808	1
3917	53808	1
4127	53872	1
6716	53872	1
9483	53872	1
1434	53927	1
5068	53927	1
9589	53927	1
1013	53988	1
1121	53988	1
1580	53988	1
2878	53988	1
7986	53988	1
930	54013	1
4260	54019	1
1554	54067	1
1632	54067	1
4259	54067	1
4875	54067	1
7809	54067	1
8142	54067	1
141	54080	1
518	54080	1
3702	54080	1
4802	54080	1
9986	54080	1
333	54095	2
1213	54095	1
1739	54095	1
1744	54095	2
5074	54095	1
6301	54095	1
6304	54095	1
7776	54095	1
9669	54095	1
158	54102	1
558	54102	1
5396	54102	1
8816	54102	1
9890	54102	1
703	54130	1
7515	54130	1
9925	54130	1
2298	54138	1
3900	54138	1
5737	54138	1
6466	54138	1
8380	54138	1
9054	54138	1
9175	54138	1
40	54173	1
2951	54173	1
9170	54173	1
2298	54211	1
4534	54211	1
7912	54211	1
9926	54211	1
726	54246	1
1098	54246	1
1291	54246	1
1580	54246	1
3752	54246	1
6608	54246	1
7569	54246	1
8918	54246	1
9717	54246	1
9974	54246	1
629	54247	1
5276	54247	1
8010	54247	1
878	54272	1
4127	54272	1
4356	54272	1
6196	54272	1
7387	54272	1
7927	54272	1
8452	54272	1
8535	54272	1
8865	54272	1
9330	54272	1
10038	54272	1
1604	54279	1
1732	54279	1
4140	54279	1
5226	54279	1
5250	54279	1
5318	54279	1
7800	54279	1
8377	54279	1
8865	54279	1
793	54310	2
1174	54310	1
5298	54310	1
6661	54310	1
3182	54331	1
5344	54331	1
2933	54343	1
3294	54343	1
5318	54343	1
5344	54343	1
3182	54364	1
5344	54364	1
2933	54374	1
3294	54374	1
5318	54374	1
5344	54374	1
1580	54404	1
2864	54404	1
3077	54404	1
7776	54404	1
2495	54425	1
3752	54425	1
6894	54425	1
7668	54425	1
8041	54425	1
8527	54425	1
1580	54469	1
2864	54469	1
3077	54469	1
7776	54469	1
3693	54551	1
4272	54551	1
5344	54551	5
8384	54571	1
2951	54612	1
3034	54612	1
5153	54612	1
8054	54612	1
8463	54612	1
9584	54612	1
297	54625	1
4782	54625	1
5119	54625	1
5119	54634	1
297	54643	1
5119	54643	1
1523	54649	1
5119	54649	1
1274	54700	1
1917	54700	1
2127	54700	1
3363	54700	2
6844	54700	1
7575	54700	1
7998	54700	1
1331	54745	1
2937	54745	1
4275	54745	1
5877	54745	1
8008	54745	1
8663	54745	1
9394	54745	1
579	54780	1
890	54780	1
1689	54780	1
3337	54780	1
4040	54780	1
4275	54780	1
5877	54780	1
7299	54780	1
8663	54780	1
6859	54803	1
1240	54826	1
2534	54826	1
4127	54888	1
5090	54888	1
6272	54888	1
6850	54888	1
7964	54888	1
8341	54888	1
9942	54888	1
2117	54933	1
6025	54933	1
1512	54975	1
5074	54975	1
6807	54975	1
7408	54975	1
56	55017	1
1267	55017	1
1937	55017	1
6768	55017	1
9463	55017	1
391	55067	1
9716	55067	1
365	55071	1
1267	55071	1
3157	55071	1
5854	55071	1
7977	55071	1
8978	55071	1
158	55091	1
976	55091	1
1382	55091	1
1828	55091	1
3566	55091	1
5151	55103	1
5344	55103	1
3822	55113	1
4048	55113	1
4127	55113	1
156	55117	1
4070	55117	1
5160	55117	1
5318	55117	1
9526	55117	1
156	55134	1
1141	55134	1
4046	55134	1
4070	55134	1
4269	55134	1
7621	55134	1
9962	55134	1
1440	55136	1
3869	55136	1
9669	55136	1
184	55153	1
511	55153	1
3711	55153	1
4127	55153	1
4742	55153	1
4864	55153	1
5827	55153	1
5897	55153	1
3917	55211	1
5187	55211	1
1208	55225	1
1702	55225	1
2630	55225	1
2943	55225	1
6921	55225	1
7563	55225	1
9662	55238	1
2018	55261	1
4659	55261	1
5291	55261	1
6759	55261	1
8479	55261	1
8887	55261	1
9526	55261	1
9648	55261	1
9738	55289	1
1143	55361	1
5502	55361	1
7606	55361	1
8806	55361	1
8865	55361	1
9526	55361	1
219	55366	1
1475	55366	1
1958	55366	1
2844	55366	1
3693	55366	1
5163	55366	1
5318	55366	1
7071	55366	1
8053	55366	1
1382	55382	1
1741	55382	1
3784	55382	1
6209	55382	1
7178	55382	1
9265	55382	1
9755	55382	1
2477	55388	1
6513	55399	1
2190	55438	1
2750	55438	1
5226	55438	1
955	55463	1
3392	55463	1
3752	55463	1
4897	55463	2
5292	55463	1
6861	55463	1
6864	55463	1
8375	55463	1
8594	55463	1
9768	55463	1
3305	55476	1
9669	55476	1
63	55497	1
205	55497	1
558	55497	1
3191	55497	1
2864	55547	1
9153	55547	1
158	55626	1
3091	55626	1
3836	55626	1
7266	55626	1
9763	55626	1
4127	55656	1
4224	55656	1
878	55687	2
1129	55687	1
2341	55687	1
2648	55687	1
3061	55687	1
4920	55687	1
5905	55687	1
6208	55687	1
6828	55687	1
7253	55687	1
7318	55687	1
7360	55687	1
1128	55691	1
3143	55691	1
8135	55691	1
8213	55691	1
9584	55691	1
991	55692	1
2427	55692	1
8111	55692	1
9890	55692	1
4356	55694	1
8865	55694	1
141	55701	1
4056	55701	2
8630	55701	1
2011	55732	1
4127	55732	1
282	55772	1
991	55772	2
1054	55772	1
2427	55772	1
3425	55772	1
4259	55772	1
5267	55772	1
7279	55772	1
7874	55772	1
8111	55772	1
9526	55772	1
9890	55772	1
5232	55792	1
5794	55792	1
9784	55792	1
9842	55792	1
1267	55874	1
3047	55874	1
6846	55874	1
6963	55874	1
8874	55874	1
1128	55877	2
1406	55877	1
4127	55877	1
4692	55877	1
5617	55877	1
6301	55877	1
9361	55877	1
2019	55917	1
2464	55917	1
2668	55917	1
3882	55917	1
6844	55917	1
8684	55917	1
1029	55959	1
2049	55959	1
2932	55959	1
3766	55959	1
7121	55959	1
2097	55967	1
4127	55967	1
4088	55986	1
3148	56054	2
3747	56054	2
3874	56054	1
4127	56054	1
9962	56054	1
6209	56065	1
7365	56065	1
8010	56065	1
9526	56065	2
1463	56089	1
613	56100	1
2440	56100	1
5051	56100	1
7235	56100	1
8134	56100	1
8944	56100	1
8978	56100	1
558	56152	1
763	56152	1
1029	56152	1
1938	56152	1
3034	56152	1
3198	56152	1
4840	56152	1
5318	56152	1
5921	56152	1
8426	56152	1
2117	56160	1
7933	56160	1
145	56166	1
9574	56177	1
2052	56178	1
3561	56178	1
4127	56178	1
4519	56178	1
6211	56178	1
6802	56178	1
2728	56180	1
4814	56180	1
6711	56180	1
8171	56180	1
9582	56180	1
7124	56215	1
857	56247	1
936	56247	1
3930	56247	1
3984	56247	1
5396	56247	1
5494	56247	1
6619	56247	1
6625	56247	1
9526	56247	3
5909	56261	1
63	56293	1
2370	56293	2
2728	56293	1
5199	56293	1
5226	56293	1
5827	56293	1
7759	56293	1
9669	56293	1
3199	56296	1
6119	56296	1
3191	56297	1
740	56372	1
4560	56372	1
9301	56372	1
1297	56375	1
2696	56375	1
9500	56375	1
1128	56399	1
4127	56399	1
6301	56399	1
2182	56404	1
2696	56404	1
3335	56404	1
5145	56404	1
6906	56404	1
3343	56408	1
3501	56408	1
4142	56408	1
9561	56408	1
5233	56430	1
758	56442	1
1702	56442	1
3087	56442	1
6399	56442	1
7334	56442	1
7846	56442	1
8865	56442	1
2531	56454	1
8995	56454	1
2696	56457	1
8865	56457	1
9407	56514	1
1651	56516	1
9924	56516	1
6906	56568	1
7114	56568	1
1067	56610	1
3917	56610	1
63	56667	1
2267	56667	1
2754	56667	1
4068	56667	1
6794	56667	1
7426	56667	1
6700	56824	1
7128	56824	1
7408	56824	1
9078	56824	1
3501	56852	1
8887	56852	1
9526	56852	1
3711	56857	1
2483	56863	1
3291	56863	1
4056	56863	1
6472	56863	2
6881	56863	2
8865	56863	1
8943	56863	1
3821	56930	1
8865	56930	1
9625	56930	1
4113	56953	1
4840	56953	1
7986	56953	1
9066	56953	1
609	56995	1
655	56995	1
2040	56995	1
2448	56995	1
4973	56995	1
5311	56995	1
6443	56995	1
7799	56995	1
8380	56995	1
5226	57022	1
3207	57023	1
4405	57023	1
4803	57023	1
6147	57023	1
8508	57023	1
2445	57050	1
3034	57050	1
4127	57050	1
5569	57050	1
5924	57050	1
6443	57050	1
1828	57052	1
6217	57052	1
9499	57052	1
2937	57092	1
5208	57092	1
9193	57092	1
2545	57102	1
2778	57102	1
2973	57102	1
3752	57102	1
6443	57102	1
8879	57109	1
1128	57163	1
2398	57163	1
3207	57163	1
4127	57163	1
6301	57163	1
7968	57163	1
8368	57179	1
9669	57206	1
1833	57243	1
3154	57243	1
4056	57258	1
7071	57258	1
723	57263	1
4917	57263	1
6149	57263	1
6866	57263	1
2097	57286	1
2613	57286	1
3428	57286	1
8573	57286	1
8734	57286	1
1274	57353	1
2117	57353	1
4111	57353	1
6412	57353	1
6794	57353	1
8571	57353	1
9974	57353	1
8806	57374	1
2362	57462	1
2569	57462	1
9175	57462	1
1118	57463	1
1597	57463	1
3100	57463	1
4798	57463	1
1707	57631	1
1741	57734	1
2561	57734	1
7087	57734	1
7793	57734	1
9010	57734	2
9330	57734	1
9437	57734	1
9526	57734	1
3915	57802	1
7242	57802	1
9068	57802	1
3774	57865	1
9224	57865	1
9610	57865	1
766	57981	1
1735	57981	1
7581	57981	1
8218	57981	1
8995	57981	1
1834	58034	1
3211	58034	1
1608	58197	1
3451	58197	1
3752	58197	1
3872	58197	1
826	58252	1
2973	58252	1
4259	58252	1
5163	58252	1
5318	58252	1
8218	58252	1
8712	58252	1
379	58253	1
2324	58253	1
3140	58253	1
4229	58253	1
6785	58253	1
7408	58253	1
9190	58253	1
8944	58300	1
1604	58430	1
2351	58430	1
3273	58430	2
1017	58514	1
3735	58514	1
7175	58514	1
8449	58514	1
8872	58514	1
2130	58568	1
2937	58568	1
5561	58568	1
992	58572	1
4733	58597	1
6257	58597	1
558	58633	1
3602	58633	1
5318	58633	2
9890	58633	1
415	58643	1
758	58643	1
958	58643	1
1469	58643	1
2968	58643	1
3232	58643	1
3240	58643	1
3368	58643	1
4127	58643	1
5794	58643	1
8865	58643	1
558	58653	1
3602	58653	1
5318	58653	2
9890	58653	1
158	58693	1
1143	58693	1
1702	58693	1
3501	58693	1
6209	58693	1
7676	58693	1
4111	58746	1
5208	58746	1
878	58769	1
1158	58769	1
1396	58769	1
2931	58769	1
9441	58769	1
9764	58769	1
3566	58773	1
10040	58773	1
2951	58815	1
7855	58815	1
65	58835	1
5241	58835	1
1128	58845	1
1446	58845	2
2603	58845	1
3207	58845	2
4127	58845	1
6792	58845	1
8079	58845	1
2917	58852	1
9394	58852	1
407	58887	1
2433	58887	1
8144	58887	1
2366	58917	1
2446	58917	1
3075	58917	1
5396	58917	1
558	59094	1
4127	59094	1
4482	59094	1
4504	59094	1
5249	59094	1
826	59113	1
3091	59113	1
3198	59113	1
7266	59113	1
557	59118	1
5794	59118	1
857	59122	1
1225	59122	1
1256	59122	1
4598	59122	1
5623	59122	1
5866	59122	1
8053	59122	1
1886	59128	1
8547	59128	1
8923	59128	1
9890	59128	1
1017	59129	1
1039	59151	1
2149	59156	1
5318	59156	1
5760	59156	1
9394	59156	1
4223	59191	1
2630	59208	1
3126	59208	1
9146	59208	1
5018	59266	1
8187	59266	1
9193	59266	1
158	59274	1
2331	59274	1
3784	59274	1
4017	59274	1
6628	59274	1
7002	59274	1
7621	59274	1
158	59280	1
5318	59280	1
4249	59324	1
4435	59324	2
5972	59324	1
9813	59324	1
936	59333	1
1074	59333	1
1148	59333	1
2540	59333	1
3984	59333	1
9624	59333	1
9768	59333	1
1031	59344	1
2049	59344	3
4259	59344	1
5396	59344	1
7065	59348	1
579	59354	1
1913	59354	1
4127	59354	1
4617	59354	1
6146	59354	1
9216	59354	1
4127	59362	1
7266	59362	1
7621	59362	1
8727	59362	1
8865	59362	1
101	59384	1
3511	59384	1
8213	59384	1
1039	59405	1
7031	59411	1
8144	59411	1
8213	59411	1
8484	59411	1
7031	59421	1
7671	59430	1
9669	59430	1
9890	59430	1
1494	59462	1
4205	59462	1
6637	59462	1
4127	59518	3
5061	59518	1
7621	59518	1
7804	59518	1
8956	59518	1
726	59533	1
2059	59533	1
3602	59533	1
5267	59533	1
5513	59533	1
8095	59533	1
9669	59533	1
9742	59533	1
1107	59540	1
2023	59540	1
2799	59540	1
4127	59540	1
5381	59540	1
5978	59540	1
7067	59540	1
8739	59540	1
9215	59540	1
9442	59540	1
2049	59640	1
4482	59640	1
5061	59640	1
5307	59640	1
6048	59640	1
8886	59640	1
4482	59742	1
5061	59742	1
5235	59742	1
5307	59742	1
5359	59742	1
1602	59778	1
9154	59778	1
9157	59778	1
