5007	51	1
5318	51	1
7721	51	1
8054	51	1
1802	53	1
3873	53	1
3879	53	1
3900	53	1
8395	53	1
8887	53	1
1891	204	1
4372	204	1
6149	204	1
6392	204	1
7562	204	1
9924	204	1
9976	204	1
295	266	1
3084	266	1
5351	266	1
1357	311	1
2976	311	1
3873	311	1
4089	311	1
4792	311	1
8704	311	1
9669	311	1
5208	344	1
4735	487	1
6711	487	1
4735	510	1
707	531	1
3588	531	1
4735	531	1
4861	538	1
8040	538	1
8218	538	1
9526	538	1
1580	540	1
5318	540	1
6304	540	1
1054	543	1
3091	543	1
3340	543	1
4166	543	1
4675	543	1
5318	543	1
5516	543	1
5585	543	1
6160	543	1
7587	543	1
7649	543	1
8987	543	1
63	596	1
5267	596	1
8865	596	1
1257	612	2
2509	612	1
3359	612	1
4625	612	1
4644	612	2
6160	612	2
6787	612	1
7607	612	1
7649	612	1
8351	612	1
9714	612	1
4912	654	1
1540	673	1
4930	673	1
9078	673	1
9598	673	1
9825	673	1
1257	767	1
3006	767	1
3763	767	1
4644	767	1
6160	767	1
9526	767	1
1540	789	1
2621	789	1
2902	789	1
4930	789	1
9598	789	1
830	794	1
1074	794	1
1382	794	1
3836	794	1
6618	794	1
9526	794	1
137	802	1
1512	802	1
2189	802	1
5103	802	1
5153	802	1
6003	802	1
6146	802	1
9598	802	1
9890	802	1
4223	816	1
8162	816	1
2382	833	1
4896	833	1
6700	833	1
8684	833	1
1382	841	1
1540	841	1
4930	841	1
8520	841	1
9598	841	1
5794	859	1
8046	859	1
1464	891	1
6785	891	1
7852	891	1
8160	891	1
8743	891	1
355	896	1
1192	896	1
4298	896	1
4666	896	1
5086	896	1
5522	896	1
8743	896	1
9526	896	1
1891	919	1
4963	919	1
5153	919	1
8137	919	1
274	942	1
2915	942	1
3091	942	1
3182	942	1
3199	942	1
6149	942	1
6386	942	1
8743	942	1
1958	955	1
4259	955	1
5243	955	1
63	972	1
1540	972	1
4044	972	1
4930	972	1
7978	972	1
8395	972	1
8520	972	2
9598	972	1
68	993	1
3735	993	1
1540	1013	1
3568	1013	1
4930	1013	2
9598	1013	1
71	1021	1
579	1021	1
793	1021	1
3821	1021	1
4298	1021	1
5068	1021	1
9533	1021	1
9563	1021	1
2994	1024	1
6264	1024	1
1891	1036	1
2086	1036	1
2736	1036	1
4963	1036	1
316	1058	1
4162	1058	1
8064	1058	1
1267	1096	1
1540	1096	2
4930	1096	2
8520	1096	1
9598	1096	1
1540	1113	1
5237	1113	1
6166	1113	1
1540	1174	1
4930	1174	1
9598	1174	1
1257	1177	1
4644	1177	1
6009	1177	1
6847	1177	1
6998	1177	1
7638	1177	1
7874	1177	1
9394	1177	1
3709	1197	1
4205	1197	1
7489	1197	1
8064	1197	1
9144	1197	1
1958	1198	1
2265	1198	1
4259	1198	1
2459	1201	1
3425	1201	1
3630	1201	1
5522	1201	1
8887	1201	1
9103	1201	1
3511	1209	1
1257	1417	1
3392	1417	1
4644	1417	1
6160	1417	1
9625	1417	1
9716	1417	1
341	1424	1
3511	1424	1
5561	1424	1
1720	1707	1
6149	1707	1
8831	1707	1
8902	1707	1
3724	1735	1
1475	1972	1
5476	1972	1
6304	1972	1
7641	1972	1
5318	1998	1
7468	1998	1
7628	1998	1
1168	2016	1
1475	2016	1
4127	2016	1
5476	2016	1
6304	2016	2
6313	2016	1
7641	2016	1
9010	2016	1
9352	2016	1
1168	2062	1
1475	2062	1
4127	2062	1
5476	2062	1
6304	2062	1
6313	2062	1
7641	2062	1
9010	2062	1
1919	2099	1
4157	2099	1
2664	2144	1
7917	2144	1
3735	2241	1
8717	2241	1
9608	2241	1
2157	2348	1
3711	2348	1
6166	2348	1
9546	2348	1
9589	2348	1
3034	2636	1
6881	2636	1
8098	2636	1
5279	2701	1
8014	2701	1
8562	2701	1
1152	2704	1
1438	2704	1
2212	2704	1
9208	2704	1
3763	2741	1
4624	2741	1
5318	2741	1
8902	2741	1
9208	2741	1
9791	2741	1
2583	2797	1
3006	2797	1
3602	2797	1
5318	2797	1
7628	2797	1
341	2900	2
3511	2900	1
3822	2900	1
63	2924	1
324	2924	1
6700	2924	1
1067	2984	1
5077	2984	1
6607	2984	1
9625	2984	1
432	3003	1
526	3003	1
2049	3003	1
3530	3003	1
895	3008	1
1580	3008	1
4088	3008	1
4958	3008	1
9330	3008	1
9637	3008	1
23	3326	1
579	3326	1
4215	3326	1
4851	3326	1
2619	3505	1
3752	3505	1
6392	3505	1
7819	3505	1
8865	3505	1
311	3540	1
7799	3540	1
4215	3579	1
6000	3579	1
6625	3579	1
5318	3592	1
1652	3710	1
3038	3710	1
5077	3710	1
6740	3710	1
9330	3710	1
826	3898	1
4717	3898	1
7408	3898	1
4040	3930	1
5318	3930	1
7977	3930	1
9121	3930	1
1138	4323	1
3735	4323	1
4047	4323	1
5298	4323	1
5415	4323	1
5909	4323	1
4504	4341	1
9727	4341	1
2214	4403	1
7475	4403	1
9542	4403	1
63	4486	1
211	4486	1
1205	4486	1
9968	4486	1
8106	4518	1
3501	4654	1
3735	4654	1
3872	4654	1
4017	4654	1
4127	4654	1
6166	4654	1
9526	4654	1
456	4815	1
931	4815	1
2680	4815	1
6242	4815	1
6492	4815	1
6849	4815	1
8384	4815	1
9722	4815	1
292	4856	1
4658	4856	1
3232	4890	1
3881	4890	1
5441	4890	1
6622	4890	1
7248	4890	1
5794	4978	1
7351	4978	1
8843	4978	1
9526	4978	1
915	5154	1
3064	5154	1
767	5231	1
1632	5231	1
8351	5231	1
3784	5323	1
4881	5323	1
5877	5323	1
526	5428	1
1381	5428	1
2540	5428	1
4004	5428	1
9394	5428	1
9526	5428	1
1702	5493	1
2212	5493	1
3006	5493	2
4841	5493	1
5917	5493	1
6637	5493	1
9526	5493	1
3392	5495	1
4898	5495	1
8865	5495	1
9589	5495	1
686	5562	1
726	5562	1
5267	5562	1
7166	5562	1
7453	5562	1
7696	5562	1
4658	5620	1
4792	5620	1
3198	5646	1
3900	5646	1
7798	5646	1
292	5653	1
2136	5653	1
2187	5653	1
3735	5653	1
3752	5653	1
4304	5653	1
4658	5653	1
5559	5653	1
7138	5653	1
9010	5653	1
9816	5653	1
3255	5958	1
4898	5958	1
7138	5958	1
324	5990	1
1382	5990	1
3182	5990	2
6700	5990	1
7228	5990	1
7804	5990	1
8010	5990	1
9193	5990	1
3038	6036	1
3837	6036	1
2448	6044	1
2510	6044	1
2630	6044	1
4567	6044	1
5589	6044	1
5854	6044	1
6838	6044	1
1652	6071	1
3474	6071	1
6104	6190	1
1143	6342	1
2011	6342	1
3501	6342	1
4567	6342	1
5924	6342	1
8417	6342	1
9589	6342	1
9669	6342	1
3821	6353	1
4633	6353	1
1549	6480	1
4603	6480	1
1118	6487	1
3140	6487	1
3837	6487	1
1438	6526	1
4598	6526	2
6489	6526	1
9676	6526	1
4127	6583	1
4861	6583	1
5226	6583	1
8865	6583	1
4891	6584	1
8902	6584	1
4820	6606	1
5163	6606	1
5301	6606	1
5318	6606	1
7408	6606	1
1652	6655	1
5078	6655	1
9526	6655	1
9801	6655	1
1608	6723	1
3439	6723	1
4840	6723	1
6379	6723	1
6518	6723	1
6787	6723	1
7581	6723	1
8099	6723	1
8324	6723	1
8562	6723	1
8739	6723	1
9625	6723	1
2382	6808	1
6388	6890	1
7128	6890	1
7956	6890	1
8628	6890	1
9267	6890	1
9669	6890	1
5318	6915	1
7164	6915	1
3873	6923	1
5201	6923	1
9986	6923	1
1020	6936	1
1196	6936	1
1719	6936	1
3474	6936	1
4094	6936	1
7574	6936	1
8218	6936	1
8902	6936	1
4047	6954	1
7966	6954	1
8449	6954	1
3602	7037	1
5861	7037	1
6552	7037	1
7966	7037	1
1732	7041	1
2953	7041	1
5318	7041	1
8865	7041	1
8279	7060	1
4735	7062	1
5241	7062	1
8025	7062	1
4624	7149	1
5648	7149	1
8479	7179	1
558	7195	1
4901	7209	1
1185	7220	1
2578	7220	1
8902	7220	1
558	7284	1
723	7284	1
1228	7284	1
4046	7284	1
8495	7284	1
543	7304	1
4735	7304	1
7787	7304	1
669	7376	1
1910	7376	1
4127	7376	1
6717	7376	1
3511	7389	1
6552	7389	1
8755	7389	1
1438	7431	1
3149	7431	1
579	7564	1
3046	7564	1
5648	7564	1
7743	7564	1
7996	7654	1
8144	7654	1
9156	7654	1
2436	7668	1
5298	7668	1
8865	7668	1
3231	7796	1
3711	7796	1
5522	7796	1
292	7802	1
1357	7802	1
3199	7802	1
4658	7802	1
4792	7802	1
9265	7802	1
1652	7857	1
8865	7857	1
591	7884	1
2496	7884	1
5151	7884	1
229	8057	1
1656	8057	1
4088	8057	1
7761	8057	1
8805	8057	1
355	8121	1
1696	8121	1
3084	8163	1
4717	8163	1
5318	8163	1
7468	8163	1
7628	8163	1
1357	8195	1
4089	8195	1
4792	8195	1
8704	8195	1
4550	8203	1
6859	8203	1
4901	8245	1
1882	8333	1
2446	8333	1
2917	8333	1
3408	8333	1
4945	8333	1
6472	8333	1
8246	8333	1
9813	8333	1
9275	8468	1
579	8570	2
9548	8635	1
1463	8741	1
2522	8741	1
3602	8741	1
4259	8741	1
5303	8741	1
5771	8741	1
7580	8800	1
8865	8800	1
3351	8840	1
3763	8840	1
3915	8840	1
4488	8840	1
7030	8840	1
8902	8840	1
1602	8959	1
6551	8959	1
7045	8959	1
7272	8959	1
7279	8959	1
8923	8959	1
8987	8959	1
3087	8981	1
4213	8981	1
393	9021	1
3774	9021	1
1540	9050	1
3500	9050	1
4930	9050	1
5794	9050	1
8687	9050	1
2117	9130	1
4127	9130	1
4903	9130	1
3392	9154	1
3949	9154	1
6700	9154	1
8995	9154	1
9193	9154	1
857	9242	1
1882	9242	1
5794	9242	1
7426	9242	1
2049	9327	1
3266	9327	1
4735	9327	1
3752	9362	1
6166	9362	1
5208	9369	1
5160	9383	1
5884	9383	1
3947	9411	1
5267	9411	1
6859	9411	1
9595	9411	1
2621	9450	1
9924	9450	1
271	9501	1
1702	9501	1
2497	9501	1
2748	9501	1
5659	9501	1
6987	9501	1
1267	9517	1
3349	9517	1
3752	9517	1
6166	9517	1
6725	9517	1
6998	9517	1
8865	9517	1
792	9581	1
4178	9581	1
5029	9581	1
8051	9581	1
1540	9632	1
4930	9632	1
8684	9632	1
5561	9641	1
679	9684	1
1357	9684	1
1702	9684	1
3871	9684	1
7856	9684	1
8484	9684	1
1759	9717	1
2186	9717	1
3601	9717	1
3845	9717	1
4852	9744	1
3735	9856	1
8717	9856	1
3294	9865	1
3349	9865	1
9803	9865	1
185	10185	1
1735	10185	1
2445	10185	1
2619	10185	1
4444	10185	1
7358	10185	1
9624	10185	1
1540	10221	1
2158	10221	1
4930	10221	1
7520	10221	1
8684	10221	1
9561	10221	1
1463	10329	1
2676	10329	1
5208	10388	1
6565	10388	1
9265	10388	1
651	10564	1
2917	10564	1
3901	10564	1
6472	10564	1
8648	10564	1
2736	10656	1
4420	10656	1
5460	10656	1
6859	10656	1
9117	10656	1
4494	10745	1
9859	10745	1
9926	10745	1
4127	10778	1
71	10787	1
878	10787	1
4298	10787	1
4666	10787	1
5522	10787	1
9394	10787	1
9493	10787	1
467	10796	1
2324	10796	1
3917	10796	1
2446	10807	1
3913	10807	1
5042	10807	1
1611	10839	1
2445	10839	2
2881	10839	1
3970	10839	1
4298	10839	1
6963	10839	1
8605	10839	1
8743	10839	1
689	10874	1
1580	10874	1
7274	10874	1
8449	10874	1
8536	10874	1
8907	10874	1
8995	10874	1
108	10916	1
2630	10916	1
2864	10916	1
2993	10916	1
3092	10916	1
3191	10916	1
5042	10916	1
5267	10916	1
8213	10916	1
8398	10916	1
8684	10916	1
9722	10916	1
467	10951	1
2324	10951	1
3917	10951	1
5042	10951	1
9926	10951	1
3501	10979	1
4861	10979	1
5042	10979	1
5344	10979	1
7385	10979	1
9028	10979	1
9669	10979	1
449	11113	1
1995	11113	1
3752	11113	1
4017	11113	1
5042	11113	1
5226	11113	1
7385	11113	1
8395	11113	1
312	11118	1
2445	11118	1
2630	11118	1
6166	11118	1
6700	11118	1
8054	11118	1
9445	11118	1
9589	11118	1
9983	11118	1
2750	11162	1
3576	11162	1
3592	11162	1
5042	11162	1
5267	11162	1
6166	11162	1
8098	11162	1
8987	11162	1
9769	11162	1
7638	11172	1
8599	11172	1
1810	11301	1
1937	11301	1
2330	11301	1
2917	11301	1
5318	11301	1
7248	11301	1
8042	11301	1
1373	11381	1
2330	11381	1
5924	11381	1
6000	11381	1
1845	11388	1
2115	11388	1
3238	11388	1
4110	11388	1
5924	11388	1
8971	11388	1
1306	11400	1
1958	11400	1
2917	11400	1
4864	11400	1
5187	11400	1
5924	11400	1
6618	11400	2
8353	11400	1
8865	11400	1
9068	11400	1
9526	11400	1
2386	11413	1
2968	11413	1
5924	11413	1
8090	11413	1
8979	11413	1
9533	11413	1
9563	11413	1
2386	11451	1
3006	11451	1
3238	11451	1
4110	11451	1
4864	11451	1
5187	11451	1
5318	11451	1
5460	11451	1
5924	11451	1
8452	11451	1
9040	11451	1
2386	11475	1
3917	11475	1
4162	11475	1
8090	11475	1
8098	11475	1
1306	11483	1
2968	11483	1
4852	11483	1
243	11503	1
1257	11503	1
2386	11503	1
4644	11503	1
5318	11503	1
5924	11503	1
78	11514	1
342	11514	1
1306	11514	1
3075	11514	1
3428	11514	1
5924	11514	1
8452	11514	1
9040	11514	1
9526	11514	1
3157	11524	1
4088	11524	1
4592	11524	1
8642	11524	1
991	11547	1
3702	11547	1
4494	11547	1
4861	11547	1
4864	11547	1
4877	11547	1
5187	11547	1
8865	11547	1
9526	11547	1
9859	11547	1
1206	11569	1
1306	11569	1
3284	11569	1
4113	11569	1
5415	11569	1
589	11578	1
4494	11578	1
8865	11578	1
9859	11578	1
6000	11594	1
991	11599	1
2386	11599	1
4494	11599	1
5344	11599	5
5691	11599	1
5924	11599	1
9859	11599	1
1306	11628	1
3075	11628	1
4494	11628	1
6000	11628	1
6787	11628	1
7635	11628	1
9859	11628	1
3576	12142	1
3246	12360	1
4127	12360	1
5541	12360	1
3511	12499	1
4488	12499	1
8140	12499	1
8865	12499	1
9625	12499	1
3278	12581	1
5090	12581	1
7973	12589	1
8969	12589	1
8987	12589	1
582	12604	1
4735	12604	1
6711	12604	1
3087	12661	1
6588	12661	1
9330	12661	1
9452	12661	1
1382	12770	1
3687	12770	1
5173	12770	1
6677	12770	1
7050	12770	1
9267	12770	1
9526	12770	1
9640	12770	1
9661	12770	1
9669	12770	1
5173	12773	1
7471	12773	1
9661	12773	1
4459	13108	1
9784	13108	1
1043	13488	1
9049	13488	1
1689	13513	1
3873	13513	1
1168	13528	1
4259	13528	1
4459	13528	1
5018	13528	1
5396	13528	1
5921	13528	1
8865	13528	2
9049	13528	1
3087	13569	1
3776	13569	1
3109	14002	1
3568	14002	1
3619	14002	1
6588	14002	1
23	14486	1
8922	14486	1
3822	14570	1
5864	14570	1
4356	14585	1
5318	14585	1
9986	14585	1
2526	14868	1
424	15569	1
3075	15569	1
4127	15569	1
4707	15569	1
8953	15569	1
9766	15569	1
6966	15937	1
7854	15937	1
8166	15937	1
1320	15954	1
3452	15954	1
5924	15954	1
6254	15954	1
6760	15954	1
8520	16002	1
3034	16351	1
3886	16351	1
6859	16351	1
7078	16351	1
8993	16351	1
2911	16523	1
4456	16523	1
4680	16523	1
8389	16523	1
9049	16523	1
1602	16711	1
8380	16733	1
5794	16864	1
6654	16864	1
8351	16864	1
1213	18282	1
8536	18282	1
8865	18282	1
2722	18454	1
6166	18454	1
6242	18454	1
6492	18454	1
1267	18524	1
8053	18524	1
9669	18524	1
7799	18904	1
3191	18981	1
1897	19080	1
4127	19080	1
7494	19080	1
8252	19080	1
8588	19080	1
9500	19080	1
9542	19080	1
5074	19305	1
7743	19305	1
456	19687	1
1208	19687	1
1275	19687	1
10000	19687	1
3917	19704	1
5318	19704	1
5649	19704	1
8635	19704	1
9984	19704	1
5649	19736	1
2049	19840	1
2125	19840	1
2382	19840	1
4796	19863	1
2997	20025	1
3501	20025	1
3747	20025	1
1011	20079	1
9441	20079	1
173	20147	1
1958	20147	2
3530	20147	1
710	20186	1
2157	20186	1
3822	20186	1
4846	20186	1
5794	20186	1
6149	20186	1
9803	20186	1
3752	20577	1
4788	20577	1
8218	20577	1
1450	21124	1
2324	21124	1
8380	21124	1
1	21139	1
3568	21139	1
4598	21139	1
5226	21139	1
7610	21139	1
7825	21139	1
8054	21139	1
9578	21139	1
9610	21139	1
9941	21139	1
5226	21313	1
6472	21313	1
9890	21313	1
2864	21407	1
7365	21407	1
7638	21407	1
1757	21641	1
3873	21641	1
9940	21878	1
5163	21918	1
5267	21918	1
9669	21918	1
3790	22193	1
4127	22193	1
4137	22193	1
6700	22193	1
8887	22193	1
9526	22193	2
9669	22193	1
2902	22230	1
9394	22230	1
1027	22376	1
4852	22376	1
5090	22376	1
1902	22433	1
7110	22433	1
9866	22433	1
9926	22433	1
2937	22470	1
4694	22470	1
8865	22470	1
2768	22620	1
3776	22620	1
8969	22620	1
8449	23013	1
9049	23204	1
733	23222	1
4127	23222	1
7149	23222	1
366	23368	1
1020	23986	1
8107	24187	1
8865	24187	1
8944	24187	1
2130	24278	1
4671	24278	1
9561	24278	1
1092	25326	1
2102	25326	1
8865	25326	1
598	25490	1
2011	25490	1
2074	25490	1
3232	25490	1
8213	25490	1
598	25512	1
1894	25512	1
2074	25512	1
3232	25512	1
8213	25512	1
9625	25512	1
2917	25540	1
8752	25540	1
1689	25572	1
8865	25572	1
3708	25618	1
9526	25618	1
2153	25828	1
2235	25828	1
6870	25828	1
3191	25956	1
5794	25956	1
5854	25956	1
1689	25991	1
4259	25991	2
7959	25991	1
1689	26013	1
4122	26013	1
4127	26013	1
4259	26013	1
8944	26013	1
5541	26077	1
3340	26271	1
1602	26790	1
8995	26790	1
723	26943	1
1969	26943	1
3997	26943	1
4664	26943	1
4667	26943	1
5460	26943	1
7279	26943	1
7660	26943	1
7977	26943	1
8947	26943	1
4088	27066	1
9716	27066	1
4113	27207	1
9699	27207	1
1447	27323	1
8439	27323	1
9727	27323	1
3291	27427	1
4248	27427	1
8098	27427	1
3042	27879	1
3811	27879	1
3953	27879	1
5144	27879	1
5596	27879	1
3407	27991	1
1009	28110	1
3291	28110	1
3407	28110	1
6166	28110	1
6518	28110	1
8449	28110	1
1459	28125	1
3407	28125	1
3501	28125	1
7648	28125	1
4272	28140	1
8053	28140	1
3676	28150	1
5078	28150	1
3676	28189	1
9669	28189	1
3735	28236	1
4625	28236	1
5596	28236	1
6009	28236	1
6048	28236	1
1828	28362	1
4419	28362	1
6732	28362	2
8865	28362	1
1350	28448	1
2447	28448	1
3676	28448	1
6866	28448	1
8902	28448	1
9526	28448	1
1602	28575	1
3109	28575	1
4286	28575	1
4456	28575	1
4538	28575	1
8389	28575	1
8395	28575	1
9148	28575	1
1440	28770	1
2446	28770	1
3294	28770	1
5077	28770	1
8449	28770	1
