3677	59858	1
4892	59858	1
6700	59858	1
758	60177	1
1225	60177	1
8375	60177	1
8806	60262	1
3873	60294	1
3927	60294	1
1630	60543	1
9153	60543	1
915	60612	1
2445	60612	1
3182	60612	1
7855	60612	1
9265	60612	1
9669	60612	1
27	60701	1
243	60701	1
976	60701	1
2768	60701	1
3822	60701	1
5783	60701	1
8351	60701	1
9225	60701	1
27	60881	1
243	60881	1
976	60881	1
2768	60881	1
3822	60881	1
4127	60881	1
5783	60881	1
8351	60881	1
9225	60881	1
9953	60881	1
4458	60995	1
4797	60995	1
76	61226	1
2750	61226	1
2917	61226	1
4458	61226	1
5318	61226	1
6472	61226	1
6565	61226	1
7266	61226	1
7296	61226	1
8624	61226	1
8865	61226	2
2914	61234	1
4111	61234	1
4914	61234	1
991	61351	1
2546	61351	1
4989	61351	1
3821	61643	1
4989	61643	1
2074	61696	1
4989	61696	1
7218	61696	1
9669	61696	1
9926	61696	1
5018	62999	1
8098	62999	1
8865	62999	1
9627	62999	1
1382	63183	1
2158	63183	1
2531	63183	1
2532	63183	1
6619	63183	1
8536	63183	1
3982	63503	1
5535	63503	1
2157	63621	1
4456	63621	1
8389	63621	1
9193	63621	1
2776	63749	1
3719	63780	1
6189	63780	1
7660	63780	1
8573	63780	1
8585	63780	1
1512	64216	1
1959	64370	1
40	64488	3
2265	64488	1
3549	64488	1
4127	64488	1
4642	64488	1
6713	64488	1
7913	64488	1
8708	64488	1
40	64612	1
2128	64612	1
2883	64612	2
3089	64612	1
4127	64612	1
4642	64612	1
5064	64612	1
6663	64612	1
7075	64612	1
8210	64612	1
8098	64819	1
9669	64819	1
4620	64958	1
4706	64958	1
5682	64958	1
6785	64958	1
993	65079	1
6748	65079	1
6859	65079	1
7874	65079	1
8418	65079	1
9394	65079	1
9541	65079	1
528	65199	1
2914	65199	1
3970	65199	1
4111	65199	1
8098	65199	1
9698	65199	1
6287	65436	1
6963	65436	1
3873	65466	1
5892	65466	1
7948	65466	1
557	65588	1
1630	65588	1
2011	65588	1
9538	65588	1
167	65589	1
949	65589	1
6848	65589	1
8865	65589	1
9538	65589	1
9625	65589	1
4649	65617	1
5318	65617	1
5576	65617	1
6304	65617	1
9500	65617	1
4259	65818	1
7264	65818	1
9323	65818	1
4221	65960	1
5351	66265	1
6304	66265	1
6313	66265	1
7638	66265	1
1689	66519	1
2616	66519	1
5791	66519	1
8865	66519	2
5892	66522	1
2324	66668	1
2579	66668	1
3305	66668	1
5181	66668	1
5892	66668	1
8054	66668	1
8865	66668	1
8887	66668	1
2768	66751	1
2914	66751	1
3501	66751	1
4111	66751	1
4127	66751	1
5892	66751	1
8865	66751	1
9855	66751	1
40	66969	3
3449	66969	1
4127	66969	1
4642	66969	1
4723	66969	2
7410	66969	1
1108	67435	1
3752	67435	1
4113	67435	1
4604	67435	1
5926	67435	1
8998	67435	1
3562	68067	1
8148	68067	1
112	68448	1
1396	68448	1
3511	68448	1
5758	68448	1
9669	68448	1
3822	68582	1
8562	68582	1
4238	68586	1
6452	68586	1
3384	68639	1
1029	68730	1
2516	68730	1
2543	68730	1
2581	68730	1
3273	68730	1
3881	68730	1
5885	68730	1
6619	68730	1
7176	68730	1
8184	68730	1
9242	68730	1
9457	68730	1
9526	68730	1
9627	68730	1
9890	68730	1
2445	68829	1
9820	68829	1
63	69420	1
3568	69420	1
3774	69420	1
5892	69420	1
6565	69420	1
2130	69523	1
5383	69523	1
5756	69523	1
5924	69523	1
9034	69523	1
9589	69523	1
9561	69587	1
2107	69708	1
3392	69708	1
4088	69708	1
8969	69708	1
9716	69708	1
604	69811	1
9542	69811	1
9820	69824	1
1098	69840	1
1632	69840	1
3408	69840	1
4113	69840	1
6313	69840	1
8506	69840	1
9917	69840	1
5267	69869	1
8150	69869	1
171	69907	1
2580	69907	1
4127	69907	1
4456	69907	1
6301	69907	1
8389	69907	1
3182	70050	1
7124	70212	1
594	70241	3
1301	70241	1
4341	70241	1
5201	70241	1
6846	70241	1
8451	70241	1
4584	70266	1
8520	70266	1
9669	70266	1
4102	70273	1
7761	70304	1
7986	70304	1
9165	70304	1
539	70576	1
3764	70576	1
8684	70576	1
8624	70608	1
1107	71073	1
2750	71073	1
3392	71073	2
4249	71073	1
6071	71073	1
6859	71073	1
9526	71073	1
579	71155	1
3392	71155	1
7232	71155	1
9561	71155	1
4316	71562	1
6579	71562	1
7352	71562	1
7660	71562	1
7976	71562	1
8395	71562	1
9148	71562	1
2522	71770	1
5746	71770	1
857	71785	1
3822	71785	1
2074	71806	1
5318	71806	1
5476	71806	1
7223	71806	1
8130	71806	1
9526	71806	1
258	71809	1
1256	71809	1
1267	71809	1
1256	71966	2
3196	71966	1
4066	71966	1
4102	71966	1
4458	71966	1
5589	71966	1
6997	72469	1
7425	72469	1
3774	73373	1
4127	73373	1
5318	73373	1
5892	73373	1
8462	73373	1
5124	73383	1
9157	73383	1
1021	73398	1
3575	73398	1
4127	73398	1
1164	73487	1
7320	73487	1
8684	73487	1
1164	73563	1
2267	73563	1
6693	73563	1
6894	73563	1
1267	73806	1
3238	73806	1
3873	73806	1
4821	73806	1
6787	73861	1
6392	73903	1
6894	73903	1
8865	73903	1
9153	73903	1
4604	73931	1
6076	73931	1
8865	73931	1
9716	73931	1
1540	73963	1
4490	73963	1
4604	74027	1
9816	74027	1
895	74057	1
907	74057	1
1166	74057	1
2917	74057	1
3454	74057	1
4604	74057	1
7320	74057	1
8734	74057	1
9153	74057	1
1623	74068	1
1632	74068	1
6560	74068	1
8798	74068	1
9474	74068	1
38	74085	1
2914	74085	1
3034	74085	1
3340	74085	1
3808	74085	1
4122	74085	1
4604	74085	1
5053	74085	1
6193	74085	1
8969	74085	1
9589	74085	1
4127	74095	1
4456	74095	1
6301	74095	1
7158	74095	1
8389	74095	1
8704	74095	1
122	74112	1
3181	74112	1
4604	74112	1
3273	74196	1
3652	74196	1
5444	74196	1
5734	74196	1
6593	74196	1
7543	74196	1
9538	74196	1
5053	74276	1
8129	74276	1
8943	74276	1
9526	74276	1
726	74345	1
4127	74345	1
8865	74345	1
9242	74345	1
5825	74448	1
9705	74448	1
1236	74477	1
3454	74477	1
7660	74477	1
7771	74477	1
7977	74477	1
7986	74477	1
9625	74477	1
3602	74543	1
7789	74543	1
8734	74543	1
8865	74543	1
9225	74543	1
1108	74545	1
6133	74545	1
8017	74545	1
9803	74545	1
1430	74573	1
7684	74573	1
1382	74597	1
3911	74597	1
3913	74597	1
8449	74597	2
3068	74631	1
8213	74631	1
1906	74633	1
4604	74633	1
6625	74633	1
4604	74721	1
6149	74721	1
8743	74721	1
9003	74721	1
9825	74721	1
2197	74756	1
2509	74756	1
2540	74756	1
6146	74756	1
6859	74756	1
8150	74756	1
9003	74756	1
758	74820	1
925	74820	1
1882	74820	1
2878	74820	1
5332	74820	1
6472	74820	1
9526	74820	1
6558	74853	1
8541	74853	1
4604	75038	1
9816	75038	1
2941	75080	1
3998	75080	1
4852	75080	1
6477	75080	1
7304	75080	1
8144	75080	1
9526	75080	1
10041	75080	1
63	75179	1
767	75179	1
4304	75179	1
6588	75179	1
8865	75179	1
9610	75179	1
4339	75189	1
4604	75189	1
1854	75251	1
8796	75251	1
9816	75251	1
3790	75276	1
3858	75276	1
4127	75276	1
6072	75276	1
8525	75276	1
9526	75276	1
461	75378	1
2494	75378	1
3623	75378	1
3735	75378	1
4017	75378	1
4604	75378	1
5181	75378	1
8054	75378	1
9766	75378	1
1854	75394	1
1905	75394	1
3454	75394	1
3568	75394	1
4604	75394	1
6625	75394	1
8213	75394	1
238	75410	1
63	75442	1
758	75442	1
3392	75442	1
4604	75442	1
6133	75442	1
8865	75442	1
9589	75442	1
2445	75449	1
2799	75449	1
3034	75449	1
878	75454	1
7223	75454	1
7799	75454	1
8343	75454	1
8479	75454	1
3623	75464	1
6392	75464	1
7425	75464	1
8425	75464	1
8538	75464	1
9230	75464	1
2210	75480	1
6798	75480	1
8865	75480	1
9526	75480	1
4490	75500	1
5267	75500	1
5379	75500	1
6949	75500	1
766	75521	1
4569	75521	1
5866	75521	1
8293	75521	1
9587	75521	1
3735	75532	1
4604	75532	1
6338	75532	1
7228	75532	1
7288	75532	1
7520	75532	1
8017	75532	1
9676	75532	1
9698	75532	1
6133	75575	1
9637	75575	1
722	75659	1
826	75659	1
3032	75659	1
4604	75659	1
9230	75659	1
722	75725	1
3032	75725	1
4490	75725	1
826	75740	1
1166	75740	1
1267	75740	1
7425	75740	1
7983	75740	1
969	75856	1
1630	75856	1
1972	75856	1
2863	75856	1
3822	75856	1
3998	75856	1
4017	75856	1
4088	75856	1
4136	75856	1
6551	75856	1
6859	75856	1
6894	75856	1
8734	75856	1
3064	75940	1
6859	75940	1
1042	75982	1
1882	75982	1
3454	75982	1
5267	75982	1
6526	75982	1
8541	75982	1
878	76003	1
4604	76003	1
7288	76003	1
7520	76003	1
361	76101	1
862	76101	1
4289	76101	1
5163	76101	1
3034	76228	1
3428	76228	1
4127	76228	1
5060	76228	1
1392	76322	1
2445	76322	1
2888	76322	1
5318	76389	1
6700	76389	1
2951	76774	1
6700	76774	1
8597	76774	1
5344	76813	5
6700	76813	1
7629	76813	1
5351	76833	1
4156	76864	1
5885	76864	1
6700	76864	1
9802	76864	1
3735	76969	1
5239	76969	1
5318	76969	1
6683	76969	1
1205	77049	1
1437	77049	1
2532	77049	1
3752	77049	1
6392	77049	1
7684	77049	1
8734	77049	1
2197	77248	1
6859	77248	2
8006	77248	1
1077	77278	1
1164	77278	1
1267	77278	1
3034	77278	1
3752	77278	1
5761	77278	1
6787	77278	1
6859	77278	1
6937	77278	1
913	77297	1
1894	77297	1
3860	77297	1
4604	77297	1
5318	77297	1
5725	77297	1
5836	77297	1
412	77536	1
4127	77536	1
4456	77536	1
5969	77536	2
8389	77536	1
1027	77568	1
3208	77568	1
3487	77568	1
5264	77568	1
8717	77568	1
558	77570	1
2508	77570	1
4127	77570	1
6370	77570	1
1523	77692	1
2455	77692	1
5029	77692	1
5239	77692	1
5652	77692	1
6911	77692	1
8449	77692	1
4127	77732	1
2085	77885	1
3752	77885	1
8969	77885	1
9727	77885	1
1194	78232	1
1194	78380	1
4604	78380	1
6627	78380	1
7606	78380	1
8449	78503	1
2532	78630	1
8134	78630	1
973	78790	1
3213	78790	1
5232	78790	1
5282	78790	1
7492	78790	1
7874	78790	1
7977	78790	1
8395	78790	1
9526	78790	1
1183	78857	1
4243	78857	1
6166	78857	1
9526	78857	1
9644	78857	1
1976	78873	1
3327	78873	1
5056	78873	1
1331	78905	1
1507	78905	1
2477	78905	1
3763	78919	1
5232	78919	1
7977	78919	1
1077	79074	1
5766	79074	1
7761	79074	1
4604	79208	1
5153	79208	1
5181	79208	1
8008	79208	1
1711	79257	1
7264	79257	1
958	79542	1
6619	79542	1
8449	79542	1
1180	79567	1
8150	79567	1
8380	79567	1
2360	79613	1
4127	79613	1
6418	79613	1
6508	79613	1
8218	79613	1
9360	79613	1
9983	79613	1
2360	79643	1
4127	79643	1
6418	79643	1
6508	79643	1
8218	79643	1
9360	79643	1
9983	79643	1
9995	79643	1
2360	79647	1
4127	79647	1
6418	79647	1
6508	79647	1
8218	79647	1
9360	79647	1
9983	79647	1
9995	79647	1
2360	79651	1
4127	79651	1
6418	79651	1
6508	79651	1
8218	79651	1
9360	79651	1
9983	79651	1
9995	79651	1
2360	79660	1
4127	79660	1
6418	79660	1
6508	79660	1
8218	79660	1
9360	79660	1
9983	79660	1
9995	79660	1
2360	79662	1
4127	79662	1
6418	79662	1
6508	79662	1
8218	79662	1
9360	79662	1
9983	79662	1
9995	79662	1
2360	79664	1
4127	79664	1
6418	79664	1
6508	79664	1
8218	79664	1
9360	79664	1
9983	79664	1
9995	79664	1
2360	79668	1
4127	79668	1
8218	79668	1
9983	79668	1
9995	79668	1
2360	79861	1
4127	79861	1
6418	79861	1
6508	79861	1
8218	79861	1
9360	79861	1
9983	79861	1
9995	79861	1
2360	79863	1
4127	79863	1
6418	79863	1
6508	79863	1
8218	79863	1
9360	79863	1
9983	79863	1
9995	79863	1
2360	79865	1
4127	79865	1
6418	79865	1
6508	79865	1
8218	79865	1
9360	79865	1
9983	79865	1
9995	79865	1
2360	79867	1
4127	79867	1
6418	79867	1
6508	79867	1
8218	79867	1
9360	79867	1
9983	79867	1
9995	79867	1
2360	79874	1
4127	79874	1
6418	79874	1
6508	79874	1
8218	79874	1
9360	79874	1
9983	79874	1
9995	79874	1
2360	79876	1
4127	79876	1
6418	79876	1
6508	79876	1
8218	79876	1
9360	79876	1
9983	79876	1
9995	79876	1
2360	79880	1
4127	79880	1
6418	79880	1
6508	79880	1
8218	79880	1
9360	79880	1
9983	79880	1
9995	79880	1
2360	79886	1
4127	79886	1
6418	79886	1
6508	79886	1
8218	79886	1
9360	79886	1
9983	79886	1
9995	79886	1
2360	79890	1
4127	79890	1
6418	79890	1
6508	79890	1
8218	79890	1
9360	79890	1
9983	79890	1
9995	79890	1
2360	79897	1
4127	79897	1
6418	79897	1
6508	79897	1
8218	79897	1
9360	79897	1
9983	79897	1
9995	79897	1
2360	79902	1
4127	79902	1
6418	79902	1
6508	79902	1
8218	79902	1
9360	79902	1
9983	79902	1
9995	79902	1
2360	79907	1
4127	79907	1
6418	79907	1
6508	79907	1
8218	79907	1
9360	79907	1
9983	79907	1
9995	79907	1
2360	79928	1
4127	79928	1
6418	79928	1
6508	79928	1
8218	79928	1
9360	79928	1
9983	79928	1
9995	79928	1
2360	79929	1
4127	79929	1
6418	79929	1
6508	79929	1
8218	79929	1
9360	79929	1
9983	79929	1
9995	79929	1
2360	79931	1
4127	79931	1
6418	79931	1
6508	79931	1
8218	79931	1
9360	79931	1
9983	79931	1
9995	79931	1
2360	79964	1
4127	79964	1
6418	79964	1
6508	79964	1
8218	79964	1
9360	79964	1
9983	79964	1
9995	79964	1
2360	79971	1
4127	79971	1
6418	79971	1
6508	79971	1
8218	79971	1
9360	79971	1
9983	79971	1
9995	79971	1
2360	79974	1
4127	79974	1
6418	79974	1
6508	79974	1
8218	79974	1
9360	79974	1
9983	79974	1
9995	79974	1
2360	79980	1
4127	79980	1
6418	79980	1
6508	79980	1
8218	79980	1
9360	79980	1
9983	79980	1
9995	79980	1
2360	79986	1
4127	79986	1
6418	79986	1
6508	79986	1
8218	79986	1
9360	79986	1
9983	79986	1
9995	79986	1
2360	79989	1
4127	79989	1
6418	79989	1
6508	79989	1
8218	79989	1
9360	79989	1
9983	79989	1
9995	79989	1
2360	79992	1
4127	79992	1
6418	79992	1
6508	79992	1
8218	79992	1
9360	79992	1
9983	79992	1
9995	79992	1
2360	79997	1
4127	79997	1
6418	79997	1
6508	79997	1
8218	79997	1
9360	79997	1
9983	79997	1
9995	79997	1
2360	80002	1
4127	80002	1
6418	80002	1
6508	80002	1
8218	80002	1
9360	80002	1
9983	80002	1
9995	80002	1
2360	80007	1
4127	80007	1
6418	80007	1
6508	80007	1
8218	80007	1
9360	80007	1
9983	80007	1
9995	80007	1
2360	80013	1
4127	80013	1
6418	80013	1
6508	80013	1
8218	80013	1
9360	80013	1
9983	80013	1
9995	80013	1
2360	80018	1
4127	80018	1
6418	80018	1
6508	80018	1
8218	80018	1
9360	80018	1
9983	80018	1
9995	80018	1
2360	80024	1
4127	80024	1
6418	80024	1
6508	80024	1
8218	80024	1
9360	80024	1
9983	80024	1
9995	80024	1
2360	80029	1
4127	80029	1
6418	80029	1
6508	80029	1
8218	80029	1
9360	80029	1
9983	80029	1
9995	80029	1
2360	80035	1
4127	80035	1
6418	80035	1
6508	80035	1
8218	80035	1
9360	80035	1
9983	80035	1
9995	80035	1
2360	80039	1
4127	80039	1
6418	80039	1
6508	80039	1
8218	80039	1
9360	80039	1
9983	80039	1
9995	80039	1
2360	80083	1
4127	80083	1
6418	80083	1
6508	80083	1
7325	80083	1
8215	80083	1
8218	80083	1
8667	80083	1
8865	80083	1
9360	80083	1
9500	80083	1
9983	80083	1
9995	80083	1
2360	80106	1
4127	80106	1
6418	80106	1
6508	80106	1
7325	80106	1
8215	80106	1
8218	80106	1
8667	80106	1
8865	80106	1
9360	80106	1
9500	80106	1
9983	80106	1
9995	80106	1
2360	80109	1
4127	80109	1
6418	80109	1
6508	80109	1
7325	80109	1
8215	80109	1
8218	80109	1
8667	80109	1
8865	80109	1
9360	80109	1
9500	80109	1
9983	80109	1
9995	80109	1
2360	80119	1
4127	80119	1
6418	80119	1
6508	80119	1
7325	80119	1
8215	80119	1
8218	80119	1
8667	80119	1
8865	80119	1
9360	80119	1
9500	80119	1
9983	80119	1
9995	80119	1
2360	80134	1
4127	80134	1
6418	80134	1
6508	80134	1
7325	80134	1
7621	80134	1
8215	80134	1
8218	80134	1
8667	80134	1
8865	80134	1
9360	80134	1
9500	80134	1
9983	80134	1
9995	80134	1
2360	80147	1
4127	80147	1
6418	80147	1
6508	80147	1
7325	80147	1
7621	80147	1
8215	80147	1
8218	80147	1
8667	80147	1
8865	80147	1
9360	80147	1
9500	80147	1
9983	80147	1
9995	80147	1
2360	80151	1
4127	80151	1
6418	80151	1
6508	80151	1
7325	80151	1
7621	80151	1
8215	80151	1
8218	80151	1
8667	80151	1
8865	80151	1
9360	80151	1
9500	80151	1
9983	80151	1
9995	80151	1
726	80182	1
471	80193	1
841	80193	1
1732	80193	1
2968	80193	1
723	80221	1
5747	80221	1
6392	80221	1
7298	80221	1
9428	80221	1
2360	80414	1
4127	80414	1
6418	80414	1
6508	80414	1
7325	80414	1
7621	80414	1
8215	80414	1
8218	80414	1
8667	80414	1
8865	80414	1
9360	80414	1
9500	80414	1
9983	80414	1
9995	80414	1
2360	80417	1
4127	80417	1
6418	80417	1
6508	80417	1
7325	80417	1
7621	80417	1
8215	80417	1
8218	80417	1
8667	80417	1
8865	80417	1
9360	80417	1
9500	80417	1
9983	80417	1
9995	80417	1
2360	80422	1
4127	80422	1
6418	80422	1
6508	80422	1
7325	80422	1
7621	80422	1
8215	80422	1
8218	80422	1
8667	80422	1
8865	80422	1
9360	80422	1
9500	80422	1
9983	80422	1
9995	80422	1
2360	80424	1
4127	80424	1
6418	80424	1
6508	80424	1
7325	80424	1
7621	80424	1
8215	80424	1
8218	80424	1
8667	80424	1
8865	80424	1
9360	80424	1
9500	80424	1
9983	80424	1
9995	80424	1
2360	80428	1
4127	80428	1
7325	80428	1
7621	80428	1
8215	80428	1
8218	80428	1
8667	80428	1
8865	80428	1
9500	80428	1
9983	80428	1
9995	80428	1
2360	80432	1
4127	80432	1
6418	80432	1
6508	80432	1
7325	80432	1
7621	80432	1
8215	80432	1
8218	80432	1
8667	80432	1
8865	80432	1
9360	80432	1
9500	80432	1
9983	80432	1
9995	80432	1
2360	80435	1
4127	80435	1
6418	80435	1
6508	80435	1
7325	80435	1
7621	80435	1
8215	80435	1
8218	80435	1
8667	80435	1
8865	80435	1
9360	80435	1
9500	80435	1
9983	80435	1
9995	80435	1
2360	80438	1
4127	80438	1
6418	80438	1
6508	80438	1
7325	80438	1
7621	80438	1
8215	80438	1
8218	80438	1
8667	80438	1
8865	80438	1
9360	80438	1
9500	80438	1
9983	80438	1
9995	80438	1
2360	80441	1
4127	80441	1
6418	80441	1
6508	80441	1
7325	80441	1
7621	80441	1
8215	80441	1
8218	80441	1
8667	80441	1
8865	80441	1
9360	80441	1
9500	80441	1
9983	80441	1
9995	80441	1
2360	80448	1
4127	80448	1
6418	80448	1
6508	80448	1
7325	80448	1
7621	80448	1
8215	80448	1
8218	80448	1
8667	80448	1
8865	80448	1
9360	80448	1
9500	80448	1
9983	80448	1
9995	80448	1
2360	80451	1
4127	80451	1
6418	80451	1
6508	80451	1
7325	80451	1
7621	80451	1
8215	80451	1
8218	80451	1
8667	80451	1
8865	80451	1
9360	80451	1
9500	80451	1
9983	80451	1
9995	80451	1
2360	80453	1
4127	80453	1
6418	80453	1
6508	80453	1
7325	80453	1
7621	80453	1
8215	80453	1
8218	80453	1
8667	80453	1
8865	80453	1
9360	80453	1
9500	80453	1
9983	80453	1
9995	80453	1
2360	80460	1
4127	80460	1
6418	80460	1
6508	80460	1
7325	80460	1
7621	80460	1
8215	80460	1
8218	80460	1
8667	80460	1
8865	80460	1
9360	80460	1
9500	80460	1
9983	80460	1
9995	80460	1
2360	80467	1
4127	80467	1
6418	80467	1
6508	80467	1
7325	80467	1
8215	80467	1
8218	80467	1
8667	80467	1
8865	80467	1
9360	80467	1
9500	80467	1
9983	80467	1
9995	80467	1
2360	80470	1
4127	80470	1
6418	80470	1
6508	80470	1
7325	80470	1
8215	80470	1
8218	80470	1
8667	80470	1
8865	80470	1
9360	80470	1
9500	80470	1
9983	80470	1
9995	80470	1
2360	80472	1
4127	80472	1
6418	80472	1
6508	80472	1
7325	80472	1
8215	80472	1
8218	80472	1
8667	80472	1
8865	80472	1
9360	80472	1
9500	80472	1
9983	80472	1
9995	80472	1
2360	80474	1
4127	80474	1
6418	80474	1
6508	80474	1
7325	80474	1
8215	80474	1
8218	80474	1
8667	80474	1
8865	80474	1
9360	80474	1
9500	80474	1
9983	80474	1
9995	80474	1
2360	80485	1
4127	80485	1
6418	80485	1
6508	80485	1
7325	80485	1
7621	80485	1
8215	80485	1
8218	80485	1
8667	80485	1
8865	80485	1
9360	80485	1
9500	80485	1
9983	80485	1
9995	80485	1
2360	80488	1
4127	80488	1
6418	80488	1
6508	80488	1
7325	80488	1
7621	80488	1
8215	80488	1
8218	80488	1
8667	80488	1
8865	80488	1
9360	80488	1
9500	80488	1
9983	80488	1
9995	80488	1
2360	80524	1
4127	80524	1
6418	80524	1
6508	80524	1
7325	80524	1
7621	80524	1
8215	80524	1
8218	80524	1
8667	80524	1
8865	80524	1
9360	80524	1
9500	80524	1
9983	80524	1
9995	80524	1
2360	80536	1
4127	80536	1
6418	80536	1
6508	80536	1
7325	80536	1
7621	80536	1
8215	80536	1
8218	80536	1
8667	80536	1
8865	80536	1
9360	80536	1
9500	80536	1
9983	80536	1
9995	80536	1
2360	80541	1
4127	80541	1
6418	80541	1
6508	80541	1
7325	80541	1
7621	80541	1
8215	80541	1
8218	80541	1
8667	80541	1
8865	80541	1
9360	80541	1
9500	80541	1
9983	80541	1
9995	80541	1
2360	80545	1
4127	80545	1
6418	80545	1
6508	80545	1
7325	80545	1
7621	80545	1
8215	80545	1
8218	80545	1
8667	80545	1
8865	80545	1
9360	80545	1
9500	80545	1
9983	80545	1
9995	80545	1
2360	80548	1
4127	80548	1
6418	80548	1
6508	80548	1
7325	80548	1
7621	80548	1
8215	80548	1
8218	80548	1
8667	80548	1
8865	80548	1
9360	80548	1
9500	80548	1
9983	80548	1
9995	80548	1
2360	80552	1
4127	80552	1
6418	80552	1
6508	80552	1
7325	80552	1
7621	80552	1
8215	80552	1
8218	80552	1
8667	80552	1
8865	80552	1
9360	80552	1
9500	80552	1
9983	80552	1
9995	80552	1
1118	80554	1
4569	80554	1
5126	80554	1
6009	80554	1
6567	80554	1
6859	80554	1
2360	80559	1
4127	80559	1
6418	80559	1
6508	80559	1
7325	80559	1
7621	80559	1
8215	80559	1
8218	80559	1
8667	80559	1
8865	80559	1
9360	80559	1
9500	80559	1
9983	80559	1
9995	80559	1
2360	80576	1
4127	80576	1
6418	80576	1
6508	80576	1
7325	80576	1
7621	80576	1
8215	80576	1
8218	80576	1
8667	80576	1
8865	80576	1
9360	80576	1
9500	80576	1
9983	80576	1
9995	80576	1
2360	80581	1
4127	80581	1
6418	80581	1
6508	80581	1
7325	80581	1
7621	80581	1
8215	80581	1
8218	80581	1
8667	80581	1
8865	80581	1
9360	80581	1
9500	80581	1
9983	80581	1
9995	80581	1
2360	80588	1
4127	80588	1
6418	80588	1
6508	80588	1
7325	80588	1
7621	80588	1
8215	80588	1
8218	80588	1
8667	80588	1
8865	80588	1
9360	80588	1
9500	80588	1
9983	80588	1
9995	80588	1
2360	80592	1
4127	80592	1
6418	80592	1
6508	80592	1
7325	80592	1
7621	80592	1
8215	80592	1
8218	80592	1
8667	80592	1
8865	80592	1
9360	80592	1
9500	80592	1
9983	80592	1
9995	80592	1
2360	80595	1
4127	80595	1
6418	80595	1
6508	80595	1
7325	80595	1
7621	80595	1
8215	80595	1
8218	80595	1
8667	80595	1
8865	80595	1
9360	80595	1
9500	80595	1
9983	80595	1
9995	80595	1
2360	80597	1
4127	80597	1
6418	80597	1
6508	80597	1
7325	80597	1
7621	80597	1
8215	80597	1
8218	80597	1
8667	80597	1
8865	80597	1
9360	80597	1
9500	80597	1
9983	80597	1
9995	80597	1
2360	80599	1
4127	80599	1
6418	80599	1
6508	80599	1
7325	80599	1
7621	80599	1
8215	80599	1
8218	80599	1
8667	80599	1
8865	80599	1
9360	80599	1
9500	80599	1
9983	80599	1
9995	80599	1
2360	80604	1
4127	80604	1
6418	80604	1
6508	80604	1
7325	80604	1
7621	80604	1
8215	80604	1
8218	80604	1
8667	80604	1
8865	80604	1
9360	80604	1
9500	80604	1
9983	80604	1
9995	80604	1
2360	80609	1
4127	80609	1
6418	80609	1
6508	80609	1
7325	80609	1
7621	80609	1
8215	80609	1
8218	80609	1
8667	80609	1
8865	80609	1
9360	80609	1
9500	80609	1
9983	80609	1
9995	80609	1
2360	80618	1
4127	80618	1
6418	80618	1
6508	80618	1
7325	80618	1
7621	80618	1
8215	80618	1
8218	80618	1
8667	80618	1
8865	80618	1
9360	80618	1
9500	80618	1
9983	80618	1
9995	80618	1
2360	80629	1
4127	80629	1
6418	80629	1
6508	80629	1
7325	80629	1
7621	80629	1
8215	80629	1
8218	80629	1
8667	80629	1
8865	80629	1
9360	80629	1
9500	80629	1
9983	80629	1
9995	80629	1
2360	80633	1
4127	80633	1
6418	80633	1
6508	80633	1
7325	80633	1
7621	80633	1
8215	80633	1
8218	80633	1
8667	80633	1
8865	80633	1
9360	80633	1
9500	80633	1
9983	80633	1
9995	80633	1
2360	80638	1
4127	80638	1
6418	80638	1
6508	80638	1
7325	80638	1
7621	80638	1
8215	80638	1
8218	80638	1
8667	80638	1
8865	80638	1
9360	80638	1
9500	80638	1
9983	80638	1
9995	80638	1
2360	80643	1
4127	80643	1
6418	80643	1
6508	80643	1
7325	80643	1
7621	80643	1
8215	80643	1
8218	80643	1
8667	80643	1
8865	80643	1
9360	80643	1
9500	80643	1
9983	80643	1
9995	80643	1
2360	80647	1
4127	80647	1
6418	80647	1
6508	80647	1
7325	80647	1
7621	80647	1
8215	80647	1
8218	80647	1
8667	80647	1
8865	80647	1
9360	80647	1
9500	80647	1
9983	80647	1
9995	80647	1
2360	80654	1
4127	80654	1
6418	80654	1
6508	80654	1
7325	80654	1
7621	80654	1
8215	80654	1
8218	80654	1
8667	80654	1
8865	80654	1
9360	80654	1
9500	80654	1
9983	80654	1
9995	80654	1
2360	80657	1
4127	80657	1
6418	80657	1
6508	80657	1
7325	80657	1
7621	80657	1
8215	80657	1
8218	80657	1
8667	80657	1
8865	80657	1
9360	80657	1
9500	80657	1
9983	80657	1
9995	80657	1
2360	80667	1
4127	80667	1
6418	80667	1
6508	80667	1
7325	80667	1
7621	80667	1
8215	80667	1
8218	80667	1
8667	80667	1
8865	80667	1
9360	80667	1
9500	80667	1
9983	80667	1
9995	80667	1
2360	80669	1
4127	80669	1
6418	80669	1
6508	80669	1
7325	80669	1
7621	80669	1
8215	80669	1
8218	80669	1
8667	80669	1
8865	80669	1
9360	80669	1
9500	80669	1
9983	80669	1
9995	80669	1
2360	80675	1
4127	80675	1
6418	80675	1
6508	80675	1
7325	80675	1
7621	80675	1
8215	80675	1
8218	80675	1
8667	80675	1
8865	80675	1
9360	80675	1
9500	80675	1
9983	80675	1
9995	80675	1
2360	80680	1
4127	80680	1
6418	80680	1
6508	80680	1
7325	80680	1
7621	80680	1
8215	80680	1
8218	80680	1
8667	80680	1
8865	80680	1
9360	80680	1
9500	80680	1
9983	80680	1
9995	80680	1
2360	80684	1
4127	80684	1
6418	80684	1
6508	80684	1
7325	80684	1
7621	80684	1
8215	80684	1
8218	80684	1
8667	80684	1
8865	80684	1
9360	80684	1
9500	80684	1
9983	80684	1
9995	80684	1
2360	80690	1
4127	80690	1
6418	80690	1
6508	80690	1
7325	80690	1
7621	80690	1
8215	80690	1
8218	80690	1
8667	80690	1
8865	80690	1
9360	80690	1
9500	80690	1
9983	80690	1
9995	80690	1
2360	80701	1
4127	80701	1
6418	80701	1
6508	80701	1
7325	80701	1
7621	80701	1
8215	80701	1
8218	80701	1
8667	80701	1
8865	80701	1
9360	80701	1
9500	80701	1
9983	80701	1
9995	80701	1
2360	80704	1
4127	80704	1
6418	80704	1
6508	80704	1
7325	80704	1
7621	80704	1
8215	80704	1
8218	80704	1
8667	80704	1
8865	80704	1
9360	80704	1
9500	80704	1
9983	80704	1
9995	80704	1
2360	80708	1
4127	80708	1
6418	80708	1
6508	80708	1
7325	80708	1
7621	80708	1
8215	80708	1
8218	80708	1
8667	80708	1
8865	80708	1
9360	80708	1
9500	80708	1
9983	80708	1
9995	80708	1
2360	80717	1
4127	80717	1
6418	80717	1
6508	80717	1
7325	80717	1
7621	80717	1
8215	80717	1
8218	80717	1
8667	80717	1
8865	80717	1
9360	80717	1
9500	80717	1
9983	80717	1
9995	80717	1
2360	80747	1
4127	80747	1
6418	80747	1
6508	80747	1
7325	80747	1
7621	80747	1
8215	80747	1
8218	80747	1
8667	80747	1
8865	80747	1
9360	80747	1
9500	80747	1
9983	80747	1
9995	80747	1
2360	80752	1
4127	80752	1
6418	80752	1
6508	80752	1
7325	80752	1
7621	80752	1
8215	80752	1
8218	80752	1
8667	80752	1
8865	80752	1
9360	80752	1
9500	80752	1
9983	80752	1
9995	80752	1
2360	80756	1
4127	80756	1
6418	80756	1
6508	80756	1
7325	80756	1
7621	80756	1
8215	80756	1
8218	80756	1
8667	80756	1
8865	80756	1
9360	80756	1
9500	80756	1
9983	80756	1
9995	80756	1
2360	80760	1
4127	80760	1
6418	80760	1
6508	80760	1
7325	80760	1
7621	80760	1
8215	80760	1
8218	80760	1
8667	80760	1
8865	80760	1
9360	80760	1
9500	80760	1
9983	80760	1
9995	80760	1
2360	80764	1
4127	80764	1
6418	80764	1
6508	80764	1
7325	80764	1
7621	80764	1
8215	80764	1
8218	80764	1
8667	80764	1
8865	80764	1
9360	80764	1
9500	80764	1
9983	80764	1
9995	80764	1
2360	80767	1
4127	80767	1
6418	80767	1
6508	80767	1
7325	80767	1
7621	80767	1
8215	80767	1
8218	80767	1
8667	80767	1
8865	80767	1
9360	80767	1
9500	80767	1
9983	80767	1
9995	80767	1
2360	80775	1
4127	80775	1
6418	80775	1
6508	80775	1
7325	80775	1
7621	80775	1
8215	80775	1
8218	80775	1
8667	80775	1
8865	80775	1
9360	80775	1
9500	80775	1
9983	80775	1
9995	80775	1
2360	80779	1
4127	80779	1
6418	80779	1
6508	80779	1
7325	80779	1
7621	80779	1
8215	80779	1
8218	80779	1
8667	80779	1
8865	80779	1
9360	80779	1
9500	80779	1
9983	80779	1
9995	80779	1
2360	80785	1
4127	80785	1
6418	80785	1
6508	80785	1
7325	80785	1
7621	80785	1
8215	80785	1
8218	80785	1
8667	80785	1
8865	80785	1
9360	80785	1
9500	80785	1
9983	80785	1
9995	80785	1
2360	80791	1
4127	80791	1
6418	80791	1
6508	80791	1
7325	80791	1
7621	80791	1
8215	80791	1
8218	80791	1
8667	80791	1
8865	80791	1
9360	80791	1
9500	80791	1
9983	80791	1
9995	80791	1
2360	80802	1
4127	80802	1
6418	80802	1
6508	80802	1
7325	80802	1
7621	80802	1
8215	80802	1
8218	80802	1
8667	80802	1
8865	80802	1
9360	80802	1
9500	80802	1
9983	80802	1
9995	80802	1
2360	80816	1
4127	80816	1
6418	80816	1
6508	80816	1
7325	80816	1
7621	80816	1
8215	80816	1
8218	80816	1
8667	80816	1
8865	80816	1
9360	80816	1
9500	80816	1
9983	80816	1
9995	80816	1
2360	80820	1
4127	80820	1
6418	80820	1
6508	80820	1
7325	80820	1
7621	80820	1
8215	80820	1
8218	80820	1
8667	80820	1
8865	80820	1
9360	80820	1
9500	80820	1
9983	80820	1
9995	80820	1
2360	80824	1
4127	80824	1
6418	80824	1
6508	80824	1
7325	80824	1
7621	80824	1
8215	80824	1
8218	80824	1
8667	80824	1
8865	80824	1
9360	80824	1
9500	80824	1
9983	80824	1
9995	80824	1
2360	80828	1
4127	80828	1
6418	80828	1
6508	80828	1
7325	80828	1
7621	80828	1
8215	80828	1
8218	80828	1
8667	80828	1
8865	80828	1
9360	80828	1
9500	80828	1
9983	80828	1
9995	80828	1
2360	80835	1
4127	80835	1
6418	80835	1
6508	80835	1
7325	80835	1
7621	80835	1
8215	80835	1
8218	80835	1
8667	80835	1
8865	80835	1
9360	80835	1
9500	80835	1
9983	80835	1
9995	80835	1
2360	80839	1
4127	80839	1
7325	80839	1
7621	80839	1
8215	80839	1
8218	80839	1
8667	80839	1
8865	80839	1
9500	80839	1
9983	80839	1
9995	80839	1
2360	80849	1
4127	80849	1
6418	80849	1
6508	80849	1
7325	80849	1
7621	80849	1
8215	80849	1
8218	80849	1
8667	80849	1
8865	80849	1
9360	80849	1
9500	80849	1
9983	80849	1
9995	80849	1
2360	80854	1
4127	80854	1
6418	80854	1
6508	80854	1
7325	80854	1
7621	80854	1
8215	80854	1
8218	80854	1
8667	80854	1
8865	80854	1
9360	80854	1
9500	80854	1
9983	80854	1
9995	80854	1
1689	80857	1
2955	80857	1
3687	80857	1
5077	80857	1
5318	80857	1
8969	80857	1
2360	80861	1
4127	80861	1
6418	80861	1
6508	80861	1
7325	80861	1
7621	80861	1
8215	80861	1
8218	80861	1
8667	80861	1
8865	80861	1
9360	80861	1
9500	80861	1
9983	80861	1
9995	80861	1
2360	80972	1
4127	80972	1
6418	80972	1
6508	80972	1
7325	80972	1
7621	80972	1
8215	80972	1
8218	80972	1
8667	80972	1
8865	80972	1
9360	80972	1
9500	80972	1
9983	80972	1
9995	80972	1
4820	80973	1
8684	80973	1
9976	80973	1
2360	80974	1
4127	80974	1
6418	80974	1
6508	80974	1
7325	80974	1
7621	80974	1
8215	80974	1
8218	80974	1
8667	80974	1
8865	80974	1
9360	80974	1
9500	80974	1
9983	80974	1
9995	80974	1
4896	80976	1
5199	80976	1
7978	80976	1
2360	80978	1
4127	80978	1
6418	80978	1
6508	80978	1
7325	80978	1
7621	80978	1
8215	80978	1
8218	80978	1
8667	80978	1
8865	80978	1
9360	80978	1
9500	80978	1
9983	80978	1
9995	80978	1
2360	80981	1
4127	80981	1
6418	80981	1
6508	80981	1
7325	80981	1
7621	80981	1
8215	80981	1
8218	80981	1
8667	80981	1
8865	80981	1
9360	80981	1
9500	80981	1
9983	80981	1
9995	80981	1
8309	81036	1
9924	81036	1
2750	81078	1
6593	81078	1
8865	81078	1
9669	81078	1
2170	81094	1
3487	81094	1
6649	81094	1
7977	81094	1
4144	81143	1
7004	81143	1
8560	81155	1
558	81159	1
5015	81183	1
5199	81183	1
8449	81183	1
2494	81197	1
8263	81197	1
4395	81237	1
5267	81237	1
5476	81237	1
8887	81237	1
9590	81237	1
2910	81260	1
3006	81260	1
5208	81260	1
5318	81260	1
6844	81260	1
8704	81260	3
9561	81260	1
857	81402	1
3822	81402	1
5318	81402	1
9890	81402	1
3023	81454	1
7033	81454	1
1052	81586	1
1382	81586	1
1465	81586	1
8202	81586	1
4463	81782	1
5160	81782	1
7520	81782	1
7859	81782	1
4223	81787	1
4569	81787	1
2136	81836	1
3258	81836	1
4458	81836	1
1357	81872	1
5771	81872	1
6768	81872	1
7520	81872	1
9526	81872	1
5029	81890	1
991	81917	1
2521	81917	1
2750	81917	1
8562	81917	1
9627	81917	1
162	81927	1
1689	81927	1
2049	81927	1
3034	81927	1
9407	81927	1
2479	81997	1
8684	81997	1
9589	81997	1
4127	82148	1
5735	82148	1
9942	82148	1
469	82217	1
3034	82217	1
3095	82217	1
4302	82217	1
6593	82217	1
8865	82217	1
9632	82217	1
1183	82313	1
3182	82313	1
4366	82313	1
4127	82322	1
4456	82322	1
6301	82322	1
6837	82322	1
7412	82322	1
8389	82322	1
9452	82322	1
353	82376	1
1886	82376	1
2994	82514	1
3291	82514	1
6880	82514	1
4065	82545	1
4113	82545	1
3155	82558	1
5866	82558	1
7266	82558	1
9625	82558	1
3711	82626	1
4259	82626	1
7559	82626	1
8912	82626	1
726	82768	1
1004	82768	1
1052	82768	1
1878	82768	1
4294	82768	1
6209	82768	1
6844	82768	1
9165	82768	1
1331	82941	1
3735	82941	1
6146	82941	1
6242	82941	1
8865	82941	1
8562	82946	1
4127	83038	1
8513	83038	1
3199	83101	1
4127	83101	1
5318	83101	1
2931	83247	1
4127	83247	1
5854	83247	1
7128	83247	1
8145	83247	1
579	83261	1
3034	83261	1
162	83355	1
1745	83355	1
3933	83355	1
4425	83355	1
9526	83355	1
1832	83667	1
3702	83667	3
4846	83667	1
5636	83667	1
8865	83667	1
344	83851	1
579	83851	1
5267	83851	1
6700	83851	1
6941	83851	1
9415	83851	1
9444	83851	1
9526	83851	1
3838	83902	1
1524	84476	1
2873	84476	1
3294	84476	1
4127	84476	1
2446	84544	1
4846	84544	1
8865	84544	1
1108	84919	1
1443	84919	1
1702	84919	1
3182	84919	1
3199	84919	1
3317	84919	1
3914	84919	1
4123	84919	1
4616	84919	1
6220	84919	1
3549	85115	1
5118	85115	1
6166	85115	1
8978	85115	1
8995	85115	1
1108	85195	1
1369	85195	1
2448	85195	1
5035	85195	1
7398	85195	1
9078	85195	1
878	85232	1
1554	85232	1
2324	85232	1
2360	85232	2
3735	85232	1
5672	85232	1
8865	85232	1
9234	85232	1
1739	85989	1
2117	85989	1
5256	85989	1
6844	85989	1
7396	85989	1
7986	85989	1
9330	85989	1
9589	85989	1
65	85994	1
4127	85994	1
4456	85994	1
6301	85994	1
8389	85994	1
4127	85997	1
4456	85997	1
5708	85997	1
6301	85997	1
8389	85997	1
9815	85997	1
76	86361	1
958	86361	1
5304	86361	1
3518	86465	1
5800	86465	1
8865	86465	1
9984	86465	1
5864	86498	1
6588	86498	1
9610	86498	1
1933	86874	1
3735	86874	1
4223	86874	1
4456	86874	1
5086	86874	1
6166	86874	1
8389	86874	1
3501	87154	1
6166	87154	1
2411	87182	1
3034	87182	1
5018	87182	1
9225	87182	1
2023	87215	1
3006	87215	1
3311	87215	1
3312	87215	1
3930	87215	1
4127	87215	1
4882	87215	1
7214	87215	1
9966	87215	1
9998	87215	1
9394	87367	1
698	87461	1
3602	87461	1
4066	87461	1
6526	87461	1
8995	87461	1
9161	87461	1
4127	87467	1
6618	87467	1
8865	87467	2
9121	87467	1
9153	87467	1
9526	87467	1
991	88449	1
3341	88449	1
6166	88449	1
8704	88449	1
9153	88750	1
1168	88982	1
3501	88982	1
5309	88982	1
6631	88982	1
8865	88982	1
9546	88982	1
3571	89181	1
4127	89181	1
1832	89221	1
8995	89221	1
9011	89221	1
9526	89221	1
5267	89302	1
8144	89302	1
2690	89331	2
2902	89433	1
5267	89433	1
8684	89433	1
9669	89433	1
2712	89617	1
3094	89617	1
3711	89617	1
5653	89617	1
5725	89617	1
6005	89617	1
4127	89840	1
5233	89840	1
5564	89840	1
9450	89840	1
9861	89840	1
9969	89840	1
1267	89847	1
1296	89847	1
1995	89847	1
6009	89847	1
7235	89847	1
8077	89847	1
8408	89847	1
9121	89851	2
3711	89911	1
1267	89923	1
4056	89923	1
8213	89923	1
9054	89923	1
9546	89923	1
579	90049	1
1720	90472	1
5236	90472	1
7520	90472	1
8810	90762	1
9526	90762	1
2734	90791	1
4127	90791	1
7852	90791	1
3677	91018	1
3763	91018	1
4892	91081	1
5240	91081	1
9526	91081	1
3677	91202	1
4892	91202	1
6009	91202	1
4892	91277	1
9926	91277	1
4892	91327	1
1689	91358	1
7581	91358	1
