432	28833	1
1602	28833	1
1880	28833	1
2273	28833	1
2324	28833	1
2997	28833	1
3319	28833	1
4846	28833	1
5201	28833	1
5353	28833	1
5367	28833	1
8054	28833	1
8865	28833	1
1638	28892	1
4259	28892	1
8727	28892	1
5232	28902	1
6205	28902	1
7621	28902	1
8144	28902	1
2289	29001	1
3711	29001	1
6847	29001	1
7986	29001	1
7262	29030	1
1894	29061	1
2612	29061	1
3873	29061	1
4875	29061	1
5596	29061	1
6794	29061	1
9605	29061	1
108	29113	1
3146	29113	1
3984	29113	1
8879	29113	1
8944	29113	1
1296	29133	1
8250	29133	1
2384	29155	1
7621	29155	1
8573	29155	1
2439	29186	1
2528	29186	1
4127	29186	1
6166	29186	1
7954	29186	1
7966	29186	1
9448	29186	1
9909	29186	1
1125	29192	1
2445	29192	1
3730	29192	1
4846	29192	1
5208	29192	1
5866	29192	1
6733	29192	1
7618	29192	1
7621	29192	1
8130	29192	1
8217	29192	1
9669	29192	1
6271	29194	1
7112	29194	1
387	29198	1
4259	29198	1
1078	29222	1
1981	29222	1
2071	29222	1
4948	29222	1
8250	29222	1
8395	29222	1
3836	29231	1
1611	29234	1
2825	29234	1
3241	29234	1
4298	29234	1
7044	29234	1
7621	29234	1
1611	29256	1
1958	29256	1
5068	29256	1
6861	29256	1
9500	29256	1
1132	29265	1
4127	29265	1
6301	29265	1
1780	29295	1
3273	29295	1
3511	29295	1
3747	29295	1
5864	29295	1
6834	29295	1
9242	29295	1
243	29350	1
4127	29350	1
6547	29350	1
7621	29350	2
4259	29377	1
8213	29377	1
1132	29399	1
4127	29399	1
6301	29399	1
1168	29476	1
5267	29476	1
979	29503	1
1540	29503	1
1680	29503	1
2470	29503	1
3091	29503	1
4135	29503	1
6844	29503	1
1267	29521	1
6700	29521	1
9926	29521	1
958	29542	1
981	29542	1
1132	29542	1
1406	29542	1
4099	29542	1
4127	29542	1
5963	29542	1
248	29619	1
1108	29619	1
3527	29619	1
5344	29619	1
5921	29619	1
6094	29668	1
63	29784	1
1828	29784	1
2351	29784	1
2931	29784	2
6608	29784	1
6700	29784	1
8806	29784	1
9526	29784	1
257	29809	1
1958	29809	1
2164	29809	1
2175	29809	1
2905	29809	1
4127	29809	1
4435	29809	1
5065	29809	1
5883	29809	1
9445	29809	1
9834	29809	1
4127	29924	1
9145	29924	1
991	29931	1
1285	29931	1
5844	29931	1
6998	29931	1
4127	30214	1
5423	30214	1
5794	30214	1
8612	30214	1
4127	30297	1
4530	30297	1
6298	30297	1
6681	30297	1
1132	30317	1
2203	30317	1
4127	30317	1
6301	30317	1
9759	30317	1
3300	30330	1
6870	30330	1
9563	30330	1
4458	30333	1
6711	30333	1
9536	30333	1
539	30504	1
1894	30504	1
3034	30504	1
8865	30504	1
9054	30504	1
63	30524	1
1580	30524	1
4060	30524	1
4127	30524	1
4133	30524	1
5344	30524	1
5576	30524	1
7031	30524	1
7638	30524	1
1886	30533	1
2130	30533	1
2445	30533	1
456	30541	1
591	30541	1
1527	30541	1
1905	30541	1
7004	30541	1
3211	30591	1
1329	30871	1
3181	30871	1
7102	30871	1
385	30906	1
5181	30907	1
5476	30907	1
5746	30907	1
5947	30907	1
6304	30907	1
7621	30907	1
8043	30907	1
1476	30967	1
3343	30967	1
4127	30967	1
7262	30967	1
9444	30967	1
329	31090	1
4127	31090	1
5233	31090	1
7621	31090	3
8486	31090	1
8956	31090	1
2771	31110	2
2950	31110	2
6806	31110	1
7395	31110	1
9964	31110	1
5660	31145	1
7621	31145	1
8471	31145	1
8486	31145	1
3872	31193	1
4088	31193	1
7798	31193	1
8887	31193	1
9526	31193	1
1132	31364	1
2531	31364	1
4113	31364	1
4127	31364	1
7090	31364	1
540	31480	1
2477	31480	1
5837	31480	1
6003	31480	1
7621	31480	1
7923	31480	1
8111	31480	1
8217	31480	1
9974	31480	1
3452	31536	2
4017	31536	1
4094	31536	2
4215	31536	1
5865	31536	1
1580	31574	1
4127	31574	1
7776	31574	1
5677	31628	1
8684	31628	1
9764	31628	1
470	31658	1
1108	31658	1
6881	31658	1
7935	31658	1
8922	31658	1
9625	31658	1
5794	31670	1
7390	31670	1
9293	31670	1
9589	31670	1
4127	31742	1
5591	31742	1
7621	31742	1
518	31770	1
3140	31770	1
5124	31770	1
5460	31770	1
624	31851	1
625	31851	1
930	31851	1
1572	31851	1
1707	31851	1
4127	31851	1
4963	31851	1
6166	31851	1
7592	31851	1
7610	31851	1
9447	31851	1
9573	31851	1
9885	31851	1
3569	31964	1
1330	32070	1
2884	32070	1
3906	32070	1
5607	32070	1
7252	32070	1
8053	32070	1
9291	32070	1
579	32132	1
1644	32132	1
1953	32132	1
3735	32132	1
6844	32132	1
7986	32132	1
3182	32136	1
3657	32136	1
4229	32136	1
6562	32136	1
8017	32136	1
8865	32136	1
9669	32136	1
6408	32144	1
7289	32144	1
9526	32144	1
6791	32159	1
3752	32246	1
1507	32296	1
5263	32296	2
8241	32296	1
9201	32296	1
1507	32303	1
5263	32303	2
8241	32303	1
9201	32303	1
5864	32327	1
4127	32328	1
6549	32328	1
8900	32328	1
9422	32328	1
257	32377	1
765	32377	1
905	32377	1
2968	32377	1
5064	32377	1
6992	32377	1
8242	32377	1
1604	32444	1
4214	32444	3
6299	32444	1
23	32449	1
2226	32449	1
4127	32449	1
7412	32449	1
3602	32489	1
5199	32489	1
9126	32489	1
4215	32510	1
6588	32510	1
7266	32510	1
417	32541	1
2230	32541	1
2445	32541	1
2513	32541	1
4965	32541	1
5460	32541	1
2086	32582	1
3735	32582	1
5460	32582	1
6619	32582	1
6700	32582	1
7380	32582	1
8865	32582	1
9561	32582	1
9627	32582	1
84	32611	1
1836	32611	1
2553	32611	1
3142	32611	1
4351	32611	1
7202	32611	1
8098	32611	1
9611	32611	1
2950	32722	1
3232	32722	1
4366	32722	1
6334	32722	2
6396	32722	1
8113	32722	1
530	32734	1
2164	32734	1
6224	32734	1
6558	32734	1
9323	32768	1
9924	32768	1
5794	32797	1
7671	32797	1
7242	32809	1
7759	32809	1
9974	32809	1
1029	32860	1
2448	32860	1
2931	32860	1
3724	32860	1
6733	32860	1
7621	32860	1
1797	32889	1
3349	32889	1
8098	32889	2
8987	32889	1
9144	32889	1
1132	32891	1
1505	32891	1
1987	32891	1
3289	32891	1
4127	32891	1
6301	32891	1
6631	32903	1
3095	32953	1
3703	32953	1
4271	32953	1
2351	32966	1
3683	32966	1
4127	32966	1
4928	32966	1
5688	32966	1
1325	32968	1
2477	32968	1
4127	32968	1
7621	32968	1
65	32982	1
1430	32982	1
5226	32982	1
5303	32982	1
5877	32982	1
8070	32982	1
5258	32983	1
6237	32983	1
7557	32983	1
7581	32983	1
7621	32983	1
1279	33045	1
4284	33045	1
5866	33045	1
7621	33045	1
8395	33045	1
9764	33045	1
9784	33045	1
9974	33045	1
1213	33088	1
4044	33088	1
6161	33088	1
7349	33088	2
7621	33088	1
9055	33088	1
9394	33088	1
792	33105	1
1178	33105	1
2351	33105	1
4127	33105	1
4493	33105	1
5476	33105	1
6941	33105	1
7638	33105	1
311	33109	2
1157	33109	1
1331	33109	1
4444	33109	1
8112	33109	1
63	33256	1
453	33256	1
471	33256	1
579	33256	1
1290	33256	1
1795	33256	1
3606	33256	1
3752	33256	1
4088	33256	1
6661	33256	1
981	33267	1
1132	33267	1
1406	33267	1
4099	33267	1
4127	33267	1
1158	33273	1
5267	33273	1
5877	33273	1
6161	33273	1
9591	33273	1
9727	33273	1
3568	33300	1
3914	33300	1
4259	33300	2
6161	33300	1
8279	33300	1
2923	33408	1
3075	33408	1
4127	33408	1
6593	33408	1
8464	33408	1
9976	33408	1
4127	33440	1
4723	33440	1
6131	33440	1
7412	33440	1
8905	33440	1
9998	33440	1
4127	33471	1
7275	33471	1
469	33479	1
1828	33479	1
2988	33479	1
3735	33479	1
4017	33479	1
5033	33479	1
8142	33479	1
8213	33479	1
8488	33479	1
2296	33488	1
2549	33488	2
2561	33488	1
3796	33488	1
5917	33488	1
6834	33488	1
7874	33488	1
8865	33488	1
9962	33488	1
3812	33510	1
5077	33510	1
5086	33510	1
8484	33510	1
9520	33510	1
9813	33510	1
7738	33527	1
8014	33540	1
9277	33540	1
243	33646	1
2324	33646	1
3234	33646	1
4127	33646	1
4653	33646	1
5680	33646	1
5942	33646	1
8452	33646	1
8559	33646	1
8865	33646	1
9603	33646	1
991	33673	1
8858	33673	1
4127	33724	1
4723	33724	1
6769	33724	1
6941	33724	1
7412	33724	1
136	33760	1
884	33760	1
2546	33760	1
2917	33760	1
4458	33760	1
5606	33760	1
8184	33760	1
4458	33781	1
4567	33781	1
5771	33781	1
8053	33781	1
8293	33781	1
9813	33781	1
1132	33799	1
1147	33799	1
2531	33799	1
4113	33799	1
4127	33799	1
4981	33799	1
6291	33799	1
7090	33799	1
1725	33874	1
1777	33874	1
1943	33874	1
6072	33874	1
8183	33874	1
8865	33874	1
2394	34007	1
2775	34007	1
4113	34007	1
4142	34007	1
4385	34007	2
7061	34007	1
9477	34007	1
1604	34028	1
3927	34069	1
4156	34069	1
6166	34120	1
6834	34120	1
9546	34120	1
440	34137	1
2764	34137	1
3836	34137	1
9823	34137	1
6396	34155	2
7638	34155	1
9764	34155	2
136	34166	1
142	34166	1
1597	34166	1
4350	34166	1
34	34174	1
3638	34174	1
4321	34174	1
5208	34174	1
5972	34174	2
6946	34174	1
8604	34174	1
6769	34187	1
7200	34187	1
8364	34187	1
8573	34187	1
9538	34187	1
2876	34240	1
3273	34240	1
3752	34240	1
4281	34240	1
4323	34240	1
6386	34240	1
6858	34240	1
6905	34240	1
7391	34240	1
3752	34305	2
3906	34305	1
4788	34305	2
5199	34305	2
9526	34305	1
4846	34314	1
1222	34395	1
4395	34395	1
4446	34395	1
4897	34395	1
4961	34395	1
6859	34395	1
7386	34395	1
7621	34395	1
2560	34585	1
4088	34585	1
5629	34585	1
8944	34585	1
1867	34766	1
4056	34766	1
4284	34766	1
5794	34766	1
7071	34766	1
7178	34766	1
7389	34766	1
7390	34766	1
3405	35029	1
4088	35029	1
4162	35029	1
6868	35029	1
6940	35029	1
7174	35029	1
7963	35029	1
8865	35029	1
4127	35068	1
5423	35068	1
8342	35068	1
2561	35083	1
3148	35083	1
3709	35083	1
3984	35083	1
5029	35083	1
6184	35083	1
7832	35083	1
3280	35174	1
8684	35174	1
5791	35199	1
8368	35199	1
328	35329	1
368	35329	1
510	35329	1
2892	35329	1
3996	35329	1
4458	35329	1
8721	35329	1
534	35534	1
3034	35534	1
3226	35534	1
5261	35534	1
5921	35534	1
8987	35534	1
3490	35569	1
4088	35569	1
4863	35569	1
4907	35569	1
6151	35569	1
9526	35569	1
4138	35579	1
246	35627	1
1396	35627	1
1440	35627	1
1673	35627	1
2925	35627	1
4127	35627	1
4863	35627	1
6131	35627	1
6394	35627	1
7052	35627	1
7635	35627	1
2043	35667	1
4262	35667	1
4663	35667	1
5086	35667	1
5318	35667	1
8145	35667	1
9410	35667	1
509	35676	1
1132	35676	1
4399	35676	1
5877	35676	1
6870	35676	1
7870	35676	1
8865	35676	1
9171	35676	1
1512	35713	1
3148	35713	1
5267	35713	1
6184	35713	1
2036	35763	1
2531	35763	1
7791	35763	1
9662	35763	1
3131	35810	1
3735	35810	1
8193	35810	1
951	35870	1
1798	35870	1
2914	35870	1
3894	35870	1
4398	35870	1
5318	35870	1
7950	35870	1
7986	35870	1
5694	35912	1
5794	35912	1
8865	35912	1
3752	35931	1
5267	35931	1
5655	35931	1
7840	35931	1
9800	35931	1
142	35963	1
627	35963	1
7365	35963	1
1602	35984	1
2446	35984	1
4056	35984	1
5854	35984	1
7017	35984	1
8959	35984	1
9394	35984	1
1361	36107	1
9193	36107	1
9500	36107	1
9896	36107	1
133	36112	1
8865	36112	1
9526	36112	1
112	36127	1
1450	36127	1
7621	36127	1
9175	36127	1
1132	36153	1
4127	36153	1
6053	36153	1
6166	36153	1
6170	36153	1
7623	36153	1
9909	36153	1
3821	36207	1
8865	36207	1
579	36298	1
1361	36298	1
2445	36298	1
3392	36298	1
5866	36298	1
6905	36298	1
8351	36298	1
9549	36298	1
9800	36298	1
418	36336	1
7583	36336	1
9183	36336	1
2531	36342	1
3811	36342	1
4127	36342	1
6594	36342	1
6681	36342	1
6945	36390	1
3319	36442	1
4127	36442	1
6681	36442	1
6769	36442	1
6941	36442	1
294	36540	1
1420	36540	1
8810	36540	1
294	36589	1
1420	36589	1
5267	36589	1
294	36673	1
1420	36673	1
5226	36673	1
8048	36690	1
751	36711	1
3006	36711	1
4127	36711	1
5952	36711	1
7845	36711	1
56	36726	1
2164	36726	1
2951	36726	1
3693	36726	1
5396	36726	1
9763	36726	1
674	36829	1
2955	36829	1
4127	36829	1
7178	36829	1
8865	36829	1
9066	36829	1
2973	36894	1
4127	36894	1
8218	36894	1
2630	36919	1
3215	36919	1
3714	36938	1
4006	36938	1
531	36940	1
1892	36940	1
3752	36940	1
5972	36940	2
7986	36940	1
9128	36940	1
1331	36944	1
2061	36944	1
4127	36944	1
4723	36944	1
7412	36944	1
7913	36944	1
10017	36944	1
7266	36951	1
7262	37012	1
7827	37012	1
3206	37069	1
5852	37069	1
6922	37069	1
7543	37069	1
8981	37069	1
110	37070	1
726	37070	1
733	37070	1
1580	37070	1
2330	37070	1
5279	37070	1
5318	37070	1
9051	37070	1
9542	37070	1
3452	37148	1
7638	37148	1
7971	37148	1
9610	37148	1
3701	37297	1
4017	37297	1
4056	37297	1
6970	37297	1
9054	37300	1
9538	37300	1
1656	37301	1
4088	37358	1
5264	37358	1
10000	37379	1
8865	37385	1
9975	37385	1
3034	37397	1
3873	37411	1
8008	37411	1
8865	37411	1
9611	37411	1
1225	37424	1
1382	37424	1
2778	37424	1
2937	37424	1
5794	37424	1
6894	37424	1
2382	37428	1
3087	37428	1
4642	37428	1
6628	37428	1
8739	37428	1
4127	37439	1
6301	37439	1
9883	37439	1
9974	37439	1
4127	37471	1
5074	37471	1
331	37505	1
979	37505	1
1015	37505	1
2573	37505	1
4127	37505	1
4248	37505	1
6166	37505	1
7053	37505	1
8987	37505	1
494	37543	1
3752	37543	2
5160	37543	1
5746	37543	1
6233	37543	1
7738	37543	1
7896	37543	1
8072	37543	1
8865	37543	1
4127	37558	1
60	37575	1
3702	37575	1
8192	37575	1
4080	37608	1
6998	37608	1
7223	37608	1
7713	37608	1
88	37735	1
2192	37735	1
3216	37735	1
3335	37735	1
5856	37735	1
6319	37735	1
6586	37735	1
6636	37735	1
7078	37735	1
8969	37735	1
8987	37735	1
9500	37735	1
34	37742	1
1004	37742	1
1451	37742	1
2582	37742	1
3034	37742	1
5031	37742	1
6386	37742	1
8251	37742	1
6035	37790	1
9526	37790	1
3034	37815	1
3038	37815	1
5053	37815	1
3034	37824	1
3038	37824	1
5053	37824	1
3034	37838	1
3038	37838	1
5090	37884	1
6588	37884	1
9610	37884	1
2943	37885	1
6998	37901	1
8698	37901	1
8985	37901	1
4127	37934	1
4620	37934	1
5415	37934	1
5737	37934	1
9924	37934	1
10036	37934	1
459	38086	1
511	38086	1
648	38086	1
1132	38086	1
1406	38086	1
4127	38086	1
5943	38086	1
6301	38086	1
8533	38086	1
6736	38151	1
8144	38151	1
4127	38167	1
5396	38167	1
6098	38167	1
8865	38167	1
9054	38167	1
3081	38211	1
6119	38211	1
6794	38211	1
7671	38211	1
8286	38211	1
9165	38211	1
9589	38211	1
5318	38242	1
4975	38255	1
2071	38372	1
7986	38372	1
9589	38372	1
3552	38387	1
4767	38387	1
5226	38387	1
5513	38387	1
9327	38387	1
719	38392	1
2191	38392	1
3873	38392	1
4653	38392	1
6559	38392	1
8865	38392	1
2552	38517	1
3552	38517	1
4767	38517	1
5226	38517	1
5513	38517	1
7621	38517	1
8144	38517	1
9327	38517	1
1215	38527	1
2049	38527	1
2931	38527	1
4767	38527	1
5181	38527	1
6146	38527	1
7198	38527	1
7912	38527	1
8090	38527	1
9327	38527	1
9537	38527	1
306	38546	1
3511	38546	1
3560	38546	1
4527	38546	1
5108	38546	1
5163	38546	1
5267	38546	1
7522	38546	1
7638	38546	1
7882	38546	1
9008	38546	1
9435	38546	1
5864	38550	1
6385	38550	1
9153	38550	1
9788	38550	1
141	38551	1
1440	38551	1
2955	38551	1
5076	38551	1
5086	38551	1
5267	38551	1
7986	38551	1
8887	38551	1
9526	38551	1
3098	38560	1
4527	38560	1
5318	38560	1
5361	38560	1
5642	38560	1
8355	38560	1
8586	38560	1
8995	38560	1
9526	38560	1
6938	38581	1
134	38588	1
1943	38588	1
3034	38588	1
4145	38588	1
6844	38588	1
8287	38588	1
3906	38611	1
5309	38611	1
5972	38611	1
6725	38611	1
6844	38611	1
6859	38611	1
726	38636	1
2619	38636	1
2931	38636	1
4142	38636	1
5201	38636	1
7178	38636	1
9546	38636	1
3914	38640	1
5972	38640	1
8995	38640	1
9526	38640	1
7269	38646	1
7986	38646	1
8160	38646	1
9165	38646	1
2212	38653	1
3081	38653	1
4142	38653	1
4325	38653	1
5621	38653	1
7082	38653	1
930	38658	1
4205	38658	1
4456	38658	1
8739	38658	1
8969	38658	1
9394	38658	1
9968	38658	1
1744	38700	1
6048	38700	1
7124	38700	1
8213	38700	1
1878	38791	1
4701	38791	1
6166	38791	1
6625	38791	1
1629	38918	1
2209	38918	1
3392	38918	1
7548	38918	1
4127	39003	1
7236	39003	1
10052	39003	1
2621	39008	1
7298	39008	1
7352	39008	1
7381	39008	1
7621	39008	1
9034	39008	1
9526	39008	1
4088	39067	1
5196	39067	1
7621	39067	1
7821	39067	1
1451	39082	1
7945	39082	1
9030	39082	2
7404	39122	1
7408	39122	1
3501	39125	1
3602	39125	1
3735	39125	1
6736	39125	1
8144	39125	1
9669	39125	2
4127	39139	1
5794	39139	1
1029	39143	1
3501	39143	1
5267	39143	1
6257	39143	1
7522	39143	1
9646	39143	1
243	39157	1
2438	39157	1
6106	39157	1
7998	39157	1
1132	39161	1
5797	39161	1
1689	39163	1
7264	39163	1
8865	39163	1
9584	39163	1
9611	39163	1
2502	39168	1
5972	39168	1
1892	39181	1
3406	39181	1
4088	39181	1
4572	39181	1
5018	39181	1
6240	39181	1
8865	39181	1
2875	39192	1
9964	39192	1
2484	39252	1
5208	39252	2
5972	39252	1
5974	39252	1
7829	39252	1
7945	39252	1
9584	39252	1
2132	39259	1
3006	39259	1
3125	39259	1
4127	39259	1
7621	39259	1
9784	39259	1
1236	39272	1
2976	39272	1
5182	39272	1
5226	39272	1
5267	39272	1
5301	39272	1
5737	39272	1
6861	39272	1
7621	39272	1
7634	39272	1
8380	39272	1
915	39274	1
3012	39274	1
4127	39274	1
5648	39274	1
2768	39298	1
8162	39298	1
8452	39298	1
1420	39314	1
3034	39314	1
8006	39314	1
134	39381	1
4296	39381	1
8756	39381	1
1759	39384	1
4446	39384	1
5920	39384	1
6266	39384	1
6868	39384	1
8137	39384	1
1067	39396	1
2844	39396	1
2937	39396	1
4678	39396	1
9193	39396	1
958	39541	1
4592	39541	1
5174	39541	1
5267	39541	1
526	39546	1
1420	39548	1
1726	39548	1
3821	39585	1
4598	39585	1
7966	39585	1
23	39604	1
1937	39796	1
3524	39884	1
6567	39884	1
7264	39884	1
8865	39884	1
9538	39884	1
1659	39909	1
2625	39909	1
3702	39909	1
4127	39909	1
4522	39909	1
9915	39909	1
733	39958	1
830	39958	1
4854	39958	1
5802	39958	1
8703	39958	1
9394	39958	1
9526	39958	1
9589	39958	1
1132	40054	1
3134	40054	1
3223	40054	1
3658	40054	1
4127	40054	1
6489	40054	1
4127	40080	1
5124	40080	1
5476	40080	1
7964	40080	1
9448	40080	1
9974	40080	1
1132	40118	1
1894	40118	1
5632	40118	1
9561	40118	1
4127	40395	1
4885	40395	1
8174	40395	1
472	40474	1
531	40528	1
830	40528	1
4222	40528	1
3275	40529	1
5768	40529	1
6896	40710	1
7852	40710	1
8449	40710	1
9853	40710	1
2955	40833	2
4127	40833	1
5794	40833	1
5854	40833	1
6769	40833	2
8865	40833	1
8969	40833	1
9974	40833	1
2656	40839	1
2760	40839	1
3652	40839	1
8246	40839	1
9128	40839	1
9423	40839	1
9669	40839	1
9823	40839	1
193	40902	1
1382	40902	1
6439	40902	1
7563	40902	1
9962	40902	1
412	40963	1
742	40963	1
2379	40963	1
6301	40963	1
677	41124	1
4127	41150	1
7768	41150	1
3930	41167	1
4127	41167	1
9879	41167	1
2242	41307	1
4127	41307	1
5187	41307	1
6301	41307	1
9974	41307	1
1396	41463	1
2766	41463	1
3008	41463	1
3735	41463	1
4284	41463	1
4408	41463	1
5091	41463	1
8792	41463	1
9341	41463	1
9813	41463	1
63	41668	1
1518	41668	1
2532	41668	1
9038	41668	1
4259	41735	1
4127	41772	1
4642	41772	2
5771	41772	1
6122	41772	1
6301	41772	1
7854	41772	1
8071	41772	1
476	41776	1
911	41776	1
1313	41776	1
2187	41776	1
4127	41776	1
6396	41776	1
7667	41776	1
2332	41811	1
2695	41811	1
2884	41811	1
3822	41811	1
5892	41811	1
9500	41811	1
9890	41811	1
1580	41871	1
2968	41871	1
4088	41871	1
5892	41871	1
6870	41871	1
1132	41872	1
4127	41872	1
5794	41872	1
8865	41872	1
9448	41872	1
5892	41996	1
6686	41996	1
5285	42003	1
7776	42003	1
8122	42003	1
1213	42007	1
5163	42007	1
5291	42007	1
9394	42007	1
9784	42007	1
2878	42056	1
9500	42056	1
9526	42056	1
353	42066	1
1027	42066	1
1638	42066	1
4127	42066	1
4262	42066	1
5254	42066	1
5839	42066	1
6768	42066	1
7817	42066	1
7870	42066	1
9681	42066	1
1376	42206	1
1476	42206	1
3603	42206	1
4127	42206	1
4527	42206	1
6659	42206	1
8351	42206	1
9500	42206	1
9757	42206	1
1132	42234	1
2695	42234	1
3687	42234	1
4127	42234	1
5892	42234	1
6870	42234	1
8128	42234	1
9453	42234	1
9500	42234	1
4127	42250	1
7821	42250	1
8596	42250	1
9542	42250	1
353	42256	1
862	42256	1
1979	42256	1
1602	42279	1
2696	42279	1
3034	42279	1
3752	42279	1
8969	42279	1
2495	42326	1
5226	42326	1
7365	42326	1
7621	42326	1
184	42361	1
8218	42361	1
9121	42431	1
522	42446	1
1183	42446	1
2632	42446	1
6977	42446	1
8426	42446	2
1405	42502	1
1814	42502	1
4127	42502	1
6499	42502	1
6834	42502	1
4127	42508	1
5430	42508	1
6304	42508	1
9500	42508	1
9500	42565	1
9153	42618	1
9500	42618	1
1332	42667	1
1386	42667	1
2092	42667	1
2187	42667	1
7634	42667	1
7879	42667	1
8452	42667	1
9121	42667	1
7146	42748	1
7279	42748	1
9072	42748	1
2030	42784	1
5246	42784	1
5460	42784	1
5759	42784	1
7399	42784	1
2695	42817	1
5351	42817	1
8969	42817	1
9500	42817	1
8484	42860	1
9669	42860	1
363	42871	1
1764	42871	1
2888	42871	1
4127	42871	1
4216	42871	1
5892	42871	1
7262	42871	1
7825	42871	1
8865	42871	1
5951	42876	1
1132	42894	1
1739	42894	1
4127	42894	1
6669	42894	1
7526	42894	1
7563	42894	1
1132	43029	1
1246	43029	1
1529	43029	1
4127	43029	1
6301	43029	1
826	43035	1
1029	43035	1
4127	43035	1
619	43055	1
1928	43055	1
3189	43055	2
6304	43055	1
9394	43055	1
9813	43055	1
2005	43065	1
2532	43065	1
3730	43065	1
6563	43065	1
6733	43065	1
7621	43065	1
8321	43065	1
4113	43104	1
4127	43104	1
6309	43104	1
6769	43104	1
6941	43104	1
353	43158	1
1741	43158	1
2214	43158	1
3034	43158	1
7986	43158	1
8775	43158	1
9572	43158	1
9611	43158	1
9947	43158	2
328	43160	1
619	43160	1
1576	43160	1
1753	43160	1
3081	43160	1
3205	43160	1
5201	43160	1
8122	43160	1
9924	43160	1
641	43282	1
1697	43282	1
3294	43282	1
4127	43282	1
5550	43282	1
6907	43282	1
8321	43282	1
8391	43282	1
8900	43282	1
226	43365	1
1910	43365	1
1975	43365	1
2974	43365	1
5318	43365	1
4127	43434	1
5061	43434	1
2254	43463	1
6364	43463	1
8204	43463	1
8529	43463	1
1329	43509	1
1981	43509	1
3094	43509	1
7335	43509	1
7986	43509	1
1132	43511	1
1332	43511	1
2292	43511	1
4127	43511	1
6295	43511	1
7776	43511	1
9500	43511	1
1132	43513	1
3984	43513	1
4127	43513	1
7365	43513	1
7776	43513	1
8757	43513	1
8969	43513	1
9500	43513	1
3568	43531	1
6785	43531	1
7852	43531	1
8357	43531	1
8969	43531	1
639	43544	1
1564	43544	1
4127	43544	1
4491	43544	1
366	43562	1
1825	43562	1
2696	43562	1
4271	43562	1
6686	43562	1
6907	43562	1
8676	43562	1
9394	43562	1
776	43563	1
2446	43563	1
7732	43563	1
191	43607	1
1132	43607	2
2564	43607	1
3191	43607	2
4127	43607	1
6332	43607	1
7621	43607	1
3288	43704	1
6859	43704	1
7848	43704	1
9669	43704	1
619	43705	2
627	43705	1
1132	43705	1
2695	43705	1
5389	43705	1
6556	43705	1
6593	43705	1
7391	43705	1
8479	43705	1
9500	43705	1
9589	43705	1
841	43717	1
1406	43717	1
1736	43717	1
3405	43717	1
4127	43717	1
9510	43717	1
709	43745	1
1126	43745	1
2695	43745	1
2943	43745	1
5861	43745	1
6301	43745	1
6319	43745	1
6844	43745	1
6907	43745	1
7757	43745	1
8760	43745	1
1406	43826	1
1736	43826	1
1886	43826	1
4088	43826	1
4127	43826	1
7757	43826	1
9500	43826	2
1969	43831	1
7078	43831	1
9538	43831	1
417	43864	1
4150	43864	1
4152	43864	1
8449	43864	1
2778	43880	1
5208	43880	1
7326	43880	1
9974	43880	1
8969	43902	1
1822	43911	1
4458	43911	1
5077	43911	1
8741	43911	1
8865	43911	1
1602	43928	1
2616	43928	1
5018	43928	1
7647	43928	1
8741	43928	1
9669	43928	1
1132	44007	1
4127	44007	1
8755	44007	1
9500	44007	2
2483	44038	1
2493	44038	1
3724	44038	1
8217	44038	1
9546	44038	1
9625	44039	1
2728	44056	1
4127	44056	1
5684	44056	1
5866	44056	1
7352	44056	1
8202	44056	1
8704	44056	1
2732	44077	1
5892	44077	1
6287	44077	1
1132	44081	1
2968	44081	1
4127	44081	1
6301	44081	1
6619	44081	1
2630	44119	1
5892	44119	1
5920	44119	1
7583	44119	1
8129	44119	1
6870	44129	1
8969	44129	1
9500	44129	1
578	44151	1
1478	44151	1
2678	44151	1
3342	44151	1
3359	44151	1
3453	44151	1
4412	44151	1
7775	44151	1
619	44200	1
687	44200	1
4366	44200	1
7365	44200	1
578	44221	1
1478	44221	1
2678	44221	1
3342	44221	1
3359	44221	1
3453	44221	1
4412	44221	1
7775	44221	1
5318	44269	1
8006	44269	1
8449	44296	1
8477	44296	1
9716	44296	1
1132	44370	1
4127	44370	1
6301	44370	1
8704	44370	1
2917	44420	1
3900	44420	1
3917	44420	1
6472	44420	1
9698	44420	1
855	44431	1
2157	44431	1
3687	44431	1
4127	44432	2
5892	44432	1
1071	44481	1
8509	44481	1
758	44501	1
5074	44501	1
5655	44501	1
8509	44501	2
1807	44502	1
4312	44502	1
4441	44502	1
8670	44502	1
8535	44525	1
4143	44532	1
6955	44532	1
4143	44553	1
6955	44553	1
1132	44593	1
3223	44593	1
3658	44593	1
3747	44593	1
4127	44593	1
6301	44593	1
6511	44593	1
1724	44632	1
1728	44632	1
2894	44632	1
4679	44632	1
9153	44632	1
9526	44632	1
1132	44677	1
4127	44677	1
5620	44677	1
8351	44677	1
8969	44677	1
1132	44684	1
4127	44684	1
4550	44684	1
6301	44684	1
8479	44684	1
1132	44691	1
4127	44691	1
6301	44691	1
29	44692	1
1186	44692	1
4127	44692	1
4508	44692	1
6301	44692	1
6346	44692	1
9974	44692	1
1602	44697	1
3087	44697	1
3501	44697	1
8865	44697	1
5	44747	1
1067	44747	1
1698	44747	1
1809	44747	1
3248	44747	1
3752	44747	1
4127	44747	1
4337	44747	1
7557	44747	1
7621	44747	1
7735	44747	1
7986	44747	1
8130	44747	1
8144	44747	1
8260	44747	1
8803	44747	1
4403	44772	1
7621	44772	1
8909	44772	1
2616	44793	1
5309	44793	1
5892	44793	1
7629	44793	1
9669	44793	1
4127	44813	1
1739	44828	1
2257	44828	1
5251	44828	1
6396	44828	1
6663	44828	1
8054	44828	1
8508	44828	1
8573	44828	1
9121	44883	1
9924	44883	1
888	44912	1
2616	44912	1
5892	44912	1
1406	44931	1
4127	44931	1
5074	44931	1
9500	44931	1
4127	44955	1
5892	44955	1
9815	44955	1
1071	45029	1
1602	45029	1
3702	45029	1
6266	45246	1
7365	45246	2
3821	45332	1
7980	45332	1
9049	45332	1
9054	45332	1
1689	45357	1
2324	45357	1
2360	45357	1
5181	45357	1
5617	45357	1
9800	45357	1
352	45361	1
3449	45361	1
7090	45361	1
58	45382	1
2238	45382	1
2739	45382	1
3299	45382	1
4127	45382	1
5768	45382	1
5892	45382	1
6301	45382	1
7266	45382	1
7868	45382	1
5184	45392	1
7852	45392	1
4127	45432	1
8017	45432	1
8865	45432	1
173	45440	1
1602	45440	1
2617	45440	1
2864	45440	1
3034	45440	1
5892	45440	1
7038	45440	1
9542	45440	1
3752	45442	1
5892	45442	1
3744	45496	1
4127	45496	1
8017	45496	1
9865	45496	1
8462	45511	1
1540	45551	1
4135	45551	1
5351	45551	1
8213	45587	1
554	45632	1
1331	45632	1
3091	45632	1
3752	45632	1
4056	45632	1
4127	45632	1
5060	45632	1
6053	45632	1
6287	45632	1
6700	45632	1
9655	45632	1
9909	45632	1
133	45719	1
4127	45719	1
4616	45719	1
5877	45719	1
8160	45719	1
2495	45737	1
5318	45737	1
6700	45737	1
6778	45737	1
3518	45783	1
4127	45783	1
6319	45783	1
6975	45783	1
7178	45783	1
8427	45783	1
8865	45783	1
9510	45783	1
410	45849	1
1627	45849	1
3612	45849	1
3998	45849	1
4127	45849	1
3182	45928	1
5240	45928	1
8865	45928	1
2768	45939	1
6580	45939	2
8177	45939	1
9809	45939	1
986	45945	1
3501	45945	1
3900	45945	1
4840	45945	1
8408	45945	1
8865	45945	1
9324	45945	1
2750	46012	1
2968	46012	1
2973	46012	1
6557	46012	1
7204	46012	1
7986	46012	2
8416	46012	1
8952	46012	1
9589	46012	1
9660	46012	1
9926	46012	1
4603	46044	1
257	46158	1
1724	46158	1
1745	46158	1
2532	46158	1
4127	46158	1
4522	46158	1
7411	46158	1
3474	46170	1
7053	46170	1
7172	46170	1
1382	46187	1
1440	46187	2
9265	46187	1
2598	46216	1
3836	46216	1
4127	46216	1
8329	46216	1
8865	46216	1
9784	46216	1
728	46221	1
1031	46221	1
1937	46221	1
2652	46221	1
5201	46221	1
5794	46221	1
8293	46221	1
3735	46240	1
4127	46240	1
5303	46240	1
8806	46240	1
1580	46249	1
2604	46249	1
8810	46249	1
140	46331	1
1267	46344	1
5208	46344	1
6304	46344	1
6700	46344	1
8380	46344	1
4846	46366	1
2604	46406	1
3914	46406	1
513	46434	2
3796	46434	1
3812	46434	1
4127	46434	1
4846	46434	1
5318	46434	1
5997	46434	1
6881	46434	1
8865	46434	1
2522	46463	1
5037	46532	1
1875	46564	1
4862	46564	1
6619	46564	1
7041	46564	1
720	46686	1
1236	46686	1
3774	46686	1
4088	46686	2
6254	46686	1
9526	46686	1
322	46731	1
3592	46731	1
3822	46731	1
4864	46731	1
6941	46731	1
8369	46731	1
8453	46731	1
726	46741	1
5877	46741	1
7411	46741	1
8369	46741	1
3610	46745	1
3970	46745	1
4127	46745	1
9165	46745	1
1293	46844	1
1602	46844	1
4056	46844	1
5086	46844	1
6255	46844	1
579	46875	1
8741	46875	1
9669	46875	1
9983	46875	1
726	46931	1
3199	46931	1
7243	46951	1
1679	46982	1
3034	46982	1
8387	46982	1
8944	46982	1
9394	46982	1
1602	47013	1
6859	47013	1
7266	47013	1
5365	47096	1
8739	47096	1
691	47151	1
1602	47151	1
4111	47151	1
5086	47151	1
5344	47151	5
2874	47175	1
4016	47175	1
7264	47175	1
8865	47175	1
691	47182	1
1602	47182	1
2324	47182	1
3821	47182	1
4217	47182	1
6768	47182	1
7759	47182	1
8865	47182	2
2955	47228	1
3223	47228	1
3658	47228	1
4127	47228	1
6609	47228	1
8181	47228	1
8363	47228	1
9546	47228	1
9999	47228	1
988	47251	1
1240	47251	1
2175	47251	1
6824	47251	1
2020	47319	1
2526	47319	1
2722	47319	1
3158	47319	1
3294	47319	1
3900	47319	1
4127	47319	1
5267	47319	1
7852	47319	1
9526	47319	1
1098	47582	1
4127	47582	1
5458	47582	1
5943	47582	1
6318	47582	1
7456	47582	1
8533	47582	1
3330	47588	1
4127	47588	1
8376	47588	1
2695	47694	1
6304	47694	1
9500	47694	1
2432	47710	1
2445	47710	1
6304	47710	1
7334	47710	1
9500	47710	1
2993	47722	1
3152	47722	1
3691	47722	1
4127	47722	1
6093	47722	1
1945	47740	1
4127	47740	1
6304	47740	1
7874	47740	1
7365	47775	2
161	47817	1
1504	47817	1
5396	47817	1
8879	47817	1
8941	47817	1
8950	47817	1
2350	47867	2
3501	47867	1
4604	47867	1
7471	47867	1
8069	47867	1
8536	47867	1
9561	47867	1
9596	47867	1
9890	47867	1
758	47877	1
9500	47877	1
580	47895	1
2332	47895	1
3490	47895	1
4127	47895	1
255	47931	1
1132	47931	1
3250	47931	1
4127	47931	1
9291	47931	1
9564	47931	1
1094	47935	1
2097	47935	1
4113	47935	1
4127	47935	1
4403	47935	1
6301	47935	1
6785	47935	1
8375	47935	1
8987	47935	1
9523	47935	1
2719	47955	1
2968	47955	1
3006	47955	1
3629	47955	1
4008	47955	1
4016	47955	1
4087	47955	1
6003	47955	1
7621	47955	2
8205	47955	1
9420	47955	4
9924	47955	1
6661	47992	1
7376	47992	1
8351	47992	1
9890	47992	1
9900	47992	2
1469	48023	1
2200	48023	1
3231	48023	1
5018	48023	1
5263	48023	1
6661	48023	1
7491	48023	1
8125	48023	1
8879	48023	2
1121	48046	1
4573	48046	1
9669	48046	1
1132	48047	1
1616	48047	1
2883	48047	1
4127	48047	1
4417	48047	1
4642	48047	1
5890	48047	1
6301	48047	1
6473	48047	1
7870	48047	1
841	48085	1
4088	48085	1
4259	48085	1
7765	48085	1
9900	48085	1
1846	48112	1
3031	48112	1
5018	48112	1
6265	48112	1
6661	48112	1
7376	48112	1
7621	48112	2
8351	48112	1
8796	48112	1
8893	48112	1
8922	48112	1
9538	48112	1
9890	48112	1
9900	48112	2
1132	48217	1
1168	48217	1
3338	48217	1
4127	48217	1
4550	48217	1
5943	48217	1
6301	48217	1
8351	48217	2
1349	48218	1
2862	48218	1
4356	48218	1
4403	48218	1
6166	48218	1
7304	48218	1
415	48227	1
4127	48227	1
8865	48227	1
513	48262	1
1132	48262	1
1186	48262	1
1435	48262	1
1580	48262	1
3127	48262	1
3702	48262	1
4127	48262	1
4180	48262	1
6600	48262	1
8865	48262	1
1602	48365	1
1679	48365	1
8302	48365	1
2622	48376	1
5303	48376	1
6870	48376	1
6997	48376	1
826	48503	1
5296	48503	1
5463	48503	1
6594	48503	1
8873	48503	1
9063	48503	1
9976	48503	1
895	48548	1
1642	48548	1
1679	48548	1
2526	48548	1
2531	48548	1
5892	48548	1
5972	48548	1
6980	48548	1
477	48605	1
1029	48605	1
1747	48605	1
2497	48605	1
2569	48605	1
6781	48605	1
8462	48605	1
9153	48605	1
1361	48619	1
2275	48619	1
2446	48619	1
6304	48619	1
7365	48619	1
8721	48619	1
9500	48619	1
594	48676	1
1478	48676	1
1941	48676	1
3442	48676	1
4127	48676	1
7968	48676	1
1132	48678	1
3787	48678	1
4127	48678	1
4377	48678	1
6301	48678	1
6507	48678	1
6968	48678	1
557	48693	1
1350	48693	1
3307	48693	1
5463	48693	1
5768	48693	1
7986	48693	1
9526	48693	1
9890	48693	1
1195	48808	1
3103	48808	1
3737	48808	1
4249	48808	1
9974	48808	1
1037	48889	1
3182	48889	1
7882	48889	1
1469	48918	1
2674	48918	1
2762	48918	1
4127	48918	1
5074	48918	1
5794	48918	1
8969	48918	1
2388	48926	1
4127	48926	1
4325	48926	1
5226	48926	1
7739	48926	1
8865	48926	1
3223	48959	1
4044	48959	1
4127	48959	1
8995	48959	1
1037	49045	1
2055	49045	1
1564	49076	1
4113	49076	1
4127	49076	1
5296	49076	1
5729	49088	1
352	49146	1
875	49146	1
2728	49146	1
3702	49146	1
4127	49146	1
5318	49146	1
5854	49146	1
6631	49146	1
8218	49146	1
8865	49146	1
8879	49146	1
681	49322	1
2540	49322	1
3735	49322	1
3906	49322	1
4353	49322	1
5861	49322	1
8684	49322	1
9538	49322	1
1067	49341	1
1702	49341	1
6233	49341	1
8484	49341	1
9330	49341	1
9727	49341	1
220	49367	1
1132	49367	1
2504	49367	1
4127	49367	1
6084	49367	1
6104	49367	1
6787	49367	1
8912	49367	1
1801	49429	1
3511	49429	1
4458	49429	1
5318	49429	1
6955	49429	1
9121	49475	1
3428	49598	1
4846	49598	1
5081	49598	1
6145	49598	1
8573	49598	1
8865	49598	1
3873	49620	1
5553	49620	1
8803	49620	1
9669	49620	1
477	49643	1
3500	49643	1
7885	49643	1
8978	49643	1
9526	49643	1
3711	49650	1
5344	49650	1
6073	49650	1
1469	49663	1
4127	49663	1
6686	49663	1
7739	49663	1
8865	49663	1
9101	49663	1
9793	49663	1
3873	49672	1
5553	49672	2
7367	49672	1
8803	49672	1
9669	49672	1
3889	49676	1
8449	49676	1
9762	49676	3
9924	49676	2
1720	49707	1
2999	49707	1
3889	49707	1
8217	49707	1
9762	49707	1
648	49730	1
1132	49730	1
1406	49730	1
4127	49730	1
6301	49730	1
9951	49730	1
10031	49730	1
1702	49757	1
8740	49757	1
8865	49757	1
1512	49786	1
3064	49786	1
4127	49786	1
5232	49786	1
5234	49786	1
5505	49786	1
6003	49786	1
7462	49786	1
1507	49797	1
1882	49797	1
7266	49797	1
9254	49797	1
9669	49797	1
3474	49815	1
4260	49815	1
5866	49815	1
1132	49831	1
2023	49831	1
4127	49831	1
6301	49831	1
6817	49831	1
8739	49831	1
3518	49859	1
6618	49859	1
6874	49859	1
8535	49859	1
9526	49859	1
1602	49944	1
2532	49944	1
6870	49944	1
8806	49944	1
3009	49972	1
4127	49972	1
4689	49972	1
9938	49972	1
1436	50000	1
3384	50000	1
9632	50000	1
112	50007	1
1882	50007	1
3774	50007	1
6725	50007	1
979	50061	1
3392	50061	1
8898	50061	1
1981	50064	1
2136	50064	1
4653	50064	1
8324	50064	1
979	50067	1
3786	50067	1
5226	50067	1
7986	50067	1
8380	50067	1
8865	50067	1
9589	50067	1
509	50083	1
2674	50083	1
2762	50083	1
3449	50083	1
5318	50083	1
5651	50083	1
6304	50083	1
8684	50083	1
379	50109	1
1744	50109	1
2573	50109	1
3034	50109	1
4127	50109	1
6991	50109	1
8969	50109	1
1132	50120	2
4127	50120	1
4642	50120	2
5817	50120	1
6301	50120	1
6725	50120	1
7656	50120	1
8663	50120	1
9055	50120	1
9180	50120	1
1132	50171	1
4127	50171	1
5316	50171	1
6301	50171	1
6523	50171	1
1540	50175	1
4135	50175	1
7543	50175	1
1540	50222	1
1680	50222	1
4135	50222	1
385	50224	1
4041	50224	1
4387	50224	1
2706	50280	1
2708	50280	1
3025	50280	1
3082	50280	1
3658	50280	1
3914	50280	1
4319	50280	1
5972	50280	1
7604	50280	1
2695	50341	1
3449	50341	1
6304	50341	1
9506	50341	1
1919	50350	1
5576	50350	1
5880	50350	1
8150	50350	1
9019	50350	1
412	50362	1
4975	50362	1
7248	50362	1
4975	50381	1
1750	50411	1
3106	50411	1
5616	50411	1
8187	50411	1
8886	50411	1
2183	50413	1
2695	50413	1
3449	50413	1
4127	50413	1
6304	50413	1
7071	50413	1
8573	50413	1
8743	50413	1
9506	50413	1
9844	50413	1
1067	50439	1
1465	50439	1
1554	50439	1
2750	50439	1
2861	50439	1
3977	50439	1
5077	50439	1
9526	50439	1
9727	50439	1
9784	50439	1
6048	50457	1
1759	50545	1
4056	50545	1
4127	50545	1
4963	50545	1
6122	50545	1
6266	50545	1
6304	50545	1
6918	50545	1
9724	50545	1
2894	50650	1
5448	50650	1
4127	50817	1
4492	50817	1
7078	50817	1
8427	50817	1
8744	50817	1
4017	50826	1
4127	50826	1
5382	50826	1
790	50844	1
1176	50844	1
2071	50844	1
8282	50878	1
8865	50878	1
8920	50878	1
9175	50878	1
78	50886	1
1004	50886	1
2932	50886	1
3752	50886	1
4366	50886	1
4463	50886	1
6700	50886	1
8393	50886	1
2932	50939	1
3752	50939	1
3881	50939	1
4366	50939	1
5124	50939	1
8394	50939	1
8701	50939	1
8865	50939	1
3083	50969	1
4284	50969	1
4366	50969	1
5606	50969	1
6794	50969	1
7387	50969	1
7801	50969	1
8393	50969	1
9526	50969	2
412	50983	1
4127	50983	1
6862	50983	1
1835	50986	1
1902	50986	1
2932	50986	1
3083	50986	1
4366	50986	1
6607	50986	1
6721	50986	1
6941	50986	1
7128	50986	1
8393	50986	1
8978	50986	1
9526	50986	1
1132	50999	1
4127	50999	1
9784	50999	1
33	51020	1
1199	51020	1
3083	51020	1
3325	51020	1
5616	51020	1
7128	51020	1
8187	51020	1
8449	51020	1
8865	51020	1
9784	51020	1
3900	51053	1
7228	51053	1
8887	51053	1
40	51080	1
2932	51080	1
3083	51080	1
4366	51080	1
7905	51080	1
8394	51080	1
2932	51123	1
3083	51123	1
3449	51123	1
4366	51123	1
5029	51123	1
6700	51123	1
6941	51123	1
7279	51123	1
7801	51123	1
8394	51123	1
686	51142	1
693	51142	1
3335	51142	1
3616	51142	1
3752	51142	1
3900	51142	1
6878	51142	1
9121	51142	1
9189	51142	1
1132	51200	1
4127	51200	1
6301	51200	1
7089	51200	1
63	51204	1
1843	51204	1
2445	51204	1
5924	51204	1
7800	51204	1
693	51209	1
9766	51209	1
2307	51218	1
3602	51218	1
1152	51221	1
5262	51221	1
4298	51284	1
4395	51284	1
7465	51284	1
8057	51284	1
8865	51284	1
628	51285	1
3213	51285	1
3501	51285	1
4324	51285	1
5303	51285	1
5430	51285	1
6541	51285	1
6700	51285	1
7112	51285	2
459	51375	1
511	51375	1
648	51375	1
1132	51375	1
1406	51375	1
4127	51375	1
5943	51375	1
6301	51375	1
8533	51375	1
63	51396	1
2878	51396	1
5391	51396	1
6600	51396	1
8887	51396	1
243	51446	1
930	51446	1
1843	51446	1
2427	51446	1
2786	51446	1
3284	51446	1
4531	51446	1
5226	51446	1
5422	51446	1
7037	51446	1
7172	51446	1
8017	51446	1
8158	51446	1
4127	51480	1
4377	51480	1
6346	51480	1
6349	51480	1
6910	51480	1
2019	51563	1
4298	51563	1
5258	51563	1
6242	51563	1
6700	51563	1
7581	51563	1
8684	51563	1
9526	51563	2
9676	51563	1
9784	51563	1
7986	51571	1
8440	51571	1
8562	51571	1
243	51655	1
2099	51655	1
3610	51655	1
4127	51655	1
7342	51655	1
8755	51655	1
9589	51655	1
3091	51659	1
5181	51659	1
6472	51659	1
7032	51659	1
7986	51659	1
8361	51659	1
8865	51659	1
930	51713	1
1843	51713	1
2427	51713	1
2786	51713	1
4259	51713	1
7852	51713	1
8017	51713	1
8969	51713	1
1835	51714	1
3891	51714	1
5522	51714	1
7031	51714	1
7580	51714	1
8194	51714	1
9426	51714	1
9550	51714	1
1389	51726	1
1586	51726	1
1627	51726	1
2593	51726	1
3998	51726	1
4127	51726	1
7776	51726	1
9500	51726	1
1098	51745	1
1132	51745	1
8008	51747	1
8246	51747	1
9625	51747	1
930	51768	1
979	51768	1
2828	51768	1
5147	51768	1
6562	51768	1
6955	51768	1
9822	51768	1
930	51785	1
979	51785	1
2828	51785	1
2874	51785	1
5147	51785	1
6562	51785	1
6955	51785	1
9822	51785	1
4127	51795	1
4239	51795	1
6301	51795	1
6785	51795	1
9974	51795	1
4326	51809	1
5352	51809	1
5654	51809	1
8792	51809	1
2398	51880	1
4127	51880	1
6844	51880	1
6907	51880	1
723	51883	1
363	51900	1
63	51957	1
3034	51957	1
2828	51965	1
5892	51965	1
7169	51965	1
7475	51965	1
8865	51965	1
9526	51965	1
4127	51971	1
905	51990	1
1132	51990	2
3284	51990	1
3418	51990	1
4127	51990	1
6053	51990	1
7712	51990	1
8351	51990	1
9909	51990	1
4127	52001	1
9121	52001	1
5700	52102	1
8987	52102	1
1132	52187	1
1739	52187	1
4127	52187	1
7292	52187	1
7526	52187	1
4127	52322	2
4395	52322	1
5677	52322	2
7184	52322	1
10046	52322	1
350	52327	1
2973	52327	1
3735	52327	1
3821	52327	1
4127	52327	1
7621	52327	2
8014	52327	1
1859	52336	1
2159	52336	1
4127	52336	1
5504	52336	1
5616	52336	1
7621	52336	1
8037	52336	1
8187	52336	1
116	52339	1
1985	52339	1
2973	52339	1
6111	52339	1
6540	52339	1
6787	52339	1
8361	52339	1
8894	52339	1
9819	52339	1
3191	52346	1
4127	52346	1
4367	52346	1
6583	52346	1
7968	52346	1
9120	52346	1
9770	52346	1
126	52348	1
1440	52348	1
3752	52348	1
4127	52348	1
5616	52348	1
7621	52348	1
8187	52348	1
8865	52348	1
3869	52362	1
4127	52362	1
5504	52362	1
5616	52362	1
7471	52362	1
7621	52362	1
8187	52362	1
2763	52371	1
4127	52371	1
5504	52371	1
7621	52371	1
8189	52371	1
8535	52371	1
9193	52371	1
8943	52389	1
3075	52394	1
4127	52394	1
5616	52394	1
7621	52394	1
7754	52394	1
8187	52394	1
8943	52394	1
3213	52452	1
33	52462	1
1430	52462	1
1747	52462	1
4127	52462	1
5062	52462	1
6399	52462	1
8510	52462	1
3711	52494	1
8806	52494	1
1611	52595	1
2238	52595	1
5181	52595	1
6844	52595	2
6907	52595	1
8672	52595	1
9500	52595	1
9716	52595	1
2874	52648	1
4016	52648	1
6870	52648	1
1132	52710	2
4127	52710	1
5698	52710	1
5933	52710	1
6301	52710	1
7078	52710	1
9749	52710	1
878	52765	1
1396	52765	1
1480	52765	1
1679	52765	1
2696	52765	1
2834	52765	1
3210	52765	1
4127	52765	1
6785	52765	1
5288	52771	1
1549	52784	1
4603	52784	1
5233	52784	1
1580	52799	1
4127	52799	1
6380	52799	1
8568	52799	1
8729	52799	1
366	52848	1
2339	52848	1
2343	52848	1
4127	52848	1
6434	52848	1
8360	52848	2
8556	52848	1
9397	52848	1
1554	52919	1
2023	52919	1
4127	52919	1
8376	52919	1
9128	52919	1
1132	52935	1
4127	52935	1
4377	52935	1
6301	52935	1
6346	52935	1
6349	52935	1
6910	52935	1
1602	52947	1
2356	52947	1
5267	52947	1
8217	52947	1
1098	52985	1
4127	52985	1
5458	52985	1
5943	52985	1
6301	52985	1
6318	52985	1
8533	52985	1
9434	52985	1
9974	52985	1
56	52986	1
1602	52986	1
5181	52986	1
6888	52986	1
8509	52986	1
8995	52986	1
9054	52986	1
4248	52990	1
6609	52990	1
6768	52990	1
7610	52990	1
8150	52990	1
8536	52990	1
8693	52990	1
112	52991	1
1331	52991	1
3392	52991	1
3589	52991	1
3911	52991	1
4127	52991	1
4268	52991	1
7279	52991	1
7405	52991	1
8865	52991	1
9669	52991	1
570	53055	1
7776	53055	1
10000	53055	1
4127	53069	1
7819	53069	1
9326	53069	1
4127	53096	1
7078	53096	1
8427	53096	1
9500	53096	1
1638	53224	1
8054	53224	1
5208	53245	1
5267	53245	1
6458	53245	1
7671	53245	1
7986	53245	1
9168	53245	1
9947	53245	1
9706	53254	1
4127	53302	1
4636	53302	1
826	53352	1
857	53352	1
3822	53352	1
5460	53366	1
3914	53373	1
4017	53373	1
4127	53373	1
6563	53373	1
6700	53373	1
8361	53373	1
8865	53373	1
122	53435	1
6794	53435	1
1469	53463	1
2641	53463	1
3273	53463	1
3702	53463	3
4127	53463	1
5504	53463	1
7386	53463	1
8865	53463	1
2267	53469	1
4127	53469	1
5924	53469	1
6444	53469	1
9762	53469	1
3711	53505	1
4113	53505	1
5199	53505	1
5972	53505	1
7038	53505	1
2648	53507	1
4127	53507	1
4771	53507	1
5226	53507	1
7026	53507	1
8865	53507	1
9238	53507	1
722	53522	1
6593	53522	1
875	53541	1
991	53541	2
3034	53541	1
3273	53541	1
3812	53541	1
5396	53541	1
1388	53554	1
1849	53554	1
2012	53554	1
2038	53554	1
2039	53554	1
2451	53554	1
4127	53554	1
5041	53554	1
5825	53554	1
6304	53554	1
7185	53554	1
7955	53554	1
8218	53554	1
8838	53554	1
925	53575	1
7842	53575	1
8368	53575	1
8956	53575	1
9230	53575	1
1388	53593	1
1849	53593	1
2012	53593	1
2038	53593	1
2039	53593	1
2451	53593	1
3418	53593	1
4127	53593	1
5041	53593	1
5825	53593	1
6304	53593	1
7185	53593	1
7955	53593	1
8218	53593	1
8838	53593	1
584	53596	1
7411	53596	1
9068	53596	1
9394	53596	1
1132	53616	1
4127	53616	1
4377	53616	1
6301	53616	1
6346	53616	1
6349	53616	1
6910	53616	1
6266	53623	1
7365	53623	2
1132	53629	1
3474	53629	1
3984	53629	1
4127	53629	1
7776	53629	1
8757	53629	1
9500	53629	1
1388	53631	1
1849	53631	1
2012	53631	1
2038	53631	1
2039	53631	1
2451	53631	1
4127	53631	1
5041	53631	1
5825	53631	1
6304	53631	1
7185	53631	1
7955	53631	1
8218	53631	1
8838	53631	1
1388	53646	1
1849	53646	1
2012	53646	1
2038	53646	1
2039	53646	1
2451	53646	1
4127	53646	1
5041	53646	1
5825	53646	1
6304	53646	1
7185	53646	1
7955	53646	1
8218	53646	1
8838	53646	1
1993	53654	1
4127	53654	1
4347	53654	1
7638	53654	1
9792	53654	1
229	53664	1
2048	53664	1
3284	53664	1
3774	53664	1
841	53671	1
894	53671	1
915	53671	1
2155	53671	1
4127	53671	1
8969	53671	1
1388	53700	1
1849	53700	1
2012	53700	1
2038	53700	1
2039	53700	1
2451	53700	1
4127	53700	1
5041	53700	1
5825	53700	1
6304	53700	1
7185	53700	1
7955	53700	1
8218	53700	1
8838	53700	1
5487	53732	1
1388	53745	1
1849	53745	1
2012	53745	1
2038	53745	1
2039	53745	1
2451	53745	1
4127	53745	1
5041	53745	1
5825	53745	1
6304	53745	1
7185	53745	1
7955	53745	1
8218	53745	1
1941	53752	1
3034	53752	1
6457	53752	1
8250	53752	1
9201	53752	1
1388	53762	1
1849	53762	1
2012	53762	1
2038	53762	1
2039	53762	1
2451	53762	1
4127	53762	1
5041	53762	1
5825	53762	1
6304	53762	1
7185	53762	1
7955	53762	1
8218	53762	1
8838	53762	1
9753	53762	1
1622	53776	1
2324	53776	1
4111	53776	1
5018	53776	1
5632	53776	1
7406	53776	1
9193	53776	1
9394	53776	1
1229	53792	2
3715	53792	1
3773	53792	1
4127	53792	1
5732	53792	1
7075	53792	1
122	53900	1
3203	53900	1
6239	53900	1
6711	53900	1
7326	53900	1
7634	53900	1
8865	53900	1
3873	53908	1
6768	53908	1
9674	53908	1
3873	53914	1
6768	53914	1
9674	53914	1
4111	53956	1
6998	53956	1
7638	53956	1
8098	53956	1
3315	53973	1
4127	53973	1
2946	54002	1
3038	54002	1
3266	54002	1
3686	54002	1
4877	54002	1
5919	54002	1
7638	54002	1
459	54004	1
1132	54004	1
4127	54004	1
4786	54004	1
5192	54004	1
5193	54004	1
6301	54004	1
6883	54004	1
7131	54004	1
8793	54004	1
108	54089	1
3154	54089	1
3984	54089	1
5032	54089	1
2386	54113	1
3006	54113	1
8218	54113	1
8375	54113	1
755	54169	1
857	54169	1
1118	54169	1
1381	54169	1
2965	54169	1
3822	54169	1
8118	54169	1
9526	54169	1
9625	54169	1
9947	54169	1
284	54223	1
972	54223	1
5267	54223	1
8054	54223	1
1815	54237	1
2074	54237	1
3711	54237	3
3900	54237	1
4127	54237	1
4559	54237	1
5181	54237	1
6104	54237	1
7071	54237	1
8995	54237	1
9992	54237	1
1602	54336	1
5239	54336	1
5267	54336	1
5725	54336	1
5794	54336	1
6700	54336	1
9985	54336	1
122	54354	1
4127	54354	1
5972	54354	1
7966	54354	1
624	54371	1
625	54371	1
758	54371	1
1132	54371	1
1572	54371	1
4127	54371	1
5086	54371	1
7592	54371	1
8820	54371	1
8865	54371	1
9474	54371	1
3774	54450	1
4127	54450	1
6542	54450	1
7127	54450	1
10000	54450	1
639	54465	1
1564	54465	1
4127	54465	1
5576	54465	1
6304	54465	1
9500	54465	1
9962	54465	1
3152	54529	1
3568	54529	1
9469	54529	1
767	54572	1
6609	54572	1
7285	54572	1
7427	54598	1
9940	54598	1
2864	54615	1
6899	54615	1
7266	54615	1
2750	54626	1
3522	54626	1
4127	54626	1
6542	54626	1
7127	54626	1
3951	54631	1
4127	54631	1
4421	54631	1
4550	54631	1
7579	54631	1
9749	54631	1
184	54663	1
511	54663	1
2484	54663	1
4907	54663	1
9118	54663	1
2340	54669	1
2403	54669	1
5460	54669	1
2270	54723	1
2521	54723	1
3812	54723	1
920	54741	1
2324	54741	1
2789	54741	1
4506	54741	1
5332	54741	1
5476	54741	1
8107	54741	1
8410	54741	1
8547	54741	1
9546	54741	1
925	54879	1
1659	54879	1
1831	54879	1
1892	54879	1
2625	54879	1
3460	54879	1
3501	54879	1
5208	54879	1
6618	54879	1
8865	54879	1
529	54900	1
2524	54900	1
3702	54900	1
4127	54900	1
5136	54900	1
5344	54900	1
6271	54900	1
8325	54900	1
1329	54917	2
3034	54917	1
3294	54917	1
4048	54917	2
7852	54917	2
9060	54917	1
1132	54936	1
4127	54936	1
6301	54936	1
1910	54940	1
2672	54940	1
4127	54940	1
5415	54940	1
8031	54940	1
9526	54940	1
9951	54940	1
1261	54942	1
1659	54942	1
2351	54942	1
2625	54942	1
3182	54942	1
3501	54942	2
5861	54942	1
6847	54942	1
7102	54942	1
8769	54942	1
1206	54951	1
1275	54951	1
5766	54951	1
6254	54951	1
7609	54951	1
8304	54951	1
1261	54976	1
1659	54976	1
2625	54976	1
3460	54976	1
3501	54976	4
3511	54976	1
6565	54976	1
8253	54976	1
3449	54986	1
3501	54986	1
4070	54986	1
8276	54986	1
8462	54986	1
9251	54986	1
1656	55021	1
4215	55021	1
6511	55021	1
7819	55021	1
9992	55021	1
5783	55050	1
6426	55050	1
7033	55050	1
9538	55050	1
9737	55050	1
1659	55064	1
2130	55064	1
2625	55064	1
3501	55064	1
3711	55064	1
5543	55064	1
9526	55064	1
9591	55064	1
2552	55075	1
8865	55075	1
371	55100	1
1833	55100	1
2011	55100	1
2351	55100	1
9538	55100	1
9726	55100	1
1098	55107	1
4127	55107	1
5458	55107	1
5943	55107	1
6301	55107	1
6318	55107	1
8533	55107	1
9974	55107	1
5318	55116	1
5627	55116	1
1608	55141	1
3292	55141	1
4127	55141	1
4197	55141	1
2552	55152	1
2962	55152	1
3006	55152	1
8388	55152	1
1735	55176	3
1898	55176	1
7855	55176	1
526	55184	1
2212	55184	1
3763	55184	1
2448	55191	2
4881	55191	1
5318	55191	1
5794	55191	1
2552	55213	1
3087	55213	1
8923	55213	1
2351	55230	1
2874	55230	1
3763	55230	1
5318	55230	1
9625	55230	1
1132	55247	1
4127	55247	1
4493	55247	1
4561	55247	1
6301	55247	1
9288	55247	1
591	55371	1
715	55371	1
1428	55371	1
3142	55371	1
4127	55371	1
5921	55371	1
7581	55371	1
8363	55371	1
8865	55371	2
9732	55371	1
2552	55375	1
6847	55375	1
8246	55375	1
4733	55385	1
8276	55385	1
9784	55385	1
1138	55392	1
3218	55392	1
4127	55392	1
5377	55392	1
5423	55392	1
8958	55392	1
229	55436	1
1835	55436	1
591	55467	1
1195	55467	1
2931	55467	1
6243	55467	1
7492	55467	1
1331	55481	1
2049	55481	1
3501	55481	1
3504	55481	1
3686	55481	1
4458	55481	1
6012	55481	1
8973	55481	1
134	55518	1
2902	55518	1
5606	55518	1
8865	55518	1
9267	55518	1
1132	55542	1
1580	55542	1
1585	55542	1
1702	55542	1
4127	55542	1
6301	55542	1
8760	55542	1
9974	55542	1
1835	55623	1
4127	55623	1
4259	55623	1
5396	55623	2
6785	55623	1
7342	55623	1
8627	55623	1
8755	55623	1
8865	55623	1
9526	55623	1
9825	55623	1
2878	55775	1
2182	55868	1
3223	55868	1
3658	55868	1
4113	55868	1
4127	55868	1
4527	55868	1
4699	55868	1
7543	55868	1
8881	55868	1
9500	55868	1
412	55895	1
2526	55895	1
4016	55895	1
4111	55895	1
4127	55895	1
5079	55895	1
5901	55895	1
7956	55895	1
8599	55895	1
9153	55895	1
6304	55915	1
1329	55918	2
2006	55918	1
2951	55918	1
4127	55918	1
7266	55918	1
7741	55918	1
8717	55918	1
9915	55918	1
3100	55947	1
3624	55947	1
4047	55947	1
4571	55947	1
5199	55947	1
9394	55947	1
9526	55947	1
648	56012	1
1406	56012	1
4127	56012	1
9218	56012	1
5655	56016	1
1222	56165	1
2518	56165	1
9722	56165	1
3335	56184	1
5921	56184	1
7581	56184	1
2156	56221	1
2932	56221	1
3045	56221	1
5430	56221	1
5921	56221	1
6700	56221	1
7042	56221	1
7090	56221	1
1236	56237	1
2156	56237	1
2932	56237	1
6257	56237	1
6700	56237	1
8393	56237	1
9809	56237	1
4127	56282	1
6769	56282	1
6941	56282	1
8820	56282	1
650	56391	1
4127	56391	1
6396	56391	1
8995	56391	1
1132	56394	1
4127	56394	1
7078	56394	1
9500	56394	1
10018	56394	1
108	56401	1
4056	56401	1
8944	56401	1
2663	56459	1
4127	56459	1
5465	56459	1
7410	56459	1
9500	56459	1
328	56470	1
5729	56470	1
5782	56470	1
5956	56470	1
6618	56470	1
7087	56470	1
7169	56470	1
9526	56470	1
3392	56471	1
4017	56471	1
5672	56471	1
6104	56471	1
8865	56471	1
8995	56471	1
772	56510	1
3752	56510	1
4642	56510	1
6926	56510	1
5234	56565	1
6009	56565	1
8995	56565	1
2412	56622	1
4127	56622	1
5460	56622	1
7006	56622	1
7342	56622	1
7766	56622	1
8163	56622	1
8755	56622	1
1783	56639	1
3501	56639	1
4127	56639	1
4305	56639	1
6436	56639	1
7389	56639	1
7840	56639	1
8375	56639	1
1132	56650	1
2324	56650	1
3425	56650	1
4127	56650	1
5208	56650	1
5460	56650	1
6301	56650	1
6700	56650	1
9500	56650	1
9746	56650	1
10000	56650	1
2973	56660	1
6559	56660	1
8484	56660	1
8969	56660	1
1132	56686	1
1580	56686	1
1585	56686	1
1702	56686	1
4127	56686	1
6301	56686	1
8760	56686	1
9974	56686	1
1506	56702	1
1937	56702	1
2953	56702	1
4297	56702	1
6133	56702	1
6559	56702	1
6589	56702	1
6866	56702	1
7249	56702	1
8403	56702	1
8805	56702	1
8865	56702	1
1506	56741	1
3392	56741	2
6866	56741	1
7819	56741	1
8684	56741	1
8781	56741	1
9716	56741	1
9766	56741	1
650	56767	1
1132	56767	1
4127	56767	1
6301	56767	1
3199	56785	1
4056	56785	1
4116	56785	1
6866	56785	1
7819	56785	1
8054	56785	1
8865	56785	1
604	56796	1
3702	56796	4
8865	56796	1
1886	56797	1
2454	56797	1
7741	56797	1
2630	56814	1
4102	56814	1
5604	56816	1
8865	56816	1
3728	56837	1
7128	56837	1
8098	56837	1
8462	56837	1
8865	56837	1
1132	56856	1
4113	56856	1
4127	56856	1
6301	56856	1
6309	56856	1
1132	56912	1
1168	56912	1
3338	56912	1
4127	56912	1
4550	56912	1
5943	56912	1
6301	56912	1
8351	56912	2
368	56913	1
841	56913	1
1835	56913	1
4113	56913	1
4250	56913	1
5514	56913	1
650	57066	1
4127	57066	1
7886	57066	1
3191	57094	1
8098	57094	1
8865	57094	1
1784	57168	1
4246	57168	1
9924	57168	1
1132	57193	1
4127	57193	1
5060	57193	1
6301	57193	1
8704	57193	1
4127	57239	1
4403	57239	1
9153	57247	1
849	57287	1
8995	57287	1
9538	57287	1
1237	57294	1
4127	57294	1
9350	57294	1
9500	57294	1
1435	57311	1
1766	57311	1
3207	57311	1
3392	57311	1
3917	57311	1
4653	57311	1
5771	57311	1
7669	57311	1
8351	57311	1
648	57350	1
1132	57350	1
1406	57350	1
4127	57350	1
459	57382	1
1132	57382	1
4127	57382	1
5443	57382	1
6301	57382	1
6881	57382	1
8793	57382	1
9219	57382	1
1370	57408	1
5226	57408	1
648	57445	1
1406	57445	1
3392	57445	1
4056	57445	1
4127	57445	1
4559	57445	1
6104	57445	1
2934	57518	1
3691	57518	1
3774	57518	1
4127	57518	1
5922	57518	1
6250	57518	1
7238	57518	1
9669	57518	1
158	57528	1
6711	57528	1
1132	57584	1
3443	57584	1
4127	57584	1
6039	57584	2
6242	57584	1
7437	57584	2
9934	57584	1
1267	57600	1
6166	57600	1
6881	57600	1
8664	57626	1
7437	57711	1
2719	57795	1
3873	57795	1
6171	57795	1
793	57819	1
4038	57819	2
4127	57819	1
6998	57819	1
6999	57819	1
8054	57819	1
1331	57831	1
5208	57831	1
6700	57831	1
8449	57831	1
4127	57876	1
5892	57876	1
6304	57876	1
6907	57876	1
7757	57876	1
8865	57876	1
8995	57876	1
9506	57876	1
9645	57876	1
9788	57876	1
2097	57879	1
5267	57879	1
5303	57879	1
1382	57887	2
2445	57887	2
3822	57887	2
8145	57887	2
9762	57934	1
1005	57986	1
5648	58012	1
6146	58012	1
1382	58015	1
3702	58015	2
3822	58015	2
3945	58015	1
5768	58015	1
8145	58015	2
9095	58015	1
9121	58015	1
2945	58017	1
4127	58017	1
6970	58017	1
9496	58017	1
5074	58036	1
7881	58036	1
5208	58060	1
5318	58060	1
7408	58060	1
9397	58060	1
855	58064	1
4127	58064	1
5159	58064	1
6785	58064	1
7387	58064	1
2387	58074	1
2955	58074	1
5318	58074	1
9249	58074	1
640	58271	1
1132	58271	1
4113	58271	1
4127	58271	1
4604	58271	1
4875	58271	1
7476	58271	1
7487	58271	1
2218	58277	1
310	58279	1
1744	58279	1
3476	58279	1
5196	58279	1
5303	58279	1
6725	58279	1
8440	58279	1
8535	58279	1
9699	58279	1
2778	58303	1
5196	58303	1
5441	58303	1
7191	58303	1
7272	58303	1
7389	58303	1
9448	58303	1
673	58321	1
1002	58321	1
1310	58321	1
5866	58321	1
7304	58321	1
8259	58321	1
1519	58355	1
1132	58365	1
3984	58365	1
4127	58365	1
7776	58365	1
8757	58365	1
9500	58365	1
3688	58397	1
4557	58423	1
8148	58423	1
9546	58423	1
3597	58428	1
5196	58428	1
216	58440	1
3688	58440	1
4088	58440	1
4848	58440	1
4864	58440	1
7621	58440	2
878	58449	1
7931	58449	1
2924	58454	1
4127	58454	1
8384	58454	1
9486	58454	1
648	58461	1
1225	58461	1
1406	58461	1
3392	58461	1
7175	58461	1
8865	58461	1
8912	58461	1
862	58520	1
1117	58520	1
2117	58520	1
4111	58520	1
4127	58520	1
4164	58520	1
6631	58520	1
6881	58520	1
6968	58520	1
6971	58520	1
8908	58520	1
9143	58520	1
4127	58523	1
6785	58523	1
6843	58523	1
8450	58523	1
9236	58523	1
412	58581	1
4395	58581	1
6700	58581	1
9669	58581	1
3392	58600	1
5200	58600	1
5285	58600	1
6104	58600	1
1006	58621	1
2212	58621	1
2869	58621	1
2905	58621	1
3447	58621	1
4268	58621	1
5181	58621	1
5196	58621	1
7562	58621	1
8792	58621	1
9011	58621	1
165	58631	1
386	58631	1
648	58631	1
1406	58631	1
1817	58631	1
5780	58631	1
7676	58631	1
9316	58631	1
1017	58642	1
1540	58642	1
6643	58642	1
9140	58642	1
216	58662	1
2218	58662	1
2531	58662	1
4864	58662	1
6009	58662	1
7621	58662	2
1312	58678	1
8449	58678	1
4143	58688	1
5208	58688	1
7038	58688	1
8974	58688	1
1181	58690	1
2825	58690	1
3392	58690	1
4567	58690	1
6303	58690	1
6725	58690	1
9213	58690	1
1029	58727	1
9791	58727	1
5240	58749	1
6817	58865	1
938	58913	1
3087	58913	1
3524	58913	1
7296	58913	1
7882	58913	1
9526	58913	1
650	58951	1
680	58951	1
930	58951	1
2029	58951	1
4127	58951	1
6104	58951	1
648	58957	1
1132	58957	1
1406	58957	1
1013	58965	1
1602	58965	1
2531	58965	1
4603	58965	1
8969	58965	1
9453	58965	1
979	58975	1
1810	58975	1
1386	58989	1
4127	58989	1
7396	58989	1
7427	58989	1
8865	58989	1
9394	58989	1
6436	59024	1
9175	59024	1
3752	59028	1
5086	59028	1
5318	59028	1
6436	59036	1
3034	59041	1
3752	59041	1
5086	59041	1
5208	59041	1
63	59049	1
1833	59049	1
2630	59049	1
3511	59049	1
4127	59049	1
5604	59049	1
8865	59049	1
9394	59049	1
705	59050	1
1132	59050	1
1143	59050	1
4127	59050	1
6301	59050	1
1132	59064	1
1138	59064	1
3951	59064	1
4127	59064	1
648	59072	1
1132	59072	1
1406	59072	1
4127	59072	1
6058	59072	1
6104	59072	1
7264	59072	1
243	59073	1
4953	59073	1
6618	59073	1
7047	59073	1
7983	59073	1
243	59093	1
4127	59093	1
7621	59093	1
8145	59093	1
3822	59106	1
4111	59106	1
4557	59106	1
5854	59124	1
4557	59134	1
8148	59134	1
8351	59134	1
648	59149	1
1132	59149	1
1407	59149	1
2531	59149	1
2630	59149	1
3003	59149	1
3273	59149	1
3392	59149	1
3752	59149	1
5318	59149	1
6058	59149	1
6104	59149	1
6844	59149	1
8743	59149	1
8865	59149	1
9701	59149	1
4127	59174	1
6785	59174	1
6998	59174	1
8556	59174	1
579	59176	1
3034	59176	1
3056	59176	2
3833	59176	1
6079	59176	1
7471	59176	1
7621	59176	1
8865	59176	1
9103	59176	1
9526	59176	1
9538	59176	1
2816	59181	1
3833	59181	1
3848	59181	1
4127	59181	1
6079	59181	1
2736	59183	1
4386	59183	1
5226	59183	1
6781	59183	1
9800	59183	1
4419	59189	1
4557	59189	1
648	59206	1
1406	59206	1
3392	59206	1
4127	59206	1
4559	59206	1
6104	59206	1
1700	59211	1
2562	59211	1
4127	59211	2
4171	59211	1
7365	59211	1
1787	59222	1
4557	59222	1
6847	59222	1
6859	59222	1
9526	59222	1
905	59236	1
3833	59239	1
6079	59239	1
3091	59243	1
3294	59243	1
3752	59243	1
3822	59243	1
5074	59243	1
8213	59243	1
522	59257	1
579	59257	1
5267	59257	1
8144	59257	1
9130	59257	1
34	59261	1
742	59261	1
1647	59261	1
2074	59261	1
3148	59261	1
3191	59261	1
3273	59261	1
3392	59261	1
6625	59261	1
7819	59261	1
7820	59261	1
8912	59261	1
4127	59267	1
4419	59267	1
4557	59267	1
4403	59286	1
6998	59286	1
8630	59286	1
5833	59289	1
6264	59289	1
4223	59297	1
5866	59297	1
7832	59297	1
9764	59297	1
4557	59305	1
7298	59305	2
998	59373	1
1132	59373	1
6304	59373	1
4088	59388	1
4127	59388	1
4491	59388	1
6304	59388	1
6472	59388	1
6881	59388	1
6907	59388	1
8922	59388	1
9832	59388	1
650	59442	1
1132	59442	1
4127	59442	1
6301	59442	1
2157	59451	1
4127	59451	1
7621	59451	1
8144	59451	1
650	59508	1
4127	59508	1
133	59534	1
3091	59534	1
6319	59534	1
8669	59534	1
9500	59534	2
9633	59534	1
650	59539	1
4127	59539	1
2968	59542	2
4127	59542	1
5181	59542	1
6336	59542	1
9500	59542	3
1132	59549	1
1739	59549	1
4127	59549	1
5278	59549	1
7526	59549	1
8108	59549	1
4127	59581	1
8510	59581	1
9225	59581	1
991	59596	1
6524	59596	1
7038	59596	1
8974	59596	1
544	59599	1
648	59599	1
650	59599	1
1406	59599	1
4127	59599	1
4550	59599	1
7968	59599	1
726	59608	1
853	59608	1
2067	59608	1
4127	59608	1
6998	59608	1
7038	59608	1
3034	59612	1
3702	59612	2
3752	59612	1
3945	59612	1
5086	59612	1
5208	59612	1
7621	59612	1
648	59637	1
726	59637	1
1406	59637	1
4127	59637	1
5074	59637	1
5208	59637	1
5318	59637	1
4127	59725	1
4475	59725	1
1753	59734	1
4127	59734	1
6692	59734	1
6890	59734	1
7776	59734	1
8726	59734	1
991	59739	1
1632	59739	1
2780	59739	1
3349	59739	1
4661	59739	1
6844	59739	1
6907	59739	2
8368	59739	1
2630	59753	1
3752	59753	1
4111	59753	1
5460	59753	1
5766	59753	1
8368	59753	1
8865	59753	1
9153	59753	1
133	59756	1
1555	59756	1
3713	59756	1
4127	59756	1
6472	59756	1
6785	59756	1
9625	59756	1
9777	59756	1
1753	59784	1
4127	59784	1
6890	59784	1
7776	59784	1
