2968	29184	1
6998	29184	1
8053	29184	1
972	30338	1
3081	30338	1
3335	30338	1
8194	30338	1
8379	30338	1
1878	30687	1
2988	30687	1
4093	30687	1
4127	30687	1
7437	30687	1
8054	30687	1
8376	30687	1
8569	30687	1
9073	30687	1
9934	30687	1
3181	30919	1
5184	30919	1
5672	30919	1
7262	30919	1
7348	30919	1
7621	30919	1
7963	30919	1
8387	30919	2
9589	30919	1
2601	31088	1
87	31190	1
8635	31190	1
3359	31905	1
4127	31905	1
5407	31905	1
5844	31905	1
8408	31905	2
9340	31905	1
1679	31925	1
1941	31925	1
4127	31925	1
4205	31925	1
878	32255	1
4078	32255	1
8343	32255	1
8865	32255	1
9526	32255	1
326	34271	1
4458	34271	1
8743	34271	1
9674	34271	1
2351	34792	1
4127	34792	1
5663	34792	1
6785	34792	1
7607	35274	1
5415	35510	1
6003	35510	1
507	35522	1
758	35522	1
4047	35522	1
2456	36091	1
2513	36091	1
4044	36091	1
4056	36091	1
5359	36091	1
7724	36091	1
8395	36091	1
8912	36091	1
1029	36234	1
4527	36234	1
8865	36334	1
1628	36491	1
7548	36491	1
5077	37122	1
5296	37122	1
1196	37153	1
8449	37153	1
6687	37294	1
6995	37294	1
4127	37495	1
8098	37495	1
8351	37495	1
1067	37550	1
3405	37550	1
4598	37550	1
5443	37550	1
6119	37550	1
1580	37720	1
4127	37720	1
4695	37720	1
7739	37720	1
5232	37796	1
972	37862	1
1958	37862	1
3752	37862	1
3771	37862	1
5201	37862	1
3406	37955	1
385	38033	1
1937	38033	1
4014	38033	1
5232	38033	1
1215	38324	1
4113	38324	1
4222	38324	1
5267	38324	1
5921	38324	1
5972	38324	1
6859	38324	1
9620	38324	1
3511	38376	1
3568	38376	1
3763	38376	1
5018	38376	1
5854	38376	1
6952	38376	2
8261	38376	1
8395	38376	1
3765	38652	1
6407	38652	1
412	38919	1
3501	38919	1
9201	38919	1
9676	38919	1
2446	39021	1
2648	39021	1
5318	39021	1
922	39786	1
1523	39786	1
3215	39786	1
4001	39786	1
5576	39786	1
6304	39786	1
6396	39786	1
9500	39786	1
258	39830	1
4116	39830	1
5267	39830	1
5589	39830	1
8743	39830	1
9284	39830	1
9784	39830	1
3970	40112	3
4127	40112	1
579	40544	1
3873	40544	1
6700	40544	1
1370	40571	1
2943	40571	1
3392	40571	1
3602	40571	1
8865	40571	1
9526	40571	1
558	41272	1
2935	41272	1
4127	41272	1
5537	41272	1
6661	41272	1
8969	41272	1
9104	41272	1
2191	41560	1
6319	41560	1
6907	41560	1
619	41989	1
772	41989	1
1361	41989	1
4699	41989	1
7169	41989	1
7272	41989	1
7418	41989	1
9425	41989	1
9500	41989	1
5074	42501	1
7874	42501	1
7032	42753	1
9500	42753	2
640	43081	1
1189	43081	1
3967	43081	1
7304	43081	1
857	43350	1
1679	43350	1
1695	43350	1
4056	43350	1
4127	43350	1
6254	43350	1
6987	43350	1
8380	43350	1
8392	43350	1
8509	43350	1
8803	43350	1
8865	43350	1
4127	43415	1
8351	43415	1
9542	43415	1
4127	43424	1
8351	43424	1
9542	43424	1
1168	43491	1
2212	43491	1
4117	43491	1
5002	43491	1
5018	43491	1
5730	43491	1
6304	43491	2
6472	43491	1
8969	43491	1
9149	43491	1
9669	43491	1
2695	43645	1
4127	43645	1
6304	43645	1
6785	43645	1
8953	43645	1
9500	43645	1
823	43716	1
958	43716	1
2950	43716	1
3387	43716	1
3425	43716	1
5208	43716	2
5318	43716	1
8217	43716	1
4127	43744	1
6769	43744	1
6941	43744	1
3405	43763	1
3724	43763	1
4127	43763	1
4598	43763	1
6785	43763	1
6868	43763	1
7977	43763	1
8261	43763	1
8351	43763	1
4127	43806	1
6769	43806	1
6941	43806	1
1642	43875	1
1987	43875	1
3480	43875	1
4127	43875	1
5060	43875	1
6785	43875	1
7328	43875	1
7892	43875	1
8351	43875	1
1580	43968	1
4088	43968	1
5181	43968	1
6625	43968	1
7058	43968	1
8026	43968	1
9500	43968	1
9974	43968	1
528	44249	1
2616	44249	1
8865	44249	1
9669	44249	1
527	44266	1
3747	44266	1
2616	44976	1
2955	44976	1
4099	44976	1
8098	44976	1
1716	45208	1
4071	45208	1
4127	45208	1
722	45499	1
2433	45499	1
5267	45499	1
5892	45499	1
7986	45499	1
8865	45499	1
4127	45600	1
6769	45600	1
6941	45600	1
9517	45600	1
4127	45603	1
6769	45603	1
6941	45603	1
2526	45667	1
4017	45667	1
8812	45667	1
2784	45758	1
4127	45758	1
5077	45758	1
5086	45758	1
5502	45758	1
6688	45758	1
7583	45758	1
8008	45758	1
8865	45758	1
9038	45758	1
9549	45758	1
7252	46110	1
9526	46203	1
9527	46203	1
1126	46313	1
6818	46313	1
8865	46313	1
5318	46535	1
6266	46542	1
7365	46542	2
9500	46542	1
3428	46647	1
8300	46647	1
2132	46839	1
5854	46839	1
6619	46839	1
870	46867	1
2697	46867	1
4127	46867	1
5375	46867	1
7166	46867	1
8585	46867	1
1126	47127	1
4896	47127	1
8978	47127	1
9584	47127	1
9890	47127	1
4016	47312	1
3592	47481	1
4127	47481	1
4600	47481	1
5854	47481	1
6166	47481	1
6304	47481	1
6865	47481	1
7986	47481	1
8865	47481	1
9567	47481	1
4127	47570	1
7128	47570	1
8217	47570	1
8865	47570	1
726	47749	1
2251	47749	1
4973	47749	1
8630	47749	1
9126	47749	1
1196	49441	1
4757	49441	1
4127	50025	1
258	50330	1
2696	50330	1
4127	50330	1
6304	50330	1
6618	50330	1
8865	50330	1
9153	50330	1
10053	50330	1
857	50783	1
1642	50783	1
3490	50783	1
4127	50783	1
5700	50783	1
6342	50783	1
7956	50783	1
8321	50783	1
8525	50783	1
8569	50783	1
9792	50783	1
9974	50783	1
2642	51050	1
4127	51050	1
5794	51050	1
4127	51645	1
6301	51645	1
7078	51645	1
8569	51645	1
3191	51656	1
4127	51656	1
5677	51656	1
6301	51656	1
8569	51656	2
58	51730	1
4142	51730	1
4214	51730	1
9056	51730	1
9153	51730	1
4127	51826	1
6769	51826	1
6941	51826	1
8006	51826	1
4127	52027	1
6769	52027	1
6941	52027	1
4127	52110	1
6769	52110	1
6941	52110	1
6962	52110	1
4127	52142	1
6769	52142	1
6941	52142	1
4127	52149	1
6769	52149	1
6941	52149	1
4127	52214	1
6769	52214	1
6941	52214	1
7147	52214	1
4127	52302	1
6769	52302	1
6941	52302	1
998	52341	1
4127	52341	1
6301	52341	1
6785	52341	1
7166	52341	1
8351	52341	1
4127	54196	1
6301	54196	2
8569	54196	2
3752	54565	1
4127	54565	1
5149	54565	1
7166	54565	1
8334	54565	1
8569	54565	1
8646	54565	1
3087	54977	1
3560	54977	1
4127	54977	1
4426	54977	1
4692	54977	1
8451	54977	1
69	56452	1
2412	56452	1
2711	56452	1
2878	56452	1
3527	56452	1
9866	56452	1
707	56492	1
1493	56492	1
1551	56492	1
2385	56492	1
3211	56492	1
4686	56492	1
5239	56492	1
8912	56492	1
9203	56492	1
707	56505	1
1493	56505	1
1551	56505	1
2385	56505	1
3211	56505	1
4686	56505	1
8912	56505	1
9203	56505	1
417	57128	1
3774	57128	1
4127	57128	1
5110	57128	1
9061	57128	1
9144	57128	1
9669	57128	1
2753	57411	1
5499	57411	1
7469	57411	1
8672	57411	1
9589	57411	1
4138	57483	1
2894	57812	1
9271	57812	1
5768	58278	1
9825	58278	1
1060	58726	1
1442	58726	1
4127	58726	1
6785	58726	1
7900	58726	1
8351	58726	1
8571	58726	1
9589	58726	1
3752	58781	1
4127	58781	1
6769	58781	1
6941	58781	1
4127	58908	1
6769	58908	1
6941	58908	1
2917	59102	1
4127	59102	1
4854	59102	1
4127	59691	1
7776	59691	1
9500	59691	1
