3984	29345	1
4294	29345	1
5226	29345	1
5783	29345	1
8914	29345	1
9202	29345	1
2411	29466	1
5854	29952	1
7634	29952	1
1196	30749	1
2324	30749	1
3436	30749	1
3568	30749	1
4463	30749	1
8380	30749	1
8887	30749	2
9257	30749	1
9526	30749	2
494	31264	1
1225	31264	1
2531	31264	1
4127	31264	1
5041	31264	1
5486	31264	1
5632	31264	1
5864	31264	1
6851	31264	1
8053	31264	1
1408	31539	1
1871	31539	1
4127	31539	1
4403	31539	1
5412	31539	1
5892	31539	1
6609	31539	1
6769	31539	1
8865	31539	1
2331	31771	1
3501	31771	1
9347	31771	1
9805	31771	1
5604	32305	1
558	33789	1
1759	33789	1
6847	33789	1
9622	33789	1
979	34208	1
3100	34208	1
5425	34208	1
9324	34208	1
1958	34410	1
6457	34410	1
7208	34410	1
7251	34410	1
8558	34410	1
1945	34681	1
5548	34681	1
6891	34681	1
7251	34681	1
7262	34681	1
8380	34681	1
8865	34681	1
9838	34681	1
2075	34767	1
3938	34767	1
4661	34767	2
5858	34767	2
9121	34767	1
9962	34767	2
2089	34832	1
4095	34832	1
5972	34832	1
7251	34832	1
7368	34832	1
7452	34832	1
8865	34832	1
9625	34832	1
2445	35645	1
2591	35645	1
3095	35645	1
4102	35645	1
7251	35645	1
7452	35645	1
8674	35645	1
310	35917	1
500	35917	1
826	35917	1
1108	35917	1
2691	35917	1
7251	35917	1
7771	35917	1
7986	35917	1
8865	35917	1
9285	35917	1
579	35946	1
633	35946	1
1732	35946	1
2595	35946	1
5866	35946	1
7251	35946	1
8684	35946	1
826	36033	1
3359	36033	1
5548	36033	1
6478	36033	1
6481	36033	1
7251	36033	1
9571	36033	1
9813	36033	1
4044	36748	1
4389	36748	1
4756	36748	1
5535	36748	1
7251	36748	1
8411	36748	1
9610	36748	1
733	36903	1
1960	36903	1
5892	36903	1
7766	36903	1
1404	37002	2
4392	37002	1
6894	37002	1
5866	37149	2
7031	37149	1
7251	37149	1
826	37194	1
1819	37194	2
4088	37194	1
4441	37194	1
7251	37194	1
7986	37194	1
9526	37194	1
826	37365	1
4127	37365	1
4642	37365	1
7261	37365	1
7986	37365	1
826	37422	1
4127	37422	1
4642	37422	1
7251	37422	1
7261	37422	1
7986	37422	1
1159	37630	1
2105	37630	1
3711	37630	1
7251	37630	1
7452	37630	1
8865	37630	1
1985	37707	1
7251	37707	1
7343	37707	1
7567	37707	1
7983	37707	1
2136	37857	1
4013	37857	1
7251	37857	1
1778	38361	1
2722	38361	1
4642	38361	1
6492	38361	1
6543	38361	1
6844	38361	1
7301	38361	1
7403	38361	1
8585	38361	1
9805	38361	1
1052	38432	1
1608	38432	1
2267	38432	1
3181	38432	1
3340	38432	1
3822	38432	1
8231	38432	1
8585	38432	1
6492	38548	1
6543	38548	1
6700	38548	1
6844	38548	1
7007	38548	1
7062	38548	1
7998	38548	1
8585	38548	1
2878	38759	1
4896	38759	1
7301	38759	1
8585	38759	1
4294	40937	1
5124	40937	1
5226	40937	1
5332	40937	2
5783	40937	1
8865	40937	1
8914	40937	1
9347	40937	1
2616	42298	1
7776	42298	1
9542	42298	1
9669	42298	1
1132	42332	1
9669	42332	1
2522	42344	1
6166	42344	1
6625	42344	1
1773	42400	1
8351	42400	2
986	42984	1
5576	42984	1
6224	42984	1
7223	42984	1
4127	43220	1
7078	43220	1
8427	43220	1
9500	43220	1
5208	45128	1
6803	45128	1
9722	45128	1
3735	45607	1
1132	45649	1
8479	45649	1
366	45665	1
2267	45665	1
1071	46068	1
1143	46068	1
2630	46068	1
2634	46068	1
3294	46068	1
4238	46068	1
2518	46850	1
2636	46850	1
2653	46850	1
3969	46850	1
4896	46850	1
9750	46850	1
905	49658	1
1325	49658	1
1386	49658	1
1440	49658	1
2910	49658	1
4127	49658	1
6416	49658	1
9581	49658	1
1919	49775	1
4127	49775	1
5576	49775	1
7676	49775	1
8150	49775	1
9019	49775	1
733	50346	1
3335	50346	1
6388	50346	1
915	51572	1
3511	51572	1
7986	51572	1
8789	51572	1
9110	51572	1
9710	51572	1
958	51727	2
995	51727	1
4700	51727	1
9110	51727	1
9825	51727	1
958	51762	1
2320	51762	1
3050	51762	1
8865	51762	1
9110	51762	1
9764	51762	1
9813	51762	1
3233	51812	1
9110	51812	1
9126	51812	1
9463	51812	1
9764	51812	1
1469	53216	1
4127	53216	1
733	53485	1
3711	53532	1
5823	53532	1
7204	53532	1
5823	53566	1
4912	53687	1
5823	53687	1
8991	53687	1
8993	53687	2
9680	53687	1
3004	53739	1
5823	53739	1
2029	54212	1
5318	54212	1
5823	54212	1
8145	54212	1
4677	54328	1
5823	54328	1
7365	54328	1
8741	54328	1
9822	54328	1
1728	54375	1
2149	54375	1
5823	54375	1
2259	54397	1
4973	54397	1
5200	54397	1
5616	54397	1
5823	54397	1
9676	54397	1
2149	54422	2
5823	54422	1
2733	54611	1
5823	54611	1
8887	54611	1
9474	54611	1
9813	54611	1
5823	54664	1
7827	54664	1
1902	54894	1
3191	54894	1
3425	54894	1
3634	54894	1
4152	54894	1
698	55856	1
6609	55856	1
7473	55856	1
7977	55856	1
8120	55856	1
3092	56206	1
1568	56567	1
3168	56567	1
3215	56567	1
4056	56567	1
8506	56567	1
8865	56567	1
9049	56567	1
3845	56617	1
4121	56617	1
1759	59164	1
4757	59164	1
8923	59164	1
