1048	163	1
1506	163	1
3147	163	1
4790	163	1
4994	163	1
5199	163	1
5352	163	1
6959	163	1
7073	163	1
552	206	1
4694	206	1
5382	206	1
3087	209	1
4127	209	1
7088	209	1
9391	209	1
5199	304	1
5768	304	1
7128	304	1
677	524	1
4127	524	1
511	924	1
1773	924	1
4127	924	1
4456	924	1
5943	924	1
8533	924	1
9103	924	1
673	937	1
4127	937	1
5318	937	1
1834	977	1
3095	977	1
7737	977	1
9766	977	1
511	1790	1
1515	1790	1
1773	1790	1
3900	1790	1
4127	1790	1
4456	1790	1
5943	1790	1
8533	1790	1
892	2064	1
1689	2064	1
4056	2064	1
4127	2064	1
6146	2064	1
7888	2064	1
9571	2064	1
9610	2064	1
3215	3945	1
9193	3945	1
3873	4688	1
5854	4688	1
2158	4862	1
5553	4862	1
8741	4862	1
1031	5244	1
1108	5244	1
2412	5244	1
3511	5244	1
4660	5244	1
5692	5244	1
6166	5244	1
7719	5244	1
8163	5244	1
9323	5244	1
3872	6872	1
4735	6872	1
9227	6991	1
5267	7035	1
3092	7042	1
3893	7042	1
4127	7042	1
5582	7042	1
5829	7042	1
4733	7496	1
4735	7496	1
1630	7592	1
2330	7592	1
4127	7592	1
4733	7592	1
8865	7592	1
9832	7592	1
74	7717	1
1063	7717	1
1512	7717	1
1630	7717	1
3735	7717	1
5727	7717	1
6768	7717	1
3763	7733	1
4127	7733	1
4733	7733	1
8865	7733	1
4127	7956	1
4733	7956	1
5265	7956	1
1602	7967	1
1843	7967	1
4065	7967	1
4846	7967	1
5794	7967	1
8135	7967	1
1400	8746	1
2440	8746	1
2917	8746	1
6119	8746	1
8407	8746	1
3702	9338	1
4366	9338	1
4733	9338	1
7520	9338	1
9445	9338	1
3359	9391	1
6794	9391	1
876	9943	1
1132	9943	1
4127	9943	1
5698	9943	1
6042	9943	1
6266	9943	1
60	10550	1
579	10550	1
1048	10550	1
1440	10550	1
2446	10550	1
3211	10550	1
1442	11102	1
3087	11102	1
3232	11102	1
6482	11102	1
1510	12934	1
4127	12934	1
4951	12934	1
6859	12934	1
10057	12934	1
3034	14029	1
3278	14029	1
4127	14029	1
4351	14029	1
9571	14029	1
6894	14384	1
9526	14384	1
3501	14529	1
8582	14529	1
3501	16123	1
8865	16123	1
1969	16136	1
6073	16136	1
2448	17137	1
2972	17137	1
4102	17137	1
4127	17137	1
5565	17137	1
6042	17137	1
7266	17137	1
2142	17304	1
2445	17304	1
7743	17304	1
9265	17304	1
4104	17679	1
6870	17679	1
8038	17679	1
9924	17679	1
274	17723	1
1132	17723	1
1773	17723	1
4127	17723	1
4456	17723	1
6301	17723	1
6609	17723	1
1702	18483	1
5086	18483	1
5877	18483	1
7846	18483	2
1505	18511	1
2616	18511	1
2630	18511	1
5892	18511	1
6632	18511	1
4642	18564	1
6788	18564	1
9153	18564	1
1570	18634	1
2672	18634	1
3752	18634	1
6807	18634	1
8010	18634	1
9334	18634	1
386	18755	1
7820	18755	1
7527	18767	1
7563	18767	1
8684	18767	1
8956	18767	1
27	18779	1
4395	18779	1
9980	18779	1
1132	18810	1
2972	18810	1
4127	18810	1
6042	18810	1
6301	18810	1
279	18818	1
3199	18818	1
9924	18818	1
1602	18838	1
2955	18838	1
6472	18838	1
6794	18838	1
8380	18838	1
8752	18838	1
9980	18838	1
3702	18857	8
4127	18857	1
6042	18857	1
7527	18857	1
7563	18857	1
7700	18857	1
9952	18857	1
4162	18897	1
9821	18897	1
9822	18897	2
4223	18902	1
826	19116	1
857	19116	1
3006	19116	1
3068	19116	1
3822	19116	1
9538	19116	1
1608	19497	1
1637	19497	1
2924	19497	1
3340	19497	1
4056	19497	1
4127	19497	1
7128	19497	1
9610	19497	1
2530	19561	1
3100	19561	1
4017	19561	1
4867	19561	1
1288	19690	1
3191	19690	1
6844	19690	2
7776	19690	1
1702	19819	1
1736	19819	1
2530	19819	1
3100	19819	1
4127	19819	1
4867	19819	1
8351	19819	1
3392	20465	1
6166	20465	1
8263	20465	1
8899	20465	1
1794	20476	1
6631	20476	1
6661	20476	1
359	20494	2
3340	20494	1
9980	20494	1
5794	20635	1
8865	20688	1
9625	20688	1
4824	22531	1
8028	22531	1
5396	22660	1
4017	22819	1
4248	22819	1
6625	22819	1
7581	22819	1
2722	23073	1
3034	23073	1
4281	23073	1
6030	23073	1
1505	23152	1
1923	23152	1
3006	23152	1
3970	23152	1
6618	23152	1
3568	23259	1
6025	23259	1
7338	23259	1
8865	23259	1
8995	23259	1
9968	23259	1
2931	23446	1
2937	23446	1
3135	23446	1
6243	23446	1
8525	23446	1
2931	23463	1
2937	23463	1
3135	23463	1
6243	23463	1
8525	23463	1
76	23815	1
579	23815	1
2040	23815	1
2561	23815	1
3034	23815	1
9801	23815	1
3568	24004	1
3821	24004	3
9588	24004	1
9589	24004	1
2178	24207	1
3174	24207	1
3559	24207	1
6533	24207	1
7411	24207	1
780	24255	1
878	24255	1
1039	24255	1
2313	24255	1
2931	24255	1
4351	24255	1
4566	24255	1
4771	24255	1
6723	24255	1
7197	24255	1
8528	24255	1
9933	24255	1
361	24282	1
857	24282	1
3822	24282	1
4127	24282	1
6785	24282	1
1213	24308	1
3881	24308	1
4689	24308	1
4840	24308	1
5226	24308	1
5877	24308	1
9318	24308	1
2940	24329	1
3930	24329	1
361	24545	1
1505	24545	1
4127	24545	1
6102	24545	1
7690	24545	2
7993	24545	1
8696	24545	1
8787	24545	1
2616	24695	1
5768	24695	1
6593	24695	1
7776	24695	1
7874	24695	1
8573	24695	1
8865	24695	1
4088	24732	1
6711	24732	1
9805	24732	1
711	25577	1
950	25577	1
1105	25577	1
4127	25577	1
6301	25577	1
10036	25577	1
1382	25615	1
8008	25615	1
8484	25615	1
2117	26042	1
3978	26042	1
8865	26042	3
9611	26042	1
1798	27378	1
2110	27378	1
2706	27378	1
2707	27378	1
3392	27378	1
3735	27378	1
3840	27378	1
6287	27378	1
6847	27378	1
7128	27378	1
9716	27378	1
