1067	59803	1
4127	59803	1
4259	59803	1
7298	59803	1
8865	59803	1
9428	59803	1
2874	59818	1
9144	59818	1
9538	59818	1
2175	59831	1
8509	59831	1
30	59839	1
5318	59839	1
8879	59839	1
742	59893	1
1332	59893	1
1406	59893	1
4127	59893	1
6914	59893	1
7166	59893	1
8669	59893	1
7288	59926	1
8503	59926	1
8865	59926	1
9805	59926	1
3821	59927	1
4127	59927	1
8865	59927	1
10056	59927	1
63	59944	1
579	59944	1
137	59951	1
3770	59951	1
7365	59951	1
1633	59965	1
2944	59965	1
8408	59965	1
8535	59965	1
7296	59977	1
1702	60085	1
3294	60085	1
9538	60085	1
1448	60087	1
3095	60087	2
3549	60087	1
8098	60087	1
8995	60087	1
2526	60230	1
7223	60230	1
7264	60230	1
9054	60230	1
558	60237	1
4127	60237	1
6137	60237	1
9392	60237	1
2220	60311	1
2564	60402	1
6794	60402	1
3501	60415	1
3602	60560	1
5877	60560	1
8008	60560	1
8449	60560	1
8865	60560	1
4136	60603	1
9587	60603	1
386	60796	1
2593	60796	1
4127	60796	1
5316	60796	1
5859	60796	1
8995	60796	1
3936	61517	1
7977	61517	1
1707	61522	1
2742	61522	1
2955	61522	1
3602	61522	1
4127	61522	1
5318	61522	1
6304	61522	1
7977	61522	1
8528	61522	1
8995	61522	1
2212	61532	1
3006	61532	1
3806	61532	1
6380	61532	1
8218	61532	1
1382	61546	1
9813	61546	1
3752	61598	1
423	61605	1
3873	61605	1
4994	61605	1
6959	61605	1
1855	61634	1
4994	61634	1
8217	61634	1
9561	61634	1
9669	61634	1
764	61652	1
3568	61652	1
8395	61652	1
386	61723	1
4127	61723	1
5160	61723	1
5316	61723	1
2356	61756	1
5382	61756	1
461	61976	1
2059	61976	1
3602	61976	1
687	62033	1
710	62033	1
3295	62033	1
3822	62033	1
4127	62033	1
3322	62081	1
4864	62081	1
5160	62081	1
7304	62081	3
4127	62110	1
6785	62110	1
5267	62123	1
6870	62123	1
9627	62123	1
384	62124	1
1673	62124	1
5318	62124	1
6009	62124	1
6725	62124	1
9890	62124	1
1529	62157	1
2531	62157	1
358	62176	1
973	62176	1
1894	62176	1
2514	62176	1
4991	62176	1
7471	62176	1
7638	62176	1
9738	62176	1
63	62204	1
3091	62204	1
3518	62204	1
3960	62204	1
5163	62204	2
6700	62204	1
5077	62236	1
5318	62236	1
9071	62236	1
2776	62288	1
579	62295	1
3982	62295	1
2540	62319	1
3213	62319	1
5226	62319	1
9738	62319	1
3213	62342	1
4017	62342	1
8010	62342	1
8731	62342	1
9038	62342	1
3997	62380	1
4622	62380	1
4824	62380	1
5332	62380	1
1041	62381	1
1396	62381	1
4588	62381	1
6830	62381	1
7756	62381	1
8022	62381	1
9526	62381	1
1554	62382	1
1732	62382	1
8380	62382	1
7166	62398	1
9704	62398	1
1959	62408	1
4127	62408	1
8144	62408	1
9157	62430	1
4661	62431	1
1168	62456	1
3425	62456	1
3900	62456	1
6619	62456	1
8213	62456	1
158	62469	1
2003	62469	1
6619	62469	2
8865	62469	2
7408	62476	1
3349	62520	1
2873	62545	1
3359	62545	1
5856	62545	1
8757	62545	1
8865	62545	1
2902	62578	1
1540	62586	1
3568	62586	1
3735	62586	1
5267	62586	1
5672	62586	2
6700	62586	1
8865	62586	1
3790	62626	1
3826	62626	1
4127	62626	1
5086	62626	1
6619	62626	1
7739	62626	1
9165	62626	1
18	62659	1
116	62659	1
258	62659	1
3552	62659	1
8865	62659	1
9613	62659	1
5324	62685	1
8444	62685	1
8897	62685	1
2531	62728	1
4111	62728	1
5783	62728	1
8923	62728	1
6631	62800	1
395	62927	1
6711	62927	1
2369	62945	1
4896	62945	1
6711	62945	1
6955	62945	1
8213	62945	1
8865	62945	1
2201	62946	1
4047	62946	1
4351	62946	1
1556	62958	1
1842	63006	1
6619	63006	1
7998	63006	1
4111	63012	1
5298	63012	1
5768	63012	1
733	63122	1
4984	63122	1
5267	63122	1
9561	63122	1
8743	63135	1
3815	63226	1
2356	63280	1
4017	63280	1
7172	63280	1
7266	63280	1
1665	63418	1
4127	63418	1
5024	63418	2
7412	63418	1
7437	63418	1
9658	63418	1
9934	63418	1
9974	63418	1
1365	63419	1
5267	63419	1
9676	63419	1
2451	63518	1
3949	63518	1
8032	63518	1
746	63606	1
2015	63606	1
7819	63606	1
1017	63666	1
4127	63671	1
9596	63671	1
108	63683	1
2138	63683	1
7741	63683	1
125	63768	1
3735	63768	1
7948	63768	1
8449	63768	1
8865	63768	1
3597	63875	1
3034	64009	1
386	64037	1
1835	64037	1
4127	64037	1
5316	64037	1
4056	64124	1
7676	64124	1
116	64167	1
1264	64167	1
2625	64167	1
7240	64167	1
8253	64167	1
9976	64167	1
507	64210	1
591	64210	1
3955	64210	1
5256	64210	1
7621	64210	1
9624	64210	1
10032	64210	1
826	64212	1
8939	64212	1
9763	64212	1
1108	64214	1
1937	64214	1
5698	64214	1
7523	64214	1
8331	64214	1
2621	64220	6
3881	64245	1
4081	64245	1
7621	64245	1
8150	64245	1
9624	64245	1
9625	64245	1
1504	64252	1
4270	64252	2
7581	64252	1
7621	64252	2
9817	64252	1
865	64259	1
4270	64259	1
8879	64259	1
9561	64259	1
558	64265	1
4270	64265	1
5267	64265	1
6304	64265	1
8098	64265	1
8865	64265	1
386	64267	1
4127	64267	1
5316	64267	1
7243	64267	1
4078	64268	1
8004	64268	1
8520	64268	1
9738	64268	1
4046	64278	1
4270	64278	1
8098	64278	1
8995	64278	1
9997	64278	1
4525	64284	1
9526	64284	1
9825	64284	1
2614	64287	1
9674	64287	1
533	64292	1
4525	64292	1
3075	64305	1
3790	64305	1
3806	64305	1
4127	64305	1
4525	64305	1
5458	64305	1
6166	64305	1
9637	64305	1
3806	64318	1
4525	64318	1
5086	64318	1
8638	64318	1
4223	64332	1
4525	64332	1
5694	64332	1
8638	64332	1
158	64345	1
2616	64345	1
4525	64345	1
5267	64345	1
8098	64345	1
570	64352	1
986	64352	1
3006	64352	1
6166	64352	1
4	64366	1
6271	64366	1
4525	64372	1
5267	64372	2
7293	64372	1
7913	64372	1
1331	64378	1
4525	64378	1
6618	64383	1
7821	64383	1
174	64386	1
1108	64386	1
3006	64386	1
4127	64386	1
4199	64386	1
6304	64386	1
7720	64386	1
6408	64388	1
364	64404	1
2307	64404	2
3066	64404	1
3079	64404	1
4088	64404	1
4525	64404	1
6285	64404	1
6987	64404	1
9803	64404	1
5920	64411	1
7128	64411	1
9561	64411	1
6304	64439	1
9526	64439	1
2750	64461	1
5698	64461	1
9696	64461	1
9997	64461	1
865	64492	1
2445	64492	1
9997	64492	1
5279	64503	1
6271	64503	1
3034	64505	1
5279	64505	1
6271	64505	1
2307	64509	1
5318	64509	1
5698	64509	1
5866	64509	1
359	64511	1
507	64511	1
733	64511	1
900	64511	1
2307	64511	1
3066	64511	1
3383	64511	1
4198	64511	1
6285	64511	1
7241	64511	1
7264	64511	1
7621	64511	1
8939	64511	1
9696	64511	1
9997	64511	1
505	64582	1
9924	64582	1
1230	64610	1
3873	64610	1
4127	64610	1
9542	64610	1
9677	64610	2
4852	65006	1
8995	65006	1
9550	65006	1
9394	65114	1
560	65509	1
1370	65509	1
2393	65509	1
5226	65509	1
4265	65677	1
7621	65677	2
5892	65681	1
6686	65681	1
5296	65683	1
1325	65686	1
2165	65686	1
3752	65686	1
5303	65686	1
5272	65687	1
1267	65765	1
3087	65765	1
3392	65765	1
3984	65765	1
5794	65765	1
5892	65765	1
7776	65765	1
8865	65765	1
9589	65765	1
1236	65773	1
1329	65773	1
3199	65773	1
5318	65773	1
6133	65773	1
4265	66030	1
1833	66047	1
3191	66047	1
3501	66047	1
4524	66047	2
5513	66047	1
7621	66047	1
8854	66047	1
4265	66059	1
4351	66059	1
3746	66066	1
4265	66066	2
6472	66066	1
7621	66066	2
3109	66101	1
4127	66101	1
4523	66101	1
6301	66101	1
6849	66101	1
692	66170	1
1637	66170	1
2518	66170	1
3109	66170	1
3156	66170	1
4265	66170	1
4483	66170	1
7621	66170	1
9538	66170	1
2233	66178	1
2307	66178	1
2564	66178	1
4265	66178	1
5267	66178	1
8939	66178	1
9630	66178	1
9997	66178	1
2965	66182	1
4088	66182	1
4973	66182	1
5783	66182	1
692	66240	1
1637	66240	1
2138	66240	1
2518	66240	1
3109	66240	1
3156	66240	1
4265	66240	1
4483	66240	2
7621	66240	2
9538	66240	1
976	66248	1
1630	66248	1
2445	66248	1
4111	66248	1
5892	66248	1
5912	66248	1
7621	66248	1
8865	66248	1
8995	66248	1
2644	66283	1
4127	66288	1
5267	66288	1
7621	66288	2
8854	66288	1
3555	66305	1
4703	66305	1
5218	66305	1
7621	66305	1
8995	66305	1
823	66311	1
1741	66311	1
3047	66311	1
7621	66311	1
8144	66311	1
8854	66311	1
9825	66311	1
3822	66315	1
4041	66315	1
5791	66315	1
6700	66315	1
7621	66315	1
7933	66315	1
8956	66315	1
1211	66328	1
3091	66328	1
5267	66328	1
8426	66328	1
9130	66328	1
1630	66332	1
2445	66332	1
4111	66332	1
6166	66332	1
7621	66332	2
8098	66332	1
3555	66341	1
5218	66341	1
6943	66341	1
8879	66341	1
8377	66348	1
6700	66352	1
706	66353	1
9997	66353	1
579	66368	2
2330	66368	1
3821	66368	1
7621	66368	1
8854	66368	1
1267	66369	1
1659	66369	1
2617	66369	1
2625	66369	1
2968	66369	1
3138	66369	1
5770	66369	1
6304	66369	1
9349	66369	1
1335	66375	1
2914	66375	1
4111	66375	1
7621	66375	1
8098	66375	1
1267	66382	1
1659	66382	1
2617	66382	1
2625	66382	1
2968	66382	1
3138	66382	1
5770	66382	1
6304	66382	1
9349	66382	1
3066	66402	1
5698	66402	1
9538	66402	1
168	66407	1
4127	66407	1
4523	66407	2
4613	66407	1
6301	66407	1
8391	66407	1
417	66410	1
825	66410	1
1886	66410	1
4127	66410	1
4733	66410	1
7913	66410	1
9445	66410	1
9500	66410	1
9995	66410	1
1102	66417	1
1611	66417	1
2894	66417	1
5267	66417	1
7621	66417	1
8079	66417	1
8879	66417	1
9926	66417	1
2307	66447	1
2626	66447	1
3066	66447	2
4523	66447	1
5698	66447	1
8558	66447	1
763	66453	1
2242	66453	1
2630	66453	1
3555	66453	1
3602	66453	1
4102	66453	1
5218	66453	1
7621	66453	1
8449	66453	1
8630	66453	1
9997	66453	3
417	66457	1
825	66457	1
4127	66457	1
4486	66457	1
4733	66457	1
9995	66457	2
5218	66460	1
5267	66460	1
9117	66460	1
9669	66460	1
5267	66469	1
8854	66469	1
9365	66469	1
9926	66469	1
417	66480	2
825	66480	1
4127	66480	1
4486	66480	1
4733	66480	1
9995	66480	2
1886	66481	1
1907	66481	1
2531	66481	1
3066	66481	2
3555	66481	1
5218	66481	1
5698	66481	1
5750	66481	1
6285	66481	1
7621	66481	1
9999	66481	1
417	66496	1
825	66496	1
1886	66496	1
2445	66496	1
4127	66496	1
4486	66496	1
4733	66496	1
7426	66496	1
9500	66496	1
9995	66496	2
3034	66497	1
3463	66497	1
8865	66497	1
9103	66497	1
5218	66498	1
5267	66498	1
6009	66498	1
6285	66498	1
9117	66498	1
399	66505	1
3205	66505	1
417	66534	1
825	66534	1
2212	66534	1
4017	66534	1
4127	66534	1
4486	66534	1
4733	66534	1
5172	66534	1
8969	66534	1
9175	66534	1
9995	66534	2
1029	66541	1
1335	66541	1
4483	66541	1
5267	66541	1
1029	66549	1
1335	66549	1
2138	66549	1
3746	66549	1
4483	66549	2
5267	66549	2
7621	66549	1
417	66594	1
825	66594	1
3613	66594	1
3753	66594	1
4127	66594	2
4486	66594	1
4733	66594	1
4735	66594	1
5318	66594	1
9655	66594	1
9669	66594	1
9995	66594	2
140	66595	1
3501	66595	1
3746	66595	1
7621	66595	1
9193	66595	1
9561	66595	1
5267	66601	1
9193	66601	1
706	66604	1
1335	66604	1
4164	66604	1
111	66613	1
4395	66613	1
5318	66613	1
6686	66613	1
7621	66613	2
7979	66613	1
8854	66613	1
1335	66638	1
5267	66638	1
7272	66638	1
7621	66638	1
8144	66638	1
9526	66638	1
366	66644	1
632	66644	1
958	66644	1
6285	66644	1
6493	66644	1
7621	66644	1
89	66684	1
823	66684	1
4820	66684	1
8144	66684	1
8795	66684	1
9323	66684	1
9420	66684	1
9825	66684	1
2297	66712	1
4223	66712	1
5267	66712	1
3182	66743	1
5262	66743	1
6562	66743	1
6959	66743	1
3735	66746	1
3970	66746	1
6051	66746	1
7621	66746	1
9997	66746	1
706	66775	1
5698	66775	1
6051	66775	1
6625	66775	2
793	66790	1
2233	66790	1
2750	66790	1
3182	66790	1
4223	66790	1
5226	66790	1
5267	66790	1
6407	66790	1
7621	66790	1
8380	66790	1
8956	66790	1
5201	66800	1
8098	66800	1
2233	66813	1
8098	66813	1
9542	66813	1
4395	66818	1
5267	66818	1
6051	66818	1
8213	66818	1
1017	66822	1
6051	66822	1
7988	66822	1
1564	66826	1
7593	66826	1
5029	67313	1
134	67321	1
5208	67321	1
3278	67351	1
6146	67351	1
8887	67351	1
9947	67351	1
4653	67392	1
5698	67392	1
511	67573	1
4127	67573	1
4523	67573	2
4927	67573	1
6301	67573	1
6785	67573	1
5892	67723	1
8562	67723	1
1564	67728	1
5892	67728	1
8865	67728	1
954	67775	1
3595	67775	1
4667	67775	1
4127	67933	1
4523	67933	1
5136	67933	1
6012	67933	1
6301	67933	1
8375	67933	1
861	67992	1
1415	67992	1
3490	67992	1
3741	67992	1
4127	67992	1
5984	67992	1
3392	68028	1
4127	68028	1
5892	68223	1
5208	68250	1
6166	68250	1
9526	68250	1
2031	68489	1
3211	68489	1
3774	68489	1
4973	68489	1
6718	68489	1
1914	68501	1
9128	68501	1
2130	68506	1
2494	68506	1
6166	68506	1
3752	68525	1
4056	68525	1
4111	68525	1
7471	68525	1
8533	68525	1
8865	68525	1
9054	68525	1
9301	68525	1
9805	68525	1
5396	68999	2
9669	68999	1
2917	69096	2
1744	69315	1
3501	69315	1
3984	69315	1
4017	69315	1
5351	69315	1
7776	69315	1
8743	69315	1
8969	69315	1
1267	69317	1
4642	69317	1
8969	69317	1
9526	69426	1
8987	69591	1
5539	69600	1
9625	69600	1
1880	70038	1
2540	70038	1
3808	70038	1
860	70270	1
1036	70270	1
1549	70270	1
2263	70270	1
2950	70270	1
2985	70270	1
3553	70270	1
4127	70270	1
4259	70270	1
5208	70270	1
6973	70270	1
8545	70270	1
3900	70276	1
7593	70276	1
8053	70276	1
9526	70276	1
9589	70276	1
456	70295	1
591	70295	1
2487	70295	1
2778	70295	1
8213	70295	1
9669	70295	1
9757	70295	1
886	70366	1
3873	70366	1
8562	70366	1
726	70423	1
4127	70423	1
5892	70423	1
8562	70423	1
1905	70459	1
5802	70459	1
6492	70459	1
9153	70459	1
9784	70459	2
860	70564	1
1914	70564	1
2263	70564	1
2760	70564	1
2985	70564	1
3511	70564	1
4111	70564	1
6166	70564	1
8545	70564	1
9589	70564	1
860	70636	1
905	70636	1
1914	70636	1
2263	70636	1
2985	70636	1
6955	70636	1
8545	70636	1
211	70640	1
1206	70640	1
5919	70640	1
860	70763	1
1914	70763	1
2263	70763	1
2950	70763	1
2985	70763	1
5086	70763	1
6846	70763	1
8545	70763	1
9768	70763	1
9822	70763	1
860	70843	1
1914	70843	1
2263	70843	1
2950	70843	1
2985	70843	1
5208	70843	1
6846	70843	1
8545	70843	1
9822	70843	1
3613	70875	1
4127	70875	1
5783	70875	1
8215	70875	1
9448	70875	1
9961	70875	1
878	70884	1
1027	70884	1
7855	70884	1
9193	70884	1
5476	70924	1
6090	70924	1
6700	70924	1
7223	70924	1
8969	70924	1
9542	70924	1
878	70940	1
2048	70940	1
2522	70940	1
2603	70940	1
3774	70940	1
6171	70940	1
8684	70940	1
860	70965	1
1108	70965	1
1914	70965	1
2263	70965	1
2760	70965	1
2950	70965	1
2985	70965	1
5208	70965	1
7874	70965	1
8545	70965	1
9445	70976	1
746	70984	1
2292	70984	1
2908	70984	1
6794	70984	1
7019	70984	1
7581	70984	1
63	71009	1
4259	71013	1
4575	71013	1
6973	71013	1
7166	71013	1
7870	71013	1
9330	71013	1
9813	71013	1
6711	71026	1
8458	71026	1
8752	71026	1
8923	71026	1
726	71049	1
5972	71049	1
8458	71049	1
8752	71049	1
9394	71049	1
9445	71049	1
860	71081	1
1914	71081	1
2263	71081	1
2725	71081	1
2985	71081	1
4840	71081	1
5074	71081	1
8449	71081	1
8545	71081	1
1006	71088	1
1382	71088	1
1469	71088	1
2220	71088	1
3182	71088	1
5226	71088	1
6254	71088	1
6870	71088	1
8380	71088	1
9275	71088	1
2220	71129	1
860	71158	1
1013	71158	1
1914	71158	1
2263	71158	1
2985	71158	1
6965	71158	1
8545	71158	1
1835	71274	1
4575	71274	1
8648	71287	1
9633	71287	1
9757	71287	1
9821	71287	1
758	71294	1
6009	71294	1
7748	71294	1
7980	71294	1
8388	71294	1
9526	71294	1
4127	71333	1
4523	71333	1
6301	71333	1
7412	71333	1
744	71338	1
860	71338	1
1914	71338	1
2263	71338	1
2477	71338	1
2950	71338	1
2985	71338	1
5208	71338	1
7053	71338	2
8545	71338	1
1031	71409	1
1071	71409	1
1689	71409	1
3191	71409	1
4056	71409	1
5086	71409	1
5909	71409	1
745	71427	1
860	71427	1
1396	71427	1
1914	71427	1
2263	71427	1
2950	71427	1
2985	71427	1
8545	71427	1
9153	71427	1
1689	71436	1
3191	71436	1
3280	71436	1
4122	71436	1
4271	71436	1
8965	71436	1
8978	71436	1
2390	71453	1
6529	71453	1
7128	71453	1
1325	71487	1
2049	71487	1
3511	71487	1
5267	71487	1
5318	71487	1
5854	71487	1
8186	71487	1
860	71539	1
1914	71539	1
2263	71539	1
2950	71539	1
2985	71539	1
5208	71539	1
6048	71539	1
8545	71539	1
8580	71539	1
56	71609	1
860	71609	1
1914	71609	1
2263	71609	1
2950	71609	1
2985	71609	1
4384	71609	1
7051	71609	1
8368	71609	1
8545	71609	1
860	71635	1
1914	71635	1
2263	71635	1
2950	71635	1
2985	71635	1
5074	71635	1
8408	71635	1
8545	71635	1
9126	71635	1
860	71680	1
1914	71680	1
2263	71680	1
2950	71680	1
2985	71680	1
5172	71680	1
8545	71680	1
3602	71731	1
8806	71731	1
860	71734	1
1914	71734	1
2263	71734	1
2884	71734	1
2950	71734	1
2985	71734	1
4459	71734	1
8545	71734	1
4620	71826	1
58	71845	1
860	71845	1
1914	71845	1
2263	71845	1
2950	71845	1
2985	71845	1
7128	71845	1
8545	71845	1
9784	71845	1
1142	71918	1
1186	71918	1
2853	71918	1
5388	71918	1
7977	71918	1
9526	71918	1
511	71988	1
1720	71988	1
3349	71988	1
4523	71988	1
5316	71988	1
5705	71988	1
6472	71988	1
6881	71988	2
7166	71988	1
9793	71988	1
9627	72143	1
1267	72154	1
1549	72154	1
1914	72154	1
2896	72154	1
4127	72154	1
5248	72154	1
7288	72154	1
8242	72154	1
8777	72154	1
4670	72155	1
4846	72155	1
5137	72155	1
5820	72155	1
7071	72155	1
9699	72155	1
63	72159	1
9153	72159	1
9627	72159	1
1491	72194	3
4127	72194	1
4642	72194	1
5553	72194	1
8217	72194	1
8741	72194	1
9163	72194	2
4127	72289	1
4523	72289	1
5516	72289	1
6301	72289	1
1331	72399	1
4056	72399	1
4127	72399	1
4642	72399	1
6279	72399	1
6290	72399	4
7334	72399	2
7520	72399	2
8792	72399	1
3538	72434	1
3752	72434	1
4127	72434	1
4642	72434	1
5150	72434	2
6290	72434	3
6963	72434	2
9676	72434	1
6870	72477	1
41	72482	1
1360	72482	1
1747	72482	1
1943	72482	1
2896	72482	1
3712	72482	1
4127	72482	1
4642	72482	1
6492	72482	1
6937	72482	1
7417	72482	1
4127	72651	1
6399	72651	1
6454	72651	1
8218	72651	1
8452	72651	1
9445	72651	1
10008	72651	1
5476	72788	1
5746	72788	1
1029	73067	1
2477	73067	1
3615	73067	1
3806	73067	1
4875	73067	2
6885	73067	1
7638	73067	1
8116	73067	1
8400	73067	1
9537	73067	1
9551	73067	1
1325	73091	1
2532	73091	1
4087	73091	1
4598	73091	1
6855	73091	1
9005	73091	1
3993	73106	1
7759	73106	1
3091	73402	1
7634	73402	1
3109	73548	1
3340	73548	1
4127	73548	1
6793	73548	1
3873	73639	1
4523	73639	1
7638	73875	1
5917	74034	1
7231	74120	1
8790	74120	1
9394	74120	1
3278	74134	1
271	74165	1
2257	74165	1
4065	74165	1
8969	74165	1
5561	74218	1
746	74300	1
4056	74300	1
6301	74300	1
8865	74300	1
8923	74300	1
9538	74300	1
3752	74328	1
4356	74328	1
8865	74328	1
9363	74328	1
26	74404	1
4127	74404	1
5267	74404	1
5694	74404	1
6794	74404	1
7621	74404	2
8115	74404	1
8152	74404	1
8865	74404	1
9383	74404	1
1067	74423	1
726	74443	1
2955	74443	1
6304	74443	1
2130	74460	1
4127	74460	1
5365	74460	1
6785	74460	1
8006	74460	1
1071	74507	1
4127	74507	1
5396	74507	1
5892	74507	1
7621	74507	1
8213	74507	1
8865	74507	2
9068	74507	1
9757	74507	1
793	74568	1
8879	74568	1
2931	74616	1
3019	74616	1
4127	74616	1
5309	74616	1
7228	74616	1
9890	74616	1
940	74790	2
3998	74790	1
4127	74790	1
6301	74790	1
6550	74790	1
6609	74790	1
7466	74790	1
8000	74790	1
8252	74790	1
1155	75194	1
3190	75194	1
4127	75194	1
7157	75194	1
8052	75194	1
2102	75293	1
4152	75293	1
8579	75293	1
9546	75293	1
2212	75361	1
5134	75361	1
511	75788	1
4127	75788	1
4523	75788	1
7638	75788	1
985	76027	1
2680	76027	1
4078	76027	1
4998	76027	1
9637	76027	1
746	76060	1
3182	76060	1
3319	76060	1
7873	76060	1
4127	76207	1
4523	76207	2
5192	76207	1
6301	76207	1
6785	76207	1
8391	76207	1
9043	76207	1
9045	76207	1
677	76247	1
905	76247	1
7776	76247	1
9627	76247	1
857	76254	1
1082	76254	1
3822	76254	1
243	76274	1
3034	76274	1
8562	76274	1
760	76288	1
1082	76288	1
494	76394	1
3034	76394	1
8560	76394	1
8907	76394	1
8995	76394	1
9649	76394	1
9669	76417	1
2118	76846	1
2513	76846	1
5267	76846	1
6409	76846	1
3606	76885	2
6590	76885	1
7119	76885	1
7621	76885	1
8098	76885	1
8935	76885	1
9161	76885	1
9763	76885	1
9989	76885	1
1556	77212	1
5296	77212	1
6965	77212	1
4127	77388	1
5233	77388	1
6666	77388	1
7752	77388	1
1736	77418	1
3511	77418	1
4127	77418	1
4281	77418	1
7303	77418	1
9498	77418	1
310	77458	1
3774	77458	1
5854	77458	1
6785	77458	1
7365	77458	1
3034	77615	1
4259	77615	1
6163	77615	1
8887	77615	1
9323	77615	1
3763	77678	1
5800	77678	1
6607	77678	1
6998	77678	1
9987	77678	1
7776	77679	1
8987	77679	1
540	77812	1
2768	77812	1
2806	77812	1
179	77987	1
1630	77987	1
1649	77987	1
2834	77987	1
2862	77987	1
3291	77987	1
4127	77987	1
5208	77987	1
5794	77987	1
6122	77987	1
7621	77987	1
7671	77987	1
7874	77987	1
8865	77987	1
8912	77987	1
8987	77987	1
2264	78118	1
6998	78118	1
7033	78118	1
9784	78118	1
114	78203	1
3852	78203	1
6009	78203	1
2783	78471	1
4127	78471	1
4523	78471	1
6012	78471	1
6301	78471	1
10037	78471	1
2556	78478	1
4127	78478	1
4523	78478	1
6301	78478	1
7262	78478	1
4127	78482	1
4523	78482	2
6301	78482	2
906	78531	1
8865	78531	1
9175	78531	1
2911	79087	1
4127	79087	1
6301	79087	1
7166	79087	1
9375	79087	1
3984	79126	1
1119	79168	1
2142	79168	1
4343	79168	1
5963	79168	1
6959	79168	1
2625	79896	1
6132	79896	1
7312	79896	1
8743	79896	1
8969	79896	1
9716	79896	1
9766	79896	1
5208	80008	1
5460	80008	1
6107	80008	1
7031	80008	1
7279	80008	1
8187	80008	1
2993	80014	1
3691	80014	1
906	80143	1
9175	80143	1
9458	80143	1
1168	80523	1
4127	80523	1
4523	80523	2
6304	80523	1
8571	80523	1
8793	80523	1
9727	80523	1
2955	80528	1
3735	80528	1
4127	80528	1
8865	80528	1
9168	80528	1
9209	80528	1
9517	80528	1
9676	80528	1
5267	80805	1
7986	80805	1
8944	80805	2
2351	81518	1
4127	81518	1
4651	81518	1
6304	81518	1
6704	81518	1
6785	81518	1
6834	81518	1
1459	81532	1
1514	81532	1
5114	81532	1
5201	81532	1
8727	81532	1
860	81558	1
1549	81558	1
1914	81558	1
2263	81558	1
2768	81558	1
2985	81558	1
4127	81558	1
6635	81558	1
7870	81558	1
8545	81558	1
8777	81558	1
8969	81558	1
63	81570	1
3077	81570	1
3568	81570	1
5489	81570	1
9526	81570	1
1152	81603	1
1835	81603	1
2926	81603	1
4248	81603	1
4846	81603	1
1213	81638	1
5489	81638	1
7279	81638	1
6671	81686	1
9435	81686	1
1213	81698	1
5489	81698	1
5794	81698	1
9144	81698	1
2036	81704	1
2897	81704	1
7266	81704	1
8865	81704	1
4603	81742	1
5561	81742	1
7349	81742	1
9128	81742	1
3273	81748	1
5489	81748	1
6166	81748	1
2117	81756	1
5489	81785	1
6711	81785	1
9870	81785	1
9924	81785	1
3278	81801	1
4127	81801	1
4523	81801	1
5192	81801	1
5193	81801	1
8391	81801	1
530	81812	1
4259	81812	1
5713	81812	1
412	82028	1
1406	82028	1
1702	82028	1
4057	82028	1
4127	82028	1
6713	82028	1
9974	82028	1
3503	82035	1
1118	82067	1
3925	82119	1
5029	82119	1
8449	82119	1
9589	82119	1
3106	82124	1
4127	82124	1
4523	82124	1
4864	82124	1
5817	82124	1
6271	82124	1
6301	82124	1
7811	82124	1
469	82189	1
857	82189	1
2437	82189	1
3568	82189	1
5746	82189	1
7638	82189	1
8098	82189	1
7262	82489	1
615	82500	1
1406	82500	1
1602	82500	1
3034	82978	1
5199	82978	1
5208	82978	1
8218	82978	1
243	83073	1
4332	83073	1
6301	83073	1
6340	83073	1
7191	83073	1
9526	83073	1
9627	83073	1
3178	83239	1
6149	83239	1
9538	83274	1
4056	83335	1
4127	83335	1
7107	83335	1
7834	83335	1
2672	83783	1
3647	83783	1
8865	83783	1
1784	83786	1
4333	83786	1
7223	83786	1
8969	83786	1
723	83911	1
1075	83911	1
1450	83911	1
2102	83911	1
4420	83911	1
7266	83911	1
7494	83911	1
8263	83911	1
9448	83911	1
9696	83911	1
3392	83942	1
4897	83942	1
8212	83978	1
9561	83978	1
2351	84166	1
8865	84166	1
9538	84166	1
5267	84249	1
5298	84249	1
5563	84249	1
8380	84249	1
9954	84249	1
1143	84478	1
2027	84478	1
4127	84478	1
4716	84478	1
4852	84478	1
5708	84478	1
6725	84478	2
8865	84478	2
9526	84478	1
3881	84491	1
9996	84491	1
1905	84753	1
3672	84753	1
4531	84753	1
5012	84753	1
6290	84753	1
6853	84753	1
7266	84753	1
6266	84771	1
8793	84771	1
5282	84796	1
9538	84796	1
2750	84797	1
3273	84797	1
5068	84797	1
6058	84797	1
6625	84797	1
7671	84797	1
8865	84797	1
9089	84797	1
4523	84802	1
7759	84802	1
8506	84802	1
5301	84829	1
9561	84829	1
1267	84870	1
9996	84870	1
2130	84877	1
8376	84877	1
9924	84877	1
726	84901	1
8053	84901	1
1029	85120	1
6338	85120	1
8995	85120	1
9315	85282	1
3984	85314	1
4127	85314	1
5853	85314	1
7427	85314	1
7776	85314	1
1040	85370	1
1835	85370	1
3091	85370	1
4610	85370	1
5218	85370	1
8790	85370	1
3392	85463	1
7232	85463	1
8865	85463	1
7264	85504	1
579	85996	1
6119	85996	1
8944	85996	1
1766	86024	1
2280	86024	1
2965	86024	1
5794	86024	1
9072	86024	1
9700	86024	1
8684	86048	1
74	86206	1
4127	86206	1
6937	86206	1
8865	86206	1
8865	86297	1
9537	86297	1
9587	86297	1
9625	86297	1
4102	86328	1
8865	86328	1
9054	86328	1
2768	86409	1
5267	86409	1
7676	86409	1
905	86633	1
992	86633	1
1146	86633	1
1695	86633	1
2931	86633	1
4127	86633	1
6769	86633	1
6785	86633	1
8865	86633	1
9394	86633	1
991	86707	1
9627	86707	1
2546	86919	1
4056	86919	1
4259	86919	1
9130	86919	1
9669	86919	1
3752	86926	2
8098	86926	1
8624	86926	1
18	86945	1
2484	86945	1
7248	86945	1
8865	86945	1
9541	86945	1
6479	86989	1
8865	86989	1
1905	87377	1
3702	87377	1
6769	87377	1
9193	87377	1
5796	87393	1
6051	87579	1
6146	87579	1
2616	87606	1
6166	87606	1
6526	87606	1
3392	87654	1
6338	87654	1
8743	87654	1
9589	87654	1
3559	87658	1
5597	87658	1
5218	87683	1
9589	87683	1
2619	87912	1
2624	87912	1
2931	87912	1
7802	87912	1
8899	87912	1
3349	87937	1
6700	87937	1
8539	87937	1
9561	87937	1
3034	88015	1
3795	88015	1
6566	88015	1
8887	88015	1
9546	88015	1
9561	88015	1
1118	88463	1
5318	88463	1
8969	88463	1
5208	88620	1
6166	88620	1
7739	88620	1
8171	88620	1
9589	88620	1
591	88651	1
1908	88651	1
3392	88651	1
5559	88651	1
5579	88651	1
8865	88651	1
579	88965	1
1642	88965	1
3501	88965	1
5018	88981	1
5267	88981	1
5382	88981	1
6051	88981	1
6389	88981	1
5267	89007	2
5352	89007	1
5864	89007	1
6051	89007	1
6881	89007	1
9646	89007	1
9997	89007	1
4127	89030	1
1118	89080	1
2071	89080	1
2590	89080	1
3075	89080	1
3405	89080	1
4127	89080	1
6301	89080	1
1067	89177	1
2242	89177	1
2427	89177	1
2630	89177	1
4205	89177	1
5181	89177	1
5187	89177	1
6382	89177	1
6472	89177	1
7621	89177	2
325	89284	1
1096	89284	1
2186	89284	1
2269	89284	1
3630	89284	1
4127	89284	1
4419	89284	1
5010	89284	1
6122	89284	1
7986	89284	1
8562	89284	1
579	89425	1
3501	89425	1
5877	89425	1
9613	89425	1
4113	89505	1
5208	89505	1
5921	89505	1
8053	89505	1
8395	89505	1
9538	89505	1
9625	89505	1
858	89605	1
1472	89605	1
4127	89605	1
4694	89605	1
5858	89605	1
6785	89605	1
7137	89605	1
7461	89605	1
9933	89605	1
4846	89942	1
6870	89942	1
7178	89942	1
8098	89942	1
579	90206	1
2294	90206	1
4127	90206	1
4703	90206	1
5617	90206	1
4127	90313	1
8144	90313	1
108	90495	1
7741	90495	1
7166	90513	1
3559	90737	1
4636	90737	1
6671	90737	1
6700	90737	2
7411	90737	1
148	90744	1
2155	90744	1
2690	90744	1
4127	90744	1
4963	90744	1
8410	90744	1
8643	90744	1
3031	90757	1
2494	90779	1
3956	90779	1
7977	90779	1
4323	90836	1
5199	90836	1
5318	90836	1
5883	90836	1
7128	90836	1
7368	90836	1
8865	90836	1
9201	90836	1
558	90869	1
4166	90869	1
5344	90869	1
6302	90869	1
2917	90878	1
4395	90878	1
5282	90878	1
2295	90903	1
4127	90903	1
7172	90903	1
8806	90903	1
4310	90905	1
5024	90905	1
5318	90905	1
9648	90905	1
1780	90925	1
2955	90925	1
4111	90925	1
7266	90925	1
7975	90925	1
3873	90994	1
6847	90994	1
5318	91008	4
8215	91032	1
8218	91032	1
8215	91040	1
9445	91040	1
9538	91040	1
8215	91044	1
8987	91044	1
9538	91044	1
3034	91060	1
8215	91060	1
8752	91060	1
9551	91074	1
421	91075	1
8215	91075	1
9445	91075	1
9538	91075	1
1067	91095	1
6492	91095	1
7298	91095	1
8215	91095	1
9428	91095	1
9445	91095	1
9589	91095	1
2142	91097	1
2143	91097	1
2750	91097	1
7743	91097	1
2295	91114	1
6859	91114	1
6920	91114	1
7812	91114	1
1512	91115	1
3735	91115	1
5144	91115	1
8684	91115	1
5502	91119	1
5632	91119	1
9784	91119	1
5144	91132	1
6664	91132	1
7266	91132	1
8674	91132	1
9669	91132	1
526	91140	1
939	91140	1
5144	91140	1
6664	91140	1
7266	91140	1
8449	91140	1
1210	91144	1
2910	91144	1
4056	91144	1
4127	91144	1
4523	91144	1
5192	91144	1
7159	91144	1
8391	91144	1
8449	91144	1
9045	91144	2
4127	91159	1
5794	91159	2
6588	91159	1
8145	91159	1
8769	91159	1
2404	91175	1
5144	91175	1
6664	91175	1
7266	91175	1
6963	91177	1
8987	91177	1
9538	91177	1
9542	91177	1
2105	91191	1
2143	91196	1
2914	91196	1
4111	91196	1
8098	91196	1
2130	91229	1
4223	91229	1
5144	91229	1
8235	91229	1
3511	91260	1
3917	91260	1
5226	91260	1
3568	91316	1
40	91330	1
756	91330	1
830	91330	1
3182	91330	1
8132	91330	1
2621	91348	1
5267	91348	1
6166	91348	1
8995	91348	1
8944	91373	1
1029	91452	1
1892	91452	1
3821	91452	1
3858	91452	1
5312	91452	1
6143	91452	1
6454	91452	1
8525	91452	1
8865	91452	1
8984	91452	1
270	91454	1
5698	91454	1
8806	91454	1
8995	91454	1
3045	91560	1
3881	91560	1
8865	91560	1
9625	91560	1
461	91571	1
3340	91571	1
