6806	165	1
8145	165	1
3821	829	1
4116	829	1
3196	1247	1
7573	1247	1
8536	1247	1
1689	3310	1
8810	3310	1
8865	3310	1
3900	4744	1
8594	4744	1
8865	4744	1
60	5485	1
3087	5485	1
726	5758	1
3287	5758	1
4076	6344	1
976	7954	1
8032	7954	1
8816	7954	1
1370	8027	1
2917	8027	1
3511	8027	1
7090	8027	1
726	8827	1
2059	8827	1
2493	8827	1
5344	8827	1
9330	8827	1
2071	8866	1
2719	8866	1
5267	8866	2
8144	8866	1
8441	8866	1
8865	8866	1
9126	8866	1
9589	8866	1
3711	9376	1
5226	9376	1
63	9474	1
1828	9474	1
6768	9474	1
3108	9574	1
4441	9574	1
4914	9574	1
5924	9574	1
8922	9574	1
9589	9574	1
6146	10471	1
758	10737	1
3602	10737	1
3678	12700	1
7493	12700	1
366	12760	1
5443	12760	1
5854	12760	1
7986	12760	1
733	13308	1
5766	13308	1
7776	13308	1
8380	13308	1
541	13340	1
1118	13340	1
1460	13340	1
4575	13340	1
7966	13340	1
5267	13369	1
746	13461	1
8969	13461	1
1196	13536	1
2768	13536	1
5267	13536	1
8769	13536	1
9629	13536	1
9735	13536	1
1578	13659	1
2758	13659	1
2950	13659	1
3511	13659	1
4088	13659	1
5298	13659	1
8098	14032	1
1256	14042	1
4127	16413	1
6472	16413	1
6785	16413	1
8923	16413	1
1828	16924	1
2888	16995	1
5920	16995	1
6286	16995	1
8865	16995	1
4248	17110	1
4259	17110	1
8150	17110	1
8978	17110	1
9526	17110	1
9625	17110	2
991	17826	1
604	18591	1
9542	18591	1
1206	19209	1
5566	19215	1
8150	19215	1
9561	19215	1
4127	20108	1
4456	20108	1
4979	20108	1
6301	20108	1
8389	20108	1
857	20598	1
3006	20598	1
3822	20598	1
3827	20598	1
7499	20598	1
710	20660	1
8923	20660	1
7	21910	1
9083	21910	1
9796	21910	1
541	21994	1
813	21994	1
3232	21994	1
5972	21994	1
7365	21994	1
9994	21994	1
2878	22005	1
9153	22005	1
9526	22005	1
8810	22086	1
3763	22200	1
4259	22200	1
5267	22200	1
5794	22200	1
8865	22200	1
9589	22200	1
2630	22228	1
3602	22228	1
2630	22730	2
4419	22904	1
6394	22904	1
3143	23269	1
8594	23269	1
8865	23269	1
9225	23269	1
8882	23420	1
9175	23420	1
3013	23469	1
6972	23469	1
8349	23469	1
5318	23553	1
9538	23553	1
9627	23553	1
1647	23591	1
5318	23591	1
2460	23692	1
3291	23692	1
9915	23692	1
3549	23758	1
8969	23758	1
857	23877	1
905	23877	1
3827	23877	1
4455	23877	1
7499	23877	1
7551	23877	1
710	24049	1
1396	24049	1
3827	24049	1
5092	24049	1
5318	24049	1
6304	24049	1
8701	25111	1
9792	25111	1
3087	25170	1
3182	25170	1
7725	25170	1
9193	25170	1
7520	26489	1
8098	26489	1
9585	26489	1
1256	26660	1
7550	26660	1
9526	26660	1
1029	27095	1
2117	27095	1
2617	27095	1
8865	27095	1
9890	27095	1
3602	27895	4
8142	27895	1
8710	27895	1
