235	59819	1
526	59819	1
2652	59819	1
2862	59819	1
3075	59819	1
4111	59819	1
6870	59819	1
7735	59819	1
8865	59819	2
9716	59819	1
830	59891	1
1532	59891	1
3075	59891	1
4016	59891	1
5460	59891	1
4070	59985	1
235	60208	1
1438	60208	1
1531	60208	1
2652	60208	1
3095	60208	1
3340	60208	1
5921	60208	1
6015	60208	1
7607	60208	1
8887	60208	1
9526	60208	1
9813	60208	1
235	60387	1
1438	60387	2
2652	60387	1
3075	60387	1
4162	60387	1
5708	60387	1
6859	60387	1
9526	60387	1
694	60656	1
3652	60656	1
3752	60656	1
6859	60656	1
235	60749	1
1357	60749	1
2652	60749	1
4908	60749	1
7607	60749	1
7765	60749	1
9526	60749	1
9803	60749	1
243	60876	1
2652	60876	1
3095	60876	1
3917	60876	1
6870	60876	1
7191	60876	1
8865	60876	1
235	60925	1
762	60925	1
1438	60925	1
2652	60925	2
2862	60925	1
4088	60925	1
5423	60925	1
5708	60925	1
9716	60925	1
9784	60925	1
235	61019	1
1438	61019	1
2652	61019	1
2973	61019	1
4241	61019	1
5708	61019	1
9716	61019	1
9924	61019	5
2652	61066	1
2973	61066	1
3075	61066	1
3822	61066	1
4136	61066	1
7607	61066	1
9394	61066	1
235	61108	1
243	61108	1
1438	61108	1
2652	61108	1
2973	61108	1
3075	61108	1
4136	61108	1
4304	61108	1
5708	61108	1
8995	61108	1
9394	61108	1
762	61207	1
4136	61207	1
8887	61207	1
3943	61353	1
4127	61353	1
5467	61353	1
6166	61353	1
7739	61353	1
9202	61353	1
341	61801	1
1031	61801	1
3034	61801	1
3503	61810	1
5318	61810	1
539	61816	1
1086	61945	1
3752	61945	1
4127	61945	1
7057	61945	1
7109	61945	1
8102	63062	1
1780	63084	1
3373	63084	1
5276	63084	1
6794	63084	1
9193	63084	1
9926	63084	1
1527	63185	1
5318	63185	1
9627	63185	1
4056	63237	1
5267	63237	1
6098	63237	1
8054	63237	1
9627	63237	1
733	63303	1
6370	63303	1
8887	63303	1
9028	63303	1
9221	63303	1
579	63406	1
1289	63406	1
1828	63406	1
3076	63406	1
6370	63406	1
6894	63406	1
7266	63406	1
8865	63406	1
9221	63406	1
9561	63406	1
235	63428	1
1166	63428	1
1438	63428	1
2878	63428	1
9526	63428	1
1438	63459	1
2611	63459	1
2955	63459	1
3822	63459	1
7530	63459	1
8887	63459	1
9394	63459	1
9584	63459	1
9766	63459	1
4282	63582	1
7583	63582	1
9330	63582	1
591	63644	1
2071	63644	1
6789	63644	1
6000	63692	1
7725	63692	1
1828	63709	1
2546	63709	1
3294	63709	1
5029	63709	1
5318	63709	1
8184	63709	1
1086	64621	1
3752	64621	1
4127	64621	1
7057	64621	1
7109	64621	1
185	65239	1
1958	65239	1
4127	66150	1
4332	66150	1
4333	66150	1
4456	66150	1
5458	66150	1
7191	66150	1
7264	66150	1
8389	66150	1
3373	67889	1
2323	68902	1
7320	68902	1
1512	71319	1
3034	71319	1
8969	71319	1
733	71469	1
1382	71469	1
2728	71469	1
3294	71469	1
3900	71469	1
4351	71469	1
5874	71469	1
9493	71469	1
9634	71469	1
2616	71630	1
3206	71630	1
5892	71630	1
8981	71630	1
733	71692	1
5771	71692	1
6607	71692	1
6847	71692	1
8995	71692	1
1067	71730	1
1382	71730	1
3075	71730	1
5318	71730	1
3213	71798	1
5056	71798	1
8375	71798	1
8562	71798	1
8969	71798	1
2911	71823	1
8395	71823	1
8969	71823	1
793	72003	1
1437	72003	1
3501	72003	1
4644	72003	1
4646	72003	1
5790	72003	1
7842	72003	1
8380	72003	1
511	72394	1
3213	72394	1
5056	72394	1
5458	72394	1
8380	72394	1
8562	72394	1
8969	72394	1
1444	72559	1
6725	72559	1
8527	72559	1
1540	72659	1
2478	72659	1
2579	72659	1
2931	72659	1
6802	72659	1
8449	72659	1
8512	72659	1
1540	72715	1
2049	72715	1
2446	72715	1
5561	72715	1
7071	72715	1
158	73110	1
579	73110	1
726	73110	1
3784	73110	1
5301	73110	1
6566	73110	1
1145	73178	1
2107	73178	1
3280	73178	1
5487	73178	1
6457	73178	1
6700	73178	1
8249	73178	1
3711	73396	1
3763	73396	1
5309	73396	1
5682	73396	1
8969	73396	1
5861	73422	1
2440	73444	1
4318	73444	1
4326	73444	1
5318	73444	1
5920	73444	1
359	73752	1
3284	73752	1
4061	73752	1
4127	73752	1
6529	73752	1
6795	73752	1
7141	73752	1
2205	73770	1
8879	73770	1
9526	73770	1
579	73774	1
1029	73858	1
4642	73858	1
9766	73858	1
9943	73858	1
4604	73870	1
6386	73870	1
9625	73870	1
3351	73896	1
4846	73896	1
6880	73975	1
8449	73975	1
9705	73975	1
2157	74220	1
826	74929	1
2973	74929	1
4808	74929	1
5318	74929	1
7678	74929	1
1077	75364	1
2527	75364	1
4015	75364	1
7138	75364	1
9010	75364	1
9264	75364	1
1027	75486	1
1108	75486	1
3634	75486	1
5318	75486	1
7319	75486	1
758	75534	1
1919	75534	1
6768	75534	1
6209	75677	1
8671	75677	1
1370	75822	1
8902	75822	1
9526	75822	1
68	75948	1
71	75948	1
2193	75948	1
4298	75948	2
7465	75948	1
9563	75948	1
707	76264	1
2446	76264	1
4088	76264	1
4846	76264	1
5237	76264	1
6859	76264	1
8536	76264	1
8969	76264	1
2472	76314	1
4840	76314	1
4921	76314	1
6537	76314	1
8137	76314	1
1199	76397	1
2049	76397	1
3182	76397	1
3501	76397	1
8969	76397	1
993	76809	1
3940	76809	1
4127	76809	1
6166	76809	1
8865	76809	1
324	77143	1
1732	77143	1
4488	77143	1
598	77174	1
4456	77174	1
5077	77174	1
6607	77174	1
8865	77174	1
9625	77174	1
337	77217	1
1763	77261	1
3518	77261	1
4259	77261	1
8902	77261	1
9526	77261	1
1067	77345	1
1160	77345	1
1747	77345	1
2300	77345	1
5896	77345	1
4175	77359	1
6787	77359	1
9640	77359	1
3291	77449	1
5344	77449	1
6038	77449	1
8884	77449	1
9526	77449	1
9669	77449	1
826	77530	1
1029	77530	1
4604	77530	1
5285	77530	1
6146	77530	1
8902	77530	1
2209	77547	1
5068	77547	1
5181	77547	1
558	77566	1
2209	77566	1
5836	77566	1
6861	77566	1
2209	77872	1
3735	77872	1
4102	77872	1
4458	77872	1
7638	77872	1
7684	77872	1
1503	78044	1
2056	78044	1
4550	78044	1
5267	78044	1
6559	78044	1
6859	78044	1
9801	78044	1
5318	78127	1
1031	78198	1
3970	78198	1
9192	78198	1
9637	78198	1
1267	78265	1
1745	78265	1
2973	78265	1
3392	78265	1
3914	78265	1
4604	78265	1
5201	78265	1
7320	78265	1
7475	78265	1
9766	78265	1
1919	78333	1
4056	78333	1
6166	78333	1
6768	78333	1
8395	78333	1
9809	78333	1
1152	78360	1
1711	78360	1
1744	78360	1
3392	78360	1
3602	78360	1
5267	78360	1
8805	78360	1
9589	78360	1
726	78444	1
1267	78444	1
3501	78444	1
5844	78444	1
6166	78444	2
295	78474	1
3427	78474	1
5351	78474	1
9589	78474	1
24	78533	1
1267	78533	1
4094	78533	1
5647	78533	1
7320	78533	1
8865	78533	1
9394	78533	1
1418	78778	1
4127	78778	1
6769	78778	1
5318	78845	1
7906	78845	1
8865	78845	1
1077	79136	1
1937	79136	1
2209	79136	1
2445	79136	1
2527	79136	1
3091	79136	1
3752	79136	2
4604	79136	1
6625	79136	1
7475	79136	1
8969	79136	1
9081	79136	1
9909	79136	1
312	79646	1
1325	79646	1
3094	79646	1
3425	79646	1
5267	79646	1
8865	79646	1
2083	80267	1
2613	80267	1
8865	80267	1
9582	80267	1
9716	80267	1
9766	80267	1
2532	80429	1
2613	80429	1
1121	80589	1
2107	80589	1
6859	80589	1
6979	80589	1
8213	80589	1
8912	80589	1
9695	80589	1
1067	80644	1
1370	80644	1
7813	80644	1
8981	80644	1
125	80770	1
2209	80770	1
4997	80770	1
5725	80770	1
2117	80801	1
2616	80801	1
3873	80801	1
9640	80801	1
698	80913	1
3087	80913	1
7812	80913	1
7821	80913	1
7986	80913	1
8691	80913	1
1054	80931	1
6133	80931	1
7065	80931	1
4127	81047	1
5181	81047	1
6313	81047	1
8380	81047	1
1095	81057	1
6149	81057	1
6152	81057	1
9561	81057	1
158	81108	1
1095	81108	1
4056	81108	1
6149	81108	1
6152	81108	1
2074	81208	1
3058	81208	1
7488	81208	1
1225	81768	1
2937	81768	1
2973	81768	1
3684	81768	2
4598	81768	1
2107	81885	1
3709	81885	1
6831	81885	1
7980	81885	1
9246	81885	1
9669	81885	1
878	81895	1
8205	81895	1
3178	82501	1
3752	82501	1
6149	82501	1
6625	82501	1
8734	82501	1
8969	82501	1
3034	82573	1
3291	82573	1
8098	82573	1
8562	82573	1
8865	82573	1
9627	82573	1
2382	82587	1
2603	82587	1
3774	82587	1
3881	82587	1
4706	82587	1
4852	82587	1
1520	82842	1
2307	82842	1
6579	82842	1
7412	82842	1
9323	82842	1
2445	82980	1
1355	82989	1
2658	82989	1
4352	82989	1
30	82992	1
1168	82992	1
1236	82992	1
812	83010	1
2878	83010	1
2695	83139	1
3291	83139	1
4458	83139	2
5864	83139	2
9625	83139	1
9669	83139	1
911	83246	1
1145	83246	1
2917	83246	1
3836	83246	1
5921	83246	1
6826	83246	1
8443	83246	1
7799	83255	1
7169	83270	1
1958	83283	1
1125	83480	2
1440	83480	1
1745	83480	1
6700	83480	1
8393	83480	1
2445	83564	1
2889	83564	1
5272	83564	1
5854	83564	1
7523	83564	1
9038	83564	1
1840	83601	1
3006	83601	1
6133	83601	1
6861	83601	1
3178	83701	1
6149	83701	1
8865	83701	1
8883	83701	1
2011	83979	1
4861	83979	1
8213	83979	1
3178	84176	1
4127	84176	1
6149	84176	1
995	84231	1
1029	84231	1
1580	84231	1
2289	84231	1
7215	84231	1
8252	84231	1
1213	84331	1
7649	84331	1
7813	84331	1
9714	84331	1
352	84433	1
2973	84433	1
3919	84433	1
5300	84433	1
7813	84433	1
7877	84433	1
8865	84433	1
2209	84586	1
2801	84586	1
2993	84586	1
6631	84586	1
9153	84586	1
9565	84586	1
1467	84743	1
2366	84743	1
8544	84743	1
534	85452	1
7232	85452	1
8963	85452	1
323	85613	1
3182	85613	1
3476	85613	1
3485	85613	1
3512	85613	1
4127	85613	1
5086	85613	1
5727	85613	1
7621	85613	1
8865	85613	1
9175	85613	1
9716	85613	1
9724	85613	1
3199	85741	1
3392	85741	1
8987	85741	1
5632	85940	1
4102	86150	1
5700	86150	1
5704	86150	1
5298	86295	1
7326	86295	1
723	86373	1
3425	86373	1
3462	86373	1
3809	86373	1
3900	86373	2
5078	86373	1
5648	86373	2
6654	86373	1
7296	86373	1
9526	86373	1
1637	86584	1
3755	86584	1
4127	86584	1
4333	86584	1
6340	86584	2
6370	86584	1
7264	86584	1
7641	86584	1
8302	86584	1
9498	86584	1
4846	86744	1
6166	86744	1
7610	86744	1
8150	86744	2
8865	86744	1
8981	86744	1
1440	86748	1
6144	86748	1
8529	86748	1
890	86910	1
2399	86910	1
7178	86910	1
9055	86910	1
2547	86982	1
3568	86982	1
3735	86982	1
4038	86982	1
4661	86982	1
5267	86982	1
6144	86982	1
8520	86982	1
762	87018	1
1958	87018	1
3075	87018	1
5298	87018	1
8995	87018	1
6619	87060	1
2789	87483	1
3075	87483	1
3425	87483	1
5460	87483	1
9716	87483	1
2798	87527	1
3215	87527	1
6755	87527	1
6861	87527	1
8697	87527	1
4113	88150	1
8817	88150	1
9589	88150	1
386	88368	1
2522	88368	1
3501	88368	1
4102	88368	1
4588	88368	1
7486	88368	1
8640	88368	1
52	88384	1
2158	88384	1
8288	88384	1
7298	88386	1
7381	88386	1
2033	88532	1
6637	88532	1
1253	88806	1
1822	88806	1
2105	88806	1
3228	88806	1
5921	88806	1
6637	88806	1
7607	88806	1
8351	88806	1
8473	88806	1
8887	88806	1
2033	88914	1
2105	88914	1
3095	88914	1
6637	88914	1
7607	88914	1
8473	88914	1
3092	89065	1
3349	89065	1
3501	89065	1
9526	89065	1
9947	89065	1
2105	89108	1
2267	89108	1
3392	89108	1
6859	89108	1
8395	89108	1
8473	89108	1
9028	89108	1
9526	89108	1
9809	89108	1
1366	89152	1
3038	89152	1
7635	89152	1
9394	89152	1
9584	89152	1
341	89246	1
2676	89246	1
7128	89246	1
235	89320	1
1438	89320	1
3075	89320	1
3752	89320	1
5077	89320	1
5298	89320	1
5708	89320	1
9716	89320	1
9766	89320	1
26	89398	1
1366	89398	1
3735	89398	1
3821	89398	1
3873	89398	1
7635	89398	1
9926	89398	1
1540	89526	2
6859	89526	1
8968	89526	1
8987	89526	1
1440	89603	1
2033	89603	1
3075	89603	1
4162	89603	1
4895	89603	1
5303	89603	1
5857	89603	1
6637	89603	1
8473	89603	1
8536	89603	1
9825	89603	1
1382	89609	1
1540	89609	1
1604	89609	1
2955	89609	1
3752	89609	1
4973	89609	1
5169	89609	1
6618	89609	1
6859	89609	1
8968	89609	1
1366	89638	1
3687	89638	1
4895	89638	1
5857	89638	1
7948	89638	1
8395	89638	1
1366	89703	1
3001	89703	1
7384	89703	1
9589	89703	1
1540	89716	1
5169	89716	1
8968	89716	1
2033	89756	2
2105	89756	1
3711	89756	1
4395	89756	1
6637	89756	1
7266	89756	1
7638	89756	1
8473	89756	1
9669	89756	1
1540	89781	1
4017	89781	1
4642	89781	1
5169	89781	1
6394	89781	1
8968	89781	1
9800	89781	1
1366	89808	1
1440	89808	1
3735	89808	1
4249	89808	1
5462	89808	1
7279	89808	1
7635	89808	1
9926	89808	1
2973	89822	1
6160	89822	1
8887	89822	1
526	89865	1
6980	89865	1
9157	89865	1
4395	89976	1
5700	89976	1
5771	89976	1
6160	89976	1
6494	89976	1
8804	89976	1
9469	89976	1
9648	89976	1
1366	90004	1
2033	90004	1
4017	90004	1
4895	90004	1
8368	90004	1
8449	90004	1
8473	90004	1
9526	90004	2
1366	90152	1
5090	90152	1
9589	90152	1
235	90547	1
579	90547	1
762	90547	1
1438	90547	1
2652	90547	1
2862	90547	1
2878	90547	1
3075	90547	1
5708	90547	1
7743	90547	1
8865	90547	1
328	90571	1
1780	90571	1
6000	90571	1
4047	90751	1
8425	90751	1
2532	90882	1
3998	90882	1
4113	90882	1
7102	90882	1
723	90950	1
4864	90950	1
5836	90950	1
7365	90950	1
9926	90950	1
2856	91121	1
5619	91121	1
6146	91121	1
6894	91121	1
7128	91121	1
8865	91121	1
2055	91134	1
4494	91134	1
9028	91134	1
9859	91134	1
2187	91530	1
5904	91530	1
6631	91530	1
7227	91530	1
8520	91530	1
9394	91530	1
9542	91530	1
9813	91530	1
