3735	28865	1
4661	28865	1
25	28869	1
2037	28869	1
6759	28869	1
8410	28869	1
274	28872	1
3006	28879	1
4127	28879	1
5226	28879	1
5695	28879	1
6607	28879	1
3947	28895	1
7921	28915	1
8239	28915	1
8684	28915	1
8969	28915	1
3873	28923	1
851	29028	1
4588	29028	1
5049	29028	1
5181	29028	1
5318	29028	1
6593	29028	1
7085	29028	1
8026	29028	1
8684	29028	1
9589	29028	1
7520	29042	1
8078	29042	1
1132	29057	1
1602	29057	1
3914	29057	1
4127	29057	1
7520	29057	1
8865	29057	1
1958	29067	1
3277	29067	1
4080	29067	1
4127	29067	1
4702	29067	1
5093	29067	1
7279	29067	1
7659	29067	1
8042	29067	1
8865	29067	1
9020	29067	1
9526	29067	1
3822	29080	1
4127	29080	1
6270	29080	1
8053	29080	1
8325	29080	1
3821	29096	1
5267	29096	1
3836	29100	1
7621	29100	1
8573	29100	1
9028	29100	1
9153	29100	1
5318	29114	1
243	29124	1
1647	29124	1
6582	29124	1
6700	29124	1
7204	29124	1
8325	29124	1
9863	29124	1
8246	29137	1
9589	29137	1
3069	29151	1
3259	29151	1
5267	29151	1
915	29166	1
8704	29166	1
9526	29166	1
3568	29173	1
4087	29173	1
4773	29173	1
7031	29173	1
342	29187	1
1440	29187	1
3425	29187	1
5267	29187	1
5332	29187	1
8144	29187	1
930	29205	1
1707	29205	1
1718	29205	1
3006	29205	1
6817	29205	1
7119	29205	1
3664	29236	1
5632	29236	1
6304	29236	1
6798	29236	1
10022	29236	1
4527	29237	1
4773	29237	1
5267	29237	1
5708	29237	1
5318	29252	1
229	29268	1
2049	29268	1
2871	29268	1
7933	29268	1
8462	29268	1
9890	29268	1
1059	29279	1
3914	29279	1
5660	29279	1
6881	29279	1
7266	29279	1
7355	29279	1
8213	29279	1
229	29304	1
2049	29304	1
2871	29304	1
7933	29304	1
8462	29304	1
9890	29304	1
925	29314	1
2130	29314	1
3568	29314	1
4235	29314	1
5365	29314	1
6847	29314	1
8806	29314	1
8865	29314	1
229	29330	1
2049	29330	1
2871	29330	1
7933	29330	1
8462	29330	1
9890	29330	1
857	29346	1
2301	29346	1
3006	29346	1
3822	29346	1
4016	29346	1
6133	29346	1
6861	29346	1
2049	29358	1
4773	29358	1
902	29424	1
6894	29424	1
8973	29424	1
2955	29438	1
4259	29438	1
8249	29438	1
8587	29438	1
8865	29438	1
5318	29457	1
7031	29457	1
1143	29495	1
2136	29495	1
4351	29495	1
5924	29495	1
6752	29495	1
7266	29495	1
8248	29495	1
8865	29495	1
9538	29495	1
1143	29513	1
2135	29513	1
4351	29513	1
5924	29513	1
6752	29513	1
7266	29513	1
8248	29513	1
8865	29513	1
9538	29513	1
3873	29520	1
5153	29520	1
6700	29520	1
2097	29570	1
9561	29570	1
3183	29608	1
4259	29608	1
1689	29639	1
8144	29639	1
60	29642	1
3034	29642	1
4351	29642	1
5972	29697	1
9822	29697	1
8217	29711	1
8944	29711	1
623	29735	1
3291	29735	1
3405	29735	1
4127	29735	1
5309	29735	1
5380	29735	1
7986	29735	1
8446	29735	1
3836	29742	1
3602	29776	1
8902	29776	1
60	29792	1
4527	29792	1
4667	29792	1
8124	29792	1
8743	29792	1
9538	29792	1
9625	29792	1
1810	29827	1
6768	29827	1
8279	29827	1
3935	29852	1
6380	29852	1
6614	29852	1
6768	29852	1
9546	29852	1
9932	29852	1
114	29854	1
6970	29886	2
9608	29886	1
2048	29953	1
2233	29953	1
2549	29953	2
3687	29953	1
4286	29953	1
5074	29953	1
5298	29953	1
7298	29953	1
7638	29953	2
8368	29953	1
823	29963	1
3790	29993	1
5747	29993	1
7119	29993	1
9702	29993	1
9787	29993	1
2683	30017	1
3034	30017	1
5059	30017	1
6407	30017	1
8865	30017	1
9201	30017	1
2048	30073	1
2233	30073	1
2549	30073	2
3687	30073	1
4286	30073	1
5074	30073	1
5298	30073	1
7298	30073	1
7638	30073	3
8368	30073	1
1522	30094	1
3998	30102	1
971	30136	1
1067	30136	1
9045	30168	1
3196	30171	1
5318	30171	1
9126	30171	1
2212	30172	1
3109	30172	1
3822	30172	1
7770	30172	1
8969	30172	1
9964	30172	1
4463	30207	1
9121	30207	1
4127	30229	1
8887	30229	1
9178	30229	1
9526	30229	1
3034	30254	1
5018	30254	1
5396	30254	1
9669	30254	1
4127	30262	1
412	30273	1
1945	30273	1
2736	30273	1
4145	30273	1
7245	30273	1
8581	30273	1
9264	30273	1
3879	30274	1
320	30296	1
3503	30296	1
4127	30296	1
2899	30320	1
3106	30320	1
9924	30320	1
320	30376	1
2915	30376	1
4102	30376	1
320	30393	1
9493	30393	1
6166	30395	1
8865	30395	1
1369	30401	1
3361	30401	1
8479	30401	1
1029	30466	1
4462	30466	1
5794	30466	1
8162	30466	1
8452	30466	1
9589	30466	1
3879	30582	1
5616	30582	1
7038	30582	1
2915	30608	1
3879	30608	1
1132	30622	1
4127	30622	1
5653	30622	1
6301	30622	1
7141	30622	1
2130	30700	1
3853	30700	1
7204	30700	1
7349	30700	1
9011	30700	1
9148	30700	1
9149	30700	1
9617	30700	1
10041	30700	1
1763	30722	1
2569	30722	1
5267	30722	1
9792	30722	1
471	30824	1
1602	30824	1
1656	30824	1
2894	30824	1
3618	30824	1
4127	30824	1
7041	30824	1
7776	30824	1
8740	30824	1
1132	30830	1
3405	30830	1
4127	30830	1
6301	30830	1
8335	30830	1
9866	30830	1
3311	30837	1
6815	30837	1
5864	30847	1
6166	30847	1
7251	30847	1
7852	30869	1
8587	30869	1
8806	30869	1
9175	30869	1
9526	30869	1
3062	30895	1
3100	30895	1
3566	30895	1
5695	30895	1
5809	30895	1
8865	30895	1
2748	30942	1
3645	30942	1
6711	30942	1
9526	30942	1
1370	30974	1
2750	30974	1
3047	30974	1
3199	30974	1
4846	30974	1
6507	30974	1
6787	30974	1
7873	30974	1
7262	30983	1
710	30998	1
3822	30998	1
826	31000	1
2370	31000	1
9526	31000	1
3501	31035	1
4127	31035	1
8213	31035	1
8806	31035	1
9890	31035	1
5513	31089	1
3349	31123	1
8213	31276	1
8806	31276	1
579	31373	1
4853	31373	1
5794	31407	1
7120	31407	1
8973	31407	1
2322	31450	1
9736	31450	1
9784	31450	1
2719	31489	1
5513	31489	1
6209	31489	1
2719	31490	1
5513	31490	1
6209	31490	1
4127	31610	1
8995	31610	1
5794	31619	1
7067	31622	1
9610	31622	1
995	31665	1
4846	31665	1
5877	31665	1
9813	31665	1
995	31666	1
4846	31666	1
5877	31666	1
9813	31666	1
2902	31668	1
4820	31668	1
5141	31668	1
5267	31668	1
5303	31668	1
5708	31668	1
7682	31668	1
8218	31668	2
8865	31668	1
8879	31668	1
9538	31668	1
9627	31668	1
1132	31677	1
3392	31677	1
3744	31677	1
4127	31677	2
6835	31677	2
1937	31680	1
2202	31680	1
1747	31691	1
2955	31691	1
995	31718	1
4846	31718	1
5877	31718	1
9813	31718	1
995	31721	1
4846	31721	1
5877	31721	1
9813	31721	1
229	31725	1
2049	31725	1
2871	31725	1
7933	31725	1
8462	31725	1
9890	31725	1
4127	31778	1
8865	31778	1
9625	31778	1
9855	31778	1
63	31793	1
377	31793	1
1875	31793	1
2937	31793	1
3100	31793	1
3340	31793	1
3501	31793	1
5972	31793	1
9445	31793	1
9676	31793	1
2097	31794	1
2540	31794	1
108	31808	1
1590	31808	1
2412	31808	1
4127	31808	1
694	31817	1
1911	31817	1
2888	31817	1
3984	31817	1
3985	31817	1
4056	31817	1
4282	31817	1
5267	31817	1
6239	31818	1
8150	31818	1
9624	31818	1
1958	31842	1
2158	31842	1
3730	31842	1
4259	31842	1
5234	31842	1
7621	31842	1
8865	31842	1
2572	31859	1
9175	31859	1
1958	31863	1
158	31869	1
5513	31869	1
9669	31869	1
1497	31878	1
2074	31899	1
4651	31899	1
5267	31899	1
8643	31899	1
8978	31899	1
2049	31914	1
3568	31914	1
4862	31914	1
5141	31914	1
5153	31914	1
8218	31914	1
9394	31914	1
9526	31914	1
4008	32004	1
4087	32004	1
5318	32004	1
229	32006	1
2049	32006	1
2871	32006	1
7933	32006	1
8462	32006	1
9890	32006	1
2049	32011	1
6301	32011	1
8145	32011	1
1958	32018	1
5747	32018	1
6784	32018	1
6859	32018	1
2678	32019	1
4127	32019	1
5553	32019	1
8536	32019	1
7682	32110	1
8865	32110	1
1469	32178	1
1905	32178	1
3836	32178	1
4127	32178	1
4227	32178	1
4733	32178	1
7621	32178	1
8081	32178	1
9935	32178	1
3900	32188	1
4162	32188	1
9225	32188	1
1469	32197	1
1905	32197	1
3836	32197	1
4127	32197	1
4227	32197	1
4733	32197	1
7621	32197	1
8081	32197	1
9935	32197	1
101	32211	1
1143	32211	1
3511	32211	1
7827	32211	1
9699	32211	1
9738	32211	1
9890	32211	1
1469	32226	1
1905	32226	1
3836	32226	1
4127	32226	1
4227	32226	1
4733	32226	1
7621	32226	1
8081	32226	1
9935	32226	1
3774	32234	1
8462	32234	1
8923	32234	1
9538	32234	1
1469	32252	1
1905	32252	1
3836	32252	1
4127	32252	1
4227	32252	1
4733	32252	1
7621	32252	1
8081	32252	1
9935	32252	1
793	32263	1
2750	32263	1
3800	32263	1
5747	32263	1
8400	32263	1
8884	32263	1
1469	32269	1
1905	32269	1
3836	32269	1
4127	32269	1
4227	32269	1
4733	32269	1
7621	32269	1
8081	32269	1
9935	32269	1
5151	32275	1
8987	32275	1
1469	32279	1
1905	32279	1
3836	32279	1
4127	32279	1
4227	32279	1
4733	32279	1
7621	32279	1
8081	32279	1
9935	32279	1
3552	32287	1
3568	32287	1
1469	32294	1
1905	32294	1
3836	32294	1
4127	32294	1
4227	32294	1
4733	32294	1
7621	32294	1
8081	32294	1
9935	32294	1
1469	32371	1
1905	32371	1
3836	32371	1
4127	32371	1
4227	32371	1
4733	32371	1
7621	32371	1
8081	32371	1
9935	32371	1
5232	32373	1
6009	32373	1
1370	32441	1
1689	32441	1
3142	32441	1
3687	32441	1
865	32445	1
1469	32445	1
1905	32445	1
3836	32445	1
4127	32445	1
4227	32445	1
4733	32445	1
7621	32445	1
8081	32445	1
9935	32445	1
3062	32461	1
5695	32461	1
7124	32461	1
9784	32461	1
1382	32462	1
2768	32462	1
5864	32462	1
6166	32462	1
9493	32462	1
1469	32471	1
1905	32471	1
3085	32471	1
3836	32471	1
4127	32471	1
4227	32471	1
4733	32471	1
7621	32471	1
8081	32471	1
9935	32471	1
1359	32501	1
1469	32501	1
1905	32501	1
3836	32501	1
4127	32501	1
4227	32501	1
4733	32501	1
7621	32501	1
8081	32501	1
9935	32501	1
3602	32509	1
3984	32509	1
6578	32509	1
6733	32509	1
8852	32509	1
3691	32518	1
4266	32518	1
4346	32518	1
8525	32518	1
9201	32518	1
1469	32525	1
2445	32525	1
6998	32525	1
8017	32525	1
9193	32525	1
9415	32525	1
3568	32532	1
3997	32532	1
1783	32543	1
3501	32543	1
2917	32576	1
3602	32576	1
4246	32610	1
2917	32639	1
3602	32639	1
1469	32644	1
1905	32644	1
3836	32644	1
4127	32644	1
4227	32644	1
4733	32644	1
7621	32644	1
8081	32644	1
9935	32644	1
2144	32703	1
4127	32703	1
4419	32703	1
6264	32703	1
8562	32703	1
8586	32703	1
9637	32703	1
2484	32726	1
3702	32726	2
4861	32726	1
7702	32726	1
9632	32726	2
2071	32752	1
4147	32752	1
5651	32752	1
5698	32752	1
5794	32752	1
5808	32752	2
7213	32752	1
8218	32752	1
1604	32835	1
9420	32835	1
2968	32840	1
4127	32840	1
8865	32840	1
162	32906	1
1851	32906	1
3425	32906	1
9660	32906	1
2395	32913	1
7178	32913	1
8865	32913	1
1095	32997	1
7807	33044	1
8965	33044	1
1329	33086	1
3568	33086	1
4088	33086	1
8246	33086	1
8865	33086	1
8248	33096	1
9727	33096	1
1029	33115	1
1589	33115	1
5163	33115	1
2049	33135	1
9813	33135	1
905	33180	1
5226	33180	1
6661	33180	1
778	33216	1
1747	33221	1
2110	33221	1
2209	33221	1
2561	33221	1
3001	33221	1
4016	33221	1
5068	33221	1
5181	33221	1
7244	33221	1
7475	33221	1
7573	33221	1
5233	33229	1
8987	33229	1
3511	33251	1
4041	33251	1
6955	33251	1
8865	33251	1
9669	33251	1
33	33270	1
9538	33270	1
9625	33270	1
9890	33270	1
526	33277	1
526	33287	1
686	33292	1
867	33292	1
1689	33292	1
4102	33292	1
6166	33292	1
341	33296	1
3763	33296	1
8772	33296	1
8630	33328	1
8684	33328	1
3879	33361	1
3881	33361	1
8491	33361	1
8865	33361	1
5	33362	1
2979	33362	1
7557	33362	1
2172	33379	1
3917	33379	1
4127	33379	1
5768	33379	1
5794	33379	1
5856	33379	1
976	33390	1
7120	33390	1
7462	33390	1
8293	33390	1
9232	33390	1
5	33421	1
1937	33421	1
3199	33421	1
4162	33421	1
7557	33421	1
1017	33498	1
3900	33498	1
5244	33498	1
8685	33498	1
9526	33498	1
1067	33519	1
3752	33519	1
3917	33519	1
6987	33519	1
8361	33519	1
9201	33519	1
9722	33519	1
2157	33546	1
4417	33558	1
7090	33558	1
8909	33558	1
9193	33558	1
1469	33566	1
1905	33566	1
3836	33566	1
4127	33566	1
4227	33566	1
4733	33566	1
7621	33566	1
8081	33566	1
9935	33566	1
1547	33591	1
5318	33591	1
5700	33591	1
9007	33591	1
9669	33591	1
3873	33623	1
5318	33623	1
6725	33623	1
7776	33651	1
8987	33651	1
3501	33686	1
3568	33686	1
4127	33686	1
4259	33686	1
4746	33686	1
5026	33686	1
7107	33686	1
8298	33686	1
8995	33686	1
9676	33686	1
2129	33747	1
4259	33747	1
5851	33747	1
6003	33747	1
9030	33747	1
9925	33747	1
758	33770	1
2201	33770	1
2931	33770	1
4220	33770	1
8783	33770	1
991	33811	1
271	33818	1
1236	33818	1
1797	33818	1
2823	33818	1
3062	33818	1
4969	33818	1
5794	33818	1
6859	33818	1
7411	33818	1
7557	33818	1
8020	33818	1
8378	33818	1
9625	33818	1
626	33835	1
7251	33835	1
9669	33835	1
9838	33835	1
991	33836	1
6607	33836	1
9589	33836	1
1780	33849	1
6700	33849	1
1689	33855	1
8865	33855	1
2049	33867	1
8865	33867	1
133	33873	1
1835	33873	1
2036	33873	1
2789	33873	1
3082	33873	1
4395	33873	1
6725	33873	1
6998	33873	1
9589	33873	2
9625	33873	1
1325	33876	1
2330	33878	1
8231	33878	1
9526	33878	1
3493	33891	1
4853	33891	1
9671	33891	1
558	33900	1
2478	33900	1
2579	33900	1
3092	33900	1
3763	33900	1
4017	33900	1
5103	33900	1
5382	33900	1
6035	33900	1
7349	33900	1
8393	33900	1
850	33910	1
3068	33910	1
5569	33910	1
5766	33910	1
9784	33910	1
2888	33912	1
4266	33912	1
6816	33912	1
1689	33933	1
8865	33933	1
7776	33943	1
2754	33948	1
4059	33948	1
5349	33948	1
6528	33948	1
6959	33948	1
7120	33948	1
7464	33948	1
8351	33948	1
7971	33951	1
8630	33951	1
1327	33958	1
2328	33958	1
2477	33958	1
4249	33958	1
6700	33958	1
691	33961	1
1017	33961	1
5103	33961	1
8685	33961	1
9549	33961	1
63	33976	1
1580	33976	1
3592	33976	1
6166	33976	1
1005	33977	1
1029	33977	1
1175	33977	1
1505	33977	1
3289	33977	1
3568	33977	1
5077	33977	1
8865	33977	1
5608	33983	1
1331	33988	1
2049	33988	1
3634	33988	1
4056	33988	1
4088	33988	1
8395	33988	1
3900	33989	1
4162	33989	1
4078	33994	1
3087	34014	1
4646	34014	1
6526	34014	1
7266	34014	1
7743	34014	1
7817	34014	1
515	34060	1
3752	34060	1
1447	34076	1
5301	34076	1
1267	34142	1
2933	34142	1
3568	34142	1
8978	34142	1
9526	34142	2
9538	34142	1
158	34185	1
1267	34229	1
2405	34229	1
3518	34229	1
5226	34229	1
3034	34233	1
3349	34233	1
8879	34233	1
4127	34235	1
4852	34246	1
2059	34261	1
2931	34261	1
4624	34261	1
5318	34261	2
5854	34261	1
8217	34261	2
2037	34308	1
2494	34308	1
8410	34308	1
9104	34308	1
1029	34333	1
1995	34333	1
7980	34360	1
8806	34360	1
9561	34360	1
3034	34380	2
5208	34380	1
8073	34380	1
8710	34380	1
2494	34385	1
8410	34385	1
9104	34385	1
991	34445	1
6860	34445	1
1606	34450	1
1732	34450	1
1918	34450	1
3140	34450	1
6813	34450	1
9764	34450	1
2037	34452	1
2494	34452	1
2976	34452	1
8144	34452	2
8217	34452	1
8413	34452	1
8995	34452	1
9104	34452	1
7169	34471	1
4213	34475	1
591	34491	1
1132	34493	1
4223	34493	1
5077	34493	1
5267	34493	1
8217	34493	1
5318	34518	1
3900	34520	1
6870	34520	1
7921	34520	1
552	34537	1
3784	34537	1
3790	34537	1
5208	34537	1
5267	34537	1
8684	34537	1
76	34558	1
1382	34558	1
3094	34558	1
3511	34558	1
3910	34558	1
4127	34558	1
4259	34558	1
4514	34558	1
9844	34558	1
3914	34622	1
4352	34622	1
5681	34622	1
6713	34622	1
7913	34622	1
8995	34622	1
9526	34622	1
7234	34639	1
9193	34639	1
826	34679	1
7251	34679	1
7986	34679	1
9838	34679	1
3784	34749	1
5267	34749	1
9526	34749	1
1255	34769	1
3501	34769	1
8865	34769	1
184	34770	1
883	34770	1
1225	34770	1
4168	34770	1
4259	34770	1
4800	34770	1
6713	34770	1
7368	34770	1
7880	34770	1
8879	34770	1
9561	34770	1
680	34794	1
4142	34794	1
1027	34826	1
1834	34826	1
3501	34826	1
7797	34826	1
2874	34831	1
2943	34831	1
3168	34831	1
5553	34831	1
8865	34831	1
8987	34831	1
2484	34957	1
3062	34957	1
3165	34957	1
5559	34957	1
6559	34957	1
6787	34957	1
7853	34957	1
8539	34957	1
9550	34957	1
1602	34968	1
4127	34968	3
5112	34968	2
6638	34968	1
7956	34968	1
8351	34968	1
8811	34968	1
9873	34968	1
10045	34968	2
1534	34988	1
4993	34988	1
5267	34988	1
7714	34988	1
158	35002	1
3176	35002	1
3596	35002	1
4716	35002	1
6959	35002	1
7031	35002	1
9686	35002	1
158	35038	1
1322	35038	1
3038	35038	1
3501	35038	1
3731	35038	1
4102	35038	1
5285	35038	1
5318	35038	2
6769	35038	1
6941	35038	1
9962	35038	1
8858	35076	1
9493	35076	1
3100	35078	1
3405	35078	1
4127	35078	1
5443	35078	2
6604	35078	1
6868	35078	1
6970	35078	1
7621	35078	1
7977	35078	1
8865	35078	1
1669	35098	1
2448	35098	1
6920	35098	1
7581	35098	1
8724	35098	1
8894	35098	1
1890	35127	1
2179	35127	1
184	35236	1
1194	35236	1
2728	35236	1
5460	35236	1
5654	35236	1
8803	35236	1
8865	35236	1
6339	35243	1
7128	35243	1
2951	35267	1
3836	35267	1
6725	35267	1
9246	35267	1
9625	35267	1
9669	35267	1
2951	35270	1
3836	35270	1
6725	35270	1
9246	35270	1
9625	35270	1
9669	35270	1
857	35276	1
1132	35276	1
1534	35276	1
4993	35276	1
1981	35280	1
5460	35280	1
7503	35280	1
2690	35339	1
3025	35339	1
4127	35339	1
7913	35339	1
8510	35339	1
8969	35339	1
32	35346	1
726	35346	1
2446	35346	1
3752	35346	2
4524	35346	1
7986	35346	1
8040	35346	1
8802	35346	1
8858	35346	1
9493	35346	1
385	35360	1
579	35360	1
680	35360	1
1642	35360	1
3501	35360	1
5768	35360	1
6700	35360	1
7803	35360	1
9589	35360	1
9742	35360	1
1469	35365	1
1905	35365	1
3836	35365	1
4127	35365	1
4227	35365	1
4733	35365	1
7621	35365	1
8081	35365	1
9935	35365	1
1469	35368	1
1905	35368	1
3836	35368	1
4127	35368	1
4227	35368	1
4733	35368	1
7621	35368	1
8081	35368	1
9935	35368	1
353	35383	1
1886	35383	1
7971	35383	1
8377	35383	1
8697	35383	1
8923	35383	1
9365	35383	1
9727	35383	1
412	35404	1
958	35404	1
1512	35404	1
3335	35404	1
8858	35404	1
8865	35404	1
9589	35404	1
9669	35404	1
1780	35409	1
4223	35409	1
1469	35410	1
1905	35410	1
2424	35410	1
3836	35410	1
4127	35410	1
4227	35410	1
4733	35410	1
7621	35410	1
8081	35410	1
9935	35410	1
1267	35416	1
1642	35416	1
2442	35416	1
4016	35416	1
6304	35416	1
1469	35435	1
1905	35435	1
3836	35435	1
4127	35435	1
4227	35435	1
4733	35435	1
7621	35435	1
8081	35435	1
9935	35435	1
1132	35483	1
4127	35483	1
6301	35483	1
7527	35483	1
7563	35483	1
10028	35483	1
3893	35486	1
4127	35486	1
4127	35495	1
1132	35600	1
4056	35600	1
4127	35600	1
6301	35600	1
1404	35602	1
4653	35602	1
1469	35611	1
1905	35611	1
3836	35611	1
4127	35611	1
4227	35611	1
4733	35611	1
7621	35611	1
8081	35611	1
9935	35611	1
985	35612	1
2446	35612	1
3985	35612	1
4127	35612	1
5448	35612	1
6661	35612	1
7038	35612	1
7215	35612	1
8509	35612	1
8594	35612	1
9533	35612	1
694	35643	2
3278	35643	1
4463	35643	1
3114	35647	1
5300	35687	1
5301	35687	1
7334	35687	1
9316	35687	1
5267	35720	1
5351	35720	1
4127	35795	1
5838	35795	1
6308	35795	1
8479	35795	1
8586	35795	1
2878	35807	1
4127	35807	1
5260	35807	1
6304	35807	1
6530	35807	1
8820	35807	1
8865	35807	1
3925	35939	1
1320	35951	1
3941	35951	1
7071	35951	1
1272	35956	1
2222	35956	1
2696	35956	1
2910	35956	1
3485	35956	1
4127	35956	1
6253	35956	1
9864	35956	1
9924	35956	2
1802	36026	1
3340	36026	1
7169	36026	1
9110	36026	1
9763	36026	1
370	36088	1
1534	36088	1
3211	36088	1
3215	36088	1
3735	36088	1
4993	36088	1
5226	36088	1
5794	36088	1
7581	36088	1
99	36111	1
142	36111	1
181	36128	1
8054	36128	1
2513	36131	1
4127	36131	1
7882	36131	1
9669	36131	1
3735	36163	1
7105	36163	1
8865	36163	1
9669	36163	1
3350	36201	1
4223	36201	1
5199	36201	1
5972	36201	1
9193	36201	1
9669	36201	1
4127	36216	1
9692	36216	1
2719	36267	1
3006	36267	1
3294	36267	1
5181	36267	1
2719	36269	1
3006	36269	1
3294	36269	1
5181	36269	1
1534	36275	1
3211	36275	1
4896	36275	1
4993	36275	1
7978	36275	1
979	36276	3
1632	36276	1
1931	36276	1
5199	36276	1
5972	36276	1
6472	36276	1
6562	36276	1
7262	36276	1
8000	36276	1
8263	36276	1
9193	36276	1
4846	36281	1
8217	36281	1
60	36294	1
1469	36294	1
1892	36294	1
3911	36294	1
5443	36294	1
5659	36294	1
6195	36294	1
7966	36294	1
8865	36294	1
6559	36358	1
5077	36388	1
5226	36388	1
1929	36398	1
3215	36398	1
7988	36398	1
744	36405	1
8384	36405	1
2495	36425	1
3434	36425	1
3763	36425	1
5163	36425	1
3266	36430	1
8987	36430	1
2127	36488	1
4846	36488	1
5267	36488	2
5351	36488	1
7120	36488	1
9696	36488	1
6257	36498	1
7251	36498	1
8388	36498	1
8683	36498	1
9538	36498	1
2562	36528	1
3452	36528	1
3764	36528	1
6625	36528	1
7235	36528	1
8449	36528	1
9028	36528	1
9054	36528	1
9831	36528	1
4065	36542	1
1213	36564	1
1469	36564	1
5141	36564	1
9905	36564	1
3501	36581	1
3735	36581	1
4017	36581	1
4852	36581	1
8806	36581	1
9669	36581	1
1910	36582	1
3821	36582	1
5267	36582	1
5972	36582	1
8558	36582	1
9445	36582	1
9498	36582	1
9526	36582	1
9538	36582	1
927	36613	1
969	36613	1
1126	36613	1
4162	36613	1
6971	36613	1
8242	36613	1
8408	36613	1
8865	36613	1
9546	36613	1
4846	36648	1
5625	36648	1
311	36653	1
3406	36653	1
5013	36653	1
7671	36653	1
8865	36653	1
9153	36653	1
1512	36655	1
5201	36655	1
5267	36655	1
4127	36656	1
4680	36656	1
6491	36656	1
6570	36656	1
7543	36656	1
7609	36658	1
246	36667	1
509	36667	1
2916	36667	1
4127	36667	1
4481	36667	1
5698	36667	1
6399	36667	1
7052	36667	1
7053	36667	1
8738	36667	1
8865	36667	1
2864	36749	1
4642	36749	1
9284	36749	1
9561	36749	1
9610	36749	1
341	36765	1
3034	36765	1
5318	36765	1
8008	36765	1
3511	36784	3
8944	36784	1
627	36799	1
8187	36799	1
9153	36799	1
9538	36799	1
6847	36810	1
9072	36810	1
7425	36828	1
976	36836	1
1629	36836	1
2600	36836	1
2973	36836	1
311	36874	1
3090	36874	1
6844	36874	1
6959	36874	1
7817	36874	1
8251	36874	1
9293	36874	1
1937	36949	1
3914	36949	1
5700	36949	1
9561	36949	1
3709	36959	1
5068	36959	1
7966	36959	1
722	36992	1
1913	36992	1
5267	36992	2
862	37020	1
5396	37020	1
9323	37020	1
1841	37046	1
2129	37046	1
4259	37046	1
4642	37046	1
5267	37046	1
9925	37046	1
4056	37047	1
8054	37047	1
9249	37047	1
9538	37047	1
4056	37060	1
5141	37060	1
8054	37060	1
9249	37060	1
9538	37060	1
1958	37115	1
6785	37115	1
7852	37115	1
9365	37115	1
4127	37152	1
8879	37152	1
8887	37157	1
4116	37178	1
6392	37178	1
8536	37178	1
1756	37262	1
2874	37262	1
5553	37262	1
8865	37262	1
588	37263	1
1707	37263	1
3774	37263	1
6048	37263	1
274	37305	1
3340	37305	1
4127	37305	1
8727	37305	1
8865	37305	1
9669	37305	1
4846	37316	1
5693	37316	1
9800	37316	1
1534	37318	1
3763	37318	1
4070	37318	1
4993	37318	1
6794	37318	1
9445	37318	1
9584	37318	1
1132	37342	1
1246	37342	1
4127	37342	1
5316	37342	1
6301	37342	1
1692	37364	1
3763	37364	1
6955	37364	1
8380	37364	1
8879	37364	1
9103	37364	1
9150	37364	1
9526	37364	1
9800	37364	1
969	37389	1
1629	37389	1
3392	37389	1
4116	37389	1
4631	37389	1
8865	37389	1
4127	37398	1
5735	37398	1
8865	37398	1
8879	37398	1
3873	37409	1
7381	37409	1
2049	37430	1
2931	37430	1
4127	37430	1
5267	37430	1
8865	37430	1
9589	37430	1
7266	37441	1
8879	37441	1
195	37448	1
3213	37448	1
3214	37448	1
3296	37448	1
5318	37448	1
5921	37448	1
2049	37517	1
2502	37517	1
2917	37517	1
7563	37517	1
9175	37517	1
3576	37527	1
1828	37605	1
2427	37605	2
7621	37605	1
1842	37616	1
6955	37616	2
8536	37616	1
2427	37670	2
3003	37670	1
3182	37670	1
3576	37670	1
5660	37670	1
7621	37670	1
395	37692	1
3568	37692	1
7266	37692	1
9330	37692	1
9716	37692	1
726	37771	1
3576	37771	1
4147	37771	1
6166	37771	1
8098	37771	1
8631	37771	1
8920	37771	1
3143	37867	1
2022	37932	1
5351	37932	1
8987	37932	1
5877	37939	1
6778	37939	1
1851	37972	1
3730	37972	2
5141	37972	1
6733	37972	1
7128	37972	1
8217	37972	1
1267	37989	2
5802	37989	1
5854	37989	1
6469	37989	2
7785	37989	1
8887	37989	1
9669	37989	1
958	38014	1
2049	38014	1
3594	38014	1
7475	38014	1
8865	38014	1
9571	38014	1
9589	38014	1
9853	38014	1
976	38016	1
2427	38016	1
3182	38016	1
5443	38034	1
6604	38034	1
7966	38034	1
9526	38034	1
726	38069	1
3576	38069	1
4147	38069	1
6166	38069	1
8098	38069	1
8631	38069	1
8920	38069	1
726	38080	1
3576	38080	1
4147	38080	1
6166	38080	1
8098	38080	1
8631	38080	1
8920	38080	1
726	38087	1
3576	38087	1
4147	38087	1
6166	38087	1
8098	38087	1
8631	38087	1
8920	38087	1
726	38093	1
3576	38093	1
4147	38093	1
6166	38093	1
8098	38093	1
8631	38093	1
8920	38093	1
726	38110	1
3576	38110	1
4147	38110	1
6166	38110	1
8098	38110	1
8631	38110	1
8920	38110	1
1780	38119	1
6604	38119	1
6700	38119	1
7766	38119	1
726	38120	1
3576	38120	1
4147	38120	1
6166	38120	1
8098	38120	1
8631	38120	1
8920	38120	1
5318	38134	1
3511	38202	1
4522	38202	1
5296	38202	1
6557	38202	1
8483	38202	1
9625	38202	1
3592	38224	1
328	38262	1
8806	38262	1
9175	38262	1
1236	38267	1
1505	38267	1
3094	38267	1
209	38319	1
1132	38319	1
1465	38319	1
1798	38319	1
3191	38319	1
4127	38319	1
4877	38319	1
7172	38319	1
7255	38319	1
7437	38319	1
8573	38319	1
9934	38319	1
1206	38353	1
2600	38353	1
5267	38353	1
2136	38357	1
4852	38357	1
5952	38357	1
7015	38357	1
8202	38357	1
4235	38373	1
6870	38373	1
23	38433	1
7475	38433	1
7966	38433	1
4846	38465	1
746	38471	1
4111	38471	1
5160	38471	1
5480	38471	1
5502	38471	1
5723	38471	1
5877	38471	1
6242	38471	1
6716	38471	1
7743	38471	1
624	38478	1
1755	38478	1
2136	38478	1
3687	38478	1
4004	38478	1
5077	38478	1
7015	38478	1
9330	38478	2
9924	38478	1
2425	38489	1
6071	38489	1
6119	38489	1
7386	38489	1
8920	38489	1
9669	38489	1
1629	38513	1
2438	38513	1
3784	38513	1
5766	38513	1
6894	38513	1
8143	38513	1
8338	38513	1
557	38521	1
926	38521	1
3592	38521	1
4127	38521	1
9669	38521	1
2136	38547	1
5952	38547	1
6700	38547	1
7015	38547	1
1913	38561	1
5174	38561	1
8520	38561	1
4248	38569	1
9265	38569	1
5	38647	2
1130	38647	1
1267	38647	1
7559	38647	1
8865	38647	1
9538	38647	1
1267	38650	1
8213	38650	1
679	38708	1
1267	38708	1
3839	38708	1
4527	38708	1
5078	38708	1
8408	38708	1
1828	38754	1
2189	38754	1
5344	38754	3
9153	38754	1
3763	38769	1
9637	38769	1
558	38774	1
1919	38774	1
3392	38774	1
6559	38774	1
7274	38774	1
9394	38774	1
9456	38774	1
9766	38774	1
9976	38774	1
651	38787	1
3092	38787	1
5059	38787	1
8684	38787	1
5318	38880	1
2390	38942	1
3752	38942	1
7259	38942	1
1191	38959	1
1849	38959	1
4017	38959	1
5318	38959	1
4184	38961	1
4266	38961	1
4826	38961	1
5298	39018	3
2172	39107	1
5296	39107	1
3511	39123	1
2351	39145	1
2968	39145	1
3294	39145	1
3576	39145	1
4056	39145	1
4113	39145	1
4127	39145	1
4595	39145	1
6146	39145	1
4111	39232	1
3232	39240	1
3279	39240	1
6834	39240	1
8108	39240	1
707	39248	1
1236	39248	1
1532	39248	1
1736	39248	1
2477	39248	1
3501	39248	1
6009	39248	1
7175	39248	1
8040	39248	1
8969	39248	1
1828	39333	1
2996	39333	1
5059	39333	1
9526	39333	1
4356	39345	1
5344	39345	2
8145	39345	1
8969	39345	1
8987	39345	1
9542	39345	1
9549	39345	1
9826	39345	1
2330	39368	1
3034	39368	1
7031	39368	1
8213	39368	1
1880	39376	1
6166	39376	1
2210	39386	1
3006	39386	1
3007	39386	1
4127	39386	1
4733	39386	1
5460	39386	1
6769	39386	1
7852	39386	1
8865	39386	1
9827	39386	1
756	39388	1
1225	39388	1
6287	39388	1
7071	39388	2
489	39393	1
674	39393	1
7520	39393	1
582	39407	1
4735	39407	1
5318	39407	1
5972	39407	1
6711	39407	1
8865	39407	1
582	39410	1
756	39410	1
1225	39410	1
6287	39410	1
7071	39410	2
3821	39424	1
4127	39424	1
4157	39424	1
7950	39424	1
8865	39424	1
3925	39426	1
4127	39435	1
4735	39435	1
9045	39435	1
9242	39435	1
9484	39435	1
9538	39435	1
5465	39481	1
6700	39481	2
7408	39481	1
8144	39481	1
6166	39491	1
331	39494	1
3392	39494	1
6682	39494	1
9193	39494	1
582	39504	1
4735	39504	1
7381	39504	1
7776	39504	1
7520	39507	1
582	39510	1
7381	39510	1
2220	39528	1
5673	39528	1
6768	39528	1
8806	39528	1
591	39538	1
1296	39538	1
2931	39538	1
3790	39538	1
6787	39538	1
7210	39538	1
8213	39538	1
8294	39538	1
5606	39549	1
6607	39549	1
4735	39562	1
582	39590	1
4127	39590	1
4735	39590	1
3091	39602	1
6237	39602	1
6700	39602	1
7776	39602	1
1294	39603	1
756	39624	1
4735	39624	1
5318	39624	1
1273	39627	1
1451	39627	1
1822	39627	1
3337	39627	1
6166	39627	1
7078	39627	1
5982	39628	1
7018	39628	1
8057	39628	1
9265	39628	1
9669	39628	1
3836	39631	1
4735	39651	1
9175	39651	1
3903	39659	1
2055	39661	1
4735	39661	1
2614	39667	1
6879	39667	1
122	39799	1
1832	39799	1
4957	39799	1
5771	39799	1
8865	39799	1
1236	39842	1
4671	39842	1
518	39860	1
4671	39860	1
8684	39860	1
1780	39870	1
2347	39870	1
1512	39876	1
2347	39876	1
3294	39876	1
4632	39876	1
5234	39876	1
6009	39876	1
10041	39876	1
2347	39893	1
2968	39893	1
4632	39893	1
10041	39893	1
2347	39899	1
4632	39899	1
7470	39904	1
749	39913	1
9803	39913	1
1707	39923	1
2329	39923	1
2864	39923	1
6012	39923	2
6370	39923	1
6566	39923	1
6904	39923	1
9633	39923	1
2895	39924	1
3771	39924	1
925	39925	1
2347	39925	1
4632	39925	1
4957	39925	1
6009	39925	1
7944	39925	1
8324	39925	1
2347	39929	1
2546	39929	1
4632	39929	1
9526	39929	1
489	39933	1
674	39933	1
1707	39933	1
3784	39933	1
4213	39933	1
7520	39933	1
7802	39933	1
328	39948	1
2347	39948	1
4632	39948	1
6009	39948	1
2881	39982	1
2965	39988	1
4632	39988	1
10041	39988	1
2600	39989	1
2908	39989	1
1913	39993	1
8865	39993	1
6250	39995	1
4632	40018	1
4957	40018	1
7543	40018	1
8674	40018	1
9175	40018	1
1406	40031	1
2446	40031	1
3560	40031	1
7119	40031	1
8374	40031	1
1132	40045	1
1679	40045	1
4127	40045	1
10034	40045	1
2630	40057	1
3540	40057	1
4846	40057	1
826	40058	1
2164	40058	1
9784	40058	1
1406	40085	1
2446	40085	1
2694	40085	1
3560	40085	1
4850	40085	1
4987	40085	1
5304	40085	1
7119	40085	1
8374	40085	1
4632	40089	1
9526	40089	1
7629	40105	1
158	40110	1
1540	40110	1
3392	40110	1
3873	40110	1
6654	40110	1
7800	40110	1
8449	40110	1
7471	40113	1
9193	40113	1
2630	40116	1
3540	40116	1
9587	40128	1
4632	40134	1
5768	40134	1
7262	40134	1
700	40142	1
1679	40142	1
5892	40142	1
9561	40142	1
733	40153	1
8969	40153	1
9175	40153	1
9561	40153	1
6796	40156	1
1132	40161	1
7243	40161	1
1934	40165	1
4669	40165	1
8152	40165	1
4671	40168	1
1132	40193	1
3392	40193	1
4598	40193	1
4987	40193	1
5267	40193	1
8987	40193	1
9610	40193	1
2446	40196	1
6778	40196	1
6870	40196	1
7128	40196	1
7629	40196	1
8263	40200	1
9587	40200	1
4127	40201	1
9637	40201	1
1913	40202	1
2881	40202	1
3091	40202	1
3873	40202	1
8144	40202	1
267	40210	1
1132	40210	2
4127	40210	1
6301	40210	1
7776	40210	1
2324	40226	1
8865	40226	1
3873	40231	1
8684	40231	1
3822	40236	1
5972	40238	1
579	40243	1
2323	40243	1
7761	40243	1
9561	40243	1
5987	40251	1
8449	40251	1
1225	40264	1
4259	40264	1
6012	40264	1
6904	40264	1
7198	40264	1
1467	40271	1
826	40278	1
8395	40278	1
9637	40278	1
552	40297	1
768	40297	1
3839	40297	1
6580	40297	1
6859	40297	1
7164	40297	1
9526	40297	1
1540	40303	1
3873	40303	1
6654	40303	1
6700	40303	1
7087	40303	1
7548	40303	1
8995	40303	1
515	40315	1
1913	40315	1
2621	40315	1
3392	40315	1
8279	40320	1
8865	40320	1
9526	40320	1
5768	40327	1
8887	40327	1
68	40334	1
1913	40334	1
3806	40334	1
5987	40334	1
6297	40334	1
8026	40334	1
9113	40334	1
9473	40334	1
3083	40363	1
6166	40371	1
4056	40376	1
1603	40379	1
2546	40379	1
8044	40379	1
9721	40379	1
5243	40385	1
4312	40402	1
9068	40402	1
9587	40402	1
311	40420	1
3836	40420	1
8098	40420	1
3087	40423	1
8098	40423	2
8395	40423	1
4164	40438	1
4632	40438	1
4957	40438	1
8291	40438	1
1835	40473	1
3215	40473	1
3524	40473	1
4017	40473	1
4470	40473	1
4703	40473	1
6304	40473	1
7325	40473	1
8324	40473	1
9591	40473	1
9175	40485	1
5242	40502	1
2819	40506	1
3551	40506	1
3615	40506	1
6923	40506	1
9193	40506	1
5861	40549	1
6859	40549	1
1331	40573	1
2477	40573	1
7601	40573	1
8865	40573	1
1882	40622	1
9992	40622	1
3602	40661	1
6700	40661	1
8057	40661	1
8144	40661	1
8276	40661	1
722	40663	1
726	40663	1
3034	40663	1
2937	40684	1
5396	40684	2
7855	40707	1
8447	40707	1
9267	40707	1
4852	40722	1
324	40734	1
3752	40734	1
5267	40734	1
9454	40734	1
758	40735	1
857	40735	1
5877	40735	1
8865	40735	1
352	40779	1
2630	40779	1
5856	40779	1
8887	40779	1
5606	40782	1
5856	40782	2
8462	40782	1
9584	40782	1
9926	40782	1
352	40784	1
9763	40784	1
9766	40784	1
9926	40784	1
56	40787	1
6959	40787	1
7072	40787	1
7800	40787	1
7977	40787	1
9561	40787	1
1180	40788	1
4836	40788	1
8879	40788	1
2324	40789	1
2531	40789	1
6982	40789	1
8150	40789	1
1180	40796	1
4836	40796	1
8144	40796	1
9202	40796	1
8098	40808	1
158	40819	1
1267	40819	1
3182	40819	1
6048	40819	1
8536	40819	1
8885	40819	1
9669	40819	1
3182	40822	4
3384	40822	1
3822	40822	1
4127	40822	1
7621	40822	2
8457	40822	1
8865	40822	1
4184	40824	1
4826	40824	1
5672	40824	1
5854	40824	1
9589	40824	1
6191	40828	1
7802	40828	1
8144	40828	1
8865	40828	1
1689	40830	2
3284	40830	1
6808	40830	1
7934	40830	1
9330	40830	1
3084	40834	1
4184	40834	1
4826	40834	1
6035	40834	1
9669	40834	1
9813	40846	1
2445	40850	1
2446	40850	1
4138	40850	1
5561	40850	1
412	40878	1
417	40878	1
2728	40878	2
8054	40878	1
9445	40878	1
9589	40878	1
915	40894	1
8098	40905	1
2968	40908	1
4127	40908	1
5932	40908	1
6291	40908	1
8630	40908	1
9738	40908	1
711	40942	1
1105	40942	1
1186	40942	1
2739	40942	1
2984	40942	1
3126	40942	1
4127	40942	1
4441	40942	1
4926	40942	1
5504	40942	1
6785	40942	1
7543	40942	1
8339	40942	1
9010	40942	1
9285	40942	1
324	40952	1
3873	40952	1
5396	40952	1
6959	40952	2
7128	40952	1
7986	40952	1
8956	41014	1
8887	41025	1
9179	41025	1
9526	41025	1
792	41044	1
4271	41044	1
9175	41044	1
5241	41046	1
7621	41046	1
2048	41058	1
5226	41058	1
9179	41058	1
534	41068	1
2130	41068	1
3869	41068	1
5250	41068	1
6301	41068	1
7262	41068	1
7272	41068	1
5396	41070	1
7385	41070	1
9801	41070	1
7349	41072	1
7722	41072	1
7844	41072	1
4259	41082	1
6166	41094	1
7266	41094	1
8865	41094	1
8098	41106	1
9179	41106	1
470	41172	1
1939	41172	1
4053	41172	1
5267	41172	1
6609	41172	1
8750	41172	1
8943	41172	1
1939	41176	1
2360	41176	1
4053	41176	1
5267	41176	1
6609	41176	1
6883	41176	1
8750	41176	1
9526	41176	1
9672	41176	1
58	41190	1
1053	41190	1
2284	41190	1
3605	41190	1
4127	41190	1
5184	41190	1
6472	41190	1
6847	41190	1
7068	41190	1
7075	41190	1
8119	41190	1
905	41227	1
2258	41227	1
3605	41227	1
5147	41227	1
5172	41227	1
7068	41227	1
7075	41227	1
7562	41227	1
1803	41230	1
2193	41230	1
3605	41230	1
5172	41230	1
6844	41230	1
6955	41230	1
9175	41230	1
1102	41233	1
2527	41233	1
4127	41233	1
4574	41233	1
5045	41233	1
5047	41233	1
5181	41233	1
5256	41233	1
6905	41233	1
6955	41233	1
9448	41233	1
9868	41233	1
60	41259	1
511	41259	1
1117	41259	1
1166	41259	1
1564	41259	1
1897	41259	1
2562	41259	1
6902	41259	1
7166	41259	1
7870	41259	1
8339	41259	1
8352	41259	2
8605	41259	1
2330	41434	1
2695	41434	1
3915	41434	1
4127	41434	1
6618	41434	1
9500	41434	3
1132	41452	1
2580	41452	1
4127	41452	1
6301	41452	1
511	41453	1
1132	41453	1
1940	41453	1
3127	41453	1
4127	41453	1
6301	41453	1
6317	41453	1
1806	41601	1
2287	41601	1
3359	41601	1
6631	41601	1
3359	41607	1
6631	41607	1
8037	41607	1
8408	41607	1
8969	41607	1
9669	41610	1
5282	41611	1
7710	41611	1
7743	41611	1
7874	41611	1
8037	41611	2
8095	41611	1
3531	41681	1
4113	41681	1
4127	41681	1
4559	41681	1
6104	41681	1
6309	41681	1
8098	41681	1
958	41826	1
2943	41826	1
3913	41826	1
2446	41921	1
3873	41921	1
8969	41921	1
33	41962	2
1549	41962	1
2621	41968	1
8754	41968	1
1451	41970	1
2445	41978	1
6166	41978	1
9526	41978	1
418	42049	1
491	42049	1
2484	42049	1
2990	42049	1
3750	42049	1
4050	42049	1
4535	42049	1
5487	42049	1
9410	42049	1
6700	42098	1
7983	42098	1
5892	42115	1
167	42149	1
2546	42149	1
6452	42149	1
1264	42161	1
9611	42161	1
1689	42163	1
2164	42163	1
6304	42163	1
857	42169	1
3822	42169	1
756	42225	1
2973	42225	1
3918	42225	1
4248	42225	1
4735	42225	1
4965	42225	1
7053	42225	1
7298	42225	1
456	42272	1
2448	42272	1
5344	42272	2
7964	42272	1
3182	42280	1
3184	42280	1
4127	42280	1
5318	42280	1
6048	42280	1
6517	42280	1
8079	42280	1
9611	42280	1
2441	42368	1
6566	42368	1
7013	42368	1
1130	42448	1
4113	42448	1
8865	42448	1
9542	42448	1
1130	42457	1
4113	42457	1
8865	42457	1
9542	42457	1
5318	42463	1
6466	42463	1
905	42464	1
6700	42464	1
8969	42464	1
9121	42464	1
9144	42464	1
9669	42464	1
1632	42520	1
2878	42530	1
8865	42530	1
4127	42567	1
4127	42598	1
4861	42598	1
6266	42598	1
6894	42598	1
7121	42598	1
7868	42598	1
9144	42598	1
9434	42598	1
9500	42598	1
1044	42626	1
1125	42626	2
1350	42626	1
3873	42626	1
3917	42626	1
5318	42626	1
1700	42629	1
4127	42629	1
6625	42629	1
6870	42629	1
484	42652	1
2764	42652	1
4127	42652	1
4377	42652	1
6271	42652	1
905	42653	1
5892	42653	1
6937	42653	1
7365	42653	1
8395	42653	1
8969	42653	1
2427	42666	2
3003	42666	1
3182	42666	1
5660	42666	1
5892	42666	1
7621	42666	1
1267	42717	1
1294	42717	1
1295	42717	1
3034	42717	1
5561	42717	1
7621	42717	1
2136	42725	1
2322	42725	1
2324	42725	1
4127	42725	1
6070	42725	1
9500	42725	1
3567	42776	1
3711	42776	1
4259	42776	1
9589	42776	1
2427	42813	1
3182	42813	1
4147	42813	1
6564	42813	1
726	42841	1
905	42841	1
3584	42841	1
5318	42841	1
5892	42841	1
6937	42841	1
7365	42841	1
8969	42841	1
987	42843	1
2695	42843	1
4127	42843	1
9500	42843	2
726	42844	1
905	42844	1
3584	42844	1
5318	42844	1
5892	42844	1
6817	42844	1
6937	42844	1
7365	42844	1
8969	42844	1
3310	42915	1
4127	42915	1
8145	42915	1
9435	42915	1
9992	42915	1
1143	42950	1
3900	42950	1
4056	42950	1
1437	43017	1
7178	43017	1
9542	43017	1
582	43033	1
4735	43033	1
6256	43033	1
7776	43033	1
9546	43033	1
9500	43146	2
9500	43185	3
1939	43205	1
4053	43205	1
8750	43205	1
2446	43213	1
8377	43213	1
8565	43213	1
9610	43213	1
1939	43252	1
7408	43252	1
8558	43252	1
8750	43252	1
3127	43290	1
4127	43290	1
9500	43290	1
9959	43290	1
1939	43324	1
2484	43324	1
4009	43324	1
4127	43324	1
6785	43324	1
8750	43324	2
3228	43332	1
3914	43332	1
184	43372	1
1213	43372	1
3095	43372	1
5338	43372	1
5526	43372	1
7046	43372	1
7060	43372	1
8380	43372	1
1939	43384	1
2965	43384	1
4613	43384	1
8750	43384	1
3984	43390	1
4127	43390	1
4527	43390	1
5403	43390	1
7776	43390	1
9500	43390	1
417	43430	1
1178	43430	1
1370	43430	1
1475	43430	1
1739	43430	1
2878	43430	1
8588	43430	1
8683	43430	1
8995	43430	1
1679	43503	1
4127	43503	1
5892	43503	1
6492	43503	1
6700	43503	1
8376	43503	1
8466	43503	1
591	43547	1
5892	43547	1
7776	43547	1
8142	43547	1
9624	43547	1
826	43596	1
2750	43596	1
3602	43596	1
7776	43596	1
9561	43596	1
7072	43614	1
9825	43614	1
6396	43647	1
987	43731	1
4127	43731	1
6287	43731	1
6785	43731	1
9500	43731	1
9509	43731	1
2289	43741	1
3291	43741	1
3900	43741	1
5436	43741	1
7298	43741	1
8510	43741	1
8922	43741	1
3822	43791	1
5074	43811	1
1873	43852	1
6628	43852	1
7123	43852	1
3900	43861	1
4127	43861	1
5143	43861	1
9769	43861	1
2630	43874	1
8134	43874	1
5	43951	1
1698	43951	1
3181	43951	1
3248	43951	1
5877	43951	1
6559	43951	1
7557	43951	1
8130	43951	1
6671	43952	1
5607	43964	1
7169	43964	1
3294	43995	1
5794	43995	1
8865	43995	1
3359	44016	1
4649	44016	1
4659	44016	1
5576	44016	1
6304	44016	3
6870	44016	1
7065	44016	1
9500	44016	1
2997	44049	2
3735	44049	1
5058	44049	1
5298	44049	2
9632	44049	1
4066	44082	1
4127	44082	1
6304	44082	1
9500	44082	2
9976	44082	1
726	44175	2
1707	44175	1
6254	44175	1
7367	44175	1
8597	44175	1
558	44309	1
857	44309	1
229	44313	1
523	44313	1
2157	44313	1
2324	44313	1
4259	44313	1
5226	44313	1
8528	44313	1
8879	44313	1
292	44397	1
1938	44397	1
2340	44397	1
2690	44397	1
5208	44397	1
6166	44397	1
6254	44397	1
6625	44397	1
8894	44397	1
8899	44397	1
953	44443	1
5505	44443	1
5883	44443	1
7128	44443	1
3006	44445	1
4735	44445	1
5864	44445	1
9625	44445	1
1132	44450	1
1267	44450	1
2875	44450	1
3925	44450	1
4127	44450	1
4588	44450	1
7437	44450	1
7870	44450	1
9934	44450	1
1602	44462	1
3095	44462	1
5365	44462	1
8969	44462	1
3109	44475	1
9189	44475	1
987	44496	1
4127	44496	1
8969	44496	1
9500	44496	3
1029	44514	1
3294	44514	1
4348	44514	1
7983	44514	1
5589	44676	1
8380	44676	1
9791	44676	1
976	44688	1
5892	44688	1
4111	44764	1
5267	44764	1
8107	44764	1
2630	44776	1
3191	44776	1
3836	44776	1
4420	44776	1
4642	44776	1
2136	44897	1
4644	44897	1
5142	44897	1
7334	44897	1
9500	44897	2
2676	44911	1
3511	44911	1
7271	44911	1
8969	44911	1
8987	44911	1
419	44952	1
2726	44952	1
2914	44952	1
4127	44952	1
5293	44952	2
412	44977	2
917	44977	2
3744	44977	1
4127	44977	1
6888	44977	1
6941	44977	1
1469	44985	1
1905	44985	1
3836	44985	1
4127	44985	1
4227	44985	1
4733	44985	1
7621	44985	1
8081	44985	1
9935	44985	1
1469	44986	1
1905	44986	1
3836	44986	1
4127	44986	1
4227	44986	1
4733	44986	1
7621	44986	1
8081	44986	1
9935	44986	1
1469	44996	1
1905	44996	1
3836	44996	1
4127	44996	1
4227	44996	1
4733	44996	1
7621	44996	1
8081	44996	1
9935	44996	1
1469	45003	1
1905	45003	1
3836	45003	1
4127	45003	1
4227	45003	1
4733	45003	1
7621	45003	1
8081	45003	1
9935	45003	1
1469	45018	1
1905	45018	1
3836	45018	1
4127	45018	1
4227	45018	1
4733	45018	1
7621	45018	1
8081	45018	1
9935	45018	1
1469	45027	1
1905	45027	1
3836	45027	1
4127	45027	1
4227	45027	1
4733	45027	1
7621	45027	1
8081	45027	1
9935	45027	1
412	45030	1
1550	45030	1
1741	45030	1
4395	45030	1
5504	45030	1
5870	45030	1
6166	45030	1
9175	45030	1
1469	45033	1
1905	45033	1
3836	45033	1
4127	45033	1
4187	45033	1
4227	45033	1
4733	45033	1
7621	45033	1
8081	45033	1
9935	45033	1
1469	45050	1
1905	45050	1
3836	45050	1
4127	45050	1
4227	45050	1
4733	45050	1
5053	45050	1
7621	45050	1
8081	45050	1
8114	45050	1
8712	45050	1
9935	45050	1
201	45055	1
1469	45055	1
1905	45055	1
3836	45055	1
4127	45055	1
4227	45055	1
4733	45055	1
7621	45055	1
8081	45055	1
9935	45055	1
1469	45061	1
1905	45061	1
3836	45061	1
4127	45061	1
4227	45061	1
4733	45061	1
7621	45061	1
8081	45061	1
9935	45061	1
1108	45072	1
1394	45072	1
6146	45072	1
2940	45086	1
3917	45086	1
5921	45086	1
1325	45091	1
2540	45091	1
5232	45091	1
5725	45091	1
6768	45091	1
7638	45091	1
8053	45091	1
8479	45091	1
1469	45111	1
1905	45111	1
3836	45111	1
4127	45111	1
4227	45111	1
4733	45111	1
7621	45111	1
8081	45111	1
9935	45111	1
1469	45118	1
1905	45118	1
3836	45118	1
4127	45118	1
4227	45118	1
4733	45118	1
7621	45118	1
8081	45118	1
9935	45118	1
1469	45125	1
1905	45125	1
3836	45125	1
4127	45125	1
4227	45125	1
4733	45125	1
7621	45125	1
8081	45125	1
9935	45125	1
1469	45149	1
1905	45149	1
3836	45149	1
4127	45149	1
4227	45149	1
4733	45149	1
7621	45149	1
8081	45149	1
9935	45149	1
1469	45152	1
1905	45152	1
3836	45152	1
4127	45152	1
4227	45152	1
4733	45152	1
7621	45152	1
8081	45152	1
9935	45152	1
1469	45164	1
1905	45164	1
3836	45164	1
4127	45164	1
4227	45164	1
4733	45164	1
7621	45164	1
8081	45164	1
9935	45164	1
1353	45166	1
1469	45166	1
1905	45166	1
3836	45166	1
4127	45166	1
4227	45166	1
4733	45166	1
7332	45166	1
7621	45166	1
8081	45166	1
9935	45166	1
1469	45176	1
1905	45176	1
3836	45176	1
3873	45176	1
4127	45176	1
4227	45176	1
4733	45176	1
7621	45176	1
8081	45176	1
9361	45176	1
9935	45176	1
1469	45181	1
1905	45181	1
3836	45181	1
4127	45181	1
4227	45181	1
4733	45181	1
7621	45181	1
8081	45181	1
9935	45181	1
1469	45195	1
1905	45195	1
3836	45195	1
4127	45195	1
4227	45195	1
4733	45195	1
7621	45195	1
8081	45195	1
9935	45195	1
1331	45211	1
3034	45211	1
4127	45211	1
4356	45211	1
5911	45211	1
243	45219	1
3575	45219	1
4837	45219	1
1469	45241	1
1905	45241	1
3836	45241	1
4127	45241	1
4227	45241	1
4733	45241	1
7621	45241	1
8081	45241	1
9935	45241	1
1071	45260	1
3657	45260	1
9966	45260	1
6700	45273	1
7543	45273	1
7868	45273	1
2839	45326	1
3984	45326	1
4111	45331	1
5396	45331	1
8107	45331	1
8969	45331	1
3294	45335	1
8020	45335	1
8865	45335	1
2746	45338	1
3984	45338	1
4127	45338	1
4653	45338	1
7776	45338	1
9054	45338	1
8562	45339	1
930	45340	1
3488	45340	1
3688	45340	1
7197	45340	1
7365	45340	1
9526	45340	1
9962	45340	1
385	45385	1
2445	45385	1
4603	45385	1
5301	45385	1
7743	45385	2
8969	45385	1
9669	45385	1
1074	45400	1
1886	45400	1
4044	45400	1
5226	45400	1
6593	45400	1
6692	45400	1
8781	45400	1
2445	45424	1
2722	45424	1
3294	45424	1
5208	45424	1
8187	45424	1
726	45447	1
976	45447	1
2931	45447	1
3501	45447	1
3889	45447	1
5677	45447	1
5794	45447	1
2091	45495	1
2433	45495	1
8144	45495	1
3735	45501	1
5892	45501	1
5056	45522	1
7264	45522	1
201	45594	1
9986	45594	1
1440	45596	1
1960	45596	1
7406	45596	1
758	45605	1
1822	45605	1
6700	45605	1
7986	45613	1
4259	45616	1
4259	45635	1
4127	45694	1
6607	45694	1
8865	45694	2
9141	45694	1
9484	45694	1
9962	45694	1
9976	45694	1
2736	45697	1
4138	45697	2
4603	45697	2
5462	45697	1
6242	45697	1
7410	45697	1
9121	45697	1
9813	45697	1
905	45799	1
4356	45799	1
5768	45799	1
6940	45799	1
7128	45799	1
7986	45799	1
9426	45799	1
9445	45799	1
9538	45809	1
9870	45809	1
1555	45822	1
5074	45822	1
5199	45822	1
7635	45822	1
9672	45863	1
1554	45897	1
2222	45901	1
2630	45901	1
3602	45901	1
4778	45901	1
5460	45901	1
6042	45901	1
6844	45901	1
1440	45995	1
3226	45995	1
6920	45995	1
7462	45995	1
1382	46059	1
1835	46059	1
3518	46059	1
8513	46059	1
534	46080	1
742	46080	1
2222	46080	1
2625	46080	2
3191	46080	1
4116	46080	1
4611	46080	1
4778	46080	1
5333	46080	1
5458	46080	1
7714	46080	1
8010	46080	1
201	46123	1
2479	46123	1
5267	46123	1
7759	46123	1
9005	46123	1
9526	46123	1
3494	46132	1
5126	46132	1
9193	46132	1
3232	46162	1
4127	46162	1
6677	46162	1
6976	46162	1
9538	46162	1
1132	46200	1
4113	46200	1
4127	46200	1
6301	46200	1
9658	46200	1
5892	46229	1
7368	46237	1
4041	46252	1
8025	46252	1
4694	46256	1
8887	46256	1
3501	46266	1
9173	46266	1
7368	46278	1
162	46303	1
958	46303	1
1787	46303	1
2369	46303	1
2697	46303	1
2894	46303	1
6671	46303	1
8869	46303	1
5768	46324	1
7365	46324	1
8098	46324	1
9542	46324	1
905	46359	1
3592	46359	1
986	46361	1
4088	46361	1
8969	46361	1
4127	46372	1
5372	46372	1
6175	46372	1
7977	46372	1
8959	46372	1
9610	46372	1
117	46378	1
3774	46378	1
9669	46378	1
905	46385	1
5318	46385	1
5892	46385	1
6937	46385	1
8395	46385	1
707	46404	1
2878	46404	1
5412	46404	1
6482	46404	1
9538	46404	1
5963	46405	1
9153	46413	1
9900	46413	1
2427	46428	1
3182	46428	1
8635	46428	1
2048	46433	1
3774	46433	1
726	46446	1
905	46446	1
3584	46446	1
5318	46446	1
5892	46446	1
6937	46446	1
7365	46446	1
8507	46446	1
8969	46446	1
726	46459	1
905	46459	1
3584	46459	1
5318	46459	1
5892	46459	1
6937	46459	1
7365	46459	1
8969	46459	1
158	46462	1
3917	46462	1
5267	46462	1
5318	46462	1
6209	46462	1
7581	46462	1
8380	46462	1
2569	46465	1
5233	46465	1
2760	46466	1
4041	46466	1
9126	46466	1
726	46471	1
905	46471	1
3584	46471	1
5318	46471	1
5892	46471	1
6937	46471	1
7365	46471	1
8969	46471	1
726	46482	1
905	46482	1
3584	46482	1
5318	46482	1
5892	46482	1
6937	46482	1
7365	46482	1
8969	46482	1
1168	46484	1
8865	46484	1
9669	46484	1
9825	46484	1
726	46488	1
905	46488	1
3584	46488	1
5318	46488	1
5892	46488	1
6937	46488	1
7365	46488	1
8969	46488	1
726	46512	1
905	46512	1
3584	46512	1
5318	46512	1
5892	46512	1
6937	46512	1
7365	46512	1
8969	46512	1
4220	46513	1
7776	46513	1
7882	46513	1
8449	46513	1
726	46515	1
905	46515	1
3584	46515	1
5318	46515	1
5892	46515	1
6937	46515	1
7365	46515	1
8969	46515	1
3634	46522	1
3812	46522	1
8969	46522	1
726	46525	1
905	46525	1
3584	46525	1
5318	46525	1
5892	46525	1
6937	46525	1
7365	46525	1
8969	46525	1
726	46531	1
905	46531	1
3584	46531	1
5318	46531	1
5892	46531	1
6937	46531	1
7365	46531	1
8969	46531	1
8144	46538	1
1204	46556	1
8137	46556	1
9561	46556	1
1892	46566	1
2630	46566	1
4957	46566	1
7365	46566	1
8266	46566	1
8702	46566	1
1132	46575	1
2212	46575	1
4259	46575	1
5365	46575	1
6834	46575	1
8969	46575	1
63	46586	1
1937	46586	1
2993	46586	1
8329	46586	1
5892	46594	1
2370	46627	1
6631	46627	1
6991	46627	1
2931	46637	1
3034	46637	1
3487	46637	1
3873	46637	1
8865	46637	1
9625	46637	1
9669	46637	1
2370	46639	1
6991	46639	1
707	46644	1
1274	46644	1
5854	46644	1
8150	46644	1
1602	46657	1
4127	46657	1
6785	46657	1
9526	46657	1
9964	46657	1
1469	46683	1
3304	46683	1
4248	46683	1
4642	46683	1
5163	46683	1
5267	46683	1
7671	46683	1
9803	46683	1
1132	46710	1
2195	46710	1
4127	46710	1
6301	46710	1
6849	46710	1
1132	46719	1
4127	46719	1
4963	46719	1
6301	46719	1
2904	46734	1
4973	46734	1
5768	46734	1
6166	46734	1
9526	46734	1
2929	46747	1
227	46749	1
3753	46749	1
4223	46749	1
5059	46749	1
6700	46749	1
7279	46749	1
8144	46749	1
8810	46749	1
9275	46749	1
2370	46752	1
6631	46752	1
6991	46752	1
2683	46773	1
5074	46773	1
5208	46773	1
5267	46773	1
5921	46773	1
6407	46773	1
1329	46779	1
1359	46779	1
7776	46812	1
8969	46812	1
7581	46813	2
9394	46813	1
1773	46824	1
5892	46824	1
1540	46830	1
3821	46830	1
4161	46830	1
8887	46830	1
414	46835	1
513	46835	1
3702	46835	3
4008	46835	1
4087	46835	1
5864	46835	1
5892	46835	1
6834	46835	1
3915	46840	1
4281	46840	1
9423	46840	1
9493	46840	1
841	46855	1
2762	46855	1
3392	46855	1
6104	46855	1
7743	46855	1
8213	46855	1
8276	46855	1
8995	46855	1
1067	46912	1
1132	46912	1
1937	46912	1
5700	46912	1
6009	46912	1
8331	46912	1
92	46916	1
1041	46916	1
3349	46916	1
3412	46916	1
3874	46916	1
5768	46916	1
8134	46916	1
8857	46916	1
1132	46943	1
905	47020	1
1579	47020	1
3582	47020	1
3592	47020	1
4031	47020	1
4948	47020	1
5267	47020	1
5892	47020	1
8467	47020	1
8969	47020	1
133	47116	1
5877	47116	1
6725	47116	1
9526	47116	2
1041	47135	1
3042	47135	1
3349	47135	1
3412	47135	1
3511	47135	1
5866	47135	1
7638	47135	1
5267	47140	1
6796	47140	1
1580	47156	1
1884	47156	1
2398	47156	1
9500	47156	1
9974	47156	1
1052	47159	1
1076	47159	1
3232	47159	1
8479	47159	1
8865	47159	1
6700	47240	1
7852	47240	1
7977	47240	1
8160	47240	2
8395	47240	1
8624	47240	1
4127	47254	1
4259	47254	1
4846	47254	1
3349	47295	1
1066	47334	1
1071	47334	1
1147	47334	1
2678	47334	1
3106	47334	1
4127	47334	1
4861	47334	1
6785	47334	1
7570	47334	1
7690	47334	1
7868	47334	1
726	47394	1
905	47394	1
3584	47394	1
5318	47394	1
5892	47394	1
6937	47394	1
7365	47394	1
8969	47394	1
241	47492	2
742	47492	2
5750	47492	1
5753	47492	1
6131	47492	2
8803	47492	1
2330	47515	1
2974	47515	1
3349	47515	1
4642	47515	1
6700	47515	1
9784	47515	1
2330	47516	1
2974	47516	1
3349	47516	1
4642	47516	1
6700	47516	1
9784	47516	1
797	47559	1
979	47559	1
1029	47559	1
2619	47559	1
3592	47559	1
4215	47559	1
5267	47559	1
7262	47559	1
7874	47559	1
9330	47559	3
9538	47559	1
3403	47629	1
5267	47629	1
7370	47629	2
7717	47629	2
8280	47629	2
9587	47629	2
3403	47632	1
5267	47632	1
7370	47632	2
7717	47632	2
8280	47632	2
9587	47632	2
1294	47648	1
1295	47648	1
2477	47648	1
2674	47648	1
3191	47648	1
5318	47648	1
7621	47648	1
9587	47648	1
1888	47684	1
2619	47697	1
3195	47697	1
3559	47697	1
4127	47697	1
8277	47697	1
1294	47700	1
1295	47700	1
3182	47700	1
3753	47700	1
5548	47700	1
6825	47700	2
7621	47700	1
7790	47700	2
4127	47708	1
5375	47708	1
7038	47708	1
1329	47714	1
5149	47714	1
1527	47857	1
2968	47857	1
4127	47857	1
8380	47857	1
9348	47857	1
9976	47857	1
2178	47861	1
2896	47861	1
3449	47861	1
5058	47861	1
5344	47861	2
7011	47861	1
9010	47861	1
9490	47861	1
1679	47914	1
6588	47946	1
7266	47946	1
7410	47946	1
8008	47946	1
1475	47953	1
5892	47953	1
7776	47953	1
1707	47969	1
2270	47969	1
2307	47969	1
2335	47969	1
4127	47969	1
5318	47969	2
7323	47969	1
328	47972	1
3075	47972	1
5267	47972	1
7169	47972	1
8727	47972	1
1602	48065	1
3787	48065	1
4127	48065	1
5725	48065	1
7266	48065	1
7842	48065	1
846	48134	1
1894	48134	1
4805	48134	2
5629	48134	1
5746	48134	1
8897	48134	1
619	48199	1
1297	48199	1
1529	48199	1
4127	48199	1
6308	48199	1
8032	48199	1
9526	48199	1
184	48229	1
1887	48229	1
2185	48229	1
2903	48229	1
3034	48229	1
5199	48229	1
5866	48229	1
8897	48229	1
9669	48229	1
25	48340	1
1692	48340	1
1887	48340	1
3914	48340	1
5199	48340	1
5866	48340	1
8897	48340	1
9561	48340	1
25	48387	1
1506	48387	1
3221	48387	1
4790	48387	1
5380	48387	1
5629	48387	1
8218	48387	1
8684	48387	1
7	48397	1
3100	48397	1
3297	48397	1
573	48398	1
1887	48398	1
5866	48398	1
7235	48398	1
8897	48398	1
2078	48439	1
4604	48439	1
6119	48439	1
1332	48487	1
3873	48487	1
5866	48487	1
6475	48487	1
6959	48487	1
1577	48495	1
5616	48495	1
5794	48495	1
6894	48495	1
8743	48495	1
677	48558	1
1887	48558	1
4787	48558	1
5582	48558	1
5629	48558	1
5866	48558	1
7239	48558	1
8897	48558	1
9784	48558	1
4973	48583	1
9976	48583	1
1887	48720	1
4790	48720	1
5582	48720	1
5629	48720	1
5866	48720	1
6493	48720	1
7239	48720	1
7601	48720	1
8897	48720	1
241	48756	1
742	48756	1
3501	48756	1
4127	48756	1
4943	48756	1
6131	48756	1
7874	48756	1
9526	48756	1
826	48757	2
4550	48757	1
6003	48757	1
9769	48757	1
184	48787	1
1604	48787	1
1887	48787	1
2495	48787	1
3041	48787	1
5582	48787	1
5866	48787	1
7279	48787	1
8897	48787	1
9010	48787	1
9259	48787	1
2071	48802	1
1736	48820	1
2330	48820	1
3915	48820	1
4127	48820	1
9500	48820	2
7621	48834	1
7635	48834	1
7866	48834	1
8865	48834	1
1741	48841	1
1887	48841	1
2495	48841	1
5199	48841	1
5866	48841	1
7279	48841	1
8897	48841	1
2074	48871	1
2324	48871	1
4351	48871	1
8150	48871	1
9589	48871	1
579	48879	1
3294	48879	1
5267	48879	1
6426	48879	1
8213	48879	1
9992	48879	1
438	48886	1
917	48886	2
3744	48886	1
4127	48886	2
7449	48886	1
8032	48886	1
9610	48886	1
184	48905	2
826	48905	1
1741	48905	1
2495	48905	1
5199	48905	1
5267	48905	1
7279	48905	1
8217	48905	1
9130	48905	1
9769	48905	1
184	48941	1
1887	48941	1
3602	48941	1
4550	48941	1
5606	48941	1
5866	48941	1
7408	48941	1
8369	48941	1
2630	48951	1
2915	48951	1
3686	48951	1
5318	48951	1
7164	48951	1
8130	48951	1
8320	48951	1
8809	48951	1
9966	48951	1
8684	48975	1
134	49021	1
3154	49021	1
4550	49021	1
5267	49021	1
5380	49021	1
6475	49021	1
7408	49021	1
8535	49021	1
8684	49021	1
9769	49021	1
1531	49030	1
4735	49030	1
6444	49030	4
826	49036	1
2624	49036	1
3652	49036	1
7239	49036	1
8897	49036	1
271	49077	1
5921	49077	1
6631	49077	1
6700	49077	1
417	49086	1
3821	49086	1
4175	49086	1
5267	49086	1
7298	49086	1
9769	49086	1
5582	49123	1
9010	49123	1
3821	49134	1
4127	49134	1
8865	49134	1
9938	49134	1
3182	49198	1
3702	49198	1
4988	49198	1
8449	49198	1
1887	49306	1
4875	49306	1
5267	49306	1
5629	49306	1
5866	49306	1
7601	49306	1
2324	49307	1
5233	49307	1
8865	49307	1
5582	49331	1
9010	49331	1
8865	49337	1
9561	49337	1
991	49363	1
1832	49363	1
2427	49363	1
8213	49363	1
6146	49390	1
8525	49390	1
9121	49390	1
103	49399	1
1294	49399	1
1295	49399	1
3511	49399	1
7031	49399	1
7621	49399	1
7913	49399	1
9153	49399	1
466	49412	1
1294	49412	1
1295	49412	1
2736	49412	1
7279	49412	1
7621	49412	1
460	49414	1
7235	49414	1
1887	49447	1
5198	49447	1
5267	49447	1
5629	49447	1
5866	49447	1
7528	49447	1
9010	49447	1
9669	49447	1
2266	49482	1
2820	49482	1
3394	49482	1
3535	49482	1
5794	49482	1
7492	49482	1
826	49517	1
5267	49517	1
8865	49517	1
9139	49517	1
9141	49517	1
1734	49537	1
6894	49537	1
7408	49537	2
9265	49537	1
9763	49537	1
56	49553	1
158	49553	1
2283	49553	1
4550	49553	1
6003	49553	1
9078	49553	1
3182	49588	1
726	49589	1
8727	49589	1
9394	49589	1
991	49661	1
1128	49661	1
3900	49661	1
5267	49661	1
8969	49661	1
9926	49661	1
76	49679	1
2158	49679	1
2734	49679	1
5267	49679	1
1000	49680	1
1329	49680	1
5683	49680	1
7776	49680	2
184	49696	1
4550	49696	1
7233	49696	1
8369	49696	1
9769	49696	1
726	49698	1
6266	49698	1
9080	49698	1
134	49705	1
292	49705	1
831	49705	1
4550	49705	1
5582	49705	1
6003	49705	1
6492	49705	1
6553	49705	1
8865	49705	1
9010	49705	1
9141	49705	1
657	49718	1
979	49718	1
5318	49718	1
6207	49718	1
7279	49718	1
8376	49718	1
4875	49728	1
9010	49728	1
6859	49761	1
7613	49761	1
857	49770	1
3822	49770	1
826	49777	1
2561	49777	1
3154	49777	1
5124	49777	1
6553	49777	1
8683	49777	1
9526	49777	1
9584	49777	1
1758	49792	1
4127	49792	1
5086	49792	1
6838	49792	1
7264	49792	1
8865	49792	1
9625	49792	1
1512	49796	1
2190	49796	1
6003	49796	1
7007	49796	1
8684	49796	1
9769	49796	1
1017	49855	1
1128	49855	1
2526	49855	1
3900	49855	1
9928	49855	1
1780	49873	1
3147	49873	1
3280	49873	1
3914	49873	1
9054	49873	1
9364	49873	1
9526	49873	1
1209	49876	1
1469	49876	1
3100	49876	1
3106	49876	1
3309	49876	1
3918	49876	1
4080	49876	1
5472	49876	1
7869	49876	1
1828	49884	1
9375	49884	1
9610	49884	1
707	49901	1
1440	49901	1
4550	49901	2
5396	49901	1
7845	49901	1
8887	49901	1
9769	49901	1
4753	49912	1
6945	49912	1
8249	49912	1
9397	49912	1
912	49966	1
4127	49966	1
4462	49966	1
4608	49966	1
9151	49966	1
3603	49978	1
4127	49978	1
9500	49978	1
2343	49982	1
4056	49982	2
4127	49982	1
5365	49982	1
5808	49982	1
8630	49982	1
9999	49982	1
134	49983	1
5267	49983	1
8217	49983	1
9010	49983	1
9769	49983	1
3984	49986	1
4127	49986	1
4653	49986	1
7071	49986	1
7776	49986	1
243	49995	1
1467	49995	1
1647	49995	1
3034	49995	1
3392	49995	3
4017	49995	1
5460	49995	1
6894	49995	1
6003	50008	1
4550	50045	1
7262	50045	1
9825	50045	1
2365	50048	1
6146	50048	1
8249	50048	1
1332	50062	1
2750	50062	1
4805	50062	1
4992	50062	1
5629	50062	1
6959	50062	1
8865	50062	1
9420	50062	1
322	50150	1
3822	50150	1
4163	50150	1
4248	50150	2
4846	50150	1
5708	50150	1
5877	50150	1
8806	50150	1
328	50194	1
817	50194	1
2750	50194	1
5064	50194	1
5972	50194	1
6364	50194	1
6979	50194	1
9201	50194	1
1835	50198	1
2245	50198	1
4127	50198	1
4175	50198	1
5318	50198	1
6301	50198	1
8573	50198	1
507	50306	1
941	50306	1
1132	50306	1
1168	50306	1
3531	50306	1
4127	50306	1
5943	50306	1
6301	50306	1
7218	50306	1
1132	50324	1
4127	50324	1
4540	50324	1
6301	50324	1
7412	50324	1
1673	50327	1
1905	50327	1
2526	50327	1
3126	50327	1
3168	50327	1
4279	50327	1
4642	50327	1
6073	50327	1
7956	50327	1
8075	50327	1
8087	50327	1
1152	50481	1
2521	50481	1
3196	50481	1
6009	50481	1
8050	50481	1
9394	50481	1
9766	50481	1
511	50483	1
1132	50483	1
1168	50483	1
3531	50483	1
4127	50483	1
5614	50483	1
5943	50483	1
6253	50483	1
6301	50483	1
969	50491	1
5153	50491	1
5318	50491	1
1469	50526	1
2234	50526	1
4127	50526	1
5316	50526	1
6266	50526	1
7987	50526	1
8585	50526	1
3109	50575	1
3835	50575	1
4127	50575	1
1894	50585	1
3822	50585	1
4127	50585	1
5365	50585	1
9640	50585	1
7264	50609	1
9716	50609	1
1132	50662	1
4127	50662	1
6301	50662	1
7412	50662	1
8533	50662	1
9863	50662	1
1132	50680	1
1406	50680	1
4127	50680	1
6301	50680	1
8508	50680	1
328	50727	1
2447	50727	1
5854	50727	1
6768	50727	1
9262	50727	1
9768	50727	1
3634	50764	1
3954	50764	1
6619	50764	1
8978	50764	1
675	50772	1
857	50772	1
2074	50772	1
3501	50772	1
5241	50772	1
7977	50772	1
8630	50772	1
9394	50772	1
9589	50772	1
890	50777	1
511	50786	1
1132	50786	2
1702	50786	1
3127	50786	1
4127	50786	1
5943	50786	1
6301	50786	1
8533	50786	1
2445	50862	1
3047	50862	1
4127	50862	1
5660	50862	1
7270	50862	1
8865	50862	2
9141	50862	1
740	50881	1
4127	50881	1
4540	50881	1
4915	50881	1
7412	50881	1
682	51091	1
3294	51091	2
3766	51091	1
3873	51091	1
8879	51091	1
857	51152	1
3822	51152	1
518	51157	1
3710	51157	1
7896	51157	1
7563	51205	1
8969	51205	1
63	51306	1
1331	51306	1
3294	51306	1
3686	51306	1
5050	51306	1
5267	51306	2
5309	51306	1
6618	51306	1
8887	51306	1
9526	51306	1
1132	51452	1
1702	51452	1
3930	51452	1
4127	51452	1
5149	51452	1
6785	51452	1
1132	51507	1
1332	51507	1
1406	51507	1
1702	51507	1
2292	51507	1
4127	51507	1
5066	51507	1
5662	51507	1
8508	51507	1
9764	51507	1
415	51528	1
436	51528	1
1469	51528	1
2522	51528	1
2619	51528	1
3041	51528	1
3930	51528	1
4127	51528	1
5022	51528	1
7262	51528	1
8887	51528	1
2993	51624	1
5569	51624	1
1132	51654	1
4127	51654	1
6301	51654	1
1383	51704	1
1527	51704	1
1159	51722	1
9825	51722	2
4963	51754	1
4973	51754	1
8503	51754	1
4699	51776	1
1369	51894	1
2682	51894	1
3787	51894	1
4127	51894	1
6304	51894	1
134	52036	1
680	52036	1
1590	52036	1
3747	52036	1
5258	52036	1
5312	52036	1
5487	52036	1
6861	52036	1
7581	52036	1
1341	52107	1
4127	52107	1
6301	52107	1
826	52129	1
1580	52129	1
2484	52132	1
2931	52132	1
7986	52132	1
1299	52155	1
4127	52155	1
5852	52155	1
1132	52172	1
4127	52172	1
4963	52172	1
7471	52172	1
8479	52172	1
7403	52179	1
7988	52179	1
6146	52184	2
7523	52184	1
9103	52184	1
9974	52184	1
1267	52197	1
4127	52197	1
5794	52197	1
703	52229	1
7120	52229	1
1602	52234	1
2560	52234	1
3006	52234	1
3587	52234	1
4127	52234	1
6769	52234	1
6794	52234	1
7041	52234	1
8530	52234	1
8978	52234	1
580	52252	1
976	52252	1
1067	52252	1
3077	52252	1
3385	52252	1
4906	52252	2
6209	52252	1
8014	52264	1
9825	52264	1
2445	52266	1
3028	52266	1
5298	52266	1
6558	52266	1
2440	52308	1
4127	52308	1
5448	52308	1
6565	52308	2
7870	52308	1
9042	52308	1
1958	52430	2
8508	52430	1
4127	52622	1
6794	52622	1
7041	52622	1
7842	52622	1
8508	52622	1
1059	52667	1
3034	52667	1
4127	52667	1
6096	52667	1
6817	52667	1
9252	52667	1
511	52787	2
1132	52787	1
3702	52787	2
5208	52787	1
7559	52787	1
8324	52787	1
511	52883	1
2968	52883	1
3637	52883	1
4113	52883	1
5606	52883	1
6625	52883	1
7492	52883	1
7559	52883	1
8227	52883	1
6396	52903	1
6700	52903	1
6941	52903	1
8431	52903	1
8536	52903	1
1735	52936	1
2284	52936	1
4127	52936	1
4236	52936	1
4608	52936	1
4617	52936	1
7039	52936	1
8684	52936	1
1745	52964	1
3568	52964	1
5396	52964	1
6959	52964	1
8727	52964	1
9265	52964	1
9669	52964	2
5318	52994	1
6084	52994	1
1132	53046	1
2195	53046	1
4127	53046	1
6301	53046	1
6849	53046	1
9522	53046	1
710	53230	1
3735	53230	1
4587	53230	1
5318	53230	1
7790	53230	1
7819	53230	1
8145	53230	1
9538	53230	1
1013	53257	1
1128	53257	1
1602	53257	1
8995	53257	1
1013	53258	1
1128	53258	1
1602	53258	1
8995	53258	1
3034	53269	1
4127	53269	1
4861	53269	1
7078	53269	1
7183	53269	1
8556	53269	1
8969	53269	1
9500	53269	2
9510	53269	1
1644	53275	1
2884	53275	1
4127	53275	1
7027	53275	1
7071	53275	1
7621	53275	1
9500	53275	2
579	53285	1
1029	53285	1
4127	53285	1
4661	53285	1
6567	53285	1
7163	53285	1
3003	53311	1
3752	53311	1
6373	53311	1
7621	53311	1
8213	53311	1
392	53313	1
1602	53313	1
3769	53313	1
9784	53313	1
772	53360	1
3294	53360	1
9589	53360	1
1619	53367	1
1707	53397	1
2270	53397	1
2625	53397	1
3191	53397	1
3335	53397	1
5725	53397	1
8809	53397	1
1000	53410	1
9669	53410	1
5267	53417	1
7050	53417	1
2477	53419	1
7385	53419	1
8213	53419	1
8806	53419	1
9586	53419	1
4113	53424	1
5077	53424	1
8587	53424	1
4458	53479	1
8909	53479	1
8987	53479	1
9622	53479	1
9627	53479	1
2267	53490	1
6700	53490	1
7621	53490	1
3006	53506	1
3273	53506	1
5548	53506	1
6458	53506	1
8478	53506	1
8743	53506	1
579	53519	1
2446	53519	1
8142	53519	1
8710	53519	1
9699	53519	1
9809	53519	1
4973	53609	1
5181	53609	1
6907	53609	1
8462	53609	1
8978	53609	1
9121	53609	1
9500	53609	1
1283	53683	1
3091	53683	1
4504	53683	1
359	53684	1
2630	53684	1
3312	53684	1
2546	53701	1
4599	53701	1
5267	53701	1
5365	53701	1
5854	53701	1
8740	53701	1
5267	53736	2
5391	53736	1
6998	53736	1
7365	53736	1
9766	53736	1
3087	53771	1
3747	53771	1
4152	53795	1
5768	53795	1
1469	53813	1
3141	53813	1
4127	53813	1
7172	53813	1
1919	53824	1
5234	53824	1
4102	53833	1
4599	53833	1
2862	53847	1
6304	53847	1
7827	53847	1
8987	53847	1
9442	53847	1
9443	53847	1
1132	53851	1
3392	53851	1
579	53940	1
3774	53940	1
8887	53940	1
9526	53940	1
184	53983	1
2513	53983	1
2528	53983	1
3812	53983	1
4735	53983	1
1132	53997	1
2349	53997	1
4127	53997	1
6301	53997	1
6359	53997	1
7656	53997	1
9265	54055	1
2324	54139	1
3294	54139	1
7169	54139	1
7776	54139	1
8865	54139	2
9627	54139	2
9669	54139	1
3836	54206	1
6146	54206	1
1382	54232	1
1467	54234	1
3034	54234	1
4111	54234	1
4491	54234	1
6992	54234	1
9500	54234	1
991	54252	1
9669	54252	1
3182	54293	1
3752	54293	1
4260	54293	1
4366	54293	1
3711	54352	1
7581	54352	1
9970	54405	1
25	54487	1
1604	54487	1
2578	54487	1
2579	54487	1
5160	54487	1
5267	54487	1
8114	54487	1
7071	54500	1
733	54519	1
1637	54519	1
4056	54519	1
5086	54519	1
7581	54519	1
7776	54519	1
8098	54519	1
1152	54564	1
4008	54564	1
5267	54564	1
579	54585	1
1236	54585	1
1357	54585	1
1787	54585	1
4399	54585	1
5862	54585	1
6768	54585	1
432	54666	1
4127	54666	1
8865	54666	1
456	54759	1
1025	54759	1
1296	54759	1
3790	54759	1
4766	54759	1
4876	54759	1
5854	54759	1
8737	54759	1
5655	54800	1
5823	54800	1
9526	54800	1
4127	55044	1
5576	55044	1
6304	55044	1
7078	55044	1
9500	55044	1
8008	55089	1
5576	55135	1
6304	55135	1
9500	55135	1
99	55208	1
8969	55208	1
4127	55217	1
5060	55217	1
5877	55217	1
9153	55217	1
9947	55217	1
937	55251	1
4123	55251	1
4723	55251	1
4861	55251	1
5787	55251	1
5823	55251	1
7854	55251	1
8536	55251	1
8599	55251	1
9121	55251	1
9526	55251	2
9992	55251	2
3113	55285	1
4127	55285	1
9500	55285	1
3656	55298	1
5267	55301	1
1132	55303	1
3774	55303	1
4127	55303	1
6012	55303	1
6301	55303	1
9442	55303	1
758	55315	1
2522	55315	1
3501	55315	1
4127	55315	1
7215	55315	1
9473	55315	1
9764	55315	1
4259	55352	1
5240	55352	1
6384	55402	1
9561	55402	1
1293	55403	1
1602	55403	1
1702	55403	1
3711	55403	1
3784	55403	1
5267	55403	1
6009	55439	1
8865	55439	1
9153	55439	1
920	55561	1
6810	55561	1
7348	55561	1
4271	55580	1
5267	55580	1
5877	55580	1
2445	55582	1
5318	55582	1
3711	55616	1
541	55730	1
1566	55730	1
3359	55730	1
6982	55730	1
241	55778	1
2368	55778	1
258	55791	1
1284	55791	1
2188	55791	1
4419	55791	1
7633	55791	1
8865	55791	1
9627	55791	1
2614	55807	2
2873	55807	1
5061	55807	1
5856	55807	2
6058	55807	1
7078	55807	1
7261	55807	1
8145	55807	1
8865	55807	2
9459	55807	1
1469	55829	1
1905	55829	1
3436	55829	1
3836	55829	1
3970	55829	1
4127	55829	1
4737	55829	1
7621	55829	1
1469	55832	1
1905	55832	1
3436	55832	1
3836	55832	1
3970	55832	1
4127	55832	1
4737	55832	1
7621	55832	1
8209	55832	1
1469	55863	1
1905	55863	1
3836	55863	1
3970	55863	1
4127	55863	1
4227	55863	1
4737	55863	1
7621	55863	1
8209	55863	1
9935	55863	1
1469	55865	1
1905	55865	1
3836	55865	1
3873	55865	1
3970	55865	1
4127	55865	1
4227	55865	1
4737	55865	1
7621	55865	1
9361	55865	1
9935	55865	1
1469	55869	1
1905	55869	1
3836	55869	1
3970	55869	1
4127	55869	1
4227	55869	1
4737	55869	1
7621	55869	1
9935	55869	1
1655	55870	1
4017	55870	1
4127	55870	1
4133	55870	1
5332	55870	1
6119	55870	1
7244	55870	1
7386	55870	1
8587	55870	1
9232	55870	1
1353	55875	1
1469	55875	1
1905	55875	1
3836	55875	1
3970	55875	1
4127	55875	1
4227	55875	1
4737	55875	1
7332	55875	1
7621	55875	1
9935	55875	1
1029	55897	1
1267	55897	1
2059	55897	1
2557	55897	1
3091	55897	1
4837	55897	1
6446	55897	1
9330	55897	1
3041	55898	1
1353	55899	1
1469	55899	1
1905	55899	1
3836	55899	1
3970	55899	1
4127	55899	1
4227	55899	1
4737	55899	1
7332	55899	1
7621	55899	1
9935	55899	1
1353	55902	1
1469	55902	1
1905	55902	1
3836	55902	1
3970	55902	1
4127	55902	1
4227	55902	1
4737	55902	1
7332	55902	1
7621	55902	1
9935	55902	1
1469	55904	1
1905	55904	1
3836	55904	1
3970	55904	1
4127	55904	1
4227	55904	1
4737	55904	1
7621	55904	1
8209	55904	1
9935	55904	1
1469	55909	1
1905	55909	1
3836	55909	1
3970	55909	1
4127	55909	1
4227	55909	1
4737	55909	1
7621	55909	1
9935	55909	1
1353	55916	1
1469	55916	1
1905	55916	1
3836	55916	1
3970	55916	1
4127	55916	1
4227	55916	1
4737	55916	1
7332	55916	1
7621	55916	1
9935	55916	1
1469	55935	1
1905	55935	1
3836	55935	1
3970	55935	1
4127	55935	1
4227	55935	1
4737	55935	1
7621	55935	1
9935	55935	1
201	55939	1
1469	55939	1
1905	55939	1
3836	55939	1
3970	55939	1
4127	55939	1
4227	55939	1
4737	55939	1
7621	55939	1
9935	55939	1
1469	55943	1
1905	55943	1
3836	55943	1
3970	55943	1
4127	55943	1
4227	55943	1
4737	55943	1
7621	55943	1
9866	55943	1
9935	55943	1
1469	55949	1
1905	55949	1
3836	55949	1
3970	55949	1
4127	55949	1
4227	55949	1
4737	55949	1
7621	55949	1
9935	55949	1
1469	55960	1
1905	55960	1
3836	55960	1
3970	55960	1
4127	55960	1
4227	55960	1
4737	55960	1
7621	55960	1
9935	55960	1
5794	55961	1
1469	55963	1
1905	55963	1
3085	55963	1
3836	55963	1
3970	55963	1
4127	55963	1
4227	55963	1
4737	55963	1
7621	55963	1
9935	55963	1
1469	55969	1
1905	55969	1
3836	55969	1
3970	55969	1
4127	55969	1
4227	55969	1
4737	55969	1
7621	55969	1
9935	55969	1
1469	55972	1
1905	55972	1
3836	55972	1
3970	55972	1
4127	55972	1
4227	55972	1
4737	55972	1
7621	55972	1
9935	55972	1
63	55975	1
341	55975	1
1004	55975	1
1632	55975	1
5018	55975	1
5303	55975	1
1469	55982	1
1905	55982	1
3836	55982	1
3970	55982	1
4127	55982	1
4227	55982	1
4737	55982	1
7621	55982	1
8209	55982	1
9935	55982	1
3294	55999	1
4837	55999	1
5232	55999	1
5233	55999	1
3091	56005	1
4837	56005	1
6076	56005	1
1331	56031	1
5246	56031	1
6880	56031	1
8380	56031	1
1507	56047	1
3294	56047	1
4837	56047	1
6870	56047	1
9121	56047	1
1902	56198	1
1929	56198	1
2074	56198	1
2999	56198	1
5441	56198	1
9253	56198	1
1132	56204	1
2704	56204	1
4127	56204	1
6301	56204	1
3744	56229	1
4127	56229	1
5977	56229	1
8375	56229	1
9526	56229	1
9563	56229	1
9963	56229	1
6566	56244	1
1223	56340	1
3182	56340	2
4017	56340	1
4127	56340	1
5318	56340	1
6794	56340	1
7852	56340	1
9175	56340	1
10044	56340	1
1013	56487	1
4056	56487	1
2374	56495	1
2541	56495	1
3347	56495	1
3485	56495	1
5318	56495	1
7523	56495	1
1168	56503	1
3735	56503	1
3752	56503	1
8174	56503	1
3735	56526	1
3915	56526	1
5208	56526	1
6139	56526	2
6407	56526	1
7637	56526	1
9046	56526	1
9589	56526	1
9898	56526	1
579	56528	1
1132	56528	1
1447	56528	1
1702	56528	1
3232	56528	1
4127	56528	1
4213	56528	1
6119	56528	2
6204	56528	1
5794	56553	1
8580	56553	1
8995	56553	1
1493	56561	1
1760	56561	1
2768	56561	1
3392	56561	1
3836	56561	1
5226	56561	1
5782	56561	1
5856	56561	1
6994	56561	1
7986	56561	1
8898	56561	1
3735	56573	1
3915	56573	1
5208	56573	1
6139	56573	1
6407	56573	1
7637	56573	1
9046	56573	1
9589	56573	1
9898	56573	1
3095	56600	1
4680	56600	1
5018	56600	1
6593	56600	1
8395	56600	1
2513	56616	1
3449	56616	1
3683	56616	1
4796	56616	1
7432	56616	1
7968	56616	1
8625	56616	1
8865	56616	1
1894	56640	1
2531	56640	1
2616	56640	1
4056	56640	1
4260	56640	1
6526	56640	1
9538	56640	1
1143	56692	1
2392	56692	1
4661	56692	1
5444	56692	1
9962	56692	1
142	56697	1
2878	56697	1
906	56758	1
2614	56758	1
3100	56845	1
7304	56845	1
3034	56861	1
8268	56915	1
3110	56955	1
6725	56955	1
8213	56955	1
8395	56955	1
9669	56955	1
25	57067	1
8050	57067	1
8684	57067	1
8865	57067	1
9045	57067	1
9141	57067	1
9526	57067	1
378	57127	1
2349	57127	1
4127	57127	1
6769	57127	1
6941	57127	1
793	57139	1
1152	57139	1
3120	57139	1
8050	57139	1
9141	57139	1
9925	57139	1
393	57141	1
4308	57141	1
5053	57141	1
5199	57141	1
7266	57158	1
9546	57184	1
2117	57234	1
4273	57234	1
8449	57234	1
8565	57234	1
9002	57234	1
9610	57234	1
868	57241	1
3034	57241	1
8865	57241	1
2619	57250	1
3930	57250	1
4127	57250	1
399	57409	1
2048	57409	1
243	57429	1
2161	57429	1
3568	57429	1
7634	57429	1
7874	57429	1
9241	57429	1
5226	57448	1
7289	57448	1
8380	57448	1
3568	57522	1
4852	57522	1
2636	57531	1
3821	57531	1
3969	57531	1
7032	57531	1
8449	57531	1
8865	57531	1
9924	57531	1
1802	57548	1
4699	57548	1
1118	57572	1
1832	57572	1
2531	57572	1
2679	57572	1
3702	57572	2
6166	57572	1
8395	57572	1
8865	57572	1
1009	57592	1
2679	57592	1
5504	57592	1
2540	57601	1
4973	57601	1
6321	57601	1
8879	57601	1
328	57607	1
2550	57607	1
6768	57607	1
9330	57607	1
5794	57611	1
5925	57611	1
1736	57652	1
1937	57652	1
2019	57652	1
3050	57652	1
3300	57652	1
3688	57652	1
3752	57652	1
4016	57652	1
8789	57652	1
3501	57667	1
4452	57667	1
7636	57667	1
8380	57667	1
8865	57667	1
5677	57676	1
5854	57676	1
8987	57676	1
9225	57676	1
2679	57706	1
3652	57706	1
6378	57706	1
9890	57706	1
1736	57707	1
1818	57707	1
2823	57707	1
3050	57707	1
3449	57707	1
6426	57707	1
9596	57707	1
9692	57715	1
1132	57718	1
1642	57718	1
4127	57718	1
6301	57718	1
8321	57718	1
9974	57718	1
578	57747	1
733	57747	1
1132	57747	1
1356	57747	1
1614	57747	1
2155	57747	1
2348	57747	1
4127	57747	1
8669	57747	1
5267	57783	1
5301	57783	1
9669	57783	1
1565	57799	1
1576	57799	1
3050	57799	1
6618	57799	1
7271	57799	1
8789	57799	1
9472	57799	1
9490	57799	1
8046	57847	1
1565	57858	1
2019	57858	1
3173	57858	1
3213	57858	1
7031	57858	1
7266	57858	1
8789	57858	1
320	57871	1
3914	57871	1
6922	57871	1
320	57892	1
2614	57892	1
3836	57892	1
5318	57892	1
5771	57892	1
6768	57892	1
7128	57892	1
675	57894	1
2879	57894	1
3050	57894	2
3919	57894	1
4329	57894	1
8704	57894	1
9764	57894	2
857	57929	1
3822	57929	1
25	57933	1
1469	57933	1
2965	57933	1
8050	57933	1
9141	57933	1
9926	57933	1
25	57953	1
1707	57953	1
2636	57953	1
3969	57953	1
4261	57953	1
5301	57953	1
7441	57953	1
8591	57953	1
9924	57953	2
10041	57953	1
158	57956	1
5267	57956	1
5921	57956	1
9808	57956	1
534	57976	1
557	57976	1
1213	57976	1
2075	57976	1
6146	57976	1
6607	57976	1
7799	57976	1
8806	57976	1
267	57992	1
1132	57992	2
4127	57992	1
6301	57992	1
6785	57992	1
7776	57992	1
2636	57993	1
2973	57993	1
3752	57993	1
3969	57993	1
4016	57993	1
5318	57993	1
6781	57993	1
7806	57993	1
8032	57993	1
8591	57993	1
8809	57993	1
1132	57995	2
1702	57995	1
4127	57995	1
4927	57995	1
6301	57995	1
1132	58002	2
1702	58002	1
4127	58002	1
6301	58002	1
7161	58002	1
1132	58011	1
3787	58011	1
4127	58011	1
6301	58011	1
2636	58023	1
3969	58023	1
4458	58023	1
5856	58023	1
7172	58023	1
7298	58023	1
3511	58051	1
4735	58051	1
5625	58051	1
5727	58051	1
841	58118	1
894	58118	1
2155	58118	1
5142	58118	1
6306	58118	1
7252	58118	1
8623	58118	1
9500	58118	1
2863	58121	1
4735	58121	1
6304	58121	1
2477	58178	1
3213	58178	1
4518	58230	1
5074	58230	1
5267	58230	1
5303	58230	1
7030	58230	1
9394	58230	1
3251	58248	1
4601	58248	1
3373	58325	1
8987	58325	1
1406	58334	1
6472	58334	1
6907	58334	1
8923	58334	1
399	58438	1
3109	58438	1
8351	58438	1
6625	58451	1
6870	58451	2
6970	58451	2
6998	58451	1
8803	58451	1
8961	58451	1
8987	58451	1
9096	58451	1
4080	58464	1
8050	58464	1
8246	58464	1
9141	58464	1
9962	58464	1
366	58480	1
2107	58480	1
5318	58480	1
1031	58571	1
3211	58571	1
4735	58571	1
5318	58571	1
2768	58583	1
4735	58583	1
5972	58583	1
5975	58583	1
6642	58583	1
7637	58583	1
4896	58604	1
5199	58604	1
5267	58604	1
8050	58604	1
8218	58604	1
8703	58604	1
9107	58604	1
9141	58604	1
9584	58604	1
1571	58613	1
3752	58613	1
5924	58613	1
8452	58613	1
4735	58615	1
5972	58615	1
7637	58615	1
9500	58622	1
187	58639	1
2858	58639	1
5267	58639	1
5396	58639	1
7882	58639	1
8040	58669	1
8053	58669	1
347	58670	1
1145	58670	1
1593	58670	1
3848	58670	1
5923	58670	1
7408	58670	1
2477	58679	1
2630	58679	1
5265	58679	1
5608	58679	1
2540	58691	1
5267	58691	1
6399	58691	1
8050	58691	1
8887	58691	1
9141	58691	1
9394	58691	1
7365	58724	1
8268	58724	1
9526	58724	1
793	58750	1
2722	58750	1
7852	58750	1
8050	58750	1
9045	58750	1
9141	58750	1
4223	58760	1
7061	58760	1
7852	58760	1
8806	58760	1
9673	58789	1
9721	58789	1
5267	58798	1
8050	58798	1
9045	58798	1
955	58804	1
4897	58804	1
5298	58804	1
8684	58804	1
8995	58804	1
3203	58848	1
4127	58934	1
5318	58934	1
5694	58934	1
6631	58934	1
7323	58934	1
8969	58949	1
2561	58962	1
9054	58962	1
9589	58962	1
2736	58976	1
3373	58976	1
3568	58976	1
8987	58976	1
1240	59007	1
1421	59007	1
2534	59007	1
5267	59007	1
7187	59007	1
7189	59007	1
9610	59007	1
469	59051	1
1564	59051	1
4127	59051	1
4144	59051	1
5473	59051	1
7107	59051	1
4846	59150	1
6625	59150	1
8803	59150	1
8865	59150	1
9096	59150	1
1029	59175	1
8334	59175	1
3182	59231	1
8910	59231	1
3182	59237	1
8910	59237	1
7621	59263	1
3182	59270	1
7189	59270	1
7986	59270	1
8887	59270	1
9526	59270	1
9890	59270	1
3652	59428	1
3906	59428	1
3914	59428	1
4017	59428	1
6557	59428	1
6859	59428	1
8865	59428	1
9054	59428	1
9153	59436	1
9497	59436	1
1744	59470	1
2881	59470	1
2886	59470	1
4127	59470	1
6202	59470	1
7326	59470	1
9054	59470	1
4127	59487	1
1689	59600	1
9974	59600	1
8449	59609	1
3182	59664	1
5318	59664	1
1469	59667	1
1905	59667	1
3836	59667	1
3970	59667	1
4127	59667	1
4227	59667	1
4737	59667	1
7621	59667	1
9935	59667	1
1469	59685	1
1905	59685	1
3836	59685	1
3970	59685	1
4127	59685	1
4227	59685	1
4737	59685	1
7621	59685	1
9935	59685	1
436	59695	1
528	59695	1
1067	59695	1
2955	59695	1
6768	59695	1
9698	59695	1
1469	59703	1
1905	59703	1
3836	59703	1
3970	59703	1
4127	59703	1
4227	59703	1
4737	59703	1
7621	59703	1
9935	59703	1
1469	59707	1
1905	59707	1
3836	59707	1
3970	59707	1
4127	59707	1
4227	59707	1
4737	59707	1
7621	59707	1
9935	59707	1
3900	59723	1
4127	59723	1
6944	59723	1
9218	59723	1
552	59727	1
1469	59727	1
1905	59727	1
2092	59727	1
3836	59727	1
3970	59727	1
4127	59727	1
4227	59727	1
4737	59727	1
7621	59727	1
9935	59727	1
936	59744	1
8070	59744	1
1469	59749	1
1905	59749	1
3836	59749	1
3970	59749	1
4127	59749	1
4227	59749	1
4737	59749	1
4800	59749	1
7621	59749	1
9935	59749	1
3873	59755	1
5267	59755	1
8497	59755	1
9669	59755	1
9784	59755	1
1469	59758	1
1905	59758	1
2424	59758	1
3836	59758	1
3970	59758	1
4127	59758	1
4227	59758	1
4737	59758	1
7621	59758	1
9935	59758	1
2157	59785	1
5240	59785	1
6152	59785	1
1469	59788	1
1905	59788	1
3836	59788	1
3970	59788	1
4127	59788	1
4227	59788	1
4737	59788	1
7621	59788	1
9935	59788	1
