3034	59804	1
5434	59804	2
9230	59804	1
9610	59804	2
2621	59814	1
4817	59866	1
5208	59866	1
8171	59866	1
3984	59878	1
4127	59878	1
8868	59878	1
4817	59912	1
4852	59912	1
5267	59912	1
5318	59912	1
8171	59912	1
1370	59916	1
3349	59916	1
6106	59916	1
455	59969	1
2627	59969	1
4127	59969	1
6166	59969	1
6301	59969	1
1514	60058	1
4504	60058	1
6063	60058	1
9610	60058	1
9727	60058	1
2728	60063	2
5285	60063	1
8865	60063	1
9976	60063	1
558	60119	1
4816	60119	1
8171	60119	1
534	60197	1
4127	60197	1
7448	60197	1
9105	60197	1
1267	60211	1
1299	60211	1
1469	60211	1
2102	60211	1
2261	60211	1
2491	60211	1
4008	60211	1
4161	60211	1
5964	60211	1
6139	60211	1
6338	60211	1
7660	60211	1
4127	60221	1
5316	60221	1
7998	60221	1
8145	60221	1
8750	60221	1
3711	60303	1
4127	60303	1
7739	60303	1
9752	60303	1
3743	60368	1
3943	60368	1
4127	60368	1
4506	60368	1
4830	60368	1
6301	60368	1
3718	60435	1
9078	60435	1
4127	60470	1
5943	60470	1
6301	60470	1
7166	60470	1
8533	60470	1
9054	60470	1
940	60471	1
2402	60471	1
2531	60471	1
2768	60471	1
4127	60471	1
4424	60471	1
6488	60471	1
6769	60471	1
8445	60471	1
37	60475	1
3004	60475	1
4259	60475	1
6391	60475	1
8520	60475	1
8865	60475	1
9315	60475	1
591	60481	1
1225	60481	1
2222	60481	1
3403	60481	1
3425	60481	1
3806	60481	1
5796	60481	1
8899	60481	1
9394	60481	1
9526	60481	1
23	60491	1
1382	60491	1
1437	60491	1
6711	60491	1
9153	60491	1
3568	60495	1
4017	60495	1
7262	60495	1
9175	60495	1
633	60533	1
2255	60533	1
2383	60533	1
3177	60533	1
4400	60533	1
5032	60533	2
7638	60533	1
7776	60533	1
9175	60533	1
4395	60536	1
161	60537	1
65	60556	1
742	60556	1
1010	60556	1
3335	60556	1
4127	60556	1
5663	60556	1
8701	60556	1
5794	60571	1
2630	60597	1
3602	60597	1
4897	60597	1
5616	60597	1
8187	60597	1
8321	60597	1
9175	60597	1
9906	60597	1
3182	60602	2
5460	60602	1
6700	60602	1
3260	60605	1
7029	60605	1
1240	60609	1
5279	60609	1
7471	60609	1
7582	60609	1
459	60659	1
1512	60659	1
1580	60659	1
3294	60659	1
7351	60659	1
9627	60659	1
3568	60671	1
3970	60671	1
8944	60671	1
9926	60671	1
1013	60686	1
5724	60686	1
9038	60686	1
629	60700	1
3034	60700	1
3900	60700	1
6725	60700	1
9526	60700	1
9549	60700	1
857	60707	1
2531	60707	1
3577	60707	1
4127	60707	1
6619	60707	1
7740	60707	1
9105	60707	1
9688	60707	1
640	60710	1
4081	60710	1
4127	60710	1
6301	60710	1
7166	60710	1
10004	60710	1
8324	60719	1
549	60723	1
1512	60723	1
1957	60723	1
3933	60738	1
4019	60738	1
4127	60738	1
5208	60738	1
5705	60738	1
6619	60738	1
7543	60738	1
626	60752	1
960	60752	1
4761	60752	1
5318	60752	1
3278	60802	1
8684	60802	1
724	60816	1
9962	60816	1
1143	60863	1
1437	60863	1
3182	60863	1
3568	60863	1
5267	60863	1
6403	60863	1
9193	60863	1
142	60869	1
1886	60873	1
8750	60873	1
8899	60873	1
9036	60873	1
791	60878	1
5318	60878	1
1630	60886	1
2142	60886	1
2445	60886	1
5727	60886	1
7743	60886	1
7759	60886	1
7874	60886	1
2532	60965	1
4127	60965	1
5018	60965	1
6166	60965	1
7808	60965	1
558	61011	1
1499	61011	1
5158	61011	1
5924	61011	1
6146	61011	1
9526	61011	1
9589	61011	1
3691	61047	1
5323	61047	1
5794	61047	1
6403	61047	1
8449	61047	1
9526	61047	1
4127	61061	1
4247	61061	1
6301	61061	1
9774	61061	1
2157	61067	1
8750	61067	1
3984	61079	1
579	61083	1
2138	61083	1
2267	61083	1
3034	61083	1
3501	61083	1
6785	61083	1
6941	61083	1
7956	61083	1
1118	61090	1
4222	61090	1
5794	61090	1
7234	61090	1
1027	61102	1
2715	61102	1
4127	61102	1
5972	61102	2
6301	61102	1
2158	61156	1
2479	61156	1
4260	61156	1
5208	61156	1
5382	61156	1
5921	61156	1
6403	61156	1
7968	61156	1
412	61189	1
507	61189	1
2331	61189	1
4127	61189	1
9669	61189	1
8220	61242	1
9086	61242	1
4127	61258	1
4246	61258	1
6926	61258	1
7657	61258	1
7739	61258	1
8057	61258	1
9114	61258	1
3943	61314	1
4127	61314	1
4506	61314	1
6301	61314	1
421	61317	1
1267	61317	1
2158	61317	1
4260	61317	1
4907	61317	1
5267	61317	1
6403	61317	1
8395	61317	1
412	61348	1
446	61348	1
2562	61348	1
2750	61348	1
3291	61348	1
5502	61348	1
6716	61348	1
7272	61348	1
8752	61348	1
672	61360	1
1143	61360	1
3499	61360	1
6403	61360	1
5318	61396	1
5794	61396	1
6403	61396	1
9474	61396	1
455	61409	1
640	61409	1
1246	61409	1
4081	61409	2
4127	61409	1
5316	61409	1
6304	61409	1
9860	61409	1
3294	61412	1
4127	61412	1
606	61449	1
1892	61449	1
2266	61449	1
4127	61449	1
5519	61449	1
2370	61478	1
7759	61576	1
925	61580	1
5771	61580	1
3501	61582	1
3596	61582	1
5318	61582	1
5937	61582	1
455	61631	1
640	61631	1
812	61631	1
1246	61631	1
4081	61631	2
4127	61631	1
5316	61631	1
6304	61631	1
2823	61685	1
3501	61685	1
4817	61685	1
5972	61685	1
8171	61685	1
8995	61685	1
9445	61685	1
9942	61685	1
5160	61712	1
5627	61712	1
7743	61712	1
8098	61712	1
5854	61811	1
7563	61811	1
8070	61811	1
2003	61817	1
3933	61817	1
4019	61817	1
4127	61817	1
5208	61817	1
5705	61817	1
6619	61817	1
7543	61817	1
2616	61858	1
3602	61858	1
8987	61858	1
5318	61874	2
6403	61874	1
8144	61874	1
9078	61874	1
4127	61890	1
4619	61890	1
6301	61890	1
6970	61890	1
9974	61890	1
303	61907	1
1029	61907	1
4127	61907	1
4854	61907	1
5116	61907	1
6859	61907	1
7874	61907	1
8426	61907	1
8752	61907	1
9464	61907	1
9589	61907	1
10056	61907	1
1532	61918	1
1630	61918	1
6834	61918	1
3724	61928	1
4044	61928	1
8865	61928	1
640	61941	1
3294	61941	1
4127	61941	1
5208	61941	1
6304	61941	1
7389	61941	1
675	61967	1
857	61967	1
2412	61967	1
3525	61967	2
4127	61967	1
5208	61967	1
8462	61967	1
9318	61967	1
826	61992	1
1186	61992	1
4127	61992	1
6301	61992	1
9037	61992	1
9774	61992	1
692	62006	1
1905	62006	1
4046	62006	1
7104	62006	2
7971	62006	1
5267	62016	1
8213	62016	1
8978	62016	1
9175	62016	1
1653	62067	1
4260	62067	1
8129	62067	1
8573	62067	1
9627	62067	1
1653	62111	1
8624	62111	1
1027	62138	1
1653	62138	1
4102	62138	1
1630	62195	1
2143	62195	1
3359	62195	1
3568	62195	1
3341	62197	1
1642	62216	1
2781	62216	1
3525	62216	1
3712	62216	1
4127	62216	1
5198	62216	1
5208	62216	1
8462	62216	1
8743	62216	1
9318	62216	1
1630	62230	1
2143	62230	1
3359	62230	1
3568	62230	1
58	62253	1
2672	62253	1
7128	62253	1
7262	62253	1
8098	62253	1
8944	62253	1
1902	62259	1
3943	62259	1
4127	62259	1
4506	62259	1
5318	62259	1
6301	62259	1
1108	62265	1
1176	62265	1
1653	62265	1
9974	62265	1
1185	62290	1
7520	62312	1
9926	62312	1
3511	62364	1
8098	62364	1
1854	62374	1
3735	62374	1
3780	62374	1
5254	62374	1
5423	62374	1
5561	62374	1
5978	62374	1
6119	62374	1
7383	62374	1
9977	62374	1
5240	62375	1
7128	62375	1
9126	62375	1
3568	62392	1
8017	62392	1
826	62420	1
1653	62420	1
2968	62420	1
5267	62420	1
6403	62420	1
812	62433	1
1118	62433	1
1478	62433	2
1513	62433	1
1562	62433	2
4127	62433	1
4531	62433	1
5318	62433	1
2030	62461	1
3559	62461	1
5267	62461	1
9197	62461	1
5023	62505	1
5446	62505	1
8053	62505	1
9926	62505	1
1325	62543	1
2532	62543	1
3873	62543	1
4113	62543	1
7295	62543	1
8122	62543	1
9805	62543	1
726	62551	1
5794	62551	1
1981	62571	1
4442	62571	1
8366	62571	1
63	62701	1
1512	62701	1
3294	62701	1
3340	62701	1
5396	62701	1
3525	62706	2
4127	62706	1
5208	62706	1
9188	62706	1
9318	62706	1
9853	62706	1
3064	62768	1
3210	62768	1
3998	62768	1
4081	62768	1
4127	62768	1
5316	62768	1
6301	62768	1
1642	62771	1
3525	62771	2
4127	62771	1
5208	62771	2
9318	62771	1
1451	62774	1
1848	62774	1
4458	62774	1
6768	62774	1
3525	62850	4
4127	62850	1
5208	62850	1
6418	62850	1
6619	62850	1
9318	62850	1
816	63053	1
857	63053	1
4127	63053	1
7977	63053	1
2614	63057	1
3806	63057	1
5758	63057	1
7115	63057	1
7638	63057	1
8213	63057	1
8320	63057	1
8995	63057	1
1642	63061	1
3525	63061	2
4127	63061	1
5208	63061	1
6287	63061	1
6301	63061	1
8462	63061	1
9318	63061	1
1630	63082	1
6166	63082	1
8969	63082	1
8987	63082	1
3901	63120	1
140	63171	1
1005	63172	1
1642	63172	1
4127	63172	1
5208	63172	1
6922	63172	1
7607	63172	1
8865	63172	1
9318	63172	1
742	63191	1
940	63191	1
1086	63191	1
2402	63191	1
3763	63191	1
4127	63191	1
8865	63191	1
9538	63191	1
3525	63209	1
4127	63209	1
9784	63209	1
4113	63332	1
4127	63332	1
6557	63332	1
7550	63332	1
9135	63332	1
9669	63332	1
1642	63372	1
2773	63372	1
2781	63372	1
3525	63372	1
3712	63372	1
4127	63372	1
5208	63372	1
8462	63372	1
8743	63372	1
9318	63372	1
10042	63372	1
1507	63392	1
2097	63392	1
4127	63392	1
857	63408	1
3822	63408	1
4127	63408	1
6671	63408	1
9694	63408	1
9774	63408	1
3092	63493	1
4056	63493	1
4081	63620	1
4127	63620	1
5316	63620	1
8193	63620	1
2414	63635	1
3525	63635	1
4127	63635	1
5924	63635	1
8462	63635	1
9318	63635	1
3525	63667	4
4127	63667	1
9153	63667	1
4127	63672	1
4820	63672	1
8217	63672	1
2892	63712	1
4091	63712	1
2750	63740	1
2828	63740	1
6725	63740	1
8852	63740	1
9201	63740	1
9784	63740	1
9822	63740	1
1408	63825	1
6609	63825	1
1408	63833	1
6609	63833	1
8969	63833	1
1857	63955	1
4127	63955	1
4963	63955	1
6301	63955	1
7412	63955	1
8337	63955	1
9858	63955	1
455	63985	1
1385	63985	1
1742	63985	1
3045	63985	1
3480	63985	1
4127	63985	1
5642	63985	1
7437	63985	2
9347	63985	1
9822	63985	1
9934	63985	1
3821	64022	1
4162	64095	1
5802	64095	1
6700	64095	1
6711	64095	1
123	64101	1
4127	64101	1
5267	64101	1
1005	64106	1
4127	64106	1
6304	64106	1
7154	64106	1
7698	64106	1
8669	64106	1
9836	64106	1
1469	64113	1
1514	64113	1
1894	64113	1
3613	64113	1
4127	64113	1
5045	64113	1
920	64140	1
1514	64140	1
4458	64140	1
4963	64140	1
5332	64140	1
2531	64169	1
4127	64170	1
8944	64170	1
9633	64175	1
747	64209	1
2157	64244	1
534	64250	1
627	64250	1
2704	64250	1
3577	64250	1
4127	64250	1
5216	64250	1
6471	64250	1
7740	64250	1
9105	64250	1
9688	64250	1
1186	64274	1
1894	64274	1
3525	64274	1
4127	64274	1
7266	64274	1
5460	64281	1
5726	64281	1
7248	64281	1
9808	64281	1
243	64316	1
5267	64316	1
5726	64316	1
5782	64316	1
9526	64316	1
1067	64369	1
3232	64369	1
6894	64369	1
436	64485	1
6166	64485	1
8246	64485	1
9669	64485	1
3511	64532	1
3980	64532	1
4127	64532	1
5892	64532	1
8232	64532	1
8865	64532	2
9526	64532	1
3275	64544	1
4127	64544	2
8262	64544	1
9591	64544	1
2191	64547	1
2998	64547	1
3821	64547	2
4070	64547	1
4215	64547	1
7128	64547	1
2736	64553	1
6781	64553	1
8008	64553	1
534	64563	1
1204	64563	1
1478	64563	1
2349	64563	1
2678	64563	1
4029	64563	1
4127	64563	1
5216	64563	1
5737	64563	1
6843	64563	1
9105	64563	1
9688	64563	1
991	64568	1
3649	64568	1
4259	64568	2
5226	64568	1
8056	64568	1
8810	64568	1
8865	64605	1
2617	64622	1
4852	64622	1
8443	64622	1
8810	64627	1
8865	64627	1
760	64645	1
1365	64645	1
4127	64645	1
4487	64645	1
8672	64645	1
9676	64645	1
9677	64645	1
1637	64662	1
3602	64662	1
9581	64662	1
1018	64669	1
3903	64669	1
4127	64669	1
4561	64669	1
5460	64669	1
5695	64669	1
6279	64669	1
9946	64669	1
4824	64671	1
359	64681	1
826	64681	1
1022	64681	1
1029	64681	1
3280	64681	1
3501	64681	1
4127	64681	1
7262	64681	1
9474	64681	1
9974	64681	1
3504	64725	2
4030	64725	1
4544	64725	1
5226	64725	1
5844	64725	1
1018	64748	1
2297	64748	1
9589	64748	1
3984	64771	1
4617	64771	1
5794	64771	1
7776	64771	1
3287	64797	1
3984	64797	1
5655	64797	1
7776	64797	1
7854	64797	1
3340	64812	1
3836	64812	1
5208	64812	1
5226	64812	1
1835	64823	1
3034	64823	1
4162	64823	1
4544	64823	1
5783	64823	1
7266	64823	1
8449	64823	1
9526	64823	1
1532	64828	1
2477	64828	2
3294	64828	2
6700	64828	1
167	64836	1
1096	64836	1
2546	64836	1
5854	64836	1
7988	64836	1
5226	64846	1
6217	64846	1
9165	64846	1
1243	64853	1
4259	64853	1
5794	64853	1
8008	64853	1
9701	64853	1
4213	64865	1
6191	64865	1
6799	64865	1
9538	64865	1
2973	64886	1
3926	64886	1
8810	64886	1
9153	64886	2
9825	64886	1
2004	64892	1
4259	64892	1
5909	64892	1
6982	64892	1
7978	64892	1
8978	64892	1
4127	64893	1
6769	64893	1
6941	64893	1
9114	64893	1
1857	64900	1
4127	64900	1
6301	64900	1
9909	64900	1
4162	64908	1
8443	64908	1
8810	64908	1
9757	64908	1
125	64920	1
1029	64920	1
5124	64920	1
9526	64920	1
9977	64920	1
4056	64927	1
7923	64927	1
9538	64927	1
558	64931	1
2032	64931	1
2049	64931	1
3774	64931	1
5160	64931	1
8072	64931	1
9942	64931	1
1018	64934	1
2297	64934	1
4469	64934	1
9193	64934	1
9589	64934	1
303	64965	1
1520	64965	1
4056	64965	1
4127	64965	1
4622	64965	1
8944	64965	1
1580	64973	1
5476	64973	1
6987	64973	1
9974	64973	1
733	65100	1
9669	65111	2
3182	65116	1
3873	65116	1
6959	65116	1
7621	65116	1
9193	65116	1
4127	65120	1
5951	65120	1
9961	65120	1
2074	65126	1
2968	65126	1
3822	65126	1
5561	65126	1
8865	65126	1
74	65184	1
275	65184	1
353	65184	1
2921	65184	1
4127	65184	1
4333	65184	1
5351	65184	1
9045	65184	1
958	65194	2
3384	65194	1
4111	65194	1
5318	65194	1
8008	65194	1
8536	65194	1
8887	65194	1
9225	65194	1
9526	65194	1
10000	65194	1
3873	65257	1
5309	65257	1
5892	65257	1
6083	65257	1
3392	65324	1
455	65341	1
940	65341	1
2402	65341	1
4127	65341	1
5943	65341	1
8533	65341	1
528	65352	1
4259	65352	1
9962	65352	1
541	65380	1
3340	65380	1
6218	65380	1
9915	65380	1
2616	65452	1
3873	65452	1
9542	65452	1
1783	65467	1
2955	65467	1
4333	65467	1
4729	65467	1
6304	65467	1
7638	65467	1
8969	65467	1
3664	65507	1
6304	65507	1
7490	65507	1
826	65540	1
1225	65540	1
2446	65540	2
3560	65540	1
3772	65540	1
3822	65540	2
4127	65540	1
5866	65540	2
6096	65540	1
6661	65540	1
3752	65571	1
4111	65571	1
5616	65571	1
8098	65571	1
8107	65571	1
8187	65571	1
8969	65571	1
9947	65571	1
9962	65587	1
5318	65596	1
5794	65596	1
9985	65596	1
594	65680	1
1679	65680	1
2083	65710	1
3873	65710	1
4852	65710	1
8969	65710	1
455	65717	1
3752	65717	1
4111	65717	1
4801	65717	1
8098	65717	1
1440	65727	1
2330	65727	1
3349	65727	1
4458	65727	1
534	65744	1
2477	65744	1
3034	65744	1
5199	65744	1
5279	65744	1
9757	65744	1
1059	65768	1
4297	65768	1
4333	65768	1
5351	65768	1
6304	65768	1
6881	65768	1
7223	65768	1
7638	65768	1
7641	65768	1
8987	65768	1
9049	65768	1
740	65898	1
3081	65898	1
3658	65898	1
4127	65898	1
5443	65898	1
6457	65898	1
6579	65898	1
9815	65898	1
1630	65910	1
7874	65910	1
3873	65965	1
3979	65965	1
1126	65998	1
5794	65998	1
7051	65998	1
9766	65998	1
2968	66055	1
3294	66055	1
5351	66055	1
6313	66055	1
6621	66055	1
7191	66055	1
7638	66055	1
7984	66055	1
8279	66055	1
8969	66055	1
3161	66069	1
4127	66069	1
6301	66069	1
3161	66074	1
4127	66074	1
5423	66074	1
5943	66074	1
6301	66074	1
8351	66074	1
8533	66074	1
41	66093	1
4047	66093	1
4127	66093	1
8865	66093	1
353	66117	1
991	66117	1
1293	66117	1
6472	66117	1
7381	66117	1
9193	66117	2
455	66151	1
4127	66151	1
6619	66151	1
7437	66151	1
9625	66151	1
9934	66151	1
1897	66154	1
3806	66154	1
4127	66154	1
4559	66154	1
5738	66154	1
6336	66154	1
3984	66155	1
8079	66155	1
9924	66155	1
4895	66210	1
7411	66210	1
7638	66210	1
5301	66255	1
9551	66255	1
2616	66266	1
2955	66266	1
3082	66266	1
4445	66266	1
5018	66266	1
5318	66266	1
6725	66266	1
8098	66266	1
9542	66266	1
733	66300	2
4088	66300	1
5032	66300	1
7124	66300	1
8098	66300	1
3142	66364	1
4088	66364	1
4248	66364	1
5794	66364	1
7676	66364	1
9627	66364	1
613	66378	1
6566	66378	1
8969	66378	1
3765	66433	1
9727	66433	1
9926	66433	1
1512	66485	1
1554	66485	1
3735	66485	1
4048	66485	1
5199	66485	1
5972	66485	1
9538	66485	1
9625	66485	1
2248	66536	1
5267	66536	1
7031	66536	1
7040	66536	2
7621	66536	1
3575	66574	1
673	66657	1
2248	66657	1
4162	66657	2
6569	66657	1
6861	66657	1
7244	66657	1
7621	66657	1
8535	66657	1
9394	66657	1
4127	66703	1
6315	66703	1
6609	66703	1
6785	66703	1
6866	66703	1
8195	66703	1
9330	66703	1
937	66739	1
5096	66739	1
6166	66739	1
133	66755	1
2157	66755	1
6166	66755	2
8107	66755	1
9026	66755	1
9153	66755	1
9526	66755	1
515	66769	2
2248	66769	1
2966	66769	1
3034	66769	1
3787	66769	1
3970	66769	1
3985	66769	1
7621	66769	1
78	66788	1
288	66788	1
2187	66788	1
3752	66788	1
3900	66788	1
4339	66788	1
4463	66788	1
5065	66788	1
5942	66788	1
6133	66788	1
2977	66806	1
8230	66806	1
9947	66806	1
2914	66812	1
2926	66812	1
4111	66812	1
8865	66812	1
9526	66812	1
456	66837	1
2540	66837	1
6949	66837	1
9947	66837	1
1406	66842	1
1602	66842	1
3090	66842	1
3161	66842	1
3688	66842	1
4127	66842	1
5150	66842	1
7015	66842	1
1382	66860	1
2477	66860	1
3034	66860	1
7676	66860	1
2483	66892	1
3873	66892	1
3914	66892	1
8089	66892	1
5153	66900	1
5892	66909	1
5513	66963	1
7365	66963	1
7462	66963	1
9763	66963	1
591	66991	1
826	66991	1
829	66991	1
1637	66991	1
2270	66991	1
2313	66991	1
3806	66991	1
6558	66991	1
7486	66991	1
8446	66991	1
9763	66991	1
8810	67033	1
9228	67033	1
4259	67039	1
9226	67039	1
1382	67044	1
2477	67044	1
4824	67044	1
5077	67044	1
2931	67047	1
3711	67047	1
4127	67047	1
5267	67047	1
5318	67047	2
7415	67047	1
9055	67047	1
758	67052	1
2127	67052	1
3559	67052	1
8556	67052	1
9809	67052	1
9996	67052	1
672	67057	1
1098	67057	1
1475	67057	1
4332	67057	1
7641	67057	1
8351	67057	1
8865	67057	1
9538	67057	1
1071	67060	1
2477	67060	1
4846	67060	1
7868	67060	1
7998	67060	1
9040	67060	1
4852	67081	1
5766	67081	1
8098	67081	1
8144	67081	1
2157	67087	1
3392	67087	1
4897	67087	1
5794	67087	1
8536	67087	1
8995	67087	1
9546	67087	1
528	67091	1
8443	67108	1
3035	67140	1
40	67145	3
4127	67145	1
4642	67145	1
7075	67145	1
7410	67145	1
7854	67145	2
1689	67156	1
4259	67156	1
448	67163	1
940	67163	1
4127	67163	1
4642	67163	1
4718	67163	1
6301	67163	1
6618	67163	1
7417	67163	2
7691	67163	1
7819	67163	1
2917	67172	1
3873	67172	1
4366	67172	1
7169	67172	1
8648	67172	1
9542	67172	1
5351	67201	1
5476	67201	1
6313	67201	1
7638	67201	1
8969	67201	1
1413	67219	1
3881	67219	1
4127	67219	1
8156	67219	1
3228	67270	1
5318	67270	1
9727	67270	1
9943	67270	1
5892	67316	1
6686	67316	1
4127	67398	1
6301	67398	1
7166	67398	1
707	67403	1
2142	67403	1
8865	67403	1
8925	67403	1
3767	67444	1
4127	67444	1
7749	67444	1
4057	67450	1
5226	67450	1
9716	67450	1
2220	67504	1
7842	67504	1
8624	67504	1
9193	67504	1
2914	67509	1
3034	67509	1
3584	67509	1
4111	67509	1
8098	67509	1
4127	67524	1
4788	67524	1
5943	67524	1
6301	67524	1
7138	67524	1
7166	67524	1
8533	67524	1
9054	67524	1
4127	67554	1
8664	67554	1
9135	67554	1
1755	67594	1
2746	67594	1
3040	67594	1
4127	67594	1
8339	67594	1
1724	67609	1
2595	67609	1
4127	67609	1
4973	67609	1
7166	67609	1
1724	67631	1
2478	67631	1
4127	67631	1
6881	67631	1
7147	67631	1
7166	67631	1
8969	67631	1
875	67642	1
1549	67642	1
1564	67642	1
4127	67642	1
4603	67642	1
7684	67642	1
5226	67738	1
6941	67738	1
7411	67738	1
8213	67738	1
1095	67740	1
3232	67740	1
4127	67740	1
255	67751	1
640	67751	1
1240	67751	1
1463	67751	1
1818	67751	1
2400	67751	1
4056	67751	1
6166	67751	1
7638	67751	1
9066	67751	1
9686	67751	1
3501	67781	1
3501	67785	1
579	67812	1
4162	67812	1
4259	67812	1
5208	67812	1
5226	67812	1
6998	67812	1
2546	67821	1
6725	67821	1
7295	67821	1
455	67881	1
511	67881	1
2023	67881	1
4127	67881	1
4644	67881	1
5892	67881	1
10038	67919	1
1747	67938	1
2142	67938	1
2914	67938	1
3215	67938	1
4111	67938	1
7743	67938	1
9686	67938	1
92	67939	1
8520	67939	1
5461	67943	1
5883	67943	1
5892	67943	1
7128	67943	1
1788	67961	1
7169	67965	1
4127	67981	1
558	67998	1
746	67998	1
3900	68041	1
6700	68041	1
7671	68041	1
8008	68041	1
826	68080	1
3038	68080	1
3501	68080	1
5318	68080	1
9535	68080	1
185	68084	1
2257	68084	1
2395	68084	1
2516	68084	1
4699	68084	1
9394	68084	1
9625	68084	1
976	68133	1
2463	68133	1
6859	68133	1
6146	68136	1
7581	68136	1
3543	68140	1
5854	68140	1
9716	68140	1
1440	68146	1
2883	68146	1
3392	68146	1
5790	68146	1
6847	68146	1
8377	68146	1
604	68155	1
4127	68155	1
6301	68155	1
7968	68155	1
9774	68155	1
26	68156	1
2074	68156	1
2522	68156	1
3034	68156	1
3485	68156	1
7761	68156	1
531	68173	1
3821	68173	1
5301	68173	1
8724	68173	1
8766	68173	1
8865	68173	1
2614	68178	1
6811	68178	1
733	68239	1
5318	68239	1
5854	68239	1
6579	68239	1
341	68261	1
443	68261	1
2522	68261	1
3106	68261	1
3487	68261	1
4578	68261	1
7348	68261	1
7810	68261	1
8865	68261	1
9526	68261	1
9625	68261	1
6146	68268	1
6472	68268	1
8232	68268	1
9571	68268	1
9719	68268	1
1437	68282	1
2324	68282	1
3752	68282	1
5077	68282	1
6631	68282	1
8796	68282	1
1475	68289	1
2914	68289	1
5309	68289	1
878	68311	1
6012	68311	1
6370	68311	1
6904	68311	1
3191	68366	1
3284	68366	1
3943	68366	1
4127	68366	1
4506	68366	1
4705	68366	1
9947	68366	1
733	68373	1
1437	68373	1
1878	68373	1
2945	68373	1
7581	68373	1
8130	68373	1
1236	68386	1
3034	68386	1
9193	68386	1
3963	68402	1
4127	68402	1
4944	68402	1
6608	68402	1
6772	68402	1
7258	68402	1
8479	68402	1
8525	68402	1
9625	68402	1
1067	68410	1
3294	68410	1
5661	68410	2
594	68424	1
811	68424	1
1679	68424	1
2656	68424	1
4127	68424	1
7181	68424	1
8969	68424	1
9340	68424	1
9627	68424	1
1437	68442	1
2448	68498	1
6166	68498	1
6592	68498	1
7365	68498	1
4127	68574	1
6769	68574	1
6941	68574	1
7166	68574	1
10042	68574	1
2217	68585	1
6081	68585	1
8329	68585	1
8562	68585	1
8869	68585	1
840	68620	1
2766	68620	1
3335	68620	1
4127	68620	1
4398	68620	1
4642	68620	1
5617	68620	1
6290	68620	2
6618	68620	1
8268	68620	1
4127	68673	1
6202	68673	1
3017	68690	1
4127	68690	1
3034	68746	1
1017	68754	1
7264	68754	1
8380	68754	1
1118	68787	1
5303	68787	1
2049	68788	1
6885	68788	2
7128	68788	1
8630	68788	1
1689	68851	1
6998	68851	1
3217	68869	1
8992	68869	1
1958	68920	1
3232	68920	1
9526	68920	1
698	68923	1
3161	68923	1
4127	68923	1
5696	68923	1
6301	68923	1
7166	68923	1
446	68930	1
1331	68930	3
4056	68930	2
4127	68930	1
4642	68930	1
6290	68930	3
6644	68930	1
7075	68930	1
8070	68930	1
1006	68946	1
5181	68946	1
9589	68946	1
9838	68946	1
4056	68997	1
6166	68997	1
9669	68997	1
3790	69015	1
6619	69015	1
4127	69019	1
5698	69019	1
6396	69019	1
8585	69019	1
8704	69019	1
2294	69027	1
2526	69027	1
4862	69027	1
8127	69027	1
9255	69027	1
9526	69027	1
337	69029	1
793	69029	1
2105	69029	1
7009	69029	2
844	69034	1
1406	69034	1
2061	69034	1
3161	69034	1
4127	69034	1
4569	69034	1
4864	69034	1
6043	69034	1
6301	69034	1
8785	69034	1
9669	69038	1
9803	69042	1
5318	69052	1
1854	69087	1
2217	69087	1
9546	69087	1
2581	69104	1
4056	69104	1
4113	69104	1
5909	69104	1
6166	69104	1
7463	69104	1
895	69115	1
1031	69115	1
6287	69115	1
5283	69122	1
8865	69122	1
3217	69126	1
8276	69126	1
8992	69126	1
256	69178	1
4127	69178	1
6344	69178	1
7166	69178	1
8924	69178	1
60	69179	1
1851	69179	1
2294	69179	1
4434	69179	1
4664	69179	1
4796	69179	1
6139	69179	1
1415	69229	1
2537	69229	1
3490	69229	1
4127	69229	1
5249	69229	1
1267	69244	1
2294	69244	1
4434	69244	1
6139	69244	1
6384	69244	1
6733	69244	1
7128	69244	1
9526	69244	2
3943	69262	2
4127	69262	1
4506	69262	2
6301	69262	2
9752	69262	1
261	69275	1
275	69275	1
2921	69275	1
4127	69275	1
4332	69275	1
1616	69332	1
1617	69332	1
1739	69332	1
2891	69332	1
4127	69332	1
4413	69332	1
4642	69332	1
5797	69332	1
8439	69332	1
905	69339	1
2768	69339	1
2965	69339	1
3511	69339	1
3575	69339	1
3687	69339	1
8380	69339	1
8562	69339	1
8865	69339	1
9175	69339	1
9330	69339	1
1006	69355	1
3415	69355	1
8380	69355	1
106	69399	1
1192	69399	1
2401	69399	1
5737	69399	1
7044	69399	1
7410	69399	1
7621	69399	1
8594	69399	1
8865	69399	1
9464	69399	1
1435	69412	1
3392	69412	1
4957	69412	1
8969	69412	1
533	69428	1
4356	69428	1
6713	69428	1
9526	69428	1
3661	69439	1
3943	69439	2
4127	69439	1
4506	69439	2
6301	69439	1
4653	69452	1
4957	69452	1
8351	69452	1
1317	69498	1
1679	69498	1
2024	69498	1
3658	69498	1
3790	69498	1
4127	69498	1
4881	69498	1
5021	69498	1
9998	69498	1
905	69506	1
1551	69506	1
1564	69506	1
4127	69506	1
5487	69506	1
9467	69506	1
2188	69534	1
4271	69534	1
8865	69534	1
9072	69534	1
3873	69546	1
5892	69546	1
9542	69546	1
557	69574	1
5794	69574	1
3821	69596	1
5787	69596	1
6166	69596	1
1440	69607	1
1630	69607	1
6229	69607	1
8520	69607	1
8865	69607	1
1415	69614	1
2537	69614	1
2690	69614	1
3490	69614	1
4127	69614	1
368	69649	1
4127	69649	1
5900	69649	1
6972	69649	1
1411	69699	2
2253	69699	1
3432	69699	1
4127	69699	1
6301	69699	1
6609	69699	1
7336	69699	1
8451	69699	2
3266	69721	1
5443	69721	1
1580	69748	1
2401	69748	1
3108	69748	1
4088	69748	1
5737	69748	1
7913	69748	1
8213	69748	1
9474	69748	1
2844	69749	1
3405	69749	1
4127	69749	1
7166	69749	1
7776	69749	1
8190	69749	1
4127	69758	1
6301	69758	1
6769	69758	1
6941	69758	1
9774	69758	1
3774	69775	1
673	69800	1
4907	69800	1
7128	69800	1
7882	69800	1
8192	69800	1
8973	69800	1
1071	69814	1
2678	69814	1
4074	69814	1
4127	69814	1
4921	69814	1
5385	69814	1
7714	69814	1
8249	69814	1
8267	69814	1
8525	69814	1
2965	69854	1
4852	69854	1
6166	69854	1
1221	69923	1
1246	69923	1
3161	69923	1
4127	69923	1
6675	69923	1
6843	69923	1
7461	69923	1
7563	69923	1
8260	69923	1
8630	69923	1
106	69930	1
1192	69930	1
2401	69930	1
2663	69930	1
3075	69930	1
3108	69930	1
5737	69930	1
6861	69930	1
6903	69930	1
8979	69930	1
862	69943	1
4467	69943	1
5903	69943	1
6998	69943	1
7979	69943	1
8717	69943	1
2217	69949	1
2267	69973	1
2287	69973	1
1656	69974	1
3392	69974	1
3543	69974	1
4596	69974	3
4667	69974	1
5296	69974	1
7621	69974	1
8011	69974	1
8535	69974	1
2267	69982	1
2287	69982	1
2955	69993	2
5318	69993	2
8213	69993	1
2217	70011	1
2630	70011	1
3295	70011	1
5642	70011	1
8978	70011	1
74	70019	1
353	70019	1
4333	70019	2
5198	70019	1
7587	70019	1
2217	70026	1
3790	70026	1
6166	70026	1
6619	70026	1
361	70042	1
579	70042	1
2351	70042	1
2630	70042	1
3213	70042	1
3686	70042	1
5226	70042	1
8887	70042	1
9526	70042	2
6945	70059	1
455	70079	1
594	70079	1
1580	70079	1
1679	70079	1
4113	70079	1
4127	70079	1
6301	70079	1
9754	70079	1
9974	70079	1
36	70123	1
1267	70123	1
4099	70123	1
4113	70123	1
4136	70123	1
5226	70123	1
6661	70123	1
6997	70123	1
8213	70123	1
8452	70123	1
1143	70136	1
3182	70136	1
4127	70136	1
4333	70136	1
7071	70136	1
7638	70136	1
2955	70140	1
3161	70140	1
4127	70140	1
8562	70140	1
1440	70147	1
4070	70147	1
5318	70147	1
7638	70147	1
8060	70147	1
8130	70147	1
9809	70147	1
3034	70185	1
9201	70185	2
9602	70185	1
5074	70196	1
7061	70196	1
9723	70196	1
6106	70217	1
9201	70217	1
1469	70223	1
2217	70223	1
3034	70223	1
4056	70223	1
456	70236	1
1490	70236	1
1894	70236	1
2324	70236	1
6146	70236	1
7621	70236	1
8710	70236	1
9526	70236	1
2505	70265	1
6870	70265	1
1350	70271	1
2546	70271	1
3501	70271	1
3735	70271	1
5460	70271	1
6166	70271	1
6619	70271	1
6700	70271	1
9121	70279	1
271	70378	1
3075	70378	1
3392	70378	1
4040	70378	1
6438	70378	1
1981	70385	1
3392	70385	1
5943	70391	1
7090	70391	1
9065	70391	1
9538	70391	1
9587	70391	1
2961	70446	1
8910	70446	1
243	70455	1
1396	70455	1
3790	70455	1
4127	70455	1
6166	70455	1
2961	70462	1
8910	70462	1
3747	70476	1
4111	70476	1
5766	70476	1
7279	70476	1
9669	70476	1
6894	70478	1
7425	70478	2
796	70483	1
4127	70483	1
895	70489	1
1396	70489	1
3790	70489	1
4127	70489	1
4973	70489	1
6166	70489	1
10049	70489	1
3735	70497	1
3915	70497	1
3970	70497	1
895	70538	1
1396	70538	1
3790	70538	1
4127	70538	1
6166	70538	1
3752	70544	1
9669	70544	1
3970	70546	1
5943	70546	1
8536	70546	1
4633	70560	1
5267	70560	1
5301	70592	1
5328	70592	1
5487	70592	1
5736	70592	1
5487	70603	1
5736	70603	1
558	70615	1
5794	70615	1
1155	70616	1
3122	70616	1
9201	70616	1
1777	70623	1
2625	70623	1
2997	70623	1
5318	70623	1
5487	70623	1
5736	70623	1
8616	70623	1
3458	70624	1
9153	70624	1
448	70633	1
3873	70633	1
243	70635	1
733	70635	1
1071	70635	1
988	70648	1
3092	70648	1
4214	70648	1
4906	70648	1
5487	70648	1
5736	70648	1
6618	70648	1
9030	70648	1
9175	70648	2
2719	70711	1
4739	70711	1
5226	70722	1
7494	70722	1
8242	70722	1
9587	70722	1
2257	70734	1
7266	70764	1
5883	70799	1
8187	70799	1
8969	70799	1
2212	70815	1
3501	70815	1
4127	70815	1
5201	70815	1
8865	70815	1
5201	70889	1
2630	70902	1
4127	70902	1
4152	70902	1
6925	70902	1
4111	70908	1
5018	70908	1
5943	70908	1
4044	70945	1
5077	70945	1
5282	70945	1
7581	70945	1
3095	70967	1
3191	70967	1
3784	70967	1
4238	70967	1
341	70981	1
3191	70981	1
4152	70981	1
8384	70981	1
8452	70985	1
243	70989	1
417	70989	1
5318	70989	1
6166	70989	1
6713	70989	1
1797	70999	1
2508	70999	1
3095	70999	1
3191	70999	1
5233	70999	1
6855	70999	1
7629	70999	1
9669	71004	1
1108	71024	1
1175	71024	1
2240	71024	1
8213	71024	1
23	71068	1
2248	71068	1
2401	71068	1
4420	71068	1
6139	71068	1
7621	71068	1
8271	71068	1
3784	71093	1
4127	71093	1
7842	71093	1
8562	71093	1
1875	71100	1
1945	71100	1
2719	71100	1
5561	71100	1
6998	71100	1
8865	71100	1
1741	71103	1
3075	71103	1
6043	71103	1
7340	71103	1
7819	71103	1
8296	71103	1
4127	71106	1
5201	71106	1
6390	71106	1
7671	71106	1
7929	71106	1
8752	71106	1
8865	71106	1
9524	71106	1
2049	71112	1
2477	71122	1
9985	71122	1
455	71123	1
1724	71123	1
4127	71123	1
6301	71123	1
7166	71123	1
9961	71123	1
2557	71130	1
4041	71130	1
6166	71130	1
8144	71130	1
8510	71130	1
8865	71130	1
572	71146	1
1415	71146	1
2464	71146	1
4127	71146	1
5972	71146	1
6149	71146	1
4333	71161	1
4356	71161	1
5318	71161	1
6313	71161	1
8017	71161	1
9589	71161	1
2931	71162	1
3752	71162	1
4235	71162	1
5068	71162	1
5263	71162	1
6043	71162	1
6139	71162	1
6861	71162	1
7110	71162	1
7845	71162	1
8070	71162	1
8296	71162	1
40	71172	1
676	71172	1
841	71172	2
4013	71172	1
4127	71172	1
4642	71172	1
5448	71172	2
7410	71172	1
8583	71172	1
606	71174	1
1419	71174	1
2071	71174	1
3161	71174	1
4127	71174	1
6301	71174	1
8435	71174	1
1882	71181	1
4356	71181	1
5476	71181	1
6304	71181	1
9589	71181	1
40	71182	1
447	71182	1
1622	71182	1
1822	71182	1
3694	71182	1
4127	71182	1
4642	71182	1
7835	71182	1
8497	71182	1
9045	71182	1
3763	71185	1
3914	71185	1
4642	71185	1
5318	71185	1
6881	71185	1
7552	71185	1
8560	71185	1
9924	71185	1
1780	71201	1
2054	71201	1
4259	71201	1
8162	71201	1
2445	71206	1
3191	71206	1
3687	71206	1
4127	71206	1
5608	71206	1
5677	71206	1
2700	71243	1
3075	71243	1
5068	71243	1
6043	71243	1
6139	71243	1
6859	71243	1
6861	71243	1
7494	71243	1
8202	71243	1
8296	71243	1
9265	71243	1
4127	71280	1
6785	71280	1
7520	71280	1
1369	71296	1
2011	71296	1
2483	71296	1
5077	71296	1
6472	71296	1
645	71302	1
4127	71302	1
6301	71302	1
7166	71302	1
7630	71302	1
9366	71302	1
1465	71344	1
3191	71344	1
3735	71344	1
5267	71344	1
7968	71344	1
8293	71344	1
9738	71344	1
333	71349	1
455	71349	1
1803	71349	1
3392	71349	1
3806	71349	1
5200	71349	1
7166	71349	1
8405	71349	1
9546	71349	1
1908	71386	1
4598	71386	1
2191	71395	1
3075	71395	1
3392	71395	1
5282	71395	1
6043	71395	1
6894	71395	1
7362	71395	1
7986	71395	1
8296	71395	1
9526	71395	1
1355	71415	1
9589	71415	1
826	71422	1
5332	71422	1
6107	71457	1
6700	71457	1
7175	71457	1
8187	71457	1
1580	71473	1
3711	71499	1
3970	71499	1
9825	71499	1
2719	71531	1
3724	71531	1
6409	71531	1
7638	71531	1
7966	71531	1
9589	71531	1
4162	71537	1
5303	71574	1
5476	71574	1
6304	71574	1
7172	71574	1
158	71577	2
1108	71577	1
1465	71577	1
2158	71577	1
2723	71577	1
3191	71577	1
3602	71577	1
4739	71577	1
5153	71577	1
5181	71577	1
5267	71577	2
1580	71628	1
8969	71628	1
1580	71639	1
8969	71639	1
733	71656	1
1155	71656	1
2349	71656	1
2966	71656	1
4127	71656	1
8010	71656	1
9757	71656	1
9825	71656	1
3314	71685	1
4127	71685	1
4603	71685	1
4636	71685	1
2295	71729	1
4127	71729	1
4636	71729	1
4897	71729	1
7770	71757	1
8865	71757	1
9625	71757	1
627	71768	1
1066	71768	1
1521	71768	1
1527	71768	1
1724	71768	1
2478	71768	1
4127	71768	1
7166	71768	1
862	71774	1
4017	71774	1
4598	71774	1
5458	71774	1
5476	71774	1
6291	71774	1
8969	71774	1
9954	71774	1
3511	71861	1
7607	71861	1
9825	71861	1
1815	71863	1
3735	71863	1
4659	71863	1
8912	71863	1
3791	71870	1
9538	71870	1
2142	71883	1
4047	71883	1
7743	71883	1
8969	71883	1
9526	71883	1
1406	71906	1
2715	71906	1
4127	71906	1
5443	71906	1
6301	71906	1
7166	71906	1
1325	71928	1
2254	71928	1
3372	71928	1
1213	71965	1
1243	71965	1
4127	71965	1
5460	71965	1
6278	71965	1
6785	71965	1
7057	71965	1
8562	71965	1
8865	71965	1
9576	71965	1
9825	71965	1
5861	71975	1
8562	71975	1
8908	71975	1
9620	71975	1
1088	72020	1
1502	72020	1
1840	72020	1
1632	72021	1
4259	72021	1
5226	72021	1
9620	72021	1
7128	72095	1
9106	72095	1
9526	72095	1
1519	72113	1
3364	72113	1
4127	72113	1
6301	72113	1
7166	72113	2
9604	72113	1
461	72115	1
2349	72115	1
2768	72115	1
2966	72115	1
3191	72115	1
4127	72115	1
4886	72115	1
8213	72115	1
421	72122	1
3882	72122	1
8452	72122	1
9589	72122	1
864	72142	1
2190	72142	1
6844	72142	1
7279	72142	1
9347	72142	1
9542	72142	1
9669	72142	1
1753	72152	1
6472	72152	1
6768	72152	1
6859	72152	1
8667	72152	1
850	72156	1
2097	72156	1
4007	72156	1
4127	72156	1
5184	72156	1
6304	72156	1
9561	72156	1
9636	72156	1
579	72177	1
7311	72177	1
5018	72190	1
9526	72204	1
3822	72212	1
6166	72212	1
34	72227	1
1892	72227	1
3228	72227	1
4998	72227	1
5074	72227	1
6304	72227	1
704	72229	1
2750	72229	1
3752	72229	1
389	72236	1
2390	72236	1
4846	72236	1
1331	72239	1
4284	72239	1
9394	72239	1
9825	72239	1
1967	72240	1
4127	72240	1
5677	72240	1
8900	72240	1
455	72251	1
1011	72251	1
1155	72251	1
3294	72251	1
4127	72251	1
4494	72251	1
5318	72251	1
6785	72251	1
6894	72265	1
6941	72265	1
2409	72272	1
3787	72272	1
4056	72272	2
4127	72272	1
7746	72272	1
8630	72272	1
23	72333	1
2929	72333	1
3034	72333	1
4692	72333	1
7882	72333	1
8218	72333	1
2690	72365	1
3943	72365	1
4127	72365	1
4506	72365	1
6301	72365	1
1489	72370	1
5681	72370	1
8509	72370	1
1778	72378	1
3943	72378	1
4506	72378	1
6301	72378	1
6870	72378	1
9171	72378	1
1736	72384	1
3822	72384	1
6700	72384	1
7349	72384	1
763	72442	1
1017	72442	1
1186	72442	1
3747	72442	1
4017	72442	1
4127	72442	1
6965	72442	1
7486	72442	1
8562	72442	1
1155	72466	1
3282	72466	1
4127	72466	1
6297	72485	1
8865	72485	1
303	72493	1
2069	72493	1
2526	72493	1
5318	72493	1
5434	72493	1
5747	72493	1
8032	72493	1
9676	72493	1
3009	72566	1
3191	72566	1
3816	72566	1
5309	72566	1
6492	72566	1
6856	72566	1
7814	72566	1
8040	72566	1
8368	72566	1
8533	72566	1
9716	72566	1
3161	72589	1
4127	72589	1
5374	72589	1
5839	72589	1
6301	72589	1
579	72610	1
3215	72610	1
5249	72610	1
8015	72610	1
8865	72610	1
9589	72610	1
1897	72626	1
4127	72626	1
4333	72626	1
5943	72626	2
6304	72626	1
6856	72626	1
7166	72626	1
8337	72626	1
8533	72626	1
9448	72626	1
579	72630	1
1102	72630	1
4111	72630	1
4127	72630	1
4458	72630	1
5032	72630	1
5033	72630	1
7351	72630	1
8573	72630	1
5344	72654	1
8458	72654	1
3034	72681	1
6052	72681	1
9801	72681	1
905	72691	1
2409	72691	1
3081	72691	1
4680	72691	1
7065	72691	1
890	72692	1
5768	72692	1
4127	72812	1
6785	72812	1
680	72818	1
3392	72818	1
8969	72818	1
3087	72839	1
3291	72839	1
3392	72839	1
6963	72839	1
7819	72839	1
8995	72839	1
5208	72846	1
905	72890	1
2409	72890	1
3081	72890	1
3822	72890	1
4680	72890	1
4127	72910	1
4223	72910	1
7601	72910	1
5318	72955	1
6794	72955	1
1256	72996	1
1894	72996	1
3449	72996	1
6367	72996	1
8532	72996	2
826	73021	1
1186	73021	1
2914	73021	1
4111	73021	1
4127	73021	1
6146	73021	1
7264	73021	1
8865	73021	1
9037	73021	1
4127	73045	1
6834	73045	1
6837	73045	1
7496	73045	1
1564	73057	1
4056	73057	1
6386	73057	1
8865	73057	1
2351	73063	1
4127	73063	1
6837	73063	1
7496	73063	1
1346	73075	1
1554	73075	1
4522	73075	1
6385	73075	1
1066	73096	1
6584	73096	1
2522	73107	1
9757	73107	1
9826	73107	1
3034	73123	2
5983	73123	1
8213	73123	1
3763	73125	1
9526	73125	1
4127	73132	1
4604	73132	1
4606	73132	1
7698	73132	1
7870	73132	1
1066	73140	1
4852	73140	1
6584	73140	1
2993	73169	1
6749	73169	1
7266	73169	1
122	73194	2
5134	73194	1
6301	73194	1
8795	73194	1
2130	73221	1
2719	73221	1
3501	73221	1
3822	73221	1
9527	73221	1
3087	73269	1
5909	73269	1
6492	73269	1
6768	73269	1
9225	73269	1
9526	73269	1
472	73291	1
2092	73291	1
2706	73291	1
2750	73291	1
3970	73291	1
1875	73516	1
5977	73516	1
1875	73523	1
5488	73523	1
5977	73523	1
1875	73535	1
5977	73535	1
1408	73582	1
1580	73582	1
1805	73582	1
2270	73582	1
4127	73582	1
6301	73582	1
6609	73582	1
9974	73582	2
208	73693	1
2730	73693	1
2103	73716	1
5759	73716	1
6998	73716	1
7264	73716	1
616	73816	1
2715	73816	1
4127	73816	1
5032	73816	1
6301	73816	1
7616	73816	1
518	73855	1
1406	73917	1
2990	73917	1
4127	73917	1
5175	73917	1
7365	73917	1
9526	73917	1
9625	73917	1
9947	73917	1
9974	73917	1
758	73923	2
1382	73923	1
7483	73979	1
7968	73979	1
814	73988	1
4127	73988	1
7968	73988	1
8449	73988	1
8573	73988	1
1564	74025	1
3752	74075	1
4111	74075	1
4127	74075	1
4522	74075	1
6631	74075	1
8865	74075	1
574	74091	1
707	74091	1
2495	74091	1
3712	74091	1
5632	74091	1
9347	74091	1
483	74110	1
3858	74110	1
7491	74110	1
9526	74110	1
2668	74174	1
3650	74174	1
4127	74174	1
6301	74174	1
7166	74174	2
8320	74174	2
726	74179	1
5460	74179	1
6166	74179	1
6700	74179	1
511	74182	1
998	74182	1
1780	74182	1
2532	74182	1
3182	74182	1
7166	74182	1
8479	74182	1
3280	74202	1
3289	74202	1
693	74209	1
2600	74209	1
3003	74209	1
3462	74209	1
4118	74209	1
4127	74209	1
6058	74209	1
6297	74209	1
6401	74209	1
6551	74209	1
6654	74209	1
7621	74209	2
2191	74219	1
3034	74219	1
6719	74219	1
8778	74219	1
4705	74228	1
6865	74228	1
9153	74228	1
958	74237	1
1331	74237	1
1642	74237	1
4127	74237	1
5208	74237	1
6844	74237	1
7133	74237	1
8321	74237	1
9974	74237	1
9526	74289	1
2902	74297	1
3100	74297	1
4964	74297	1
9589	74297	1
4127	74333	1
6301	74333	1
7412	74333	1
8813	74333	1
9774	74333	1
28	74360	1
208	74360	1
2730	74360	1
9776	74360	1
2032	74380	1
4127	74380	1
4955	74380	1
844	74387	1
1406	74387	1
3161	74387	1
4127	74387	1
4569	74387	1
4864	74387	1
6043	74387	1
6301	74387	1
8785	74387	1
2097	74530	1
3822	74530	1
4104	74530	1
5698	74530	1
7279	74530	1
1559	74541	1
1475	74569	1
4102	74569	1
4127	74569	1
6702	74569	1
6941	74569	1
6944	74569	1
7166	74569	1
1834	74584	1
1981	74584	1
3161	74584	1
4113	74584	2
4127	74584	1
4522	74584	1
5443	74584	1
6304	74584	1
7166	74584	1
7592	74584	4
3210	74620	1
3998	74620	1
4113	74620	1
4127	74620	1
6301	74620	1
8350	74620	1
8391	74620	1
6870	74660	1
579	74673	1
1267	74673	1
3821	74673	1
3873	74673	1
6119	74673	1
6768	74673	1
9183	74690	1
534	74731	1
2531	74731	1
3577	74731	1
4127	74731	1
5216	74731	1
8380	74731	1
9105	74731	1
9347	74731	1
9688	74731	1
705	74855	1
1417	74855	1
2083	74855	1
4127	74855	1
6301	74855	1
6609	74855	1
7336	74855	1
9220	74855	1
1202	74875	1
2549	74875	1
3075	74875	1
3294	74875	1
3312	74875	1
4405	74875	1
9784	74875	1
1689	74882	1
7743	74882	1
8969	74882	1
9300	74882	1
9474	74882	1
878	74906	1
1499	74906	1
1937	74906	1
3349	74906	1
3501	74906	3
3722	74906	1
4127	74906	1
5234	74906	1
8268	74906	1
9445	74906	1
9676	74906	1
558	74927	1
703	74927	1
2032	74927	1
3774	74927	1
2961	74977	1
3294	74977	1
8910	74977	1
1025	75021	1
1108	75021	1
3392	75021	1
4127	75021	1
6214	75021	1
7264	75021	1
8564	75021	1
9151	75021	1
9242	75021	1
53	75081	1
1656	75081	1
3068	75081	1
5942	75081	1
6859	75081	1
6998	75081	1
7138	75081	1
7638	75081	1
7992	75081	1
8485	75081	1
7166	75094	1
10042	75094	1
3998	75107	2
4604	75107	1
8899	75107	1
9265	75107	1
9669	75107	1
2403	75117	1
2409	75117	1
3822	75117	1
3943	75117	1
4127	75117	1
4506	75117	1
6301	75117	1
8615	75117	1
9825	75132	1
303	75142	1
3034	75142	1
3095	75142	1
3511	75142	1
3914	75142	1
5539	75142	1
8899	75142	1
9585	75142	1
846	75190	1
2248	75190	1
2284	75190	2
2509	75190	1
6787	75190	1
7621	75190	1
8025	75190	1
9046	75190	1
981	75191	1
1118	75191	1
4127	75191	1
4963	75191	1
7739	75191	1
9098	75191	1
2955	75196	2
4127	75196	1
5318	75196	1
2540	75229	1
3392	75229	1
3776	75229	1
5032	75229	1
7186	75229	1
8995	75229	1
1192	75235	1
2102	75235	1
2459	75235	1
4279	75235	1
6133	75235	1
6861	75235	1
6903	75235	1
8740	75235	1
8979	75235	1
3392	75239	1
7186	75239	1
518	75242	1
905	75242	1
4739	75242	1
3161	75271	1
4127	75271	1
6301	75271	1
8704	75271	1
719	75277	1
1192	75277	1
2019	75277	1
2888	75277	1
5068	75277	1
6861	75277	1
7410	75277	1
8743	75277	1
9924	75277	1
1192	75291	1
8368	75291	1
243	75303	1
816	75303	1
2374	75303	1
4127	75303	1
6301	75303	2
7166	75303	2
1326	75347	1
4127	75347	1
5026	75347	1
6870	75347	1
7696	75347	1
878	75388	1
1382	75388	1
3568	75388	1
3602	75388	1
4504	75388	1
5267	75388	1
5854	75388	1
7759	75388	1
1656	75389	1
1878	75389	1
2494	75389	1
3623	75389	1
4056	75389	1
4604	75389	1
7684	75389	1
8054	75389	1
8865	75389	1
8899	75389	1
9669	75389	1
3210	75390	1
3661	75390	2
3998	75390	1
4127	75390	1
7166	75390	1
9515	75390	1
5854	75426	1
6725	75426	1
7759	75426	1
4127	75440	1
4846	75440	1
8865	75440	1
1337	75461	2
6301	75461	1
8910	75461	1
4127	75538	1
256	75716	1
1736	75716	1
3419	75716	1
4127	75716	1
4346	75716	1
6868	75716	1
7045	75716	1
7090	75716	1
8263	75716	1
8479	75716	1
9473	75716	1
8865	75760	1
9175	75760	3
1972	75800	1
4383	75800	1
4604	75800	1
624	75817	1
1071	75817	1
2242	75817	1
4127	75817	1
4152	75817	1
4259	75817	1
4739	75817	1
8865	75817	1
9754	75817	1
9937	75817	1
3419	75842	1
3752	75842	1
4127	75842	1
5303	75842	1
6517	75842	1
6859	75842	1
7149	75842	1
7262	75842	2
7581	75842	1
8865	75842	1
9061	75842	1
2337	75844	1
3731	75844	1
1732	75910	1
2484	75910	1
5078	75910	1
5396	75910	1
7706	75910	1
2456	75917	1
3511	75917	1
8053	75917	1
1460	75960	1
1580	75960	1
1905	75960	1
2230	75960	1
5318	75960	1
6711	75960	1
8177	75960	1
8562	75960	1
8813	75960	1
8865	75960	1
9589	75960	1
1143	76059	1
4993	76067	1
265	76106	1
534	76108	1
633	76108	1
2595	76108	1
4127	76108	1
5866	76108	1
8055	76108	1
8865	76108	2
9625	76108	1
9838	76108	1
857	76127	1
1029	76127	1
2003	76127	1
6562	76127	1
1434	76180	1
4127	76180	1
5267	76180	1
5604	76180	1
9700	76180	1
2715	76184	1
4127	76184	1
6609	76184	1
6785	76184	1
6862	76184	1
5208	76191	1
606	76231	1
1958	76231	1
5201	76231	1
5519	76231	1
304	76251	1
758	76251	1
4214	76251	1
4260	76251	1
4458	76251	1
5351	76251	1
5672	76251	1
7340	76251	1
8307	76251	1
8506	76251	1
8582	76251	1
9738	76251	1
4127	76301	1
6301	76301	1
6304	76301	1
7115	76301	1
7136	76301	1
7166	76301	1
9719	76301	1
155	76304	1
1857	76304	1
3161	76304	1
3984	76304	1
4127	76304	1
5601	76304	1
6609	76304	1
865	76323	1
1777	76323	1
1833	76323	1
3034	76323	1
5920	76323	1
8142	76323	1
9591	76323	1
37	76449	1
3615	76449	1
7191	76449	1
8552	76449	1
9255	76449	1
1005	76458	1
1622	76458	1
7705	76458	1
8710	76458	1
925	76468	1
3602	76468	1
8192	76468	1
707	76469	1
2929	76469	1
3182	76469	1
4223	76469	1
4152	76492	1
4259	76492	1
9669	76492	1
1909	76522	1
455	76575	1
1642	76575	1
4127	76575	1
6301	76575	1
6785	76575	1
8321	76575	1
9974	76575	1
1296	76577	1
1995	76577	1
2502	76577	1
3571	76577	1
2719	76583	1
9561	76583	1
9563	76583	2
455	76587	1
979	76587	1
1019	76587	1
2470	76587	2
3034	76587	1
4127	76587	1
5174	76587	1
7968	76587	1
8895	76587	1
9290	76587	1
3501	76619	1
627	76664	1
1066	76664	1
1665	76664	1
2155	76664	1
3280	76664	1
4127	76664	1
4963	76664	1
5488	76664	1
8965	76664	1
3340	76685	1
6166	76685	1
9526	76685	1
1145	76720	1
2339	76720	1
3161	76720	1
3630	76720	1
4127	76720	1
7412	76720	1
7437	76720	1
8556	76720	1
9074	76720	1
9934	76720	1
3943	76725	1
4127	76725	1
4423	76725	1
4506	76725	1
6301	76725	1
6821	76725	1
1857	76794	2
4127	76794	1
6301	76794	2
7166	76856	1
3161	76914	1
4127	76914	1
6301	76914	1
8376	76914	1
3900	76968	1
795	77114	1
1267	77114	1
5892	77114	1
7657	77114	1
9148	77114	1
2164	77115	1
5267	77115	1
5786	77115	1
7600	77115	1
6619	77145	1
9526	77145	1
9625	77145	1
1949	77181	1
9230	77181	1
4127	77190	1
5201	77190	1
8879	77190	1
561	77259	1
1642	77259	1
6619	77259	1
9625	77259	1
4127	77288	1
5574	77288	1
8813	77288	1
9588	77288	1
1689	77305	1
5232	77305	1
988	77355	1
2074	77355	1
3568	77355	1
3943	77355	1
4506	77355	1
9153	77355	1
4056	77366	1
4127	77366	1
6848	77366	1
9589	77366	1
1317	77369	1
3392	77369	1
6894	77369	1
8969	77369	1
2758	77376	1
3161	77376	1
4259	77376	1
5921	77376	1
6304	77376	1
7090	77376	1
7398	77376	1
8213	77376	1
8506	77376	1
9062	77376	1
9394	77376	1
9803	77376	1
3161	77386	1
4127	77386	1
4944	77386	1
6301	77386	1
7412	77386	1
89	77404	1
3278	77404	1
4248	77404	1
6588	77404	1
8879	77404	1
902	77408	1
2614	77408	1
3914	77408	1
4142	77408	1
5298	77408	1
7408	77408	1
9153	77408	1
9157	77408	1
505	77414	1
526	77414	1
5318	77414	1
6025	77472	1
4127	77491	1
5794	77491	1
6700	77491	1
8218	77491	1
9822	77491	1
9974	77491	1
1325	77508	1
7471	77508	1
8865	77508	1
915	77550	1
4604	77550	1
3161	77580	1
4127	77580	1
6301	77580	1
8704	77580	1
56	77587	1
1689	77587	1
4066	77587	1
5232	77587	1
8452	77587	1
9121	77587	1
526	77608	1
4213	77608	1
4699	77608	1
5396	77617	1
6700	77617	1
9783	77617	1
558	77618	1
5233	77618	1
6595	77618	1
9924	77618	1
558	77625	1
3238	77625	1
5233	77625	1
6595	77625	1
9676	77625	1
9924	77625	1
3822	77635	1
4127	77635	1
9800	77635	1
1029	77643	1
1077	77643	1
3474	77643	1
8129	77643	1
8879	77643	1
9890	77643	1
5267	77664	1
5786	77664	1
7600	77664	1
9976	77664	1
158	77676	1
7759	77676	2
9546	77676	1
1540	77747	1
4490	77747	1
5794	77747	1
2409	77758	2
3822	77758	1
4056	77758	2
4259	77758	1
5794	77758	1
7671	77758	1
2543	77760	1
3034	77760	1
3091	77760	1
6700	77760	1
1029	77761	1
1937	77761	1
3568	77761	1
5267	77761	1
7684	77761	1
8684	77761	1
8743	77761	1
5242	77766	1
4604	77767	1
8879	77767	1
1874	77798	1
4127	77798	1
6301	77798	1
6609	77798	1
7336	77798	1
9684	77798	1
3821	77815	1
3970	77815	1
5081	77815	1
6073	77815	1
6188	77815	1
6302	77815	1
1178	77827	2
2636	77830	1
3752	77830	1
4047	77830	1
4127	77830	1
6545	77830	1
1966	77833	1
2351	77833	1
3936	77833	1
9926	77833	1
2871	77843	1
3806	77843	1
8142	77843	1
8398	77843	1
2861	77844	1
3041	77844	1
5318	77844	1
8493	77844	1
9526	77844	1
3294	77862	1
4235	77862	1
5673	77862	1
8586	77862	1
1206	77869	1
1931	77869	1
2719	77869	1
3602	77869	1
4994	77869	1
5074	77869	1
5672	77869	1
8449	77869	1
2561	77880	1
3873	77880	1
6301	77880	1
1132	77901	1
8587	77901	1
9526	77901	1
3034	77906	1
5199	77906	1
9291	77906	1
1382	77919	1
8145	77919	1
9561	77919	1
518	77980	1
5267	77980	1
7017	77980	1
3181	78033	1
4841	78033	1
5549	78033	1
6787	78033	1
8672	78033	1
9526	78033	1
9716	78033	1
418	78035	1
726	78035	1
3381	78035	1
4975	78035	1
9057	78035	1
1382	78058	1
2464	78058	1
3602	78058	1
4223	78058	1
5786	78058	1
6854	78058	1
7266	78058	1
7600	78058	1
8137	78058	1
7128	78066	1
7471	78066	1
9526	78066	1
1236	78092	1
4567	78092	1
4890	78092	1
6711	78092	1
2753	78102	1
3970	78102	1
4862	78102	1
5924	78102	1
8879	78102	1
9561	78102	1
3210	78144	2
3998	78144	2
4127	78144	1
6301	78144	2
2621	78156	1
2142	78184	1
2914	78184	1
3936	78184	1
4111	78184	1
7743	78184	1
8098	78184	1
9926	78184	1
108	78195	1
1512	78195	1
3806	78195	1
3836	78195	1
5783	78195	1
5786	78195	1
7600	78195	1
8944	78195	1
1017	78210	1
1941	78210	1
4205	78210	1
5233	78210	1
7216	78210	1
7636	78210	1
7741	78210	1
8865	78210	1
1267	78258	1
2723	78258	1
7320	78258	1
8865	78310	1
558	78323	1
1985	78323	1
7766	78323	1
6859	78391	1
9838	78391	1
720	78398	1
6146	78398	1
7266	78398	1
1941	78403	1
3425	78403	1
4205	78403	1
5396	78403	1
6445	78403	1
8865	78403	1
9669	78403	1
1483	78448	1
3702	78448	1
4350	78448	1
5226	78448	1
5234	78448	1
5267	78448	1
5344	78448	1
7262	78448	1
2684	78470	1
3330	78470	1
4127	78470	1
5839	78470	1
726	78496	1
2526	78496	1
5318	78496	1
6166	78496	1
8008	78496	1
9526	78496	1
1267	78513	1
3273	78513	2
4127	78513	2
4426	78513	1
5673	78513	1
7852	78513	1
4078	78514	1
5199	78514	1
7266	78514	1
7279	78514	1
8479	78514	1
1689	78522	1
5318	78522	1
4127	78532	1
8395	78545	1
56	78552	1
1052	78552	1
9784	78552	1
3858	78558	1
4127	78558	1
8525	78558	1
158	78563	1
8142	78563	1
5786	78570	1
7600	78570	1
455	78602	1
4127	78602	1
4351	78602	1
9054	78602	1
793	78615	1
2210	78615	1
1957	78619	1
4108	78619	1
5606	78619	1
9890	78619	1
640	78660	1
3674	78660	1
4441	78660	1
6304	78660	1
9589	78660	1
3873	78679	1
4604	78679	1
3191	78680	1
3744	78680	1
4127	78680	1
5504	78680	1
6301	78680	1
6609	78680	1
7336	78680	1
2283	78703	1
3392	78703	1
5226	78703	1
5318	78703	1
6870	78703	2
8224	78703	1
9589	78703	1
408	78725	1
1580	78725	1
9974	78725	1
3095	78748	1
3602	78748	1
4604	78748	1
1564	78768	1
1736	78768	1
4127	78768	1
7664	78768	1
7870	78768	1
8562	78768	1
9291	78768	1
1437	78770	1
3735	78770	1
8865	78770	1
9330	78770	1
4127	78772	1
6301	78772	1
9774	78772	1
3501	78791	1
5856	78791	1
7497	78791	1
4041	78793	1
4216	78793	1
5208	78793	1
5844	78793	1
7562	78793	1
8493	78793	1
1564	78802	1
1736	78802	1
4127	78802	1
7870	78802	1
8562	78802	1
9291	78802	1
991	78823	1
4127	78885	1
8865	78885	1
9527	78885	1
3392	78894	1
4604	78894	1
2036	78959	1
2532	78959	1
3873	78959	1
4127	78959	1
1897	78989	1
4471	78989	1
5045	78989	1
5267	78989	1
6015	78989	1
7986	78989	1
8552	78989	1
1048	79096	1
3568	79096	1
5199	79096	1
6922	79096	1
8944	79096	1
9890	79096	1
2625	79156	1
3501	79156	1
3992	79156	1
5267	79156	1
6768	79156	1
8684	79156	1
8865	79156	1
9320	79156	1
4604	79206	1
107	79240	1
726	79240	1
2630	79240	1
4127	79240	1
5104	79240	1
6609	79240	1
9532	79240	1
1039	79247	1
3087	79247	1
4633	79247	1
5226	79247	1
5234	79247	1
7000	79247	1
9010	79247	1
9538	79247	1
1905	79295	1
1937	79295	1
5298	79295	1
6327	79295	1
7443	79295	1
7528	79295	1
7684	79295	1
7819	79295	1
8969	79295	1
9716	79295	2
2400	79308	1
4248	79308	1
5053	79308	1
8170	79308	1
475	79314	1
9724	79314	1
826	79350	1
1029	79350	1
3392	79350	1
3425	79350	1
3872	79350	1
5757	79350	1
7684	79350	1
7984	79350	1
8969	79350	1
4604	79359	1
8743	79359	1
9716	79359	1
1908	79369	1
5298	79369	1
7684	79369	1
9766	79369	1
1638	79557	1
3592	79557	1
8079	79557	1
521	79585	1
2667	79585	1
4127	79585	1
4363	79585	1
4456	79585	1
4539	79585	1
8602	79585	1
1029	79608	1
2303	79608	1
2531	79608	1
4127	79608	1
4506	79608	1
4603	79608	1
5284	79608	1
8622	79608	1
455	79676	1
606	79676	1
4127	79676	1
6301	79676	1
2049	79684	1
4127	79684	1
6602	79684	1
9293	79684	1
10031	79684	1
1190	79748	1
3702	79748	3
4127	79748	1
7115	79748	1
1000	79802	1
3790	79802	1
4127	79802	1
4973	79802	1
6304	79802	1
6902	79802	1
8010	79802	1
8622	79802	1
2961	79806	1
8910	79806	1
758	79891	1
1527	79891	1
5029	79891	1
6700	79891	1
7197	79891	1
7262	79891	1
7898	79891	1
9175	79891	1
2062	79904	1
3821	79904	1
7819	79904	1
8213	79904	1
1642	79906	1
3161	79906	1
4127	79906	1
6301	79906	1
7142	79906	1
7518	79906	1
3161	79909	1
4127	79909	1
6301	79909	1
6868	79909	1
3752	79918	1
8969	79918	1
2968	79924	1
4056	79924	1
5924	79924	1
7621	79924	1
7898	79924	1
9175	79924	1
9924	79924	1
5924	79945	1
9924	79945	1
4127	80020	1
7412	80020	1
8217	80020	1
8813	80020	1
9538	80020	1
2036	80031	1
6785	80031	1
6875	80031	1
7766	80031	1
4127	80077	1
6769	80077	1
6941	80077	1
9114	80077	1
4127	80120	1
6769	80120	1
6941	80120	1
9114	80120	1
2117	80126	1
6881	80126	1
1225	80183	1
2212	80183	1
3943	80183	1
4506	80183	1
4127	80200	1
6301	80200	1
6609	80200	1
7336	80200	1
1276	80208	1
3858	80208	1
4127	80208	1
9183	80208	1
9445	80208	1
2097	80209	1
5007	80209	1
6465	80209	1
6541	80209	1
9783	80209	1
2200	80265	1
6083	80265	1
7166	80265	1
958	80270	1
4127	80270	1
5513	80270	1
7128	80270	1
9581	80270	1
455	80275	1
791	80275	1
3344	80275	1
4127	80275	1
5318	80275	1
8324	80275	1
8562	80275	1
8630	80275	1
9961	80275	1
9766	80292	1
1642	80350	1
3144	80350	1
4094	80350	1
4659	80350	1
2910	80402	1
3161	80402	1
4127	80402	1
4539	80402	1
6301	80402	1
9827	80402	1
3161	80431	1
4127	80431	1
5924	80431	1
7528	80431	1
5234	80444	1
5318	80444	1
8562	80444	1
9444	80444	1
161	80543	1
3706	80543	1
3943	80543	1
4127	80543	1
4506	80543	1
6301	80543	1
7264	80543	1
9604	80543	1
2119	80550	1
4127	80550	1
4963	80550	1
5318	80550	1
6700	80550	1
8969	80550	1
1572	80651	1
1702	80651	1
1937	80651	1
2752	80651	1
3392	80651	1
4127	80651	1
5924	80651	1
6166	80651	1
6894	80651	1
9627	80651	1
2714	80656	1
3568	80656	1
6171	80656	1
8479	80656	1
9589	80656	1
3195	80670	1
4113	80670	1
4127	80670	1
4127	80725	1
6012	80725	1
6301	80725	1
6609	80725	1
7336	80725	1
7605	80725	1
8262	80725	1
723	80799	1
3215	80799	1
3237	80799	1
4111	80799	1
4604	80799	1
5267	80799	1
5921	80799	1
7164	80799	1
7684	80799	1
8107	80799	1
8380	80799	1
8969	80799	1
9813	80799	1
3691	80838	1
4846	80838	1
9041	80838	1
9561	80838	2
1882	80856	1
4088	80856	1
5864	80856	1
6146	80856	1
7264	80856	2
7971	80856	1
8008	80856	1
8497	80856	1
8859	80856	1
9526	80856	2
9546	80856	1
9627	80856	1
414	80897	1
534	80897	1
2356	80897	1
3572	80897	1
3577	80897	1
4127	80897	1
5216	80897	1
6136	80897	1
8305	80897	1
9105	80897	1
9688	80897	1
4127	80943	1
5056	80943	1
8562	80943	1
979	80980	1
4127	80980	1
7262	80980	1
8865	80980	1
2351	81039	1
4127	81039	1
4130	81039	1
4616	81039	1
6607	81039	1
6785	81039	1
3154	81054	1
4166	81054	1
5097	81054	1
5396	81054	1
5854	81054	1
7223	81054	1
8717	81054	1
1689	81122	1
8969	81122	1
8498	81137	1
9394	81137	1
1958	81149	1
5153	81149	1
2750	81162	1
2955	81162	1
3095	81162	1
4259	81162	1
5318	81162	1
7262	81162	1
9538	81162	1
3774	81185	2
4127	81185	1
6005	81185	1
6122	81185	1
6166	81185	1
7693	81185	1
8527	81185	1
8562	81185	1
1134	81206	1
2071	81206	1
2275	81206	1
3752	81206	1
3757	81206	1
4127	81206	1
4810	81206	1
5153	81206	1
5352	81206	1
7191	81206	1
7244	81206	1
1689	81220	1
3038	81220	1
4896	81220	1
2409	81242	1
3058	81242	1
3787	81242	1
3822	81242	1
4127	81242	1
5160	81242	1
7746	81242	1
4127	81250	1
5267	81250	1
10028	81250	1
1134	81268	1
2071	81268	1
2275	81268	1
3905	81268	1
4403	81268	1
4810	81268	1
6301	81268	1
3815	81304	1
4247	81304	1
6998	81304	1
9330	81304	1
2787	81310	1
3205	81310	1
5732	81310	1
6859	81310	1
8248	81310	1
8647	81310	1
1022	81385	1
2616	81385	1
6304	81385	1
6881	81385	1
7172	81385	1
7705	81385	1
8987	81385	1
9656	81385	1
534	81412	1
4127	81412	1
4511	81412	1
5316	81412	1
6844	81412	1
414	81483	1
507	81483	1
3572	81483	1
3577	81483	1
4127	81483	1
5216	81483	1
6136	81483	1
8305	81483	1
9105	81483	1
9448	81483	1
9688	81483	1
10044	81483	1
1406	81503	1
2715	81503	1
4127	81503	1
5443	81503	1
6301	81503	1
7166	81503	1
3943	81554	1
4127	81554	1
4506	81554	1
4617	81554	1
6301	81554	1
4056	81596	1
6396	81596	1
7381	81596	1
7776	81596	3
1857	81597	1
4127	81597	1
5104	81597	1
6301	81597	1
1857	81604	2
4127	81604	1
6301	81604	1
6837	81604	1
10049	81604	1
1411	81626	1
2253	81626	1
4127	81626	1
7663	81626	1
8008	81626	1
8079	81626	1
8451	81626	1
2444	81663	1
4127	81663	1
5854	81663	1
7169	81663	1
606	81684	1
1892	81684	1
3210	81684	1
3998	81684	1
4127	81684	1
5519	81684	1
6301	81684	1
5632	81691	1
7956	81691	1
9030	81691	1
9526	81691	1
2480	81703	1
2902	81703	1
3210	81703	1
3622	81703	1
3998	81703	1
4127	81703	1
5192	81703	1
5301	81703	1
6870	81703	1
8213	81703	1
8391	81703	1
8865	81703	1
5259	81784	1
8684	81784	1
726	81968	1
3816	81968	1
4127	81968	1
6193	81968	1
9526	81968	1
604	82089	1
1066	82089	1
3286	82089	1
4127	82089	1
7336	82089	1
9998	82089	1
3215	82122	1
9825	82122	1
2910	82140	1
7638	82140	1
8562	82140	1
2531	82198	1
6143	82198	1
243	82261	1
1029	82261	1
4642	82261	1
6143	82261	1
8215	82261	1
557	82271	1
3087	82310	1
6143	82310	1
8098	82310	1
8215	82310	1
8987	82310	1
8995	82310	1
9589	82310	1
579	82325	1
7297	82325	1
9584	82325	1
3034	82377	1
3278	82377	1
3806	82377	1
2257	82386	1
4399	82386	1
6370	82386	1
8484	82386	1
1495	82387	1
3702	82387	6
6166	82387	1
6711	82387	1
6834	82387	1
7304	82387	1
8562	82387	1
9721	82387	1
2955	82422	1
4127	82422	1
5077	82422	1
6214	82422	1
6304	82422	1
6609	82422	2
7166	82422	1
8969	82422	1
9370	82422	1
710	82426	1
3501	82426	1
3822	82426	1
4088	82426	1
4127	82426	1
758	82532	1
3178	82532	1
6149	82532	1
8380	82532	1
8865	82532	1
9625	82532	1
189	82544	1
353	82544	1
1724	82544	1
3191	82544	1
3278	82544	1
8865	82544	1
9611	82544	1
455	82550	1
940	82550	1
2402	82550	1
3516	82550	1
4056	82550	1
4127	82550	1
5943	82550	1
8533	82550	1
8630	82550	1
8865	82554	1
9034	82554	1
1724	82572	1
2016	82572	1
3006	82572	1
4540	82572	1
7412	82572	1
9036	82572	1
9571	82572	2
3340	82574	1
6166	82574	1
2446	82578	1
7338	82578	2
7410	82578	1
8806	82578	2
4097	82644	1
5924	82644	1
9589	82644	1
243	82691	1
531	82691	1
5972	82691	1
8380	82691	1
9983	82691	1
9995	82691	1
1181	82710	1
9704	82710	1
9722	82710	1
1437	82721	1
3524	82721	1
4966	82721	1
7304	82721	1
4127	82732	1
1478	82737	1
5928	82737	1
7992	82737	1
8249	82737	1
1787	82740	1
1850	82740	1
4669	82740	1
5683	82740	1
9310	82740	1
4127	82752	1
5241	82752	1
6007	82752	1
9950	82752	1
1430	82780	1
1783	82780	1
1882	82780	1
8449	82780	1
9717	82780	1
909	82819	1
3095	82819	1
4127	82819	1
5318	82819	1
6301	82819	1
6313	82819	1
7543	82819	1
9974	82819	1
742	82871	1
1433	82871	1
7543	82871	1
9491	82871	1
1783	82881	1
7641	82881	1
4980	82903	1
8478	82903	1
140	82987	1
2955	82987	1
3205	82987	1
5153	82987	1
5208	82987	1
8331	82987	1
3941	82990	1
4489	82990	1
5958	82990	1
8817	82990	1
4033	83002	1
4127	83002	1
5009	83002	1
6140	83002	1
7558	83002	1
8672	83002	1
8865	83002	1
131	83003	1
1325	83031	1
1842	83031	1
3335	83031	1
1118	83065	1
1818	83065	1
2690	83065	1
4127	83065	1
8865	83065	1
9622	83065	1
9993	83065	1
862	83071	1
938	83071	1
2750	83071	1
3091	83071	1
4127	83071	1
6193	83071	1
6885	83071	1
9620	83071	1
2278	83109	1
2351	83109	1
4489	83109	1
5958	83109	1
8817	83109	1
9474	83109	1
4127	83141	1
7759	83141	1
9669	83141	1
5318	83142	1
5344	83142	1
954	83217	1
2445	83217	1
2477	83217	1
2736	83217	1
6987	83217	1
8580	83217	2
9526	83217	1
1267	83229	1
8417	83229	1
9925	83229	1
9926	83229	1
243	83277	1
1783	83277	1
4421	83277	1
4642	83277	1
6962	83277	1
8122	83277	1
542	83359	1
557	83359	1
9007	83359	1
2733	83360	1
4111	83360	1
5972	83360	1
7128	83360	1
9538	83360	1
5241	83426	1
7833	83479	1
9571	83479	1
3034	83509	1
5056	83509	1
5396	83509	1
4127	83540	1
7977	83540	1
9114	83540	1
1207	83606	1
1505	83606	1
1840	83606	1
4861	83606	1
455	83621	1
511	83621	1
4127	83621	1
6507	83621	1
6769	83621	1
6941	83621	1
7977	83626	1
8969	83626	1
8025	83641	1
1783	83658	1
8506	83658	1
9032	83658	1
1564	83659	1
5318	83659	1
8351	83659	1
8865	83659	1
1134	83725	1
2071	83725	1
2750	83725	1
4127	83725	1
4384	83725	1
4810	83725	1
4861	83725	1
6905	83725	1
8865	83725	1
9143	83725	1
9230	83725	1
58	83733	1
4127	83733	1
6785	83733	1
7046	83733	1
7457	83733	1
9320	83733	1
9944	83733	1
5318	83736	1
8215	83736	1
9445	83736	1
1707	83753	1
2083	83753	1
2330	83753	1
2931	83753	1
6566	83753	1
9800	83753	1
2532	83798	1
6304	83798	1
7785	83798	1
7875	83798	1
3006	83826	1
4766	83826	1
4875	83826	1
4876	83826	1
2561	83943	1
7998	83943	1
732	84040	1
1132	84040	1
1134	84040	1
1507	84040	1
2071	84040	1
3091	84040	1
4127	84040	1
4810	84040	1
2567	84094	1
2784	84094	1
3294	84094	1
3577	84094	1
4127	84094	1
6166	84094	1
7543	84094	1
9526	84094	1
1240	84139	1
2534	84139	1
3034	84139	1
7957	84139	1
8806	84139	1
6146	84195	1
6838	84195	1
1529	84220	1
2976	84220	1
3199	84220	1
6998	84220	1
8865	84220	1
9526	84220	1
9625	84220	1
9825	84220	1
976	84229	1
10026	84229	1
4852	84268	1
9800	84268	1
2117	84292	1
2616	84292	1
3873	84292	1
4811	84292	1
5226	84292	1
9974	84292	1
2625	84294	1
3943	84294	1
4127	84294	1
4506	84294	1
6301	84294	1
796	84301	1
1564	84301	1
2715	84301	1
4127	84301	1
5143	84301	1
6301	84301	1
2722	84334	1
7041	84334	1
7409	84334	1
9669	84334	1
1148	84375	2
1461	84375	1
5318	84375	2
5487	84375	1
5736	84375	1
7000	84375	1
8624	84375	1
162	84380	1
579	84380	1
618	84380	1
4102	84380	1
7471	84380	1
9561	84380	1
5921	84384	1
9561	84384	1
7197	84385	1
579	84401	1
1067	84401	1
5794	84401	1
930	84404	1
1086	84404	1
1739	84404	1
2531	84404	1
4127	84404	1
5884	84404	1
9676	84404	1
8978	84412	1
927	84434	1
3871	84434	1
4316	84434	1
5972	84434	1
9669	84434	1
1630	84441	1
2214	84448	1
6700	84448	1
302	84460	1
344	84460	1
5487	84460	1
7621	84460	1
8417	84460	1
8991	84460	1
174	84473	1
511	84473	1
1168	84473	1
4127	84473	1
5458	84473	1
7584	84473	1
8351	84473	1
8793	84473	1
855	84487	1
4127	84487	1
7191	84487	1
7385	84487	1
8803	84487	1
8806	84487	2
3836	84508	1
4056	84508	1
4113	84508	1
4127	84508	1
8391	84508	1
8449	84508	1
3901	84511	1
1296	84567	1
8134	84567	1
9736	84567	1
4862	84575	1
8098	84575	1
8727	84575	1
9561	84575	1
6798	84588	1
8995	84588	1
9538	84588	1
2895	84593	1
4127	84593	1
6588	84593	1
8552	84593	1
65	84599	1
187	84599	1
742	84599	1
3335	84599	1
4127	84599	1
4308	84599	1
5663	84599	1
6551	84599	1
6571	84599	1
8701	84599	1
9877	84599	1
875	84608	1
1515	84608	1
3568	84608	1
3900	84608	1
561	84643	1
7739	84643	1
9924	84674	1
7038	84681	1
8230	84681	1
8969	84681	1
5318	84688	1
4205	84695	1
8064	84695	1
10042	84695	1
9561	84706	1
613	84758	1
1325	84758	1
4223	84758	1
6607	84758	1
8040	84758	1
8380	84758	1
9818	84758	1
6998	84775	1
1505	84795	1
4127	84795	1
6729	84795	1
8398	84795	1
1215	84805	1
2484	84805	1
5921	84805	1
8520	84805	1
9962	84805	1
3228	84809	1
4127	84809	1
6661	84809	1
9924	84809	1
2502	84813	1
3616	84813	1
4127	84813	1
5972	84813	1
6671	84813	1
8925	84813	1
9045	84813	1
9875	84813	1
2502	84835	1
3616	84835	1
4127	84835	1
5972	84835	1
6671	84835	1
9045	84835	1
9875	84835	1
2502	84850	1
3616	84850	1
4127	84850	1
5187	84850	1
5972	84850	1
6671	84850	1
9045	84850	1
9875	84850	1
4127	84857	1
5929	84857	1
7852	84857	1
9839	84857	1
3349	84872	1
5208	84872	1
5267	84872	1
5460	84872	1
8865	84872	1
9054	84872	1
2502	84882	1
3616	84882	1
4127	84882	1
4780	84882	1
5972	84882	1
6671	84882	1
8765	84882	1
9045	84882	1
9875	84882	1
114	84898	1
9526	84898	2
2502	84903	1
3616	84903	1
4127	84903	1
5972	84903	1
6671	84903	1
9045	84903	1
9875	84903	1
1679	84928	1
4056	84928	1
5056	84928	1
5282	84928	1
8395	84928	1
857	84931	1
1937	84931	2
4127	84931	1
5538	84931	1
5632	84931	1
9390	84931	1
9591	84931	1
2502	84932	1
3616	84932	1
4127	84932	1
5972	84932	1
6671	84932	1
8218	84932	1
9875	84932	1
1644	84943	1
8963	84943	1
2502	84955	1
3616	84955	1
4127	84955	1
5972	84955	1
6671	84955	1
8218	84955	1
9875	84955	1
2502	84969	1
3616	84969	1
4127	84969	1
5972	84969	1
6671	84969	1
8218	84969	1
9875	84969	1
2502	84987	1
3616	84987	1
4127	84987	1
5972	84987	1
6671	84987	1
8218	84987	1
9875	84987	1
2502	84999	1
3616	84999	1
4127	84999	1
5972	84999	1
6671	84999	1
8218	84999	1
9875	84999	1
2502	85015	1
3616	85015	1
4127	85015	1
4184	85015	1
5972	85015	1
6671	85015	1
8218	85015	1
9875	85015	1
2502	85027	1
3616	85027	1
4127	85027	1
5972	85027	1
6671	85027	1
8218	85027	1
9875	85027	1
9890	85043	1
2502	85046	1
3616	85046	1
4127	85046	1
5972	85046	1
6671	85046	1
8218	85046	1
9875	85046	1
2130	85052	1
2690	85052	1
4088	85052	1
4102	85052	1
4127	85052	1
4357	85052	1
7264	85052	1
8995	85052	2
9571	85052	1
2502	85057	1
3616	85057	1
4127	85057	1
5972	85057	1
6671	85057	1
8218	85057	1
9875	85057	1
2502	85074	1
2798	85074	1
3616	85074	1
4127	85074	1
5972	85074	1
6671	85074	1
8063	85074	1
8218	85074	1
9875	85074	1
4066	85076	1
8184	85076	1
8242	85076	1
2502	85084	1
3616	85084	1
4127	85084	1
5972	85084	1
6671	85084	1
8218	85084	1
9875	85084	1
2502	85092	1
3616	85092	1
4127	85092	1
5972	85092	1
6671	85092	1
8218	85092	1
9875	85092	1
2502	85102	1
3616	85102	1
4127	85102	1
5972	85102	1
6671	85102	1
8218	85102	1
9875	85102	1
2502	85109	1
3616	85109	1
4127	85109	1
5972	85109	1
6671	85109	1
8218	85109	1
9875	85109	1
561	85110	1
1642	85110	1
4127	85110	1
2502	85122	1
3616	85122	1
4127	85122	1
5972	85122	1
6671	85122	1
7815	85122	1
8218	85122	1
9875	85122	1
2502	85135	1
3616	85135	1
4127	85135	1
5972	85135	1
6671	85135	1
8218	85135	1
9875	85135	1
2502	85144	1
3616	85144	1
4127	85144	1
5972	85144	1
6671	85144	1
8218	85144	1
9875	85144	1
5924	85148	1
2502	85154	1
3616	85154	1
3643	85154	1
4127	85154	1
4184	85154	1
5972	85154	1
6671	85154	1
8218	85154	1
9875	85154	1
2502	85168	1
3616	85168	1
4127	85168	1
5972	85168	1
6671	85168	1
8218	85168	1
9875	85168	1
2502	85181	1
3616	85181	1
4127	85181	1
5972	85181	1
6671	85181	1
8218	85181	1
9875	85181	1
2502	85190	1
3616	85190	1
4127	85190	1
5972	85190	1
6671	85190	1
8218	85190	1
9875	85190	1
1426	85194	1
2531	85194	1
3577	85194	1
4127	85194	1
5216	85194	1
7740	85194	1
8324	85194	1
9105	85194	1
9466	85194	1
9657	85194	1
9688	85194	1
2502	85199	1
3616	85199	1
4127	85199	1
5972	85199	1
6671	85199	1
8218	85199	1
9875	85199	1
961	85218	1
2502	85218	1
3616	85218	1
4127	85218	1
5972	85218	1
6671	85218	1
8218	85218	1
9875	85218	1
9890	85218	1
991	85220	1
1835	85220	1
2518	85220	1
2582	85220	1
3034	85220	1
3294	85220	1
3568	85220	1
4259	85220	1
7873	85220	1
8995	85220	1
2502	85229	1
3616	85229	1
4127	85229	1
5972	85229	1
6671	85229	1
8218	85229	1
9875	85229	1
2502	85250	1
3616	85250	1
4127	85250	1
5972	85250	1
6671	85250	1
8218	85250	1
9875	85250	1
342	85266	1
557	85266	1
2502	85279	1
3616	85279	1
4127	85279	1
5972	85279	1
6671	85279	1
8218	85279	1
9875	85279	1
2366	85299	1
2719	85299	1
4041	85299	1
6794	85299	1
7998	85299	1
8449	85299	1
8684	85299	1
2502	85306	1
3616	85306	1
4127	85306	1
5972	85306	1
6671	85306	1
8218	85306	1
9875	85306	1
1602	85313	1
6870	85313	1
2502	85325	1
3616	85325	1
4127	85325	1
5972	85325	1
6671	85325	1
8218	85325	1
9875	85325	1
2502	85335	1
3616	85335	1
4127	85335	1
5972	85335	1
6671	85335	1
8218	85335	1
9875	85335	1
2896	85352	1
3167	85352	1
4127	85352	1
5023	85352	1
5208	85352	1
6193	85352	1
6619	85352	1
7739	85352	1
4127	85354	1
4206	85354	1
6166	85354	1
2502	85359	1
3616	85359	1
4127	85359	1
5972	85359	1
6671	85359	1
8218	85359	1
9875	85359	1
2502	85391	1
3616	85391	1
4127	85391	1
5972	85391	1
6671	85391	1
8218	85391	1
9875	85391	1
2502	85406	1
3616	85406	1
4127	85406	1
5972	85406	1
6671	85406	1
8218	85406	1
9875	85406	1
2502	85412	1
3616	85412	1
4127	85412	1
5972	85412	1
6671	85412	1
8218	85412	1
9875	85412	1
2502	85426	1
3616	85426	1
4127	85426	1
5972	85426	1
6671	85426	1
8218	85426	1
9875	85426	1
710	85428	2
792	85428	1
1526	85428	1
3340	85428	1
3405	85428	1
3501	85428	1
4127	85428	1
5318	85428	1
6619	85428	1
7850	85428	1
5002	85442	1
9394	85442	1
726	85449	1
2502	85450	1
3616	85450	1
4127	85450	1
5972	85450	1
6671	85450	1
8218	85450	1
9875	85450	1
1671	85465	1
3284	85465	2
4127	85465	1
9694	85465	1
9976	85465	2
710	85478	1
3140	85478	1
3822	85478	1
4127	85478	1
5737	85478	1
6802	85478	1
10052	85478	1
3580	85525	1
2518	85548	1
2950	85548	1
6974	85548	1
366	85611	1
961	85611	1
1118	85611	1
1186	85611	1
2212	85611	1
2965	85611	1
9890	85611	1
628	85625	1
2888	85625	1
8440	85625	1
455	85626	1
1642	85626	1
4127	85626	1
6301	85626	1
6785	85626	1
7617	85626	1
8321	85626	1
9974	85626	1
26	85639	1
580	85639	1
2445	85639	1
4398	85639	2
5045	85639	1
6166	85639	1
7262	85639	1
7832	85639	1
208	85648	1
2730	85648	1
208	85654	1
2730	85654	1
7262	85654	1
2621	85657	1
3501	85657	1
3735	85657	1
3836	85657	1
2476	85674	1
412	85691	1
534	85691	1
1329	85691	1
4127	85691	1
5110	85691	1
6097	85691	1
8053	85691	1
3167	85695	1
4127	85695	1
5023	85695	1
5208	85695	1
6193	85695	1
6619	85695	1
7166	85695	1
7739	85695	1
4127	85793	1
1497	85796	1
5303	85796	1
2535	85807	1
3970	85807	1
6020	85807	1
1125	85819	1
208	85826	1
2730	85826	1
3501	85826	1
6920	85826	1
3711	85860	2
6020	85860	1
2719	85872	1
9019	85889	1
9561	85889	1
988	85932	1
6785	85932	1
9189	85953	1
4127	85955	1
5226	85955	1
6783	85955	1
9890	85955	1
6020	85991	1
1017	86008	1
2083	86008	1
7874	86037	1
5246	86047	1
9925	86047	1
1246	86054	1
4127	86054	1
6301	86054	1
9774	86054	1
3068	86072	1
3826	86072	1
4127	86072	1
6206	86072	1
6941	86072	1
4271	86085	1
5198	86085	1
9764	86085	1
991	86090	1
1958	86175	1
5854	86175	1
5924	86175	1
4127	86218	1
4644	86218	1
7412	86218	1
3822	86220	1
6166	86220	1
7739	86220	1
4229	86225	1
6020	86225	1
2701	86254	1
3501	86254	1
7443	86254	1
7621	86254	1
9870	86254	1
303	86269	1
4056	86269	2
4127	86269	1
5725	86269	1
5924	86269	1
9136	86269	1
9453	86269	1
9589	86269	1
915	86287	1
3520	86287	1
6941	86287	1
7197	86287	1
9275	86287	1
4127	86294	1
6817	86294	1
9410	86294	1
4088	86304	1
1749	86347	1
5267	86347	1
6020	86347	1
606	86449	1
1892	86449	1
3210	86449	1
3998	86449	1
4127	86449	1
5519	86449	1
6301	86449	1
243	86469	1
974	86469	1
1648	86469	1
6759	86469	1
7006	86469	1
7228	86469	1
8008	86469	1
4559	86486	1
5199	86486	1
7563	86486	1
9624	86486	1
1120	86491	1
3790	86491	1
3933	86491	1
4019	86491	1
4127	86491	1
5208	86491	1
6619	86491	1
7087	86491	1
8995	86491	1
915	86512	1
2190	86512	1
3182	86512	3
3520	86512	1
9275	86512	1
9526	86512	1
8865	86563	1
9233	86563	1
9539	86563	1
726	86655	1
751	86655	1
2917	86655	1
4127	86655	1
2074	86670	1
4127	86670	1
4694	86670	1
4852	86670	1
3349	86733	1
138	86742	1
2324	86742	1
2477	86742	1
2427	86751	1
3006	86751	1
5226	86751	1
8865	86751	1
2917	86785	1
5655	86788	1
534	86797	1
2531	86797	1
3577	86797	1
4127	86797	1
5216	86797	1
7716	86797	1
7740	86797	1
8630	86797	1
9105	86797	1
9688	86797	1
9862	86797	1
455	86808	1
742	86808	1
960	86808	1
2924	86808	1
3405	86808	1
3787	86808	1
4127	86808	1
6301	86808	1
5181	86854	1
8865	86854	1
344	86861	1
1443	86861	1
3095	86861	1
3425	86861	1
5248	86861	1
7365	86861	1
8218	86861	2
8380	86861	1
8417	86861	1
1029	86891	1
2175	86891	1
2577	86891	1
3139	86891	1
8395	86891	1
8484	86891	1
8923	86891	1
9130	86891	1
9561	86891	1
1475	86922	1
4127	86922	1
4938	86922	1
6176	86922	1
7264	86922	1
8651	86922	1
9647	86922	1
1881	86924	1
5998	86924	1
6287	86924	1
7634	86924	1
9010	86924	1
4127	86947	1
5301	86947	1
5574	86947	1
6301	86947	1
7166	86947	1
9063	86947	1
455	86971	1
4127	86971	1
4846	86971	1
5318	86971	1
5910	86971	1
6891	86971	1
8865	86971	1
3157	87001	1
4028	87001	1
7977	87001	1
8969	87001	1
187	87033	1
940	87033	1
2402	87033	1
2531	87033	1
3866	87033	1
4127	87033	1
6769	87033	1
4655	87081	1
6859	87081	1
9838	87081	2
3190	87105	1
6475	87105	1
9962	87105	1
5771	87134	1
6166	87134	1
6557	87134	1
2745	87169	1
3232	87169	1
5086	87169	1
5318	87169	1
6641	87169	1
8865	87169	1
9526	87169	2
9546	87169	2
579	87208	1
3636	87208	1
396	87223	1
629	87223	1
2968	87223	1
3294	87223	1
4127	87223	1
4163	87223	1
5318	87223	1
534	87236	1
540	87236	1
1357	87236	1
1919	87236	1
3752	87236	1
3821	87236	1
7067	87236	1
9716	87236	1
287	87256	1
3657	87256	1
4127	87256	1
5972	87256	1
8246	87256	1
837	87281	1
2324	87281	1
5226	87281	1
1353	87325	1
3735	87325	1
4366	87325	1
4458	87325	1
5096	87325	1
6058	87325	1
8058	87325	1
8865	87325	2
9538	87325	1
9711	87325	1
9926	87325	1
2561	87341	1
3763	87341	1
9175	87341	1
1475	87379	1
4127	87379	1
4938	87379	1
6176	87379	1
7264	87379	1
9647	87379	1
606	87401	1
4127	87401	1
5140	87401	1
5537	87401	1
6301	87401	1
1120	87506	1
1331	87506	1
2944	87506	1
5226	87506	1
8535	87506	1
3210	87514	1
3998	87514	1
1494	87573	1
9370	87573	1
582	87607	1
4735	87607	1
5727	87607	1
6287	87607	1
6684	87607	1
7071	87607	1
8163	87607	1
8987	87607	1
9538	87607	1
4127	87733	1
7886	87733	1
7906	87733	1
9955	87733	1
1836	87800	1
2446	87800	1
2750	87800	1
2875	87800	1
3836	87800	1
5561	87800	1
5771	87800	1
7543	87800	1
8513	87800	1
4127	87812	1
9589	87812	1
2097	87818	1
2546	87818	1
6166	87818	1
1381	87864	1
3034	87864	1
8865	87864	1
545	87880	1
1382	87880	1
2719	87880	1
3155	87880	1
3511	87880	1
3917	87880	1
4127	87880	1
5226	87880	1
940	87885	1
2402	87885	1
2531	87885	1
4127	87885	1
6769	87885	1
7400	87885	1
7951	87885	1
7952	87885	1
4994	87923	1
7200	87923	1
1209	87949	1
3120	87949	1
3952	87949	1
8318	87949	1
9526	87949	1
9766	87949	1
954	87956	1
7543	87956	1
4127	88048	1
5924	88048	1
6870	88048	1
7365	88048	1
8865	88048	1
2409	88052	1
4127	88052	1
4507	88052	1
6557	88052	1
8995	88052	1
9078	88052	1
3943	88074	1
4127	88074	1
4506	88074	1
6301	88074	1
2518	88080	1
2867	88080	1
3239	88080	1
5086	88080	1
5199	88080	1
6712	88080	1
7926	88080	1
8887	88080	1
9526	88080	1
3501	88112	1
6536	88112	1
9610	88112	1
707	88178	1
6567	88178	1
6923	88189	1
9669	88189	1
3034	88205	2
7279	88205	1
9347	88205	1
9669	88205	1
2745	88222	1
3034	88222	1
5972	88222	1
2890	88250	1
4213	88250	1
5076	88250	1
6640	88250	1
7106	88250	1
915	88271	1
1518	88272	1
4127	88272	1
1518	88291	1
3034	88291	1
3161	88291	1
4127	88291	1
9606	88291	1
588	88303	1
4127	88303	1
8704	88303	1
9394	88303	1
534	88306	1
3191	88306	1
3572	88306	1
3577	88306	1
4127	88306	1
5216	88306	1
7655	88306	1
7740	88306	1
8630	88306	1
9105	88306	1
9688	88306	1
8233	88314	1
9255	88314	1
1108	88401	1
3501	88401	1
9620	88401	1
4260	88415	1
5396	88415	1
8684	88415	1
4017	88448	1
4235	88448	1
5471	88448	1
5854	88448	1
6209	88448	1
6768	88448	1
7174	88448	1
9494	88448	1
2546	88456	1
5854	88456	1
6716	88456	1
8684	88456	1
3294	88462	1
10040	88462	1
878	88472	1
940	88472	1
960	88472	1
2402	88472	1
2531	88472	1
4127	88472	1
4981	88472	1
6769	88472	1
7951	88472	2
7952	88472	1
940	88579	1
2402	88579	1
2531	88579	1
4127	88579	1
2324	88623	1
4127	88623	1
6385	88623	1
8865	88623	1
8995	88623	1
9669	88623	1
558	88695	1
726	88695	1
1025	88695	1
4127	88695	1
2546	88701	1
2604	88701	1
3774	88701	1
5129	88701	1
6970	88701	1
3568	88734	1
4056	88734	1
5029	88734	1
9625	88734	1
515	88747	1
677	88747	1
1325	88747	1
1886	88747	1
2448	88747	1
5074	88747	1
9215	88747	1
9265	88747	1
9784	88747	1
515	88755	1
677	88755	1
1369	88755	1
1886	88755	1
2448	88755	1
5074	88755	1
9215	88755	1
9265	88755	1
9784	88755	1
1689	88763	1
1937	88763	1
2214	88763	1
2823	88763	1
6725	88763	1
7971	88763	1
9347	88763	1
9610	88763	1
2715	88765	1
4127	88765	1
6301	88765	1
8813	88765	1
10052	88765	1
2560	88803	1
2608	88803	1
3511	88803	1
4155	88803	1
4284	88803	1
6700	88803	1
9589	88803	1
558	88818	1
1625	88818	1
3511	88818	1
6146	88818	1
7471	88818	1
8122	88818	1
9010	88818	1
5458	88829	1
857	88879	1
2278	88879	1
4127	88879	1
4511	88879	1
5316	88879	1
5854	88879	1
3634	88900	1
3917	88900	1
4127	88900	1
5539	88900	1
5655	88900	1
5794	88900	1
6304	88900	1
6661	88900	1
7166	88900	1
7408	88900	1
7492	88900	1
7592	88900	1
7669	88900	1
8995	88900	1
2200	88934	1
9526	88934	1
4127	88935	1
5267	88935	1
5316	88935	1
9232	88935	1
3372	88955	1
4127	88955	1
5773	88955	1
6166	88955	1
10048	88955	1
455	88998	1
940	88998	1
2531	88998	1
3294	88998	1
4127	88998	1
5318	88998	1
9991	88998	1
108	89000	1
2569	89000	1
3182	89000	1
6700	89000	1
7228	89000	1
9193	89000	1
3294	89068	1
3943	89068	1
4127	89068	1
4495	89068	1
4506	89068	1
6301	89068	1
8720	89068	1
5396	89069	1
8213	89069	1
9526	89069	1
324	89072	1
3752	89072	1
5085	89072	1
7243	89072	1
9265	89072	1
9669	89072	1
1396	89098	1
2768	89098	1
3485	89098	1
5924	89098	1
7761	89098	1
1267	89140	1
1745	89140	1
2273	89140	1
3305	89140	1
6725	89140	1
9028	89140	1
795	89172	1
5318	89172	1
7641	89172	1
8098	89172	1
9698	89172	1
2011	89184	1
4056	89184	1
2284	89198	1
3511	89198	1
5303	89198	1
8017	89198	1
8865	89198	1
5768	89222	1
7128	89222	1
8134	89222	1
8279	89222	1
579	89229	1
3593	89229	1
5592	89229	1
7321	89229	1
7382	89229	1
9669	89229	1
9764	89229	1
5351	89257	1
8987	89257	1
1872	89279	1
1875	89279	1
3790	89279	1
6847	89279	1
7541	89279	1
2973	89287	1
3294	89287	1
8869	89287	1
9549	89287	1
3006	89295	2
8865	89295	1
2487	89318	1
1194	89337	1
2158	89337	1
6700	89337	1
7266	89337	1
534	89349	1
1835	89349	1
3294	89349	1
5396	89349	1
8969	89349	1
9526	89349	1
3075	89354	1
8944	89354	1
502	89362	1
2715	89362	1
4127	89362	1
6301	89362	1
5318	89365	1
27	89367	1
187	89367	1
940	89367	1
2402	89367	1
2531	89367	1
4127	89367	1
6571	89367	1
6769	89367	1
7951	89367	1
7952	89367	1
9704	89367	1
9992	89367	1
5318	89403	1
2715	89410	1
4127	89410	1
5316	89410	1
6301	89410	1
6859	89410	1
2469	89414	1
5582	89414	1
9546	89414	1
4127	89419	1
4748	89419	1
5856	89419	1
7569	89419	1
1875	89438	1
3790	89438	1
6266	89438	1
7279	89438	1
510	89442	1
1831	89442	1
2074	89442	1
4127	89442	1
5267	89442	1
5854	89442	2
9769	89442	1
133	89451	1
1540	89451	1
3100	89451	1
7169	89451	1
3582	89461	1
3961	89461	1
7295	89461	1
8995	89461	1
9130	89461	1
489	89486	1
677	89486	1
9977	89486	1
878	89501	1
3206	89501	1
3860	89501	1
4311	89501	1
4667	89501	1
5081	89501	1
5808	89501	1
8985	89501	1
2146	89518	1
2412	89518	1
3735	89518	1
6619	89518	1
7102	89518	1
7410	89518	1
8246	89518	1
8277	89518	1
8796	89518	1
8865	89518	1
9813	89518	1
441	89540	1
1950	89540	1
2937	89540	1
3392	89540	1
4234	89540	1
5198	89540	1
8009	89540	1
9010	89540	1
243	89554	1
2211	89554	1
6713	89554	1
9500	89554	1
1132	89612	1
1435	89612	1
1784	89612	1
4742	89612	1
7166	89612	1
8186	89612	1
9716	89612	1
1435	89644	1
3161	89644	1
4127	89644	1
6301	89644	1
8785	89644	1
513	89654	1
3592	89654	1
4127	89654	1
5002	89654	1
2386	89655	1
3340	89655	1
5199	89655	1
5972	89655	1
6609	89655	1
8054	89655	1
8669	89655	1
9938	89655	1
862	89660	1
5303	89660	1
2178	89697	1
3728	89697	1
7825	89697	1
1555	89731	1
5546	89731	1
8375	89731	1
557	89761	1
3615	89761	1
3696	89761	1
5018	89761	1
6166	89761	1
862	89776	1
3198	89776	1
8880	89776	1
4235	89780	1
5318	89780	1
6700	89780	1
3434	89785	1
3822	89785	1
4127	89785	1
8449	89790	1
9768	89790	1
2923	89802	1
4127	89802	1
8008	89802	1
1469	89803	1
1843	89803	1
1905	89803	1
3204	89803	1
3439	89803	1
5412	89803	1
6304	89803	1
6849	89803	1
8507	89803	1
845	89809	1
1739	89809	1
3210	89809	1
3998	89809	1
4127	89809	1
6301	89809	1
8865	89820	1
534	89823	1
3752	89823	1
5279	89823	1
5972	89823	1
6711	89823	1
8098	89823	1
8865	89823	1
9225	89823	1
3392	89863	1
4127	89863	1
6941	89863	1
8324	89863	2
8630	89863	1
1118	89941	1
1469	89941	1
1843	89941	1
1905	89941	1
3439	89941	1
4127	89941	1
5412	89941	1
8507	89941	1
2715	89946	1
4127	89946	1
6301	89946	1
585	89957	1
2849	89957	1
3790	89957	1
4127	89957	2
6001	89957	1
7144	89957	1
9300	89957	1
1834	90007	1
3091	90007	1
3752	90007	1
4716	90007	1
6937	90007	1
8142	90007	1
8213	90007	1
8865	90007	1
9054	90007	1
9962	90007	1
1178	90045	1
3747	90045	1
6619	90051	5
726	90111	1
2261	90111	1
3087	90111	1
8683	90111	1
9589	90111	1
826	90127	1
3501	90127	1
4041	90161	1
5460	90161	1
9784	90161	1
384	90174	1
4018	90174	1
4611	90174	1
7943	90174	1
8865	90174	1
4056	90243	1
4526	90243	1
4703	90243	1
5077	90243	1
6113	90243	1
5318	90246	1
5318	90247	1
1052	90354	1
3196	90354	1
4127	90354	1
5864	90354	1
7713	90354	1
7776	90354	1
8464	90354	1
162	90392	1
2630	90392	1
3972	90392	1
455	90433	1
1011	90433	1
3294	90433	1
4127	90433	1
5318	90433	1
6304	90433	1
940	90490	1
2402	90490	1
2531	90490	1
4127	90490	1
6769	90490	1
6984	90490	1
7951	90490	1
7952	90490	1
513	90503	1
4127	90503	1
5002	90503	1
6941	90503	1
9445	90503	1
452	90546	1
1074	90546	1
3914	90546	1
3972	90546	1
5303	90546	1
436	90581	1
2955	90581	1
5924	90581	1
6146	90581	1
8150	90581	1
8923	90581	1
9589	90581	1
866	90633	1
2876	90633	1
3294	90633	1
6941	90633	1
7986	90633	1
8017	90633	1
8449	90633	1
8865	90633	1
9054	90633	1
9818	90633	1
673	90655	1
3068	90655	1
3161	90655	2
4127	90655	1
6301	90655	1
6609	90655	2
7166	90655	1
1619	90673	1
3593	90673	1
5592	90673	1
6700	90673	1
6937	90673	1
7266	90673	1
23	90689	1
65	90689	1
866	90689	1
2932	90689	1
2970	90689	1
6624	90689	1
2750	90700	1
3593	90700	1
3881	90700	1
5592	90700	1
510	90722	1
1725	90722	1
3294	90722	1
3449	90722	1
3972	90722	1
4861	90722	1
6624	90722	1
1166	90725	1
1797	90725	1
2264	90725	1
2294	90725	1
3392	90725	1
4281	90725	1
8162	90725	1
9526	90725	1
9189	90728	1
3984	90729	1
9825	90729	1
2516	90731	1
3881	90731	1
866	90764	1
3972	90764	1
6624	90764	1
8624	90764	1
3735	90803	1
3972	90803	1
5460	90803	1
6624	90803	1
8594	90803	1
8922	90803	1
8969	90803	1
3576	90808	1
4661	90811	1
8995	90811	1
3511	90824	1
4407	90824	1
5208	90824	1
6301	90824	1
8171	90824	1
2477	90833	1
3341	90833	1
6700	90833	1
8150	90833	1
8449	90833	1
9624	90833	1
311	90848	1
3579	90848	1
3972	90848	1
5783	90848	1
6624	90848	1
5318	90863	1
8293	90863	1
4127	90880	1
6166	90880	1
7550	90880	1
8380	90880	1
9330	90880	1
2267	90892	1
2931	90892	1
3155	90892	1
3747	90892	1
4017	90892	1
7776	90892	1
8129	90892	1
5318	90909	1
5794	90909	1
9985	90909	1
1267	90910	1
1952	90910	1
2074	90910	1
3501	90910	1
3915	90910	1
4846	90910	1
4999	90910	1
6166	90910	1
3340	90918	1
4127	90918	1
9627	90918	1
5794	90947	1
9984	90947	1
9054	90980	1
4127	90990	1
6290	90990	1
7341	90990	1
8571	90990	1
3087	91010	1
3802	91010	1
4056	91010	1
4127	91010	1
8351	91010	1
4127	91019	1
6290	91019	1
7341	91019	1
8571	91019	1
1120	91020	1
1418	91020	1
4127	91020	1
5208	91020	1
7550	91020	1
341	91103	1
5267	91103	1
8558	91103	1
1552	91108	1
4127	91108	1
4835	91108	1
5029	91108	1
6290	91108	1
6785	91108	1
7341	91108	1
8571	91108	1
5623	91125	1
9394	91138	1
8418	91139	1
8995	91139	1
9394	91139	1
940	91143	1
1087	91143	1
1527	91143	1
2402	91143	1
2531	91143	1
4127	91143	1
6769	91143	1
8460	91143	1
3993	91152	1
751	91153	1
3790	91153	1
4127	91153	1
5089	91153	1
8594	91153	2
2085	91228	1
8944	91228	1
2155	91241	1
4127	91241	1
1197	91266	1
4481	91266	1
6865	91266	1
7235	91266	1
8397	91266	1
3914	91332	1
4127	91332	1
4566	91332	1
6930	91332	1
7266	91332	1
7502	91332	1
7810	91332	1
8865	91332	1
3997	91361	1
8171	91361	1
8995	91361	1
8287	91384	1
4817	91449	1
4852	91449	1
8171	91449	1
8995	91449	1
726	91463	1
1507	91463	1
2136	91463	1
2240	91463	1
2442	91463	1
4163	91463	1
4174	91463	1
4852	91463	1
5972	91463	1
6796	91463	1
6799	91463	1
6998	91463	1
8821	91463	1
8995	91463	1
857	91471	1
3822	91471	1
4127	91471	1
4798	91471	1
5316	91471	1
10021	91471	1
7351	91496	1
5771	91531	1
7950	91531	1
3087	91536	1
8380	91536	1
