2478	60778	1
2579	60778	1
4127	60778	1
7638	60778	1
3501	61364	1
3932	61364	1
4127	61364	1
7182	61364	1
9825	61364	1
329	61459	1
4661	61459	1
8995	61459	1
9526	61459	1
1331	61624	1
2477	61624	1
3501	61624	1
6618	61624	1
9265	61624	2
3995	61833	1
2997	61869	1
3034	61869	1
1388	62691	1
1425	62691	1
2580	62691	1
4127	62691	1
5026	62691	1
5111	62691	1
6226	62691	1
7078	62691	1
7520	62691	1
9382	62691	1
456	63865	1
2478	63865	1
7766	63865	1
456	63882	1
2478	63882	1
7766	63882	1
8008	63882	1
8380	65272	1
138	65442	1
3087	65442	1
4804	65442	1
5737	65442	1
8507	65442	1
8969	65442	1
9422	65442	1
1689	66622	1
5344	66622	2
5892	66622	1
6716	66622	1
613	66655	1
2011	66655	1
733	66758	1
1724	66758	1
2011	66758	1
5924	66758	1
8032	66758	1
8293	66758	1
9589	66758	1
1689	66821	1
2043	66821	1
9611	66821	1
60	66962	1
2043	66962	1
8558	66962	1
9072	66962	1
9727	66962	1
733	67022	1
2190	67022	1
2483	67022	1
2962	67022	1
3841	67022	2
6472	67022	1
6618	67022	2
6725	67022	1
7621	67022	1
1382	68507	1
1931	68507	1
2085	68507	1
2532	68507	1
3836	68507	1
5008	68507	1
5383	68507	1
8116	68507	1
9315	68507	1
3873	72534	1
4545	72534	1
6058	72534	1
6725	72534	1
8795	72534	1
579	72898	1
4223	72898	1
7569	72898	1
44	73130	1
534	73130	1
826	73130	1
2185	73130	1
3216	73130	1
3735	73130	1
4277	73130	1
5258	73130	1
5570	73130	1
6166	73130	1
7581	73130	1
9526	73130	1
9766	73130	1
1505	73357	1
6492	73357	1
7128	73357	1
1505	73435	1
6492	73435	1
7128	73435	1
8213	73435	1
3284	73680	1
3501	73680	1
4398	73680	1
6549	73680	1
7298	73680	1
7621	73680	1
8380	73680	1
9045	73680	1
9375	73680	1
9699	73680	1
1469	73787	1
9010	73808	1
976	73837	1
2097	73837	1
7882	73837	1
9561	73837	1
3711	73873	2
2330	74189	1
2676	74189	1
4970	74189	1
9177	74189	1
2330	74495	1
5318	74495	1
5672	74495	1
6374	74495	1
7443	74495	1
8865	74495	1
9705	74495	1
9772	74495	1
2646	75175	1
5724	75175	1
8792	75175	1
8920	75175	1
2157	75429	1
3728	75429	1
8887	75429	1
9526	75429	1
1554	76405	1
2968	76405	1
3518	76405	1
3790	76405	1
8294	76405	1
8817	76405	1
857	76552	1
3291	76552	1
4127	76781	1
6301	76781	1
6835	76781	1
2984	76912	1
3658	76912	1
4127	76912	1
5601	76912	1
6301	76912	1
9974	76912	1
8041	78097	1
8219	78097	1
5700	78336	1
8040	78336	1
8987	78336	1
4606	79422	1
6133	79422	1
6978	79422	1
7415	79422	1
1029	79760	1
1783	79760	1
7071	79760	1
2778	82576	1
2923	82576	1
3752	82576	1
4127	82576	1
5080	82576	1
5856	82576	1
8865	82576	1
1937	84019	1
3034	84019	1
4259	84019	1
8944	84019	1
2648	84147	1
3858	84147	1
5201	84147	1
5921	84147	1
8909	84147	1
3316	84381	1
3340	84381	1
6444	84381	1
9804	84381	1
328	84424	1
8213	84424	1
8806	84424	1
2382	84431	1
3501	84431	1
7297	84431	1
1396	86678	1
2409	86678	1
8969	86678	1
9669	86678	1
4458	86754	1
8987	86754	1
4229	86992	1
9716	86992	1
153	86996	1
1269	87007	1
4047	87007	1
4127	87007	1
4168	87007	1
5677	87007	1
6146	87012	1
1527	87158	1
2250	87158	1
2630	87158	1
6396	87158	1
7475	87158	1
2425	87529	1
4127	87529	1
5318	87529	1
518	89696	1
558	90957	1
617	90957	1
7988	90957	1
5924	91413	1
9394	91413	1
