3970	69459	1
4784	69459	2
4784	69783	1
6035	69783	1
8743	69783	1
9526	69783	1
9766	69783	1
3278	69878	1
219	69886	1
3349	69886	1
4784	69886	1
9526	69886	1
312	70321	1
4784	70321	1
6619	70321	1
7282	70321	1
7816	77351	1
342	77916	1
7816	77916	1
4888	78032	1
5285	78032	1
63	78089	1
4663	78089	1
5208	78089	1
4784	78385	1
7815	78385	1
7816	78385	1
1331	78439	1
4784	78439	1
7815	78439	1
7816	78439	1
352	82370	1
3196	82370	1
3305	82370	1
3341	82370	1
6166	82370	1
9526	82370	1
8944	90167	1
7852	90355	1
4852	90555	1
8897	90555	1
