4040	28857	1
7884	28857	1
9589	28857	1
1267	28936	1
3501	28936	1
7228	28936	1
467	28941	1
1143	28941	1
2448	28941	1
2937	28941	1
8217	28941	1
4127	28954	1
5239	28954	1
7573	28954	1
8993	28954	1
1029	28967	1
3559	28967	1
5163	28967	1
5843	28967	1
8865	28967	1
7030	28976	1
3953	29047	1
5144	29047	1
8218	29047	1
8231	29047	1
534	29073	1
5854	29073	1
8684	29157	1
8806	29157	1
6227	29169	1
6465	29169	1
6926	29195	1
3566	29223	1
8098	29223	1
707	29244	1
3294	29244	1
8162	29244	1
8213	29244	1
8520	29244	1
9925	29244	1
1512	29245	1
3501	29245	1
526	29247	1
5110	29247	2
5502	29247	1
8408	29247	1
8798	29247	1
9878	29247	1
1512	29297	1
3501	29297	1
9130	29297	1
1512	29311	1
4488	29322	1
5303	29322	1
9924	29322	1
8001	29328	1
4127	29367	1
3349	29387	1
4782	29387	1
1268	29478	1
1818	29478	1
7232	29478	1
7563	29478	1
8995	29478	1
557	29483	1
857	29483	1
3822	29483	1
4113	29492	1
8426	29492	1
8449	29492	1
5267	29515	1
5889	29515	1
8978	29515	1
579	29518	1
5889	29518	1
9252	29522	1
564	29524	1
4111	29524	1
5783	29524	1
5827	29524	1
8922	29524	1
518	29551	1
1160	29551	1
8625	29551	1
2210	29575	1
3077	29575	1
3501	29575	1
8451	29575	1
8887	29575	1
9613	29575	1
9866	29575	1
56	29690	1
161	29690	1
1267	29690	1
6768	29690	1
1125	29740	1
6003	29740	1
6768	29740	1
1958	29817	1
5889	29817	1
9226	29817	1
9561	29817	1
4235	29833	1
1029	29853	1
4127	29853	1
5374	29853	1
8006	29853	1
9284	29853	1
2174	29865	1
5492	29865	1
5794	29865	1
8782	29865	1
9924	29865	1
5889	29874	1
9942	29874	1
936	29878	1
6166	29878	1
8380	29878	1
726	29887	1
8782	29887	1
1169	29892	1
2351	29892	1
3723	29892	1
4567	29892	1
7621	29892	1
6998	29902	1
8782	29902	1
3503	29911	1
4127	29911	1
4408	29911	1
5029	29911	1
5854	29911	1
7621	29911	1
8351	29911	1
9231	29911	1
1267	29928	1
5889	29928	1
6700	29928	1
7980	29928	1
8166	29928	1
3821	29944	1
3291	29946	1
33	29959	1
5077	29959	1
5999	29959	1
579	29961	1
4127	29961	1
7349	29961	1
7426	29961	1
8865	29961	1
56	29971	1
1937	29971	1
2059	29971	1
2719	29971	1
63	29981	1
4642	29981	1
8102	29991	1
8865	29991	1
9625	29991	1
9627	29991	1
256	29992	1
976	29992	1
2600	29992	1
2762	29992	1
4987	29992	1
6861	29992	1
7376	29992	1
7988	29992	1
9526	29992	2
9587	29992	1
363	29995	1
3095	29995	1
3747	29995	1
4127	29995	1
8865	29995	1
9538	29995	1
2214	30001	1
4113	30001	1
8782	30012	1
719	30053	1
1370	30053	1
4044	30053	1
4127	30053	1
5660	30053	1
8865	30053	1
8995	30053	1
56	30074	1
161	30074	1
8449	30074	1
8909	30074	1
9827	30074	1
2481	30091	1
7629	30091	1
7279	30096	1
9546	30096	1
1382	30098	1
1777	30098	1
3474	30098	1
3984	30098	1
5332	30098	1
7621	30098	1
9225	30098	1
9924	30098	1
958	30180	1
4351	30180	1
4905	30180	1
5444	30180	3
89	30181	1
425	30181	1
6700	30181	1
3425	30190	1
5107	30190	1
5307	30190	1
9669	30190	1
6926	30199	1
9904	30199	1
1157	30210	1
1331	30210	1
3774	30210	1
3873	30210	1
8008	30210	1
8213	30210	1
3735	30217	1
4127	30217	1
6149	30217	1
1108	30233	1
1666	30233	1
4235	30233	1
5296	30233	1
6643	30233	1
6700	30233	1
7844	30233	1
8520	30233	1
4840	30253	1
5267	30253	1
5794	30253	2
8782	30253	1
457	30281	1
4846	30281	1
5318	30281	1
8449	30300	1
3752	30310	1
6032	30310	1
6859	30310	1
6955	30310	1
3718	30327	1
4127	30327	1
4259	30327	1
8865	30327	1
9860	30327	1
533	30344	1
4537	30344	1
8630	30344	1
8782	30344	1
8818	30344	1
1032	30348	1
4017	30348	1
4297	30348	1
7948	30348	1
8217	30373	1
826	30411	1
5318	30411	1
7268	30411	1
7701	30411	1
5460	30415	1
5861	30415	1
768	30432	1
4661	30432	1
5780	30432	1
5794	30432	1
7320	30432	1
6338	30435	1
8380	30435	1
3873	30437	1
6338	30437	1
6859	30437	1
9227	30437	1
8098	30445	1
97	30469	1
2526	30469	1
5443	30469	1
6987	30469	1
8462	30469	1
9526	30469	1
4642	30470	1
6146	30470	1
6859	30470	1
7320	30470	1
739	30476	1
1031	30476	1
1810	30476	1
4722	30476	1
5771	30476	1
6768	30476	1
9046	30476	1
5588	30503	1
9225	30503	1
9526	30503	1
857	30520	1
2055	30520	1
3251	30520	1
3822	30520	1
5352	30520	1
6859	30520	1
7819	30520	1
8865	30520	1
5533	30521	1
8840	30521	1
6625	30534	1
8025	30534	1
5318	30551	1
7268	30551	1
7701	30551	1
579	30571	1
929	30571	1
1719	30587	1
3752	30587	1
8743	30587	1
739	30605	1
4722	30605	1
5240	30605	1
579	30606	1
1048	30606	1
1056	30606	1
1925	30606	1
9526	30606	1
2324	30607	1
4839	30607	1
7471	30607	1
1354	30629	1
4127	30629	1
6195	30629	1
142	30631	1
3735	30631	1
3893	30631	1
4127	30631	1
6138	30631	1
6444	30631	1
7499	30631	1
9145	30631	1
739	30642	1
4722	30642	1
8164	30642	1
3900	30643	1
9669	30643	1
422	30653	1
431	30653	1
2656	30653	1
8865	30653	1
9145	30653	1
9526	30653	1
23	30661	1
1958	30661	1
3034	30661	1
7279	30661	1
3392	30668	1
6032	30668	1
6861	30668	1
8380	30668	1
739	30696	1
4722	30696	1
5245	30696	1
739	30737	1
1223	30737	1
4722	30737	1
5240	30737	1
2819	30739	1
5267	30739	1
5924	30739	1
8865	30739	1
9394	30739	1
9589	30739	1
6166	30750	1
6859	30750	1
7739	30750	1
8218	30750	1
9526	30750	1
5199	30783	1
6801	30783	1
739	30784	1
2122	30784	1
4722	30784	1
5267	30784	1
1548	30795	1
1056	30808	1
6032	30808	1
2130	30836	1
3619	30836	1
7776	30836	1
9809	30836	1
739	30843	1
1843	30843	1
4722	30843	1
76	30865	1
4259	30865	1
2216	30866	1
7948	30866	1
10043	30866	1
5318	30903	1
7410	30903	1
8792	30903	1
7463	30918	1
4008	30926	1
4087	30926	1
5318	30926	1
3752	30929	1
3817	30929	1
8449	30929	1
4009	30960	1
5318	30960	1
9590	30960	1
507	30961	1
1067	30961	1
3722	30961	1
1632	30973	1
4162	30973	1
76	30999	1
5267	30999	1
7373	30999	1
1348	31020	1
4456	31020	1
4458	31020	1
6713	31020	1
8865	31020	1
1925	31093	1
2616	31093	1
3550	31093	1
3752	31093	1
3817	31093	1
7465	31093	1
8329	31093	1
1269	31124	1
7948	31124	1
5713	31129	1
579	31136	1
972	31136	1
579	31159	1
4852	31159	1
8743	31159	1
9156	31159	1
1828	31161	1
6894	31161	1
7102	31161	1
6926	31192	1
9613	31192	1
9904	31192	1
243	31196	1
1492	31196	1
2601	31196	1
610	31212	1
2216	31214	1
3384	31214	1
3425	31214	1
8263	31214	1
10043	31214	1
7128	31225	1
9613	31225	1
8995	31260	1
3501	31266	1
4009	31266	1
5318	31266	1
7462	31299	1
726	31333	1
9904	31333	1
9924	31398	1
841	31449	1
1833	31449	1
3255	31449	1
3872	31449	1
4016	31449	1
6339	31449	1
9095	31449	1
9109	31449	1
5924	31476	1
7671	31476	1
8218	31476	1
915	31484	1
1437	31484	1
8409	31484	1
841	31500	1
1833	31500	1
6287	31500	1
7418	31500	1
3730	31501	1
6642	31501	1
6733	31501	1
579	31525	1
3034	31525	1
1437	31542	1
6940	31583	1
9246	31583	1
7682	31606	1
8810	31606	1
5318	31609	1
3401	31621	1
8879	31621	1
9813	31621	1
9225	31641	1
7923	31664	1
9613	31672	1
3501	31682	1
3702	31682	8
8220	31682	1
9086	31682	1
158	31730	1
366	31730	1
2351	31730	1
2937	31730	1
2968	31730	1
3567	31730	1
6166	31730	1
8382	31730	1
7827	31738	1
8520	31738	1
9699	31738	1
4395	31750	1
6166	31750	1
7486	31791	1
8520	31791	1
8899	31791	1
263	31821	1
5074	31821	1
7562	31821	1
9803	31821	1
934	31824	1
4216	31824	1
8380	31824	1
4127	31828	1
6166	31828	1
2448	31835	1
2568	31835	1
3247	31835	1
5561	31835	1
890	31861	1
9526	31861	1
6937	31889	1
4819	31919	1
3730	31936	1
6733	31936	1
9561	31936	1
9900	31936	1
1269	31978	1
7135	31978	1
7425	31978	1
7798	31978	1
8840	31978	1
9526	31978	1
2789	31994	1
3034	31994	1
8072	31994	1
1851	32027	1
2999	32027	1
3730	32027	1
4819	32027	1
7409	32028	1
8213	32028	1
8806	32028	1
9265	32028	1
3538	32045	1
4118	32045	1
4624	32045	1
3359	32077	1
6631	32077	1
9121	32077	1
9578	32091	1
613	32102	1
1834	32102	1
2682	32139	1
3001	32139	1
6032	32139	1
9394	32139	1
1395	32183	1
1835	32183	1
2322	32183	1
3815	32195	1
4159	32195	1
6149	32195	1
7055	32209	1
3199	32240	1
3584	32254	1
4644	32259	1
5318	32259	1
391	32272	1
3873	32272	1
6700	32272	1
9561	32272	1
4127	32295	1
4342	32295	1
4456	32295	1
6301	32295	1
8389	32295	1
2934	32316	1
3735	32316	1
3774	32316	1
5318	32316	1
9225	32316	1
2972	32325	1
2997	32325	1
8791	32325	1
9962	32325	1
2318	32361	1
7017	32361	1
4861	32362	1
5924	32362	1
9589	32362	1
579	32404	1
3634	32418	1
9183	32418	1
3836	32420	1
4127	32420	1
5029	32420	1
8865	32420	1
9669	32420	1
263	32422	1
2382	32422	1
6733	32422	1
9290	32432	1
9924	32432	1
9225	32485	1
9905	32485	1
7980	32498	1
3485	32512	1
4175	32512	1
8987	32512	1
423	32533	1
1996	32533	1
2366	32533	1
2521	32533	1
3428	32536	1
4259	32536	1
9924	32536	1
579	32557	1
3730	32557	1
4819	32557	1
6733	32557	1
9900	32557	1
5124	32575	1
6693	32575	1
7320	32575	1
8408	32575	1
8796	32575	1
9394	32575	1
114	32586	1
558	32586	2
3020	32586	1
5318	32586	1
7642	32586	1
8449	32586	1
3401	32588	1
9230	32588	1
4259	32592	1
5018	32592	1
6166	32592	1
9792	32592	1
1562	32609	1
2297	32609	1
6106	32609	1
6444	32609	1
311	32622	1
768	32622	1
3549	32622	1
3984	32622	1
4017	32622	1
5080	32622	1
5780	32622	1
5794	32622	1
6399	32622	1
8408	32622	1
8806	32629	1
3032	32633	1
7121	32633	1
5873	32652	1
2209	32687	1
6859	32687	1
8205	32687	1
5271	32719	1
3752	32731	1
4931	32731	1
5181	32731	1
6859	32731	2
8865	32731	1
4661	32745	1
2719	32746	1
2918	32746	1
3884	32746	1
5490	32746	1
7924	32746	1
2617	32754	1
2918	32758	1
7924	32785	1
2918	32795	1
5492	32795	1
7986	32795	1
9924	32795	1
558	32881	1
2834	32881	1
3392	32881	1
4127	32881	1
4259	32881	1
6657	32881	1
6982	32881	1
7621	32881	1
8261	32881	1
1850	32896	1
3730	32896	1
9225	32896	1
1381	32914	1
3566	32914	1
6733	32914	1
2071	32932	1
5623	32932	1
8213	32932	1
8806	32932	1
9940	32974	1
9974	32974	1
1132	32988	1
8879	32988	1
1132	32995	1
7272	32995	1
9827	32995	1
3501	32998	1
6794	32998	1
8521	32998	1
6733	33023	1
8422	33023	1
1332	33042	1
1515	33042	1
2993	33042	1
3228	33042	1
5226	33042	1
5513	33042	1
5921	33042	1
6700	33071	1
9175	33071	1
161	33093	1
1504	33093	1
1128	33126	1
1132	33126	1
2477	33126	1
1608	33140	1
2789	33140	1
7924	33140	1
8887	33140	1
961	33154	1
3736	33154	1
5267	33154	1
6149	33174	1
7799	33174	1
2943	33191	1
3034	33191	1
8803	33191	1
2951	33201	1
4839	33228	1
5318	33228	1
579	33259	1
6733	33259	1
9900	33259	1
3566	33269	1
9526	33269	1
961	33329	1
3736	33329	1
9669	33329	1
1547	33358	1
3774	33358	1
6926	33358	1
8484	33359	1
1544	33399	1
6870	33399	1
3485	33420	1
8995	33420	1
722	33468	1
2652	33468	1
4969	33468	1
4223	33469	1
4667	33486	1
5267	33486	1
5858	33486	1
7365	33486	1
8218	33486	1
961	33535	2
2444	33535	1
3736	33535	2
5267	33535	1
5492	33535	1
9669	33535	1
1835	33592	1
4127	33592	1
4262	33592	1
5272	33592	1
8865	33592	1
8956	33592	1
9526	33592	1
341	33614	1
1672	33614	1
1689	33614	1
5267	33614	1
8987	33614	1
9926	33614	1
1678	33622	1
8987	33622	1
758	33652	1
4259	33652	1
5318	33652	1
7266	33658	1
7660	33658	1
9526	33658	1
2494	33679	1
6866	33679	1
2216	33681	1
6338	33681	1
7789	33681	1
2540	33688	1
8587	33688	1
2216	33697	1
2267	33697	1
10043	33697	1
341	33700	1
1672	33700	1
1678	33700	1
5267	33700	1
8978	33743	1
158	33753	1
1559	33753	1
1672	33753	1
1678	33753	1
4127	33755	1
1622	33762	1
1943	33762	1
3284	33762	1
4111	33762	1
4127	33762	1
1215	33764	1
5794	33764	1
7923	33764	1
40	33765	1
5957	33765	1
8213	33765	1
1672	33798	1
1678	33798	1
3266	33798	1
3228	33803	1
3761	33803	1
4931	33803	1
243	33829	1
4017	33829	1
5318	33829	1
5588	33829	1
768	33838	1
1608	33838	1
4017	33838	1
5318	33838	1
5588	33838	1
6723	33838	1
3765	33842	1
9926	33842	1
5233	33846	1
5794	33846	1
2519	33872	1
2937	33872	1
5318	33872	1
5588	33872	1
6693	33872	1
9394	33872	1
328	33895	1
3294	33895	1
6768	33895	1
2216	33905	1
2973	33905	1
3392	33905	1
3549	33905	1
4088	33905	1
6257	33905	1
9526	33905	1
10043	33905	1
558	33926	1
3087	33926	1
4127	33926	1
4493	33926	1
5347	33926	1
1905	33953	1
3182	33956	1
5318	33956	1
6700	33956	1
9193	33956	1
5267	33965	1
1893	33990	1
4127	33990	1
4395	33990	1
5746	33990	1
7691	33990	1
9358	33990	1
2540	33996	1
3294	33996	1
3873	33996	1
2931	34010	1
3143	34010	1
3149	34010	1
6243	34010	1
9610	34010	1
111	34038	1
2323	34038	1
2931	34038	1
4095	34038	1
4127	34057	1
7842	34057	1
8865	34057	1
979	34059	1
2558	34059	1
3568	34059	1
5278	34059	1
5866	34059	1
9365	34059	1
161	34068	1
2049	34068	1
2931	34068	1
8865	34068	1
3278	34072	1
1672	34090	2
1678	34090	1
3266	34090	2
7776	34164	1
8987	34164	1
4113	34171	1
4651	34171	1
4846	34171	1
8513	34171	1
8865	34171	1
3087	34199	1
7660	34199	1
8684	34199	1
1027	34267	1
2973	34267	1
3511	34267	1
6693	34267	1
6861	34267	1
7102	34267	1
8769	34267	1
2513	34285	1
979	34294	1
2558	34294	1
5278	34294	1
5866	34294	1
9365	34294	1
673	34347	1
1029	34347	1
3392	34347	1
4338	34347	1
5198	34347	1
5301	34347	1
5877	34347	1
6861	34347	1
8769	34347	1
9008	34347	1
1025	34411	1
4644	34411	1
6149	34411	1
9969	34411	1
10012	34411	1
1025	34422	1
3097	34422	1
5664	34422	1
3392	34431	1
3812	34431	1
9130	34431	1
3568	34467	1
1919	34527	1
3198	34527	1
5921	34527	1
8973	34527	1
9669	34527	1
3873	34615	1
5011	34615	1
8449	34615	2
2498	34618	1
3892	34618	1
6293	34618	1
8329	34618	1
8547	34618	1
143	34680	1
3140	34680	1
5267	34680	1
5803	34680	1
8865	34680	1
9121	34680	1
5	34684	1
2976	34684	1
3490	34684	1
4088	34684	1
5267	34684	1
5318	34684	1
7557	34684	2
8743	34684	1
9716	34684	1
6473	34687	1
8865	34687	1
9526	34687	1
3392	34715	1
7320	34715	1
7528	34715	1
8995	34715	1
4111	34720	1
8107	34720	1
8944	34720	1
1175	34743	1
1469	34743	1
5198	34743	1
1406	34756	1
1465	34756	1
2102	34756	1
2261	34756	1
2931	34756	1
4017	34756	2
6693	34756	1
8409	34756	1
9010	34756	1
9526	34756	1
6945	34773	1
2560	34789	1
3809	34789	1
5181	34789	2
7266	34789	1
8743	34789	1
6945	34793	1
4070	34800	1
7520	34800	1
507	34809	1
7103	34809	1
7986	34809	1
4907	34855	1
6945	34855	1
2107	34859	1
6859	34859	1
8121	34859	1
1644	34880	1
3913	34880	1
7135	34880	1
7899	34880	1
8585	34880	1
8743	34880	1
8865	34880	1
682	34882	1
1902	34882	1
2130	34882	1
3871	34909	1
4205	34909	1
5533	34909	1
8351	34909	1
8840	34909	1
6768	34913	1
8894	34913	1
2059	34937	1
3501	34937	1
3501	34943	1
5153	34943	1
7262	34943	1
9394	34943	1
133	34973	1
1521	34973	1
1527	34973	1
1905	34973	1
4127	34973	1
7365	34973	1
8684	34973	1
8865	34973	1
9866	34973	1
991	34974	1
2560	34974	1
3314	34974	1
3392	34974	1
3873	34974	1
7320	34974	1
8525	34974	1
8865	34974	1
9156	34974	1
2736	34975	1
3984	34975	1
5318	34975	1
1267	34979	1
3392	34979	1
6859	34979	1
9669	34979	1
398	35006	1
579	35006	1
6444	35006	1
9561	35006	1
2736	35020	1
2917	35020	1
3984	35020	1
5318	35020	1
5924	35103	1
6618	35103	1
8074	35103	1
9669	35103	1
8806	35110	1
8876	35110	1
5676	35118	1
6870	35139	1
8915	35139	1
531	35162	1
3551	35162	1
5493	35162	1
6352	35162	1
8449	35162	1
9716	35162	1
5298	35191	1
9589	35191	1
2097	35193	1
4222	35193	1
5011	35193	1
9669	35193	1
1267	35214	1
5794	35214	1
9225	35214	1
1029	35262	1
1512	35262	1
6146	35262	1
6166	35262	1
63	35269	1
846	35269	1
3735	35269	1
4395	35269	1
8684	35269	1
8865	35269	1
3392	35301	1
3917	35301	1
6338	35301	1
991	35302	1
7520	35302	1
8227	35302	1
58	35320	1
6859	35320	1
6870	35320	1
6955	35320	1
7789	35320	1
205	35322	2
1017	35322	1
2477	35322	1
5267	35322	1
7191	35322	2
8380	35322	1
8684	35322	1
1176	35330	1
4488	35334	1
5124	35334	1
6399	35334	1
7259	35334	1
2560	35373	1
6693	35373	1
9394	35373	1
324	35385	1
1828	35385	1
8032	35385	1
3576	35389	1
2972	35411	1
8684	35411	1
2331	35431	1
7980	35431	1
8865	35431	1
2778	35459	1
4259	35459	1
6937	35459	1
2069	35463	1
5747	35463	1
6166	35463	1
9201	35463	1
1029	35499	1
4047	35499	1
6338	35499	1
8865	35499	1
8915	35499	1
307	35554	1
4463	35554	1
9800	35554	1
8008	35556	1
2446	35574	1
7102	35574	1
9538	35574	1
9669	35574	1
925	35578	1
2477	35578	1
8150	35578	1
8876	35578	1
2621	35601	1
3213	35601	1
8213	35601	1
9633	35601	1
579	35620	1
768	35620	1
3087	35620	1
3817	35620	1
6693	35620	1
2624	35700	1
3314	35700	1
5300	35700	1
7819	35700	1
8865	35700	1
1440	35756	1
9381	35756	1
324	35771	1
3392	35771	1
7232	35771	1
9526	35771	1
2212	35796	1
2446	35796	1
3392	35796	1
4439	35796	1
5561	35796	1
3702	35805	6
4195	35805	1
6465	35805	1
8876	35805	1
4138	35831	1
9526	35831	1
7761	35847	1
8190	35847	1
9825	35847	1
4127	35850	1
7158	35850	1
7266	35850	1
8865	35850	1
4127	35901	1
9669	35901	1
3701	35970	1
5443	35970	1
7967	35970	2
3043	36003	1
3349	36003	1
4127	36017	1
4788	36017	1
3701	36065	1
7967	36065	2
8865	36065	1
1125	36067	1
3294	36067	1
3349	36067	1
5267	36067	1
6818	36067	2
9563	36067	1
8684	36120	1
458	36155	1
3335	36155	1
3511	36155	1
7414	36155	1
3273	36192	1
6763	36192	1
7031	36192	1
331	36235	1
477	36235	1
1341	36235	1
3034	36241	1
6146	36241	1
7462	36241	1
3821	36268	1
4338	36268	1
7557	36268	1
1219	36279	1
3568	36307	1
9584	36307	1
9925	36307	1
5768	36337	1
6239	36337	1
9801	36337	1
23	36341	1
243	36341	1
3405	36351	1
3821	36351	1
6868	36351	1
1560	36373	1
4127	36373	1
8015	36373	1
1382	36487	1
1958	36487	1
4852	36487	1
6700	36487	2
7977	36487	1
9669	36487	1
2484	36495	1
5160	36495	1
2768	36508	1
8497	36508	1
9241	36508	1
9669	36508	1
1018	36536	1
3199	36536	1
3735	36536	1
907	36545	1
5318	36545	1
324	36586	1
2630	36586	1
5396	36586	1
6388	36586	1
9641	36586	1
2158	36663	1
2993	36663	1
3034	36663	1
3191	36663	1
8008	36663	1
3711	36706	1
3923	36706	1
6937	36706	1
8238	36706	1
6166	36755	1
7634	36755	1
8865	36755	1
1832	36798	1
1937	36798	1
4044	36798	1
4292	36798	1
1602	36815	1
2107	36815	1
6174	36815	1
133	36834	1
1894	36834	1
3405	36834	1
5443	36834	1
6868	36834	1
9526	36834	1
9633	36834	1
3501	36837	1
5318	36837	1
6166	36837	1
2107	36880	1
5864	36880	1
6174	36880	1
9426	36880	1
1452	36945	1
4426	36945	1
878	37023	1
930	37023	1
1126	37023	1
4223	37023	1
4895	37023	1
8237	37023	1
1382	37063	1
4162	37063	1
5226	37063	1
5303	37063	1
6959	37063	1
8865	37063	1
9803	37063	1
9890	37063	1
1875	37211	1
3077	37211	1
3790	37211	1
4488	37211	1
5018	37211	1
9625	37211	1
227	37219	1
5303	37219	1
6959	37219	1
8057	37219	1
8865	37219	1
9803	37219	2
1143	37303	1
2562	37303	1
8293	37303	1
8865	37303	1
9625	37303	1
108	37324	1
3157	37324	1
4260	37324	1
6166	37324	1
7977	37324	1
8944	37324	1
8987	37324	1
3576	37340	1
4127	37340	1
5163	37340	1
758	37376	1
4102	37376	1
4127	37376	1
5382	37376	1
8060	37376	1
9843	37376	1
9924	37376	1
1783	37393	1
3501	37393	1
4764	37400	1
8091	37400	1
4100	37526	1
7986	37526	1
9148	37526	1
1350	37578	1
1735	37578	1
3724	37578	1
4273	37578	1
5443	37578	1
5861	37578	1
6720	37578	1
8213	37578	1
8449	37578	1
958	37604	1
972	37604	1
5201	37604	1
2540	37612	1
3191	37612	1
3881	37612	1
4113	37612	1
5086	37612	1
7988	37612	1
8625	37612	1
8969	37612	1
5	37654	1
2976	37654	1
7235	37654	1
7557	37654	1
7819	37654	1
976	37673	1
3436	37673	1
3812	37673	1
5794	37673	1
4875	37718	1
5924	37718	1
8213	37718	1
9589	37718	1
5783	37728	1
8624	37728	1
243	37733	1
1629	37733	1
3392	37733	1
5318	37733	1
5794	37733	1
6304	37733	1
6970	37733	1
8865	37733	1
9330	37733	1
9699	37733	1
3917	37743	1
4127	37743	1
5163	37743	1
5187	37743	1
628	37752	1
2188	37752	1
4127	37752	1
6983	37752	1
8218	37752	1
9962	37752	1
5053	37786	1
6166	37786	1
8806	37786	1
4661	37787	1
6655	37787	1
677	37814	1
1894	37814	1
3228	37814	1
6785	37814	1
9080	37814	1
3827	37827	1
4111	37827	1
4127	37827	1
6711	37827	1
7149	37827	1
243	37835	1
5267	37835	1
7340	37835	1
8536	37835	1
9365	37835	1
9627	37835	1
5854	37840	1
6655	37840	1
9242	37840	1
1702	37871	1
2937	37871	1
3266	37871	1
8017	37881	1
6655	37893	1
8098	37929	1
8987	37929	1
9944	37929	1
3501	38005	1
3735	38005	1
8479	38005	1
8684	38005	1
9250	38005	1
4238	38007	1
5892	38007	1
8380	38007	1
526	38056	1
6725	38056	1
7031	38056	1
8536	38056	1
9526	38072	1
515	38117	1
1894	38117	1
4127	38117	1
4746	38117	1
6140	38117	1
9374	38117	1
6465	38137	1
412	38139	1
3284	38139	1
4127	38139	1
5994	38139	1
1580	38156	1
737	38176	1
6655	38176	1
2382	38186	1
3980	38186	1
8865	38186	1
3100	38204	1
5318	38204	1
6826	38204	1
1406	38222	1
4127	38295	1
4662	38295	1
8145	38295	1
328	38329	1
915	38329	1
1267	38329	1
2004	38329	1
3034	38399	1
8944	38399	1
541	38400	1
5344	38400	1
542	38445	1
3702	38445	1
4127	38445	1
5267	38445	2
6430	38445	1
7365	38445	2
8865	38445	1
9390	38445	1
4599	38448	1
5318	38448	1
7321	38448	1
7866	38448	1
9555	38448	1
9676	38448	1
3873	38472	1
3881	38472	1
4422	38472	1
4906	38472	1
5877	38472	1
8042	38472	2
9962	38472	1
1664	38505	1
8818	38505	1
4127	38522	1
9373	38522	1
10054	38522	1
3034	38539	1
7266	38539	1
8684	38539	1
4422	38559	1
9538	38559	1
1554	38694	1
8923	38694	1
9538	38694	1
133	38713	1
1311	38713	1
6725	38713	1
6998	38713	1
9645	38713	1
8944	38715	1
6671	38718	1
9538	38718	1
4069	38733	1
4178	38733	1
579	38744	1
3034	38744	1
3294	38744	1
1512	38765	1
9561	38765	1
3392	38823	1
3784	38823	1
8144	38823	1
8865	38823	1
8999	38823	1
1568	38834	1
7978	38834	1
9526	38834	1
4127	38854	1
7842	38854	1
8414	38889	1
9028	38889	1
557	38910	1
4127	38910	1
6257	38910	1
8128	38910	1
9926	38910	1
8806	38920	1
8414	38932	1
134	38935	1
526	38935	1
2209	38935	1
3752	38935	1
8743	38935	1
8999	38935	1
9028	38935	1
9062	38935	1
9924	38935	1
887	38946	1
1267	38946	1
3034	38946	1
3231	38946	1
8999	38946	1
9527	38946	1
8452	38969	1
9121	38969	1
250	39043	2
4127	39043	1
6195	39043	1
6727	39043	2
3340	39046	1
3763	39046	1
7266	39046	1
8414	39046	1
9526	39046	1
9926	39046	1
8122	39074	1
8414	39074	1
9926	39074	1
5267	39099	1
9926	39099	1
3821	39106	1
6166	39195	1
2190	39219	1
2209	39219	2
3752	39219	2
5226	39219	1
6392	39219	1
6859	39219	1
7638	39219	1
8743	39219	1
8999	39219	1
9121	39219	1
5226	39263	1
8414	39263	1
9890	39263	1
9926	39263	1
3711	39266	1
5783	39266	1
8865	39266	1
613	39323	1
2209	39323	1
5267	39323	1
7354	39323	1
7966	39323	1
8743	39323	1
8999	39323	1
1730	39344	1
8520	39344	1
2999	39395	1
3215	39395	1
6602	39395	1
6609	39395	1
6963	39395	1
8587	39395	1
8987	39395	1
9225	39395	1
5226	39441	1
9969	39441	1
10012	39441	1
579	39490	1
3752	39490	1
3839	39490	1
4527	39490	1
5423	39490	1
6392	39490	1
7354	39490	1
7789	39490	1
8999	39490	1
341	39560	1
613	39560	1
2931	39560	1
2937	39560	1
4566	39560	1
7672	39560	1
9766	39560	1
1593	39565	1
3349	39565	1
4716	39565	1
6700	39565	1
7349	39565	1
8042	39565	1
9561	39565	1
5267	39598	1
341	39613	1
2209	39613	1
3231	39613	1
3836	39613	1
4070	39613	1
5267	39613	1
6781	39613	1
6859	39613	1
7320	39613	1
8213	39613	1
8701	39613	1
8999	39613	1
857	39757	1
3822	39757	1
1937	39760	1
4223	39760	1
6725	39760	1
7264	39760	1
8865	39760	1
9625	39760	1
2618	39770	1
3784	39770	1
6478	39770	1
6661	39770	1
7320	39770	1
8999	39770	1
9121	39770	1
3822	39809	1
4048	39809	1
4127	39809	1
9890	39809	1
3231	39821	1
3881	39821	1
4070	39821	1
5460	39821	1
7977	39821	2
8743	39821	1
8995	39821	1
8999	39821	1
2862	39834	1
3767	39834	1
4395	39834	1
8229	39834	1
8995	39834	1
9866	39834	1
1143	39844	1
5874	39844	1
8174	39844	1
7228	39853	1
9334	39853	1
3511	39869	1
3901	39869	1
8174	39869	1
844	39875	1
4127	39875	1
5747	39875	1
6963	39875	1
7252	39875	1
8969	39875	1
1453	39890	1
2470	39890	1
2656	39890	1
3485	39890	1
3900	39890	1
4056	39890	1
4127	39890	1
726	39892	1
4127	39892	1
4685	39892	1
5318	39892	1
7549	39892	1
8217	39892	1
8944	39894	1
2214	39935	1
7581	39935	1
8781	39935	1
9669	39935	1
4521	39939	1
5318	39939	1
6266	39939	1
9538	39939	1
2616	39951	1
3294	39951	1
8098	39951	1
9669	39951	1
1515	39953	1
604	39959	1
1256	39960	1
1508	39963	1
3232	39963	1
3827	39963	1
4127	39963	1
4679	39963	1
6785	39963	1
7499	39963	1
7675	39963	1
9873	39963	1
4259	39970	1
5267	39970	1
5301	39970	1
5463	39974	1
4521	39991	1
6370	39991	1
8042	39991	1
8218	39991	1
991	39998	1
4017	39998	1
9561	39998	1
122	40022	1
3474	40022	1
3763	40022	1
6686	40022	1
7408	40022	1
8865	40022	1
4127	40029	1
4223	40029	1
5226	40029	1
7499	40029	1
8865	40029	1
9805	40029	1
1958	40048	1
2750	40048	2
5121	40048	1
6941	40048	1
2728	40070	1
3752	40070	1
3821	40070	1
4805	40070	1
4992	40070	1
8218	40070	1
857	40079	1
1659	40079	1
2625	40079	1
3827	40079	1
4111	40079	1
7499	40079	1
3822	40102	1
5096	40102	1
7442	40102	1
7499	40102	1
7766	40102	1
8449	40102	1
8969	40102	1
5250	40109	1
6565	40109	1
7264	40109	1
4111	40131	1
8865	40131	1
9625	40131	1
63	40144	1
2619	40144	1
3821	40144	1
4127	40144	1
5208	40144	1
6301	40144	1
8865	40144	2
9121	40144	1
9669	40144	1
431	40191	1
1437	40191	1
3822	40191	1
4213	40191	1
4259	40191	1
4508	40191	1
4513	40191	1
6710	40191	1
7499	40191	1
8010	40191	1
8573	40191	1
8743	40191	1
9526	40191	1
32	40225	1
2766	40225	1
3213	40225	1
3806	40225	1
5318	40225	1
5660	40225	1
7499	40225	1
8276	40225	2
9975	40225	1
726	40227	1
2931	40227	1
3904	40227	1
7563	40227	1
8218	40227	1
8752	40227	1
8098	40245	1
9669	40245	1
431	40249	1
4027	40249	1
4508	40249	1
4513	40249	1
7499	40249	1
8743	40249	2
1815	40272	1
4248	40272	1
5267	40272	1
7298	40272	1
7384	40272	1
7499	40272	1
8276	40272	1
8513	40272	1
9633	40272	1
9716	40272	1
1065	40370	1
1143	40370	1
1267	40370	1
8094	40370	1
8865	40393	1
394	40469	1
2951	40469	1
3501	40469	1
3630	40469	1
3735	40469	1
5114	40469	1
8766	40469	1
9265	40469	1
9633	40469	1
662	40507	2
1958	40507	1
3752	40507	1
4846	40507	1
5201	40507	1
7998	40507	1
8013	40507	1
8506	40507	1
8617	40507	1
4642	40516	1
7272	40516	1
8400	40516	1
662	40517	2
1958	40517	1
3752	40517	1
4846	40517	1
5201	40517	1
8013	40517	1
8506	40517	1
8617	40517	1
63	40553	1
1958	40553	1
4178	40553	1
4852	40553	1
5029	40553	1
7457	40553	1
9153	40553	1
3836	40570	1
8995	40570	1
3057	40574	1
7742	40574	1
2157	40651	1
7741	40651	1
826	40678	1
4598	40678	1
8451	40678	1
8987	40678	1
9385	40678	1
6941	40715	1
9175	40715	2
1672	40732	1
2446	40732	1
3034	40732	1
8865	40732	1
4644	40752	1
4646	40752	1
5318	40752	1
3752	40765	1
5283	40765	1
6768	40765	1
8865	40765	1
7776	40778	1
8987	40778	1
9769	40778	1
4620	40810	1
5002	40810	1
8874	40810	1
991	40835	1
4248	40835	1
6166	40835	1
9445	40835	1
9589	40835	1
9983	40835	1
2546	40836	1
5267	40836	1
1632	40871	1
8944	40871	1
9005	40871	1
1267	40920	2
3915	40920	1
4138	40920	1
5232	40920	1
5854	40920	1
6009	40920	1
7799	40920	1
8887	40920	1
9588	40920	1
9150	41030	1
2446	41041	1
5794	41041	1
7235	41041	1
7776	41041	1
2560	41052	2
5629	41052	1
5754	41052	1
7095	41052	1
8218	41052	1
2560	41078	2
5086	41078	1
7095	41078	1
4135	41115	1
6894	41115	1
7968	41168	1
456	41223	1
927	41223	1
3335	41223	1
5267	41223	1
5604	41223	1
878	41421	1
1267	41421	1
2593	41421	1
3392	41421	1
3485	41421	1
4322	41421	1
6471	41421	1
1797	41445	1
4646	41445	1
8020	41445	1
8098	41445	1
8319	41445	1
9589	41445	1
341	41713	1
1382	41713	1
1475	41713	1
1958	41713	1
2522	41713	1
3752	41713	1
5921	41713	1
8380	41713	1
8743	41713	1
9584	41713	1
3294	41762	1
5794	41762	1
7264	41762	1
1602	41792	1
2886	41792	1
8098	41792	1
8969	41792	1
3035	41808	1
3728	41808	1
8122	41808	1
8865	41808	1
9627	41808	1
3034	41815	1
3728	41815	1
8122	41815	1
8865	41815	1
9625	41815	1
3093	41911	1
4354	41911	1
4127	42057	1
5892	42057	1
3728	42114	1
5267	42114	1
5673	42114	1
9330	42114	1
1312	42144	1
2294	42144	1
2446	42144	1
2526	42144	1
4092	42144	1
7304	42144	1
9394	42144	1
4259	42160	1
6009	42160	1
1166	42171	1
5267	42171	1
5660	42171	1
5267	42182	1
8122	42182	1
8674	42182	1
9330	42182	1
9526	42182	1
5267	42203	1
250	42248	2
4127	42248	1
6195	42248	1
8252	42248	2
8391	42248	1
250	42253	1
698	42253	1
1981	42253	1
4127	42253	1
6195	42253	1
6727	42253	1
7617	42253	1
250	42261	1
4127	42261	1
6195	42261	2
8252	42261	1
9054	42261	1
9062	42261	1
3273	42276	1
8803	42276	1
1382	42282	1
7776	42282	1
4056	42286	1
2205	42304	1
9526	42304	1
3278	42315	1
9365	42440	1
8803	42480	1
341	42496	1
5096	42496	1
5866	42496	1
6920	42496	1
8293	42496	1
7264	42525	1
1354	42603	1
5267	42603	1
6209	42603	1
8276	42603	1
2369	42782	1
5301	42782	1
5365	42782	1
6489	42782	1
158	43048	2
3075	43048	1
4862	43048	1
5301	43048	1
6166	43048	1
6787	43048	1
8293	43048	1
8684	43048	1
9130	43048	3
27	43114	1
250	43114	1
1378	43114	1
4127	43114	1
6727	43114	1
7776	43114	1
9526	43136	1
1690	43261	1
5794	43261	1
6166	43261	1
6625	43261	1
1018	43333	1
4907	43333	1
3511	43379	2
5921	43379	1
7279	43379	1
7980	43379	1
5267	43493	1
5318	43493	1
3784	43604	1
4111	43604	1
4127	43604	1
4488	43604	1
8098	43604	1
4846	43660	1
1369	43736	1
4127	43736	1
4180	43736	1
5951	43736	1
9953	43736	1
979	43879	1
7262	43879	2
9394	43879	1
63	44012	1
3568	44012	1
5267	44012	1
5672	44012	1
4111	44014	1
2774	44211	1
3512	44211	1
1440	44467	1
4852	44467	1
6959	44467	1
8212	44467	1
3677	44498	1
8279	44498	1
9400	44498	1
9175	44516	1
3114	44575	1
4127	44575	1
5892	44575	1
4259	44613	1
8357	44613	1
9225	44613	1
2616	44616	1
5267	44616	1
9542	44616	1
9526	44626	1
3873	44696	1
9145	44696	1
4259	44738	1
4488	44738	1
5758	44738	1
6725	44738	1
8353	44738	1
9471	44738	1
3711	44750	1
4642	44750	1
2477	44756	1
2562	44756	1
2792	44756	1
5318	44756	1
8057	44756	1
3062	44762	1
4142	44762	1
4259	44762	1
7541	44762	1
341	44970	1
6631	44970	1
8098	44970	1
1077	44992	1
9542	44992	1
1071	45044	1
2564	45044	1
4111	45044	1
1261	45054	1
5283	45054	1
7988	45054	1
3182	45203	1
4127	45203	1
6641	45203	1
9844	45203	1
5864	45291	1
7411	45291	1
7776	45291	1
9625	45291	1
9669	45291	1
9625	45313	1
3575	45327	1
4839	45327	1
2532	45358	1
5434	45358	1
8704	45358	1
4864	45383	1
8227	45383	1
8520	45383	1
61	45409	1
2914	45409	2
3480	45409	1
3501	45409	1
4127	45409	1
5844	45409	1
5924	45409	2
158	45446	1
8118	45446	1
4127	45475	1
7148	45475	1
8865	45475	1
7279	45583	1
8865	45583	1
9126	45583	1
9669	45583	1
2723	45610	1
3501	45610	1
1052	45656	1
5532	45656	1
141	45704	1
3504	45704	1
4839	45713	1
9526	45713	1
9984	45717	1
2532	45733	1
3566	45733	1
4935	45733	1
4839	45768	1
2370	45804	1
1143	45870	1
1875	45870	1
3790	45870	1
4259	45870	1
9610	45870	1
7563	45937	1
8150	45937	1
8865	45937	1
9624	45937	1
5892	45964	1
4127	46009	1
4132	46009	1
4679	46009	1
7499	46009	1
8594	46009	1
9525	46009	1
4127	46030	1
4223	46030	1
5226	46030	1
7499	46030	1
8865	46030	1
9805	46030	1
2097	46046	1
6963	46046	1
8987	46046	1
2097	46053	1
8740	46053	1
1894	46058	1
1933	46058	1
4167	46058	1
6834	46058	1
9394	46058	1
2728	46067	1
8309	46067	1
8452	46067	1
3575	46095	1
4127	46095	1
562	46114	1
3836	46114	1
5029	46114	1
7232	46114	1
2728	46117	1
3319	46117	1
5874	46117	1
6998	46117	1
7480	46117	1
8218	46117	1
7776	46134	1
3936	46139	1
5808	46139	1
8865	46139	1
9225	46139	1
6266	46159	1
7365	46159	2
726	46177	1
3900	46177	1
6038	46177	1
7921	46177	1
1450	46218	1
3109	46218	1
9175	46218	1
2728	46241	1
3006	46241	1
4991	46241	1
5500	46241	1
7014	46241	1
7235	46241	1
7239	46241	1
9291	46241	1
9526	46241	2
8384	46292	1
5589	46305	1
8213	46305	1
5226	46332	1
6661	46332	1
58	46333	1
1450	46333	1
2324	46333	1
3077	46333	1
3392	46333	1
9445	46333	1
9561	46333	1
2522	46423	1
3873	46423	1
9542	46423	1
5226	46485	1
857	46490	1
3822	46490	1
5226	46523	1
5351	46539	1
8636	46539	1
5181	46793	1
6700	46793	1
8099	46800	1
6025	46804	1
6242	46807	1
1143	46872	1
5160	46872	1
8072	46872	1
4111	46919	1
1388	46937	2
2324	46937	1
3294	46937	1
4341	46937	1
6053	46937	1
7152	46937	1
7170	46937	1
7480	46937	1
7621	46937	1
727	46948	1
3576	46948	1
5267	46948	1
9669	46948	1
4852	46967	1
5240	46967	1
8887	46967	1
579	47001	1
9866	47001	1
23	47006	1
1041	47006	1
3412	47006	1
4178	47006	1
5318	47006	2
6214	47006	1
7986	47006	1
8272	47006	1
8857	47006	1
2445	47030	1
2526	47030	1
3487	47030	1
3980	47030	1
6073	47030	1
9962	47039	1
2097	47085	1
2518	47085	1
8040	47085	1
8683	47085	1
1364	47104	1
1886	47104	1
2446	47104	1
2695	47104	1
7128	47104	1
7334	47104	1
8663	47104	1
9500	47104	2
9779	47104	1
5018	47146	1
8865	47146	1
2464	47180	1
7391	47180	1
6959	47202	1
4127	47247	1
6998	47247	1
8099	47353	1
6959	47357	1
2432	47361	1
3873	47361	1
528	47379	1
8395	47379	1
8503	47379	1
211	47384	1
6959	47395	1
6700	47413	1
2993	47416	1
4152	47429	1
8944	47429	1
4422	47471	1
8010	47471	1
158	47477	1
1331	47477	1
5624	47477	1
1637	47499	1
7610	47499	1
9610	47499	1
6700	47523	1
6593	47533	1
8357	47533	1
8865	47533	1
9561	47533	1
528	47553	1
5892	47555	1
1382	47593	1
1463	47593	1
2878	47593	1
5866	47593	1
9669	47593	1
6009	47596	1
8130	47596	1
4113	47644	1
4675	47644	1
8995	47644	1
9160	47644	1
158	47663	1
1017	47663	1
3511	47663	1
3602	47663	1
3874	47663	1
5866	47663	1
8462	47663	1
8684	47663	1
9784	47718	1
4056	47720	1
8865	47720	1
1325	47735	1
68	47799	1
484	47799	1
1364	47799	1
2235	47799	1
3023	47799	1
3527	47799	1
4127	47799	1
7525	47799	1
9423	47799	1
5267	47811	1
9230	47811	1
526	47812	1
5318	47812	1
9866	47812	1
2750	47840	1
6166	47840	1
7948	47840	1
9538	47840	1
9625	47840	1
324	47842	1
2049	47842	1
2448	47842	1
4127	47842	1
1064	47847	1
5267	47847	1
6003	47847	1
8587	47847	1
4088	47853	1
9866	47853	1
9924	47853	1
2324	47856	1
2797	47856	1
7638	47856	1
2561	47860	1
4127	47860	1
4522	47860	1
5794	47860	1
8969	47860	1
733	47862	1
8361	47862	1
9482	47862	1
578	47874	1
68	47918	1
484	47918	1
1364	47918	1
2235	47918	1
3023	47918	1
3527	47918	1
4127	47918	1
7525	47918	1
9423	47918	1
318	47920	1
8039	47920	1
8380	47920	1
2831	47925	1
6645	47928	1
3752	47949	1
5771	47949	1
7776	47949	1
8969	47949	1
4127	48006	1
9736	48006	1
324	48055	1
655	48055	1
318	48090	1
3949	48090	1
7844	48090	1
8039	48090	1
8272	48090	2
9996	48090	2
318	48104	1
1064	48104	1
5309	48104	1
6557	48104	1
8039	48104	1
8684	48104	1
318	48126	1
1064	48126	1
3028	48126	1
3284	48126	1
4248	48126	1
5267	48126	1
8039	48126	1
9589	48126	1
5396	48313	1
7621	48313	1
7671	48313	1
328	48414	1
5924	48414	1
6465	48414	1
8122	48414	1
8806	48414	1
8884	48420	1
3821	48446	1
5267	48496	1
6100	48496	1
9526	48496	1
8831	48521	1
353	48531	1
3428	48531	1
6645	48531	1
579	48543	1
2330	48543	1
4458	48543	1
2330	48553	1
4247	48600	1
6257	48600	1
3592	48606	1
7228	48606	1
8865	48606	1
3873	48611	3
8909	48611	1
8969	48611	1
8987	48611	1
3077	48653	1
3250	48653	1
4111	48653	1
8357	48653	1
1029	48679	1
5267	48679	1
9976	48679	1
5274	48765	1
9637	48773	1
303	48797	1
958	48797	1
2931	48797	1
5844	48797	1
5064	48812	1
9117	48812	1
161	48856	1
2483	48856	1
2762	48968	1
3034	48968	1
6851	48968	1
5267	48978	1
5318	48978	1
7986	48978	1
8865	48978	1
2521	48997	1
3774	48997	1
4127	48997	1
8440	48997	1
2175	49008	1
4127	49031	1
6716	49031	1
1357	49167	1
3034	49167	1
3294	49167	1
3511	49167	1
3821	49167	1
4846	49167	1
5443	49167	1
5854	49167	1
6847	49167	1
7968	49167	1
8599	49167	1
9330	49167	1
9408	49167	1
9803	49167	1
3501	49219	1
3735	49219	1
1297	49238	1
2695	49238	1
4127	49238	1
6472	49238	1
6870	49238	1
6907	49238	1
7365	49238	1
7638	49238	1
9500	49238	1
9822	49238	1
9856	49238	1
657	49470	1
1440	49470	1
1732	49470	1
2622	49470	1
7204	49470	1
8040	49470	1
9526	49470	1
6645	49533	1
5794	49628	1
7968	49706	1
1364	49720	1
4127	49720	1
9500	49720	1
648	49984	1
1406	49984	1
2630	49984	1
4127	49984	1
6104	49984	1
6844	49984	1
250	50051	1
895	50051	1
2997	50051	1
4644	50051	1
8144	50051	1
8865	50051	1
243	50059	1
536	50059	1
3518	50059	1
3822	50059	1
6149	50059	1
7592	50059	1
421	50103	1
5208	50103	1
6195	50103	1
6464	50103	1
7691	50103	1
8053	50103	1
8721	50103	1
8969	50107	1
1325	50137	1
1902	50137	1
2175	50137	1
3077	50137	1
3168	50137	1
3278	50137	1
8368	50137	1
9538	50137	1
923	50213	1
4127	50213	1
4456	50213	1
6301	50213	1
6315	50213	1
6609	50213	1
8389	50213	1
9952	50213	1
1067	50255	1
3873	50255	1
1236	50276	1
2092	50276	1
3695	50276	1
432	50305	1
3290	50305	1
9035	50305	1
9225	50305	1
1713	50325	1
5267	50325	1
7776	50325	1
9474	50325	1
3752	50351	1
4846	50351	1
8144	50351	1
8894	50351	1
9763	50351	1
9976	50351	1
2349	50384	1
4127	50384	1
4456	50384	1
6301	50384	1
6562	50384	1
6868	50384	1
8389	50384	1
4262	50390	1
6711	50390	1
8072	50390	1
1072	50412	1
7856	50412	1
8072	50412	2
9030	50412	1
2530	50441	1
4041	50441	1
5226	50441	1
9704	50441	1
5903	50474	1
6807	50474	1
6922	50474	1
8213	50474	1
9499	50474	1
518	50489	1
2071	50489	1
8879	50489	1
1277	50527	1
1672	50527	1
7338	50527	1
2448	50534	1
4113	50534	1
6700	50534	1
7998	50534	1
9546	50534	1
5240	50554	1
7621	50554	1
4111	50556	1
3182	50564	1
3774	50564	1
4229	50564	1
5844	50564	1
6870	50564	1
826	50641	1
4127	50641	1
6527	50641	1
9669	50641	1
40	50660	2
4127	50660	1
4400	50660	1
4642	50660	2
4679	50660	1
6195	50660	1
9180	50660	1
342	50663	1
992	50721	1
2324	50721	1
3970	50721	1
9225	50721	1
2006	50742	1
2931	50837	1
8806	50837	1
8978	50837	1
6768	50905	1
4056	50907	1
5924	50907	1
9589	50907	1
23	50933	1
317	50933	1
910	50933	1
5273	50933	1
6399	50933	1
7855	50933	1
3264	50934	1
5502	50934	1
6362	50934	1
317	50987	1
910	50987	1
9526	50987	1
9610	50987	1
1635	51012	1
2216	51012	1
317	51031	1
910	51031	1
5267	51031	1
710	51061	1
1396	51061	1
3827	51061	1
4111	51061	1
4308	51061	1
7499	51061	1
9974	51061	1
317	51077	1
910	51077	1
1060	51077	1
2522	51077	1
8978	51077	1
9394	51077	1
9526	51077	1
9635	51077	1
2049	51083	1
2526	51083	1
5318	51083	1
5344	51083	1
6941	51083	1
9926	51104	1
4127	51107	1
4456	51107	1
4979	51107	1
6301	51107	1
8389	51107	1
456	51110	1
1505	51110	2
2058	51110	2
3280	51110	1
3292	51110	1
6472	51110	1
8108	51110	1
8965	51110	1
1386	51126	1
5051	51126	1
5460	51126	1
7827	51126	1
1505	51130	1
2058	51130	1
2630	51130	1
3568	51130	1
3735	51130	1
3925	51130	1
9800	51130	1
336	51159	1
8995	51159	1
707	51252	1
1048	51252	1
2097	51252	1
3289	51252	1
3873	51252	1
5766	51252	1
6963	51252	1
7342	51252	1
8781	51252	1
9622	51252	1
1523	51257	1
3349	51257	1
6785	51257	1
9193	51257	1
3633	51264	1
3774	51264	1
5201	51264	1
6796	51264	2
7492	51264	1
8464	51264	1
4419	51272	1
7499	51272	2
1225	51299	1
1451	51299	1
2445	51299	1
5443	51299	1
5604	51299	1
8130	51299	1
8153	51299	1
9641	51299	1
9669	51299	1
5725	51318	1
6959	51318	1
3217	51346	1
4902	51346	1
7169	51346	1
7543	51346	1
8662	51346	1
1118	51392	1
436	51440	1
2955	51440	2
5318	51440	1
6166	51440	1
336	51456	1
1267	51456	1
5535	51456	1
8069	51456	1
8899	51456	1
1505	51459	1
1718	51459	1
4094	51459	1
4458	51459	1
7543	51459	1
8662	51459	1
331	51569	1
2176	51569	1
5318	51584	1
6924	51584	1
367	51672	1
1707	51672	1
2379	51672	1
3774	51672	1
4111	51672	1
8205	51672	1
9561	51672	1
5827	51689	1
3273	51707	1
3881	51707	1
9976	51707	1
3873	51720	1
5318	51720	1
5434	51720	1
7349	51720	1
7968	51720	1
3091	51749	1
3906	51749	1
518	51777	1
5267	51777	1
6146	51777	1
2075	51784	1
4127	51784	1
6785	51784	1
6787	51784	1
8594	51784	1
9474	51784	1
1750	51845	1
2267	51845	1
6998	51845	1
8213	51845	1
475	51853	1
1937	51853	1
2802	51853	1
1469	51934	1
2427	51934	1
243	52051	1
1469	52051	1
1905	52051	1
3881	52051	1
4127	52051	1
4771	52051	1
5120	52051	1
6145	52051	1
6723	52051	1
7184	52051	1
8053	52051	1
9256	52051	1
4293	52059	1
1152	52096	1
3278	52096	1
4041	52096	1
7325	52096	1
3568	52223	1
4041	52223	1
7325	52223	1
8536	52223	1
1196	52237	1
4852	52237	1
9435	52237	1
56	52356	1
1958	52356	1
2448	52356	1
7671	52356	1
8449	52356	1
1017	52426	1
8375	52426	1
8492	52426	1
2330	52434	1
2330	52440	1
2728	52608	1
4854	52608	1
5827	52608	1
8462	52608	1
677	52632	1
2330	52632	1
328	52647	1
1267	52647	1
1835	52647	1
6768	52647	1
2604	52659	1
3728	52659	1
3774	52659	1
6625	52659	1
8865	52659	1
981	52665	1
2734	52668	1
4862	52668	1
8536	52668	2
8865	52668	1
5794	52686	1
981	52690	1
6162	52690	1
7635	52690	1
3763	52697	1
3822	52697	1
9926	52697	1
766	52816	1
1027	52816	1
1052	52816	1
1125	52816	1
2427	52816	1
3052	52816	1
3710	52816	1
4031	52816	1
7691	52816	1
8111	52816	1
4127	52856	1
7533	52856	1
7776	52856	1
9500	52856	1
1108	52892	1
1521	52892	1
3686	52892	1
5848	52892	1
8091	52915	1
8213	52915	1
3873	52922	1
3873	52924	1
8053	52924	1
1143	53028	1
4127	53028	1
8015	53028	1
8865	53028	1
9023	53028	1
5443	53087	1
8213	53087	1
6885	53162	1
1763	53197	1
3425	53197	1
9526	53197	1
9801	53197	1
4223	53208	1
862	53213	1
5303	53213	1
1183	53268	1
2323	53268	1
3485	53268	1
4260	53268	1
5854	53268	1
6787	53268	1
5090	53305	1
5282	53305	1
56	53314	1
1602	53314	1
3984	53314	1
4456	53314	1
5267	53314	1
1031	53359	1
3501	53372	1
4068	53372	1
857	53404	1
4088	53404	1
5322	53404	1
9724	53404	1
69	53412	1
2711	53412	1
2878	53412	1
8865	53412	1
8969	53412	1
9625	53412	1
424	53420	1
857	53420	1
2768	53420	1
3501	53420	1
3822	53420	1
5318	53420	1
9890	53420	1
7842	53425	1
8899	53425	1
4271	53433	1
5267	53433	1
6465	53433	1
6707	53433	1
6768	53433	1
8806	53433	1
3094	53474	1
3425	53474	1
3634	53474	1
5239	53474	1
5725	53474	1
2390	53496	1
5377	53496	1
1108	53514	1
2074	53514	1
3501	53514	1
4056	53514	1
4262	53514	1
5272	53514	1
5854	53514	1
6297	53514	1
9193	53514	2
1046	53533	1
5377	53557	1
2728	53587	1
4127	53587	1
5827	53587	1
7116	53587	1
328	53597	1
5239	53608	1
5318	53608	1
5377	53608	1
8865	53608	1
9086	53608	1
5226	53648	1
5561	53648	1
8803	53648	1
336	53657	1
1005	53657	1
1359	53657	1
1579	53657	1
5267	53657	1
7550	53657	1
9526	53657	2
9625	53657	1
9996	53657	1
4088	53680	1
4862	53680	1
8395	53680	1
9526	53680	1
336	53718	1
5267	53718	1
9193	53718	1
9589	53718	1
9890	53718	1
8624	53786	1
1861	53831	1
4896	53831	1
6768	53831	1
9526	53831	1
2931	53849	1
5677	53849	1
6725	53849	1
9394	53849	1
3763	53879	1
8427	53879	1
1225	53891	1
2438	53891	1
2445	53891	1
5522	53891	1
9561	53891	1
9799	53891	1
4215	54003	1
8246	54003	1
3191	54046	1
4127	54046	1
4223	54046	1
9669	54046	1
317	54092	1
910	54092	1
2157	54092	1
7266	54092	1
9538	54092	1
9617	54092	1
431	54109	1
624	54109	1
2425	54109	1
2965	54109	1
3940	54109	1
5318	54109	1
6959	54109	1
7325	54109	1
8046	54109	1
8229	54109	1
141	54120	1
2526	54120	1
5318	54120	1
6959	54120	1
4840	54122	1
243	54154	1
624	54154	2
710	54154	1
2878	54154	1
2965	54154	2
3949	54154	1
4223	54154	1
7499	54154	2
4127	54174	1
8025	54174	1
1369	54187	1
1497	54187	1
5053	54187	1
5201	54187	1
8944	54187	1
2997	54213	1
9054	54213	1
9738	54213	1
3873	54254	1
4056	54254	1
8558	54254	1
8865	54254	1
9526	54254	1
897	54261	1
3109	54261	1
8923	54261	1
1325	54394	2
2532	54394	1
3372	54394	1
6607	54394	1
6661	54394	1
8451	54394	1
9925	54394	1
1029	54411	1
3501	54411	1
3873	54411	1
8449	54411	1
9825	54411	1
1833	54559	1
2351	54559	1
1745	54622	1
2937	54622	1
8995	54622	1
9561	54622	1
5267	54646	1
4127	54656	1
5023	54656	1
2630	54657	1
5267	54657	1
478	54725	1
2074	54725	1
4127	54725	1
5201	54813	1
5589	54813	1
8969	54813	1
4113	54827	1
5032	54827	1
5250	54827	1
6991	54850	1
9526	54850	1
6582	54903	1
3806	54914	1
4127	54914	1
5376	54914	1
8684	54914	1
2275	54932	1
3294	54932	1
6700	54932	1
3485	54955	1
5400	54955	1
1736	54964	1
7349	54964	1
2630	55013	1
3191	55013	1
8098	55013	1
3583	55080	1
3702	55080	1
9669	55147	1
3034	55274	1
3518	55274	1
4088	55274	1
5344	55274	1
8145	55274	1
6081	55305	1
1067	55326	1
3034	55326	1
3619	55343	1
7986	55343	1
6700	55427	1
8449	55427	1
8684	55427	1
9121	55427	1
9669	55427	1
3914	55461	1
5677	55461	1
9394	55461	1
449	55510	1
3075	55510	1
3728	55510	1
3982	55510	1
4259	55510	1
6768	55510	1
9768	55510	1
8213	55598	2
9584	55598	1
9755	55598	2
886	55638	1
5208	55638	1
5301	55638	1
6959	55638	1
7296	55638	1
7671	55638	1
9394	55638	1
9632	55638	1
2446	55767	1
2522	55767	1
2888	55767	1
3152	55767	1
5208	55767	1
5677	55767	1
6711	55767	1
9394	55767	1
9526	55767	1
2522	55779	1
6711	55779	1
9526	55779	1
243	55833	1
385	55833	1
3501	55833	1
6998	55833	1
1450	55840	1
9201	55840	1
2867	55854	1
5866	55854	1
7587	55854	1
3289	55889	1
5854	55889	1
7461	55889	1
9924	55889	1
8796	55936	1
1630	55958	1
4122	55958	1
8757	55958	1
855	55998	1
2953	55998	1
3392	55998	1
3886	55998	1
4821	55998	1
1689	56025	1
3873	56025	1
9611	56025	1
6963	56052	1
8503	56052	1
8987	56052	1
744	56077	1
1067	56077	1
3009	56077	1
3917	56077	1
5045	56077	1
5086	56077	1
6849	56077	1
8143	56077	1
8144	56077	1
9764	56077	1
9784	56077	1
1354	56185	1
6700	56185	1
9633	56185	1
466	56224	6
3686	56231	1
3752	56231	1
7829	56231	1
7897	56231	1
8166	56231	1
1382	56278	1
3947	56278	1
7264	56278	1
9394	56278	1
2188	56321	1
3735	56321	1
5671	56321	1
9924	56321	1
4247	56551	1
6147	56551	1
7852	56551	1
8806	56551	1
755	56563	1
3790	56563	1
3822	56563	1
4127	56563	1
5018	56563	1
8865	56563	1
4366	56579	1
341	56594	1
1067	56594	1
1632	56594	1
62	56607	1
2267	56607	1
2446	56607	1
5318	56607	1
6224	56607	1
2190	56614	1
3568	56614	1
6191	56614	1
6799	56614	1
9394	56614	1
2695	56620	1
7776	56620	1
1440	56675	1
3579	56732	1
3858	56732	1
4111	56732	1
6948	56732	1
7262	56732	1
467	56811	1
6586	56811	1
467	56822	1
6586	56822	1
2127	56830	1
2498	56830	1
6859	56830	1
3502	57016	1
4068	57016	1
8276	57016	1
9128	57016	1
2484	57080	1
3485	57080	1
4088	57167	1
7739	57167	1
8865	57167	1
8922	57167	1
1937	57169	1
5318	57169	1
6725	57169	1
8213	57169	1
9500	57176	1
3966	57180	1
7031	57180	1
8449	57180	1
9809	57180	1
533	57284	1
4127	57284	1
9187	57284	1
2117	57310	1
3873	57310	1
5201	57310	1
8865	57310	1
8887	57310	1
9526	57310	1
9669	57417	1
4127	57444	1
7743	57444	1
8072	57444	1
4017	57521	1
5267	57521	1
6700	57521	1
9627	57521	1
6486	57617	1
2351	57702	1
9526	57702	1
5241	57710	1
1108	57776	1
1382	57776	1
2733	57776	1
4127	57776	1
4733	57776	1
7882	57776	1
8926	57776	1
2719	57781	1
4127	57781	1
5318	57781	1
6564	57792	1
9157	57792	1
9721	57792	1
4169	57798	1
5939	57798	1
2445	57807	1
6593	57807	1
7047	57807	1
1194	57848	1
7671	57848	1
8213	57848	1
9330	57848	1
8865	57869	1
537	57878	1
3881	57878	1
3988	57980	1
8969	57980	1
9526	57980	1
1745	58024	1
3821	58024	1
9078	58024	1
6725	58030	1
7367	58030	1
7770	58030	1
1213	58082	1
4399	58082	1
8213	58082	1
7900	58083	1
8571	58083	1
548	58114	1
6609	58114	1
1213	58135	1
4399	58135	1
8213	58135	1
2719	58180	2
3602	58180	1
8647	58180	1
8973	58180	1
3686	58187	1
4070	58187	1
6266	58187	1
7921	58187	2
1369	58199	1
5267	58199	1
5460	58199	1
4088	58221	1
6970	58221	1
8054	58221	1
1464	58226	1
3688	58226	1
6894	58226	1
8865	58226	1
328	58239	1
3215	58239	1
6700	58286	1
9669	58286	1
8520	58304	1
9526	58304	1
4642	58329	1
5391	58329	1
9201	58329	1
4127	58359	1
6794	58359	1
3774	58366	1
4846	58366	1
6859	58366	1
7228	58366	1
8380	58366	1
4127	58376	1
3658	58392	1
5883	58392	1
6584	58392	1
8739	58392	1
4007	58406	2
4620	58406	1
5002	58406	1
6686	58406	1
9175	58406	1
5318	58533	1
3763	58549	1
4248	58549	1
8493	58549	1
8586	58549	1
9330	58549	1
9561	58549	1
9925	58549	1
579	58598	1
2776	58598	1
5318	58598	1
8857	58598	1
9584	58598	1
972	58610	1
1697	58610	1
5086	58610	1
5790	58610	1
8008	58610	1
8060	58610	1
3728	58675	1
4553	58675	1
5318	58675	1
8484	58675	1
8920	58675	1
3900	58682	1
4162	58682	1
4840	58682	1
6949	58682	1
8380	58682	1
8443	58682	1
8484	58682	1
5920	58683	1
6700	58683	1
7621	58683	1
733	58696	1
5883	58696	1
6963	58696	1
613	58702	1
3836	58702	1
5053	58702	1
5856	58702	1
8865	58702	1
1382	58710	1
5315	58710	1
6700	58710	1
8213	58710	2
8684	58710	1
9347	58710	1
4065	58757	1
6870	58757	1
7852	58757	1
8213	58757	1
9743	58757	1
7349	58790	1
4946	58797	1
5285	58797	1
6785	58797	1
7528	58797	1
9193	58797	1
3091	58800	1
3836	58800	1
5315	58800	1
6700	58800	1
3511	58810	1
4846	58810	1
5002	58810	1
5267	58810	1
1504	58846	1
4522	58846	1
5795	58846	1
5972	58846	1
8242	58846	2
8452	58846	1
8929	58846	1
9433	58846	1
9445	58846	1
9589	58846	1
7739	59000	1
1637	59031	1
2548	59031	1
2943	59031	1
3836	59031	1
6012	59031	1
7272	59031	1
9060	59031	1
9653	59031	1
1750	59138	1
3034	59138	1
8380	59138	1
9201	59138	1
1753	59177	1
3110	59177	1
5460	59177	1
5856	59177	1
6048	59177	1
8865	59177	1
613	59205	1
3836	59205	1
9669	59205	1
1066	59209	1
2229	59209	1
6870	59209	1
7096	59209	1
8213	59209	1
3034	59265	1
3873	59265	1
8536	59265	1
526	59272	1
5794	59272	2
5233	59284	1
707	59287	1
1437	59287	1
3109	59287	1
3881	59287	1
5149	59287	1
6768	59287	1
8969	59287	1
9526	59287	1
236	59314	1
3501	59314	1
3752	59314	1
8042	59314	1
583	59316	1
5318	59316	1
291	59319	1
1675	59319	1
1842	59319	1
5103	59319	1
6880	59319	1
7266	59319	1
8873	59319	1
1656	59356	1
2363	59356	1
3688	59356	1
3907	59356	1
4084	59356	1
5737	59356	1
7461	59356	1
7621	59356	1
7653	59356	1
8978	59356	1
9247	59356	1
432	59357	1
526	59357	1
5794	59357	1
9962	59357	1
5365	59385	1
6716	59385	1
8684	59385	1
9394	59385	1
2931	59424	1
3518	59424	1
4259	59424	1
8520	59424	1
1937	59479	1
4247	59479	1
324	59520	1
2220	59520	1
9175	59520	1
9193	59520	1
9695	59535	1
1029	59557	2
1745	59557	1
3294	59557	1
3501	59557	1
3873	59557	1
8213	59557	1
9193	59557	1
9230	59557	1
5080	59574	1
6998	59574	1
9764	59574	1
2483	59585	1
3087	59585	1
4127	59585	1
4136	59585	1
6067	59585	1
8865	59585	1
8969	59585	1
9040	59585	1
9546	59585	1
7411	59631	1
7543	59631	1
1186	59636	1
1894	59636	1
7266	59636	1
3881	59652	1
8229	59652	1
8684	59652	1
9831	59652	1
557	59681	1
2366	59681	1
4041	59681	1
4633	59681	1
5318	59681	1
1512	59700	1
526	59722	1
3288	59722	1
4269	59722	1
5794	59722	1
8236	59722	1
8558	59722	1
9526	59722	1
