2142	63654	1
7743	63654	1
2091	63662	1
5267	63662	1
33	63990	1
1818	63990	1
2879	63990	1
2955	63990	1
6254	63990	1
6286	63990	2
7663	63990	2
8090	63990	1
9784	63990	1
969	64088	1
1834	64088	1
9624	64088	1
1125	64104	1
6998	64104	1
7128	64104	1
353	70000	1
891	70000	1
2884	70000	1
7800	70000	1
7874	70000	1
878	71061	2
2126	71061	1
3140	71061	1
3319	71061	1
4127	71061	1
5803	71061	1
6271	71061	1
1077	75871	1
1267	75871	1
1451	75871	1
3752	75871	1
6286	75871	1
6768	75871	1
7663	75871	1
8969	75871	1
9526	75871	1
9738	75871	1
229	76226	2
7252	76226	1
1483	76639	1
2690	76639	1
4127	76639	1
6844	76639	1
7015	76639	1
9281	76639	1
9411	76639	1
9974	76639	1
1128	77266	1
3822	77266	1
4127	77266	1
4635	77266	1
5208	77266	1
8252	77266	1
3728	78261	1
3806	78261	1
6133	78261	1
6326	78261	1
7138	78261	1
8380	78261	1
9030	78261	1
9813	78261	1
1415	78597	1
2537	78597	1
2690	78597	1
3490	78597	1
4127	78597	1
7412	78597	1
9369	78597	1
1415	79991	1
2537	79991	1
2690	79991	1
3490	79991	1
4127	79991	1
7412	79991	1
9369	79991	1
1415	80461	1
2537	80461	1
2690	80461	1
3490	80461	1
4127	80461	1
7412	80461	1
9369	80461	1
1415	81341	1
2537	81341	1
2690	81341	1
3490	81341	1
4127	81341	1
7412	81341	1
9369	81341	1
4567	82238	1
6870	82428	1
8268	82428	1
9822	82428	1
158	82896	1
895	82896	1
4041	82896	3
5771	82896	1
7128	82896	1
9538	82896	1
9825	82896	1
570	83179	1
7854	83198	1
229	83452	1
456	83452	1
5640	83452	1
9169	83452	1
971	83491	1
1143	83491	1
9633	83491	1
2514	83519	1
3009	83519	1
5046	83519	1
5086	83519	1
6469	83519	1
8393	83519	1
1754	87145	1
2484	87145	1
2557	87145	1
3568	87145	1
6148	87145	1
6301	87145	1
6619	87145	2
7790	87145	1
8053	87145	1
8351	87145	2
722	87342	1
1189	87342	1
1353	87342	1
3511	87342	1
4846	87342	1
5064	87342	1
5861	87342	1
6759	87342	1
6894	87342	1
9711	87342	1
675	87376	1
710	87376	1
2557	87376	1
2968	87376	1
3392	87376	1
3822	87376	1
4017	87376	1
5318	87376	1
6301	87376	1
7790	87376	1
8263	87376	1
8865	87376	1
1189	87475	1
2557	87475	1
6301	87475	1
6619	87475	1
8998	87475	1
1189	87603	1
4852	87603	1
6237	87603	1
1189	87636	1
5086	87636	1
862	87750	1
1199	87750	1
1353	87750	1
3392	87750	1
3735	87750	1
4852	87750	1
7592	87750	1
7652	87750	1
8058	87750	1
9711	87750	1
7698	88149	1
115	89794	1
1108	89794	1
3032	89794	1
3602	89794	1
3724	89794	1
3848	89794	1
4846	89794	1
7067	89794	1
7743	89794	1
9669	89794	1
1222	89906	1
5188	89906	1
6567	89906	1
8648	89906	1
8887	89906	1
8956	89906	1
9526	89906	1
9669	89906	1
158	89931	1
2632	89931	1
3752	89931	1
5460	89931	1
6777	89931	1
6970	89931	1
8772	89931	1
9526	89931	1
1128	91293	2
4127	91293	1
6301	91293	1
8252	91293	1
