243	31196	1
1492	31196	1
2601	31196	1
7055	32209	1
9290	32432	1
9924	32432	1
4661	32745	1
3485	33420	1
8995	33420	1
4223	33469	1
341	33614	1
1672	33614	1
1689	33614	1
5267	33614	1
8987	33614	1
9926	33614	1
1678	33622	1
8987	33622	1
7266	33658	1
7660	33658	1
9526	33658	1
2540	33688	1
8587	33688	1
341	33700	1
1672	33700	1
1678	33700	1
5267	33700	1
158	33753	1
1559	33753	1
1672	33753	1
1678	33753	1
1672	33798	1
1678	33798	1
3266	33798	1
1672	34090	2
1678	34090	1
3266	34090	2
3087	34199	1
7660	34199	1
8684	34199	1
2498	34618	1
3892	34618	1
6293	34618	1
8329	34618	1
8547	34618	1
8806	35110	1
8876	35110	1
925	35578	1
2477	35578	1
8150	35578	1
8876	35578	1
3702	35805	6
4195	35805	1
6465	35805	1
8876	35805	1
907	36545	1
5318	36545	1
5267	39598	1
3836	40570	1
8995	40570	1
3057	40574	1
7742	40574	1
2157	40651	1
7741	40651	1
6941	40715	1
9175	40715	2
2546	40836	1
5267	40836	1
3035	41808	1
3728	41808	1
8122	41808	1
8865	41808	1
9627	41808	1
3034	41815	1
3728	41815	1
8122	41815	1
8865	41815	1
9625	41815	1
7279	45583	1
8865	45583	1
9126	45583	1
9669	45583	1
2532	45733	1
3566	45733	1
4935	45733	1
2370	45804	1
1894	46058	1
1933	46058	1
4167	46058	1
6834	46058	1
9394	46058	1
243	50059	1
536	50059	1
3518	50059	1
3822	50059	1
6149	50059	1
7592	50059	1
1325	50137	1
1902	50137	1
2175	50137	1
3077	50137	1
3168	50137	1
3278	50137	1
8368	50137	1
9538	50137	1
1236	50276	1
2092	50276	1
3695	50276	1
1763	53197	1
3425	53197	1
9526	53197	1
9801	53197	1
2931	53849	1
5677	53849	1
6725	53849	1
9394	53849	1
1225	53891	1
2438	53891	1
2445	53891	1
5522	53891	1
9561	53891	1
9799	53891	1
1369	54187	1
1497	54187	1
5053	54187	1
5201	54187	1
8944	54187	1
5201	54813	1
5589	54813	1
8969	54813	1
3806	54914	1
4127	54914	1
5376	54914	1
8684	54914	1
2695	56620	1
7776	56620	1
1440	56675	1
2127	56830	1
2498	56830	1
6859	56830	1
533	57284	1
4127	57284	1
9187	57284	1
2719	57781	1
4127	57781	1
5318	57781	1
6564	57792	1
9157	57792	1
9721	57792	1
3988	57980	1
8969	57980	1
9526	57980	1
2719	58180	2
3602	58180	1
8647	58180	1
8973	58180	1
1369	58199	1
5267	58199	1
5460	58199	1
613	58702	1
3836	58702	1
5053	58702	1
5856	58702	1
8865	58702	1
9695	59535	1
