7612	28920	1
7776	28920	1
3735	29135	1
5318	29135	1
6894	29135	1
9445	29135	1
134	29240	1
2446	29240	1
7855	29240	1
8591	29240	1
1929	29283	1
2097	29283	1
3034	29283	1
3501	29283	1
4047	29283	1
8218	29283	1
8718	29283	1
8900	29283	1
9526	29283	1
9977	29283	1
243	29306	1
2789	29306	1
2867	29306	1
3266	29306	1
5318	29306	1
7166	29306	1
9339	29306	1
4127	29451	1
4523	29451	1
5192	29451	2
8391	29451	1
9054	29451	1
9211	29451	1
9330	29451	1
1504	29730	1
3035	29730	1
8772	29730	1
9803	29730	1
2569	29768	1
5018	29768	1
4757	29788	1
7994	29788	1
3873	29889	1
5164	29889	1
8400	29889	1
4127	29929	1
4523	29929	1
6301	29929	1
6834	29929	1
5864	30050	1
6166	30050	1
7251	30050	1
7612	30119	1
9347	30119	1
2196	30147	1
3182	30147	1
4127	30147	1
4688	30147	1
8818	30147	1
2950	30163	1
3472	30163	1
4127	30163	1
5296	30163	1
8205	30163	1
8395	30163	1
8865	30163	1
9135	30163	1
9792	30163	1
1202	30213	1
1370	30213	1
5301	30213	1
8479	30213	1
1157	30260	1
1673	30260	1
2844	30260	1
4658	30260	1
5208	30260	1
6700	30260	1
7169	30260	1
8145	30260	1
8525	30260	1
8865	30260	1
259	30261	1
3142	30261	1
3518	30261	1
4088	30261	1
4094	30261	1
4613	30261	1
8865	30261	2
4240	30292	1
8645	30292	1
9526	30292	1
3095	30326	1
3784	30326	1
4111	30326	1
4215	30326	1
5921	30326	1
6562	30326	1
6809	30326	1
7986	30326	1
613	30396	1
7776	30396	1
8351	30396	1
8865	30396	1
9394	30396	1
9526	30396	1
9727	30396	1
9819	30396	1
4076	30464	1
4688	30464	1
7051	30464	1
7797	30464	1
324	30492	1
5018	30492	1
5396	30492	2
6192	30492	1
8645	30492	1
8684	30492	1
9130	30492	1
3518	30563	1
3767	30563	1
4688	30563	1
8145	30563	1
3822	30611	1
4455	30611	1
925	30614	1
1143	30614	1
2324	30614	1
2965	30614	1
3900	30614	1
7175	30614	1
7365	30614	1
4056	30654	1
5854	30654	1
8995	30654	1
9716	30654	1
9932	30654	2
5153	30664	1
7621	30664	1
9175	30664	1
3511	30689	1
6812	30689	2
9335	30689	1
10031	30689	1
1634	30769	1
2393	30769	1
3763	30769	1
4688	30769	1
5030	30769	1
6700	30769	1
2075	30828	1
2158	30828	1
8547	30828	1
8645	30828	1
5439	30877	1
579	30922	1
4044	30941	1
6209	30941	1
6257	30941	1
3524	30945	1
5112	30945	1
7328	30945	1
7589	30945	1
7988	30945	1
8995	30945	1
9571	30945	1
548	31033	1
5141	31033	1
6298	31033	1
4056	31045	1
155	31100	1
410	31100	1
576	31100	1
5031	31100	1
7102	31100	2
7977	31100	1
3568	31204	1
5439	31204	1
8922	31204	1
9801	31204	1
9925	31204	1
3547	31252	1
8645	31252	1
9353	31252	1
2955	31295	1
8462	31295	1
9611	31295	1
9727	31295	1
1937	31312	1
142	31321	1
733	31321	1
905	31321	1
2011	31321	1
2915	31321	1
3034	31321	1
3349	31321	1
4056	31321	1
5318	31321	1
8217	31321	1
8630	31321	1
56	31335	1
359	31335	1
1412	31335	1
1785	31335	1
1833	31335	1
2648	31335	1
3305	31335	1
4127	31335	1
6471	31335	1
8925	31335	1
2562	31431	1
5439	31431	1
8144	31431	1
8959	31431	1
4105	31434	1
4127	31434	1
4523	31434	1
6301	31434	1
7207	31434	1
851	31472	1
2736	31472	1
3034	31472	1
4044	31472	1
544	31479	1
4127	31479	1
9999	31479	1
5081	31502	1
6302	31502	1
6146	31517	1
8684	31517	2
3142	31528	1
5318	31528	1
6301	31528	1
9072	31528	1
9538	31528	1
9582	31528	1
2561	31533	1
6922	31533	1
8865	31533	1
9561	31533	1
4458	31552	1
4127	31562	1
9545	31562	2
2917	31569	1
3752	31569	1
6146	31569	1
4008	31615	1
4087	31615	1
5318	31615	1
3434	31660	1
4127	31660	1
7621	31660	1
3822	31663	1
7776	31663	1
857	31692	2
1396	31692	1
3027	31692	2
4127	31692	1
5184	31692	1
6618	31692	1
9561	31692	1
1012	31715	1
5836	31715	1
8122	31715	1
3836	31740	2
8291	31740	1
1642	31747	1
1822	31747	1
6526	31747	1
3547	31752	1
3730	31752	1
6192	31752	1
8865	31752	1
1132	31780	1
9328	31780	1
158	31812	1
1381	31812	1
1440	31812	1
3126	31812	1
3518	31812	1
6291	31812	1
8944	31812	1
9032	31812	1
9766	31812	1
5267	31856	1
680	31887	1
2946	31887	1
4458	31887	1
4653	31887	1
5226	31887	1
6859	31887	1
8351	31887	1
8536	31887	1
4127	32047	1
4523	32047	1
6301	32047	1
9358	32047	1
1028	32059	1
3501	32059	1
7882	32059	1
9081	32059	1
9546	32059	1
9890	32059	2
5239	32293	1
5351	32293	1
5439	32293	1
3896	32312	1
4008	32312	1
4087	32312	1
5318	32312	1
8645	32312	1
9589	32312	1
2932	32323	1
3501	32323	1
6785	32323	1
6941	32323	1
6991	32323	1
7047	32323	1
7759	32323	1
2943	32354	1
5201	32354	1
3547	32392	1
3724	32392	1
6192	32392	1
8645	32392	1
8879	32392	1
4127	32500	1
4523	32500	1
6301	32500	1
8793	32500	1
8865	32520	1
9054	32520	1
793	32561	1
4027	32561	1
5232	32561	1
8645	32561	1
5794	32565	1
9493	32565	1
3914	32672	1
5267	32672	1
5696	32672	1
8645	32672	1
7071	32706	1
7621	32706	1
1294	32750	1
5318	32750	1
2999	32770	1
3449	32770	1
8865	32770	1
1073	32819	1
9323	32819	1
1834	32829	1
2477	32829	1
5750	32829	1
1521	32852	1
1527	32852	1
1834	32852	1
2865	32852	1
3266	32852	1
6936	32898	1
9970	32898	1
171	32915	1
358	32915	1
4852	32915	1
6199	32915	1
4259	32936	1
5240	32936	1
9323	32936	1
9669	32936	1
1186	32989	1
1213	32989	1
5911	32989	1
6991	32989	1
8277	32989	1
4661	33001	1
6376	33001	1
6700	33001	1
8754	33001	1
171	33003	1
1834	33003	1
4259	33003	1
6191	33003	1
6199	33003	1
6794	33003	1
7549	33003	1
2191	33017	1
2445	33017	1
5235	33017	1
7071	33017	1
5834	33027	1
2477	33028	1
4699	33028	1
8057	33028	1
733	33081	1
3518	33081	1
4056	33081	1
5247	33094	1
9608	33094	1
1428	33153	1
4757	33153	1
8054	33153	1
8377	33153	1
8741	33153	1
9201	33153	1
9825	33153	1
4188	33157	1
5656	33157	1
7882	33157	1
9165	33157	1
579	33325	1
5267	33325	1
8645	33325	1
579	33370	1
3634	33370	1
6526	33370	1
9589	33370	1
3349	33432	1
5267	33432	1
324	33454	1
5267	33454	1
5396	33454	1
8246	33454	1
8879	33454	1
1517	33573	1
6644	33573	1
9538	33573	1
2516	33584	1
5415	33584	1
4127	33611	1
4613	33611	1
5338	33611	1
8793	33611	1
1642	33671	1
3874	33671	1
5267	33671	1
8645	33671	1
1554	33690	1
2526	33690	1
2616	33690	1
5267	33690	1
6166	33690	1
8865	33690	1
2884	33703	1
3873	33703	2
726	33745	1
857	33745	1
3822	33745	1
7549	33745	1
5267	33795	1
8645	33795	1
3881	33801	1
8213	33801	1
8806	33801	2
9669	33801	1
1147	33863	1
2917	33863	1
7776	34080	1
8987	34080	1
4973	34119	1
8865	34119	1
8879	34119	1
4340	34146	1
5267	34146	1
8645	34146	1
8879	34146	1
1067	34173	1
1370	34173	1
259	34176	1
3001	34176	1
4613	34176	1
7988	34176	1
9584	34176	1
9800	34176	1
3075	34266	1
8645	34266	1
5318	34295	1
436	34393	1
2955	34393	1
2678	34397	1
7563	34397	1
6847	34416	1
9103	34416	1
6881	34429	1
8995	34429	1
560	34432	1
1112	34432	1
3576	34432	1
4478	34432	1
5318	34432	1
6166	34432	1
7017	34432	1
3759	34552	1
3915	34552	1
7800	34552	1
9526	34552	1
704	34604	1
3747	34604	1
4056	34604	1
5940	34604	1
6870	34604	1
1108	34645	1
1861	34645	1
4111	34833	1
8294	34833	1
8586	34833	1
8755	34833	1
1147	34881	1
1267	34881	1
1739	34881	1
5232	34881	1
5561	34881	1
6725	34881	1
6715	35007	1
6859	35007	1
2943	35009	1
8969	35009	1
867	35011	1
7031	35011	1
8142	35035	1
1679	35046	1
1933	35046	1
3087	35046	1
4205	35046	1
8710	35046	1
2150	35047	1
1889	35056	1
3816	35105	1
4127	35105	1
6972	35105	1
9392	35105	1
5053	35117	1
2531	35130	1
5015	35130	1
8624	35130	1
78	35146	1
3511	35146	1
6129	35146	1
6870	35146	1
8358	35146	1
826	35293	1
1517	35293	1
8645	35313	1
958	35348	1
1517	35348	1
3588	35348	1
5698	35348	1
4152	35363	1
5056	35363	1
1017	35437	1
1464	35437	1
4659	35437	1
4694	35437	1
8810	35437	1
9175	35437	1
9193	35437	1
3034	35531	1
5239	35531	1
1037	35657	1
5114	35657	1
7846	35657	1
9060	35657	1
9293	35657	1
830	35682	1
1211	35682	1
1400	35682	1
3462	35682	1
4113	35682	1
5298	35682	1
5698	35682	1
6768	35682	2
7530	35682	1
8865	35682	1
9500	35682	1
3602	35715	1
4426	35715	1
5318	35723	2
1451	35752	1
5056	35752	1
6768	35752	1
7128	35752	1
6166	35768	1
259	35844	1
949	35844	1
4127	35848	1
5344	35848	1
5450	35848	1
9232	35848	1
5208	35873	1
5318	35873	1
5550	35873	1
7913	35873	1
9886	35873	1
490	35877	1
4127	35877	1
5344	35877	1
9874	35877	1
1288	35892	1
4998	35892	1
8995	35892	1
1967	35927	1
5318	35927	1
1143	35930	1
1747	35930	1
4716	35930	1
5096	35930	1
5267	35930	1
7426	35930	1
7998	35930	1
8978	35930	1
9366	35930	1
9932	35930	1
1512	35972	1
10	36042	1
3340	36042	1
3873	36042	1
7986	36042	1
9144	36042	1
9500	36042	1
723	36104	1
991	36104	1
2042	36104	1
3568	36104	1
6870	36104	1
7251	36104	1
8213	36104	1
7819	36126	1
9589	36126	1
5267	36194	1
8754	36194	1
1231	36306	1
2305	36306	1
826	36450	1
2283	36450	1
4088	36450	1
6396	36450	1
7251	36450	1
7986	36450	1
9104	36450	1
6518	36465	1
7543	36465	1
8172	36465	1
8823	36465	1
9526	36490	1
579	36629	1
4973	36629	1
7266	36629	1
1517	36671	1
4387	36671	1
8802	36671	1
9126	36671	1
2107	36761	1
2575	36761	1
3721	36761	1
9330	36761	1
1118	36796	1
3038	36796	1
4747	36796	1
5382	36796	1
5866	36796	1
7621	36796	1
8687	36796	1
8879	36796	1
1842	36811	1
1905	36811	1
3724	36811	1
3806	36811	1
4598	36811	1
5443	36811	1
6119	36811	1
6146	36811	1
6768	36811	1
7966	36811	1
7986	36811	1
9829	36811	1
1464	36858	1
2071	36858	1
2107	36858	1
2522	36858	1
2575	36858	1
3721	36858	1
3763	36858	1
3982	36858	1
7621	36858	2
8449	36858	1
9330	36858	1
1215	36860	1
5029	36860	1
841	36881	1
6009	36881	1
1835	37028	1
2214	37028	1
2126	37083	1
2215	37083	1
3721	37083	1
4343	37083	1
6526	37083	1
6787	37083	1
8170	37083	1
8434	37083	1
9997	37083	1
949	37111	1
3066	37111	1
3721	37111	1
4343	37111	1
6285	37111	1
7124	37111	1
7874	37111	1
9535	37111	1
2379	37116	1
3182	37116	1
3294	37116	1
6905	37116	1
8497	37116	1
8785	37116	1
259	37129	1
2219	37129	1
3140	37129	1
4017	37129	1
4111	37129	1
4613	37129	1
5298	37129	1
5407	37129	1
6700	37129	1
9526	37129	1
3822	37142	1
4127	37142	1
2071	37170	1
2522	37170	1
3566	37170	1
3763	37170	1
4973	37170	1
5240	37170	1
6009	37170	1
6239	37170	1
7621	37170	1
8291	37170	1
9895	37170	1
4068	37250	1
6644	37250	1
7629	37250	1
9538	37250	1
9589	37250	1
686	37270	1
5852	37270	1
6922	37270	1
7543	37270	1
7696	37270	1
1067	37284	1
1732	37284	1
7251	37284	1
8520	37284	1
271	37357	1
4080	37357	1
4973	37357	1
5153	37357	1
5866	37357	1
6009	37357	1
8271	37357	1
9630	37357	1
9989	37357	1
5208	37387	1
6301	37387	1
3643	37391	1
3925	37391	1
4113	37391	1
6700	37391	1
837	37395	1
4313	37395	1
6356	37395	1
7041	37395	1
7110	37395	1
7471	37395	1
258	37461	1
949	37461	1
1382	37461	1
3340	37461	1
3568	37461	1
4224	37461	1
5226	37461	2
9766	37461	1
9890	37461	2
9989	37461	1
353	37468	1
1632	37468	1
1949	37468	1
3284	37468	1
4426	37468	1
4626	37468	1
7986	37468	1
8995	37468	1
3405	37472	1
4088	37472	1
6868	37472	1
1329	37504	1
2561	37504	1
6209	37504	1
8218	37504	1
9445	37504	1
3484	37523	1
3873	37523	1
9764	37523	1
2719	37536	1
5318	37536	1
7971	37536	1
3484	37554	1
4017	37599	1
4222	37599	1
4846	37599	1
4127	37613	1
4523	37613	1
5943	37613	1
6301	37613	1
8351	37613	1
8533	37613	1
9951	37613	1
1210	37617	1
4127	37617	1
6301	37617	1
7166	37617	1
8479	37617	1
1357	37618	1
2215	37618	1
4973	37618	1
6911	37618	1
8550	37618	1
9535	37618	1
4998	37624	1
5920	37624	1
7638	37624	1
3100	37659	1
3726	37659	1
4351	37659	1
5443	37659	1
6472	37659	1
4752	37663	1
4776	37663	1
7194	37663	1
1787	37674	1
2097	37674	1
3034	37674	1
1331	37675	1
1655	37689	1
2382	37689	1
4403	37689	1
5443	37689	1
7967	37689	1
8213	37689	1
1168	37695	1
3568	37695	1
3722	37695	1
4060	37695	1
6700	37695	1
8142	37695	1
8865	37695	1
1632	37702	1
5854	37702	1
7759	37702	1
8053	37702	1
8969	37702	1
4127	37725	1
6301	37725	1
6550	37725	1
6609	37725	1
7191	37725	1
9045	37725	1
570	37945	1
2097	37945	1
2557	37945	1
3501	37945	1
5972	37945	1
7695	37945	1
1147	38054	1
3172	38054	1
5232	38054	1
8368	38054	1
258	38062	1
579	38062	1
1147	38062	1
6700	38062	1
395	38090	1
5029	38090	1
5318	38090	2
5539	38102	1
5864	38102	1
6119	38102	1
7966	38102	1
3873	38133	1
5909	38133	1
6048	38133	1
3501	38136	1
3873	38136	1
5724	38440	1
7988	38440	1
9153	38440	1
9591	38440	1
4051	38470	1
4127	38470	1
5149	38470	1
6769	38470	1
6941	38470	1
7166	38470	1
8252	38470	1
1240	38501	1
2534	38501	1
2541	38501	1
3259	38501	1
726	38524	1
1396	38524	1
1475	38524	1
1659	38524	1
3385	38524	1
3571	38524	1
4998	38524	1
5163	38524	1
9648	38524	1
9974	38524	1
5759	38556	1
3213	38586	1
167	38601	1
169	38601	1
408	38601	1
3091	38601	1
3142	38601	1
8360	38601	1
8793	38601	1
7031	38609	1
3095	38661	1
6257	38661	1
9394	38661	1
161	38684	1
2477	38684	1
3914	38684	1
5382	38684	1
5866	38684	1
9561	38684	1
5015	38712	1
5396	38712	1
9098	38712	1
9526	38712	1
558	38735	1
4984	38735	1
5924	38735	1
9590	38735	1
1655	38737	1
5267	38737	1
8116	38737	1
5864	38748	1
2839	38750	1
3984	38750	1
8369	38750	1
2839	38757	1
3984	38757	2
8369	38757	1
3873	38762	1
5181	38762	1
5318	38762	1
6271	38762	1
8869	38762	1
5160	38824	1
8072	38824	1
9764	38824	1
1440	38888	2
7260	38888	1
1707	38933	1
3774	38933	1
1108	39007	1
3219	39007	1
7847	39007	1
8380	39007	1
9625	39007	1
8098	39014	1
2324	39052	1
7365	39052	1
107	39060	1
3735	39060	1
4127	39060	1
9538	39060	1
3273	39118	1
4127	39118	1
4963	39118	1
5208	39118	1
5635	39118	1
6166	39118	1
9976	39118	1
2968	39162	1
3462	39162	1
5295	39162	1
857	39180	1
2267	39180	1
3824	39180	1
4088	39180	1
4820	39180	1
915	39218	1
5018	39218	1
6700	39218	1
7994	39218	1
9394	39218	1
2750	39243	1
8044	39296	1
8684	39296	1
8426	39361	1
2477	39413	1
6700	39413	1
6769	39413	1
7026	39413	1
844	39440	1
857	39440	1
1029	39440	1
2412	39440	1
2799	39440	1
3822	39440	1
4127	39440	1
5208	39440	1
5448	39440	1
8462	39440	1
9318	39440	1
27	39443	1
1361	39443	2
4113	39443	1
6700	39443	1
7266	39443	1
9526	39443	1
9627	39443	1
473	39448	1
3308	39448	1
4127	39448	1
5227	39448	1
6982	39448	1
8995	39448	1
9974	39448	1
995	39489	1
6266	39489	1
6911	39489	1
8074	39489	1
2215	39499	1
2233	39499	1
3325	39499	1
2024	39517	1
4127	39517	1
6834	39517	1
2335	39535	1
3182	39535	1
7635	39535	1
5303	39582	1
7272	39582	1
9394	39582	2
3215	39616	1
9526	39616	1
6166	39617	1
184	39632	1
1017	39632	1
2502	39632	1
2728	39632	1
5199	39632	1
2910	39668	1
3034	39668	1
3091	39668	1
8536	39668	1
9784	39668	1
2330	39739	1
8007	39739	1
9153	39739	1
9265	39739	1
1267	39753	1
4008	39753	1
5972	39753	1
6922	39753	1
7128	39753	1
8865	39753	1
9588	39753	1
9738	39753	1
133	39758	1
4111	39758	1
6469	39758	1
7272	39758	1
9175	39758	1
5095	39819	1
6025	39819	1
8865	39819	1
9757	39819	1
162	39872	1
1236	39872	1
3142	39872	1
3449	39872	1
3501	39872	1
3900	39872	1
4325	39872	1
4925	39872	1
4926	39872	1
8918	39872	1
8969	39872	1
9995	39872	2
3110	39883	1
4152	39883	1
5267	39883	1
5279	39883	1
7671	39883	1
184	39903	1
418	39903	1
579	39903	1
3270	39903	1
3381	39903	1
3915	39903	1
9669	39903	1
972	39907	1
5790	39907	1
9924	39907	1
184	39927	1
579	39927	1
631	39927	1
3273	39927	1
3381	39927	1
3915	39927	1
4481	39927	1
4973	39927	1
8218	39927	1
9669	39927	1
418	39977	1
3	40063	1
386	40063	1
4127	40063	1
5208	40063	1
5316	40063	1
6166	40063	1
6794	40063	1
7166	40063	1
8462	40063	1
9318	40063	1
9976	40063	1
63	40072	1
857	40072	1
1440	40072	1
3822	40072	1
4187	40072	1
5226	40072	1
6894	40099	1
7743	40099	1
418	40104	1
3273	40104	1
5768	40104	1
386	40115	2
3273	40115	1
4127	40115	1
5208	40115	1
5316	40115	2
7166	40115	1
8462	40115	1
8995	40115	1
9318	40115	1
8098	40122	1
1629	40126	1
8321	40126	1
8684	40126	1
1357	40139	1
8987	40139	1
3900	40141	1
5909	40141	1
8408	40141	1
951	40154	1
2951	40154	1
3518	40154	1
3894	40154	1
7128	40154	1
7819	40154	1
8166	40154	1
8865	40154	1
9699	40154	1
3824	40171	1
4147	40171	1
4875	40171	1
8594	40171	1
2382	40173	1
1784	40183	1
8642	40183	1
3711	40255	1
8053	40255	1
5945	40284	1
7882	40284	1
8380	40284	1
8552	40284	1
9538	40284	1
9924	40284	1
3182	40305	1
3970	40305	1
857	40347	1
4066	40347	1
4127	40347	1
5318	40347	1
5690	40347	1
6166	40347	1
7986	40347	1
9546	40347	1
3592	40396	1
4188	40396	1
5656	40396	1
386	40397	1
3273	40397	1
4127	40397	1
5208	40397	1
5316	40397	1
7166	40397	1
8462	40397	1
8995	40397	1
9318	40397	1
3602	40428	1
4906	40428	1
6725	40428	1
6994	40428	1
1078	40436	1
1666	40436	1
1777	40436	1
8446	40436	1
1629	40440	1
2085	40440	1
7087	40440	1
421	40449	1
8717	40449	1
680	40455	1
5318	40455	1
7819	40455	1
579	40463	1
3568	40463	1
3636	40463	1
8987	40463	1
1165	40470	1
1990	40470	1
4127	40470	1
6700	40470	1
9669	40470	1
74	40492	1
4229	40492	1
7264	40492	1
7520	40492	1
4127	40512	1
4423	40512	1
5318	40512	1
5693	40512	1
5842	40512	1
6424	40512	1
6785	40512	1
8630	40512	1
8685	40512	1
8816	40512	1
8865	40512	1
1509	40514	1
1017	40525	1
4127	40525	1
8685	40525	1
1381	40538	1
4127	40538	1
8098	40538	1
8865	40538	1
8995	40538	1
9526	40538	1
1650	40555	1
2138	40555	1
9798	40555	1
2071	40582	1
3034	40582	1
5526	40582	1
8995	40582	1
386	40595	1
1005	40595	1
3273	40595	1
4127	40595	1
5208	40595	1
5316	40595	1
6922	40595	1
7166	40595	1
9318	40595	1
3549	40601	1
3822	40601	1
5208	40601	1
6364	40601	1
6700	40601	1
8915	40601	1
4213	40608	1
4846	40608	1
5548	40608	1
6785	40608	1
7805	40608	1
9187	40608	1
9610	40608	1
958	40634	1
9767	40634	1
1650	40654	1
1835	40654	1
3034	40654	1
6565	40654	1
6998	40654	1
7266	40654	1
7519	40654	1
8007	40654	1
9633	40654	1
9669	40654	1
2324	40689	1
2366	40689	2
4489	40689	1
5828	40689	1
6896	40689	1
9561	40689	1
710	40723	1
3822	40723	1
3956	40723	1
4066	40723	1
4081	40723	1
4127	40723	1
5160	40723	1
5864	40723	1
6166	40723	1
2323	40724	1
3485	40724	1
5788	40724	1
8727	40724	1
9813	40724	1
347	40739	1
7549	40739	1
9586	40739	1
1427	40764	1
4120	40764	1
4127	40764	1
5267	40764	1
7166	40764	1
1005	40799	2
4127	40799	1
5208	40799	1
6922	40799	1
7028	40799	1
9318	40799	1
9669	40799	1
723	40914	1
4127	40914	1
8624	40914	1
1434	40934	1
5068	40934	1
3643	40970	1
4143	40970	1
6631	40970	1
7408	40970	1
8395	40970	1
9625	40970	1
2561	41010	1
4152	41010	1
6431	41010	1
386	41074	1
1005	41074	1
4127	41074	1
5208	41074	1
5316	41074	1
5864	41074	1
6922	41074	1
8449	41074	1
8497	41074	1
9360	41074	1
1143	41079	1
4356	41079	1
6059	41079	1
8114	41079	1
9589	41079	1
2768	41083	1
9974	41083	1
3259	41085	1
6166	41085	2
8038	41085	1
8098	41085	1
8391	41085	1
4070	41089	1
5318	41089	1
7737	41089	1
613	41159	1
1077	41159	1
1171	41159	1
1267	41159	2
3602	41159	1
3806	41159	1
6267	41159	1
6859	41159	1
6920	41159	1
7128	41159	1
7638	41159	1
7800	41159	1
7815	41159	1
9394	41159	1
9816	41159	1
1396	41166	1
1861	41166	1
4004	41166	1
7986	41166	1
8144	41166	1
8169	41166	1
8734	41166	1
9526	41166	1
4598	41175	1
6242	41175	1
6588	41175	1
7304	41175	3
8169	41175	1
8805	41175	1
9281	41175	1
9394	41175	1
9610	41175	1
9676	41175	1
9716	41175	1
3511	41178	1
4820	41178	1
5081	41178	1
5096	41178	1
5318	41178	1
7408	41178	1
7819	41178	1
7977	41178	1
8301	41178	1
8865	41178	1
1027	41182	1
1166	41182	1
3785	41182	1
6059	41182	1
6859	41182	1
6861	41182	1
7789	41182	1
8995	41182	1
9526	41182	1
9649	41182	1
1580	41188	1
2973	41188	1
4598	41188	1
6059	41188	1
218	41194	1
2578	41194	1
3653	41194	1
6059	41194	1
6469	41194	1
7637	41194	1
167	41224	1
4127	41224	1
4342	41224	1
4613	41224	1
5515	41224	1
7298	41224	1
9816	41224	1
9974	41224	1
1437	41266	1
5632	41266	1
5748	41266	1
4852	41275	1
2132	41323	1
3034	41323	1
3752	41323	1
6607	41323	1
6937	41323	1
8217	41323	1
733	41404	1
6304	41404	1
5267	41410	1
8509	41410	1
2190	41422	1
2280	41422	1
3090	41422	1
3275	41422	1
4679	41422	1
4970	41422	1
5783	41422	1
7065	41422	1
8380	41422	1
440	41646	1
3109	41687	1
4127	41687	1
4523	41687	1
6301	41687	1
6849	41687	1
619	41788	1
3081	41788	1
6301	41788	1
9509	41788	1
9526	41788	1
2522	41809	1
3652	41809	1
6166	41809	1
355	41819	1
524	41819	1
707	41819	1
3378	41819	1
3970	41819	1
4456	41819	1
5632	41819	1
5794	41819	1
9054	41819	1
9394	41819	1
9627	41819	1
2446	41824	1
2616	41824	1
3378	41824	1
6304	41824	1
9054	41824	1
9394	41824	1
9757	41824	1
524	41828	1
3378	41828	1
5632	41828	2
8368	41828	1
8535	41828	1
9394	41828	1
9587	41828	1
341	41832	1
2370	41832	1
3378	41832	1
3602	41832	1
524	41846	1
3378	41846	1
4111	41846	1
4248	41846	1
5201	41846	1
5344	41846	1
5632	41846	1
6870	41846	1
7647	41846	1
8107	41846	1
4660	41856	1
8796	41856	1
9445	41856	1
9589	41856	1
184	41874	1
3378	41874	1
4127	41874	1
5892	41886	1
9193	41886	1
436	41924	1
958	41924	1
3041	41924	1
1004	41982	1
8098	41982	1
2062	42101	1
3881	42101	1
6458	42101	1
7343	42101	1
7986	42101	1
9589	42101	2
9805	42101	1
2254	42132	1
3735	42132	1
3822	42132	1
4297	42132	1
4305	42132	1
7349	42132	2
7362	42132	1
1194	42162	1
2937	42162	1
7498	42162	1
8300	42162	1
8617	42162	1
8920	42162	1
9738	42162	1
7776	42227	1
2616	42235	1
7776	42235	1
9669	42235	1
9589	42247	1
6859	42259	1
9748	42259	1
323	42314	1
1743	42314	1
1982	42314	1
7638	42314	1
8341	42314	1
8691	42314	1
9792	42314	1
2453	42317	1
4127	42317	1
4489	42317	1
4998	42317	1
5192	42317	1
1802	42353	1
1832	42353	1
1894	42353	1
3294	42353	1
3873	42353	1
4366	42353	1
6287	42353	1
9193	42353	1
691	42407	1
2540	42407	1
4113	42407	1
5077	42407	1
5791	42407	1
7244	42407	1
8307	42407	1
4127	42429	1
4523	42429	1
6301	42429	1
1937	42488	1
6870	42538	1
9500	42538	1
4111	42541	1
7638	42541	1
8098	42541	1
2750	42545	1
4111	42545	1
8865	42545	1
8922	42545	1
4028	42549	1
1702	42558	1
2546	42558	1
5303	42558	1
5794	42558	1
6609	42558	1
9757	42558	1
483	42588	1
991	42588	1
3095	42588	1
5199	42588	1
7075	42588	1
7737	42588	1
7857	42588	1
8449	42588	1
1797	42599	1
1937	42599	1
8098	42599	1
952	42627	8
5737	42627	1
9040	42627	8
1536	42638	1
3501	42638	1
3821	42638	1
7776	42638	1
9526	42638	1
3006	42649	1
3688	42649	1
2526	42660	1
1240	42727	1
2055	42727	1
2117	42727	1
2175	42727	1
6271	42727	1
2678	42849	1
4127	42849	1
4466	42849	1
5788	42849	1
9063	42849	1
9445	42849	1
295	42853	1
1071	42853	1
2943	42858	1
2944	42858	1
3020	42858	1
3549	42858	1
6479	42858	1
7259	42858	1
8449	42858	1
733	42920	1
2510	42920	1
4056	42920	1
4456	42920	1
5201	42920	1
7031	42920	1
9542	42920	1
830	42997	1
925	42997	1
1413	42997	1
2091	42997	1
5750	42997	1
6385	42997	1
981	43037	1
4127	43037	1
4523	43037	2
5192	43037	1
5193	43037	1
6301	43037	1
8391	43037	1
1430	43084	1
2331	43084	1
3841	43084	1
4111	43084	1
5892	43084	1
7038	43084	1
8671	43084	1
8708	43084	1
8865	43084	1
9144	43084	1
3474	43163	1
3700	43163	1
4684	43163	1
857	43187	1
5318	43187	1
8572	43221	1
255	43255	1
707	43255	1
4056	43255	1
4852	43255	1
6240	43255	1
7731	43255	1
8525	43255	1
9338	43255	1
1855	43301	1
2324	43301	1
5396	43301	1
7986	43301	1
8408	43301	1
8684	43301	1
4143	43347	1
1642	43374	1
3170	43374	1
4127	43374	1
4523	43374	1
6301	43374	1
9291	43374	1
3418	43380	1
4127	43380	1
4523	43380	1
6301	43380	1
9218	43380	1
4127	43385	1
4523	43385	1
6301	43385	1
8793	43385	1
6870	43466	1
8107	43466	1
9046	43466	1
9561	43466	1
2695	43485	1
830	43515	1
1267	43515	1
3915	43515	1
5153	43515	1
5226	43515	1
5276	43515	1
2917	43636	1
3045	43636	1
3933	43636	1
8227	43636	1
8944	43636	1
558	43676	1
2054	43676	1
3735	43678	1
4127	43678	1
4259	43678	1
9676	43678	1
4029	43689	1
7776	43747	2
2264	43754	1
3511	43754	1
5972	43754	1
6726	43754	1
7121	43754	1
9802	43754	2
4127	43756	1
4616	43756	1
5056	43756	1
5909	43756	1
9500	43756	1
1985	43783	1
3873	43783	1
5032	43783	1
1440	43795	1
3392	43795	1
4127	43795	1
8865	43795	1
828	43820	1
3568	43820	1
4414	43820	1
5267	43820	1
9613	43820	1
1478	43847	1
3677	43847	1
3797	43847	1
5344	43847	1
6711	43847	1
8114	43847	1
385	43866	1
719	43866	1
2734	43866	1
3440	43866	1
6651	43866	1
2074	43868	1
2696	43868	1
4127	43868	1
5200	43868	1
5854	43868	1
9500	43868	1
4008	43948	1
4087	43948	1
6619	43948	1
8462	43948	1
8865	43948	1
9660	43948	1
168	43963	1
1580	43963	1
4127	43963	1
4613	43963	1
8098	43963	1
8743	43963	1
8793	43963	1
3797	43976	1
4152	43976	1
8114	43976	1
9944	43976	1
87	43984	1
165	43984	1
258	43984	1
1642	43984	1
4127	43984	1
7471	43984	1
8865	43984	1
167	43999	1
9072	43999	1
828	44023	1
878	44023	1
1176	44023	1
3731	44023	1
3906	44023	1
5301	44023	1
5396	44023	1
878	44043	1
3774	44043	1
5502	44043	1
7621	44043	1
7929	44043	1
8798	44043	1
9763	44043	1
5181	44045	1
2630	44105	1
3340	44105	1
5608	44105	1
8249	44105	1
63	44141	1
828	44141	1
4028	44141	1
8969	44141	1
828	44158	1
1504	44158	2
3602	44158	1
3752	44158	1
6009	44158	1
6107	44158	1
8010	44158	2
8187	44158	1
4127	44188	1
4586	44188	1
4803	44188	1
5092	44188	1
6278	44188	1
9524	44188	1
833	44239	1
1118	44239	1
1469	44239	1
1835	44239	1
4260	44239	1
243	44259	1
1580	44259	1
3335	44259	1
3932	44259	1
6557	44259	1
7471	44259	1
9054	44259	1
4458	44260	1
8150	44260	1
8446	44260	1
9542	44260	1
9624	44260	1
1225	44300	1
1389	44300	1
2728	44300	2
6725	44300	1
7128	44300	1
7298	44300	1
7986	44300	1
8134	44300	1
8969	44300	1
3340	44334	1
4056	44334	1
4215	44334	1
4798	44334	1
6583	44334	1
8017	44334	1
9809	44334	1
5226	44504	1
8817	44504	1
4846	44515	1
5267	44515	1
6870	44528	1
8213	44528	1
9538	44528	1
878	44566	1
2917	44566	1
3501	44566	1
3658	44566	1
9608	44566	1
1656	44679	1
2294	44679	1
4645	44679	1
5307	44679	1
6937	44679	1
3259	44751	1
5520	44751	1
5591	44751	1
5783	44751	1
6562	44751	1
8038	44751	1
9448	44751	1
2384	44920	1
6959	44920	1
2695	44959	1
5153	45047	1
8684	45253	1
7454	45309	1
8879	45309	1
2380	45366	1
2863	45366	1
3589	45366	1
3658	45366	1
4318	45366	1
6619	45366	1
7353	45366	1
9042	45366	1
4798	45398	1
8865	45398	1
9915	45398	1
1118	45438	1
2071	45438	1
2138	45438	1
2522	45438	1
6009	45438	1
7454	45438	1
7621	45438	1
7638	45438	1
341	45473	1
1118	45473	1
1382	45473	1
2071	45473	1
2522	45473	1
5018	45473	1
6102	45473	1
7067	45473	1
7454	45473	1
7621	45473	1
8395	45473	1
8865	45473	1
4305	45498	1
7353	45498	1
7977	45498	1
9828	45498	1
6166	45562	1
9144	45562	1
3970	45604	1
4044	45604	1
8085	45604	1
5892	45617	2
6166	45617	1
8098	45617	1
9193	45617	1
9696	45617	1
726	45652	1
905	45652	1
3511	45652	1
4088	45652	1
6671	45652	1
7676	45652	1
8395	45652	1
557	45674	1
4088	45674	1
5226	45674	1
8085	45674	1
8213	45674	1
8684	45674	1
2593	45700	1
3822	45700	1
4259	45700	1
6700	45700	1
342	45722	1
557	45722	1
8085	45722	1
9637	45722	1
3034	45736	1
9757	45736	1
1168	45738	1
1835	45738	1
2617	45738	1
2744	45738	1
3735	45738	1
4111	45738	1
7520	45738	1
8587	45738	1
8793	45738	1
579	45752	1
3901	45752	1
4259	45752	1
5226	45752	1
8085	45752	1
341	45761	1
2616	45761	1
2881	45761	1
3711	45761	1
4862	45761	1
5018	45761	1
6113	45761	1
9538	45761	1
89	45773	1
613	45773	1
7011	45773	1
733	45787	1
4065	45787	1
5053	45787	1
6486	45787	1
8213	45787	1
8614	45787	1
9589	45787	1
5318	45788	1
8085	45788	1
8497	45788	1
9800	45788	1
184	45801	1
579	45801	1
1882	45801	1
1894	45801	1
2728	45801	1
5153	45801	1
5199	45801	1
6625	45801	1
8218	45801	1
2619	45818	1
2917	45818	1
3930	45818	1
5159	45818	1
5771	45818	1
5917	45818	1
7080	45818	1
3319	45837	1
3392	45837	1
4805	45837	1
5318	45837	1
5827	45837	1
4088	45842	1
5318	45842	2
8213	45842	1
6973	45845	1
7266	45845	1
7519	45845	1
2130	45852	1
5226	45852	1
5267	45852	1
8085	45852	1
8547	45852	1
1512	45908	1
3154	45908	1
3452	45908	1
8150	45908	1
8865	45908	1
89	45918	1
2973	45918	1
3487	45918	1
5267	45918	1
7266	45918	1
9798	45918	1
4031	45929	1
4127	45929	2
4906	45929	1
6430	45929	1
2477	45950	1
5267	45950	1
8085	45950	1
9800	45950	1
1854	45952	1
1894	45952	1
4660	45952	1
8150	45952	1
721	45960	1
3182	45960	1
3873	45960	1
5298	45960	1
6559	45960	1
9175	45960	1
3154	45998	1
3915	45998	1
5383	45998	1
5394	45998	1
7475	45998	1
1440	46005	1
3900	46005	1
3915	46005	1
5292	46005	1
7304	46005	1
8142	46005	1
9121	46005	1
7557	46019	1
9526	46019	1
9766	46019	2
3752	46021	1
436	46043	1
1902	46043	1
3045	46043	1
4259	46043	1
5318	46043	2
6166	46043	1
9538	46043	1
3428	46045	1
5267	46045	1
543	46056	1
976	46056	1
4147	46056	1
158	46090	1
3392	46090	1
8865	46090	1
694	46150	1
1225	46150	1
1843	46150	1
1905	46150	1
3485	46150	1
3836	46150	1
1504	46182	1
3511	46182	1
3900	46182	1
5234	46182	1
9054	46182	1
1350	46357	1
3636	46357	1
5808	46357	1
8703	46357	1
1351	46376	1
2440	46376	1
2630	46376	1
2917	46376	1
3292	46376	1
9473	46376	1
3514	46392	1
3900	46392	1
8885	46392	1
9054	46392	1
579	46521	1
646	46521	1
1267	46521	1
1350	46521	1
1440	46521	1
2059	46521	1
2340	46521	1
2436	46521	2
2448	46521	1
2937	46521	1
5292	46521	1
6859	46521	1
7266	46521	2
8732	46521	1
9040	46521	1
9699	46521	1
9764	46521	1
1331	46571	1
4846	46571	1
4963	46571	1
5267	46571	1
8806	46571	1
8810	46571	1
7365	46660	2
1406	46699	1
4127	46699	1
4523	46699	1
5618	46699	1
310	46750	1
1264	46750	1
5249	46750	1
976	46762	1
1629	46762	1
2760	46762	2
2973	46762	1
3294	46762	1
4458	46762	1
6059	46762	1
9669	46762	1
2477	46763	1
4846	46763	1
4963	46763	1
6725	46763	1
8351	46763	1
8806	46763	1
9996	46763	4
707	46777	1
1960	46777	1
2048	46777	1
2215	46777	1
2233	46777	1
3066	46777	1
3075	46777	1
3606	46777	1
3834	46777	1
6285	46777	1
6902	46777	1
6911	46777	1
6920	46777	1
7128	46777	1
7523	46777	1
8449	46777	1
9538	46777	1
9630	46777	1
2578	46831	1
3215	46831	1
4268	46831	1
6787	46831	1
7612	46831	1
9529	46831	1
1892	46868	1
3511	46868	1
7166	46868	1
7186	46868	1
7447	46868	1
8032	46868	1
63	46932	1
1892	46932	1
3606	46932	1
4223	46932	1
4524	46932	1
5430	46932	1
6927	46932	1
4846	46935	1
4963	46935	1
5267	46935	1
6894	46935	1
9526	46935	1
341	46940	1
1679	46940	1
2446	46940	1
5892	46940	1
1749	46984	1
4846	46984	1
4963	46984	1
5267	46984	1
1382	47022	1
4846	47022	1
4963	47022	1
5267	47022	1
9801	47022	2
3735	47025	1
4184	47025	1
8218	47025	1
704	47276	1
8920	47276	1
4846	47521	1
4963	47521	1
8380	47521	1
4220	47578	1
8625	47578	1
9201	47578	1
324	47873	1
3392	47873	1
3881	47873	1
4846	47873	1
4963	47873	1
5267	47873	1
557	47896	1
763	47934	1
1267	47934	1
2997	47934	1
3384	47934	1
4846	47934	1
4963	47934	1
8033	47934	1
8213	47934	1
8701	47934	1
9394	47934	1
9632	47934	1
1077	47976	1
3287	47976	1
3836	47976	1
4017	47976	1
4123	47976	1
7854	47976	2
8217	47976	1
3501	48031	1
2864	48038	1
7266	48038	1
7519	48038	1
9098	48045	1
26	48069	1
2933	48069	1
3066	48069	1
9669	48069	1
9694	48069	1
63	48078	1
360	48078	1
1602	48078	1
2526	48078	1
2864	48078	1
7264	48078	1
5318	48093	1
4633	48101	1
5267	48101	1
8718	48101	1
9526	48101	1
3735	48155	1
3984	48155	1
3998	48155	1
9926	48155	1
535	48165	1
1381	48165	1
3087	48165	1
3735	48165	1
7986	48165	1
8624	48165	1
9165	48165	1
3984	48176	1
8445	48176	1
122	48196	1
2546	48196	1
3984	48196	1
5267	48196	2
5843	48196	1
2036	48235	1
2297	48235	2
4056	48235	1
4127	48235	1
4783	48235	1
4852	48235	1
4877	48235	1
7581	48235	1
535	48250	1
2176	48250	2
2789	48250	1
3091	48250	1
3349	48250	1
5267	48250	1
6106	48250	1
7986	48250	1
8865	48250	1
9165	48250	1
537	48285	1
8635	48285	1
8684	48285	1
9526	48285	1
1245	48310	1
3970	48310	1
4056	48310	1
5194	48310	1
5862	48310	1
7563	48310	1
8969	48342	1
8969	48347	1
8987	48347	1
9584	48347	1
1832	48371	1
4846	48371	1
4963	48371	1
8865	48371	1
758	48462	1
4117	48462	1
5226	48462	1
6700	48462	1
8380	48462	1
9275	48462	1
9784	48462	1
9890	48462	1
9926	48462	1
5226	48493	1
5267	48493	1
8391	48493	1
9054	48493	1
9974	48493	1
534	48528	1
5267	48528	1
2061	48559	1
3006	48559	1
4127	48559	1
9010	48559	1
1382	48574	1
1832	48574	1
1937	48574	1
3095	48574	1
4846	48574	1
4963	48574	1
5267	48574	1
8380	48574	1
8684	48574	1
385	48588	1
579	48588	1
6700	48588	1
7948	48588	1
4846	48661	1
4963	48661	1
5267	48661	1
9526	48661	1
2924	48717	1
3822	48717	1
5382	48717	1
5854	48717	1
3735	48780	1
5836	48780	1
7178	48780	1
8246	48780	1
9895	48780	1
3075	48972	1
3340	48972	1
4272	48972	1
5267	48972	1
9193	48972	1
1689	48981	1
7563	48981	1
8445	48981	2
8162	48994	1
8116	49012	2
758	49022	1
1267	49022	1
1787	49022	1
2324	49022	1
4425	49022	1
5794	49022	1
6700	49022	1
6768	49022	1
6959	49022	1
8806	49022	1
3658	49041	1
4425	49041	1
5267	49041	1
8806	49041	1
9245	49041	1
9584	49041	1
3040	49050	1
5318	49050	1
826	49084	1
8130	49084	1
5352	49247	1
1331	49253	1
1758	49253	1
2284	49253	1
2446	49253	1
8130	49253	1
1995	49265	1
6953	49265	1
8250	49265	1
136	49277	1
2330	49277	1
5768	49277	1
7356	49277	1
8276	49277	1
9117	49277	1
9493	49277	1
1199	49283	1
2543	49283	1
5866	49283	1
8293	49283	1
5352	49294	1
2023	49319	1
4660	49319	1
8662	49319	1
1267	49349	1
6593	49349	1
6848	49349	1
7563	49349	1
8426	49349	1
9106	49349	1
2484	49424	1
3984	49424	1
4127	49424	1
6304	49424	1
8192	49424	1
5489	49473	1
8995	49473	1
3902	49492	2
3984	49492	1
5267	49492	1
6304	49492	1
7266	49492	1
8865	49492	1
8879	49492	1
3898	49501	1
8624	49501	1
8759	49501	1
1658	49524	1
3075	49524	1
8865	49524	1
9193	49524	1
9559	49524	1
3196	49551	1
5267	49551	1
7072	49551	1
6304	49579	1
2212	49597	1
3915	49597	1
8218	49597	1
8441	49597	1
893	49616	1
1658	49616	1
1835	49616	1
8661	49616	1
9526	49616	1
9559	49616	1
5344	49627	2
3898	49691	1
8442	49691	1
8759	49691	1
9526	49691	1
793	49695	1
1642	49695	1
3291	49695	1
3984	49695	1
7896	49695	1
893	49752	1
1118	49752	1
1658	49752	1
2212	49752	1
3735	49752	1
3915	49752	1
8441	49752	1
8661	49752	1
9423	49752	2
9559	49752	1
1132	49784	1
8969	49784	1
826	49807	1
3501	49807	1
4127	49807	1
9890	49807	1
6952	49824	2
535	49833	1
5267	49833	1
6952	49833	1
7266	49833	1
7519	49833	1
8210	49833	1
8865	49833	1
1937	49843	1
5768	49843	1
6870	49843	1
8910	49843	1
535	49918	1
5877	49918	1
1707	49947	1
2270	49947	1
2284	49947	1
4396	49947	1
7297	49947	1
8196	49947	1
9201	49947	1
4127	49958	1
5267	49958	1
7563	49958	1
5267	49970	1
8250	49970	1
9526	49970	1
8624	49971	1
3873	50022	1
4184	50022	1
9669	50022	1
5576	50049	1
5939	50049	1
6924	50049	1
7756	50049	1
9019	50049	1
3501	50256	1
5318	50256	1
3915	50333	1
5877	50333	1
7691	50333	1
8865	50333	1
8912	50333	1
7071	50422	1
7621	50422	1
2917	50486	1
5181	50486	1
9633	50486	1
1000	50533	1
7272	50533	1
8757	50533	1
2351	50562	1
5748	50562	1
257	50606	1
3912	50606	1
2483	50654	1
6472	50654	1
9766	50654	1
1350	50722	1
3554	50722	1
4882	50722	1
5713	50722	1
8921	50722	1
4127	50750	1
4523	50750	2
5192	50750	1
5193	50750	1
6301	50750	1
8337	50750	1
8391	50750	1
2219	50846	1
3900	50846	1
4017	50846	1
4056	50846	1
4973	50846	1
5365	50846	1
7638	50846	1
4523	50973	1
7166	50973	1
7243	50973	1
8010	50973	1
8252	50973	1
3568	51108	1
3774	51108	1
6304	51108	1
9079	51108	1
828	51113	1
1045	51113	1
8144	51113	1
8217	51113	1
8227	51113	1
2867	51145	1
3602	51145	1
4127	51145	1
5434	51145	1
7181	51145	1
8865	51145	2
9669	51145	1
9764	51145	1
2931	51155	1
3335	51155	1
5434	51155	1
9561	51155	1
217	51186	1
2351	51186	1
4301	51186	1
5253	51186	1
5280	51186	1
7811	51186	1
1512	51246	1
4356	51246	1
5318	51246	1
6166	51246	1
7561	51246	1
5267	51269	1
1937	51275	1
4127	51275	1
5074	51275	1
8488	51275	1
8865	51275	3
1031	51311	1
2763	51311	1
3635	51311	1
4408	51311	1
6399	51311	1
7486	51311	1
36	51333	2
3635	51333	1
4896	51333	1
5677	51333	1
8279	51333	1
9526	51333	1
3511	51344	1
4060	51344	1
5632	51344	1
5677	51344	1
5854	51344	2
8279	51344	1
1642	51356	1
1522	51362	1
3731	51362	1
9625	51362	1
826	51370	1
988	51370	1
1504	51370	1
1650	51370	1
6711	51370	1
8246	51370	1
8446	51370	1
2074	51405	1
3294	51405	1
4223	51405	1
5632	51405	2
2059	51420	1
3763	51420	1
862	51457	1
3836	51457	1
4127	51457	1
5029	51457	1
6067	51457	1
1095	51461	1
2484	51461	1
3077	51461	1
8217	51461	1
9420	51461	1
4262	51548	1
6940	51548	1
5194	51579	1
5267	51579	2
7561	51579	1
7966	51579	1
7977	51579	1
9445	51579	1
1368	51627	1
2540	51627	1
3511	51627	1
3900	51627	1
4895	51627	1
6618	51627	1
4127	51676	1
4864	51676	1
5348	51676	1
5632	51676	1
7067	51676	1
8213	51676	1
9526	51676	1
1408	51717	1
2120	51717	1
3524	51717	1
4127	51717	1
5149	51717	1
7166	51717	1
8144	51717	1
9500	51717	1
2672	51751	1
3335	51751	1
6266	51751	1
6384	51751	1
7861	51751	1
8042	51751	1
8535	51751	1
8865	51751	1
862	51847	1
1434	51847	1
5068	51847	1
4127	52018	1
7078	52018	1
9500	52018	3
2939	52216	1
3401	52216	1
4127	52216	1
7425	52216	1
8144	52216	1
2750	52241	1
8430	52241	1
1118	52306	1
5548	52306	1
8380	52306	1
8430	52306	1
8865	52306	1
9538	52306	1
726	52509	1
1440	52509	1
1892	52509	1
3081	52509	1
4127	52509	1
4435	52509	1
4861	52509	1
5352	52509	1
7266	52509	1
1331	52529	1
1616	52529	1
1617	52529	1
4127	52529	1
4523	52529	2
4642	52529	2
5617	52529	1
6301	52529	2
6549	52529	1
9180	52529	1
9565	52529	1
4518	52566	1
5144	52566	1
6700	52566	1
7128	52566	1
893	52682	1
1434	52682	1
2298	52682	1
4906	52682	1
5068	52682	1
6140	52682	1
8661	52682	1
9589	52682	1
5883	52711	1
893	52734	1
5267	52734	1
6861	52734	1
7986	52734	1
8358	52734	1
8380	52734	1
8661	52734	1
9571	52734	1
3109	52763	1
4127	52763	1
4523	52763	1
6301	52763	1
6849	52763	1
5267	52772	1
2130	52792	1
5513	52792	1
5877	52792	1
5922	52792	1
7027	52792	1
2328	52794	1
3182	52794	1
4152	52794	1
1642	52800	1
2690	52800	1
4127	52800	1
5972	52800	1
6264	52800	1
3501	52812	1
3930	52812	1
5267	52812	1
742	52824	1
1014	52824	1
4127	52824	1
8679	52824	1
893	52826	1
1118	52826	1
5267	52826	1
8380	52826	1
8661	52826	1
1730	52849	1
2448	52849	1
2543	52849	1
3142	52849	1
3257	52849	1
5647	52849	1
6626	52849	1
7409	52849	1
7708	52849	1
9763	52849	1
9926	52849	1
613	53038	1
3752	53038	1
4395	53038	1
5632	53038	1
6375	53038	1
6991	53038	1
8408	53038	1
9538	53038	1
3821	53124	1
8969	53188	1
158	53199	2
5332	53199	1
6876	53199	1
6982	53199	1
9467	53199	1
3852	53274	1
6870	53274	1
5382	53317	1
6557	53317	1
9716	53317	1
3012	53319	1
8380	53319	1
8430	53319	1
8879	53319	1
3136	53340	1
3558	53340	1
3752	53340	1
4286	53340	1
4414	53340	1
4441	53340	1
6394	53340	1
8122	53340	1
8796	53340	1
9291	53340	1
1580	53555	1
3764	53555	1
8467	53555	1
8684	53555	1
9054	53555	1
1580	53576	1
1703	53725	1
3012	53725	1
3735	53725	1
5267	53725	1
5548	53725	1
6923	53725	1
9348	53725	1
9589	53725	1
4127	53823	1
4523	53823	1
5943	53823	1
6301	53823	1
8351	53823	1
8533	53823	1
1331	53825	1
7980	53825	1
9669	53825	1
4281	53895	1
4423	53895	1
6109	53895	1
8494	53895	2
1703	53907	1
2750	53907	1
5267	53907	1
9348	53907	1
672	53911	1
1382	53911	1
2743	53911	1
3018	53911	1
3608	53911	1
4382	53911	1
4441	53911	1
5080	53911	1
6363	53911	1
6247	53928	1
6799	53928	1
4127	53933	1
3060	53954	1
6362	53958	1
6363	53958	1
9526	53958	1
518	53971	1
2049	53971	1
3774	53971	1
7971	53971	1
8552	53971	1
5794	54009	1
4017	54057	1
5267	54057	1
5396	54057	1
8122	54057	1
9669	54057	1
857	54070	1
3087	54070	1
3763	54070	1
3822	54070	1
5092	54070	1
5794	54070	1
7248	54070	1
9985	54070	1
3009	54088	1
3970	54088	1
4127	54088	1
4229	54088	1
4487	54088	1
7471	54088	1
9421	54088	1
9588	54088	1
9699	54088	1
2155	54114	1
7986	54114	1
9396	54114	1
758	54372	1
2691	54372	1
4127	54372	1
4685	54372	1
5318	54372	1
5681	54372	1
8145	54372	1
9526	54372	1
2896	54446	1
5318	54446	1
6304	54446	1
7887	54446	1
9468	54446	1
488	54472	1
3302	54472	1
4403	54472	1
5576	54472	1
6304	54472	1
8449	54472	1
488	54555	1
2183	54555	1
3302	54555	1
4127	54555	1
4403	54555	1
5576	54555	1
8449	54555	1
9508	54555	1
979	54563	1
1448	54563	1
4127	54563	1
7158	54563	1
7512	54563	1
8865	54563	1
9858	54563	1
2929	54616	1
3142	54616	1
3280	54616	1
4105	54616	1
4111	54616	1
4963	54616	1
5836	54616	3
9396	54616	1
9538	54616	1
1019	54628	1
2477	54628	1
3474	54628	1
5183	54628	1
6146	54628	1
6590	54628	1
9926	54628	1
4223	54648	1
4968	54648	1
7011	54648	1
9438	54648	1
141	54665	1
1835	54665	1
6297	54665	1
6590	54665	1
8767	54665	1
9526	54665	1
677	54683	1
1702	54683	1
1736	54683	1
3784	54683	1
8408	54683	1
2546	54685	1
3602	54685	1
6700	54685	1
8162	54685	1
8449	54685	1
8806	54685	1
611	54691	1
133	54711	1
3821	54711	1
5766	54711	1
489	54739	1
1632	54739	1
1859	54739	1
2445	54739	1
4142	54739	1
5768	54739	1
5890	54739	1
7407	54739	1
7776	54739	1
8373	54739	1
8978	54739	1
1398	54744	1
3034	54744	1
5267	54744	1
9201	54744	1
2663	54752	1
6998	54752	1
9825	54752	1
7789	54778	1
9291	54778	1
2088	54792	1
3691	54792	1
4968	54792	1
7266	54792	1
2088	54836	1
2931	54836	1
8054	54836	1
1398	54873	1
5267	54873	1
8351	54873	1
3923	54875	1
1038	54897	1
2088	54897	1
2853	54897	1
3091	54897	1
3836	54897	1
6458	54897	1
8060	54897	1
112	54905	2
558	54905	1
1240	54905	1
2088	54905	1
2878	54943	1
3774	54943	1
9625	54943	1
1504	54963	1
3182	54963	1
3711	54963	1
4846	54963	1
7621	54963	1
9242	54963	1
7304	54979	1
4846	55072	1
6848	55072	1
9526	55072	1
1012	55290	1
1437	55290	1
3384	55290	2
6949	55290	1
1921	55336	1
6982	55336	1
7090	55336	1
8054	55336	1
8363	55336	1
9065	55336	1
9201	55336	1
112	55355	3
558	55355	2
1240	55355	1
112	55363	1
2330	55363	1
6661	55363	1
3984	55391	2
5332	55391	1
5334	55391	1
8079	55391	1
5318	55410	1
2791	55482	1
4127	55482	1
6768	55482	1
6794	55482	1
8865	55482	1
9175	55482	1
3822	55485	1
6166	55485	1
6251	55485	1
8218	55485	1
8558	55485	1
1580	55501	1
2088	55501	1
2853	55501	1
3752	55501	1
5183	55501	1
5303	55501	1
2564	55538	1
5267	55538	1
6768	55538	1
6794	55538	1
6894	55538	1
8887	55538	1
9526	55538	1
1132	55562	1
1406	55562	1
4127	55562	1
6301	55562	1
10018	55562	1
57	55575	1
441	55575	1
4127	55575	1
4985	55575	1
5763	55575	1
441	55614	1
4127	55614	1
4985	55614	1
9658	55614	1
828	55653	1
1322	55653	1
1561	55653	1
1777	55653	1
4127	55653	1
5267	55653	1
7621	55653	1
441	55669	1
1515	55669	1
4127	55669	1
4985	55669	1
5763	55669	1
1398	55740	1
5267	55740	1
9010	55741	1
9394	55741	1
138	55755	1
471	55755	1
5116	55755	1
6661	55755	1
8449	55755	1
9800	55755	1
2049	55798	1
9526	55798	1
1132	55828	1
4127	55828	1
5110	55828	1
6301	55828	1
6785	55828	1
6849	55828	1
3501	56123	1
4511	56123	1
6998	56123	1
7621	56123	1
4127	56192	1
5708	56192	1
7204	56192	1
7986	56192	1
740	56254	1
1066	56254	1
1669	56254	1
6651	56254	1
556	56395	1
1642	56395	1
1913	56395	1
3389	56395	1
4127	56395	1
4523	56395	1
5316	56395	1
6301	56395	1
412	56455	1
1637	56455	1
2990	56455	1
4127	56455	2
6278	56455	1
8395	56455	1
8482	56455	1
9148	56455	1
9474	56455	1
417	56679	1
2746	56679	1
3294	56679	1
5284	56679	1
6713	56679	1
7204	56679	1
7608	56679	1
7986	56679	1
1739	56683	1
7986	56688	1
8380	56688	1
8925	56688	1
3652	56712	1
8969	56712	1
1017	56714	1
4127	56714	1
5939	56714	1
9500	56714	1
915	56717	1
4127	56717	1
4875	56717	1
7513	56717	1
535	56768	1
1937	56768	1
4223	56768	1
138	56778	1
952	56778	1
1398	56778	1
4017	56778	1
8879	56778	1
9526	56778	1
1783	56788	1
7071	56788	1
9916	56788	1
99	56802	1
527	56802	1
2878	56802	1
4127	56802	1
5052	56802	1
5921	56802	1
6304	56802	1
3822	56813	1
4259	56813	1
63	56833	1
1780	56833	1
9500	56833	1
1398	56871	1
1469	56871	1
3881	56871	1
4017	56871	1
4259	56871	1
9338	56871	1
1293	56885	1
4932	56885	1
6161	56885	1
1512	56979	1
3392	56979	1
8995	56979	1
9561	56979	1
9589	56979	1
9756	56979	1
2117	57015	1
2616	57015	1
3873	57015	1
535	57028	1
5199	57028	1
6608	57028	1
5318	57090	1
9763	57090	1
359	57123	1
3735	57123	1
4071	57123	1
6360	57123	1
7216	57123	1
7251	57123	1
9998	57123	1
171	57172	1
6199	57172	1
8710	57172	1
184	57190	1
2540	57190	1
4127	57190	1
6362	57190	1
6415	57190	1
6962	57190	1
9669	57190	1
1745	57191	1
7128	57191	1
8930	57191	2
9193	57191	1
4127	57213	1
4631	57213	1
6769	57213	1
6941	57213	1
8006	57213	1
3763	57269	1
1165	57300	1
4127	57300	1
10000	57300	1
1937	57323	1
3812	57323	1
4149	57323	1
6166	57323	1
7269	57323	1
114	57337	1
2445	57337	1
3034	57337	1
4162	57337	1
6051	57348	1
7621	57348	1
8879	57348	1
9546	57348	1
9808	57348	1
878	57356	1
1267	57356	1
1331	57356	1
3568	57356	1
4113	57356	1
6362	57356	1
862	57389	1
4071	57389	1
4127	57389	1
6676	57389	1
8476	57389	1
8673	57389	1
295	57394	1
4127	57394	1
1178	57398	1
1213	57398	1
1469	57398	1
2048	57398	1
3970	57398	1
5351	57398	1
9526	57398	1
4351	57402	1
9611	57402	1
9653	57402	1
9808	57418	1
9997	57418	1
171	57434	1
2630	57434	1
4259	57434	1
5267	57434	1
6199	57434	1
7251	57434	1
7759	57434	1
9532	57434	1
5296	57437	1
7117	57437	1
8865	57437	1
9611	57437	1
3291	57443	1
5226	57443	1
5396	57443	1
6166	57443	1
4127	57450	1
8899	57450	1
572	57498	1
4829	57498	1
1278	57503	1
3006	57503	1
8218	57503	1
2531	57506	1
3524	57506	1
9591	57506	1
2513	57539	1
3294	57539	1
4223	57539	1
5199	57539	1
5441	57539	1
7528	57539	1
8684	57539	1
2130	57625	1
2212	57625	1
2351	57625	1
4466	57625	1
5153	57625	1
5280	57625	1
8074	57625	1
3182	57635	1
4366	57635	1
6859	57653	1
8449	57653	1
9500	57653	1
1593	57654	1
3284	57654	1
4028	57654	1
6718	57654	1
8408	57654	1
9766	57654	1
4070	57675	1
4220	57675	1
905	57681	1
4136	57681	1
5854	57681	1
3821	57686	1
4846	57712	1
4963	57712	1
5247	57712	1
108	57713	1
303	57713	1
2294	57713	1
6825	57713	1
7856	57713	1
4321	57723	1
5856	57723	1
1331	57740	1
2130	57740	1
2902	57740	1
3602	57740	1
3743	57740	1
3806	57740	1
4127	57740	1
5304	57740	1
8865	57740	1
8887	57740	1
9526	57740	1
2102	57749	1
4846	57859	1
4963	57859	1
6725	57859	1
6859	57859	1
9175	57859	1
9825	57859	1
4846	57886	1
4963	57886	1
5267	57886	1
4846	57902	1
4963	57902	1
723	57915	1
1689	57915	1
3658	57915	1
5618	57915	1
8163	57915	1
8739	57915	1
8865	57915	1
2648	57916	1
3939	57916	1
1749	57922	1
9669	57922	1
1689	57939	1
4127	57939	1
3064	57948	1
4127	57948	1
4523	57948	2
6301	57948	2
4127	57952	1
6301	57952	1
7166	57952	1
1737	57964	1
1985	57964	1
5008	57964	2
6565	57964	1
6768	57964	1
9201	57964	1
9669	57964	1
2723	57979	1
3287	57979	1
4846	57979	1
4963	57979	1
8229	57979	1
9193	57979	1
9526	57979	1
4127	57984	1
4523	57984	2
5192	57984	1
5193	57984	1
6301	57984	1
8391	57984	1
4846	58016	1
4963	58016	1
5267	58016	1
1834	58050	1
2937	58066	1
4846	58066	1
4963	58066	1
171	58070	1
5267	58070	1
6199	58070	1
6579	58070	1
7761	58070	1
2440	58072	1
9394	58072	1
1734	58084	1
2172	58084	1
3714	58084	1
4456	58084	1
4515	58084	1
6725	58084	1
8551	58084	1
1005	58130	1
3808	58130	1
5226	58130	1
8865	58130	1
8995	58130	1
56	58143	1
3693	58143	1
4846	58143	1
4896	58143	1
4963	58143	1
738	58218	1
3155	58218	1
3752	58218	1
4071	58218	1
6492	58218	1
7809	58218	1
9474	58218	1
4651	58233	1
4056	58235	1
1382	58284	1
2074	58284	1
2212	58284	1
2695	58284	1
6619	58284	1
6992	58284	1
8995	58284	1
1774	58313	1
2995	58313	1
3873	58314	1
5071	58314	1
5086	58314	1
6119	58314	1
9315	58314	1
2323	58383	1
5909	58383	1
9301	58383	1
9526	58383	1
5349	58463	1
7172	58463	1
8351	58463	1
4088	58489	1
4259	58489	1
456	58496	1
1066	58496	1
1145	58496	1
2448	58496	1
4056	58496	1
6584	58496	1
8042	58496	1
8562	58496	1
1478	58535	1
2049	58535	2
8190	58539	3
1204	58603	1
1478	58603	1
1505	58603	1
1031	58618	1
3735	58618	1
7321	58618	1
1031	58628	1
4088	58628	1
5921	58628	1
9078	58628	1
915	58645	1
3752	58645	1
4088	58645	1
5077	58645	1
9078	58645	1
10000	58645	1
1031	58685	1
3091	58685	1
5153	58685	1
5181	58685	1
6642	58685	1
6787	58685	1
7128	58685	1
1619	58704	1
2865	58704	1
3602	58704	1
3900	58704	1
5267	58704	2
6239	58704	1
7966	58704	1
8865	58704	1
9890	58704	1
5318	58711	1
171	58714	1
5267	58714	1
6199	58714	1
2865	58744	1
3735	58744	1
6367	58744	1
8142	58744	1
8213	58744	1
8431	58744	1
4127	58754	1
4523	58754	1
3548	58796	1
4054	58796	1
4127	58796	1
4649	58796	1
5576	58796	1
6327	58796	1
7709	58796	1
9526	58796	1
2023	58851	3
3047	58851	1
6269	58851	1
7986	58851	1
9175	58851	1
9608	58851	1
5233	58881	1
8246	58881	1
826	58961	1
2135	58961	1
5677	58961	1
5802	58961	1
6787	58961	1
384	58991	1
3266	58991	1
4846	58991	1
5460	58991	1
408	58993	1
2616	58993	1
4127	58993	1
4523	58993	2
4940	58993	1
5192	58993	1
5262	58993	1
5892	58993	1
6304	58993	1
8391	58993	2
9054	58993	1
3041	59002	1
3077	59002	1
4127	59002	1
5318	59002	1
6735	59002	1
8479	59002	1
8717	59002	1
9738	59002	1
5318	59019	1
6489	59019	1
1780	59047	1
4653	59053	1
4599	59104	1
7072	59104	1
8865	59104	1
25	59109	1
1466	59109	1
6416	59109	1
7009	59109	1
8684	59109	1
9561	59109	1
353	59153	1
2426	59153	1
2814	59153	1
5233	59153	1
6716	59153	1
9589	59153	1
1434	59162	1
2944	59162	1
6618	59162	1
7346	59162	1
7759	59162	1
353	59167	1
6716	59167	1
5181	59185	1
6787	59185	1
7897	59185	1
9526	59185	1
6269	59192	1
6949	59192	1
9669	59192	1
4846	59194	1
5460	59194	1
8879	59194	1
1745	59202	1
5921	59202	1
6099	59202	1
6465	59202	1
8449	59202	1
8624	59202	1
101	59204	1
557	59204	1
5226	59204	1
9330	59204	1
5280	59225	1
7634	59225	1
7998	59225	1
8449	59225	1
5280	59241	1
7819	59241	1
4412	59260	1
6807	59260	1
8425	59260	1
2502	59269	1
3232	59269	1
5267	59269	1
5877	59269	1
6669	59269	1
6716	59269	1
6982	59269	1
9045	59269	1
9526	59269	1
353	59279	1
2502	59279	1
8865	59279	1
925	59315	1
5559	59315	1
8865	59315	1
9625	59315	2
518	59321	1
3140	59321	1
1357	59322	1
2864	59322	1
3735	59322	1
5181	59322	1
6787	59322	1
9526	59322	1
5280	59343	1
9526	59343	1
1038	59377	1
3501	59377	1
6269	59377	1
8060	59377	1
9448	59377	1
9610	59377	1
9825	59377	1
171	59392	1
6099	59392	1
6199	59392	1
6700	59392	1
4259	59400	1
4419	59400	1
5267	59400	1
9620	59400	1
1958	59422	1
3034	59422	1
3092	59422	1
3693	59422	1
3038	59443	1
6269	59443	1
5280	59457	1
8098	59457	1
5267	59502	1
6998	59512	1
1783	59536	1
4811	59536	1
5939	59536	1
7966	59536	1
3881	59562	1
4127	59562	1
4896	59562	1
5153	59562	1
5226	59562	1
5877	59562	1
8865	59562	1
6269	59567	1
5280	59615	1
243	59624	1
1245	59624	1
2468	59624	1
2619	59624	1
5163	59624	1
6834	59624	1
7621	59624	1
9803	59624	1
5280	59642	1
5153	59701	1
5160	59701	1
5280	59701	1
8072	59701	1
8090	59701	1
2468	59718	1
4653	59718	1
6591	59718	1
6834	59718	1
8213	59718	1
9803	59718	1
3142	59726	1
4127	59726	1
8614	59726	1
3006	59770	2
8268	59770	1
8529	59770	1
8865	59770	1
