2446	50	1
3925	50	1
6009	50	1
6256	50	1
8122	50	1
8380	50	1
62	61	1
3092	61	1
8041	61	1
8053	61	1
9870	61	1
5267	71	1
9699	71	1
9925	71	1
768	133	1
3392	133	1
4102	133	1
6149	133	1
9526	133	1
9976	133	1
4127	203	2
4870	203	1
6074	203	1
6458	203	1
7543	203	1
8051	203	1
726	244	1
3900	244	1
4127	244	2
4870	244	1
5187	244	1
6074	244	1
7543	244	1
8051	244	1
3615	387	1
7284	387	1
9648	387	1
4166	692	1
6861	692	1
4127	844	1
5316	844	1
5558	844	1
3392	1091	1
6894	1091	1
8143	1091	1
733	1125	1
1267	1125	1
4127	1125	1
3100	1355	1
7603	1355	1
8865	1355	1
9813	1355	1
3998	1379	1
4669	1379	1
6653	1434	1
6870	1434	1
9589	1446	1
5829	1479	1
7046	1479	1
3266	1502	1
9716	1507	1
1689	1535	1
9727	1535	1
2130	1654	3
2648	1654	2
3752	1654	1
4088	1654	1
7932	1654	1
8213	1654	1
9526	1654	1
9716	1654	1
2130	1658	1
2745	1658	1
4292	1658	1
883	1689	1
4536	1689	1
33	1879	1
3693	1879	1
9394	1879	1
3566	1917	1
4699	1917	1
6700	1917	1
5116	2101	1
8969	2101	1
9526	2101	1
1451	2176	1
3568	2176	1
7416	2176	1
8380	2176	1
8852	2176	1
883	2217	1
3584	2217	1
1638	2245	1
3821	2245	1
8246	2245	1
4034	2351	2
4127	2351	1
4198	2351	1
5077	2351	1
5318	2351	1
8865	2351	1
9546	2351	1
883	2487	1
2211	2487	2
5208	2487	1
6700	2487	1
3359	2517	1
7543	2517	2
6654	2779	1
6799	2779	1
3381	3115	1
4127	3115	1
4973	3115	1
5874	3115	1
7621	3115	1
7913	3115	1
8329	3115	1
9500	3115	2
4169	3203	1
5553	3203	1
6843	3203	1
1469	3230	1
3836	3230	1
4127	3230	1
4227	3230	1
4737	3230	1
9445	3230	1
9935	3230	1
1469	3239	1
3836	3239	1
4127	3239	1
4227	3239	1
4737	3239	1
9445	3239	1
9935	3239	1
1469	3241	1
3836	3241	1
4127	3241	1
4227	3241	1
4737	3241	1
9445	3241	1
9935	3241	1
1469	3255	1
3836	3255	1
4127	3255	1
4227	3255	1
4737	3255	1
9445	3255	1
9935	3255	1
6146	3272	1
6998	3272	1
883	3284	1
5673	3284	1
6955	3284	1
9030	3284	1
9128	3284	1
9526	3284	1
248	3352	1
883	3352	1
7482	3352	1
9153	3352	1
9942	3352	1
2136	3407	1
2587	3407	1
883	3409	1
8497	3409	1
9763	3409	1
1132	3447	1
1038	3470	1
4127	3470	1
6043	3470	1
6785	3470	1
7480	3470	1
1107	3497	1
7824	3497	1
2024	3500	2
2513	3500	1
3309	3500	1
5344	3500	2
5434	3500	1
9201	3500	1
5318	3620	1
7968	3620	1
883	3693	1
4800	3693	1
7880	3693	1
9944	3693	1
248	3713	1
7482	3713	1
7715	3713	1
8218	3713	1
2861	3721	1
9890	3721	1
883	3740	1
1225	3740	1
2861	3740	1
7368	3740	1
8042	3740	1
8865	3740	1
9561	3740	1
9945	3740	1
4852	3777	1
5318	3777	1
6713	3777	1
7880	3777	1
8865	3777	1
883	3790	1
4800	3790	1
4852	3790	1
7880	3790	1
4852	3797	1
5318	3797	1
6959	3797	1
9165	3797	1
9589	3797	1
4897	3881	1
38	3968	1
726	3968	1
878	3968	1
3501	3968	1
5460	3968	1
7543	3968	1
8227	3968	1
9764	3968	1
341	4055	1
579	4055	1
1656	4055	1
2540	4055	1
3034	4055	1
4897	4055	1
5267	4055	1
8927	4055	1
958	4082	1
3752	4082	1
4915	4082	1
5659	4082	1
9649	4082	1
2209	4099	1
2550	4099	1
2550	4129	1
1933	4182	1
5318	4182	1
6825	4182	1
1469	4301	1
3836	4301	1
4127	4301	1
4227	4301	1
4737	4301	1
9445	4301	1
9935	4301	1
1469	4305	1
3836	4305	1
4127	4305	1
4227	4305	1
4737	4305	1
9445	4305	1
9935	4305	1
1469	4315	1
3836	4315	1
4127	4315	1
4227	4315	1
4737	4315	1
9445	4315	1
9935	4315	1
1469	4318	1
3836	4318	1
4127	4318	1
4227	4318	1
4737	4318	1
9445	4318	1
9935	4318	1
1469	4332	1
3836	4332	1
4127	4332	1
4227	4332	1
4737	4332	1
9445	4332	1
9935	4332	1
1469	4336	1
3836	4336	1
4127	4336	1
4227	4336	1
4737	4336	1
5438	4336	1
9445	4336	1
9935	4336	1
1469	4344	1
3836	4344	1
4127	4344	1
4227	4344	1
4737	4344	1
9445	4344	1
9935	4344	1
4852	4371	1
5267	4371	1
991	4404	1
6166	4404	1
8536	4404	1
8562	4404	1
883	4563	1
2540	4563	1
3535	4563	1
4102	4563	1
4603	4563	1
6651	4563	1
9924	4563	1
9985	4585	1
9669	4843	1
883	4916	1
3773	4916	1
7166	4916	1
883	4950	1
8865	4950	1
826	5093	1
1132	5093	1
2773	5093	1
3822	5093	1
4305	5093	1
4963	5093	1
804	5291	1
883	5291	1
971	5291	1
1067	5291	1
1394	5291	1
1818	5291	1
3524	5291	1
991	5307	1
1152	5307	1
3511	5343	1
3925	5343	1
4603	5343	1
8017	5343	1
202	5364	1
883	5364	1
8148	5364	1
9813	5364	1
1469	5372	1
3836	5372	1
4127	5372	1
4227	5372	1
4737	5372	1
9445	5372	1
9935	5372	1
1469	5399	1
3836	5399	1
4127	5399	1
4227	5399	1
4737	5399	1
9445	5399	1
9935	5399	1
1469	5410	1
3836	5410	1
4127	5410	1
4227	5410	1
4737	5410	1
9445	5410	1
9935	5410	1
1469	5423	1
3836	5423	1
4127	5423	1
4227	5423	1
4737	5423	1
9445	5423	1
9935	5423	1
826	5429	1
883	5429	1
958	5429	1
6525	5429	1
9493	5429	1
1469	5430	1
3836	5430	1
4127	5430	1
4227	5430	1
4737	5430	1
9445	5430	1
9935	5430	1
1469	5447	1
3836	5447	1
4127	5447	1
4227	5447	1
4737	5447	1
7621	5447	1
9445	5447	1
9935	5447	1
1469	5466	1
3836	5466	1
4127	5466	1
4227	5466	1
4737	5466	1
7621	5466	1
9445	5466	1
9935	5466	1
1469	5477	1
3836	5477	1
4127	5477	1
4227	5477	1
4737	5477	1
7621	5477	1
9445	5477	1
9935	5477	1
3702	5565	1
203	5602	1
883	5602	1
9128	5602	1
883	5617	1
905	5617	1
4965	5617	1
6651	5617	1
8683	5617	1
9493	5617	1
256	5661	1
883	5661	1
6651	5661	1
4223	5690	1
9526	5690	1
883	5761	1
3914	5761	1
9493	5761	1
324	5766	1
8113	5766	1
557	6329	1
3392	6329	1
3822	6329	1
5318	6329	1
6327	6329	1
6859	6329	1
8912	6329	1
3164	6399	1
6304	6399	1
8865	6399	1
3183	6917	1
161	7240	1
489	7240	1
3774	7240	2
4812	7240	1
7748	7240	1
887	7576	1
8351	7576	1
9394	7576	1
3211	7583	1
3917	7583	1
4783	7583	1
5318	7583	1
8879	7583	1
3735	7598	1
5998	7598	1
4426	7743	1
5303	7743	1
7800	7743	1
9801	7743	1
3873	7793	1
6768	7793	1
6859	7793	1
8674	7793	1
3385	7808	1
5163	7808	2
6998	7808	3
8550	7808	1
23	8105	1
579	8105	1
1067	8105	1
1540	8105	1
2157	8105	1
3452	8105	1
8842	8105	1
9546	8105	1
3392	8120	2
4897	8214	1
5267	8214	1
5301	8214	1
1382	8282	1
4850	8282	1
4987	8282	1
8796	8282	1
9976	8282	1
1221	8310	2
2006	8310	1
3873	8310	1
4578	8310	1
5318	8310	1
6657	8310	1
6675	8310	2
7621	8310	1
9633	8310	1
9982	8310	1
726	8338	1
4127	8338	1
4973	8338	1
4127	8376	1
4973	8376	1
3231	8406	1
8217	8406	1
4160	8602	1
6257	8602	1
768	8620	1
3821	8620	1
6653	8705	1
6870	8705	1
3576	8750	1
1017	8844	1
4127	8844	1
8865	8844	1
2528	8994	1
4127	8994	1
4266	8994	1
412	9045	1
534	9045	1
1132	9045	1
2107	9045	1
5077	9045	1
5226	9045	1
5318	9045	1
7986	9045	1
8030	9045	1
8624	9045	1
680	9106	1
793	9106	1
1369	9106	1
2233	9106	1
3988	9106	1
6166	9106	1
6301	9106	1
6500	9106	1
7128	9106	1
7266	9106	1
8143	9106	1
102	9136	1
3955	9136	1
4102	9136	1
8739	9136	1
1382	9271	1
2644	9271	1
2997	9271	1
5447	9271	1
8201	9271	1
9962	9271	1
436	9285	1
2212	9326	1
6407	9326	1
9924	9326	1
2787	9339	1
4127	9339	1
2917	9381	1
4467	9381	1
8227	9381	1
8638	9381	1
865	9416	1
4088	9416	1
5903	9416	1
8865	9416	1
1113	9449	1
4127	9449	1
6715	9449	1
8278	9449	1
2370	9475	1
2748	9475	1
2896	9475	1
3702	9475	3
4029	9475	1
5336	9475	1
5906	9475	1
7085	9475	1
4041	9489	1
8395	9489	1
9669	9489	1
9716	9489	1
6566	9664	1
7789	9664	1
2561	9689	1
3925	9689	1
2908	9843	1
3702	9843	2
4127	9843	1
4651	9843	1
5318	9843	1
7621	9843	1
8791	9843	2
5242	9869	1
5396	9879	1
8791	9879	1
2044	9915	1
2436	9915	1
2902	9915	1
3693	9915	1
5335	9915	1
9121	9915	1
290	9955	1
878	9955	1
5267	9955	1
8291	9955	1
3602	10021	1
5267	10021	1
8098	10021	1
9962	10021	1
2561	10047	1
3392	10047	1
3917	10047	1
4136	10047	1
4356	10047	1
1861	10170	1
4127	10170	1
5184	10170	1
513	10174	1
4642	10174	1
4719	10174	1
7486	10174	1
7685	10174	1
8060	10174	1
8213	10174	1
9766	10174	1
421	10344	1
1132	10344	1
2468	10344	1
5255	10344	1
5267	10344	1
6835	10344	1
1132	10493	1
4127	10493	1
6301	10493	1
2484	10533	1
8549	10533	1
9617	10533	1
409	10922	1
4235	10922	1
4455	10922	1
6641	10922	1
7102	10922	1
8213	10922	1
8462	10922	1
243	11274	1
1114	11274	1
4127	11274	1
5318	11274	1
6715	11274	1
7569	11274	1
8042	11274	1
8218	11274	1
4192	11289	1
3678	11419	1
5318	11419	1
8586	11419	1
6878	11517	1
7266	11517	1
8503	11517	1
9189	11517	1
6166	11518	1
3006	11556	1
2792	11610	1
1000	11902	1
1351	11902	1
3182	11934	1
4536	11934	1
5318	11934	1
5513	11942	1
58	11986	1
624	11986	2
3087	11986	1
3568	11986	1
5199	11986	1
5383	11986	1
8586	11992	1
640	12007	1
1512	12007	1
2175	12007	1
3568	12007	1
6974	12007	1
8098	12141	1
1132	12212	1
3531	12212	1
4113	12212	1
4127	12212	1
6301	12212	1
6309	12212	1
2616	12285	1
2616	12564	1
5892	12564	1
8865	12564	1
3940	12595	1
9669	12595	1
857	12605	1
2619	12605	1
3335	12605	1
3822	12605	1
4680	12605	1
4864	12605	1
5318	12605	1
5698	12605	1
8274	12605	1
8497	12605	1
9997	12605	1
1071	12720	1
1510	12720	1
1833	12720	1
1905	12720	1
4223	12720	1
6881	12720	1
7563	12720	1
9669	12720	1
489	12735	1
1357	12735	1
1526	12735	1
2616	12735	1
4259	12735	1
5382	12735	1
6285	12735	1
6301	12735	1
8865	12735	1
579	12737	1
1957	12737	1
5318	12737	1
5698	12737	1
9997	12737	1
5267	12742	1
7465	12742	1
9394	12742	1
1310	12757	1
3034	12757	1
5086	12757	1
8538	12757	1
9394	12757	1
2023	12797	1
3097	12797	1
5239	12797	1
6422	12797	1
7465	12797	1
9157	12797	1
8969	12806	1
179	12881	1
338	12881	1
2445	12881	1
9542	12881	1
1882	13069	1
5768	13069	1
6166	13069	1
6844	13069	1
7030	13069	1
8098	13069	1
8449	13069	1
9526	13069	1
9669	13069	1
9800	13069	1
726	13071	1
2762	13071	1
3702	13071	2
5892	13071	2
6017	13071	1
6937	13071	1
7852	13071	1
8911	13071	1
1071	13095	1
1833	13095	1
3711	13095	1
4248	13095	1
3831	13163	1
1997	13193	1
2269	13193	2
4235	13193	1
4686	13193	1
6618	13193	2
7468	13193	2
8761	13193	1
4088	13200	1
5318	13200	1
5794	13200	1
6759	13200	1
8879	13200	1
256	13281	1
23	13307	1
3278	13307	1
5892	13307	1
8865	13307	1
3822	13328	1
4463	13328	1
5352	13328	1
6959	13328	1
7031	13328	1
7335	13328	1
3501	13331	1
1580	13398	1
2164	13398	1
3034	13398	1
3602	13398	1
4017	13398	1
5051	13398	1
6492	13398	1
7581	13398	1
9448	13398	1
9738	13398	1
4169	13550	1
4259	13550	1
5331	13550	1
7017	13550	1
1052	13598	1
2915	13598	1
3836	13598	1
7038	13598	1
8380	13598	1
8969	13598	1
9625	13598	1
857	13636	1
1267	13636	1
3091	13636	1
3294	13636	1
6768	13636	1
6847	13636	1
9813	13636	1
1522	13779	1
4111	13796	1
8098	13796	1
5892	13846	1
1071	13917	1
3822	14449	1
5864	14449	1
5892	14449	1
3778	14649	1
5199	14649	1
5972	14649	1
9757	14649	1
878	14729	2
1183	14729	1
2497	14729	1
5188	14729	1
5189	14729	1
7304	14729	2
8969	14729	1
9610	14729	1
9764	14729	1
878	14760	1
3702	14760	3
4642	14760	1
9006	14760	1
9610	14760	1
9943	14760	1
35	14813	1
1382	14813	1
1603	14813	1
3702	14813	2
5318	14813	1
5352	14813	1
6710	14813	1
6859	14813	1
7699	14813	1
7702	14813	1
8032	14813	1
8114	14813	1
3034	14832	1
7776	14832	1
558	14909	1
3806	14909	1
4896	14909	1
6003	14909	1
7967	14909	1
8899	14909	1
558	14964	1
3806	14964	1
4896	14964	1
6003	14964	1
7967	14964	1
8803	14964	1
8899	14964	1
768	15023	1
1711	15023	1
2445	15023	1
2608	15023	1
3062	15023	1
7471	15023	1
7671	15023	1
8202	15023	1
1071	15195	1
7365	15195	1
3917	15212	1
5318	15212	1
5698	15212	1
9997	15212	1
3763	15229	1
9784	15229	1
976	15230	1
1726	15247	1
2127	15247	1
3335	15247	1
4148	15247	1
4689	15247	1
4906	15247	1
5103	15247	1
9640	15247	1
6399	15270	1
7083	15270	1
8536	15270	1
9028	15270	1
5659	15282	1
6955	15282	1
8353	15282	1
1663	15296	1
5239	15296	1
7621	15296	1
905	15354	1
4515	15354	1
558	15388	1
2495	15388	1
5318	15388	1
5698	15388	1
257	15453	1
5892	15453	1
1	15735	1
4135	15735	1
4875	15735	1
5267	15735	1
5513	15735	1
3211	15839	1
3430	15839	1
5081	15839	1
5091	15839	2
5208	15839	1
7128	15839	1
7835	15839	1
7906	15839	1
8985	15839	1
3915	15846	1
5897	15846	1
8351	15846	1
9144	15846	1
733	15918	2
905	15918	1
4846	15918	1
5267	15918	1
5892	15918	1
8865	15918	1
9757	15918	1
905	15948	1
2456	15948	1
4694	15948	1
5416	15948	1
9784	15948	1
4029	16020	1
5698	16020	1
9526	16020	1
5318	16037	1
6671	16037	1
8329	16037	1
3457	16079	1
3917	16079	1
4861	16079	1
6825	16079	1
8194	16079	1
9764	16079	1
756	16160	1
7827	16198	1
484	16282	1
2764	16282	1
4127	16282	1
4377	16282	1
1198	16321	1
2931	16321	1
5771	16321	1
2069	16431	1
3349	16431	1
4127	16431	1
5747	16431	1
2025	16489	1
4017	16489	1
8520	16489	1
4044	16522	1
7032	16522	1
9126	16522	1
9473	16522	1
3822	16563	1
5864	16563	1
507	16968	1
1013	16968	1
1132	16968	1
1168	16968	1
3531	16968	1
4127	16968	1
5943	16968	1
6301	16968	1
7218	16968	1
7663	16968	1
719	17135	1
958	17135	1
2997	17135	1
3038	17135	1
3602	17135	1
8395	17135	1
8451	17135	1
9265	17135	1
9727	17135	1
1958	17235	1
2865	17235	1
158	17274	1
328	17274	1
1213	17362	1
5632	17362	1
1132	17375	1
1702	17375	1
3787	17375	1
3856	17375	1
4127	17375	1
4947	17375	1
710	17415	1
5700	17415	1
9813	17415	1
1659	17426	1
2484	17426	1
2625	17426	1
5699	17426	1
9072	17426	1
2212	17480	1
7264	17480	1
4127	17513	1
9175	17513	1
9822	17513	1
353	17526	1
862	17526	1
4229	17526	1
5163	17526	1
7621	17526	1
9275	17526	1
3183	17642	1
5267	17642	1
1017	17661	1
1067	17661	1
3392	17661	2
5300	17661	1
5972	17661	1
9632	17661	1
1108	17731	1
1580	17731	1
4017	17731	1
4088	17731	1
6759	17731	1
6870	17731	1
8995	17731	1
9624	17731	1
9784	17731	1
9962	17731	1
1647	17806	1
5522	17806	1
6106	17806	1
1512	17831	1
8969	17831	1
1125	17958	1
3917	17958	1
5070	17958	1
6281	17958	1
1855	17972	1
2908	17972	1
3047	17972	1
5070	17972	1
6281	17972	1
3047	17989	1
4399	17989	1
9371	17989	1
1689	18066	1
3501	18127	1
6015	18127	1
6785	18127	1
6941	18127	1
7266	18127	1
9608	18127	1
3084	18151	1
3602	18151	1
4076	18151	1
5888	18151	1
7166	18151	1
9764	18151	1
1835	18236	1
2908	18236	1
3047	18236	1
4012	18236	1
8462	18236	1
2908	18260	1
3047	18260	1
7977	18260	1
9130	18260	1
4164	18292	1
5267	18292	1
359	18346	1
567	18346	1
3658	18346	1
6166	18346	1
6998	18346	1
9491	18346	1
1132	18353	1
5318	18353	1
9974	18353	1
1054	18423	1
2798	18423	1
3501	18423	1
8560	18423	1
9962	18423	1
3933	18437	1
1017	18489	1
3140	18489	1
3485	18489	1
5879	18489	1
6009	18489	1
326	18614	1
1684	18614	1
8142	18614	1
2508	18681	1
4127	18681	1
9158	18681	1
1000	18799	1
3620	18799	1
4705	18799	1
5267	18799	1
7543	18799	1
5077	19397	1
9561	19397	1
3763	19414	1
9175	19414	1
9187	19414	1
8674	19443	1
9330	19443	1
4127	19682	1
5267	19682	1
8152	19682	1
534	19905	1
1632	19905	1
4850	19905	1
4987	19905	1
5267	19905	2
6998	19905	1
6700	19912	1
8520	19912	1
1602	20401	1
2427	20852	1
5283	20896	1
7523	20896	1
1396	20916	1
3621	20916	1
5208	20916	1
9365	20916	1
9538	20916	1
3812	20920	1
4356	20920	1
6941	20920	2
9175	20920	1
9822	20920	1
3568	20924	2
5064	20924	1
5856	20924	1
7359	20924	1
2618	21205	1
4127	21205	1
3034	21284	1
3273	21284	1
3706	21284	1
4127	21284	2
6298	21284	1
6458	21284	1
6472	21284	1
6843	21284	1
7954	21284	1
7968	21284	1
8451	21284	1
9518	21284	1
1293	21351	1
2290	21351	1
2789	21351	1
5794	21351	1
7986	21351	1
8887	21351	1
9924	21351	1
2974	21440	1
3702	21440	2
7009	21440	1
8058	21440	1
8912	21440	1
319	21519	1
523	21519	1
878	21519	1
3735	21519	1
6787	21519	1
319	21528	1
523	21528	1
318	21583	1
319	21583	1
3714	21583	1
6876	21583	2
8865	21583	1
9625	21583	1
9736	21583	1
319	21598	1
523	21598	1
5242	21598	1
9943	21598	1
509	21634	1
2531	21634	1
2855	21634	1
3191	21634	1
3291	21634	1
4127	21634	1
4351	21634	1
6166	21634	1
8279	21634	1
8865	21634	1
2974	21643	1
3034	21643	1
3392	21643	1
3702	21643	2
5239	21643	1
7702	21643	1
8144	21643	1
9716	21643	1
4259	21690	1
4598	21690	1
5184	21690	1
8969	21690	1
4008	21735	1
4087	21735	1
4114	21735	1
4973	21735	1
5318	21735	1
5448	21735	1
5795	21735	1
7410	21735	1
7986	21735	1
9526	21735	1
9755	21735	1
319	21908	1
4127	21908	1
4220	21908	1
7655	21908	1
8900	21908	1
1186	21951	1
1787	21951	1
3549	21951	1
3734	21951	1
5117	21951	1
5199	21951	1
5877	21951	1
6628	21951	1
6937	21951	1
9126	21951	1
319	21956	1
579	21956	1
8865	21956	1
3602	22038	1
3691	22038	1
5074	22038	2
5344	22038	2
5802	22038	1
5921	22038	1
7169	22038	1
8969	22038	1
10000	22038	1
2619	23037	1
2792	23037	1
4111	23037	1
5668	23037	1
5864	23037	1
1132	23064	1
1702	23064	1
2350	23064	1
4127	23064	1
9860	23064	1
6883	23090	1
726	23104	1
1464	23104	1
3612	23104	1
5700	23104	1
8989	23104	1
9764	23104	1
2379	23258	1
3034	23258	1
2331	23273	1
5783	23281	1
5854	23281	1
7986	23281	1
7988	23281	1
8395	23281	1
9589	23281	1
1747	23379	1
3073	23379	1
3672	23379	1
5318	23379	1
7896	23379	1
243	23433	1
1886	23433	1
8218	23433	1
8375	23433	1
2212	23785	1
3417	23785	1
3612	23785	1
6146	23852	1
6785	23852	1
3518	23892	1
9538	23892	1
9925	23892	1
4044	23902	1
4735	23902	1
8920	23902	1
9445	23902	1
2127	23954	2
2233	23954	1
3041	23954	1
4041	23954	1
5318	23954	1
8008	23954	1
9225	23954	1
9738	23954	1
2102	24090	1
3501	24090	1
3787	24090	1
4127	24090	1
5852	24090	1
758	24364	1
4017	24364	1
8969	24364	1
1132	24467	1
1702	24467	1
4127	24467	1
5267	24467	1
1000	25548	1
3273	25548	2
3430	25548	2
4160	25548	1
5198	25561	1
5346	25561	1
7892	25561	1
8743	25561	1
9010	25561	1
10000	25561	1
5758	25566	1
7120	25566	1
8939	25566	1
9703	25566	1
9992	25566	1
56	25580	1
6700	25580	1
7354	25580	1
8586	25580	1
3418	25678	1
4056	25678	1
4985	25678	1
5112	25678	1
5267	25678	1
5351	25678	1
7892	25678	1
2540	25680	2
5972	25680	1
8703	25680	1
8897	25680	1
8969	25680	1
4403	26424	1
5018	26424	1
5892	26424	1
8098	26424	1
8987	26424	1
726	26610	1
1761	26610	1
3273	26610	1
4056	26610	1
4721	26610	1
5349	26610	1
8033	26610	1
8351	26610	1
9561	26610	1
1267	26712	1
2194	26712	1
3873	26712	1
4017	26712	1
7852	26712	1
9494	26712	1
9669	26712	1
1132	26940	1
9831	26955	1
32	26992	1
2766	26992	1
3501	26992	1
4127	27028	1
826	27063	1
4046	27063	1
5864	27063	1
6588	27063	1
7272	27063	1
8865	27063	1
9669	27063	1
2502	27123	1
5318	27123	1
7520	27123	1
8242	27123	1
8549	27123	1
1469	27273	1
1905	27273	1
3836	27273	1
4127	27273	1
4227	27273	1
4733	27273	1
7621	27273	1
8081	27273	1
9935	27273	1
4458	27376	1
7465	27376	1
726	27444	1
3182	27444	1
1725	27462	1
2825	27462	1
3752	27462	1
5834	27462	1
5921	27462	1
7355	27462	1
7364	27462	1
9347	27462	1
9735	27462	1
3592	27470	1
4147	27470	1
1017	27563	1
1745	27563	1
2127	27563	1
8985	27563	1
704	27659	1
29	27746	1
2766	27746	1
5318	27746	1
6654	27746	1
7039	27746	1
7225	27746	1
8865	27746	1
9823	27746	1
1179	27890	1
1465	27890	1
3437	27890	1
4127	27890	1
4247	27890	1
4634	27890	1
6513	27890	1
6785	27890	1
7638	27890	1
8164	27890	1
8704	27890	1
9727	27890	1
1381	28271	1
101	28401	1
2931	28401	1
6870	28401	1
7110	28401	1
8684	28401	1
812	28427	1
5267	28427	1
229	28625	1
518	28625	1
2049	28625	1
2871	28625	1
3003	28625	1
3182	28625	2
7244	28625	1
7621	28625	1
7933	28625	1
8462	28625	1
9890	28625	1
5262	28743	1
7031	28743	1
1450	28794	1
4127	28794	1
4180	28794	1
5250	28794	1
5262	28794	1
6067	28794	1
7800	28794	1
8449	28794	1
9843	28794	1
5267	28812	1
8887	28812	1
9526	28812	1
