2049	83	1
8684	83	1
6266	114	1
7921	114	1
2049	140	1
3735	156	1
6998	183	1
4782	223	1
9637	223	1
5396	246	1
6998	246	1
2647	273	1
3209	273	1
3912	273	1
6671	273	1
6903	273	1
6992	273	1
7493	273	1
1900	314	1
1834	322	1
2054	322	1
4127	322	1
5152	322	1
2157	349	1
3858	349	1
6998	349	1
6700	358	1
7172	358	1
8684	358	1
2897	370	1
7762	370	1
8098	370	1
8969	370	1
9071	370	1
9394	370	1
9526	370	1
2477	384	1
2635	384	1
324	434	1
4456	434	1
8859	434	1
9206	434	1
9500	434	1
1245	474	1
1505	474	1
9817	474	1
4259	528	1
507	542	1
2397	542	1
4127	542	1
5558	542	1
9165	542	1
9734	542	1
507	602	1
2397	602	1
4127	602	1
5558	602	1
8251	602	1
9165	602	1
9734	602	1
6166	631	1
8536	631	1
8562	631	1
4127	635	1
5285	635	1
8956	635	1
2633	732	1
4318	732	1
8072	732	1
8227	732	1
8859	732	1
9547	732	1
2059	926	1
3182	926	1
3873	926	1
8321	926	1
9175	926	1
3392	984	1
8865	984	1
8920	984	1
1647	1088	1
4792	1088	1
4898	1088	1
1193	1101	1
2997	1101	1
7227	1101	1
8536	1101	1
239	1132	1
239	1154	1
1089	1165	1
1381	1165	1
3211	1165	1
7699	1165	1
626	1187	1
637	1187	1
1193	1212	1
2997	1212	1
6796	1212	1
7072	1212	1
7227	1212	1
1029	1222	1
2748	1222	1
3645	1222	1
4088	1222	1
4841	1233	1
4898	1233	1
4841	1236	1
8536	1236	1
7820	1251	1
1193	1270	1
1517	1270	1
4056	1270	1
5086	1270	1
5090	1270	1
1126	1338	1
3038	1338	1
8684	1338	1
3873	1371	1
4987	1371	1
5008	1371	1
9589	1371	2
1750	1452	1
2078	1452	1
2323	1452	1
3511	1452	1
4293	1452	1
4973	1452	1
6998	1452	1
8969	1452	1
3199	1475	1
4898	1475	1
5239	1475	1
3501	1510	1
5077	1510	1
5352	1510	1
8010	1510	1
8865	1510	1
9584	1510	1
1029	1520	1
1715	1520	1
4111	1520	1
3066	1561	2
8144	1561	1
8536	1561	1
1213	1684	1
1814	1684	1
1873	1684	1
2447	1684	1
3034	1684	1
5430	1684	1
5844	1684	1
8213	1684	1
9483	1684	1
1580	1690	1
2910	1690	1
3984	1690	1
4127	1690	1
5476	1690	1
9974	1690	1
1292	1869	1
7607	1869	1
626	1894	1
637	1894	1
4259	1935	2
5318	1935	1
8175	1949	1
9538	1949	1
9727	1949	1
301	2128	1
301	2235	1
6859	2235	1
8671	2235	1
9030	2235	1
1659	2261	1
2190	2261	1
4436	2261	1
4465	2261	1
8252	2261	1
9561	2261	1
4127	2264	1
63	2266	1
3349	2266	1
3873	2266	1
6959	2266	1
2190	2278	1
9625	2278	1
63	2288	1
8923	2288	1
301	2289	1
862	2289	1
2200	2289	1
2495	2289	1
5226	2289	1
1759	2342	1
4550	2342	1
9561	2342	1
648	2385	1
1759	2385	1
4550	2385	1
5208	2385	1
418	2406	1
5199	2406	1
5856	2412	1
8865	2412	1
1002	2458	1
2631	2458	1
3900	2458	1
4127	2458	1
1937	2459	1
2894	2459	1
3294	2459	1
3691	2459	1
3735	2459	1
5199	2459	1
7031	2459	1
10041	2459	1
5267	2478	1
2158	2509	1
9561	2509	1
1246	2518	1
4127	2518	1
7412	2518	1
1132	2541	1
4127	2541	1
6301	2541	1
158	2632	1
2955	2632	1
3501	2632	1
3735	2632	1
4041	2632	1
4205	2632	1
5267	2632	1
5318	2632	1
8624	2632	1
9591	2632	1
845	2642	1
1132	2642	1
2966	2642	1
3787	2642	1
4127	2642	1
6301	2642	1
301	2650	1
4846	2650	1
5632	2650	1
4538	2672	1
4550	2672	1
3821	2755	1
4538	2755	1
7691	2755	1
8912	2755	1
2158	2768	1
3821	2768	1
1886	2791	1
4896	2791	1
7691	2791	1
8912	2791	1
3735	2821	1
3821	2821	1
5460	2821	1
6700	2821	1
8865	2821	1
9561	2821	1
9917	2821	1
9330	2825	1
1042	2842	1
6859	2842	1
8403	2842	1
432	2944	1
3784	2944	1
5318	2944	1
8624	2944	1
9153	2944	1
1835	2972	1
3511	2972	1
3900	2972	1
7896	2972	1
3034	3154	1
6811	3154	1
9230	3154	1
140	3301	1
976	3301	1
5226	3301	1
8408	3301	1
8806	3301	1
1437	3486	1
3511	3486	1
3588	3486	1
4407	3486	1
1108	3769	1
3191	3769	1
4056	3769	1
8053	3769	1
3182	3823	1
9185	3823	1
7856	4020	1
1325	4150	1
3077	4150	1
5972	4150	1
7471	4150	1
3034	4201	1
4661	4201	1
5029	4201	1
324	4413	1
2902	4413	1
4846	4413	1
8865	4413	1
9784	4413	1
596	4498	1
3359	4498	1
7004	4498	1
7563	4498	1
242	4615	1
3215	4615	1
5737	4615	1
9775	4615	1
3305	4620	1
7110	4620	1
995	4655	1
1408	4655	1
6609	4655	1
7215	4655	1
9975	4655	1
1012	4727	1
1538	4727	1
3826	4727	1
4127	4727	1
6564	4727	1
6619	4727	1
8054	4727	1
8898	4727	1
2602	4737	1
3930	4737	1
4127	4737	1
707	4796	1
4259	4796	1
4661	4796	1
8867	4796	1
9924	4796	1
1489	4808	1
5602	4808	1
8865	4808	1
857	4816	1
3822	4816	1
5602	4837	1
733	4859	1
1451	4859	1
5008	4859	1
6520	4859	1
6768	4859	1
7128	4859	1
526	4934	1
5318	4934	1
3822	4971	1
8624	4971	1
758	4972	1
3140	4972	1
3568	4972	1
8909	4972	1
3784	5035	1
4111	5035	1
5514	5035	1
6026	5035	1
7062	5035	1
7264	5035	1
8752	5035	1
8865	5035	1
9589	5035	1
1854	5037	1
3728	5037	1
4259	5037	1
5794	5037	1
8451	5037	1
1267	5096	1
2727	5096	1
4223	5096	1
4733	5096	1
7062	5096	1
1527	5147	1
4102	5147	1
4127	5147	1
5859	5147	1
5924	5147	1
9841	5147	1
3889	5179	1
2331	5293	1
3511	5293	1
7338	5293	1
7615	5293	1
9538	5293	1
9801	5293	1
1958	5315	1
5783	5315	1
6711	5315	1
8865	5315	1
3501	5350	1
557	5368	1
4127	5368	1
4840	5368	1
8969	5368	1
2735	5543	1
3873	5543	1
9005	5543	1
9661	5543	1
2735	5589	1
9661	5589	1
2157	5612	1
9546	5612	1
1357	5631	1
2735	5631	1
4127	5631	1
6768	5631	1
9746	5631	1
6631	5654	1
7971	5654	1
8506	5654	1
2735	5664	1
8142	5664	2
9242	5664	1
9538	5664	1
9661	5664	1
9890	5664	1
2164	5751	1
1382	5763	1
2446	5763	1
6257	5763	1
2581	5784	1
3260	5784	1
531	5795	1
726	5795	1
2267	5795	1
3034	5795	1
6712	5795	1
8865	5795	1
8887	5795	1
9526	5795	1
5318	5808	1
9128	5808	1
4994	5818	1
5396	5818	1
925	5837	1
3294	5837	1
5659	5837	1
2157	5861	1
9546	5861	1
2878	5876	1
4259	5876	1
9144	5876	1
1143	5900	1
5909	5900	1
158	5914	1
341	5914	1
1346	5914	1
7166	5914	1
7467	5914	1
1533	5976	1
3774	5976	1
4010	5976	1
4056	5976	1
5378	5976	1
6146	5976	1
3392	6085	1
4897	6085	1
7408	6085	1
7906	6085	1
8865	6085	1
1382	6147	1
4127	6147	1
5318	6147	1
8133	6147	1
8412	6147	1
9183	6147	2
5086	6172	1
579	6192	1
3034	6192	1
4766	6192	1
4881	6192	1
8224	6192	1
2513	6221	1
2532	6221	1
3312	6304	1
3910	6311	1
3914	6311	1
5318	6311	1
5561	6311	1
7523	6311	1
2522	6410	1
3821	6410	1
7272	6410	1
9587	6410	1
8987	6429	1
1828	6432	1
2445	6432	1
2862	6432	1
3821	6432	2
4213	6432	2
7384	6432	1
8288	6432	1
2762	6450	1
3174	6450	1
4213	6450	1
8535	6450	1
8865	6450	1
3213	6478	1
4852	6478	1
7271	6478	1
7986	6478	1
8098	6478	1
8887	6478	1
9589	6478	1
9669	6478	1
3199	6520	1
3984	6520	1
4259	6520	1
6859	6520	1
7365	6520	1
7776	6520	1
9669	6520	1
3910	6532	2
9669	6532	1
9812	6532	2
993	6656	1
5396	6674	1
9822	6674	1
9825	6674	1
92	6692	1
243	6692	1
2768	6692	1
5011	6692	1
6976	6692	1
7078	6692	1
542	6697	1
1548	6697	1
3518	6764	1
3724	6764	1
7041	6764	1
7102	6764	1
8887	6764	1
350	7098	1
1206	7098	1
2157	7098	1
2789	7098	1
4010	7098	1
7986	7098	1
8599	7098	1
9546	7098	1
3392	7198	1
4897	7198	1
8865	7198	1
4065	7333	2
6768	7333	1
8395	7333	1
9800	7333	1
253	7422	1
3800	7422	1
9548	7422	1
511	7617	1
4127	7617	1
6304	7617	1
7977	7617	1
9035	7617	1
7691	7724	1
3034	7826	1
3518	7826	1
5267	7826	1
8395	7826	1
2973	7833	2
4907	7833	1
5298	7833	1
6104	7833	1
7408	7833	1
2125	7862	1
8587	7862	1
9526	7862	1
9813	7862	1
677	8045	1
3501	8045	1
3618	8045	1
7228	8045	1
7272	8045	1
7776	8045	1
3294	8078	1
5226	8078	1
5771	8078	1
7051	8078	1
3408	8087	1
3821	8087	1
4945	8087	1
1602	8093	1
3138	8093	1
5086	8093	1
5877	8093	1
1196	8115	1
2513	8115	1
3984	8191	1
1440	8258	1
1442	8258	1
1656	8258	1
3785	8258	1
4898	8258	1
5267	8258	1
1764	8348	1
3917	8348	1
4898	8348	1
6385	8348	1
4898	8446	1
8054	8446	1
8684	8446	1
8879	8446	1
9526	8446	1
9784	8446	1
3408	8455	1
4088	8455	1
4945	8455	1
7450	8473	1
8684	8473	1
9556	8473	1
1369	8484	1
1842	8484	1
2592	8484	1
3873	8484	1
9676	8484	1
9803	8484	1
5877	8504	1
6625	8504	1
1225	8511	1
4881	8511	1
547	8539	1
1469	8539	1
1559	8539	1
2665	8539	1
4271	8539	1
4912	8539	1
5382	8539	1
7770	8539	1
8865	8539	1
9625	8539	1
1469	8612	1
3047	8612	1
7271	8612	1
9584	8666	1
791	8667	1
3747	8673	1
8987	8673	1
579	8694	1
1469	8694	1
2015	8694	1
3034	8694	1
8885	8694	1
3047	8708	1
7399	8708	1
3735	8765	1
8684	8765	1
8865	8765	1
758	8783	1
5029	8829	1
2243	8833	1
2324	8833	1
6569	8833	1
8923	8833	1
6711	8847	1
2283	8893	1
4897	8893	1
5986	8893	1
6104	8893	1
1331	8902	1
626	9172	1
637	9172	1
5242	9172	1
684	9212	1
1310	9212	1
2931	9212	1
4895	9212	1
5318	9212	1
8309	9212	1
261	9222	1
2997	9222	1
4852	9222	1
1370	9237	1
1437	9237	1
1463	9237	1
3511	9237	1
8449	9237	1
9825	9237	1
1512	9301	1
5396	9301	1
698	9311	1
4127	9311	1
7473	9311	1
1512	9320	1
5396	9320	1
1185	9343	1
3066	9343	2
8144	9343	1
341	9378	1
4031	9378	1
5396	9378	1
6146	9378	1
8684	9378	1
2997	9390	2
3294	9390	1
629	9399	1
1523	9403	1
1949	9403	1
3497	9403	1
6210	9403	1
6257	9403	1
7111	9403	1
8865	9403	1
9225	9403	1
9800	9403	1
467	9404	1
3359	9404	1
3449	9404	1
4347	9404	1
6700	9404	1
7802	9404	1
3763	9424	1
4235	9424	1
9193	9424	1
9252	9424	1
466	9442	1
3359	9442	1
3449	9442	1
4347	9442	1
6700	9442	1
6859	9442	1
7802	9442	1
8865	9442	1
925	9540	1
4127	9540	1
4642	9540	1
8806	9556	1
8684	9593	1
5318	9621	1
8684	9682	1
8684	9691	1
726	9715	1
1206	9730	1
1512	9730	1
2214	9868	1
4249	9868	1
4127	9947	1
6998	9947	1
733	9960	1
3836	9960	1
6166	9960	1
6209	9960	1
2382	10233	1
3735	10233	1
2127	10268	1
7480	10268	1
1602	10412	1
2351	10412	1
5008	10412	1
6106	10412	3
6808	10412	1
8157	10412	1
1549	10431	1
1689	10431	1
4603	10431	1
8995	10431	1
3075	10459	1
3108	10459	1
3763	10459	1
3822	10459	1
5864	10459	1
7581	10459	1
9542	10459	1
733	10496	1
3856	10496	1
4947	10496	1
5924	10496	1
8445	10496	1
3034	10498	1
3428	10498	1
6700	10498	1
579	10723	1
1000	10723	1
2063	10723	1
2454	10723	1
2502	10723	1
3182	10723	1
4127	10723	1
4973	10723	1
6998	10723	1
8042	10723	1
4259	10751	1
5318	10751	1
7759	10777	1
8098	10777	1
723	10833	1
1236	10833	1
3287	10833	1
3392	10833	1
6859	10833	1
7854	10833	1
136	10906	1
8262	10906	1
1118	10969	1
6394	10969	1
6472	10969	1
8246	10969	1
1641	11006	1
4661	11006	1
1750	11017	1
5347	11017	1
8878	11017	1
1228	11025	1
4642	11025	1
5267	11025	1
7320	11025	1
8536	11025	1
9584	11025	1
2212	11055	1
3392	11055	1
6538	11055	1
7921	11099	1
8865	11099	1
5705	11126	1
7173	11126	1
733	11206	1
892	11206	1
1357	11206	1
1912	11206	1
3135	11206	1
3822	11206	1
6725	11206	1
6808	11206	1
7934	11206	1
1025	11209	1
1552	11209	1
2090	11209	1
1510	11268	1
2616	11268	1
3244	11268	1
3359	11268	1
3372	11268	1
4127	11268	1
6102	11268	1
7243	11268	1
8380	11268	1
8098	11282	1
3211	11357	1
52	11501	1
1267	11501	1
6373	11501	1
8806	11501	1
3576	11549	1
4852	11589	1
7370	11589	1
8865	11589	1
9008	11589	1
4852	11609	1
7370	11609	1
9008	11609	1
341	11635	1
857	11635	1
1396	11635	1
2878	11635	1
8452	11638	1
27	11675	1
2214	11675	1
3752	11675	1
7583	11675	1
8810	11675	1
2049	11884	1
2069	11884	1
5747	11884	1
7128	11884	1
8449	11884	1
8992	11884	1
2719	12017	1
4852	12017	1
6467	12017	1
1098	12066	1
4127	12066	1
4332	12066	1
4333	12066	1
6029	12066	1
6868	12066	1
8380	12066	1
8980	12066	1
9419	12066	2
2214	12472	1
3784	12472	1
4111	12472	1
8368	12472	1
9542	12472	1
5794	12538	1
6768	12538	1
8727	12538	1
5892	12597	1
7977	12597	1
8865	12597	1
4852	12705	1
5625	12705	1
8897	12705	1
1882	12707	1
3511	12707	1
5864	12707	1
9669	12707	1
991	12726	1
1267	12726	1
1679	12726	2
2531	12726	1
5318	12726	1
8042	12726	1
8142	12726	1
8710	12726	1
8865	12726	1
9121	12726	1
1071	12728	1
2136	12728	1
4127	12728	1
4877	12728	1
1689	12772	1
2049	12772	1
6697	12772	1
7959	12772	1
8054	12772	1
167	12795	1
2622	12795	1
3858	12795	1
4452	12795	1
5226	12795	1
7776	12795	1
8074	12795	1
8213	12795	1
2564	12808	1
8075	12808	1
1810	12810	1
5892	12810	1
7128	12810	1
2522	12871	1
3373	12871	1
3735	12871	1
3752	12871	1
4603	12871	1
6700	12871	1
7262	12871	1
8865	12871	1
1029	12879	2
3858	12879	1
5794	12879	1
9974	12879	1
733	12884	1
1208	12884	1
9574	12884	1
4056	12888	1
5783	12888	1
6469	12888	1
7776	12888	1
8380	12888	1
4699	12907	1
8075	12907	1
5276	12927	1
8075	12927	1
9825	12927	1
4699	12945	1
2926	12954	1
3774	12954	1
5852	12954	1
2036	13089	1
2864	13089	1
4127	13089	1
5883	13089	1
7725	13089	1
2006	13145	1
5768	13145	2
7950	13145	1
976	13329	1
2924	13329	1
5794	13329	1
3034	13332	1
3900	13332	1
5160	13332	1
6118	13336	1
1176	13344	1
3568	13344	1
7581	13344	1
7817	13344	1
8150	13344	1
2011	13367	1
5924	13367	1
9589	13367	1
2366	13377	1
2496	13377	1
4298	13377	1
6861	13377	1
1554	13391	1
5318	13391	2
6700	13391	1
3154	13400	1
5018	13400	1
9175	13400	1
9394	13400	1
9704	13400	1
579	13425	1
1744	13425	1
2561	13425	1
2825	13425	1
2946	13425	1
6392	13425	1
6700	13425	1
6859	13425	1
8321	13425	1
8865	13425	1
9347	13425	1
8014	13452	1
1017	13455	1
2463	13455	1
3109	13455	1
4017	13455	1
4396	13455	1
5318	13455	1
5648	13455	2
5794	13455	1
6301	13455	1
6472	13455	1
6567	13455	1
7789	13455	1
7977	13455	1
9208	13455	1
3392	13520	1
3835	13520	1
3840	13520	1
6619	13520	1
6700	13520	1
6972	13520	1
9448	13520	1
5864	13623	1
5892	13623	1
9801	13623	1
4909	13662	1
8915	13662	1
1350	13714	1
2049	13714	1
2097	13714	1
3087	13714	1
5267	13714	1
1168	13773	1
8865	13773	1
1952	13809	1
211	13891	1
2616	13891	1
3917	13891	1
6700	13891	1
9175	13891	1
2745	13978	1
4127	13978	1
6557	13978	1
8899	13978	1
9526	13978	1
5892	14258	1
579	14317	1
1919	14317	1
4094	14317	1
4215	14317	1
7068	14317	1
7800	14317	2
8681	14317	1
9526	14317	1
3178	14446	1
6149	14446	1
9046	14446	1
995	14504	1
3610	14504	1
4127	14504	1
6045	14504	1
9526	14504	1
3034	14531	1
6166	14531	1
6565	14531	1
7735	14531	1
735	14576	1
1835	14576	1
4127	14576	1
5476	14576	1
6304	14576	1
6699	14576	1
9589	14576	1
9719	14576	1
9953	14576	1
10050	14576	1
1296	14603	1
2090	14603	1
3790	14603	1
7532	14603	2
8107	14603	1
733	14611	1
5267	14611	1
8969	14611	1
1475	14625	1
6266	14625	1
6963	14625	1
4162	14648	1
8897	14648	1
5794	14656	1
8987	14656	1
9757	14656	1
925	14786	1
2619	14786	1
2620	14786	1
3652	14786	1
4111	14786	2
6304	14786	1
6844	14786	1
7776	14786	1
8294	14786	1
8969	14786	1
63	14792	1
3349	14792	1
5029	14792	1
7410	14792	1
6239	14817	1
4056	14860	1
4127	14860	1
4456	14860	1
6301	14860	1
6849	14860	1
8389	14860	1
9853	14860	1
1602	15047	1
2621	15047	1
4973	15047	1
6565	15047	1
6725	15047	1
7169	15047	1
8803	15047	1
1689	15060	1
1958	15072	1
4890	15072	1
9561	15072	1
5318	15366	1
3735	15398	1
4066	15460	1
136	15488	1
3408	15488	1
8969	15488	1
3408	15525	1
8969	15525	1
1132	15561	1
2410	15561	1
4127	15561	1
5892	15561	1
6609	15561	1
8571	15561	1
2192	15565	1
7792	15565	1
2155	15785	1
5318	15785	1
9546	15785	1
136	15788	1
2157	15788	1
5318	15788	1
9546	15788	1
2220	15834	1
9193	15834	1
9232	15834	1
2030	15844	1
7041	15844	1
8553	15844	1
9546	15844	1
9669	15844	1
5172	15861	1
1132	15881	1
3252	15881	1
4127	15881	2
5384	15881	3
6037	15881	1
6304	15881	2
9889	15881	1
726	15894	1
1382	15894	1
3034	15894	1
8150	15894	1
8368	15894	1
8560	15894	2
1602	15905	1
2477	15905	1
3068	15905	1
3822	15905	1
3885	15905	1
5153	15905	1
5864	15905	1
8594	15905	1
9103	15905	1
9479	15905	1
579	15910	1
1941	15910	1
3501	15910	1
4205	15910	1
8298	15910	1
8547	15910	1
9672	15910	1
366	15956	1
9175	15956	1
5460	15994	1
5561	15994	1
5972	15994	1
6796	15994	1
7101	15994	1
7430	15994	1
8180	15994	1
9230	16015	1
5318	16019	1
1521	16215	1
1527	16215	1
6360	16215	1
3034	16231	1
3774	16236	1
7839	16236	1
9330	16236	1
5298	16242	1
7839	16242	1
7950	16242	1
557	16277	1
5909	16277	1
9330	16277	1
2433	16293	1
3228	16293	1
4395	16293	1
4403	16293	1
8865	16293	1
9642	16293	1
5482	16364	1
5318	16402	1
5794	16402	1
1747	16420	1
2644	16420	2
4223	16420	1
5364	16420	1
5794	16420	2
8201	16420	1
1095	16430	1
1580	16430	1
8969	16430	1
526	16553	1
726	16553	1
1267	16553	1
8213	16553	1
1329	16642	1
1602	16642	1
2192	16642	1
2616	16642	1
3106	16642	1
4846	16642	1
5766	16642	1
6859	16642	1
8865	16642	1
9672	16642	1
269	16658	1
2166	16658	1
6700	16658	1
9669	16658	1
3575	16710	1
8969	16710	1
3042	16738	1
3584	16738	1
3949	16738	1
4056	16738	1
5482	16738	1
7638	16738	1
9895	16738	1
331	17053	1
1074	17053	1
1679	17053	1
2023	17053	1
2176	17053	1
8213	17053	1
8432	17053	1
8684	17053	1
8685	17053	1
8887	17053	1
9526	17053	1
9925	17053	1
640	17058	1
5832	17058	1
9669	17058	1
1663	17103	1
5832	17103	1
793	17126	1
4056	17126	2
5226	17126	1
5482	17126	1
7266	17126	1
8817	17126	1
9625	17126	1
3591	17161	1
6785	17161	1
9190	17161	1
7	17182	1
979	17182	1
8242	17182	2
1602	17267	1
4466	17267	1
9669	17267	1
1810	17445	1
2220	17445	1
6768	17445	1
8380	17445	1
4111	17450	1
6025	17450	1
7876	17450	1
8969	17450	1
3720	17461	1
8218	17461	1
1067	17508	1
2931	17508	1
6243	17508	1
9526	17508	1
3702	17609	6
5079	17609	1
5832	17609	1
9193	17609	1
1730	17632	1
3702	17632	7
5079	17632	1
5832	17632	1
9193	17632	1
5832	17736	1
8145	17736	1
1602	17774	1
5783	17774	1
5832	17774	1
8865	17774	1
5226	17843	1
5318	17843	1
8218	17843	1
8624	17843	1
8865	17843	1
9784	17843	1
2193	17874	1
5430	17874	1
8969	17874	1
421	17903	1
3538	17903	1
3872	17903	1
1689	17907	1
8865	17907	1
3774	17915	1
7839	17915	1
3511	17962	1
5226	17962	1
6870	17962	1
8038	17962	1
9924	17962	1
63	17966	1
6870	17966	1
8038	17966	1
8452	17966	1
1268	18019	1
6338	18019	1
7660	18019	1
8576	18019	1
9926	18019	1
3984	18030	1
5713	18030	1
7427	18030	1
7776	18030	1
677	18072	1
2366	18072	1
3501	18072	1
3735	18072	1
5240	18072	1
8865	18072	1
1261	18189	1
2074	18189	1
4127	18189	1
4493	18189	1
5892	18189	1
8594	18189	1
8865	18189	1
579	18203	1
1267	18203	1
3392	18203	1
3873	18203	1
6859	18203	1
8806	18203	1
579	18288	1
3873	18288	1
4214	18288	1
5239	18288	1
6149	18288	1
8229	18288	1
8808	18288	1
8865	18288	1
4127	18370	1
6272	18370	1
8865	18370	1
925	18396	1
1048	18396	1
1602	18396	1
3728	18396	1
6763	18396	1
8425	18396	1
8865	18396	1
768	18398	1
3126	18398	1
1632	18409	1
5430	18409	1
6899	18409	1
8594	18409	1
9148	18409	1
5318	18526	1
7581	18526	1
2470	18544	1
3371	18544	1
4127	18544	2
4448	18544	1
4449	18544	1
4450	18544	1
4834	18544	1
6433	18544	1
7621	18544	1
8865	18544	1
9166	18544	1
9365	18544	1
9716	18544	1
471	18554	1
7885	18554	1
2470	18560	1
3371	18560	1
4127	18560	2
4448	18560	1
4449	18560	1
4450	18560	1
4834	18560	1
6433	18560	1
8865	18560	1
9365	18560	1
9716	18560	1
9915	18560	1
4127	18580	2
4196	18580	1
4449	18580	1
4450	18580	1
1034	18588	1
1253	18588	1
2470	18588	1
2483	18588	1
4127	18588	2
4196	18588	1
4448	18588	1
4450	18588	1
6472	18588	1
6955	18588	1
7621	18588	1
9924	18588	1
1034	18595	1
1253	18595	1
2470	18595	1
2483	18595	1
4127	18595	2
4196	18595	1
4448	18595	1
4449	18595	1
6472	18595	1
6955	18595	1
7621	18595	1
2445	18636	1
5107	18636	1
6562	18636	1
6593	18636	1
7399	18636	1
7857	18636	1
8740	18636	1
8865	18636	1
9011	18636	1
9265	18636	1
9394	18636	1
9763	18636	1
9824	18636	1
1835	18650	1
3872	18650	1
9727	18650	1
613	18667	1
9010	18667	1
716	18676	1
3493	18676	1
9890	18676	1
534	18678	1
772	18678	1
4102	18678	1
4127	18678	1
4448	18678	1
4449	18678	1
4450	18678	1
7956	18678	1
8865	18678	1
2999	18723	1
8191	18723	1
857	18754	1
2470	18754	1
2505	18754	1
3371	18754	1
4127	18754	2
4195	18754	1
4450	18754	1
4451	18754	1
6433	18754	1
6618	18754	1
7658	18754	1
9121	18754	1
2997	18757	1
4644	18757	1
5370	18757	1
6618	18757	1
7235	18757	1
8042	18757	1
9784	18757	1
857	18773	1
2470	18773	1
2505	18773	1
3371	18773	1
4127	18773	2
4195	18773	1
4448	18773	1
4451	18773	1
6433	18773	1
6618	18773	1
7621	18773	1
7658	18773	1
9121	18773	1
9166	18773	1
844	18829	1
4644	18829	1
8218	18829	1
8246	18829	1
5234	18832	1
9198	18832	1
857	18847	1
3822	18847	1
857	18881	1
2470	18881	1
2505	18881	1
3371	18881	1
4127	18881	2
4195	18881	1
4448	18881	1
4451	18881	1
6433	18881	1
6618	18881	1
7658	18881	1
9121	18881	1
2543	18900	1
5318	18900	1
78	19199	1
1554	19199	1
2427	19199	1
4298	19297	1
4550	19297	1
5854	19297	1
8091	19297	1
2477	19361	1
2540	19361	1
4298	19361	1
5258	19361	1
7581	19361	1
8182	19361	1
9669	19361	1
9890	19361	1
71	19427	1
1835	19427	1
4298	19427	1
5700	19427	1
6561	19427	1
7465	19427	1
9890	19427	2
71	19545	1
2445	19545	1
4298	19545	1
6561	19545	1
8865	19545	1
473	19718	1
7106	19718	1
8995	19718	1
1702	19864	1
691	19878	1
1210	19878	1
5460	19878	1
5730	19878	1
6631	19878	1
9149	19878	1
3140	19981	1
3568	19981	1
8969	19981	1
1162	19985	1
3752	19985	1
7377	19985	1
8064	19985	2
8865	19985	1
9561	19985	1
9627	19985	1
1123	20002	1
3900	20002	1
6654	20002	1
5235	20230	1
1031	20485	1
5077	20485	1
9561	20485	1
1505	20674	1
2048	20674	1
2136	20674	1
4127	20674	1
4877	20674	1
8423	20674	1
1013	20704	1
5444	20704	2
7213	20704	1
7543	20704	2
8252	20704	1
9054	20704	1
9717	20704	1
1933	20769	1
8602	20769	1
8969	20769	1
1389	20771	1
4056	20771	1
8688	20771	1
184	20827	1
895	20827	1
3900	20827	1
4056	20827	1
8688	20827	1
3657	21008	1
3273	21051	1
3886	21051	1
5365	21051	1
8969	21051	1
3034	21233	2
3182	21233	1
2616	21280	1
1203	21349	1
3735	21349	1
9030	21349	1
9610	21349	1
63	21417	1
6563	21417	1
8842	21417	1
341	21433	1
2188	21433	1
6149	21433	1
8865	21433	1
8909	21433	1
1576	21516	1
2819	21516	1
5374	21516	1
5892	21516	1
8865	21516	1
9126	21516	1
862	21603	1
5226	21603	1
9226	21603	1
1098	21875	1
1580	21875	1
3702	21875	1
4127	21875	1
2059	22412	1
3294	22412	1
3349	22412	1
7986	22412	1
9458	22412	1
201	22452	2
1246	22452	1
2440	22452	1
4127	22452	1
7412	22452	1
8217	22452	1
9238	22452	1
341	22453	1
3294	22453	1
4225	22453	1
6166	22453	1
8175	22453	1
8536	22453	1
9526	22453	1
141	22463	1
4707	22621	1
855	22737	1
3024	22737	1
3091	22737	1
3460	22737	1
3501	22737	1
3735	22737	1
5351	22737	1
9068	22737	1
1759	22810	1
1892	22810	1
3702	22810	1
5389	22810	1
5972	22810	1
7563	22810	1
9581	22810	1
8685	22822	1
4088	22849	1
5226	22849	1
6119	22849	1
8969	22849	1
579	23006	2
1029	23006	1
2459	23006	1
3305	23006	1
6119	23006	1
6326	23006	1
8057	23006	1
8796	23006	1
2446	23040	1
2448	23040	1
6725	23040	1
2059	23173	1
5200	23173	1
8395	23173	1
8925	23173	1
3314	23214	1
6700	23214	1
7730	23214	1
8806	23214	1
4017	23295	1
4502	23295	1
5200	23295	1
6149	23295	1
8998	23295	1
9130	23295	1
63	23305	1
2577	23305	1
4661	23305	1
5267	23305	1
8150	23305	1
8054	23386	1
9049	23386	1
9803	23386	1
936	23444	1
2531	23444	1
2703	23444	1
2750	23444	1
3170	23444	1
7962	23444	1
9625	23444	1
329	23666	1
1649	23666	1
2787	23666	1
5267	23666	1
7112	23666	1
9527	23666	1
4214	23761	1
9926	23761	1
952	24225	1
1580	24225	1
3900	24225	1
243	24242	1
8865	24242	1
7830	24349	1
626	24353	1
637	24353	1
1326	24428	1
2427	24428	1
4875	24428	1
5794	24665	1
1013	24715	1
5139	24715	1
5940	24715	1
6338	24715	1
6339	24715	1
3821	24717	1
4642	24717	1
5242	24717	1
8865	24717	1
4009	24853	1
4127	24853	1
6566	24853	1
6934	24853	1
4456	25072	1
5460	25072	1
7031	25072	1
8377	25072	1
8865	25072	1
1031	25529	1
1702	25529	1
3211	25529	1
4127	25529	1
9870	25529	1
2205	25686	1
2703	25686	1
3984	25686	1
4660	25686	1
6346	25686	1
7365	25686	1
7899	25686	1
8150	25686	1
8508	25686	1
9526	25686	2
9265	25795	1
9534	25795	1
9669	25795	1
2063	25884	1
4127	25884	2
4639	25884	1
6549	25963	1
7305	25963	1
9681	25963	1
1132	25964	1
3041	25964	1
4127	25964	1
5318	25964	1
6025	25964	1
6609	25964	1
8571	25964	1
1132	26270	1
4127	26270	1
5476	26270	1
6304	26270	1
6609	26270	1
8571	26270	1
626	26295	1
637	26295	1
3915	26295	1
5267	26295	1
2188	26320	1
6266	26320	1
8074	26320	1
9561	26320	1
3765	26372	1
4215	26372	1
8142	26385	1
5096	26500	1
8995	26500	1
655	26513	1
865	26513	1
541	26635	1
5241	26635	1
878	26657	1
4542	26657	1
4814	26657	1
5474	26657	1
6489	26657	1
6701	26657	1
7433	26657	1
7756	26657	1
8580	26657	1
9418	26657	1
9582	26657	1
2097	26697	1
3752	26697	1
4814	26697	1
7743	26697	1
8351	26697	1
32	26821	1
5267	26821	1
5460	26821	1
6700	26821	1
6894	26821	1
8865	26821	1
8969	26821	1
9924	26821	1
9974	26821	1
9975	26821	1
875	26831	1
1009	26831	1
4127	26831	1
4329	26831	1
4418	26831	1
5381	26831	1
5476	26831	1
5866	26831	1
7664	26831	1
4088	26847	1
857	26872	1
878	26872	1
3822	26872	1
4088	26872	1
1086	26911	1
9589	26911	1
626	27001	1
637	27001	1
1086	27001	1
6998	27001	1
878	27044	1
1758	27044	1
37	27085	1
915	27085	1
3182	27085	1
5267	27085	1
1780	27180	1
6998	27180	1
7057	27180	1
3366	27256	1
579	27293	1
2284	27293	1
3914	27293	1
5616	27293	1
8010	27293	1
8187	27293	1
4896	27597	1
5292	27597	1
5301	27597	1
7128	27597	1
8213	27597	1
8368	27597	1
9809	27597	1
3034	27615	1
5301	27615	1
243	27616	1
811	27616	1
1833	27616	1
2254	27616	1
2864	27616	1
3091	27616	1
4214	27616	1
4994	27616	1
8246	27616	1
2446	27647	1
3154	27647	1
3649	27647	1
6661	27647	1
8507	27647	1
9365	27647	1
4127	27693	1
5018	27693	1
1548	27705	1
4026	27705	1
5226	27705	1
6370	27705	1
8213	27705	1
2647	27795	1
3079	27795	1
3182	27795	1
3873	27795	1
4070	27795	1
5614	27795	1
8520	27795	1
8969	27795	1
2157	27852	1
2326	27852	1
3228	27852	1
3869	27852	1
7365	27852	1
8562	27852	1
9455	27852	1
9546	27852	1
504	27897	1
1632	27897	1
2932	27897	1
6562	27897	1
6769	27897	1
9561	27897	1
1331	27989	1
3822	27989	1
5632	27989	1
6769	27989	1
8017	27989	1
8026	27989	1
9526	27989	1
1580	28042	1
4127	28042	1
4329	28042	1
5476	28042	1
6769	28042	1
6972	28042	1
7191	28042	1
8380	28042	1
9453	28042	1
9974	28042	1
1707	28064	1
2896	28064	1
3822	28064	1
4281	28064	1
4340	28064	1
5632	28064	1
6769	28064	1
8017	28064	1
9526	28064	1
9800	28064	1
9805	28064	1
72	28168	1
2330	28168	1
6700	28168	1
6879	28168	1
7068	28168	1
2514	28311	1
4127	28311	1
6547	28311	1
7157	28311	1
8684	28311	1
8865	28311	1
9201	28311	1
9754	28311	1
9890	28311	1
9962	28311	1
2886	28396	1
2762	28407	1
8042	28407	1
2750	28433	1
4875	28433	1
6166	28433	1
8122	28433	1
8145	28433	1
8380	28433	1
4233	28441	1
4517	28441	1
4517	28464	1
140	28489	1
4517	28489	1
5267	28489	1
2768	28612	1
4517	28612	1
3691	28629	1
3784	28823	1
4127	28823	1
4517	28823	1
8213	28823	1
8865	28823	1
8874	28823	1
9232	28823	1
3873	28829	1
4517	28829	1
8684	28829	1
