59809
59810
59811
59816
59822
59824
59825
59844
59845
59852
59855
59856
59859
59868
59871
59872
59877
59881
59884
59887
59890
59894
59895
59907
59911
59922
59923
59924
59936
59937
59939
59940
59946
59949
59954
59956
59959
59967
59968
59979
59982
59986
59993
59997
60010
60013
60026
60028
60033
60034
60035
60038
60049
60050
60057
60062
60080
60099
60107
60108
60110
60117
60123
60133
60134
60140
60144
60149
60151
60163
60164
60166
60170
60172
60173
60178
60185
60187
60192
60195
60196
60200
60202
60217
60218
60229
60231
60238
60241
60244
60252
60253
60259
60260
60269
60280
60292
60296
60310
60314
60321
60327
60330
60339
60344
60349
60354
60356
60358
60363
60364
60369
60372
60378
60379
60381
60382
60384
60393
60397
60398
60401
60404
60405
60414
60416
60417
60418
60422
60424
60436
60438
60445
60458
60466
60467
60469
60474
60482
60483
60486
60494
60508
60511
60516
60522
60530
60532
60546
60548
60549
60551
60552
60553
60554
60565
60577
60579
60587
60588
60590
60593
60595
60596
60598
60604
60606
60618
60629
60630
60634
60640
60645
60657
60658
60662
60663
60666
60668
60670
60676
60679
60689
60690
60692
60706
60715
60721
60722
60732
60740
60743
60744
60748
60750
60758
60760
60762
60764
60787
60790
60804
60806
60808
60809
60810
60811
60819
60822
60824
60830
60831
60835
60852
60858
60861
60871
60880
60885
60888
60894
60896
60901
60911
60923
60931
60934
60936
60937
60938
60950
60954
60957
60979
60986
61009
61015
61016
61022
61025
61033
61042
61043
61051
61055
61063
61064
61065
61068
61069
61071
61074
61080
61092
61096
61105
61109
61119
61125
61126
61130
61132
61133
61138
61140
61142
61143
61145
61146
61147
61151
61157
61167
61169
61171
61181
61186
61201
61206
61213
61216
61225
61228
61229
61237
61240
61241
61255
61257
61263
61271
61276
61281
61284
61286
61292
61298
61301
61310
61311
61313
61318
61330
61332
61338
61341
61358
61359
61362
61367
61369
61378
61379
61385
61390
61402
61415
61418
61421
61425
61426
61439
61450
61458
61464
61471
61483
61484
61491
61500
61520
61525
61530
61544
61552
61555
61577
61586
61589
61593
61595
61596
61604
61613
61616
61617
61618
61620
61622
61625
61632
61642
61647
61649
61654
61659
61673
61682
61683
61687
61702
61705
61721
61724
61733
61741
61749
61753
61754
61755
61761
61763
61769
61773
61775
61776
61777
61786
61788
61793
61796
61806
61812
61830
61831
61848
61850
61857
61865
61866
61876
61877
61881
61882
61883
61886
61893
61897
61898
61899
61900
61903
61919
61920
61922
61932
61939
61950
61952
61953
61958
61959
61960
61961
61964
61969
61970
61977
61979
61989
61993
61999
62011
62014
62019
62020
62027
62028
62031
62040
62043
62048
62055
62058
62063
62068
62078
62082
62085
62087
62092
62093
62095
62098
62109
62119
62122
62131
62134
62139
62140
62141
62146
62150
62152
62153
62164
62166
62168
62182
62191
62192
62196
62206
62209
62213
62217
62218
62221
62224
62231
62232
62233
62235
62238
62244
62247
62248
62249
62254
62255
62258
62260
62263
62266
62272
62274
62282
62283
62287
62293
62299
62303
62304
62315
62320
62321
62325
62327
62330
62331
62335
62343
62346
62352
62360
62362
62365
62366
62367
62369
62370
62373
62376
62379
62383
62385
62396
62400
62403
62406
62410
62411
62415
62425
62428
62429
62432
62438
62441
62442
62446
62447
62451
62452
62453
62458
62463
62468
62471
62472
62479
62482
62485
62494
62497
62503
62506
62507
62508
62516
62541
62546
62552
62554
62555
62560
62566
62569
62573
62577
62580
62581
62587
62588
62592
62593
62595
62596
62597
62598
62605
62608
62611
62616
62617
62620
62622
62643
62648
62649
62661
62666
62668
62676
62679
62680
62690
62693
62695
62698
62708
62715
62723
62725
62726
62731
62736
62738
62743
62748
62749
62754
62757
62760
62761
62763
62777
62791
62792
62798
62807
62809
62810
62814
62815
62822
62831
62832
62833
62836
62837
62839
62841
62845
62848
62849
62854
62860
62877
62880
62881
62885
62888
62892
62894
62900
62902
62915
62920
62924
62930
62934
62959
62968
62969
62975
62980
62981
62982
62984
62989
62992
62994
62998
63001
63007
63014
63017
63019
63021
63024
63039
63045
63046
63047
63054
63060
63065
63069
63075
63093
63101
63106
63109
63117
63127
63129
63130
63133
63140
63145
63150
63154
63157
63160
63165
63166
63167
63169
63173
63174
63178
63180
63182
63184
63188
63189
63190
63195
63196
63199
63210
63211
63212
63214
63215
63220
63221
63227
63230
63232
63236
63244
63252
63255
63257
63259
63262
63271
63272
63277
63278
63283
63292
63300
63306
63308
63313
63314
63315
63317
63323
63331
63336
63347
63353
63356
63361
63365
63366
63378
63397
63399
63401
63410
63411
63415
63421
63425
63426
63429
63440
63442
63445
63457
63465
63477
63483
63494
63501
63509
63514
63526
63529
63530
63532
63537
63540
63553
63554
63559
63567
63571
63574
63577
63581
63583
63594
63597
63600
63601
63602
63611
63612
63615
63628
63631
63634
63637
63638
63639
63645
63647
63648
63650
63653
63657
63664
63665
63687
63691
63693
63697
63701
63707
63711
63716
63719
63723
63735
63739
63747
63750
63755
63761
63769
63770
63773
63784
63790
63791
63796
63799
63803
63814
63820
63830
63845
63850
63871
63896
63899
63903
63907
63913
63914
63916
63920
63935
63953
63968
63972
63974
64018
64025
64028
64036
64039
64040
64046
64050
64060
64078
64081
64082
64085
64092
64102
64105
64107
64108
64112
64115
64116
64120
64121
64130
64147
64150
64155
64156
64158
64162
64168
64171
64173
64176
64188
64192
64195
64198
64201
64203
64204
64206
64213
64217
64218
64223
64227
64230
64235
64239
64241
64246
64247
64248
64249
64251
64253
64257
64258
64261
64264
64271
64275
64277
64294
64299
64308
64309
64311
64312
64323
64325
64330
64331
64335
64336
64346
64356
64364
64373
64379
64380
64393
64394
64412
64413
64422
64427
64431
64436
64440
64441
64443
64448
64449
64458
64462
64469
64476
64490
64495
64517
64523
64527
64528
64529
64535
64538
64541
64543
64545
64556
64571
64577
64580
64590
64593
64595
64602
64608
64609
64613
64626
64630
64632
64651
64660
64664
64666
64673
64677
64689
64697
64700
64708
64711
64712
64716
64718
64726
64734
64747
64751
64756
64766
64773
64783
64798
64800
64806
64815
64817
64820
64821
64840
64843
64849
64855
64862
64863
64867
64868
64874
64882
64888
64890
64897
64901
64902
64906
64907
64910
64912
64917
64919
64926
64935
64936
64937
64942
64946
64947
64948
64959
64961
64964
64966
64975
64977
64987
64996
65004
65007
65008
65011
65012
65014
65015
65021
65026
65027
65028
65034
65035
65040
65043
65044
65047
65048
65054
65056
65057
65058
65061
65063
65074
65080
65084
65092
65094
65101
65103
65104
65107
65112
65115
65117
65118
65122
65123
65127
65132
65133
65135
65138
65139
65141
65142
65147
65150
65152
65153
65157
65158
65159
65160
65161
65162
65163
65164
65165
65166
65167
65168
65169
65176
65183
65187
65188
65189
65193
65198
65200
65201
65204
65208
65211
65213
65214
65218
65220
65223
65226
65227
65230
65233
65237
65242
65244
65248
65249
65258
65263
65265
65274
65283
65286
65289
65292
65295
65299
65300
65301
65303
65316
65318
65319
65320
65328
65330
65332
65334
65335
65342
65343
65346
65348
65349
65356
65357
65360
65361
65362
65364
65367
65371
65381
65383
65387
65397
65398
65401
65403
65415
65422
65439
65440
65443
65445
65449
65472
65475
65484
65486
65487
65491
65492
65497
65499
65504
65508
65510
65514
65517
65519
65521
65528
65533
65536
65545
65546
65558
65568
65572
65573
65574
65579
65580
65584
65586
65598
65618
65621
65623
65624
65631
65633
65636
65647
65650
65656
65657
65660
65671
65673
65675
65682
65685
65690
65694
65698
65705
65706
65707
65711
65713
65723
65725
65731
65740
65741
65747
65748
65754
65761
65763
65767
65772
65774
65775
65779
65783
65788
65807
65808
65811
65815
65817
65819
65822
65829
65830
65832
65833
65838
65841
65845
65846
65852
65853
65854
65860
65865
65868
65869
65872
65874
65878
65882
65885
65894
65904
65907
65908
65920
65921
65930
65931
65935
65937
65947
65948
65951
65953
65956
65957
65962
65964
65969
65971
65974
65981
65982
65988
66010
66019
66022
66023
66027
66031
66037
66045
66049
66056
66063
66065
66082
66084
66087
66092
66095
66102
66119
66126
66130
66131
66132
66133
66135
66141
66146
66147
66148
66152
66159
66164
66168
66180
66181
66184
66185
66187
66191
66195
66199
66200
66201
66202
66203
66206
66208
66213
66223
66227
66231
66233
66235
66241
66242
66243
66245
66246
66263
66267
66273
66274
66275
66281
66284
66287
66289
66295
66297
66298
66302
66303
66304
66316
66323
66325
66338
66339
66340
66351
66362
66374
66385
66393
66398
66400
66404
66405
66411
66414
66416
66420
66425
66431
66432
66434
66437
66445
66448
66451
66452
66458
66461
66462
66468
66470
66477
66486
66487
66492
66503
66510
66520
66523
66532
66533
66539
66543
66552
66555
66563
66571
66576
66580
66592
66609
66621
66626
66627
66629
66630
66639
66647
66651
66654
66659
66662
66663
66667
66670
66671
66673
66675
66677
66680
66682
66699
66701
66707
66708
66709
66714
66715
66718
66724
66730
66736
66747
66752
66753
66754
66760
66762
66764
66766
66776
66784
66786
66791
66795
66798
66803
66805
66809
66810
66811
66817
66820
66825
66828
66834
66836
66840
66841
66845
66851
66865
66869
66871
66873
66878
66880
66888
66889
66897
66898
66904
66905
66906
66908
66911
66919
66921
66925
66926
66928
66931
66932
66935
66937
66942
66944
66946
66950
66954
66955
66958
66959
66961
66968
66972
66976
66978
66984
66987
66988
66992
66995
66996
67000
67001
67002
67008
67009
67010
67014
67015
67016
67019
67024
67031
67034
67037
67038
67040
67041
67048
67050
67059
67068
67071
67072
67073
67075
67083
67101
67106
67112
67114
67115
67116
67120
67121
67123
67135
67137
67138
67142
67144
67148
67150
67152
67154
67158
67159
67164
67168
67170
67173
67175
67177
67188
67190
67196
67199
67203
67208
67209
67210
67220
67222
67226
67228
67229
67231
67235
67238
67239
67242
67243
67245
67246
67247
67248
67250
67251
67259
67279
67280
67282
67283
67287
67288
67291
67294
67295
67299
67323
67326
67328
67329
67330
67331
67333
67334
67339
67344
67360
67361
67366
67367
67369
67373
67377
67383
67387
67391
67396
67397
67399
67405
67409
67410
67419
67432
67433
67440
67441
67445
67446
67447
67451
67456
67459
67461
67472
67474
67475
67492
67493
67495
67497
67501
67503
67505
67508
67517
67520
67525
67528
67529
67530
67531
67533
67534
67542
67546
67548
67564
67571
67583
67589
67593
67599
67612
67616
67622
67626
67641
67654
67662
67675
67682
67688
67691
67695
67698
67704
67705
67708
67709
67712
67715
67719
67720
67721
67726
67730
67734
67735
67741
67745
67752
67760
67761
67763
67767
67771
67778
67787
67799
67804
67806
67807
67808
67809
67814
67815
67817
67818
67828
67829
67834
67835
67838
67840
67841
67842
67847
67856
67858
67860
67861
67868
67869
67871
67873
67877
67880
67895
67896
67897
67901
67904
67910
67912
67913
67922
67927
67930
67934
67948
67951
67953
67954
67955
67967
67968
67974
67977
67984
67989
67993
68000
68004
68006
68010
68012
68019
68033
68045
68047
68053
68054
68070
68071
68074
68076
68077
68079
68086
68087
68089
68091
68092
68102
68109
68112
68114
68123
68128
68129
68142
68144
68147
68152
68162
68165
68167
68174
68179
68181
68184
68188
68191
68201
68205
68206
68208
68211
68216
68222
68247
68253
68255
68260
68262
68276
68277
68283
68288
68290
68295
68296
68297
68298
68302
68303
68304
68305
68313
68314
68315
68317
68321
68325
68326
68329
68330
68331
68332
68337
68339
68346
68353
68354
68364
68374
68380
68382
68384
68387
68388
68391
68393
68394
68395
68396
68398
68403
68407
68408
68411
68419
68425
68428
68430
68431
68433
68443
68449
68450
68451
68452
68454
68455
68458
68462
68467
68470
68479
68480
68485
68493
68497
68500
68508
68510
68511
68513
68517
68518
68521
68523
68524
68526
68528
68530
68531
68534
68536
68538
68540
68542
68551
68552
68556
68560
68561
68568
68580
68583
68584
68587
68590
68595
68602
68603
68606
68607
68609
68613
68615
68618
68624
68628
68629
68630
68631
68636
68638
68642
68649
68650
68655
68656
68657
68658
68659
68663
68665
68668
68669
68681
68686
68688
68694
68695
68697
68705
68707
68709
68712
68719
68721
68725
68728
68731
68737
68738
68740
68748
68750
68751
68753
68755
68759
68770
68777
68779
68781
68782
68783
68792
68794
68798
68803
68804
68807
68810
68816
68823
68825
68830
68831
68832
68833
68838
68840
68844
68845
68849
68850
68853
68856
68858
68861
68862
68870
68872
68874
68881
68887
68889
68890
68896
68899
68904
68908
68909
68915
68916
68927
68929
68937
68951
68955
68956
68958
68960
68961
68962
68967
68968
68972
68975
68979
68982
68985
68991
69004
69009
69012
69020
69021
69023
69028
69030
69031
69039
69047
69048
69049
69050
69051
69053
69059
69066
69068
69072
69076
69079
69080
69090
69095
69117
69118
69120
69130
69133
69144
69147
69148
69152
69156
69157
69168
69173
69175
69180
69183
69186
69187
69189
69190
69196
69201
69203
69209
69210
69211
69212
69217
69220
69228
69235
69239
69243
69249
69257
69258
69259
69260
69271
69274
69276
69281
69291
69294
69297
69300
69301
69303
69304
69306
69316
69321
69322
69326
69329
69330
69336
69337
69348
69351
69352
69356
69358
69359
69362
69368
69376
69377
69387
69396
69402
69403
69405
69410
69411
69414
69421
69422
69424
69427
69431
69432
69433
69445
69447
69448
69449
69460
69462
69469
69470
69475
69478
69482
69484
69485
69492
69496
69499
69502
69505
69507
69509
69510
69511
69521
69524
69526
69527
69528
69533
69537
69542
69544
69545
69552
69553
69557
69568
69576
69580
69585
69593
69597
69601
69606
69611
69618
69619
69621
69626
69630
69631
69632
69633
69635
69637
69638
69641
69645
69650
69655
69656
69657
69664
69666
69673
69676
69681
69686
69687
69690
69691
69693
69696
69702
69703
69711
69716
69722
69723
69725
69726
69734
69736
69737
69740
69742
69753
69756
69765
69766
69767
69768
69769
69771
69777
69778
69782
69784
69788
69791
69792
69798
69799
69806
69809
69813
69817
69821
69822
69825
69830
69834
69841
69846
69848
69850
69852
69859
69864
69867
69868
69872
69877
69881
69882
69885
69888
69892
69893
69898
69904
69906
69922
69924
69928
69937
69938
69939
69946
69948
69951
69952
69958
69964
69967
69970
69972
69976
69979
69988
69991
69992
69995
69996
70001
70015
70017
70022
70031
70033
70034
70035
70037
70039
70040
70045
70051
70052
70054
70060
70067
70071
70073
70075
70080
70083
70084
70087
70094
70099
70101
70102
70104
70110
70112
70116
70121
70125
70126
70129
70133
70144
70148
70149
70151
70153
70154
70156
70162
70163
70165
70168
70172
70173
70174
70176
70178
70181
70184
70188
70193
70194
70197
70198
70209
70216
70219
70221
70222
70245
70247
70249
70251
70252
70257
70261
70262
70267
70268
70274
70278
70284
70287
70297
70303
70309
70311
70312
70322
70323
70335
70338
70343
70345
70347
70350
70357
70358
70365
70368
70372
70374
70375
70376
70383
70384
70397
70398
70399
70402
70403
70404
70405
70412
70416
70417
70420
70425
70429
70430
70432
70437
70438
70442
70444
70451
70461
70464
70471
70477
70479
70480
70485
70487
70490
70495
70502
70504
70505
70506
70517
70518
70523
70524
70526
70535
70541
70542
70543
70545
70547
70557
70578
70579
70582
70583
70586
70588
70590
70596
70604
70605
70606
70607
70610
70612
70614
70621
70622
70629
70631
70634
70639
70642
70649
70661
70662
70666
70667
70668
70672
70673
70675
70682
70685
70689
70691
70692
70693
70695
70696
70697
70698
70700
70704
70715
70717
70724
70726
70730
70731
70732
70744
70748
70749
70751
70753
70757
70758
70759
70760
70766
70768
70771
70776
70777
70779
70787
70794
70796
70797
70798
70800
70804
70809
70810
70814
70823
70825
70826
70833
70836
70838
70841
70842
70847
70852
70853
70863
70864
70867
70868
70870
70876
70877
70878
70880
70885
70890
70891
70894
70895
70896
70901
70912
70916
70920
70922
70923
70928
70941
70951
70955
70956
70958
70959
70961
70964
70973
70979
70983
70986
70993
70997
71000
71008
71015
71020
71022
71023
71025
71031
71043
71047
71059
71064
71069
71075
71076
71078
71083
71085
71092
71102
71108
71115
71127
71128
71132
71141
71143
71144
71160
71166
71170
71177
71186
71189
71191
71192
71196
71197
71202
71205
71207
71208
71215
71218
71226
71230
71232
71235
71240
71251
71257
71262
71264
71265
71266
71269
71270
71273
71276
71282
71285
71286
71290
71295
71300
71308
71326
71327
71328
71329
71332
71335
71345
71350
71353
71354
71355
71357
71364
71365
71367
71368
71369
71371
71374
71377
71383
71385
71390
71397
71400
71402
71403
71406
71410
71412
71414
71416
71417
71430
71432
71434
71438
71440
71441
71443
71444
71446
71451
71465
71470
71481
71489
71492
71493
71495
71512
71514
71516
71517
71520
71523
71526
71527
71528
71529
71534
71542
71545
71550
71552
71555
71556
71560
71561
71565
71569
71579
71584
71586
71587
71589
71592
71593
71595
71603
71607
71616
71621
71622
71623
71631
71633
71641
71644
71646
71647
71657
71660
71665
71666
71668
71669
71672
71676
71683
71690
71691
71696
71701
71703
71708
71709
71711
71716
71723
71724
71726
71727
71737
71739
71741
71744
71746
71748
71749
71761
71764
71769
71771
71773
71780
71784
71786
71788
71789
71795
71803
71805
71813
71814
71818
71822
71831
71837
71838
71839
71840
71853
71857
71859
71866
71871
71880
71882
71887
71890
71895
71899
71900
71901
71902
71903
71904
71908
71914
71916
71919
71921
71923
71925
71926
71932
71935
71937
71938
71944
71947
71948
71952
71956
71958
71963
71967
71970
71972
71973
71977
71978
71979
71981
71985
72000
72007
72008
72011
72012
72017
72024
72028
72029
72030
72033
72034
72035
72040
72042
72044
72046
72048
72052
72055
72056
72058
72061
72063
72069
72073
72080
72082
72086
72089
72093
72106
72107
72118
72139
72148
72166
72170
72172
72173
72174
72178
72183
72186
72191
72195
72198
72200
72202
72205
72208
72210
72213
72214
72215
72217
72218
72220
72221
72225
72231
72232
72233
72248
72252
72254
72257
72258
72259
72262
72266
72267
72269
72270
72274
72275
72276
72281
72282
72283
72284
72291
72293
72296
72298
72300
72301
72305
72306
72317
72319
72320
72332
72336
72339
72341
72347
72348
72351
72357
72360
72361
72366
72367
72374
72381
72382
72385
72386
72387
72393
72396
72400
72402
72404
72407
72408
72411
72413
72417
72423
72428
72430
72435
72439
72443
72444
72448
72464
72475
72481
72484
72490
72499
72500
72502
72508
72511
72513
72526
72529
72532
72533
72539
72542
72544
72554
72558
72562
72564
72569
72570
72571
72574
72575
72580
72582
72588
72592
72599
72600
72601
72602
72607
72614
72616
72619
72621
72624
72627
72629
72633
72635
72638
72642
72646
72650
72653
72658
72662
72663
72668
72671
72672
72675
72680
72685
72699
72702
72703
72706
72709
72714
72717
72718
72721
72723
72725
72726
72727
72740
72742
72743
72744
72749
72750
72752
72753
72754
72755
72756
72757
72766
72767
72768
72773
72778
72779
72781
72793
72795
72799
72804
72808
72815
72824
72827
72830
72831
72836
72837
72840
72845
72848
72852
72854
72855
72857
72860
72861
72862
72864
72875
72877
72879
72895
72899
72903
72906
72909
72915
72916
72917
72927
72928
72932
72933
72935
72938
72942
72947
72948
72949
72951
72953
72962
72967
72971
72973
72974
72980
72981
72983
72987
72989
72990
72991
73002
73008
73009
73012
73015
73026
73027
73028
73033
73034
73036
73037
73038
73044
73046
73047
73052
73061
73073
73078
73080
73082
73092
73094
73104
73105
73108
73112
73129
73134
73135
73138
73142
73151
73152
73154
73156
73164
73166
73167
73172
73182
73190
73195
73196
73199
73205
73212
73214
73216
73217
73218
73227
73239
73242
73247
73252
73256
73261
73265
73271
73274
73280
73281
73285
73293
73297
73298
73301
73304
73308
73309
73310
73314
73320
73324
73329
73331
73337
73343
73347
73353
73355
73356
73366
73369
73375
73381
73384
73390
73391
73392
73394
73408
73415
73423
73431
73437
73439
73442
73456
73457
73466
73468
73484
73486
73488
73491
73492
73493
73495
73496
73497
73499
73504
73509
73514
73517
73518
73524
73528
73533
73534
73536
73539
73541
73547
73549
73550
73555
73559
73562
73564
73565
73569
73572
73573
73576
73577
73581
73588
73592
73596
73597
73601
73608
73613
73614
73617
73618
73619
73623
73628
73632
73637
73642
73646
73649
73656
73659
73661
73667
73669
73672
73673
73674
73678
73689
73692
73695
73696
73697
73699
73700
73701
73703
73706
73707
73715
73720
73721
73724
73725
73728
73742
73745
73748
73755
73756
73761
73766
73767
73769
73776
73780
73782
73795
73796
73798
73799
73800
73801
73803
73809
73812
73817
73823
73825
73839
73849
73851
73852
73860
73864
73866
73877
73878
73886
73890
73893
73895
73897
73899
73908
73909
73910
73916
73920
73924
73929
73932
73934
73935
73936
73943
73945
73949
73961
73967
73969
73974
73976
73977
73983
73985
73987
73997
74001
74008
74012
74013
74015
74016
74017
74022
74024
74028
74035
74038
74042
74043
74045
74049
74051
74059
74062
74074
74077
74081
74082
74090
74093
74097
74098
74100
74102
74104
74111
74118
74124
74125
74129
74133
74137
74139
74141
74154
74155
74158
74162
74163
74168
74169
74171
74172
74173
74177
74180
74183
74190
74194
74201
74203
74204
74210
74213
74214
74221
74224
74226
74229
74231
74233
74235
74236
74238
74239
74242
74243
74244
74245
74251
74253
74258
74266
74267
74270
74277
74282
74288
74291
74295
74305
74306
74308
74312
74314
74331
74337
74344
74347
74348
74352
74354
74357
74361
74364
74365
74368
74376
74379
74383
74389
74394
74398
74405
74407
74413
74414
74416
74417
74419
74422
74424
74425
74426
74433
74437
74440
74444
74446
74451
74454
74455
74458
74466
74468
74469
74471
74472
74474
74482
74488
74490
74491
74494
74496
74499
74502
74506
74508
74509
74511
74512
74513
74516
74517
74519
74520
74523
74529
74536
74547
74551
74563
74567
74570
74574
74578
74579
74582
74590
74591
74594
74596
74599
74601
74611
74615
74618
74619
74624
74625
74626
74630
74632
74635
74642
74643
74645
74646
74649
74652
74658
74659
74665
74667
74669
74672
74677
74681
74685
74689
74693
74695
74697
74699
74701
74703
74704
74706
74707
74712
74715
74719
74724
74725
74726
74729
74732
74735
74736
74737
74741
74743
74744
74747
74750
74753
74755
74758
74759
74760
74761
74768
74770
74771
74774
74779
74780
74781
74782
74787
74792
74794
74795
74798
74802
74806
74809
74811
74816
74822
74827
74829
74830
74831
74836
74842
74846
74851
74857
74863
74868
74869
74871
74874
74876
74878
74879
74886
74887
74890
74894
74896
74899
74902
74905
74907
74909
74914
74920
74921
74932
74940
74943
74944
74945
74947
74949
74951
74953
74955
74960
74961
74966
74968
74970
74973
74981
74982
74983
74986
74987
74989
74997
74998
75000
75008
75010
75011
75012
75023
75025
75030
75033
75034
75035
75040
75041
75042
75046
75047
75055
75056
75068
75073
75074
75075
75076
75079
75083
75088
75093
75097
75099
75100
75101
75102
75103
75104
75105
75108
75110
75111
75114
75118
75119
75124
75129
75130
75131
75134
75136
75139
75140
75141
75146
75151
75152
75155
75156
75160
75161
75165
75173
75177
75180
75182
75184
75187
75188
75199
75201
75203
75206
75207
75208
75209
75211
75214
75215
75220
75226
75237
75248
75257
75259
75260
75261
75265
75267
75269
75270
75274
75281
75282
75283
75289
75290
75300
75301
75309
75311
75312
75313
75314
75317
75320
75328
75329
75333
75335
75338
75343
75344
75345
75346
75348
75351
75354
75355
75356
75358
75359
75367
75371
75385
75386
75391
75400
75404
75406
75407
75409
75414
75420
75423
75424
75428
75436
75441
75448
75450
75451
75459
75470
75475
75479
75482
75487
75493
75494
75497
75501
75503
75506
75507
75508
75516
75519
75530
75531
75536
75537
75544
75551
75554
75559
75564
75565
75568
75573
75585
75594
75595
75597
75601
75602
75606
75608
75610
75611
75616
75619
75622
75629
75630
75637
75638
75639
75643
75644
75648
75650
75661
75664
75668
75687
75688
75692
75694
75697
75700
75705
75706
75710
75712
75717
75720
75721
75723
75727
75729
75732
75734
75735
75738
75743
75744
75746
75748
75749
75750
75752
75753
75754
75755
75762
75774
75775
75778
75781
75794
75798
75801
75813
75814
75823
75824
75826
75827
75831
75837
75838
75839
75841
75846
75848
75849
75850
75854
75858
75866
75867
75870
75873
75880
75883
75887
75889
75891
75896
75898
75902
75911
75913
75918
75920
75925
75926
75927
75931
75938
75943
75944
75947
75961
75962
75971
75973
75974
75975
75980
75984
75987
75989
75990
75994
76000
76005
76007
76012
76019
76021
76023
76036
76040
76044
76048
76052
76054
76066
76068
76069
76070
76072
76076
76079
76080
76085
76089
76090
76093
76094
76097
76100
76104
76105
76116
76119
76121
76125
76128
76132
76134
76135
76136
76138
76146
76147
76152
76153
76161
76165
76169
76170
76171
76177
76178
76188
76189
76198
76200
76210
76212
76217
76220
76224
76233
76235
76240
76245
76246
76250
76253
76257
76258
76260
76261
76265
76268
76269
76270
76275
76279
76286
76292
76294
76297
76298
76309
76312
76316
76325
76327
76330
76333
76336
76340
76348
76355
76356
76357
76361
76366
76367
76370
76380
76382
76383
76387
76388
76396
76399
76401
76402
76406
76410
76412
76414
76421
76426
76427
76428
76430
76431
76433
76434
76435
76437
76444
76451
76455
76459
76462
76464
76465
76466
76484
76488
76495
76498
76504
76506
76507
76512
76515
76523
76524
76530
76531
76534
76536
76539
76541
76545
76553
76564
76566
76569
76573
76576
76588
76589
76590
76597
76599
76600
76603
76606
76607
76608
76609
76611
76613
76616
76622
76625
76626
76628
76633
76634
76636
76638
76642
76646
76655
76656
76662
76665
76668
76670
76681
76695
76697
76705
76711
76712
76719
76721
76723
76724
76727
76730
76731
76753
76758
76764
76768
76769
76772
76780
76783
76784
76790
76791
76793
76798
76800
76802
76804
76807
76810
76811
76812
76814
76815
76817
76818
76820
76821
76822
76824
76825
76826
76827
76842
76845
76854
76858
76863
76867
76870
76872
76880
76882
76887
76888
76891
76895
76897
76898
76901
76905
76908
76918
76921
76923
76934
76941
76943
76950
76951
76953
76956
76965
76973
76975
76976
76995
76997
76999
77000
77001
77002
77007
77010
77012
77014
77015
77017
77019
77021
77023
77028
77030
77031
77036
77037
77038
77039
77041
77044
77045
77046
77048
77062
77065
77069
77075
77084
77087
77092
77101
77103
77104
77105
77107
77110
77111
77116
77117
77118
77124
77125
77126
77129
77131
77135
77141
77142
77144
77146
77148
77151
77152
77153
77164
77166
77169
77170
77173
77179
77187
77192
77201
77203
77209
77219
77220
77221
77222
77224
77226
77238
77244
77246
77255
77257
77262
77265
77268
77269
77277
77279
77280
77281
77282
77284
77285
77286
77290
77291
77298
77299
77312
77320
77332
77333
77337
77338
77342
77343
77346
77347
77353
77354
77357
77360
77373
77377
77380
77385
77391
77393
77395
77400
77401
77407
77412
77417
77431
77440
77442
77444
77446
77447
77448
77450
77451
77457
77459
77460
77465
77467
77473
77474
77477
77478
77479
77480
77486
77489
77497
77498
77502
77505
77510
77519
77524
77527
77528
77534
77540
77544
77546
77552
77553
77555
77561
77562
77565
77573
77578
77586
77588
77590
77591
77597
77603
77616
77623
77629
77630
77631
77632
77634
77637
77639
77641
77642
77645
77646
77648
77649
77658
77662
77667
77668
77670
77674
77675
77680
77682
77684
77693
77694
77701
77702
77705
77711
77716
77718
77723
77724
77730
77733
77735
77741
77753
77755
77769
77770
77774
77780
77788
77792
77793
77796
77799
77805
77814
77820
77821
77829
77832
77836
77838
77855
77860
77865
77867
77871
77877
77886
77891
77895
77896
77902
77908
77911
77912
77913
77914
77917
77920
77925
77926
77927
77928
77932
77935
77945
77948
77963
77964
77966
77968
77969
77974
77975
77976
77978
77985
77986
77988
77993
77995
78000
78001
78002
78004
78005
78011
78013
78014
78021
78022
78024
78027
78038
78043
78046
78048
78049
78051
78059
78061
78063
78064
78067
78070
78071
78080
78082
78083
78084
78093
78096
78099
78104
78108
78110
78111
78113
78114
78119
78123
78124
78126
78131
78134
78138
78151
78152
78153
78158
78160
78161
78162
78168
78177
78179
78182
78188
78190
78191
78196
78197
78199
78209
78211
78215
78221
78235
78243
78245
78248
78252
78260
78263
78270
78271
78273
78275
78278
78280
78282
78285
78287
78290
78291
78292
78295
78297
78298
78304
78307
78311
78313
78318
78322
78324
78329
78330
78334
78335
78337
78339
78341
78343
78347
78348
78353
78356
78359
78361
78363
78364
78366
78367
78370
78373
78375
78378
78379
78383
78389
78394
78396
78397
78407
78408
78411
78415
78416
78420
78424
78428
78429
78430
78431
78433
78435
78437
78441
78445
78446
78452
78460
78462
78467
78484
78490
78491
78492
78497
78499
78504
78506
78511
78512
78526
78538
78540
78547
78551
78553
78554
78556
78557
78559
78561
78564
78569
78574
78577
78579
78582
78586
78587
78588
78589
78600
78606
78607
78608
78609
78612
78613
78617
78621
78624
78626
78634
78636
78638
78653
78655
78657
78663
78665
78666
78667
78676
78678
78681
78685
78686
78688
78689
78690
78694
78695
78697
78706
78707
78711
78714
78719
78721
78724
78728
78734
78744
78745
78746
78747
78750
78752
78753
78754
78758
78769
78774
78775
78776
78779
78782
78788
78795
78796
78797
78803
78805
78807
78808
78812
78817
78825
78826
78831
78834
78836
78839
78843
78844
78847
78848
78850
78853
78855
78856
78862
78863
78866
78868
78869
78872
78874
78880
78881
78883
78884
78886
78887
78888
78892
78893
78901
78903
78904
78907
78912
78915
78916
78917
78918
78925
78926
78927
78929
78932
78935
78942
78945
78947
78949
78954
78956
78958
78964
78972
78974
78975
78976
78979
78981
78982
78983
78985
78987
78990
79001
79002
79004
79010
79011
79012
79013
79015
79022
79035
79036
79039
79040
79041
79042
79045
79048
79050
79056
79057
79063
79077
79078
79079
79080
79081
79082
79086
79089
79090
79102
79103
79108
79115
79121
79128
79129
79130
79132
79135
79138
79140
79141
79145
79146
79150
79154
79155
79157
79162
79166
79171
79175
79176
79184
79185
79193
79197
79207
79212
79222
79231
79234
79237
79241
79243
79244
79255
79256
79259
79266
79267
79273
79281
79285
79292
79299
79306
79310
79313
79322
79326
79327
79331
79333
79339
79341
79343
79348
79349
79355
79360
79368
79371
79375
79377
79381
79382
79383
79385
79390
79398
79399
79401
79407
79414
79416
79419
79420
79423
79424
79425
79427
79429
79434
79438
79440
79446
79448
79449
79456
79457
79458
79460
79463
79467
79468
79470
79476
79482
79486
79487
79490
79498
79507
79510
79511
79513
79515
79517
79521
79523
79524
79525
79527
79528
79536
79538
79541
79544
79546
79548
79549
79550
79556
79559
79565
79569
79574
79577
79579
79580
79583
79589
79590
79592
79595
79596
79597
79603
79604
79606
79610
79612
79614
79615
79617
79618
79626
79631
79635
79638
79639
79644
79648
79654
79656
79657
79659
79661
79665
79669
79670
79672
79674
79675
79677
79678
79680
79693
79699
79702
79705
79706
79710
79712
79714
79717
79724
79729
79731
79732
79734
79745
79753
79758
79772
79773
79774
79780
79783
79788
79795
79800
79804
79808
79810
79812
79819
79822
79823
79834
79835
79841
79843
79845
79852
79853
79864
79866
79868
79869
79878
79882
79885
79888
79889
79894
79899
79901
79905
79925
79930
79932
79936
79940
79949
79962
79975
79976
79977
79978
79985
79987
79990
79995
80006
80012
80016
80017
80022
80027
80030
80034
80036
80037
80040
80042
80043
80044
80045
80047
80052
80059
80061
80065
80068
80070
80075
80080
80082
80096
80101
80103
80104
80107
80110
80115
80116
80121
80130
80131
80136
80138
80145
80149
80150
80165
80166
80170
80171
80173
80175
80178
80181
80188
80190
80195
80197
80199
80203
80204
80207
80211
80215
80223
80228
80229
80230
80232
80234
80235
80240
80245
80255
80256
80259
80260
80274
80282
80283
80284
80287
80293
80294
80297
80304
80309
80310
80314
80316
80319
80320
80322
80327
80333
80334
80335
80336
80337
80338
80340
80342
80345
80349
80356
80358
80364
80368
80369
80370
80371
80378
80403
80404
80405
80408
80410
80413
80418
80433
80445
80446
80447
80449
80452
80466
80471
80477
80482
80483
80486
80487
80490
80492
80493
80497
80501
80503
80507
80508
80514
80516
80517
80531
80532
80533
80555
80557
80561
80562
80563
80566
80567
80568
80572
80583
80598
80600
80610
80611
80614
80616
80617
80619
80620
80621
80634
80635
80636
80637
80641
80648
80655
80658
80659
80671
80673
80674
80676
80682
80688
80689
80691
80695
80697
80699
80700
80702
80705
80709
80714
80718
80720
80721
80723
80733
80737
80739
80741
80742
80748
80754
80755
80758
80761
80769
80771
80772
80774
80776
80777
80781
80783
80789
80790
80798
80804
80815
80821
80822
80823
80826
80827
80831
80833
80836
80844
80850
80859
80863
80866
80867
80868
80869
80871
80873
80875
80878
80879
80880
80881
80882
80883
80886
80890
80892
80900
80902
80906
80910
80915
80918
80919
80920
80921
80924
80930
80936
80939
80944
80948
80949
80951
80955
80958
80967
80969
80977
80979
80982
80984
80986
80987
80990
80999
81003
81008
81010
81012
81013
81014
81016
81018
81019
81026
81028
81030
81034
81038
81041
81050
81053
81055
81056
81058
81062
81063
81073
81080
81086
81091
81092
81093
81102
81107
81115
81116
81118
81121
81123
81127
81128
81131
81134
81140
81141
81144
81145
81147
81152
81158
81163
81166
81169
81173
81174
81180
81184
81190
81191
81193
81196
81202
81211
81216
81221
81222
81225
81226
81227
81228
81230
81241
81259
81264
81267
81276
81277
81280
81284
81290
81292
81294
81295
81296
81297
81300
81305
81307
81309
81313
81314
81317
81318
81319
81320
81322
81326
81328
81329
81331
81333
81337
81338
81347
81352
81353
81354
81359
81360
81362
81363
81368
81378
81381
81382
81387
81389
81390
81393
81394
81397
81400
81408
81411
81415
81418
81419
81422
81424
81425
81427
81430
81432
81438
81445
81447
81449
81450
81453
81455
81457
81462
81464
81472
81479
81492
81495
81499
81500
81501
81506
81508
81512
81523
81525
81527
81528
81534
81535
81536
81551
81552
81555
81556
81559
81560
81561
81566
81569
81587
81588
81591
81592
81595
81599
81608
81610
81614
81615
81618
81632
81633
81643
81644
81648
81650
81653
81659
81664
81670
81682
81683
81688
81693
81695
81706
81712
81713
81720
81723
81728
81733
81734
81736
81738
81739
81741
81745
81746
81754
81759
81765
81769
81770
81772
81780
81786
81791
81795
81796
81797
81798
81799
81800
81802
81803
81805
81815
81818
81819
81821
81825
81826
81827
81834
81837
81838
81850
81851
81853
81854
81855
81857
81858
81859
81860
81869
81871
81873
81874
81877
81878
81888
81889
81892
81893
81897
81901
81904
81906
81907
81908
81909
81910
81913
81914
81918
81919
81922
81933
81934
81935
81936
81939
81944
81945
81947
81949
81950
81952
81955
81957
81958
81962
81965
81971
81986
81987
81989
81990
81993
81994
81996
82000
82006
82008
82009
82014
82017
82018
82021
82026
82031
82032
82033
82036
82041
82042
82043
82046
82047
82050
82051
82053
82054
82055
82061
82062
82069
82073
82075
82078
82079
82082
82086
82090
82092
82095
82104
82106
82108
82113
82128
82130
82132
82134
82135
82136
82144
82154
82157
82164
82165
82168
82169
82171
82175
82179
82182
82185
82188
82190
82191
82192
82194
82195
82201
82203
82206
82207
82210
82215
82219
82220
82223
82225
82230
82231
82234
82237
82239
82241
82245
82247
82248
82251
82255
82262
82264
82266
82269
82275
82278
82281
82283
82285
82286
82289
82294
82295
82296
82301
82302
82314
82320
82323
82326
82334
82337
82338
82343
82347
82350
82352
82355
82356
82360
82364
82365
82369
82373
82380
82383
82393
82397
82400
82402
82427
82430
82431
82435
82443
82449
82452
82460
82466
82469
82470
82475
82483
82485
82491
82493
82495
82498
82502
82503
82507
82510
82511
82518
82520
82521
82531
82540
82548
82557
82564
82568
82575
82582
82588
82591
82593
82597
82600
82602
82611
82613
82619
82620
82625
82627
82631
82634
82636
82639
82640
82641
82642
82645
82650
82656
82659
82660
82663
82665
82666
82668
82670
82673
82675
82677
82682
82686
82690
82692
82693
82697
82699
82700
82701
82703
82708
82713
82714
82723
82729
82731
82742
82743
82745
82751
82754
82756
82759
82760
82761
82764
82770
82772
82792
82794
82795
82797
82814
82821
82833
82836
82838
82841
82843
82850
82857
82859
82861
82867
82870
82873
82880
82885
82888
82889
82892
82899
82901
82904
82910
82913
82917
82922
82924
82927
82930
82938
82942
82943
82954
82955
82960
82962
82963
82967
82971
82972
82974
82976
82982
82985
82998
83006
83011
83012
83014
83016
83017
83019
83022
83025
83027
83033
83035
83037
83043
83045
83050
83051
83056
83058
83062
83067
83069
83081
83084
83087
83096
83100
83110
83112
83113
83117
83120
83121
83125
83137
83150
83151
83157
83158
83162
83165
83166
83176
83183
83185
83205
83206
83214
83216
83221
83225
83226
83230
83231
83234
83237
83249
83250
83260
83266
83275
83281
83293
83308
83310
83318
83321
83322
83325
83332
83338
83340
83344
83346
83347
83349
83352
83358
83370
83380
83385
83390
83392
83395
83399
83405
83407
83409
83410
83418
83422
83430
83435
83436
83437
83440
83444
83449
83450
83454
83457
83458
83462
83464
83471
83481
83482
83483
83487
83492
83494
83497
83503
83513
83518
83523
83524
83525
83526
83536
83538
83545
83548
83552
83571
83573
83580
83582
83597
83598
83599
83600
83602
83605
83608
83614
83616
83635
83642
83648
83652
83654
83656
83661
83663
83664
83666
83671
83672
83675
83676
83677
83678
83681
83686
83690
83692
83699
83700
83712
83732
83737
83738
83749
83750
83751
83754
83764
83777
83782
83795
83800
83801
83805
83807
83820
83823
83833
83834
83840
83841
83842
83850
83852
83854
83855
83861
83872
83875
83885
83886
83889
83890
83901
83904
83905
83920
83922
83934
83935
83940
83954
83957
83962
83968
83969
83977
83985
83987
83993
83994
83999
84003
84007
84011
84013
84014
84016
84030
84032
84035
84042
84043
84051
84055
84056
84057
84059
84061
84064
84065
84066
84074
84076
84089
84090
84091
84099
84100
84110
84116
84117
84120
84125
84130
84135
84143
84151
84155
84157
84160
84163
84167
84172
84178
84180
84181
84183
84188
84189
84197
84201
84203
84207
84208
84209
84221
84223
84230
84232
84234
84235
84238
84241
84246
84248
84250
84254
84260
84274
84277
84278
84279
84280
84284
84285
84287
84288
84289
84296
84298
84302
84306
84309
84324
84327
84335
84344
84346
84350
84352
84354
84355
84356
84360
84365
84377
84383
84386
84388
84389
84390
84391
84393
84395
84398
84400
84419
84422
84427
84429
84430
84436
84437
84442
84443
84445
84446
84453
84455
84456
84458
84463
84465
84468
84472
84477
84480
84481
84485
84497
84500
84503
84506
84509
84514
84523
84524
84529
84536
84537
84538
84539
84546
84548
84549
84554
84559
84562
84564
84566
84568
84573
84574
84580
84584
84587
84589
84594
84601
84603
84605
84607
84612
84618
84620
84625
84626
84629
84640
84641
84644
84648
84650
84654
84661
84662
84665
84667
84669
84671
84675
84677
84678
84682
84683
84692
84696
84698
84699
84700
84701
84704
84710
84714
84716
84717
84721
84724
84732
84733
84740
84762
84763
84764
84765
84774
84778
84779
84782
84783
84785
84793
84799
84808
84811
84812
84815
84816
84817
84819
84821
84824
84826
84833
84834
84842
84846
84855
84860
84862
84875
84876
84879
84880
84881
84885
84886
84892
84893
84902
84904
84912
84914
84923
84925
84926
84927
84929
84934
84937
84939
84940
84944
84948
84953
84967
84970
84971
84975
84979
84990
84991
84992
84997
84998
85001
85003
85004
85012
85023
85025
85028
85031
85035
85039
85041
85042
85048
85053
85054
85060
85061
85063
85067
85078
85083
85095
85100
85104
85107
85114
85121
85126
85127
85130
85131
85132
85137
85140
85141
85143
85145
85150
85152
85153
85160
85161
85162
85163
85165
85166
85169
85183
85188
85198
85200
85201
85202
85203
85204
85210
85211
85213
85214
85221
85225
85230
85233
85234
85242
85251
85254
85256
85260
85264
85265
85276
85285
85288
85302
85305
85310
85316
85317
85318
85320
85324
85332
85334
85338
85340
85341
85347
85350
85353
85357
85361
85369
85371
85376
85380
85382
85386
85392
85396
85403
85424
85427
85429
85431
85436
85440
85445
85446
85447
85453
85456
85458
85461
85467
85474
85475
85476
85480
85481
85482
85483
85487
85488
85495
85496
85497
85498
85502
85506
85507
85508
85511
85512
85516
85517
85523
85527
85528
85530
85542
85546
85547
85552
85555
85557
85559
85561
85562
85564
85565
85567
85576
85578
85581
85588
85592
85596
85599
85612
85614
85618
85622
85623
85627
85629
85631
85637
85641
85643
85649
85651
85656
85662
85663
85664
85668
85669
85670
85671
85676
85677
85678
85679
85681
85682
85683
85694
85697
85700
85702
85703
85704
85710
85714
85715
85716
85721
85722
85726
85729
85733
85734
85737
85738
85739
85747
85748
85750
85755
85757
85759
85764
85766
85772
85778
85780
85781
85783
85784
85788
85798
85803
85805
85806
85814
85815
85823
85829
85832
85834
85835
85839
85845
85848
85853
85863
85866
85867
85869
85874
85875
85878
85883
85887
85890
85891
85892
85896
85899
85904
85906
85909
85910
85911
85917
85925
85926
85938
85941
85951
85956
85960
85963
85968
85970
85971
85972
85975
85976
85978
85979
85983
85995
85999
86000
86004
86005
86006
86013
86015
86020
86021
86025
86027
86030
86032
86033
86038
86039
86049
86056
86066
86073
86076
86078
86081
86083
86086
86087
86094
86098
86104
86105
86109
86110
86113
86114
86127
86129
86132
86137
86139
86142
86144
86145
86148
86155
86157
86164
86165
86166
86168
86170
86171
86174
86176
86177
86181
86182
86183
86185
86187
86188
86189
86190
86194
86196
86205
86208
86213
86214
86215
86216
86226
86229
86234
86241
86242
86245
86248
86249
86251
86253
86260
86261
86262
86270
86282
86283
86284
86286
86299
86300
86301
86309
86319
86324
86325
86329
86330
86338
86344
86346
86352
86353
86355
86357
86358
86359
86360
86371
86372
86375
86377
86379
86384
86385
86390
86391
86395
86398
86399
86401
86408
86415
86419
86431
86433
86434
86435
86436
86450
86452
86454
86474
86477
86479
86480
86492
86496
86497
86504
86506
86508
86511
86513
86514
86516
86517
86521
86522
86529
86531
86533
86535
86540
86541
86543
86547
86548
86554
86558
86559
86567
86570
86572
86574
86580
86588
86589
86591
86592
86593
86594
86595
86598
86600
86601
86605
86606
86608
86609
86614
86616
86619
86623
86628
86629
86632
86637
86640
86641
86644
86657
86662
86668
86669
86673
86680
86681
86689
86693
86694
86695
86697
86701
86703
86708
86714
86715
86717
86718
86721
86722
86725
86727
86730
86731
86734
86735
86736
86737
86738
86745
86747
86749
86756
86757
86760
86763
86764
86765
86770
86778
86781
86783
86784
86793
86794
86795
86796
86798
86802
86807
86810
86814
86820
86822
86830
86831
86833
86837
86843
86847
86848
86851
86856
86862
86863
86876
86889
86892
86896
86900
86902
86907
86914
86915
86917
86925
86927
86931
86938
86942
86944
86948
86949
86962
86963
86966
86967
86972
86974
86975
86980
86995
86999
87000
87002
87005
87013
87016
87017
87020
87025
87028
87029
87034
87038
87052
87054
87065
87066
87070
87071
87072
87073
87074
87076
87077
87078
87083
87097
87101
87109
87110
87114
87117
87118
87119
87120
87121
87123
87124
87127
87128
87131
87133
87137
87140
87141
87146
87148
87150
87151
87152
87153
87163
87167
87168
87173
87179
87181
87190
87192
87194
87196
87205
87206
87209
87210
87212
87220
87227
87232
87240
87243
87244
87245
87247
87249
87252
87253
87257
87271
87275
87276
87277
87278
87284
87287
87294
87296
87299
87300
87302
87309
87311
87320
87321
87323
87324
87327
87329
87333
87336
87340
87343
87347
87349
87351
87355
87357
87370
87380
87385
87387
87389
87392
87403
87406
87410
87414
87419
87420
87428
87429
87430
87432
87442
87445
87446
87449
87452
87456
87457
87464
87469
87470
87474
87482
87487
87488
87491
87498
87500
87504
87505
87508
87509
87510
87511
87515
87517
87520
87523
87526
87537
87541
87544
87553
87556
87557
87558
87559
87561
87564
87565
87570
87576
87583
87588
87590
87595
87600
87601
87604
87609
87610
87612
87613
87623
87624
87626
87630
87637
87642
87647
87649
87653
87656
87661
87662
87664
87666
87668
87669
87671
87674
87678
87682
87684
87689
87692
87694
87701
87703
87705
87706
87708
87709
87715
87716
87720
87721
87725
87726
87730
87735
87736
87737
87739
87743
87755
87758
87761
87764
87767
87774
87777
87778
87779
87780
87798
87799
87802
87805
87810
87813
87815
87816
87819
87820
87822
87827
87828
87837
87840
87851
87854
87858
87868
87869
87871
87873
87876
87886
87890
87895
87897
87902
87906
87914
87918
87920
87921
87928
87932
87933
87936
87939
87947
87961
87963
87966
87967
87968
87970
87971
87980
87981
87988
87989
87993
87995
87996
87998
88005
88006
88008
88010
88012
88013
88014
88017
88020
88028
88030
88033
88036
88037
88039
88040
88042
88044
88046
88050
88055
88056
88058
88059
88060
88063
88064
88066
88067
88068
88076
88077
88078
88089
88090
88093
88094
88097
88105
88111
88113
88115
88116
88132
88136
88141
88145
88146
88153
88154
88156
88157
88159
88161
88165
88168
88174
88180
88183
88185
88187
88194
88199
88201
88209
88211
88216
88220
88223
88224
88225
88226
88227
88228
88230
88232
88234
88237
88241
88243
88244
88246
88247
88258
88264
88268
88279
88298
88310
88315
88318
88320
88327
88331
88332
88333
88334
88335
88336
88337
88340
88343
88347
88352
88353
88354
88360
88361
88367
88371
88375
88391
88392
88395
88402
88408
88409
88414
88416
88423
88424
88425
88430
88434
88436
88437
88438
88439
88440
88441
88443
88452
88453
88455
88474
88479
88487
88491
88498
88503
88504
88505
88517
88520
88521
88524
88526
88529
88530
88531
88537
88538
88540
88546
88556
88558
88561
88571
88577
88581
88586
88587
88589
88590
88593
88594
88595
88598
88599
88600
88607
88609
88610
88615
88616
88622
88624
88625
88630
88632
88639
88643
88646
88649
88662
88669
88670
88680
88681
88684
88686
88687
88688
88693
88698
88699
88700
88702
88705
88708
88715
88720
88721
88722
88724
88730
88732
88738
88741
88751
88752
88756
88757
88758
88762
88767
88768
88769
88771
88773
88777
88778
88781
88783
88791
88792
88795
88797
88802
88804
88805
88810
88811
88812
88813
88820
88823
88826
88827
88834
88836
88837
88840
88841
88844
88845
88848
88850
88856
88874
88878
88880
88884
88887
88890
88894
88896
88897
88898
88901
88904
88910
88916
88920
88922
88923
88924
88930
88932
88941
88943
88949
88952
88953
88961
88963
88964
88967
88975
88977
88979
88980
88985
88986
88993
89001
89002
89009
89015
89023
89025
89033
89041
89044
89045
89046
89048
89049
89050
89051
89054
89058
89061
89074
89079
89085
89089
89090
89091
89095
89096
89101
89102
89104
89107
89111
89122
89131
89135
89137
89138
89141
89142
89148
89159
89164
89170
89174
89178
89183
89185
89188
89189
89191
89197
89203
89205
89209
89210
89216
89217
89223
89228
89231
89234
89238
89241
89243
89249
89254
89255
89256
89259
89262
89267
89270
89273
89281
89285
89291
89294
89298
89303
89307
89309
89311
89313
89332
89336
89345
89350
89352
89353
89355
89363
89364
89368
89371
89374
89375
89378
89381
89384
89388
89390
89391
89396
89400
89405
89421
89426
89435
89439
89441
89443
89445
89448
89449
89453
89455
89457
89474
89475
89476
89480
89484
89485
89487
89488
89489
89491
89493
89497
89499
89502
89507
89510
89515
89525
89528
89532
89539
89541
89542
89543
89546
89547
89555
89559
89560
89565
89567
89568
89572
89575
89577
89578
89581
89590
89592
89594
89596
89598
89599
89602
89606
89616
89620
89629
89631
89634
89635
89636
89637
89643
89648
89651
89657
89664
89667
89669
89670
89671
89673
89674
89677
89683
89686
89688
89689
89694
89699
89707
89708
89709
89711
89720
89721
89724
89725
89728
89732
89733
89734
89736
89747
89753
89755
89757
89758
89759
89765
89771
89773
89774
89782
89788
89797
89801
89806
89807
89811
89812
89816
89818
89826
89835
89837
89843
89849
89850
89855
89856
89858
89859
89874
89875
89884
89885
89895
89902
89904
89916
89917
89920
89921
89934
89935
89939
89945
89948
89950
89955
89956
89959
89962
89968
89971
89978
89980
89983
89996
89997
90001
90002
90003
90014
90020
90026
90031
90034
90043
90044
90046
90047
90050
90052
90059
90060
90071
90073
90077
90079
90082
90083
90091
90094
90095
90096
90098
90101
90104
90105
90106
90109
90110
90112
90116
90121
90124
90129
90133
90137
90140
90141
90146
90151
90155
90156
90162
90163
90166
90172
90175
90178
90191
90195
90198
90208
90209
90210
90214
90215
90216
90223
90225
90226
90228
90238
90240
90241
90251
90252
90254
90260
90264
90267
90270
90286
90287
90289
90292
90293
90294
90298
90301
90302
90307
90312
90315
90318
90319
90321
90322
90326
90327
90333
90336
90337
90342
90349
90356
90357
90359
90370
90371
90376
90377
90380
90385
90386
90390
90394
90396
90397
90413
90414
90415
90420
90421
90426
90428
90431
90432
90435
90439
90441
90447
90448
90449
90451
90454
90464
90467
90469
90470
90486
90489
90496
90497
90499
90511
90512
90514
90516
90517
90521
90532
90550
90553
90557
90564
90567
90568
90573
90584
90588
90600
90601
90606
90607
90614
90615
90622
90627
90628
90632
90636
90640
90642
90644
90646
90647
90648
90650
90651
90654
90657
90661
90664
90667
90669
90671
90674
90684
90688
90701
90706
90709
90713
90719
90723
90734
90747
90748
90754
90760
90782
90787
90789
90802
90807
90809
90828
90829
90830
90831
90844
90846
90847
90851
90853
90860
90861
90866
90867
90871
90873
90874
90876
90895
90896
90897
90898
90907
90913
90917
90921
90922
90924
90926
90930
90931
90935
90940
90946
90948
90951
90954
90955
90956
90958
90962
90968
90971
90973
90977
90982
90987
90992
90996
90997
90999
91013
91014
91016
91024
91025
91028
91045
91052
91055
91061
91067
91072
91076
91080
91082
91087
91096
91101
91105
91112
91116
91117
91120
91124
91130
91131
91133
91136
91147
91156
91163
91172
91173
91176
91178
91179
91180
91189
91192
91204
91206
91209
91210
91212
91224
91226
91227
91231
91234
91236
91243
91268
91274
91280
91282
91283
91286
91290
91291
91292
91294
91297
91301
91303
91308
91309
91321
91329
91333
91334
91337
91343
91344
91345
91350
91351
91357
91360
91365
91375
91376
91379
91381
91382
91385
91390
91392
91393
91394
91399
91403
91407
91414
91415
91424
91425
91433
91434
91435
91439
91443
91450
91451
91456
91457
91458
91459
91465
91466
91468
91469
91474
91477
91480
91483
91484
91485
91488
91490
91491
91503
91518
91519
91520
91525
91526
91527
91529
91532
91535
91541
91543
91544
91546
91551
91556
91557
91559
91563
91564
