1
3
4
5
7
8
10
13
16
18
19
20
21
22
23
25
28
29
31
35
38
39
40
41
43
45
47
48
49
50
54
55
57
58
61
63
64
67
69
70
71
78
80
82
83
85
86
89
90
91
92
93
96
97
101
102
103
107
110
111
113
114
115
116
119
122
124
125
126
129
131
132
133
134
136
137
140
141
142
143
145
152
155
156
160
162
167
169
170
171
172
173
174
175
176
177
178
179
180
181
183
184
186
188
189
190
191
192
193
194
195
200
201
202
203
207
210
212
218
219
221
222
223
224
225
226
227
228
229
235
239
241
243
244
245
246
247
248
252
253
254
255
258
259
261
262
265
267
270
271
273
275
280
283
284
286
288
289
294
297
300
302
303
305
307
310
313
314
315
322
323
324
325
326
327
328
329
331
332
338
341
342
345
346
349
350
353
356
357
358
359
366
370
372
374
377
381
383
384
386
387
388
389
391
393
396
400
401
402
407
417
418
420
422
424
426
428
430
431
433
434
437
438
439
440
441
444
447
450
452
454
455
459
462
463
464
472
473
474
476
482
483
484
486
488
490
492
496
500
502
503
504
511
512
513
514
518
519
520
521
522
523
527
528
532
533
542
545
547
550
554
560
561
564
565
566
568
571
574
575
576
577
578
583
584
588
589
594
602
605
607
611
618
621
623
624
626
627
629
630
631
632
634
635
641
643
644
646
651
656
658
660
663
664
667
670
672
675
678
680
686
687
688
692
695
697
698
699
701
702
703
704
705
707
712
713
714
715
716
717
718
719
724
726
727
728
730
731
732
734
736
737
740
742
743
746
748
752
755
759
760
763
766
771
772
773
774
783
784
786
791
797
804
806
807
814
817
818
819
821
823
825
826
838
840
843
844
845
847
848
849
851
856
857
861
864
866
867
877
880
881
882
883
885
889
893
902
904
905
906
908
909
910
911
912
913
914
918
923
925
926
927
928
931
932
934
938
940
943
948
949
951
953
954
956
957
959
963
964
966
967
968
970
971
973
975
978
980
983
984
985
988
990
992
1000
1002
1004
1006
1017
1019
1022
1023
1026
1027
1031
1032
1033
1034
1037
1039
1041
1042
1043
1044
1045
1046
1047
1048
1051
1052
1053
1056
1061
1062
1064
1065
1066
1067
1070
1074
1076
1077
1078
1079
1081
1083
1085
1086
1088
1091
1094
1097
1098
1099
1101
1102
1105
1106
1107
1108
1109
1110
1114
1115
1116
1117
1120
1125
1126
1127
1130
1131
1132
1133
1134
1135
1143
1148
1150
1154
1156
1160
1161
1162
1163
1164
1165
1166
1167
1173
1175
1176
1180
1181
1182
1184
1187
1189
1191
1194
1195
1199
1202
1203
1204
1206
1210
1212
1213
1214
1215
1216
1217
1220
1221
1222
1224
1227
1228
1229
1232
1233
1234
1236
1240
1241
1245
1248
1251
1254
1255
1263
1264
1268
1269
1270
1272
1273
1274
1276
1280
1282
1285
1287
1288
1289
1291
1293
1294
1297
1299
1301
1304
1305
1308
1309
1310
1311
1314
1315
1316
1317
1320
1322
1324
1328
1336
1338
1339
1344
1345
1347
1348
1350
1351
1352
1354
1355
1358
1359
1360
1366
1368
1369
1370
1371
1372
1375
1376
1377
1378
1379
1380
1381
1382
1385
1387
1388
1390
1391
1392
1394
1396
1400
1401
1403
1404
1405
1409
1411
1414
1415
1416
1419
1422
1425
1426
1429
1430
1434
1435
1437
1441
1444
1445
1446
1447
1449
1452
1453
1454
1455
1456
1457
1458
1461
1466
1468
1471
1475
1476
1479
1480
1483
1487
1488
1493
1495
1496
1497
1500
1501
1502
1505
1507
1509
1510
1513
1514
1516
1519
1520
1521
1524
1525
1528
1532
1534
1535
1536
1538
1539
1541
1542
1543
1544
1545
1549
1550
1551
1552
1553
1554
1556
1558
1559
1560
1561
1562
1563
1566
1567
1568
1569
1570
1571
1572
1574
1575
1576
1579
1580
1583
1587
1589
1592
1593
1594
1595
1597
1600
1601
1602
1603
1605
1607
1609
1610
1615
1616
1618
1619
1620
1621
1631
1632
1639
1641
1642
1643
1645
1647
1653
1654
1655
1656
1658
1660
1662
1666
1667
1668
1669
1671
1672
1676
1677
1678
1679
1680
1681
1682
1683
1684
1685
1688
1689
1690
1697
1698
1703
1704
1705
1708
1709
1710
1713
1714
1717
1719
1721
1723
1724
1727
1728
1729
1730
1732
1733
1734
1738
1739
1743
1745
1751
1755
1757
1758
1760
1762
1763
1764
1765
1768
1769
1770
1771
1772
1773
1774
1776
1778
1780
1781
1783
1784
1785
1789
1791
1793
1794
1795
1798
1800
1803
1804
1805
1806
1808
1812
1813
1814
1816
1818
1821
1822
1824
1827
1828
1830
1831
1832
1833
1834
1835
1836
1837
1838
1839
1841
1842
1848
1849
1850
1853
1854
1855
1856
1858
1862
1864
1865
1869
1870
1871
1873
1875
1877
1879
1880
1881
1882
1883
1885
1887
1888
1889
1890
1891
1892
1893
1894
1895
1897
1898
1900
1901
1905
1907
1910
1912
1915
1917
1918
1920
1924
1926
1927
1935
1939
1941
1942
1945
1947
1948
1949
1951
1952
1957
1959
1960
1962
1966
1967
1968
1970
1971
1976
1978
1979
1981
1986
1987
1988
1989
1991
1993
1994
1995
1996
1997
1999
2000
2001
2002
2003
2004
2010
2011
2012
2015
2017
2020
2021
2022
2024
2026
2027
2029
2030
2034
2035
2036
2038
2043
2044
2046
2050
2052
2053
2054
2055
2057
2058
2063
2066
2067
2068
2071
2072
2074
2075
2076
2077
2078
2079
2080
2081
2083
2085
2087
2089
2090
2091
2095
2096
2097
2100
2101
2102
2103
2105
2110
2111
2113
2117
2118
2120
2122
2123
2124
2126
2127
2128
2129
2134
2135
2136
2137
2138
2139
2141
2142
2143
2145
2146
2148
2150
2151
2157
2159
2161
2163
2164
2165
2166
2168
2169
2170
2172
2173
2176
2181
2182
2184
2188
2189
2190
2195
2196
2198
2201
2202
2205
2206
2209
2210
2211
2214
2217
2218
2220
2222
2223
2226
2228
2231
2232
2234
2235
2236
2237
2239
2240
2242
2245
2250
2251
2253
2261
2262
2263
2264
2266
2268
2269
2270
2273
2274
2275
2276
2277
2278
2279
2282
2283
2284
2285
2286
2288
2289
2290
2293
2294
2297
2299
2301
2302
2303
2304
2305
2306
2308
2309
2311
2312
2313
2315
2316
2317
2318
2319
2320
2322
2324
2325
2327
2328
2331
2332
2333
2335
2338
2341
2342
2343
2345
2346
2347
2351
2352
2354
2357
2358
2360
2361
2362
2363
2364
2365
2366
2367
2368
2371
2373
2374
2375
2376
2377
2378
2379
2380
2381
2382
2384
2385
2386
2389
2390
2391
2394
2395
2396
2397
2399
2400
2403
2404
2405
2406
2411
2412
2414
2415
2418
2420
2421
2423
2426
2427
2428
2430
2431
2432
2435
2438
2439
2440
2442
2443
2444
2447
2449
2454
2455
2457
2458
2459
2460
2461
2462
2465
2467
2470
2471
2472
2473
2474
2475
2476
2477
2478
2479
2480
2481
2482
2485
2486
2487
2488
2490
2491
2492
2494
2495
2497
2498
2500
2501
2503
2504
2505
2506
2509
2511
2512
2514
2515
2517
2518
2520
2521
2523
2526
2527
2529
2532
2534
2536
2537
2538
2540
2541
2542
2546
2548
2549
2550
2551
2553
2554
2555
2559
2560
2567
2568
2569
2570
2575
2576
2577
2578
2579
2583
2584
2585
2586
2587
2588
2590
2593
2594
2598
2599
2600
2601
2606
2607
2608
2610
2615
2617
2618
2620
2621
2622
2624
2627
2629
2631
2632
2633
2634
2635
2637
2639
2640
2642
2644
2646
2647
2648
2650
2652
2657
2658
2659
2661
2662
2664
2665
2666
2667
2669
2670
2671
2672
2673
2674
2675
2676
2677
2678
2683
2685
2689
2690
2691
2692
2693
2694
2695
2699
2702
2703
2706
2709
2710
2711
2712
2716
2720
2721
2722
2723
2724
2726
2727
2728
2729
2730
2732
2734
2735
2736
2738
2740
2743
2746
2750
2751
2753
2754
2755
2757
2758
2759
2760
2761
2762
2763
2764
2767
2768
2769
2770
2771
2772
2776
2777
2779
2781
2782
2786
2787
2788
2789
2790
2791
2793
2794
2795
2798
2801
2802
2803
2808
2814
2815
2816
2818
2821
2823
2825
2826
2827
2831
2832
2836
2841
2842
2844
2845
2846
2847
2848
2849
2852
2855
2856
2860
2861
2863
2864
2865
2868
2869
2870
2873
2874
2876
2877
2878
2880
2882
2884
2886
2888
2892
2893
2895
2898
2899
2902
2903
2905
2906
2907
2908
2919
2920
2921
2922
2923
2927
2931
2933
2937
2939
2940
2941
2943
2944
2945
2947
2948
2955
2958
2961
2962
2963
2966
2967
2968
2970
2971
2972
2974
2975
2977
2978
2981
2985
2987
2989
2990
2991
2993
2995
2997
2998
3001
3002
3007
3009
3010
3011
3012
3016
3017
3020
3022
3024
3025
3026
3030
3035
3036
3037
3039
3043
3044
3045
3047
3049
3050
3051
3055
3056
3058
3059
3060
3061
3062
3063
3064
3065
3066
3070
3071
3075
3076
3077
3079
3081
3089
3091
3093
3094
3095
3105
3107
3108
3110
3112
3113
3115
3116
3117
3118
3119
3121
3123
3125
3127
3128
3129
3132
3134
3135
3138
3139
3141
3143
3144
3148
3151
3153
3154
3156
3157
3158
3159
3160
3161
3162
3164
3167
3168
3169
3170
3173
3176
3177
3179
3182
3183
3188
3190
3194
3201
3202
3203
3204
3206
3208
3209
3210
3212
3216
3217
3218
3219
3222
3226
3228
3229
3230
3239
3240
3241
3247
3248
3250
3251
3253
3254
3255
3260
3263
3264
3265
3266
3267
3272
3273
3277
3278
3279
3281
3283
3284
3290
3296
3301
3303
3304
3305
3308
3311
3318
3323
3324
3328
3329
3331
3333
3340
3342
3344
3345
3347
3349
3350
3351
3352
3354
3355
3356
3360
3361
3366
3368
3369
3370
3373
3375
3377
3378
3381
3384
3385
3389
3390
3393
3395
3396
3397
3400
3401
3402
3407
3408
3409
3411
3414
3417
3419
3420
3424
3425
3426
3431
3432
3435
3437
3438
3440
3442
3443
3444
3445
3446
3447
3448
3451
3452
3455
3459
3462
3463
3464
3465
3466
3469
3470
3471
3473
3474
3475
3476
3478
3481
3482
3483
3484
3485
3486
3487
3489
3490
3492
3494
3496
3497
3498
3500
3501
3502
3503
3506
3507
3510
3512
3513
3514
3515
3516
3517
3518
3519
3520
3522
3523
3525
3527
3531
3532
3533
3536
3538
3539
3541
3542
3543
3546
3548
3549
3550
3553
3554
3555
3556
3557
3559
3560
3561
3563
3565
3566
3567
3570
3571
3572
3573
3575
3576
3578
3580
3582
3584
3586
3587
3589
3590
3593
3595
3596
3601
3602
3603
3605
3606
3607
3608
3613
3614
3617
3619
3620
3623
3624
3626
3631
3632
3635
3637
3638
3639
3640
3642
3644
3645
3646
3647
3648
3652
3653
3654
3657
3658
3659
3661
3662
3663
3664
3670
3672
3674
3675
3677
3678
3680
3681
3684
3685
3687
3688
3689
3691
3693
3698
3704
3705
3707
3712
3713
3714
3715
3716
3718
3720
3721
3723
3725
3726
3727
3728
3732
3733
3734
3735
3736
3738
3739
3740
3743
3745
3748
3749
3751
3753
3754
3755
3757
3759
3760
3761
3762
3765
3766
3767
3768
3769
3771
3774
3775
3776
3777
3783
3784
3785
3787
3788
3790
3791
3792
3794
3797
3799
3800
3803
3804
3806
3810
3811
3812
3814
3815
3816
3817
3818
3820
3821
3822
3823
3825
3826
3827
3830
3831
3832
3833
3834
3836
3838
3839
3840
3841
3843
3844
3849
3850
3852
3853
3854
3855
3856
3857
3859
3861
3862
3863
3864
3866
3867
3869
3871
3873
3874
3876
3881
3886
3888
3891
3895
3896
3902
3903
3905
3907
3909
3910
3912
3913
3914
3915
3917
3918
3919
3923
3925
3927
3931
3933
3934
3938
3939
3946
3951
3952
3953
3963
3964
3965
3967
3968
3971
3974
3977
3979
3980
3981
3984
3985
3986
3987
3992
3993
3995
3996
3997
3999
4002
4003
4004
4006
4007
4008
4011
4013
4015
4016
4018
4020
4024
4025
4027
4028
4031
4032
4033
4035
4036
4037
4039
4041
4043
4045
4046
4048
4052
4055
4056
4058
4059
4060
4061
4062
4063
4064
4065
4066
4068
4071
4074
4075
4076
4079
4080
4082
4084
4085
4087
4088
4089
4090
4092
4093
4094
4095
4099
4102
4103
4106
4107
4108
4109
4112
4114
4115
4116
4117
4119
4120
4121
4123
4124
4127
4129
4130
4134
4135
4136
4138
4140
4143
4144
4145
4150
4151
4153
4154
4155
4157
4158
4159
4162
4164
4165
4166
4169
4170
4173
4174
4176
4177
4178
4179
4180
4182
4183
4184
4186
4188
4189
4192
4193
4195
4197
4198
4199
4201
4203
4204
4205
4206
4208
4209
4210
4212
4213
4214
4215
4216
4217
4219
4220
4222
4223
4226
4227
4228
4232
4233
4234
4235
4236
4238
4239
4241
4242
4243
4244
4247
4252
4253
4255
4256
4258
4259
4262
4263
4264
4265
4266
4267
4268
4269
4271
4273
4274
4276
4277
4278
4279
4282
4284
4285
4286
4290
4291
4292
4294
4298
4299
4300
4301
4303
4304
4305
4306
4307
4310
4313
4315
4316
4317
4318
4319
4321
4322
4324
4329
4330
4331
4332
4334
4336
4337
4339
4340
4344
4345
4348
4349
4350
4351
4354
4355
4359
4360
4362
4363
4365
4366
4367
4369
4370
4371
4375
4376
4379
4381
4382
4386
4388
4390
4391
4392
4394
4395
4398
4400
4401
4404
4406
4407
4408
4409
4410
4412
4413
4414
4415
4420
4422
4425
4426
4427
4428
4430
4431
4434
4436
4437
4439
4440
4443
4445
4446
4447
4450
4451
4458
4460
4462
4463
4465
4466
4469
4471
4472
4474
4476
4478
4480
4481
4482
4484
4485
4488
4489
4490
4492
4493
4495
4498
4499
4500
4505
4510
4515
4517
4519
4524
4525
4528
4529
4530
4531
4532
4533
4534
4535
4539
4544
4545
4547
4548
4550
4552
4555
4556
4557
4558
4563
4565
4568
4569
4572
4573
4580
4581
4584
4585
4586
4593
4594
4596
4597
4598
4599
4602
4603
4604
4605
4608
4611
4613
4615
4616
4618
4619
4620
4623
4626
4627
4628
4630
4631
4633
4638
4639
4641
4642
4643
4644
4646
4648
4650
4653
4655
4656
4658
4659
4660
4661
4663
4668
4670
4672
4674
4675
4676
4677
4679
4682
4683
4691
4692
4693
4697
4699
4701
4702
4707
4708
4709
4710
4711
4713
4715
4716
4717
4718
4724
4725
4726
4727
4731
4734
4735
4736
4737
4738
4739
4740
4741
4743
4745
4746
4748
4749
4750
4753
4754
4755
4757
4761
4763
4764
4766
4768
4770
4772
4773
4774
4775
4777
4780
4782
4783
4785
4789
4790
4792
4795
4796
4798
4799
4800
4802
4804
4805
4806
4808
4809
4813
4814
4816
4818
4819
4820
4821
4823
4826
4827
4828
4830
4831
4832
4833
4835
4837
4838
4839
4842
4843
4844
4847
4850
4857
4859
4860
4861
4864
4865
4867
4868
4869
4871
4874
4881
4884
4892
4897
4898
4899
4900
4907
4908
4909
4910
4911
4913
4914
4916
4917
4920
4921
4922
4923
4926
4927
4928
4931
4932
4933
4934
4935
4938
4939
4942
4943
4945
4947
4950
4951
4954
4958
4961
4963
4967
4970
4971
4972
4974
4975
4979
4980
4983
4985
4986
4987
4989
4991
4992
4995
4998
5003
5005
5006
5007
5009
5011
5012
5015
5016
5017
5019
5020
5021
5023
5024
5027
5028
5035
5036
5037
5038
5039
5042
5045
5048
5051
5052
5054
5056
5058
5060
5063
5064
5067
5071
5073
5074
5075
5076
5079
5081
5083
5085
5087
5088
5089
5090
5091
5092
5093
5094
5096
5097
5104
5107
5109
5111
5114
5115
5116
5121
5123
5124
5127
5128
5129
5130
5131
5140
5141
5144
5146
5147
5150
5152
5155
5156
5162
5163
5166
5167
5170
5171
5172
5174
5175
5177
5179
5180
5181
5182
5183
5186
5187
5189
5196
5197
5198
5199
5201
5203
5205
5206
5207
5208
5209
5210
5213
5215
5217
5220
5222
5224
5225
5226
5229
5230
5233
5234
5237
5238
5240
5242
5246
5247
5248
5249
5250
5251
5254
5255
5257
5260
5262
5264
5265
5267
5268
5270
5271
5273
5274
5276
5277
5279
5280
5282
5283
5286
5287
5289
5290
5291
5292
5293
5294
5296
5297
5300
5302
5303
5304
5305
5307
5310
5313
5315
5316
5318
5320
5321
5322
5324
5325
5327
5329
5330
5334
5336
5338
5343
5344
5345
5350
5353
5354
5355
5357
5358
5360
5361
5364
5366
5367
5368
5370
5371
5372
5374
5375
5376
5377
5379
5380
5383
5384
5387
5388
5390
5391
5395
5397
5398
5399
5400
5401
5403
5405
5406
5407
5408
5410
5415
5416
5417
5421
5423
5424
5429
5430
5431
5433
5434
5435
5437
5439
5441
5442
5443
5447
5449
5450
5451
5452
5453
5455
5456
5457
5458
5459
5460
5461
5463
5464
5465
5466
5468
5471
5473
5475
5476
5477
5478
5479
5481
5482
5486
5491
5492
5494
5496
5497
5498
5499
5503
5506
5507
5508
5509
5511
5512
5513
5516
5517
5519
5521
5522
5523
5525
5528
5529
5530
5531
5532
5534
5537
5540
5543
5544
5545
5546
5550
5551
5554
5555
5557
5558
5561
5564
5565
5566
5571
5573
5577
5580
5581
5583
5584
5589
5591
5593
5596
5598
5600
5601
5602
5603
5604
5606
5607
5608
5609
5610
5612
5614
5616
5617
5618
5623
5624
5626
5628
5630
5631
5632
5635
5636
5637
5638
5640
5642
5643
5648
5654
5655
5659
5660
5661
5663
5664
5665
5666
5667
5668
5669
5671
5672
5676
5677
5678
5679
5680
5681
5682
5683
5684
5686
5687
5690
5691
5694
5695
5696
5697
5699
5701
5704
5705
5707
5708
5709
5710
5711
5712
5714
5715
5716
5717
5718
5719
5721
5723
5724
5725
5726
5727
5729
5733
5736
5737
5740
5741
5743
5744
5745
5746
5747
5749
5751
5752
5753
5754
5755
5757
5761
5763
5764
5765
5766
5767
5769
5770
5773
5774
5775
5776
5778
5779
5780
5783
5784
5785
5787
5788
5789
5790
5792
5793
5794
5795
5797
5798
5800
5802
5803
5804
5806
5808
5809
5811
5812
5815
5817
5818
5819
5823
5824
5825
5827
5829
5831
5832
5833
5834
5837
5838
5839
5840
5841
5843
5844
5845
5846
5849
5852
5853
5854
5855
5856
5857
5858
5860
5861
5862
5863
5864
5866
5868
5872
5873
5874
5875
5876
5878
5879
5881
5882
5884
5885
5886
5891
5894
5895
5896
5899
5900
5902
5903
5904
5906
5907
5910
5912
5913
5914
5915
5917
5919
5921
5922
5923
5924
5926
5927
5928
5929
5931
5932
5935
5936
5937
5940
5943
5945
5946
5947
5949
5951
5953
5957
5959
5960
5962
5963
5964
5966
5971
5972
5973
5976
5977
5981
5982
5984
5985
5987
5991
5992
5994
5995
5997
6000
6002
6003
6005
6008
6009
6010
6011
6012
6013
6014
6016
6017
6018
6019
6024
6025
6031
6033
6034
6038
6039
6040
6042
6043
6045
6048
6049
6050
6052
6055
6057
6058
6059
6060
6061
6062
6063
6074
6075
6076
6080
6081
6082
6085
6086
6087
6089
6091
6093
6096
6097
6098
6099
6100
6102
6103
6104
6106
6108
6111
6116
6119
6124
6125
6127
6130
6133
6134
6135
6138
6139
6143
6144
6145
6146
6147
6149
6152
6153
6154
6155
6156
6158
6160
6161
6165
6166
6167
6168
6169
6170
6172
6173
6175
6176
6178
6179
6186
6188
6192
6193
6196
6201
6202
6203
6204
6206
6209
6210
6211
6212
6213
6216
6221
6223
6225
6226
6227
6228
6229
6233
6235
6237
6238
6239
6240
6241
6242
6244
6245
6247
6248
6249
6250
6252
6253
6255
6256
6257
6259
6266
6267
6269
6270
6272
6273
6276
6279
6281
6282
6284
6285
6286
6289
6290
6294
6296
6298
6301
6304
6306
6307
6310
6311
6312
6313
6317
6318
6319
6320
6321
6323
6324
6327
6329
6333
6334
6336
6337
6343
6345
6346
6348
6349
6354
6355
6357
6358
6359
6361
6364
6367
6368
6369
6370
6371
6372
6373
6377
6378
6381
6382
6383
6384
6387
6389
6390
6395
6396
6399
6400
6403
6404
6406
6407
6409
6410
6412
6413
6416
6418
6421
6422
6424
6425
6426
6427
6428
6429
6431
6432
6433
6436
6437
6439
6442
6443
6445
6446
6447
6448
6449
6450
6454
6457
6458
6461
6462
6463
6467
6468
6472
6473
6474
6475
6476
6478
6479
6482
6483
6484
6485
6488
6490
6493
6494
6497
6499
6501
6502
6507
6509
6510
6512
6513
6514
6517
6518
6519
6520
6525
6527
6528
6529
6530
6532
6533
6534
6535
6537
6540
6542
6547
6548
6552
6553
6556
6557
6559
6560
6564
6565
6566
6569
6571
6572
6574
6575
6577
6581
6582
6585
6586
6588
6590
6591
6592
6595
6598
6599
6602
6603
6610
6614
6616
6617
6618
6619
6620
6625
6627
6629
6632
6633
6634
6636
6639
6640
6641
6644
6645
6648
6649
6651
6654
6656
6658
6661
6664
6666
6668
6669
6674
6675
6676
6679
6682
6687
6688
6689
6690
6692
6695
6697
6698
6702
6703
6704
6705
6706
6707
6709
6711
6713
6714
6716
6717
6718
6726
6728
6730
6732
6736
6738
6742
6743
6746
6747
6748
6750
6752
6754
6756
6757
6759
6762
6763
6764
6768
6769
6770
6771
6772
6775
6779
6785
6786
6788
6790
6792
6793
6794
6797
6799
6810
6811
6814
6815
6816
6817
6819
6824
6825
6827
6828
6831
6832
6836
6837
6838
6839
6840
6841
6845
6846
6847
6849
6850
6853
6856
6857
6858
6861
6863
6869
6870
6875
6878
6880
6882
6883
6884
6888
6891
6893
6894
6897
6898
6899
6903
6904
6906
6908
6917
6920
6922
6924
6928
6931
6934
6935
6937
6939
6940
6942
6943
6944
6946
6947
6949
6952
6955
6957
6959
6961
6966
6967
6968
6970
6971
6975
6979
6981
6985
6987
6988
6989
6993
7000
7002
7004
7006
7009
7011
7012
7013
7014
7015
7016
7017
7019
7020
7021
7023
7024
7028
7029
7030
7031
7032
7033
7038
7040
7045
7046
7049
7050
7051
7058
7059
7061
7067
7068
7069
7072
7073
7074
7076
7083
7085
7088
7089
7090
7092
7093
7097
7098
7099
7100
7101
7102
7103
7108
7109
7110
7112
7113
7115
7120
7123
7125
7127
7128
7131
7132
7136
7139
7140
7142
7143
7144
7148
7150
7151
7153
7154
7155
7156
7157
7158
7159
7160
7161
7164
7170
7171
7172
7173
7176
7177
7178
7180
7181
7182
7186
7191
7194
7196
7197
7198
7199
7203
7204
7206
7211
7214
7215
7225
7226
7227
7228
7229
7232
7234
7235
7237
7238
7240
7241
7242
7243
7246
7247
7249
7251
7252
7253
7254
7257
7258
7259
7262
7266
7267
7268
7269
7271
7272
7273
7275
7276
7278
7280
7286
7288
7289
7292
7294
7298
7300
7301
7302
7305
7309
7312
7313
7315
7318
7319
7322
7323
7326
7327
7328
7329
7330
7331
7332
7333
7335
7337
7342
7348
7350
7351
7352
7354
7355
7357
7358
7363
7364
7366
7367
7369
7370
7372
7373
7375
7377
7379
7381
7383
7385
7387
7388
7392
7393
7394
7395
7396
7399
7400
7402
7404
7406
7407
7408
7410
7412
7416
7417
7419
7420
7421
7422
7423
7425
7426
7427
7429
7430
7432
7433
7434
7435
7437
7438
7441
7447
7449
7453
7454
7455
7456
7457
7458
7460
7461
7463
7466
7467
7468
7470
7474
7475
7476
7480
7482
7486
7487
7489
7491
7492
7493
7497
7499
7502
7504
7506
7507
7510
7511
7513
7520
7523
7524
7525
7527
7528
7534
7537
7539
7540
7541
7544
7549
7550
7552
7555
7559
7561
7569
7571
7572
7574
7575
7576
7578
7579
7580
7581
7582
7583
7584
7585
7587
7589
7591
7593
7596
7597
7598
7599
7602
7606
7608
7610
7611
7612
7613
7615
7617
7619
7621
7623
7625
7628
7629
7632
7633
7637
7638
7639
7640
7641
7643
7646
7647
7648
7649
7652
7653
7655
7658
7661
7664
7666
7667
7669
7670
7675
7678
7679
7682
7686
7689
7690
7694
7697
7699
7701
7702
7704
7707
7709
7714
7721
7722
7724
7727
7735
7738
7739
7740
7743
7744
7748
7749
7750
7751
7752
7753
7754
7756
7759
7761
7762
7764
7768
7771
7772
7775
7776
7781
7783
7785
7788
7789
7793
7794
7795
7798
7800
7801
7805
7806
7807
7808
7809
7814
7817
7821
7822
7824
7826
7827
7828
7829
7832
7833
7836
7839
7841
7842
7845
7846
7847
7850
7852
7856
7859
7860
7861
7862
7863
7865
7866
7868
7869
7870
7871
7872
7874
7877
7879
7880
7881
7883
7886
7888
7889
7891
7892
7893
7897
7899
7900
7901
7902
7903
7905
7906
7907
7908
7911
7912
7914
7917
7918
7919
7921
7922
7924
7928
7931
7933
7934
7936
7937
7940
7942
7943
7944
7946
7950
7951
7960
7961
7962
7966
7970
7975
7978
7983
7984
7985
7986
7988
7990
7995
7996
7997
7999
8003
8004
8006
8007
8008
8009
8010
8017
8018
8019
8020
8022
8024
8025
8026
8030
8031
8032
8034
8035
8039
8040
8042
8043
8045
8046
8048
8049
8051
8052
8053
8055
8058
8062
8063
8064
8065
8066
8068
8071
8072
8073
8074
8075
8077
8078
8079
8083
8084
8085
8087
8088
8089
8090
8093
8096
8098
8101
8102
8103
8104
8105
8106
8107
8108
8109
8111
8112
8113
8114
8115
8119
8120
8122
8124
8126
8127
8128
8129
8130
8131
8133
8134
8135
8137
8138
8139
8142
8144
8145
8147
8149
8150
8152
8153
8154
8155
8157
8158
8161
8162
8165
8167
8170
8172
8175
8180
8181
8182
8183
8185
8186
8187
8189
8190
8191
8193
8196
8197
8198
8199
8201
8205
8211
8213
8214
8218
8219
8220
8221
8223
8224
8225
8227
8229
8231
8232
8234
8238
8241
8242
8243
8246
8247
8248
8249
8250
8252
8254
8255
8257
8258
8263
8267
8271
8272
8274
8275
8277
8278
8279
8281
8282
8283
8284
8285
8286
8288
8290
8291
8292
8294
8295
8296
8298
8299
8301
8303
8305
8306
8309
8310
8312
8313
8315
8316
8317
8319
8322
8323
8325
8326
8327
8329
8332
8334
8335
8336
8338
8341
8342
8343
8344
8346
8348
8349
8350
8351
8353
8358
8359
8361
8362
8366
8367
8368
8373
8375
8376
8377
8381
8382
8383
8384
8385
8386
8388
8390
8392
8398
8399
8404
8405
8406
8407
8408
8409
8410
8411
8412
8414
8418
8419
8420
8421
8423
8424
8425
8428
8429
8430
8431
8432
8435
8438
8440
8441
8444
8446
8449
8453
8455
8457
8460
8461
8462
8464
8466
8470
8471
8472
8473
8474
8475
8476
8478
8481
8482
8484
8487
8489
8491
8493
8494
8495
8496
8501
8503
8504
8505
8508
8511
8514
8515
8516
8517
8519
8522
8525
8526
8527
8530
8532
8536
8539
8540
8541
8545
8546
8549
8550
8551
8553
8559
8562
8564
8565
8566
8567
8568
8571
8572
8573
8576
8578
8579
8581
8584
8585
8586
8591
8592
8594
8595
8599
8602
8603
8604
8605
8606
8609
8610
8611
8612
8614
8615
8616
8617
8618
8619
8620
8623
8624
8627
8628
8629
8637
8642
8646
8648
8649
8650
8652
8653
8663
8664
8666
8667
8669
8670
8672
8673
8675
8676
8678
8680
8684
8686
8687
8690
8691
8692
8693
8694
8697
8699
8701
8703
8704
8705
8706
8707
8708
8709
8710
8712
8713
8720
8721
8722
8723
8724
8726
8727
8730
8731
8733
8734
8736
8737
8738
8739
8742
8747
8750
8752
8753
8755
8756
8760
8761
8763
8765
8766
8767
8773
8774
8775
8776
8777
8780
8781
8782
8783
8786
8787
8789
8790
8791
8792
8793
8794
8796
8798
8801
8803
8805
8806
8814
8818
8819
8822
8824
8829
8833
8834
8838
8841
8844
8845
8846
8847
8849
8854
8856
8857
8862
8863
8867
8869
8871
8872
8880
8883
8884
8885
8890
8891
8892
8893
8895
8898
8899
8900
8901
8902
8908
8909
8910
8912
8916
8917
8918
8919
8923
8924
8925
8926
8928
8930
8931
8932
8934
8935
8936
8938
8941
8945
8950
8952
8955
8957
8960
8961
8964
8965
8968
8969
8970
8971
8972
8974
8976
8977
8978
8980
8982
8983
8986
8987
8988
8990
8993
8994
8997
8999
9000
9001
9002
9003
9008
9010
9012
9016
9017
9020
9022
9024
9025
9027
9029
9031
9033
9038
9039
9041
9042
9045
9046
9049
9052
9053
9055
9060
9061
9067
9068
9069
9070
9072
9074
9079
9081
9082
9084
9085
9086
9087
9089
9090
9091
9094
9096
9097
9098
9099
9101
9102
9103
9104
9105
9106
9107
9108
9110
9112
9114
9115
9116
9117
9119
9120
9122
9123
9125
9127
9128
9129
9132
9134
9136
9137
9138
9142
9144
9146
9150
9153
9158
9159
9160
9162
9163
9165
9167
9170
9171
9172
9173
9174
9177
9178
9180
9185
9186
9187
9188
9191
9195
9196
9198
9199
9201
9203
9204
9205
9210
9212
9213
9214
9215
9216
9218
9221
9222
9226
9227
9231
9233
9234
9236
9237
9238
9239
9240
9241
9243
9244
9245
9248
9251
9252
9253
9255
9257
9259
9260
9262
9264
9265
9267
9268
9271
9272
9273
9274
9276
9278
9279
9284
9285
9287
9289
9290
9291
9292
9294
9295
9296
9297
9298
9300
9301
9302
9303
9304
9306
9311
9313
9314
9316
9318
9320
9324
9326
9328
9331
9335
9336
9339
9341
9342
9343
9346
9351
9353
9354
9355
9358
9359
9360
9363
9364
9365
9366
9367
9370
9371
9373
9375
9377
9378
9379
9380
9381
9384
9388
9390
9393
9395
9396
9399
9400
9402
9403
9404
9405
9408
9412
9416
9417
9418
9419
9421
9422
9423
9424
9425
9428
9429
9431
9435
9436
9437
9438
9439
9441
9442
9443
9446
9449
9452
9453
9455
9456
9458
9460
9461
9464
9466
9467
9468
9470
9472
9473
9475
9483
9488
9489
9491
9493
9494
9496
9497
9500
9510
9512
9513
9514
9515
9518
9520
9525
9526
9527
9531
9532
9533
9536
9540
9545
9546
9547
9548
9550
9551
9552
9553
9554
9556
9558
9560
9563
9564
9567
9568
9569
9570
9571
9575
9576
9582
9583
9587
9592
9593
9597
9598
9599
9600
9602
9609
9610
9611
9612
9616
9620
9621
9623
9624
9627
9628
9633
9634
9636
9638
9639
9640
9647
9652
9653
9654
9655
9656
9657
9660
9662
9663
9664
9667
9668
9671
9673
9674
9675
9680
9681
9682
9683
9687
9688
9689
9690
9691
9693
9695
9699
9701
9703
9704
9706
9707
9708
9712
9714
9715
9719
9720
9722
9725
9726
9728
9729
9730
9732
9734
9735
9736
9737
9739
9742
9743
9745
9747
9749
9751
9753
9756
9757
9759
9760
9761
9764
9765
9767
9770
9772
9776
9777
9779
9780
9781
9785
9787
9790
9791
9792
9795
9797
9798
9799
9801
9803
9806
9811
9813
9816
9817
9818
9824
9825
9829
9833
9834
9835
9836
9840
9841
9843
9844
9845
9847
9848
9849
9850
9851
9852
9853
9854
9860
9863
9867
9868
9869
9873
9874
9875
9878
9879
9880
9881
9883
9885
9887
9888
9889
9890
9891
9892
9894
9896
9897
9898
9899
9900
9901
9902
9903
9910
9912
9914
9915
9916
9917
9921
9922
9923
9928
9929
9931
9932
9933
9935
9937
9938
9940
9941
9945
9946
9947
9948
9949
9950
9952
9954
9955
9959
9960
9962
9963
9964
9966
9968
9969
9974
9978
9979
9980
9981
9984
9986
9992
9993
9994
9995
9996
9999
10001
10002
10004
10005
10006
10008
10009
10013
10014
10016
10018
10019
10020
10021
10023
10024
10027
10028
10030
10032
10033
10035
10037
10039
10040
10043
10047
10049
10050
10051
10054
10055
10056
10059
10060
10061
10063
10066
10067
10068
10069
10070
10072
10074
10075
10077
10079
10081
10082
10085
10086
10087
10088
10089
10090
10094
10095
10096
10097
10099
10100
10101
10104
10106
10107
10108
10109
10110
10112
10113
10114
10115
10118
10119
10121
10122
10125
10129
10132
10133
10134
10136
10137
10139
10143
10147
10149
10151
10152
10153
10154
10155
10158
10159
10162
10163
10164
10165
10166
10167
10168
10170
10172
10173
10174
10177
10178
10179
10181
10182
10186
10192
10193
10194
10197
10201
10203
10204
10207
10208
10210
10212
10216
10218
10219
10220
10224
10228
10233
10234
10235
10236
10238
10241
10244
10245
10246
10247
10248
10250
10252
10253
10255
10256
10257
10259
10262
10263
10264
10265
10266
10268
10269
10271
10273
10274
10275
10277
10278
10279
10280
10281
10282
10283
10284
10286
10287
10289
10290
10291
10293
10296
10297
10300
10303
10305
10306
10307
10309
10310
10312
10313
10314
10315
10320
10321
10322
10324
10326
10327
10332
10333
10334
10335
10337
10341
10342
10343
10344
10345
10347
10348
10349
10350
10354
10355
10356
10358
10359
10360
10363
10368
10369
10370
10371
10373
10374
10375
10376
10378
10379
10380
10381
10383
10385
10386
10387
10389
10390
10391
10393
10395
10397
10399
10400
10402
10409
10410
10411
10412
10415
10417
10420
10421
10422
10426
10428
10430
10431
10432
10433
10435
10437
10439
10441
10442
10443
10444
10446
10447
10448
10449
10450
10451
10453
10455
10456
10457
10458
10459
10460
10462
10463
10466
10468
10472
10473
10474
10475
10476
10477
10478
10481
10489
10493
10495
10496
10497
10498
10499
10503
10504
10506
10511
10512
10514
10515
10516
10517
10519
10521
10522
10523
10524
10526
10528
10529
10530
10533
10537
10538
10540
10542
10543
10544
10551
10552
10555
10557
10558
10559
10560
10562
10566
10571
10574
10575
10577
10578
10579
10580
10584
10585
10587
10588
10590
10591
10593
10598
10600
10602
10603
10605
10606
10607
10608
10609
10610
10613
10614
10615
10616
10620
10624
10625
10626
10627
10628
10629
10630
10631
10632
10636
10638
10639
10640
10641
10642
10643
10644
10645
10646
10647
10648
10649
10650
10651
10652
10653
10654
10655
10658
10661
10662
10663
10664
10669
10674
10677
10679
10680
10681
10682
10683
10684
10687
10688
10691
10692
10693
10694
10695
10696
10697
10698
10699
10701
10702
10705
10706
10708
10709
10710
10711
10713
10715
10716
10721
10722
10723
10724
10726
10727
10730
10732
10733
10736
10740
10741
10742
10744
10748
10750
10751
10756
10757
10758
10759
10760
10764
10765
10767
10768
10769
10770
10772
10773
10776
10777
10779
10781
10782
10783
10784
10785
10788
10789
10790
10798
10800
10804
10809
10810
10812
10813
10814
10816
10820
10821
10822
10823
10824
10829
10830
10831
10832
10833
10837
10840
10843
10844
10845
10848
10850
10852
10856
10857
10859
10860
10868
10869
10870
10873
10876
10877
10878
10879
10881
10882
10885
10886
10888
10889
10896
10897
10901
10902
10904
10905
10906
10907
10908
10913
10915
10917
10918
10920
10921
10922
10925
10927
10929
10933
10936
10938
10939
10940
10943
10945
10947
10948
10950
10953
10954
10955
10957
10959
10961
10963
10965
10966
10967
10969
10971
10973
10974
10976
10977
10980
10981
10982
10987
10988
10989
10990
10991
10992
10993
10994
10995
10996
10997
10998
10999
11003
11004
11005
11006
11010
11011
11012
11013
11014
11016
11017
11018
11021
11022
11023
11025
11026
11030
11031
11032
11034
11035
11037
11038
11040
11043
11051
11055
11056
11057
11058
11059
11061
11063
11064
11065
11067
11069
11071
11072
11073
11074
11077
11079
11080
11081
11084
11085
11087
11089
11090
11095
11098
11099
11101
11104
11105
11106
11108
11109
11112
11119
11121
11123
11124
11125
11126
11128
11131
11134
11137
11138
11140
11141
11143
11144
11145
11146
11151
11152
11155
11156
11158
11159
11160
11161
11164
11167
11168
11169
11171
11174
11177
11178
11183
11184
11186
11187
11188
11189
11191
11192
11193
11195
11198
11199
11202
11203
11204
11205
11206
11208
11209
11210
11212
11215
11216
11217
11221
11223
11229
11233
11234
11238
11240
11247
11248
11249
11251
11253
11255
11256
11257
11258
11260
11261
11267
11268
11270
11271
11272
11273
11274
11275
11277
11282
11284
11285
11289
11292
11293
11294
11296
11297
11298
11299
11302
11304
11307
11308
11311
11312
11313
11317
11319
11325
11327
11330
11331
11333
11340
11341
11344
11345
11346
11349
11353
11355
11356
11357
11361
11367
11369
11370
11377
11378
11379
11380
11382
11384
11386
11390
11393
11395
11397
11401
11402
11403
11404
11405
11406
11408
11409
11411
11414
11419
11427
11428
11430
11433
11434
11438
11446
11450
11452
11455
11457
11458
11459
11460
11462
11464
11468
11469
11470
11471
11472
11476
11478
11484
11485
11491
11493
11498
11499
11501
11504
11507
11508
11510
11511
11512
11516
11517
11518
11520
11521
11526
11529
11530
11532
11534
11537
11539
11540
11541
11544
11548
11549
11551
11553
11556
11557
11565
11566
11568
11572
11573
11574
11575
11576
11577
11579
11582
11585
11589
11592
11595
11597
11598
11602
11606
11607
11609
11610
11613
11614
11617
11618
11621
11622
11626
11631
11632
11633
11635
11638
11641
11646
11647
11649
11650
11651
11652
11654
11657
11659
11664
11665
11666
11672
11675
11677
11679
11682
11684
11686
11688
11689
11690
11693
11696
11697
11699
11700
11702
11703
11704
11706
11707
11708
11710
11711
11716
11718
11724
11725
11726
11728
11734
11735
11739
11740
11741
11744
11745
11748
11750
11751
11755
11758
11760
11762
11764
11766
11767
11768
11769
11770
11771
11772
11773
11774
11777
11780
11781
11792
11795
11796
11800
11801
11818
11824
11825
11828
11832
11833
11834
11835
11838
11841
11843
11845
11847
11848
11852
11853
11856
11858
11859
11861
11864
11865
11867
11868
11870
11871
11874
11884
11887
11889
11890
11892
11894
11897
11902
11904
11905
11908
11909
11910
11912
11916
11917
11921
11922
11930
11931
11934
11935
11936
11937
11938
11939
11940
11942
11943
11948
11957
11959
11962
11963
11965
11971
11973
11974
11975
11977
11980
11982
11984
11985
11986
11988
11989
11992
11997
12000
12002
12003
12004
12005
12007
12011
12015
12017
12018
12019
12021
12023
12024
12025
12028
12030
12031
12033
12035
12036
12037
12038
12040
12041
12043
12044
12049
12051
12052
12053
12056
12058
12059
12060
12061
12062
12063
12064
12065
12066
12067
12068
12069
12070
12071
12072
12073
12074
12075
12076
12077
12078
12079
12080
12081
12085
12089
12090
12092
12093
12095
12096
12097
12098
12100
12102
12103
12104
12110
12112
12114
12116
12118
12119
12120
12121
12123
12124
12126
12127
12128
12131
12132
12133
12136
12138
12139
12141
12145
12146
12147
12149
12150
12151
12152
12156
12158
12159
12161
12162
12164
12168
12169
12170
12171
12173
12175
12177
12179
12180
12184
12188
12189
12190
12195
12200
12201
12202
12203
12204
12207
12209
12211
12212
12214
12215
12216
12217
12218
12219
12222
12224
12230
12232
12233
12234
12235
12238
12240
12242
12244
12245
12246
12247
12248
12250
12251
12252
12260
12261
12263
12266
12267
12268
12269
12270
12271
12272
12273
12279
12282
12285
12289
12290
12291
12292
12293
12294
12295
12297
12298
12299
12300
12301
12306
12308
12312
12314
12317
12318
12319
12322
12323
12325
12326
12330
12333
12335
12336
12337
12341
12342
12346
12348
12351
12352
12353
12355
12356
12357
12358
12359
12361
12363
12368
12370
12371
12372
12375
12378
12380
12382
12383
12385
12386
12389
12390
12391
12394
12395
12396
12397
12398
12399
12401
12402
12404
12410
12411
12412
12413
12414
12415
12416
12417
12418
12424
12427
12428
12431
12432
12433
12434
12435
12436
12439
12440
12441
12442
12443
12444
12445
12446
12448
12450
12451
12452
12454
12456
12458
12461
12465
12467
12468
12472
12473
12475
12477
12479
12481
12484
12485
12488
12492
12495
12496
12497
12498
12500
12501
12503
12504
12505
12506
12507
12508
12509
12510
12513
12514
12516
12517
12525
12529
12531
12535
12538
12541
12545
12547
12548
12549
12551
12556
12559
12560
12561
12564
12565
12571
12572
12574
12575
12577
12580
12582
12583
12584
12587
12588
12590
12594
12595
12597
12599
12601
12602
12605
12606
12609
12612
12614
12620
12622
12623
12624
12625
12627
12628
12630
12631
12632
12634
12636
12637
12639
12641
12646
12647
12649
12650
12651
12652
12653
12654
12655
12656
12658
12659
12660
12663
12664
12665
12666
12669
12671
12672
12673
12674
12675
12676
12677
12679
12680
12681
12684
12686
12687
12690
12691
12693
12695
12702
12703
12705
12706
12707
12709
12711
12712
12717
12720
12721
12726
12728
12733
12734
12735
12737
12738
12739
12741
12742
12743
12745
12747
12748
12749
12752
12753
12754
12755
12756
12757
12758
12759
12761
12762
12763
12766
12769
12771
12772
12775
12777
12779
12780
12783
12785
12787
12788
12789
12791
12792
12794
12795
12796
12797
12798
12802
12803
12804
12805
12806
12808
12809
12810
12811
12813
12816
12818
12822
12826
12827
12829
12832
12833
12835
12836
12837
12842
12843
12844
12848
12850
12852
12854
12857
12863
12867
12868
12870
12871
12873
12874
12875
12877
12879
12880
12881
12882
12884
12886
12888
12889
12890
12891
12892
12893
12894
12896
12903
12904
12905
12907
12914
12921
12922
12925
12926
12927
12929
12930
12931
12932
12935
12938
12939
12945
12947
12948
12953
12954
12957
12960
12961
12963
12964
12965
12966
12968
12972
12974
12977
12985
12986
12992
12994
12995
12997
13001
13005
13008
13009
13010
13011
13012
13013
13016
13020
13023
13030
13031
13032
13033
13034
13035
13036
13040
13041
13047
13050
13051
13052
13055
13056
13057
13059
13060
13061
13062
13063
13064
13065
13066
13069
13071
13078
13082
13085
13087
13089
13091
13095
13097
13102
13104
13106
13109
13110
13111
13112
13115
13118
13119
13120
13121
13126
13127
13131
13132
13134
13135
13137
13139
13140
13144
13145
13147
13148
13149
13151
13152
13156
13163
13165
13168
13169
13170
13173
13175
13178
13181
13185
13187
13188
13189
13191
13192
13193
13195
13196
13197
13199
13200
13202
13203
13204
13207
13209
13211
13212
13213
13216
13218
13220
13221
13222
13230
13232
13233
13236
13237
13240
13243
13244
13245
13246
13248
13250
13252
13254
13258
13260
13261
13262
13263
13266
13267
13268
13269
13270
13271
13272
13273
13276
13278
13280
13281
13282
13283
13284
13287
13289
13291
13292
13295
13296
13297
13298
13300
13301
13303
13304
13307
13309
13311
13313
13314
13315
13316
13317
13320
13322
13323
13327
13328
13329
13331
13332
13333
13335
13336
13337
13338
13343
13344
13345
13346
13349
13351
13352
13353
13354
13355
13357
13360
13362
13363
13366
13367
13370
13374
13375
13376
13377
13380
13381
13382
13383
13384
13388
13389
13391
13392
13393
13394
13398
13399
13400
13402
13403
13405
13408
13409
13412
13413
13416
13417
13422
13423
13424
13425
13426
13429
13431
13433
13435
13441
13443
13444
13448
13450
13452
13454
13455
13457
13458
13459
13460
13462
13465
13466
13474
13477
13479
13482
13484
13487
13495
13496
13498
13500
13501
13504
13505
13509
13512
13515
13516
13517
13520
13523
13525
13527
13530
13532
13533
13534
13535
13537
13538
13539
13540
13541
13543
13545
13547
13548
13549
13550
13552
13555
13556
13560
13564
13570
13573
13574
13576
13577
13578
13580
13582
13583
13586
13588
13589
13597
13598
13599
13603
13604
13606
13607
13608
13609
13610
13611
13613
13614
13617
13619
13620
13621
13623
13626
13627
13629
13631
13632
13633
13636
13637
13639
13640
13642
13643
13645
13647
13648
13650
13651
13652
13653
13654
13656
13657
13658
13662
13663
13664
13665
13667
13672
13674
13677
13679
13685
13687
13690
13694
13696
13697
13698
13699
13708
13713
13714
13715
13716
13717
13719
13721
13723
13725
13726
13727
13728
13729
13730
13731
13732
13734
13737
13738
13739
13740
13744
13745
13746
13747
13748
13749
13750
13754
13755
13756
13757
13759
13760
13761
13762
13763
13764
13765
13766
13767
13770
13771
13773
13775
13776
13777
13779
13780
13782
13783
13784
13786
13788
13789
13790
13791
13795
13796
13803
13804
13805
13806
13807
13809
13810
13813
13814
13815
13816
13819
13820
13822
13823
13824
13826
13827
13831
13839
13840
13844
13845
13846
13847
13850
13851
13854
13855
13856
13858
13859
13860
13861
13863
13867
13871
13873
13876
13877
13878
13879
13883
13885
13889
13891
13892
13895
13899
13901
13902
13905
13910
13911
13913
13914
13915
13917
13919
13925
13926
13927
13928
13929
13931
13933
13934
13936
13938
13943
13945
13946
13948
13949
13955
13956
13957
13958
13959
13963
13964
13965
13967
13971
13974
13976
13978
13979
13980
13981
13983
13985
13988
13989
13990
13992
13993
13994
13995
13996
13997
13998
14000
14001
14003
14006
14008
14009
14012
14014
14016
14019
14021
14023
14025
14030
14035
14039
14041
14044
14046
14047
14051
14055
14056
14057
14058
14059
14063
14064
14066
14067
14069
14070
14072
14076
14082
14083
14085
14086
14089
14090
14093
14094
14095
14098
14100
14103
14106
14107
14109
14111
14112
14116
14117
14118
14121
14122
14124
14125
14127
14129
14132
14133
14135
14136
14137
14139
14141
14143
14144
14146
14149
14150
14159
14160
14161
14163
14166
14167
14168
14170
14171
14173
14175
14176
14178
14179
14180
14182
14183
14184
14186
14188
14189
14192
14194
14196
14197
14198
14199
14200
14201
14202
14203
14204
14206
14209
14214
14215
14216
14222
14226
14229
14230
14233
14236
14237
14238
14240
14241
14243
14244
14245
14246
14249
14251
14252
14255
14258
14260
14261
14262
14263
14270
14272
14274
14275
14276
14277
14279
14281
14282
14283
14285
14286
14288
14289
14290
14293
14295
14296
14298
14300
14302
14303
14304
14306
14308
14310
14313
14314
14315
14316
14317
14318
14321
14323
14325
14328
14329
14330
14331
14333
14334
14337
14338
14339
14341
14342
14345
14346
14348
14349
14351
14353
14354
14356
14357
14359
14360
14361
14364
14365
14366
14368
14370
14371
14372
14377
14378
14380
14382
14383
14385
14386
14388
14389
14390
14392
14393
14395
14396
14397
14400
14402
14404
14405
14406
14408
14409
14410
14411
14412
14413
14416
14417
14420
14421
14422
14425
14426
14428
14429
14432
14433
14434
14435
14439
14440
14441
14444
14446
14447
14448
14449
14450
14451
14452
14454
14456
14457
14462
14464
14465
14466
14467
14470
14471
14472
14474
14475
14476
14477
14479
14481
14482
14485
14489
14492
14493
14496
14497
14499
14500
14501
14502
14503
14504
14505
14507
14508
14509
14512
14514
14515
14517
14518
14520
14524
14525
14528
14530
14531
14532
14533
14536
14537
14539
14543
14544
14545
14547
14548
14553
14554
14555
14556
14558
14561
14562
14563
14565
14566
14567
14568
14572
14574
14575
14576
14577
14580
14581
14582
14584
14587
14589
14590
14592
14593
14595
14597
14598
14599
14600
14601
14603
14606
14610
14611
14612
14616
14618
14620
14622
14625
14627
14628
14632
14635
14637
14639
14640
14641
14643
14645
14646
14648
14649
14650
14651
14652
14656
14659
14661
14664
14665
14668
14670
14671
14673
14674
14675
14677
14678
14679
14680
14681
14682
14684
14687
14689
14690
14691
14692
14693
14698
14699
14700
14702
14703
14704
14709
14711
14712
14714
14715
14721
14723
14724
14725
14729
14730
14731
14732
14733
14734
14735
14737
14738
14739
14741
14744
14745
14746
14747
14749
14753
14754
14756
14757
14758
14760
14762
14763
14765
14769
14773
14776
14778
14779
14781
14782
14785
14786
14787
14789
14792
14798
14800
14803
14804
14805
14807
14809
14813
14814
14816
14817
14819
14821
14822
14826
14827
14828
14830
14832
14835
14836
14840
14841
14844
14845
14846
14847
14848
14849
14852
14853
14855
14856
14857
14859
14860
14861
14862
14864
14870
14878
14879
14880
14882
14883
14884
14885
14886
14888
14891
14893
14894
14896
14897
14898
14899
14901
14903
14905
14906
14907
14908
14909
14910
14913
14914
14915
14916
14917
14918
14921
14922
14923
14924
14927
14928
14929
14934
14936
14937
14938
14939
14940
14944
14945
14946
14947
14948
14952
14954
14955
14957
14959
14960
14964
14965
14966
14967
14968
14969
14971
14972
14974
14977
14979
14981
14982
14984
14986
14989
14992
14993
14995
14996
14997
15000
15001
15003
15005
15007
15008
15009
15010
15011
15012
15013
15014
15016
15018
15019
15020
15021
15023
15024
15025
15026
15027
15028
15029
15032
15033
15034
15036
15038
15039
15041
15042
15044
15045
15047
15050
15051
15052
15053
15054
15055
15057
15058
15059
15060
15061
15063
15064
15067
15068
15069
15071
15072
15073
15074
15076
15077
15078
15079
15083
15084
15086
15088
15089
15091
15092
15093
15095
15096
15098
15102
15103
15105
15106
15110
15111
15112
15113
15115
15116
15117
15119
15120
15123
15125
15127
15128
15129
15130
15131
15132
15133
15136
15138
15139
15140
15141
15142
15143
15144
15147
15149
15151
15152
15153
15154
15156
15157
15161
15162
15163
15164
15166
15167
15168
15169
15170
15173
15175
15177
15178
15179
15180
15182
15183
15184
15185
15186
15187
15189
15190
15193
15194
15195
15196
15197
15199
15200
15201
15202
15203
15206
15207
15208
15209
15210
15212
15214
15217
15220
15225
15226
15227
15228
15229
15230
15231
15232
15233
15234
15236
15237
15238
15241
15242
15243
15244
15245
15246
15247
15249
15251
15252
15254
15255
15256
15257
15258
15259
15260
15261
15262
15263
15265
15266
15268
15269
15270
15271
15272
15274
15275
15276
15277
15278
15279
15280
15281
15282
15283
15285
15286
15288
15289
15290
15291
15293
15295
15296
15297
15298
15301
15303
15304
15305
15308
15309
15311
15312
15313
15315
15317
15318
15320
15321
15322
15323
15324
15325
15326
15332
15335
15336
15338
15339
15340
15341
15342
15345
15346
15350
15351
15352
15353
15354
15355
15356
15357
15358
15359
15361
15362
15363
15366
15367
15368
15369
15370
15375
15376
15377
15378
15379
15381
15384
15387
15388
15389
15390
15392
15393
15394
15395
15397
15398
15399
15400
15401
15403
15404
15405
15406
15407
15408
15409
15410
15412
15413
15414
15415
15416
15417
15420
15425
15426
15427
15428
15429
15430
15431
15432
15433
15434
15436
15437
15439
15440
15441
15442
15443
15446
15447
15449
15450
15451
15452
15453
15456
15458
15459
15460
15462
15463
15464
15465
15468
15470
15471
15472
15473
15474
15476
15478
15479
15481
15482
15483
15484
15485
15486
15488
15490
15491
15492
15493
15498
15499
15500
15501
15502
15506
15507
15508
15510
15511
15513
15515
15516
15520
15524
15525
15526
15527
15528
15529
15530
15531
15532
15534
15536
15537
15538
15540
15543
15546
15547
15548
15549
15550
15551
15552
15553
15556
15557
15558
15560
15561
15562
15563
15564
15565
15567
15568
15573
15574
15575
15576
15579
15584
15585
15588
15590
15591
15592
15593
15595
15596
15601
15602
15603
15604
15606
15609
15611
15614
15615
15616
15618
15621
15622
15623
15624
15625
15626
15627
15628
15630
15632
15633
15634
15638
15639
15640
15642
15643
15644
15646
15648
15650
15651
15652
15653
15655
15656
15657
15660
15661
15662
15663
15664
15665
15666
15667
15668
15669
15673
15674
15675
15676
15678
15679
15680
15681
15682
15686
15687
15688
15689
15690
15691
15692
15694
15695
15697
15698
15699
15700
15702
15703
15704
15709
15712
15713
15714
15716
15718
15722
15723
15725
15728
15730
15731
15732
15733
15734
15735
15737
15740
15741
15742
15743
15744
15746
15747
15749
15750
15751
15753
15754
15755
15757
15758
15759
15762
15763
15764
15766
15767
15768
15769
15771
15773
15775
15776
15777
15778
15779
15780
15784
15785
15786
15787
15788
15789
15790
15791
15792
15795
15798
15800
15802
15803
15804
15805
15808
15811
15812
15814
15815
15816
15817
15818
15819
15821
15822
15823
15824
15825
15826
15829
15830
15832
15833
15834
15835
15836
15837
15839
15840
15841
15843
15844
15846
15852
15853
15855
15856
15857
15859
15860
15861
15863
15864
15865
15866
15868
15870
15871
15872
15873
15874
15875
15876
15878
15881
15882
15883
15884
15885
15886
15887
15888
15889
15893
15894
15895
15897
15898
15899
15901
15902
15903
15905
15907
15910
15911
15912
15913
15914
15915
15916
15917
15918
15919
15920
15922
15923
15924
15925
15928
15932
15934
15935
15936
15938
15939
15940
15944
15947
15948
15949
15950
15953
15955
15956
15957
15958
15960
15964
15965
15966
15967
15969
15971
15973
15975
15976
15977
15979
15980
15981
15985
15987
15988
15990
15991
15992
15993
15994
15995
15997
15999
16000
16005
16006
16007
16008
16009
16010
16011
16015
16016
16017
16018
16019
16020
16022
16023
16024
16028
16029
16030
16031
16033
16037
16038
16039
16041
16043
16045
16046
16047
16048
16050
16052
16054
16055
16056
16060
16061
16062
16064
16065
16067
16068
16069
16070
16071
16072
16073
16074
16075
16076
16077
16079
16080
16081
16082
16083
16084
16085
16087
16088
16090
16091
16092
16093
16094
16095
16096
16097
16098
16099
16102
16104
16107
16109
16110
16112
16113
16114
16115
16116
16117
16119
16120
16121
16122
16124
16126
16130
16132
16135
16137
16140
16141
16143
16145
16147
16149
16150
16151
16152
16153
16154
16155
16156
16159
16160
16162
16163
16164
16165
16168
16170
16171
16174
16175
16177
16178
16179
16180
16181
16182
16185
16187
16188
16189
16190
16191
16194
16197
16198
16199
16200
16201
16202
16204
16207
16208
16209
16211
16212
16213
16215
16217
16220
16221
16222
16223
16224
16225
16226
16227
16230
16231
16233
16234
16235
16236
16239
16240
16241
16242
16244
16245
16247
16248
16249
16250
16252
16253
16254
16255
16256
16257
16259
16260
16264
16265
16266
16267
16268
16270
16272
16273
16274
16275
16276
16277
16279
16280
16281
16282
16283
16284
16286
16289
16290
16291
16293
16296
16297
16298
16299
16301
16302
16304
16308
16311
16312
16313
16314
16315
16317
16318
16319
16321
16322
16324
16325
16327
16329
16331
16332
16333
16334
16335
16336
16337
16339
16341
16342
16343
16346
16348
16349
16352
16354
16355
16357
16358
16361
16362
16363
16364
16365
16366
16367
16370
16371
16374
16375
16376
16378
16379
16380
16382
16383
16384
16386
16387
16389
16390
16392
16393
16394
16395
16396
16397
16399
16400
16401
16402
16403
16405
16407
16408
16410
16411
16412
16415
16416
16420
16421
16422
16423
16425
16426
16430
16431
16432
16434
16435
16436
16439
16440
16441
16443
16444
16445
16448
16449
16450
16451
16455
16456
16457
16458
16459
16460
16461
16464
16466
16468
16472
16473
16474
16475
16477
16478
16481
16485
16487
16488
16489
16490
16491
16492
16495
16498
16499
16503
16504
16505
16506
16508
16509
16510
16512
16515
16516
16517
16519
16521
16522
16524
16526
16532
16535
16536
16537
16539
16540
16541
16542
16543
16544
16546
16548
16550
16552
16553
16555
16557
16559
16562
16563
16566
16567
16568
16569
16573
16580
16581
16583
16589
16590
16591
16592
16598
16599
16600
16602
16603
16606
16607
16608
16612
16613
16615
16616
16617
16619
16631
16632
16633
16634
16636
16637
16639
16640
16641
16642
16643
16647
16648
16652
16654
16655
16656
16657
16658
16660
16661
16664
16666
16668
16672
16673
16674
16675
16676
16677
16678
16680
16682
16685
16687
16688
16689
16690
16694
16695
16700
16702
16704
16705
16706
16709
16710
16712
16713
16715
16716
16718
16719
16720
16722
16723
16724
16725
16727
16728
16732
16736
16737
16738
16739
16742
16743
16745
16746
16749
16750
16751
16752
16753
16754
16756
16758
16760
16762
16765
16766
16767
16768
16769
16770
16772
16774
16775
16777
16778
16779
16782
16783
16784
16785
16786
16787
16788
16789
16793
16798
16801
16802
16805
16806
16807
16808
16809
16810
16811
16812
16813
16814
16815
16816
16817
16819
16822
16824
16827
16828
16829
16832
16834
16835
16836
16838
16839
16840
16841
16843
16844
16847
16848
16851
16852
16853
16854
16855
16856
16857
16858
16859
16862
16865
16866
16868
16869
16870
16872
16873
16874
16876
16880
16883
16884
16885
16887
16888
16889
16890
16891
16892
16893
16894
16895
16896
16897
16898
16899
16900
16901
16909
16913
16915
16916
16917
16918
16919
16920
16921
16925
16926
16928
16929
16930
16932
16933
16938
16940
16941
16942
16945
16947
16948
16949
16950
16951
16953
16955
16956
16957
16959
16960
16962
16967
16968
16969
16971
16972
16975
16978
16979
16980
16982
16983
16984
16985
16987
16988
16989
16990
16991
16994
16999
17000
17001
17003
17006
17008
17009
17010
17011
17013
17014
17016
17017
17023
17024
17025
17026
17028
17029
17030
17032
17033
17034
17037
17038
17039
17041
17042
17043
17044
17045
17047
17048
17049
17050
17051
17052
17053
17054
17055
17056
17058
17060
17061
17062
17064
17065
17069
17070
17071
17072
17073
17074
17075
17077
17078
17083
17086
17087
17088
17089
17090
17091
17093
17095
17096
17097
17099
17100
17103
17104
17105
17107
17108
17109
17111
17112
17113
17116
17117
17119
17120
17121
17124
17125
17126
17128
17129
17130
17132
17133
17135
17136
17138
17139
17140
17142
17144
17146
17147
17148
17149
17150
17151
17153
17154
17155
17156
17157
17161
17162
17163
17165
17166
17168
17169
17171
17173
17176
17177
17178
17179
17182
17183
17184
17185
17188
17189
17190
17191
17193
17197
17201
17203
17204
17205
17206
17208
17209
17210
17211
17212
17215
17216
17217
17219
17221
17222
17224
17228
17230
17231
17235
17237
17238
17239
17242
17245
17246
17247
17248
17249
17250
17252
17253
17258
17259
17260
17261
17262
17263
17265
17267
17271
17274
17276
17277
17283
17284
17285
17286
17287
17289
17290
17291
17292
17293
17297
17299
17301
17302
17303
17305
17307
17308
17309
17310
17314
17318
17320
17321
17322
17323
17324
17327
17328
17329
17332
17333
17335
17336
17339
17340
17343
17344
17346
17347
17348
17349
17351
17352
17353
17354
17356
17358
17360
17362
17365
17366
17367
17368
17370
17371
17372
17373
17374
17375
17376
17379
17381
17384
17386
17388
17391
17392
17395
17396
17398
17399
17400
17401
17402
17403
17404
17406
17407
17408
17409
17410
17411
17412
17413
17414
17415
17419
17420
17422
17423
17424
17426
17428
17430
17432
17436
17438
17440
17441
17443
17444
17445
17447
17449
17450
17451
17452
17453
17454
17457
17458
17459
17460
17461
17462
17463
17465
17466
17470
17472
17475
17479
17480
17481
17484
17485
17486
17487
17489
17492
17495
17498
17500
17502
17504
17505
17506
17508
17509
17510
17513
17516
17517
17519
17523
17524
17525
17526
17527
17528
17531
17533
17534
17535
17537
17538
17539
17540
17542
17543
17544
17546
17547
17549
17550
17551
17553
17555
17556
17557
17562
17563
17564
17568
17569
17570
17571
17573
17574
17575
17579
17581
17582
17586
17588
17589
17591
17592
17594
17595
17596
17599
17600
17603
17605
17607
17608
17609
17610
17619
17621
17625
17627
17631
17632
17633
17636
17637
17639
17640
17642
17644
17645
17647
17649
17650
17655
17656
17657
17658
17660
17661
17662
17663
17664
17670
17671
17674
17676
17677
17680
17681
17684
17687
17688
17690
17691
17692
17693
17695
17698
17700
17701
17703
17704
17706
17707
17709
17710
17712
17713
17714
17716
17717
17718
17719
17720
17725
17726
17728
17729
17731
17732
17733
17735
17736
17739
17741
17742
17743
17744
17746
17747
17748
17750
17752
17753
17754
17755
17756
17759
17761
17762
17765
17769
17770
17771
17774
17775
17776
17777
17779
17781
17782
17783
17784
17785
17786
17788
17789
17790
17792
17793
17794
17795
17797
17798
17800
17804
17805
17806
17808
17809
17811
17812
17813
17814
17815
17816
17817
17818
17819
17820
17822
17823
17824
17825
17827
17829
17831
17832
17833
17835
17836
17837
17839
17841
17843
17844
17845
17846
17847
17851
17854
17855
17858
17859
17865
17867
17868
17870
17873
17874
17876
17877
17878
17879
17881
17882
17883
17884
17886
17888
17889
17890
17894
17895
17896
17897
17898
17902
17903
17904
17905
17906
17907
17909
17910
17911
17913
17915
17916
17918
17919
17920
17921
17929
17930
17932
17933
17934
17936
17938
17939
17940
17943
17944
17945
17947
17949
17950
17952
17953
17954
17956
17958
17960
17962
17963
17965
17966
17969
17970
17972
17974
17977
17979
17981
17984
17986
17987
17989
17990
17991
17992
17995
17997
17998
17999
18000
18001
18002
18003
18004
18005
18008
18009
18011
18012
18014
18015
18016
18017
18019
18020
18021
18023
18024
18025
18026
18027
18029
18030
18032
18033
18034
18035
18037
18038
18039
18041
18043
18044
18049
18052
18053
18055
18056
18057
18058
18059
18060
18061
18063
18064
18066
18071
18072
18073
18074
18075
18077
18078
18081
18083
18084
18085
18087
18089
18090
18091
18092
18094
18096
18097
18098
18101
18102
18104
18106
18108
18109
18110
18111
18112
18113
18114
18115
18116
18117
18118
18120
18123
18124
18125
18127
18131
18132
18134
18135
18137
18138
18139
18141
18143
18144
18145
18146
18147
18149
18151
18155
18156
18157
18159
18160
18163
18164
18165
18166
18167
18168
18169
18172
18173
18174
18175
18176
18177
18178
18181
18183
18184
18186
18187
18188
18189
18190
18191
18192
18193
18194
18195
18197
18198
18200
18203
18204
18206
18207
18208
18209
18210
18211
18212
18213
18214
18216
18217
18218
18221
18222
18223
18224
18225
18227
18230
18231
18233
18234
18235
18236
18240
18241
18242
18243
18245
18246
18247
18248
18249
18250
18251
18252
18256
18257
18258
18259
18260
18261
18264
18266
18268
18269
18272
18273
18274
18275
18276
18277
18279
18284
18285
18286
18287
18288
18290
18292
18296
18297
18298
18299
18300
18301
18302
18303
18304
18306
18311
18314
18315
18317
18318
18319
18321
18323
18325
18326
18327
18328
18329
18330
18333
18334
18338
18339
18340
18342
18343
18344
18346
18347
18350
18353
18354
18355
18357
18358
18359
18360
18361
18363
18364
18365
18366
18368
18370
18371
18373
18374
18376
18378
18379
18383
18384
18385
18388
18389
18390
18392
18393
18395
18396
18397
18398
18399
18400
18401
18402
18403
18404
18406
18409
18410
18411
18412
18414
18417
18418
18419
18422
18423
18424
18427
18428
18433
18437
18439
18442
18444
18448
18449
18450
18452
18455
18456
18459
18460
18461
18462
18465
18466
18467
18468
18471
18472
18473
18476
18477
18478
18480
18482
18485
18486
18487
18488
18489
18491
18493
18494
18495
18496
18497
18498
18499
18501
18504
18505
18506
18507
18508
18509
18510
18515
18518
18519
18520
18523
18525
18526
18528
18529
18530
18532
18533
18535
18537
18539
18541
18543
18544
18546
18547
18548
18550
18551
18552
18554
18555
18556
18557
18559
18560
18561
18562
18563
18565
18566
18567
18570
18573
18574
18577
18580
18582
18583
18584
18585
18587
18588
18589
18590
18592
18593
18595
18596
18597
18599
18601
18602
18604
18605
18606
18609
18610
18612
18613
18614
18615
18617
18619
18620
18621
18623
18624
18626
18627
18629
18630
18632
18636
18637
18638
18640
18641
18642
18643
18645
18647
18648
18650
18651
18655
18656
18657
18658
18660
18663
18664
18665
18666
18667
18669
18670
18671
18672
18673
18676
18678
18679
18681
18682
18685
18687
18688
18689
18693
18694
18696
18698
18701
18702
18704
18705
18708
18710
18712
18713
18716
18717
18721
18722
18723
18724
18727
18728
18729
18731
18733
18734
18738
18740
18745
18746
18747
18752
18753
18754
18756
18757
18760
18761
18763
18764
18768
18771
18773
18776
18778
18786
18787
18788
18789
18791
18792
18793
18794
18795
18797
18798
18799
18800
18802
18803
18804
18805
18806
18807
18808
18811
18812
18814
18816
18817
18819
18821
18824
18826
18827
18829
18830
18831
18832
18833
18834
18836
18839
18840
18841
18843
18844
18845
18846
18847
18852
18853
18855
18856
18858
18859
18861
18862
18864
18866
18867
18868
18870
18871
18872
18873
18874
18875
18877
18878
18879
18881
18883
18888
18891
18895
18896
18898
18900
18901
18903
18906
18907
18908
18910
18911
18913
18914
18915
18916
18917
18918
18920
18921
18922
18923
18924
18925
18926
18927
18928
18929
18930
18931
18932
18934
18935
18936
18937
18939
18940
18941
18942
18943
18944
18946
18947
18948
18950
18952
18953
18959
18960
18961
18963
18965
18966
18967
18968
18971
18972
18973
18976
18977
18982
18984
18986
18987
18988
18990
18994
18995
18997
18998
18999
19000
19001
19003
19004
19005
19006
19007
19009
19010
19011
19012
19013
19014
19015
19016
19017
19019
19020
19023
19024
19025
19026
19029
19030
19032
19033
19035
19036
19037
19038
19040
19042
19043
19044
19045
19046
19047
19049
19050
19051
19052
19053
19055
19056
19057
19058
19059
19060
19061
19062
19063
19064
19065
19066
19068
19070
19072
19073
19074
19076
19079
19083
19084
19087
19089
19091
19092
19095
19096
19097
19098
19099
19100
19101
19102
19103
19104
19105
19108
19109
19111
19112
19113
19114
19117
19118
19120
19121
19122
19125
19126
19127
19128
19129
19133
19134
19135
19136
19137
19138
19139
19140
19141
19142
19143
19144
19145
19146
19148
19149
19150
19152
19153
19154
19155
19156
19159
19161
19162
19163
19164
19165
19167
19168
19169
19170
19171
19173
19176
19177
19179
19180
19181
19182
19183
19184
19187
19188
19190
19192
19193
19195
19196
19197
19199
19201
19202
19203
19205
19206
19207
19208
19210
19211
19212
19217
19219
19220
19221
19222
19223
19225
19228
19229
19231
19234
19235
19240
19241
19243
19244
19246
19247
19248
19249
19250
19251
19252
19255
19256
19257
19258
19259
19260
19263
19264
19265
19266
19267
19268
19269
19270
19271
19272
19273
19274
19275
19277
19279
19280
19281
19286
19288
19289
19293
19294
19297
19298
19300
19302
19304
19307
19308
19309
19310
19311
19312
19313
19314
19315
19316
19317
19318
19320
19323
19324
19325
19326
19327
19328
19329
19330
19331
19332
19333
19334
19335
19336
19337
19338
19341
19342
19343
19344
19347
19349
19351
19352
19354
19355
19356
19357
19358
19359
19361
19362
19363
19364
19366
19369
19370
19372
19376
19379
19380
19381
19382
19384
19385
19386
19387
19388
19389
19390
19391
19392
19393
19394
19395
19397
19400
19402
19403
19405
19408
19409
19410
19412
19414
19417
19418
19419
19420
19422
19423
19424
19425
19426
19427
19428
19429
19432
19434
19435
19437
19441
19443
19444
19445
19446
19448
19450
19451
19452
19454
19455
19456
19458
19459
19460
19461
19462
19463
19464
19465
19466
19467
19469
19470
19471
19472
19473
19474
19475
19476
19478
19479
19480
19482
19483
19485
19486
19488
19490
19491
19492
19496
19498
19499
19500
19501
19502
19503
19504
19505
19507
19509
19511
19514
19516
19518
19519
19520
19521
19522
19523
19526
19529
19530
19531
19532
19534
19535
19537
19538
19539
19540
19541
19543
19544
19545
19546
19550
19551
19552
19554
19556
19558
19560
19562
19564
19565
19566
19567
19568
19570
19573
19574
19575
19576
19578
19579
19582
19583
19585
19586
19587
19588
19589
19590
19592
19593
19595
19596
19598
19600
19602
19604
19606
19608
19610
19611
19612
19613
19614
19617
19618
19622
19623
19625
19626
19627
19628
19630
19631
19632
19633
19638
19640
19643
19644
19646
19649
19650
19651
19652
19655
19656
19658
19659
19660
19661
19662
19664
19665
19666
19668
19669
19670
19671
19672
19676
19678
19679
19681
19682
19684
19686
19689
19692
19693
19696
19697
19700
19703
19706
19707
19708
19709
19710
19711
19713
19718
19726
19727
19728
19729
19730
19732
19733
19737
19739
19740
19742
19743
19744
19745
19747
19749
19750
19752
19756
19757
19758
19760
19761
19765
19766
19768
19770
19771
19772
19774
19775
19778
19780
19782
19785
19786
19787
19790
19792
19793
19795
19797
19798
19799
19800
19802
19803
19804
19805
19806
19807
19808
19810
19813
19814
19820
19821
19822
19824
19826
19830
19835
19836
19837
19839
19841
19844
19845
19846
19847
19848
19849
19850
19851
19853
19854
19855
19858
19860
19862
19864
19865
19866
19867
19868
19869
19871
19875
19877
19878
19879
19880
19882
19883
19885
19886
19887
19888
19889
19893
19897
19898
19899
19900
19901
19903
19905
19906
19907
19908
19910
19911
19912
19913
19914
19917
19918
19919
19920
19921
19922
19923
19926
19927
19928
19929
19930
19932
19933
19934
19936
19938
19939
19942
19943
19944
19945
19946
19947
19948
19949
19952
19953
19954
19955
19956
19957
19958
19959
19961
19964
19965
19967
19970
19972
19977
19978
19981
19982
19983
19984
19985
19987
19992
19993
19994
19995
19997
19998
19999
20001
20002
20003
20004
20006
20007
20010
20011
20013
20015
20017
20018
20020
20021
20022
20023
20024
20027
20028
20031
20033
20035
20036
20039
20040
20041
20044
20046
20048
20049
20051
20052
20053
20057
20058
20059
20060
20061
20062
20063
20065
20066
20067
20069
20072
20074
20075
20076
20077
20078
20080
20082
20084
20088
20090
20091
20092
20093
20094
20096
20097
20101
20102
20104
20106
20109
20110
20111
20112
20113
20114
20115
20116
20117
20118
20120
20121
20122
20123
20125
20126
20127
20128
20130
20132
20134
20135
20138
20139
20140
20141
20142
20143
20146
20149
20150
20151
20154
20158
20159
20160
20161
20162
20163
20164
20165
20166
20167
20168
20169
20170
20171
20172
20173
20174
20175
20176
20177
20180
20181
20182
20183
20184
20185
20187
20188
20189
20190
20191
20192
20193
20195
20196
20199
20200
20202
20203
20204
20206
20208
20209
20210
20212
20213
20214
20215
20216
20217
20219
20223
20225
20226
20228
20229
20230
20231
20232
20233
20234
20235
20236
20238
20240
20241
20242
20245
20248
20254
20255
20256
20257
20258
20260
20263
20265
20267
20269
20271
20272
20273
20275
20276
20277
20278
20279
20280
20281
20283
20284
20285
20286
20288
20294
20295
20297
20299
20300
20301
20302
20303
20304
20305
20307
20308
20311
20312
20313
20314
20315
20316
20317
20318
20319
20320
20323
20324
20325
20329
20330
20331
20332
20334
20337
20338
20339
20340
20341
20343
20344
20345
20347
20348
20349
20350
20351
20353
20354
20355
20356
20357
20364
20365
20367
20368
20369
20371
20374
20375
20377
20378
20380
20382
20383
20384
20385
20389
20390
20393
20396
20397
20399
20400
20401
20402
20405
20407
20410
20412
20415
20416
20417
20418
20420
20421
20422
20423
20424
20426
20427
20428
20429
20430
20431
20432
20433
20434
20436
20437
20438
20440
20441
20443
20445
20446
20447
20448
20450
20451
20452
20454
20455
20457
20458
20459
20462
20466
20468
20469
20472
20473
20478
20480
20481
20484
20485
20486
20487
20488
20491
20492
20493
20495
20498
20501
20502
20503
20504
20505
20507
20509
20510
20512
20513
20515
20516
20518
20522
20524
20527
20528
20529
20531
20532
20533
20535
20536
20537
20538
20539
20541
20543
20544
20545
20548
20549
20550
20551
20552
20554
20559
20560
20561
20562
20563
20564
20565
20566
20567
20569
20570
20571
20573
20578
20579
20581
20582
20583
20584
20585
20586
20587
20588
20589
20590
20592
20593
20594
20595
20597
20600
20601
20602
20605
20606
20608
20609
20612
20614
20617
20618
20619
20621
20624
20625
20627
20628
20629
20632
20633
20634
20636
20637
20640
20642
20644
20645
20646
20647
20649
20650
20651
20652
20654
20655
20656
20657
20658
20659
20661
20662
20663
20667
20669
20670
20671
20672
20673
20674
20675
20676
20677
20680
20683
20685
20687
20689
20690
20691
20692
20694
20695
20696
20697
20698
20699
20700
20701
20704
20706
20707
20708
20709
20712
20713
20714
20715
20716
20717
20720
20722
20723
20724
20727
20729
20730
20732
20733
20735
20736
20737
20739
20740
20741
20742
20745
20746
20748
20749
20750
20751
20752
20754
20755
20756
20757
20758
20759
20760
20762
20763
20764
20765
20766
20767
20768
20769
20771
20772
20773
20774
20779
20780
20782
20783
20784
20787
20788
20789
20790
20792
20793
20794
20795
20796
20797
20799
20800
20801
20803
20804
20805
20807
20808
20809
20810
20812
20813
20816
20817
20818
20819
20820
20821
20823
20825
20827
20828
20829
20830
20831
20832
20834
20835
20836
20837
20841
20843
20844
20845
20846
20847
20848
20849
20850
20851
20852
20854
20855
20857
20858
20860
20861
20862
20864
20865
20867
20868
20870
20871
20872
20874
20877
20878
20879
20882
20883
20884
20886
20887
20888
20889
20890
20891
20892
20893
20894
20895
20896
20899
20900
20901
20903
20904
20905
20906
20907
20908
20911
20913
20914
20915
20916
20918
20919
20920
20921
20922
20924
20926
20928
20930
20931
20932
20933
20934
20935
20938
20940
20941
20943
20944
20945
20947
20948
20950
20952
20954
20955
20956
20957
20958
20959
20960
20961
20962
20963
20965
20966
20969
20971
20972
20973
20974
20975
20977
20978
20980
20981
20982
20983
20985
20986
20987
20988
20989
20990
20991
20992
20996
20998
20999
21001
21002
21004
21005
21006
21008
21009
21011
21012
21013
21017
21018
21021
21024
21025
21026
21027
21028
21031
21033
21034
21035
21036
21037
21039
21041
21042
21044
21045
21047
21048
21049
21051
21052
21053
21055
21057
21061
21064
21067
21068
21069
21070
21071
21072
21079
21081
21082
21083
21085
21087
21088
21089
21090
21091
21092
21093
21094
21095
21099
21100
21101
21102
21103
21104
21106
21107
21108
21110
21111
21112
21115
21116
21119
21120
21122
21123
21128
21129
21130
21131
21132
21137
21138
21140
21142
21144
21146
21147
21148
21149
21151
21152
21154
21155
21156
21158
21159
21160
21165
21166
21167
21168
21169
21172
21173
21174
21176
21180
21181
21184
21186
21187
21188
21189
21190
21192
21195
21197
21198
21200
21201
21202
21205
21206
21208
21209
21210
21212
21213
21217
21218
21221
21222
21223
21225
21226
21227
21229
21232
21233
21234
21235
21236
21237
21239
21240
21241
21243
21245
21248
21249
21251
21254
21255
21257
21258
21259
21260
21262
21263
21264
21266
21267
21272
21273
21275
21276
21278
21280
21282
21283
21284
21286
21287
21291
21292
21294
21297
21299
21300
21301
21302
21305
21308
21309
21310
21312
21314
21315
21317
21318
21319
21320
21321
21323
21324
21325
21327
21328
21329
21331
21333
21335
21336
21337
21338
21339
21340
21341
21342
21343
21345
21346
21347
21348
21349
21351
21353
21354
21356
21357
21359
21360
21361
21362
21364
21366
21367
21368
21370
21371
21373
21375
21377
21379
21381
21382
21385
21386
21388
21389
21390
21391
21392
21394
21395
21398
21399
21402
21404
21405
21408
21410
21411
21412
21413
21415
21416
21417
21418
21420
21421
21422
21423
21424
21425
21430
21431
21432
21433
21434
21435
21436
21437
21438
21440
21441
21443
21444
21445
21446
21449
21451
21452
21454
21456
21458
21459
21461
21462
21463
21466
21467
21469
21474
21475
21476
21477
21479
21483
21484
21485
21488
21490
21491
21494
21496
21497
21498
21499
21500
21501
21502
21507
21510
21513
21515
21516
21517
21519
21521
21525
21526
21528
21533
21534
21535
21536
21537
21538
21540
21542
21543
21546
21547
21551
21555
21556
21558
21559
21560
21561
21562
21566
21567
21568
21569
21571
21572
21573
21575
21576
21577
21578
21579
21582
21583
21585
21586
21587
21589
21590
21592
21593
21594
21595
21596
21598
21599
21600
21602
21603
21604
21606
21607
21608
21609
21612
21613
21614
21617
21618
21620
21621
21625
21627
21628
21633
21634
21636
21639
21640
21642
21643
21644
21645
21646
21649
21650
21651
21652
21653
21654
21655
21656
21657
21658
21659
21662
21663
21664
21665
21667
21668
21669
21671
21673
21674
21675
21676
21677
21678
21679
21682
21683
21684
21687
21688
21690
21692
21694
21696
21697
21698
21700
21701
21703
21704
21705
21707
21708
21710
21711
21713
21715
21716
21717
21719
21720
21721
21722
21723
21725
21726
21727
21728
21731
21732
21733
21734
21735
21737
21738
21741
21742
21743
21747
21749
21752
21753
21758
21759
21760
21761
21762
21763
21766
21768
21769
21771
21773
21775
21777
21778
21781
21784
21786
21787
21789
21790
21791
21795
21796
21797
21798
21799
21800
21801
21804
21805
21807
21809
21810
21811
21812
21813
21814
21815
21816
21820
21822
21823
21824
21825
21826
21828
21829
21830
21831
21833
21834
21835
21836
21837
21838
21839
21840
21842
21843
21844
21845
21846
21847
21848
21850
21851
21853
21854
21855
21856
21857
21858
21860
21862
21864
21866
21867
21870
21871
21873
21875
21876
21877
21879
21880
21881
21883
21884
21885
21886
21887
21889
21890
21892
21894
21896
21897
21898
21899
21901
21903
21904
21905
21907
21908
21911
21915
21917
21921
21923
21926
21927
21930
21932
21934
21935
21936
21938
21939
21941
21942
21945
21947
21948
21949
21951
21953
21954
21956
21959
21961
21964
21965
21966
21967
21968
21969
21970
21972
21973
21974
21975
21976
21978
21979
21980
21981
21983
21985
21987
21988
21991
21992
21993
21996
21997
22000
22001
22002
22003
22004
22006
22010
22011
22013
22014
22016
22019
22021
22024
22025
22026
22028
22030
22032
22034
22036
22037
22038
22039
22042
22043
22044
22045
22047
22049
22050
22051
22052
22056
22057
22058
22059
22060
22062
22064
22065
22066
22069
22071
22072
22073
22074
22078
22080
22082
22083
22084
22085
22087
22089
22091
22092
22094
22095
22096
22101
22102
22103
22104
22105
22107
22109
22110
22112
22113
22114
22115
22116
22120
22123
22125
22126
22129
22130
22131
22132
22133
22135
22137
22138
22139
22141
22143
22144
22147
22148
22153
22155
22156
22157
22158
22159
22160
22161
22162
22163
22164
22170
22171
22172
22175
22181
22184
22186
22189
22191
22195
22196
22197
22198
22202
22204
22205
22207
22209
22211
22215
22220
22223
22231
22234
22236
22239
22242
22243
22244
22245
22246
22248
22251
22255
22257
22258
22259
22261
22263
22267
22268
22269
22273
22274
22276
22277
22280
22281
22283
22285
22288
22293
22294
22295
22299
22302
22306
22307
22310
22313
22314
22316
22318
22322
22323
22325
22327
22328
22330
22332
22333
22334
22335
22336
22337
22338
22340
22341
22344
22345
22348
22349
22350
22352
22354
22356
22357
22358
22359
22360
22361
22364
22367
22368
22369
22371
22372
22374
22375
22377
22378
22380
22384
22385
22387
22389
22391
22392
22396
22397
22398
22399
22402
22403
22404
22405
22409
22410
22412
22413
22414
22415
22418
22419
22420
22421
22423
22424
22425
22426
22427
22428
22429
22432
22434
22435
22437
22441
22442
22443
22446
22449
22450
22451
22452
22453
22454
22455
22456
22458
22459
22460
22463
22464
22465
22466
22467
22468
22469
22471
22472
22473
22475
22478
22479
22481
22486
22487
22488
22489
22490
22492
22493
22494
22495
22496
22497
22498
22499
22500
22501
22502
22503
22504
22506
22508
22509
22512
22513
22514
22515
22517
22518
22519
22522
22523
22528
22530
22532
22534
22536
22539
22541
22542
22545
22548
22551
22556
22559
22560
22561
22564
22566
22567
22569
22570
22576
22577
22578
22580
22581
22583
22585
22588
22589
22590
22592
22593
22594
22595
22596
22601
22602
22604
22605
22606
22607
22610
22611
22612
22614
22615
22617
22618
22621
22622
22624
22625
22626
22628
22630
22631
22634
22635
22637
22639
22641
22642
22644
22645
22651
22652
22653
22654
22655
22656
22657
22659
22664
22667
22668
22671
22672
22673
22674
22678
22681
22682
22686
22687
22691
22692
22697
22698
22699
22701
22705
22707
22708
22709
22710
22711
22715
22716
22717
22718
22719
22720
22721
22723
22724
22725
22726
22727
22728
22731
22732
22733
22734
22735
22736
22737
22738
22740
22745
22747
22749
22753
22754
22755
22756
22757
22760
22762
22763
22764
22765
22768
22770
22771
22772
22774
22776
22777
22779
22781
22783
22784
22785
22786
22787
22788
22789
22790
22791
22792
22793
22795
22798
22799
22802
22803
22804
22806
22808
22810
22812
22813
22814
22815
22816
22818
22820
22821
22822
22824
22827
22828
22830
22831
22833
22834
22835
22836
22837
22838
22839
22842
22843
22844
22845
22846
22849
22852
22853
22854
22856
22858
22859
22860
22861
22864
22865
22866
22868
22870
22872
22873
22874
22875
22876
22878
22879
22880
22881
22882
22883
22884
22885
22889
22891
22892
22894
22896
22897
22898
22899
22901
22902
22903
22905
22906
22908
22909
22910
22911
22913
22914
22918
22919
22920
22921
22923
22924
22925
22926
22928
22931
22935
22936
22938
22939
22940
22942
22943
22946
22947
22949
22950
22952
22953
22954
22956
22959
22961
22965
22966
22967
22969
22970
22971
22973
22976
22978
22979
22980
22981
22982
22984
22986
22987
22992
22994
22996
22997
22998
22999
23000
23001
23002
23003
23004
23005
23006
23007
23009
23010
23011
23012
23014
23015
23017
23019
23020
23022
23025
23026
23027
23028
23029
23031
23034
23036
23037
23039
23040
23041
23042
23046
23047
23048
23049
23050
23054
23057
23058
23059
23060
23061
23063
23064
23068
23071
23074
23075
23078
23079
23081
23082
23083
23084
23085
23087
23089
23090
23092
23093
23097
23098
23099
23100
23102
23104
23105
23106
23107
23108
23109
23110
23112
23113
23114
23117
23118
23119
23120
23122
23123
23124
23125
23127
23128
23131
23132
23133
23134
23136
23137
23138
23140
23142
23145
23146
23147
23148
23151
23153
23156
23157
23159
23161
23163
23164
23166
23167
23168
23169
23171
23173
23174
23176
23178
23182
23183
23184
23185
23186
23187
23188
23189
23190
23193
23194
23195
23196
23201
23203
23206
23207
23208
23209
23210
23212
23213
23214
23215
23217
23218
23219
23220
23223
23225
23228
23229
23231
23232
23234
23235
23237
23238
23240
23241
23245
23247
23251
23252
23253
23256
23257
23258
23260
23262
23265
23267
23270
23272
23273
23279
23280
23281
23285
23286
23289
23290
23291
23292
23293
23294
23295
23297
23298
23299
23301
23302
23303
23304
23305
23306
23307
23308
23311
23312
23313
23314
23316
23318
23319
23320
23323
23324
23325
23326
23328
23330
23331
23332
23334
23336
23337
23338
23340
23341
23344
23346
23347
23348
23349
23350
23351
23352
23353
23355
23358
23360
23361
23363
23366
23367
23370
23372
23374
23375
23379
23381
23382
23383
23385
23386
23387
23391
23393
23395
23397
23399
23400
23401
23402
23407
23408
23409
23412
23413
23414
23419
23422
23423
23425
23427
23428
23429
23430
23431
23432
23433
23434
23435
23437
23439
23440
23441
23443
23444
23445
23447
23448
23450
23452
23455
23457
23459
23460
23464
23465
23466
23468
23471
23473
23475
23477
23478
23479
23480
23482
23487
23491
23495
23496
23497
23498
23499
23501
23502
23503
23504
23505
23506
23508
23511
23512
23513
23514
23515
23516
23519
23520
23522
23528
23532
23535
23536
23537
23538
23539
23540
23544
23545
23546
23547
23548
23549
23550
23552
23554
23555
23556
23560
23561
23562
23563
23564
23565
23566
23567
23568
23573
23574
23575
23576
23578
23579
23582
23583
23584
23586
23587
23590
23592
23593
23594
23596
23597
23599
23600
23601
23602
23605
23607
23608
23611
23613
23615
23617
23619
23621
23623
23625
23627
23628
23630
23631
23633
23634
23635
23636
23637
23638
23640
23641
23642
23645
23648
23650
23651
23657
23658
23659
23663
23665
23666
23667
23668
23669
23670
23671
23673
23677
23680
23681
23687
23688
23689
23690
23691
23696
23697
23699
23700
23702
23704
23705
23708
23709
23711
23712
23714
23715
23716
23719
23720
23722
23724
23726
23727
23728
23729
23730
23731
23732
23734
23735
23737
23738
23742
23744
23747
23750
23751
23753
23754
23756
23757
23759
23760
23761
23764
23766
23768
23770
23772
23773
23775
23776
23778
23780
23781
23782
23783
23785
23789
23790
23791
23792
23794
23795
23796
23798
23801
23802
23804
23805
23806
23808
23809
23810
23816
23819
23820
23821
23826
23827
23828
23829
23830
23831
23836
23839
23840
23843
23844
23846
23847
23848
23849
23850
23852
23853
23855
23856
23857
23858
23860
23861
23862
23863
23864
23869
23870
23873
23874
23878
23879
23880
23881
23882
23883
23884
23887
23890
23891
23892
23893
23894
23895
23896
23897
23898
23899
23900
23901
23902
23903
23904
23905
23907
23908
23909
23911
23912
23913
23914
23916
23917
23918
23919
23920
23925
23926
23927
23928
23929
23930
23931
23932
23933
23934
23935
23936
23938
23940
23942
23943
23944
23945
23946
23947
23948
23949
23951
23952
23954
23955
23956
23957
23958
23962
23963
23964
23966
23968
23969
23971
23972
23973
23974
23977
23979
23982
23984
23985
23988
23989
23992
23993
23995
23996
23998
23999
24000
24001
24003
24010
24012
24014
24016
24018
24020
24021
24022
24025
24027
24028
24029
24030
24031
24032
24034
24035
24036
24037
24039
24040
24043
24045
24048
24050
24051
24052
24053
24054
24056
24057
24058
24059
24061
24062
24065
24067
24068
24070
24071
24073
24074
24075
24076
24078
24079
24080
24085
24086
24087
24088
24089
24090
24092
24094
24095
24096
24097
24098
24099
24101
24103
24104
24105
24106
24108
24111
24112
24113
24114
24117
24118
24120
24124
24127
24128
24129
24130
24131
24133
24134
24135
24136
24137
24138
24139
24140
24141
24142
24145
24147
24149
24150
24151
24154
24155
24157
24159
24161
24163
24165
24166
24167
24168
24170
24171
24175
24176
24177
24179
24180
24181
24182
24183
24188
24189
24191
24195
24196
24197
24199
24200
24201
24202
24203
24204
24206
24209
24210
24211
24213
24214
24215
24216
24217
24218
24219
24220
24221
24223
24224
24225
24226
24228
24230
24231
24233
24236
24237
24239
24242
24243
24244
24245
24246
24247
24249
24250
24251
24252
24254
24256
24257
24258
24259
24260
24261
24262
24263
24266
24267
24268
24269
24270
24273
24274
24275
24279
24280
24284
24286
24287
24288
24289
24290
24291
24293
24294
24295
24296
24297
24298
24299
24301
24302
24303
24304
24306
24307
24309
24311
24312
24314
24315
24316
24317
24318
24319
24320
24321
24322
24323
24325
24326
24327
24337
24338
24340
24341
24343
24344
24345
24347
24348
24349
24351
24353
24354
24355
24356
24357
24359
24360
24362
24363
24364
24365
24368
24370
24372
24376
24379
24383
24384
24387
24388
24389
24390
24392
24393
24394
24397
24399
24401
24404
24408
24409
24410
24411
24417
24418
24419
24420
24421
24422
24424
24426
24427
24428
24430
24432
24436
24437
24438
24441
24443
24444
24445
24447
24451
24452
24453
24454
24457
24458
24460
24461
24462
24463
24464
24467
24471
24473
24476
24478
24480
24481
24482
24487
24488
24489
24491
24493
24495
24497
24498
24499
24501
24502
24505
24506
24508
24512
24513
24514
24515
24516
24518
24520
24521
24524
24525
24526
24528
24530
24531
24532
24533
24534
24537
24543
24544
24546
24548
24551
24553
24554
24559
24560
24561
24563
24564
24566
24567
24568
24569
24570
24572
24576
24577
24578
24579
24580
24581
24582
24583
24584
24585
24586
24587
24589
24590
24592
24593
24596
24597
24599
24601
24602
24603
24604
24606
24608
24609
24610
24613
24617
24618
24619
24621
24623
24625
24629
24630
24631
24632
24633
24634
24639
24641
24642
24644
24646
24649
24650
24651
24652
24653
24657
24659
24661
24662
24663
24665
24666
24667
24668
24670
24671
24672
24673
24674
24675
24676
24677
24678
24679
24684
24686
24687
24689
24690
24691
24693
24696
24698
24701
24705
24706
24708
24709
24711
24712
24713
24715
24716
24717
24718
24719
24720
24723
24724
24725
24727
24728
24729
24730
24731
24735
24736
24737
24738
24739
24741
24742
24744
24745
24746
24748
24751
24752
24755
24757
24758
24759
24760
24762
24765
24766
24768
24769
24773
24776
24777
24778
24781
24782
24783
24784
24785
24786
24787
24788
24790
24791
24793
24794
24795
24796
24798
24800
24802
24803
24804
24806
24807
24808
24809
24812
24813
24814
24815
24818
24819
24820
24822
24825
24829
24830
24831
24833
24835
24836
24837
24838
24839
24841
24842
24845
24846
24847
24848
24849
24850
24852
24853
24855
24856
24859
24860
24861
24862
24865
24868
24870
24872
24873
24876
24878
24880
24882
24883
24885
24887
24889
24890
24891
24892
24895
24896
24897
24899
24900
24901
24902
24903
24904
24905
24906
24907
24908
24909
24912
24913
24914
24919
24921
24922
24923
24925
24926
24927
24928
24929
24930
24935
24936
24938
24939
24940
24942
24943
24944
24948
24950
24952
24954
24956
24957
24960
24961
24962
24963
24966
24967
24968
24970
24973
24976
24981
24983
24984
24985
24987
24988
24989
24990
24991
24992
24993
24994
24995
24996
24998
25001
25002
25003
25004
25005
25006
25008
25010
25012
25013
25014
25017
25018
25019
25020
25022
25024
25025
25026
25028
25029
25030
25032
25033
25034
25037
25038
25039
25042
25043
25044
25045
25047
25048
25049
25050
25051
25052
25054
25057
25061
25062
25064
25066
25067
25068
25072
25073
25075
25077
25080
25081
25082
25086
25090
25093
25094
25096
25097
25098
25099
25100
25101
25102
25105
25106
25107
25109
25112
25113
25115
25117
25118
25120
25123
25125
25126
25129
25130
25133
25134
25135
25136
25137
25140
25142
25143
25144
25146
25148
25151
25152
25153
25154
25155
25156
25159
25160
25161
25162
25163
25164
25165
25167
25169
25171
25172
25173
25175
25176
25177
25178
25180
25181
25182
25183
25184
25186
25188
25190
25199
25200
25201
25202
25205
25207
25211
25214
25215
25216
25218
25225
25226
25228
25229
25230
25231
25232
25233
25234
25236
25238
25240
25241
25242
25246
25249
25250
25253
25254
25256
25257
25259
25261
25262
25263
25264
25265
25266
25267
25269
25271
25273
25274
25275
25276
25280
25281
25282
25283
25284
25285
25287
25290
25291
25292
25293
25294
25295
25297
25298
25299
25301
25304
25305
25306
25307
25309
25310
25311
25312
25314
25315
25320
25323
25325
25327
25328
25329
25332
25333
25334
25335
25337
25339
25340
25341
25342
25343
25347
25348
25349
25350
25353
25354
25356
25357
25358
25363
25364
25365
25366
25367
25368
25369
25370
25375
25376
25377
25378
25380
25381
25382
25383
25384
25385
25386
25387
25388
25389
25390
25392
25394
25396
25397
25398
25399
25401
25403
25405
25407
25411
25412
25414
25418
25419
25420
25421
25424
25425
25426
25427
25428
25433
25434
25435
25437
25438
25439
25440
25441
25442
25444
25447
25448
25449
25451
25453
25456
25459
25460
25463
25464
25465
25466
25467
25469
25471
25472
25473
25474
25475
25476
25478
25479
25481
25485
25487
25488
25491
25492
25494
25495
25496
25498
25499
25500
25502
25503
25504
25505
25506
25509
25510
25511
25513
25514
25515
25518
25521
25523
25526
25529
25530
25531
25532
25534
25538
25539
25541
25542
25544
25545
25546
25548
25549
25552
25553
25554
25556
25557
25558
25559
25560
25561
25562
25563
25566
25567
25569
25570
25571
25573
25574
25576
25578
25580
25582
25583
25585
25587
25592
25595
25597
25600
25602
25603
25604
25605
25606
25607
25608
25609
25610
25613
25616
25619
25620
25621
25622
25623
25624
25627
25628
25629
25630
25631
25633
25635
25636
25638
25639
25640
25641
25642
25643
25647
25648
25650
25651
25652
25653
25655
25657
25659
25660
25661
25662
25663
25664
25666
25669
25670
25674
25678
25680
25681
25683
25686
25687
25688
25690
25691
25692
25693
25697
25699
25700
25701
25702
25707
25708
25709
25710
25711
25712
25715
25716
25718
25720
25721
25722
25729
25730
25733
25737
25738
25742
25746
25747
25749
25750
25751
25752
25754
25756
25758
25759
25761
25764
25765
25766
25767
25768
25769
25770
25772
25773
25774
25776
25777
25780
25781
25782
25784
25785
25786
25787
25788
25789
25790
25791
25792
25793
25794
25795
25796
25798
25800
25806
25809
25810
25811
25812
25813
25815
25817
25819
25820
25821
25822
25823
25824
25825
25827
25829
25830
25831
25832
25833
25834
25836
25838
25841
25842
25847
25849
25853
25854
25855
25856
25860
25861
25862
25863
25865
25867
25869
25871
25872
25873
25875
25876
25878
25879
25880
25881
25882
25884
25885
25890
25897
25899
25900
25902
25907
25910
25912
25914
25916
25918
25919
25921
25922
25923
25925
25926
25927
25929
25931
25932
25933
25934
25936
25937
25939
25941
25943
25944
25945
25946
25949
25951
25957
25961
25962
25963
25964
25966
25969
25970
25972
25973
25974
25975
25977
25980
25983
25984
25986
25987
25988
25989
25990
25993
25994
25996
25997
26000
26002
26003
26004
26007
26008
26009
26011
26012
26014
26016
26019
26020
26021
26022
26023
26028
26029
26030
26032
26034
26039
26040
26041
26046
26047
26049
26051
26052
26055
26056
26058
26059
26060
26062
26064
26067
26068
26070
26072
26074
26075
26076
26078
26079
26082
26083
26084
26088
26091
26092
26093
26094
26095
26096
26097
26099
26100
26102
26103
26104
26105
26108
26109
26110
26116
26118
26120
26122
26124
26127
26128
26130
26132
26133
26139
26140
26143
26146
26149
26150
26151
26154
26156
26157
26159
26160
26162
26163
26167
26169
26171
26172
26175
26176
26177
26178
26179
26181
26182
26183
26184
26186
26187
26189
26190
26191
26192
26193
26194
26195
26196
26197
26198
26200
26201
26202
26203
26204
26205
26206
26207
26208
26209
26210
26212
26213
26216
26217
26218
26221
26222
26223
26225
26227
26229
26230
26233
26234
26235
26236
26240
26243
26245
26246
26248
26249
26250
26251
26252
26253
26254
26255
26256
26257
26259
26260
26263
26264
26265
26267
26268
26270
26272
26274
26275
26276
26277
26278
26281
26283
26292
26294
26295
26296
26298
26301
26302
26303
26306
26307
26308
26309
26310
26311
26313
26314
26315
26317
26318
26319
26320
26321
26323
26324
26326
26327
26328
26333
26334
26335
26337
26338
26339
26340
26342
26343
26345
26346
26347
26349
26350
26352
26356
26358
26359
26360
26361
26362
26363
26364
26366
26367
26368
26369
26371
26372
26373
26374
26375
26376
26378
26379
26381
26384
26385
26389
26393
26394
26395
26396
26397
26398
26400
26401
26403
26404
26406
26409
26410
26411
26412
26416
26418
26420
26423
26424
26425
26426
26429
26430
26431
26432
26434
26435
26436
26438
26443
26444
26447
26449
26450
26451
26452
26454
26456
26457
26459
26463
26466
26467
26468
26470
26471
26472
26473
26475
26477
26480
26482
26483
26486
26487
26488
26492
26493
26495
26497
26500
26501
26503
26505
26506
26510
26511
26513
26514
26515
26516
26517
26518
26522
26523
26524
26526
26527
26528
26529
26530
26531
26532
26538
26539
26540
26541
26542
26543
26545
26546
26547
26549
26552
26553
26555
26556
26557
26560
26561
26562
26564
26565
26569
26570
26572
26573
26574
26575
26576
26577
26580
26581
26582
26583
26584
26585
26586
26588
26589
26590
26592
26594
26595
26596
26598
26600
26602
26605
26607
26608
26610
26613
26614
26616
26617
26620
26621
26624
26625
26626
26629
26630
26632
26633
26635
26636
26640
26643
26644
26645
26646
26647
26648
26649
26651
26652
26653
26656
26657
26658
26662
26664
26667
26668
26670
26671
26673
26674
26675
26676
26678
26679
26680
26681
26682
26683
26685
26686
26690
26691
26692
26694
26695
26696
26697
26698
26699
26700
26703
26704
26705
26706
26711
26712
26713
26714
26718
26720
26721
26724
26726
26727
26729
26730
26731
26733
26734
26735
26737
26740
26741
26742
26744
26745
26746
26748
26749
26750
26751
26752
26753
26754
26755
26757
26758
26759
26760
26761
26764
26767
26768
26769
26770
26771
26775
26778
26782
26784
26785
26788
26791
26793
26794
26796
26798
26801
26805
26806
26808
26811
26812
26815
26817
26819
26821
26822
26825
26829
26831
26832
26834
26837
26838
26840
26842
26843
26844
26846
26847
26848
26849
26850
26852
26855
26856
26857
26858
26861
26864
26865
26866
26867
26868
26870
26872
26873
26874
26876
26877
26878
26880
26881
26882
26883
26884
26887
26888
26889
26890
26891
26893
26894
26895
26896
26897
26898
26900
26901
26902
26903
26905
26906
26907
26908
26909
26911
26912
26914
26916
26917
26918
26919
26921
26922
26923
26925
26926
26927
26928
26929
26930
26931
26932
26934
26935
26936
26937
26940
26945
26946
26948
26952
26953
26955
26956
26957
26959
26960
26961
26962
26963
26964
26965
26966
26970
26971
26972
26973
26975
26976
26977
26978
26979
26980
26981
26982
26985
26987
26988
26992
26994
26995
26996
26997
27000
27001
27003
27009
27013
27014
27016
27017
27018
27021
27023
27024
27027
27028
27029
27030
27031
27032
27036
27042
27043
27044
27046
27047
27048
27049
27050
27051
27053
27054
27055
27056
27057
27058
27060
27062
27063
27065
27068
27070
27075
27076
27080
27081
27082
27083
27085
27086
27087
27088
27093
27094
27096
27097
27098
27099
27100
27101
27104
27107
27110
27111
27112
27114
27115
27116
27118
27119
27122
27123
27125
27127
27129
27131
27132
27135
27137
27139
27140
27141
27142
27143
27145
27146
27149
27151
27152
27154
27161
27164
27165
27166
27167
27168
27170
27171
27173
27175
27176
27177
27180
27181
27182
27183
27189
27190
27191
27192
27193
27194
27196
27197
27198
27199
27200
27201
27202
27204
27208
27210
27211
27212
27213
27216
27217
27218
27220
27221
27222
27223
27224
27226
27227
27230
27231
27232
27233
27235
27236
27238
27242
27243
27245
27246
27247
27248
27252
27253
27255
27256
27261
27266
27267
27269
27270
27271
27272
27273
27274
27275
27276
27278
27280
27283
27285
27287
27288
27289
27290
27292
27293
27295
27296
27297
27299
27300
27301
27305
27308
27310
27312
27314
27316
27317
27318
27320
27321
27322
27325
27326
27328
27329
27332
27336
27337
27338
27340
27341
27342
27343
27345
27349
27350
27351
27353
27354
27355
27358
27359
27367
27368
27370
27373
27374
27376
27383
27387
27388
27389
27391
27392
27393
27396
27397
27399
27400
27401
27402
27403
27405
27410
27411
27412
27413
27414
27416
27417
27419
27420
27421
27422
27429
27431
27433
27434
27435
27437
27441
27444
27446
27447
27448
27449
27451
27452
27453
27454
27462
27463
27465
27466
27468
27470
27471
27472
27473
27474
27475
27476
27477
27479
27480
27481
27482
27486
27488
27489
27491
27493
27494
27496
27498
27502
27503
27505
27507
27509
27510
27515
27517
27519
27520
27521
27523
27524
27526
27527
27528
27529
27530
27531
27536
27540
27541
27544
27545
27546
27548
27550
27551
27553
27554
27557
27560
27561
27562
27563
27564
27565
27566
27567
27569
27570
27571
27574
27575
27576
27577
27579
27580
27581
27584
27585
27586
27587
27590
27591
27592
27593
27594
27596
27597
27598
27599
27601
27602
27604
27605
27606
27607
27609
27611
27614
27615
27616
27618
27619
27620
27622
27623
27624
27626
27628
27630
27631
27632
27633
27634
27635
27636
27637
27638
27639
27640
27642
27643
27644
27645
27647
27648
27651
27653
27654
27656
27658
27659
27660
27664
27665
27667
27668
27670
27672
27676
27677
27678
27679
27680
27682
27683
27685
27686
27687
27688
27689
27690
27693
27694
27695
27696
27697
27698
27699
27701
27702
27705
27706
27707
27708
27709
27710
27713
27714
27716
27719
27721
27723
27724
27725
27728
27729
27730
27732
27733
27736
27737
27739
27745
27746
27749
27750
27752
27753
27756
27757
27760
27761
27762
27763
27765
27766
27768
27769
27774
27775
27776
27777
27778
27779
27781
27783
27785
27786
27788
27789
27790
27791
27792
27793
27795
27796
27797
27798
27799
27800
27801
27802
27804
27805
27806
27807
27808
27809
27811
27812
27813
27814
27815
27816
27817
27820
27821
27822
27823
27824
27826
27827
27828
27829
27830
27831
27832
27834
27836
27837
27840
27842
27843
27845
27847
27851
27852
27853
27855
27858
27859
27861
27862
27863
27864
27866
27868
27870
27871
27875
27876
27878
27880
27881
27884
27888
27889
27890
27891
27893
27894
27897
27898
27899
27901
27903
27905
27907
27908
27911
27912
27913
27915
27917
27918
27920
27921
27923
27925
27927
27928
27929
27932
27934
27937
27941
27942
27943
27944
27947
27948
27949
27950
27951
27952
27954
27956
27957
27963
27965
27966
27967
27968
27969
27974
27976
27980
27981
27982
27983
27984
27986
27987
27989
27990
27992
27995
27996
27998
27999
28000
28001
28005
28006
28007
28008
28010
28011
28012
28013
28014
28015
28016
28018
28020
28023
28025
28028
28029
28031
28035
28039
28040
28041
28042
28043
28045
28048
28051
28052
28053
28055
28056
28062
28064
28065
28066
28069
28074
28075
28076
28079
28080
28082
28083
28084
28086
28088
28089
28090
28091
28094
28095
28096
28098
28099
28101
28102
28103
28104
28105
28106
28109
28112
28113
28115
28116
28117
28118
28122
28123
28124
28130
28132
28133
28134
28136
28137
28139
28143
28144
28145
28146
28147
28148
28149
28151
28152
28153
28154
28156
28157
28158
28161
28162
28164
28166
28168
28169
28170
28171
28174
28176
28181
28186
28188
28193
28194
28195
28196
28197
28198
28200
28202
28203
28204
28209
28214
28215
28219
28221
28223
28224
28225
28226
28227
28229
28232
28233
28234
28237
28238
28239
28240
28241
28242
28243
28246
28248
28249
28250
28251
28253
28254
28255
28257
28260
28264
28268
28269
28271
28272
28275
28276
28282
28284
28287
28288
28289
28290
28292
28293
28294
28300
28301
28303
28306
28308
28309
28311
28312
28314
28316
28317
28318
28320
28322
28323
28325
28329
28330
28331
28337
28339
28340
28341
28342
28344
28345
28347
28348
28352
28353
28354
28355
28361
28364
28365
28366
28368
28369
28370
28373
28375
28377
28378
28379
28380
28381
28382
28383
28384
28385
28386
28389
28390
28394
28395
28396
28397
28399
28401
28402
28403
28405
28406
28407
28408
28409
28410
28411
28414
28415
28421
28422
28426
28427
28428
28429
28430
28432
28433
28436
28437
28439
28440
28441
28442
28443
28444
28446
28449
28452
28453
28456
28457
28458
28459
28460
28461
28464
28468
28469
28470
28471
28472
28473
28477
28478
28479
28480
28483
28484
28485
28486
28487
28488
28489
28491
28492
28495
28496
28499
28501
28502
28505
28506
28507
28510
28511
28512
28513
28514
28515
28518
28519
28521
28522
28524
28526
28528
28529
28531
28532
28533
28535
28536
28538
28539
28542
28545
28546
28547
28548
28549
28550
28551
28552
28554
28556
28557
28558
28559
28560
28562
28570
28573
28576
28577
28579
28581
28583
28584
28585
28586
28587
28588
28592
28593
28594
28596
28598
28599
28600
28602
28605
28608
28612
28613
28614
28618
28619
28620
28622
28623
28624
28625
28626
28627
28629
28630
28632
28633
28634
28635
28639
28640
28641
28642
28646
28647
28648
28650
28651
28652
28653
28654
28655
28656
28657
28659
28660
28662
28664
28666
28667
28672
28673
28674
28677
28678
28680
28681
28682
28683
28684
28687
28689
28690
28691
28692
28693
28694
28696
28697
28699
28701
28702
28703
28705
28707
28710
28713
28714
28715
28716
28717
28718
28719
28721
28726
28728
28729
28731
28733
28734
28735
28737
28738
28741
28742
28743
28745
28747
28748
28750
28751
28752
28753
28754
28758
28760
28766
28768
28776
28777
28778
28779
28782
28785
28788
28789
28792
28794
28795
28797
28798
28799
28800
28801
28802
28803
28804
28806
28807
28808
28809
28810
28811
28812
28813
28817
28818
28820
28823
28825
28826
28828
28829
28830
28831
