28841
28850
28858
28876
28878
28938
28959
29005
29012
29019
29068
29078
29088
29091
29095
29102
29129
29154
29225
29232
29241
29243
29261
29269
29301
29334
29338
29356
29370
29372
29373
29437
29445
29458
29482
29488
29494
29498
29512
29528
29547
29564
29571
29584
29614
29629
29660
29679
29695
29808
29812
29822
29841
29851
29880
29896
29933
29976
29997
30019
30025
30029
30035
30060
30067
30068
30099
30116
30138
30143
30145
30200
30203
30206
30222
30228
30263
30269
30272
30329
30350
30367
30404
30420
30447
30489
30496
30498
30532
30548
30561
30569
30570
30583
30646
30655
30659
30665
30685
30810
30834
30840
30848
30868
30880
30882
30884
30920
30931
30943
30989
31007
31009
31011
31024
31025
31050
31057
31066
31069
31076
31079
31085
31094
31137
31156
31163
31182
31189
31199
31200
31201
31227
31232
31243
31268
31288
31296
31306
31310
31314
31317
31329
31339
31350
31355
31357
31358
31371
31372
31374
31395
31402
31420
31444
31455
31460
31463
31485
31511
31560
31584
31627
31647
31702
31720
31741
31743
31758
31765
31768
31777
31810
31841
31850
31876
31916
31941
32022
32023
32033
32042
32043
32069
32072
32086
32092
32097
32140
32189
32207
32237
32251
32265
32329
32338
32349
32353
32366
32375
32376
32378
32409
32421
32452
32460
32476
32479
32503
32544
32580
32593
32663
32677
32690
32692
32796
32831
32887
32918
32928
32935
33041
33064
33122
33151
33161
33171
33226
33233
33239
33245
33250
33260
33298
33323
33344
33353
33395
33427
33448
33458
33477
33490
33492
33504
33559
33565
33572
33575
33581
33582
33589
33597
33618
33625
33626
33670
33676
33682
33689
33710
33725
33757
33767
33773
33780
33786
33787
33796
33807
33827
33828
33844
33845
33864
33875
33902
33906
33916
33934
33939
33985
33986
34003
34011
34020
34030
34037
34051
34055
34061
34067
34085
34089
34098
34110
34138
34140
34148
34151
34169
34196
34202
34206
34209
34248
34281
34326
34330
34338
34354
34355
34400
34423
34457
34476
34498
34523
34529
34557
34561
34562
34584
34589
34593
34600
34620
34624
34664
34721
34762
34788
34819
34850
34852
34861
34893
34919
34922
34931
34936
34938
34956
34960
34984
34986
35017
35037
35053
35060
35119
35168
35183
35186
35200
35238
35240
35245
35258
35315
35341
35345
35391
35398
35402
35422
35426
35438
35444
35448
35456
35464
35471
35511
35536
35563
35580
35594
35608
35628
35636
35644
35650
35688
35731
35736
35739
35760
35809
35860
35869
35888
35891
35894
35895
35910
35911
35949
35999
36050
36059
36064
36066
36068
36075
36122
36139
36144
36147
36160
36185
36193
36203
36243
36248
36272
36277
36292
36305
36312
36313
36328
36348
36359
36366
36410
36418
36421
36452
36470
36473
36485
36489
36493
36502
36504
36526
36527
36535
36574
36576
36585
36593
36595
36599
36606
36616
36618
36622
36624
36645
36657
36716
36752
36760
36766
36778
36791
36808
36842
36859
36861
36866
36884
36892
36901
36902
36912
36916
36918
36933
36939
36948
36962
36970
36991
37003
37024
37027
37053
37055
37061
37065
37085
37100
37113
37125
37132
37133
37154
37177
37186
37195
37197
37200
37209
37226
37252
37256
37272
37291
37292
37299
37325
37344
37381
37399
37402
37415
37418
37427
37470
37480
37491
37497
37503
37511
37516
37520
37521
37522
37547
37561
37566
37573
37581
37625
37633
37653
37655
37684
37690
37700
37706
37715
37731
37751
37798
37800
37837
37844
37854
37860
37866
37869
37877
37902
37907
37908
37910
37925
37927
37936
37974
37975
37997
38003
38013
38017
38019
38024
38057
38060
38074
38112
38147
38154
38183
38212
38233
38249
38253
38277
38281
38282
38293
38311
38325
38338
38345
38360
38362
38386
38390
38430
38435
38443
38451
38511
38532
38563
38565
38566
38657
38731
38746
38777
38836
38839
38848
38871
38912
38928
39023
39056
39070
39092
39095
39169
39172
39189
39198
39210
39212
39233
39275
39289
39299
39308
39354
39375
39385
39427
39449
39459
39463
39480
39502
39551
39658
39669
39721
39727
39737
39744
39755
39759
39766
39769
39772
39775
39783
39798
39802
39810
39812
39827
39861
39895
39908
39943
39955
39967
39968
40011
40019
40046
40050
40125
40137
40216
40220
40235
40242
40259
40261
40292
40299
40308
40318
40336
40341
40353
40373
40405
40434
40460
40494
40501
40542
40551
40564
40568
40597
40652
40766
40777
40785
40795
40806
40809
40811
40854
40858
40897
40901
40909
40916
40936
40939
40941
40949
40950
40988
40995
40998
41027
41069
41090
41109
41122
41193
41196
41201
41204
41207
41208
41210
41212
41213
41216
41237
41238
41243
41245
41251
41256
41267
41270
41277
41278
41292
41305
41309
41312
41313
41316
41341
41343
41347
41352
41356
41375
41385
41386
41395
41397
41398
41403
41427
41429
41430
41458
41471
41475
41527
41574
41618
41680
41688
41716
41732
41737
41764
41797
41822
41823
41838
41850
41875
41876
41882
41894
41912
41920
41961
41984
41993
42029
42030
42033
42054
42065
42076
42077
42121
42123
42137
42153
42157
42187
42189
42191
42202
42212
42213
42218
42224
42228
42242
42271
42278
42292
42293
42306
42309
42338
42370
42401
42411
42418
42424
42433
42435
42438
42445
42459
42468
42559
42593
42602
42609
42614
42628
42632
42642
42656
42662
42749
42759
42760
42790
42854
42856
42869
42870
42883
42889
42921
42927
42939
42986
43022
43045
43074
43088
43099
43129
43142
43168
43191
43262
43268
43285
43360
43371
43381
43414
43416
43427
43438
43443
43446
43452
43475
43478
43510
43517
43520
43580
43622
43696
43782
43785
43799
43812
43814
43818
43821
43856
43857
43872
43946
43962
43973
43991
44042
44072
44106
44164
44198
44218
44240
44253
44255
44278
44288
44323
44325
44358
44366
44414
44423
44434
44497
44521
44534
44554
44556
44599
44610
44641
44654
44681
44700
44759
44767
44800
44829
44850
44853
44875
44906
44938
44971
44995
45006
45010
45049
45053
45071
45074
45101
45186
45207
45342
45352
45397
45471
45506
45582
45590
45608
45612
45628
45669
45681
45831
45858
45875
45895
45933
45942
45957
45958
45982
45990
46029
46112
46120
46154
46161
46164
46172
46199
46236
46287
46296
46298
46300
46311
46393
46420
46430
46475
46477
46520
46527
46554
46592
46600
46610
46629
46651
46661
46681
46685
46751
46758
46799
46805
46820
46845
46858
46865
46873
46891
46905
46924
46946
46961
47007
47017
47038
47091
47095
47134
47139
47160
47167
47272
47289
47308
47320
47333
47337
47355
47374
47400
47436
47438
47444
47447
47451
47468
47479
47487
47502
47505
47507
47520
47522
47545
47566
47579
47592
47606
47621
47678
47682
47690
47721
47730
47753
47754
47762
47772
47773
47788
47818
47838
47883
47943
47956
47977
47990
48013
48034
48053
48059
48092
48110
48116
48122
48151
48175
48180
48220
48253
48269
48305
48307
48311
48363
48391
48415
48430
48533
48541
48564
48580
48629
48631
48651
48698
48726
48750
48760
48774
48788
48803
48825
48853
48865
48873
48884
48894
48895
48899
48934
48936
48956
48984
49013
49057
49082
49096
49117
49129
49135
49176
49245
49251
49312
49325
49333
49336
49353
49359
49362
49368
49383
49386
49409
49413
49443
49445
49453
49488
49493
49502
49513
49545
49568
49610
49648
49664
49688
49711
49714
49725
49740
49760
49765
49790
49819
49822
49823
49829
49920
50036
50053
50089
50094
50097
50099
50139
50165
50172
50234
50247
50253
50267
50290
50300
50303
50304
50344
50353
50361
50370
50400
50424
50529
50531
50538
50539
50553
50568
50593
50596
50597
50618
50623
50627
50631
50656
50661
50674
50682
50684
50700
50710
50715
50726
50735
50753
50780
50794
50812
50813
50818
50819
50864
50930
50931
50938
50977
50990
50995
51019
51039
51041
51069
51078
51117
51119
51163
51175
51232
51256
51340
51343
51348
51376
51485
51496
51522
51529
51565
51576
51577
51585
51587
51597
51607
51628
51640
51662
51701
51731
51792
51801
51827
51835
51860
51884
51905
51923
51927
51944
51955
51974
52006
52022
52030
52060
52084
52090
52094
52242
52325
52411
52488
52491
52576
52612
52618
52623
52673
52778
52805
52815
52868
52874
52893
52911
53052
53062
53065
53098
53111
53112
53122
53133
53172
53185
53214
53215
53226
53237
53261
53271
53291
53321
53349
53351
53375
53395
53427
53445
53455
53484
53491
53494
53499
53518
53545
53605
53625
53632
53636
53649
53662
53681
53703
53722
53760
53773
53790
53826
53836
53837
53846
53858
53862
53882
53889
53905
53915
53923
53930
53953
53964
53975
53990
53993
54015
54020
54022
54039
54042
54052
54097
54121
54131
54152
54176
54180
54210
54239
54256
54292
54317
54319
54320
54324
54389
54444
54445
54462
54540
54573
54594
54613
54618
54630
54638
54645
54647
54670
54679
54705
54716
54737
54793
54830
54832
54847
54876
54882
54929
55014
55029
55049
55057
55062
55069
55076
55095
55096
55099
55115
55124
55126
55130
55149
55187
55189
55198
55215
55291
55294
55297
55310
55313
55321
55323
55344
55350
55356
55386
55478
55499
55508
55533
55551
55568
55599
55604
55605
55609
55635
55644
55666
55671
55695
55697
55712
55729
55761
55765
55771
55780
55785
55786
55787
55805
55810
55852
55866
55878
55882
55883
55884
55913
55940
55984
56027
56039
56076
56115
56126
56131
56140
56141
56146
56147
56153
56161
56179
56214
56222
56284
56308
56323
56329
56402
56426
56433
56477
56491
56501
56535
56590
56606
56632
56649
56701
56737
56745
56753
56805
56842
56847
56848
56859
56875
56883
56898
56905
56918
56925
56949
56976
56984
57001
57064
57078
57079
57091
57106
57117
57155
57171
57182
57192
57246
57252
57272
57292
57336
57368
57392
57404
57500
57524
57530
57549
57620
57630
57678
57679
57691
57717
57773
57797
57866
57912
58019
58065
58151
58161
58171
58193
58196
58220
58231
58237
58240
58242
58260
58263
58272
58276
58287
58290
58302
58317
58324
58345
58346
58362
58377
58398
58402
58427
58441
58472
58483
58492
58508
58518
58541
58589
58591
58611
58616
58650
58651
58748
58772
58774
58832
58833
58856
58906
58969
58978
58986
59013
59034
59039
59042
59046
59054
59057
59063
59076
59080
59142
59219
59230
59281
59285
59303
59366
59437
59438
59439
59475
59480
59495
59531
59545
59554
59560
59628
59672
59679
59743
59750
59765
