28898
28960
29006
29024
29084
29093
29115
29172
29288
29290
29355
29362
29820
29830
30052
30093
30104
30120
30239
30267
30276
30323
30512
30544
30559
30682
30864
30938
30978
31023
31055
31113
31131
31169
31293
31486
31531
31566
31880
32075
32302
32499
32647
32938
32954
33038
33048
33067
33098
33649
33659
33848
33928
34161
34162
34205
34279
34551
34784
35111
35208
35244
35254
35304
35307
35310
35328
35356
35439
35520
35603
35696
35722
36095
36113
36195
36404
36676
36728
36843
36883
36955
36973
36988
37123
37167
37204
37560
37793
37924
37976
38022
38289
38299
38374
38612
38692
38773
38783
38844
38911
39221
39475
39814
41244
41282
41469
41577
41581
41584
41589
41591
41604
41615
41625
41628
41629
41630
41671
41684
41689
41691
41692
41694
41696
41730
41733
41756
41790
41868
41906
41919
41929
42027
42037
42060
42067
42073
42082
42090
42093
42116
42240
42303
42305
42385
42443
42474
42476
42556
42572
42587
42631
42648
42704
42711
42716
42723
42755
42772
42848
42857
42888
42905
42967
42981
42989
42992
42994
43034
43070
43119
43137
43141
43174
43193
43236
43304
43307
43329
43337
43349
43369
43432
43437
43480
43507
43542
43557
43612
43673
43797
43825
43865
43870
43921
43935
43941
44003
44011
44090
44101
44176
44246
44275
44289
44292
44342
44361
44407
44428
44435
44505
44511
44585
44586
44589
44734
44754
45103
45261
45288
45322
45355
45484
45497
45500
45515
45529
45538
45705
45862
45871
45921
46025
46186
46195
46354
46365
46416
46516
46549
46557
46578
46641
46648
46857
46866
46969
47187
47326
47420
47453
47476
47484
47486
47910
48343
48399
48437
48555
48680
48809
48977
49094
49164
49287
49592
49826
50031
50037
50319
50521
51037
51096
51331
51395
51617
51667
51691
51732
51757
51766
51903
51981
52218
52338
52401
52467
52497
52586
52628
52687
52695
52846
52871
52918
52952
53025
53045
53063
53092
53109
53129
53239
53248
53280
53374
53405
53423
53443
53600
53606
53647
53668
53678
53690
53715
53992
54068
54132
54201
54300
54322
54332
54376
54380
54530
54534
54547
54578
54587
54771
54790
54808
54828
54861
55009
55039
55275
55475
55486
55720
55859
55871
55872
55876
55923
56033
56070
56114
56136
56377
56699
56766
56823
56862
56927
56982
57173
57183
57194
57235
57296
57334
57377
57511
57559
57565
57571
57597
57599
57647
57657
57670
57682
57739
57753
57778
58122
58213
58216
58378
58424
58537
58547
58649
58758
58771
58849
58880
58943
59223
59290
59353
59369
59380
59415
59493
59501
59659
59693
