2
3
4
7
8
9
16
21
22
25
26
31
34
35
36
38
40
43
55
56
57
59
63
67
70
74
76
77
89
90
92
94
97
101
106
108
111
122
124
125
128
131
136
137
138
139
145
150
155
166
171
172
177
179
180
184
190
193
197
200
201
207
212
213
221
226
229
230
234
235
236
241
243
253
255
258
261
263
267
269
270
271
282
286
288
292
293
294
298
299
300
302
303
307
317
324
327
329
332
333
341
343
345
346
350
353
359
361
366
369
371
372
376
381
383
386
389
391
397
402
411
415
417
420
422
423
426
427
428
430
433
437
438
443
447
452
453
459
462
463
465
472
476
479
482
484
486
489
498
504
507
511
512
513
520
521
523
525
532
533
541
550
554
556
558
563
565
568
574
575
576
578
584
587
592
608
609
626
627
629
640
646
647
648
658
660
661
663
664
672
680
683
687
690
697
699
716
726
727
728
730
731
736
737
739
741
742
746
749
750
754
766
768
771
773
774
780
784
786
791
797
800
807
808
810
818
821
822
823
830
834
845
847
849
851
852
855
856
861
870
877
880
883
885
898
899
908
913
914
917
923
925
932
938
943
946
948
951
953
959
963
966
968
971
973
978
983
987
1002
1004
1006
1009
1016
1019
1026
1027
1028
1029
1031
1032
1037
1042
1044
1045
1046
1048
1053
1061
1064
1065
1068
1070
1074
1076
1077
1079
1083
1094
1097
1102
1105
1106
1108
1109
1110
1111
1119
1120
1126
1134
1138
1147
1148
1156
1160
1162
1163
1169
1171
1173
1176
1181
1189
1193
1199
1200
1203
1204
1207
1208
1211
1216
1221
1228
1232
1244
1246
1248
1254
1256
1276
1277
1285
1286
1287
1291
1294
1300
1308
1310
1314
1315
1317
1319
1322
1326
1329
1330
1340
1343
1344
1347
1348
1350
1359
1360
1365
1366
1369
1372
1375
1377
1378
1381
1387
1390
1391
1393
1394
1399
1407
1414
1415
1418
1422
1423
1428
1429
1435
1436
1437
1445
1447
1449
1453
1454
1458
1459
1464
1474
1476
1480
1495
1496
1497
1501
1513
1521
1539
1542
1544
1552
1553
1554
1559
1562
1567
1569
1570
1574
1575
1579
1580
1583
1588
1589
1592
1595
1597
1600
1601
1602
1603
1605
1608
1609
1610
1616
1620
1621
1626
1632
1633
1634
1641
1642
1645
1647
1653
1655
1659
1660
1662
1668
1669
1671
1672
1676
1681
1682
1683
1686
1687
1688
1697
1698
1704
1705
1708
1711
1714
1715
1717
1719
1720
1723
1728
1729
1730
1732
1733
1734
1736
1739
1743
1745
1748
1750
1751
1755
1757
1759
1763
1764
1768
1771
1773
1774
1780
1781
1783
1784
1785
1788
1792
1794
1796
1798
1800
1801
1803
1804
1805
1808
1812
1813
1818
1819
1821
1828
1830
1831
1832
1833
1834
1835
1836
1837
1839
1841
1842
1849
1850
1852
1853
1855
1856
1858
1861
1864
1874
1875
1877
1880
1881
1882
1885
1887
1888
1889
1891
1892
1897
1903
1907
1910
1911
1915
1918
1920
1924
1926
1927
1930
1939
1941
1943
1951
1957
1958
1959
1962
1966
1967
1968
1971
1978
1980
1981
1986
1987
1988
1993
1996
1997
1999
2000
2001
2003
2004
2011
2017
2022
2026
2027
2028
2036
2038
2044
2052
2057
2060
2063
2066
2067
2070
2071
2074
2075
2078
2079
2080
2083
2087
2089
2090
2096
2100
2102
2111
2117
2118
2123
2124
2127
2129
2134
2136
2137
2139
2140
2142
2143
2148
2149
2151
2159
2163
2165
2170
2172
2182
2184
2185
2189
2190
2192
2195
2196
2198
2201
2202
2204
2209
2210
2222
2223
2226
2231
2232
2236
2237
2238
2239
2240
2242
2251
2262
2268
2270
2274
2276
2277
2282
2283
2284
2285
2291
2293
2299
2302
2303
2304
2305
2306
2311
2312
2313
2319
2320
2322
2324
2327
2328
2330
2335
2337
2338
2341
2343
2345
2346
2347
2357
2358
2361
2363
2364
2365
2366
2371
2373
2374
2375
2378
2382
2384
2388
2390
2391
2400
2404
2405
2408
2418
2420
2421
2427
2428
2429
2432
2435
2439
2440
2442
2444
2446
2447
2449
2450
2454
2455
2457
2465
2467
2468
2472
2476
2482
2484
2485
2486
2494
2495
2497
2500
2503
2510
2511
2515
2520
2524
2526
2528
2529
2532
2537
2538
2546
2548
2549
2550
2551
2553
2567
2576
2578
2579
2581
2583
2584
2587
2588
2593
2594
2599
2601
2607
2613
2614
2615
2620
2621
2622
2627
2634
2639
2644
2647
2658
2662
2665
2667
2669
2670
2671
2674
2678
2683
2685
2688
2690
2691
2694
2695
2699
2702
2703
2709
2711
2712
2720
2721
2724
2727
2728
2729
2735
2738
2739
2740
2743
2744
2751
2752
2754
2759
2760
2762
2763
2764
2767
2770
2772
2776
2781
2782
2787
2788
2789
2794
2795
2798
2802
2803
2805
2812
2814
2815
2816
2827
2831
2837
2855
2856
2864
2865
2868
2870
2878
2882
2886
2887
2888
2892
2893
2895
2898
2902
2905
2907
2908
2910
2919
2921
2926
2930
2931
2937
2939
2941
2943
2945
2948
2958
2968
2971
2974
2977
2978
2980
2981
2990
2991
2993
2995
2998
3000
3001
3002
3012
3020
3024
3030
3036
3037
3039
3045
3053
3055
3056
3058
3061
3063
3064
3071
3074
3077
3079
3081
3097
3099
3105
3107
3112
3116
3118
3119
3125
3135
3141
3155
3157
3159
3160
3161
3162
3168
3170
3173
3179
3187
3188
3190
3198
3210
3211
3212
3214
3219
3224
3228
3238
3244
3247
3250
3251
3256
3260
3263
3264
3266
3267
3277
3279
3281
3283
3291
3306
3308
3315
3318
3328
3329
3337
3341
3342
3345
3350
3353
3355
3369
3376
3377
3384
3390
3395
3396
3397
3399
3401
3402
3408
3413
3414
3419
3426
3431
3436
3437
3441
3442
3443
3444
3446
3457
3464
3466
3469
3474
3476
3478
3480
3481
3483
3485
3487
3489
3494
3496
3498
3499
3501
3508
3510
3511
3512
3513
3514
3517
3519
3523
3528
3531
3534
3536
3539
3541
3544
3546
3550
3551
3554
3560
3565
3567
3570
3575
3578
3580
3582
3584
3589
3590
3596
3597
3601
3602
3603
3606
3608
3609
3613
3615
3623
3624
3630
3632
3635
3637
3639
3641
3642
3646
3647
3648
3650
3652
3654
3656
3657
3658
3659
3662
3664
3667
3672
3674
3675
3677
3680
3681
3682
3685
3687
3689
3691
3694
3702
3706
3707
3714
3718
3723
3728
3734
3736
3739
3742
3743
3753
3759
3762
3764
3766
3768
3772
3774
3779
3782
3784
3785
3788
3789
3791
3792
3794
3799
3802
3804
3806
3809
3810
3811
3812
3814
3815
3820
3831
3832
3834
3838
3840
3841
3843
3844
3849
3850
3852
3855
3856
3859
3860
3862
3863
3876
3877
3882
3885
3886
3896
3902
3903
3905
3907
3915
3917
3919
3920
3923
3927
3933
3940
3941
3947
3953
3963
3964
3966
3974
3977
3979
3986
3987
3991
3993
3995
3996
3999
4002
4003
4004
4007
4011
4013
4015
4016
4017
4018
4024
4025
4027
4028
4029
4030
4033
4036
4039
4048
4051
4056
4059
4061
4065
4066
4067
4071
4073
4074
4075
4079
4085
4088
4091
4094
4095
4104
4106
4107
4112
4114
4117
4119
4121
4123
4124
4125
4130
4134
4143
4144
4155
4161
4166
4169
4176
4178
4179
4180
4184
4185
4189
4203
4204
4205
4206
4210
4214
4215
4216
4217
4219
4220
4221
4222
4224
4225
4226
4228
4232
4235
4236
4239
4243
4247
4260
4261
4263
4266
4271
4272
4273
4274
4276
4277
4278
4284
4290
4292
4299
4302
4303
4306
4307
4310
4313
4316
4322
4324
4326
4331
4334
4339
4347
4349
4350
4351
4352
4354
4360
4362
4363
4366
4369
4370
4375
4379
4388
4391
4394
4395
4398
4408
4416
4420
4422
4425
4440
4442
4443
4445
4447
4448
4453
4464
4465
4478
4480
4485
4488
4493
4496
4500
4509
4510
4525
4530
4531
4532
4535
4542
4544
4545
4547
4550
4556
4557
4558
4564
4570
4572
4573
4580
4581
4584
4586
4587
4588
4597
4599
4600
4605
4611
4612
4613
4627
4628
4630
4638
4641
4642
4643
4644
4657
4658
4659
4660
4661
4663
4670
4676
4677
4679
4682
4684
4685
4693
4695
4697
4702
4708
4709
4711
4713
4714
4725
4726
4731
4736
4739
4743
4748
4749
4753
4757
4759
4761
4763
4764
4766
4772
4779
4782
4789
4790
4792
4795
4799
4800
4806
4807
4814
4819
4820
4821
4823
4826
4829
4831
4832
4839
4844
4847
4857
4861
4867
4869
4874
4881
4886
4888
4891
4897
4899
4907
4910
4913
4917
4920
4923
4944
4945
4946
4951
4954
4958
4967
4974
4975
4979
4983
4989
4991
5007
5009
5015
5016
5017
5019
5021
5022
5023
5028
5034
5051
5052
5054
5058
5063
5064
5067
5068
5074
5076
5083
5088
5089
5090
5094
5097
5099
5104
5105
5109
5116
5117
5121
5127
5128
5140
5141
5148
5150
5153
5155
5156
5162
5163
5165
5166
5167
5168
5171
5172
5174
5177
5189
5196
5201
5202
5212
5224
5228
5233
5234
5235
5237
5238
5239
5247
5248
5251
5260
5267
5269
5276
5277
5282
5283
5286
5289
5290
5292
5294
5296
5297
5301
5302
5303
5304
5310
5319
5321
5324
5336
5338
5342
5352
5354
5355
5370
5371
5375
5376
5377
5380
5381
5393
5395
5397
5402
5403
5408
5409
5417
5422
5425
5434
5439
5442
5443
5446
5450
5453
5456
5463
5464
5465
5475
5476
5479
5480
5482
5491
5492
5494
5500
5509
5511
5512
5513
5517
5525
5528
5532
5534
5545
5550
5554
5558
5571
5577
5586
5593
5596
5600
5601
5603
5606
5607
5608
5609
5616
5618
5636
5637
5638
5642
5659
5663
5666
5667
5668
5670
5671
5672
5673
5681
5682
5683
5686
5691
5692
5695
5699
5701
5710
5716
5717
5719
5721
5723
5733
5737
5739
5745
5749
5750
5757
5765
5770
5774
5776
5778
5779
5787
5788
5789
5790
5791
5794
5800
5802
5806
5809
5817
5819
5822
5823
5824
5825
5827
5829
5831
5832
5833
5834
5841
5843
5845
5846
5847
5849
5852
5853
5854
5857
5858
5863
5866
5873
5874
5875
5878
5881
5882
5885
5894
5895
5896
5899
5903
5906
5907
5909
5910
5912
5920
5921
5922
5923
5924
5925
5926
5927
5928
5929
5931
5940
5943
5945
5946
5949
5953
5957
5960
5962
5964
5966
5967
5982
5984
5986
5987
5995
6000
6005
6010
6013
6014
6017
6018
6019
6024
6025
6031
6043
6045
6055
6059
6076
6077
6080
6087
6089
6093
6096
6099
6104
6110
6111
6119
6125
6127
6130
6133
6139
6143
6144
6145
6149
6152
6155
6156
6158
6165
6167
6173
6175
6176
6178
6181
6186
6187
6188
6201
6202
6204
6206
6212
6213
6223
6225
6226
6227
6231
6233
6236
6238
6239
6242
6243
6244
6245
6247
6248
6249
6250
6252
6256
6257
6266
6269
6270
6276
6277
6279
6283
6284
6285
6286
6288
6289
6291
6293
6294
6303
6306
6307
6310
6313
6318
6320
6321
6324
6333
6337
6348
6349
6350
6357
6359
6361
6364
6365
6367
6370
6371
6374
6377
6388
6389
6396
6403
6404
6406
6407
6408
6412
6414
6421
6422
6425
6428
6431
6436
6437
6441
6442
6444
6445
6446
6447
6448
6449
6452
6457
6458
6461
6468
6473
6483
6488
6490
6493
6499
6501
6502
6505
6507
6509
6510
6513
6514
6516
6518
6525
6529
6530
6533
6534
6537
6547
6548
6553
6556
6559
6562
6571
6574
6575
6577
6578
6581
6582
6585
6590
6592
6595
6596
6601
6602
6603
6610
6614
6617
6618
6620
6625
6628
6629
6630
6633
6636
6640
6644
6648
6651
6661
6664
6681
6682
6684
6687
6688
6689
6690
6698
6702
6705
6707
6709
6711
6715
6716
6717
6718
6726
6728
6736
6737
6738
6746
6750
6751
6752
6756
6759
6761
6762
6763
6769
6770
6779
6788
6790
6793
6794
6795
6797
6798
6811
6814
6816
6817
6819
6823
6828
6831
6836
6837
6839
6844
6845
6846
6847
6849
6850
6853
6854
6857
6869
6878
6880
6883
6884
6888
6893
6894
6897
6898
6899
6903
6904
6905
6906
6908
6909
6920
6922
6928
6934
6935
6937
6939
6940
6941
6942
6943
6947
6950
6952
6959
6961
6966
6967
6971
6975
6978
6981
6987
6993
6994
7004
7009
7011
7014
7020
7021
7028
7030
7031
7033
7038
7043
7045
7046
7049
7050
7051
7058
7059
7072
7074
7081
7089
7090
7093
7100
7101
7113
7114
7117
7122
7125
7127
7128
7131
7136
7139
7142
7144
7147
7150
7151
7152
7153
7156
7160
7161
7164
7169
7171
7173
7174
7176
7178
7181
7182
7197
7206
7225
7226
7228
7229
7231
7232
7234
7237
7238
7241
7242
7243
7251
7254
7257
7266
7268
7269
7278
7285
7288
7292
7294
7305
7309
7317
7322
7323
7326
7327
7329
7330
7331
7337
7342
7345
7348
7350
7351
7352
7354
7355
7363
7367
7369
7370
7372
7375
7377
7383
7385
7387
7388
7390
7392
7395
7399
7400
7402
7403
7406
7411
7412
7416
7419
7420
7429
7434
7435
7439
7441
7450
7453
7454
7455
7457
7460
7466
7467
7468
7475
7479
7480
7486
7490
7491
7495
7504
7508
7509
7510
7523
7524
7526
7527
7528
7534
7543
7548
7550
7552
7554
7555
7561
7567
7571
7575
7579
7582
7589
7593
7594
7596
7606
7609
7615
7619
7620
7623
7624
7629
7632
7639
7640
7642
7646
7653
7655
7664
7666
7667
7669
7670
7672
7675
7676
7681
7682
7683
7686
7694
7699
7704
7706
7707
7709
7713
7714
7719
7730
7734
7735
7738
7739
7741
7749
7750
7756
7759
7760
7762
7764
7767
7768
7776
7778
7783
7785
7794
7797
7799
7801
7807
7809
7810
7814
7821
7823
7824
7828
7829
7832
7835
7842
7845
7847
7850
7851
7852
7860
7863
7864
7871
7872
7874
7880
7885
7891
7893
7899
7901
7904
7905
7906
7908
7912
7917
7918
7919
7924
7936
7938
7940
7943
7950
7951
7960
7970
7972
7978
7983
7988
7994
7997
7999
8004
8006
8007
8022
8024
8025
8030
8031
8032
8035
8040
8042
8043
8044
8049
8051
8052
8053
8055
8056
8062
8071
8072
8075
8076
8079
8089
8096
8101
8107
8108
8109
8111
8123
8130
8133
8137
8139
8144
8149
8154
8155
8157
8158
8161
8162
8165
8167
8170
8172
8179
8180
8181
8182
8183
8185
8186
8190
8194
8196
8198
8201
8211
8213
8216
8218
8246
8248
8250
8251
8262
8263
8273
8286
8288
8292
8293
8296
8297
8299
8303
8305
8306
8312
8315
8316
8317
8319
8320
8322
8326
8329
8335
8336
8341
8342
8344
8346
8347
8349
8352
8353
8358
8359
8364
8367
8368
8371
8377
8378
8381
8386
8391
8392
8399
8404
8408
8409
8412
8417
8418
8419
8421
8422
8425
8427
8429
8435
8436
8437
8438
8441
8449
8453
8454
8457
8460
8461
8462
8464
8467
8469
8470
8476
8481
8485
8486
8491
8493
8496
8498
8503
8505
8508
8514
8515
8519
8522
8524
8525
8527
8528
8535
8538
8541
8546
8547
8549
8550
8561
8562
8563
8565
8566
8568
8569
8577
8579
8581
8584
8585
8590
8594
8598
8603
8604
8605
8609
8610
8611
8614
8615
8624
8627
8638
8642
8645
8647
8648
8652
8656
8659
8663
8664
8668
8669
8670
8672
8677
8678
8684
8688
8690
8697
8699
8701
8706
8715
8721
8723
8724
8727
8731
8733
8737
8749
8755
8760
8763
8766
8767
8773
8774
8776
8777
8785
8786
8787
8789
8790
8793
8794
8801
8803
8805
8806
8824
8826
8831
8832
8836
8845
8846
8856
8862
8869
8871
8872
8874
8876
8878
8884
8889
8890
8894
8896
8897
8899
8900
8908
8910
8912
8916
8918
8924
8926
8928
8930
8932
8935
8936
8938
8939
8941
8945
8950
8954
8955
8957
8960
8964
8969
8970
8971
8978
8980
8982
8983
8984
8986
8987
8988
8990
8991
8995
8997
9002
9003
9010
9022
9024
9032
9041
9052
9053
9057
9059
9065
9069
9070
9072
9085
9086
9087
9089
9090
9094
9096
9097
9101
9102
9103
9104
9105
9107
9112
9119
9120
9134
9137
9140
9146
9163
9176
9178
9184
9186
9188
9191
9203
9207
9218
9221
9227
9231
9233
9239
9240
9245
9257
9264
9275
9276
9279
9281
9284
9294
9302
9306
9307
9308
9309
9312
9321
9333
9334
9341
9349
9354
9358
9359
9360
9363
9365
9366
9370
9371
9372
9373
9379
9380
9384
9388
9392
9395
9400
9402
9409
9410
9412
9413
9419
9421
9422
9423
9425
9426
9428
9430
9434
9435
9439
9440
9441
9446
9447
9453
9455
9456
9460
9470
9485
9488
9491
9494
9496
9497
9510
9524
9525
9527
9528
9532
9541
9545
9546
9547
9548
9550
9551
9553
9554
9558
9561
9563
9567
9568
9569
9575
9580
9582
9598
9599
9600
9610
9616
9628
9630
9636
9638
9639
9640
9647
9651
9652
9653
9654
9659
9660
9661
9668
9672
9673
9674
9681
9686
9687
9688
9696
9698
9699
9701
9703
9704
9708
9710
9711
9712
9714
9718
9720
9722
9725
9728
9729
9733
9736
9739
9742
9743
9745
9749
9751
9753
9754
9755
9757
9761
9779
9785
9789
9790
9806
9811
9816
9823
9824
9826
9833
9834
9835
9836
9844
9847
9848
9857
9858
9873
9875
9878
9883
9885
9892
9895
9896
9897
9912
9914
9916
9922
9929
9933
9944
9950
9952
9959
9966
9980
9982
9987
9991
9992
9994
9995
9996
10002
10004
10006
10008
10013
10014
10022
10023
10027
10028
10037
10051
10055
10058
10060
10061
10067
10069
10072
10075
10076
10077
10085
10086
10089
10090
10094
10095
10099
10105
10109
10114
10115
10117
10118
10121
10132
10133
10134
10135
10143
10147
10153
10163
10164
10165
10167
10178
10180
10183
10184
10197
10201
10203
10207
10208
10210
10218
10219
10224
10230
10239
10240
10246
10248
10249
10252
10253
10255
10256
10257
10258
10264
10265
10266
10269
10271
10273
10274
10275
10276
10277
10279
10280
10283
10290
10291
10293
10303
10310
10318
10335
10337
10339
10352
10360
10370
10373
10374
10377
10378
10380
10381
10385
10387
10389
10399
10402
10404
10410
10421
10422
10424
10430
10433
10435
10436
10439
10442
10443
10444
10446
10451
10453
10456
10457
10458
10460
10469
10474
10480
10481
10484
10487
10488
10499
10509
10522
10523
10526
10528
10537
10539
10552
10562
10565
10566
10575
10577
10580
10584
10587
10606
10607
10609
10614
10618
10620
10625
10628
10630
10632
10642
10651
10653
10658
10661
10663
10664
10669
10672
10677
10679
10681
10682
10684
10687
10691
10695
10698
10699
10706
10709
10710
10711
10715
10724
10726
10727
10731
10733
10738
10740
10741
10744
10748
10759
10768
10769
10772
10779
10788
10798
10800
10808
10812
10814
10820
10824
10830
10831
10837
10840
10844
10850
10859
10870
10873
10877
10879
10896
10897
10902
10905
10910
10915
10923
10925
10933
10938
10940
10943
10945
10947
10950
10952
10954
10955
10959
10966
10970
10971
10974
10976
10977
10978
10983
10987
10989
10991
10996
10998
10999
11003
11004
11010
11013
11014
11016
11021
11022
11023
11030
11032
11035
11040
11042
11051
11057
11059
11061
11071
11075
11077
11079
11085
11098
11101
11104
11105
11106
11112
11117
11119
11120
11123
11124
11128
11136
11141
11146
11152
11155
11156
11160
11164
11170
11187
11189
11194
11199
11202
11204
11205
11215
11216
11217
11221
11222
11232
11234
11238
11240
11241
11247
11249
11251
11255
11256
11263
11267
11271
11272
11279
11284
11292
11293
11296
11297
11298
11302
11304
11311
11317
11319
11352
11353
11356
11377
11379
11386
11391
11393
11397
11404
11405
11408
11409
11414
11418
11422
11426
11430
11441
11443
11447
11449
11455
11456
11459
11463
11464
11470
11476
11490
11491
11499
11507
11508
11510
11520
11529
11532
11534
11537
11551
11566
11568
11572
11574
11575
11576
11577
11582
11592
11598
11606
11613
11614
11618
11631
11632
11646
11649
11650
11651
11652
11657
11672
11677
11683
11684
11686
11688
11690
11693
11702
11704
11706
11707
11710
11716
11718
11726
11732
11734
11741
11744
11745
11748
11750
11751
11760
11763
11768
11769
11771
11772
11773
11774
11780
11787
11792
11795
11800
11801
11819
11828
11833
11847
11848
11856
11858
11860
11861
11864
11865
11867
11868
11870
11871
11874
11887
11889
11895
11908
11912
11917
11921
11936
11939
11944
11949
11955
11962
11963
11971
11973
11974
11975
11980
11988
11989
11997
12003
12004
12016
12019
12021
12023
12026
12029
12030
12031
12032
12037
12049
12051
12056
12060
12061
12062
12064
12065
12069
12070
12071
12073
12075
12077
12079
12080
12083
12090
12096
12097
12098
12103
12107
12119
12120
12122
12126
12128
12132
12136
12138
12144
12146
12147
12149
12151
12152
12153
12154
12155
12158
12159
12160
12161
12163
12164
12168
12169
12170
12173
12177
12180
12189
12195
12200
12201
12203
12211
12214
12216
12217
12223
12230
12232
12235
12242
12245
12247
12249
12257
12258
12269
12273
12279
12288
12292
12294
12299
12301
12306
12307
12308
12312
12314
12317
12318
12319
12323
12325
12327
12330
12336
12337
12341
12347
12350
12351
12353
12355
12356
12358
12359
12361
12362
12363
12366
12367
12368
12369
12370
12372
12378
12380
12382
12385
12386
12390
12394
12397
12399
12405
12410
12413
12415
12417
12424
12427
12428
12431
12433
12434
12435
12436
12442
12443
12444
12445
12446
12449
12450
12451
12452
12454
12456
12457
12458
12461
12466
12467
12478
12481
12482
12488
12500
12503
12505
12507
12508
12509
12513
12514
12516
12517
12523
12525
12526
12535
12541
12545
12546
12547
12549
12556
12559
12560
12561
12563
12565
12569
12572
12573
12584
12586
12588
12592
12594
12600
12601
12603
12606
12608
12615
12618
12620
12623
12624
12626
12627
12629
12631
12633
12635
12641
12643
12646
12649
12653
12654
12656
12660
12663
12666
12669
12674
12679
12680
12681
12682
12686
12687
12695
12699
12703
12706
12711
12712
12715
12717
12721
12733
12734
12738
12739
12741
12743
12745
12746
12747
12748
12749
12759
12762
12766
12769
12771
12777
12779
12781
12783
12788
12791
12798
12802
12803
12805
12811
12814
12815
12818
12832
12835
12836
12838
12842
12848
12854
12858
12859
12865
12867
12868
12870
12872
12873
12874
12875
12877
12880
12882
12886
12889
12890
12892
12893
12898
12901
12904
12911
12915
12925
12929
12938
12941
12956
12957
12958
12961
12963
12967
12972
12977
12982
12985
12986
12998
13011
13013
13020
13023
13025
13029
13030
13031
13034
13035
13036
13041
13042
13052
13053
13054
13055
13056
13057
13060
13063
13064
13070
13081
13084
13085
13086
13088
13094
13096
13097
13104
13106
13110
13111
13114
13115
13119
13120
13121
13123
13124
13125
13127
13132
13137
13139
13140
13141
13144
13147
13148
13149
13151
13152
13157
13165
13167
13168
13173
13175
13178
13180
13183
13185
13188
13191
13202
13203
13210
13216
13217
13221
13222
13229
13230
13231
13241
13242
13244
13246
13248
13252
13253
13258
13261
13262
13267
13268
13269
13270
13273
13275
13283
13288
13289
13292
13296
13298
13300
13301
13309
13310
13314
13317
13320
13322
13323
13335
13337
13338
13342
13343
13345
13346
13348
13358
13359
13360
13361
13365
13373
13374
13381
13383
13388
13393
13394
13399
13401
13402
13403
13407
13408
13412
13413
13414
13416
13417
13421
13422
13423
13424
13429
13431
13433
13434
13435
13440
13441
13444
13445
13447
13448
13450
13454
13458
13459
13460
13462
13465
13466
13471
13474
13475
13479
13482
13487
13494
13496
13498
13500
13502
13503
13505
13506
13509
13510
13515
13516
13517
13518
13519
13523
13525
13527
13531
13537
13538
13541
13545
13546
13547
13548
13549
13552
13559
13564
13573
13574
13578
13580
13581
13582
13587
13588
13589
13595
13597
13603
13604
13606
13607
13609
13615
13617
13618
13620
13621
13622
13626
13627
13628
13629
13631
13637
13638
13640
13642
13643
13646
13648
13649
13650
13651
13652
13653
13655
13658
13660
13661
13664
13665
13666
13672
13674
13675
13677
13679
13685
13690
13693
13694
13695
13697
13698
13699
13700
13702
13704
13707
13709
13715
13717
13719
13724
13725
13732
13734
13744
13745
13746
13749
13760
13763
13767
13775
13778
13780
13781
13788
13790
13799
13804
13806
13807
13815
13819
13820
13822
13823
13824
13827
13829
13833
13834
13836
13840
13843
13845
13847
13848
13850
13851
13854
13855
13857
13859
13860
13863
13868
13873
13876
13877
13878
13879
13880
13882
13883
13884
13885
13888
13892
13894
13899
13900
13901
13909
13910
13911
13912
13913
13914
13918
13921
13922
13926
13927
13938
13943
13945
13946
13950
13952
13954
13957
13958
13959
13963
13967
13971
13974
13975
13976
13979
13982
13983
13984
13988
13990
13991
13992
13993
13994
13995
13996
13998
14001
14003
14004
14009
14012
14014
14016
14017
14018
14021
14023
14025
14030
14034
14035
14037
14039
14040
14041
14044
14049
14052
14056
14057
14058
14062
14063
14066
14067
14068
14069
14070
14073
14076
14079
14082
14083
14089
14092
14093
14094
14106
14108
14109
14111
14112
14113
14117
14122
14123
14124
14126
14128
14129
14132
14133
14135
14136
14137
14139
14141
14144
14146
14149
14153
14159
14161
14163
14165
14166
14167
14168
14170
14171
14173
14177
14178
14179
14184
14186
14187
14188
14189
14196
14197
14198
14199
14200
14203
14204
14206
14207
14209
14210
14213
14216
14219
14220
14221
14222
14226
14229
14230
14232
14233
14236
14237
14238
14240
14241
14244
14245
14247
14249
14251
14252
14262
14263
14267
14274
14275
14276
14277
14279
14280
14281
14282
14283
14285
14288
14295
14298
14300
14302
14303
14306
14308
14310
14315
14316
14318
14321
14322
14329
14330
14331
14334
14337
14339
14341
14342
14345
14346
14348
14349
14351
14352
14353
14355
14356
14357
14361
14363
14364
14365
14366
14368
14371
14372
14373
14374
14375
14377
14378
14379
14380
14382
14385
14386
14388
14390
14391
14392
14401
14404
14410
14411
14412
14413
14416
14420
14421
14422
14424
14425
14430
14432
14434
14435
14437
14441
14443
14444
14447
14448
14451
14452
14454
14456
14457
14462
14464
14466
14467
14470
14471
14472
14473
14475
14476
14477
14478
14479
14482
14487
14488
14489
14492
14493
14500
14502
14505
14507
14512
14514
14518
14520
14523
14530
14532
14536
14539
14543
14545
14546
14547
14552
14553
14554
14555
14556
14562
14567
14568
14569
14572
14574
14577
14580
14581
14583
14586
14587
14592
14593
14595
14598
14599
14601
14605
14606
14609
14610
14612
14613
14616
14617
14619
14620
14627
14628
14632
14640
14643
14645
14646
14651
14652
14653
14657
14661
14664
14668
14669
14670
14671
14673
14674
14675
14677
14678
14680
14683
14685
14687
14689
14690
14692
14693
14698
14699
14702
14704
14708
14714
14721
14723
14725
14730
14731
14732
14733
14735
14737
14739
14740
14741
14746
14747
14749
14750
14754
14755
14757
14758
14763
14766
14769
14773
14776
14777
14779
14782
14783
14784
14787
14789
14793
14798
14799
14800
14804
14805
14806
14807
14808
14809
14812
14814
14816
14822
14827
14828
14829
14834
14840
14841
14845
14847
14848
14849
14850
14851
14853
14854
14855
14856
14857
14858
14862
14864
14870
14871
14880
14881
14883
14885
14886
14888
14891
14894
14897
14899
14900
14903
14905
14907
14913
14915
14918
14921
14922
14924
14928
14929
14930
14932
14934
14936
14938
14940
14942
14943
14944
14946
14947
14952
14953
14954
14956
14958
14959
14960
14965
14966
14968
14969
14973
14976
14977
14978
14979
14982
14983
14984
14986
14988
14989
14991
14992
14993
14995
14996
14997
15000
15001
15003
15004
15005
15007
15008
15009
15010
15011
15012
15013
15014
15016
15019
15021
15024
15034
15036
15039
15041
15042
15043
15044
15045
15046
15050
15051
15052
15053
15055
15057
15059
15061
15067
15068
15073
15074
15076
15077
15079
15083
15084
15088
15089
15091
15092
15095
15096
15098
15102
15103
15105
15110
15111
15112
15114
15115
15116
15117
15118
15119
15120
15125
15126
15127
15129
15130
15131
15132
15133
15139
15140
15142
15143
15147
15149
15157
15161
15162
15163
15164
15167
15168
15169
15170
15171
15175
15178
15179
15182
15184
15185
15186
15187
15189
15193
15194
15197
15200
15203
15206
15208
15210
15217
15225
15226
15227
15228
15231
15232
15233
15234
15236
15238
15241
15242
15243
15244
15245
15246
15248
15249
15252
15255
15256
15257
15258
15259
15260
15261
15262
15263
15265
15266
15267
15268
15269
15272
15274
15276
15279
15280
15281
15283
15285
15288
15289
15290
15293
15295
15301
15303
15304
15305
15309
15311
15312
15315
15317
15318
15320
15321
15322
15323
15325
15326
15331
15332
15333
15335
15336
15338
15339
15340
15341
15342
15345
15346
15353
15355
15359
15361
15362
15363
15368
15370
15375
15378
15379
15381
15387
15389
15392
15393
15394
15395
15397
15399
15400
15401
15406
15407
15408
15409
15412
15416
15417
15418
15420
15423
15425
15426
15429
15432
15433
15435
15437
15438
15440
15442
15444
15446
15447
15448
15450
15451
15452
15456
15457
15459
15462
15463
15468
15470
15471
15473
15474
15478
15479
15480
15481
15482
15483
15485
15486
15490
15491
15492
15493
15503
15506
15508
15509
15510
15511
15512
15513
15515
15519
15520
15524
15526
15528
15529
15530
15533
15534
15537
15538
15540
15543
15546
15547
15548
15549
15550
15551
15552
15553
15555
15556
15557
15558
15563
15564
15575
15576
15579
15580
15584
15585
15587
15592
15593
15594
15595
15596
15601
15602
15603
15606
15609
15615
15618
15620
15621
15623
15624
15625
15626
15627
15628
15630
15632
15633
15634
15639
15640
15642
15643
15644
15646
15650
15651
15656
15657
15660
15661
15662
15663
15665
15667
15668
15669
15671
15675
15676
15678
15680
15681
15682
15686
15689
15690
15691
15692
15694
15695
15697
15698
15699
15700
15702
15706
15709
15712
15713
15714
15715
15718
15722
15725
15728
15731
15733
15740
15743
15746
15747
15751
15757
15758
15762
15763
15764
15767
15769
15771
15777
15778
15779
15780
15782
15784
15786
15789
15791
15795
15796
15800
15801
15802
15805
15808
15809
15811
15812
15814
15815
15817
15821
15822
15823
15824
15825
15826
15830
15833
15836
15837
15840
15842
15843
15851
15854
15856
15857
15858
15859
15860
15864
15866
15868
15871
15874
15875
15876
15878
15879
15882
15883
15884
15885
15886
15888
15889
15892
15893
15895
15898
15902
15903
15912
15913
15914
15915
15916
15917
15919
15920
15922
15923
15924
15925
15927
15928
15932
15935
15936
15938
15940
15946
15947
15949
15950
15953
15957
15958
15960
15961
15962
15964
15965
15967
15969
15973
15975
15976
15978
15980
15981
15988
15991
15992
15993
15995
15997
16000
16006
16007
16008
16010
16011
16018
16023
16024
16028
16030
16031
16043
16045
16046
16050
16052
16055
16056
16060
16062
16064
16065
16067
16069
16070
16071
16072
16074
16075
16076
16077
16080
16083
16084
16085
16088
16089
16092
16094
16095
16096
16097
16098
16099
16101
16102
16104
16109
16110
16112
16113
16114
16115
16119
16120
16121
16122
16124
16135
16137
16139
16140
16141
16142
16143
16145
16146
16147
16151
16153
16154
16156
16157
16159
16161
16162
16164
16165
16166
16171
16172
16174
16175
16177
16179
16180
16182
16185
16186
16189
16190
16191
16192
16193
16194
16196
16197
16200
16202
16205
16211
16212
16214
16220
16221
16223
16224
16227
16230
16233
16234
16239
16240
16241
16243
16244
16246
16247
16249
16252
16253
16254
16255
16256
16259
16260
16264
16266
16267
16268
16270
16271
16272
16275
16276
16279
16281
16284
16285
16286
16288
16290
16291
16294
16295
16296
16297
16298
16299
16302
16303
16306
16307
16308
16311
16313
16314
16316
16319
16322
16327
16329
16331
16333
16335
16336
16339
16341
16343
16345
16346
16349
16350
16352
16354
16355
16357
16359
16361
16365
16366
16368
16370
16372
16373
16376
16378
16379
16380
16383
16384
16386
16387
16388
16389
16394
16395
16398
16400
16401
16407
16408
16409
16410
16411
16412
16415
16416
16417
16422
16423
16427
16432
16434
16436
16440
16441
16442
16443
16448
16450
16454
16455
16456
16457
16458
16464
16470
16473
16474
16476
16477
16480
16481
16484
16486
16487
16488
16492
16494
16496
16497
16498
16499
16501
16502
16504
16508
16509
16510
16517
16518
16521
16524
16529
16531
16536
16537
16540
16542
16544
16546
16548
16550
16555
16556
16557
16562
16565
16567
16571
16573
16581
16583
16586
16589
16591
16592
16593
16595
16598
16599
16602
16606
16607
16608
16609
16610
16613
16619
16626
16631
16633
16634
16636
16637
16639
16641
16643
16645
16646
16647
16653
16654
16655
16656
16659
16660
16661
16662
16665
16668
16669
16674
16675
16676
16677
16678
16680
16682
16685
16689
16690
16694
16695
16697
16705
16709
16712
16715
16716
16718
16719
16720
16721
16724
16728
16732
16736
16737
16739
16743
16745
16749
16750
16751
16752
16756
16758
16759
16762
16765
16767
16769
16772
16774
16775
16776
16779
16780
16781
16782
16783
16785
16787
16788
16789
16791
16792
16796
16801
16803
16804
16805
16806
16807
16808
16809
16810
16811
16813
16816
16824
16826
16827
16828
16829
16832
16834
16837
16838
16841
16843
16844
16847
16849
16851
16852
16853
16854
16857
16858
16861
16865
16868
16869
16872
16873
16876
16879
16880
16881
16884
16887
16888
16890
16892
16895
16897
16898
16903
16914
16916
16919
16922
16925
16926
16927
16928
16929
16931
16932
16933
16934
16938
16944
16947
16949
16955
16956
16957
16958
16960
16962
16970
16974
16975
16979
16980
16982
16984
16987
16988
16990
16994
17003
17005
17008
17009
17011
17012
17013
17015
17016
17020
17023
17025
17026
17028
17029
17030
17032
17033
17034
17036
17037
17039
17041
17042
17044
17045
17047
17048
17051
17052
17056
17060
17062
17071
17073
17076
17082
17083
17086
17087
17089
17090
17093
17094
17095
17104
17105
17107
17109
17112
17116
17119
17121
17124
17125
17128
17130
17131
17132
17133
17136
17138
17139
17140
17142
17143
17144
17147
17149
17151
17153
17158
17162
17163
17164
17168
17169
17173
17176
17177
17178
17179
17183
17184
17185
17189
17190
17197
17198
17201
17202
17203
17205
17209
17211
17212
17213
17216
17219
17221
17223
17230
17231
17237
17238
17242
17243
17248
17250
17258
17259
17262
17263
17271
17273
17276
17277
17283
17285
17287
17290
17292
17301
17303
17310
17311
17314
17321
17322
17323
17324
17327
17328
17333
17335
17338
17339
17344
17346
17347
17348
17352
17353
17354
17363
17364
17365
17367
17370
17371
17372
17373
17376
17381
17384
17386
17387
17391
17392
17396
17397
17398
17399
17400
17404
17406
17407
17408
17409
17410
17413
17414
17423
17424
17428
17429
17432
17438
17440
17443
17447
17449
17451
17452
17453
17454
17457
17459
17460
17462
17465
17468
17470
17471
17472
17474
17475
17479
17481
17483
17484
17485
17486
17487
17489
17490
17492
17494
17495
17498
17500
17506
17509
17510
17516
17517
17520
17522
17523
17531
17533
17534
17537
17538
17539
17541
17542
17543
17544
17545
17546
17555
17556
17559
17564
17565
17568
17569
17570
17571
17580
17581
17582
17586
17588
17589
17591
17594
17596
17597
17598
17600
17603
17605
17608
17610
17612
17614
17618
17620
17621
17622
17623
17631
17633
17635
17636
17637
17639
17640
17641
17643
17644
17645
17647
17648
17650
17651
17654
17657
17658
17660
17662
17664
17667
17668
17670
17671
17672
17673
17677
17678
17681
17688
17691
17692
17693
17695
17700
17701
17703
17704
17706
17707
17709
17712
17717
17718
17719
17722
17725
17728
17729
17732
17733
17737
17739
17741
17743
17747
17748
17752
17753
17755
17757
17758
17759
17761
17765
17770
17771
17775
17782
17783
17785
17786
17790
17793
17794
17795
17799
17803
17804
17805
17807
17808
17811
17813
17814
17815
17816
17819
17822
17823
17824
17825
17828
17830
17832
17833
17834
17835
17836
17837
17839
17841
17842
17844
17847
17850
17851
17852
17854
17855
17858
17859
17862
17863
17864
17865
17868
17870
17871
17872
17873
17876
17877
17878
17879
17882
17883
17886
17888
17890
17894
17895
17896
17897
17902
17905
17906
17909
17911
17912
17914
17916
17918
17919
17920
17921
17928
17929
17931
17935
17936
17938
17939
17940
17943
17945
17949
17950
17953
17960
17963
17965
17970
17974
17977
17979
17980
17985
17987
17990
17992
17997
17999
18002
18003
18008
18009
18010
18011
18012
18015
18016
18027
18029
18031
18034
18035
18038
18040
18041
18044
18047
18049
18053
18055
18056
18057
18058
18060
18064
18067
18071
18073
18075
18077
18081
18082
18083
18084
18085
18087
18089
18092
18094
18097
18098
18101
18104
18105
18106
18108
18110
18111
18112
18114
18115
18116
18118
18120
18123
18128
18131
18132
18133
18135
18137
18139
18141
18142
18144
18145
18146
18147
18149
18150
18154
18155
18156
18157
18163
18164
18165
18166
18174
18176
18177
18178
18180
18181
18183
18184
18185
18186
18187
18188
18191
18192
18193
18195
18198
18201
18202
18204
18206
18207
18210
18211
18212
18213
18214
18216
18218
18225
18230
18231
18234
18235
18237
18241
18243
18246
18250
18251
18252
18254
18255
18256
18257
18258
18259
18266
18268
18269
18270
18272
18273
18274
18275
18278
18279
18283
18284
18293
18297
18298
18299
18301
18304
18309
18314
18315
18317
18321
18323
18324
18326
18328
18329
18330
18333
18334
18335
18338
18339
18344
18347
18348
18350
18361
18365
18366
18368
18371
18372
18374
18378
18379
18381
18383
18384
18385
18386
18388
18389
18390
18391
18393
18395
18397
18399
18400
18403
18404
18406
18407
18410
18411
18414
18416
18417
18418
18419
18422
18424
18425
18431
18433
18434
18436
18439
18440
18441
18442
18443
18444
18449
18451
18452
18455
18456
18458
18462
18464
18465
18466
18467
18470
18472
18476
18477
18478
18481
18484
18485
18486
18487
18490
18491
18493
18494
18495
18497
18498
18501
18503
18505
18506
18508
18518
18519
18522
18525
18532
18533
18535
18541
18548
18550
18557
18561
18562
18563
18578
18584
18587
18593
18596
18597
18599
18602
18603
18606
18607
18609
18612
18613
18617
18620
18621
18623
18624
18626
18627
18629
18632
18642
18645
18646
18647
18651
18656
18657
18663
18664
18665
18666
18668
18670
18671
18672
18673
18674
18679
18680
18682
18683
18685
18689
18691
18693
18694
18696
18697
18701
18702
18704
18705
18709
18710
18716
18718
18722
18724
18727
18729
18733
18734
18736
18743
18745
18747
18748
18752
18759
18761
18762
18763
18770
18772
18778
18783
18786
18787
18788
18790
18791
18795
18797
18800
18802
18803
18806
18807
18809
18811
18817
18819
18821
18824
18826
18830
18831
18833
18834
18836
18837
18839
18840
18841
18842
18845
18846
18851
18852
18853
18856
18858
18861
18864
18865
18866
18868
18870
18871
18872
18873
18875
18876
18878
18882
18885
18888
18893
18896
18901
18903
18905
18906
18907
18910
18911
18914
18917
18918
18920
18921
18922
18925
18928
18931
18935
18937
18940
18941
18942
18944
18946
18948
18949
18951
18952
18955
18959
18962
18963
18964
18966
18973
18976
18978
18979
18983
18987
18989
18990
18994
18995
18996
19000
19001
19002
19003
19004
19005
19008
19010
19013
19015
19017
19019
19025
19026
19032
19033
19036
19038
19040
19042
19043
19045
19046
19050
19051
19054
19055
19056
19057
19058
19060
19064
19066
19068
19070
19074
19077
19084
19087
19089
19090
19092
19093
19094
19095
19096
19098
19099
19100
19103
19108
19109
19111
19113
19114
19117
19118
19119
19120
19121
19126
19132
19133
19134
19135
19136
19138
19139
19140
19141
19142
19143
19144
19145
19147
19148
19149
19150
19151
19152
19159
19161
19163
19168
19169
19171
19172
19177
19178
19180
19182
19184
19185
19187
19192
19193
19195
19197
19202
19205
19207
19210
19212
19216
19217
19219
19220
19223
19225
19228
19234
19236
19239
19241
19244
19248
19251
19254
19258
19260
19264
19265
19266
19269
19270
19271
19274
19275
19277
19285
19289
19290
19294
19300
19302
19303
19304
19308
19310
19315
19316
19317
19320
19322
19323
19326
19327
19328
19329
19330
19331
19337
19338
19339
19341
19342
19343
19344
19346
19347
19352
19354
19355
19356
19357
19358
19362
19364
19368
19370
19372
19373
19376
19378
19379
19380
19381
19384
19385
19386
19387
19388
19390
19391
19392
19395
19403
19405
19406
19407
19408
19409
19412
19413
19416
19417
19420
19425
19428
19430
19432
19433
19434
19435
19441
19444
19446
19451
19454
19455
19458
19460
19463
19465
19466
19469
19470
19471
19472
19473
19477
19478
19479
19487
19491
19492
19498
19499
19500
19502
19504
19509
19510
19511
19515
19517
19518
19519
19522
19523
19526
19529
19531
19532
19537
19541
19551
19552
19554
19556
19558
19560
19562
19563
19564
19565
19568
19570
19574
19576
19578
19582
19583
19584
19588
19589
19590
19591
19593
19598
19599
19602
19606
19607
19608
19610
19613
19614
19615
19616
19617
19622
19625
19626
19627
19628
19629
19632
19634
19638
19643
19644
19648
19649
19651
19653
19656
19658
19659
19662
19666
19667
19668
19675
19677
19678
19681
19685
19686
19693
19696
19697
19702
19703
19706
19707
19708
19709
19710
19711
19713
19720
19726
19727
19728
19729
19732
19740
19742
19746
19747
19752
19755
19756
19757
19760
19763
19768
19771
19773
19774
19775
19777
19780
19782
19785
19790
19792
19795
19797
19798
19799
19800
19804
19805
19810
19812
19814
19815
19820
19821
19825
19830
19841
19843
19844
19845
19846
19847
19849
19850
19851
19853
19854
19855
19858
19861
19862
19867
19868
19871
19879
19880
19882
19884
19886
19887
19888
19890
19892
19897
19900
19903
19906
19907
19908
19910
19913
19914
19916
19917
19918
19920
19922
19923
19926
19929
19930
19931
19932
19933
19936
19942
19943
19946
19948
19949
19952
19953
19954
19955
19958
19959
19961
19964
19967
19970
19972
19982
19984
19991
19992
19994
19995
19997
19998
20001
20003
20004
20005
20006
20007
20008
20010
20013
20015
20018
20021
20023
20028
20031
20033
20035
20036
20039
20041
20043
20044
20045
20046
20051
20052
20058
20061
20062
20063
20065
20067
20069
20072
20074
20076
20077
20078
20080
20082
20085
20088
20090
20091
20094
20096
20097
20101
20106
20107
20114
20115
20118
20120
20122
20123
20125
20126
20127
20129
20130
20134
20135
20136
20139
20143
20144
20146
20151
20154
20157
20158
20160
20161
20162
20163
20164
20166
20167
20168
20169
20173
20174
20176
20181
20185
20187
20188
20189
20191
20193
20196
20198
20199
20200
20202
20203
20204
20206
20208
20209
20212
20213
20214
20216
20218
20223
20226
20229
20232
20234
20235
20236
20237
20241
20242
20244
20245
20254
20257
20258
20263
20267
20269
20271
20272
20273
20275
20276
20277
20278
20280
20281
20285
20286
20299
20301
20302
20303
20304
20308
20311
20312
20314
20315
20317
20318
20319
20320
20321
20325
20330
20331
20332
20335
20336
20340
20341
20343
20347
20348
20349
20353
20354
20356
20357
20365
20367
20369
20374
20375
20376
20377
20378
20380
20381
20383
20384
20385
20389
20390
20393
20396
20399
20400
20402
20405
20409
20410
20412
20415
20416
20418
20420
20421
20422
20429
20433
20437
20438
20440
20441
20442
20443
20446
20447
20448
20450
20451
20453
20454
20455
20458
20459
20462
20469
20473
20478
20484
20487
20488
20491
20495
20502
20503
20504
20505
20506
20507
20512
20514
20515
20518
20521
20528
20529
20530
20531
20532
20536
20537
20539
20541
20543
20544
20545
20548
20549
20550
20551
20554
20560
20561
20563
20564
20566
20567
20569
20571
20575
20578
20581
20582
20583
20584
20585
20586
20588
20594
20595
20597
20599
20600
20601
20602
20605
20606
20608
20609
20619
20621
20624
20625
20627
20629
20632
20634
20637
20640
20642
20644
20646
20647
20649
20650
20651
20652
20654
20656
20659
20661
20662
20664
20666
20667
20671
20672
20677
20683
20685
20687
20689
20691
20692
20694
20696
20697
20698
20699
20701
20706
20707
20708
20709
20712
20714
20715
20720
20722
20727
20729
20731
20732
20733
20736
20737
20739
20745
20746
20751
20754
20755
20756
20758
20760
20762
20763
20764
20766
20767
20768
20772
20778
20779
20780
20781
20783
20784
20786
20787
20789
20792
20793
20795
20796
20797
20801
20804
20807
20810
20812
20816
20817
20818
20819
20820
20821
20823
20825
20828
20829
20830
20831
20835
20837
20843
20844
20845
20847
20848
20849
20851
20854
20862
20864
20865
20869
20870
20871
20874
20877
20879
20882
20885
20886
20888
20889
20891
20893
20895
20899
20901
20904
20905
20906
20908
20910
20913
20915
20921
20922
20926
20927
20928
20930
20931
20932
20933
20934
20935
20938
20940
20941
20943
20944
20945
20947
20948
20950
20951
20955
20956
20957
20960
20961
20963
20965
20966
20971
20973
20974
20975
20977
20978
20980
20981
20982
20983
20986
20988
20990
20991
20992
20993
20996
20998
20999
21001
21004
21010
21012
21020
21024
21025
21026
21028
21031
21034
21035
21036
21037
21041
21042
21049
21055
21057
21059
21061
21067
21068
21070
21072
21073
21079
21081
21083
21085
21087
21088
21092
21093
21094
21095
21099
21102
21103
21104
21106
21107
21108
21110
21111
21112
21119
21120
21122
21123
21130
21131
21132
21138
21140
21145
21147
21149
21150
21151
21158
21159
21163
21165
21166
21167
21168
21169
21172
21173
21174
21184
21186
21187
21188
21189
21190
21195
21197
21198
21199
21201
21202
21206
21208
21209
21211
21212
21213
21217
21221
21222
21226
21231
21234
21235
21241
21244
21245
21246
21248
21251
21253
21254
21255
21256
21257
21258
21260
21261
21263
21264
21267
21270
21272
21273
21275
21276
21283
21286
21287
21292
21299
21300
21301
21302
21305
21309
21310
21312
21316
21318
21319
21320
21321
21324
21325
21327
21328
21333
21335
21336
21337
21338
21340
21343
21345
21347
21348
21353
21354
21355
21357
21359
21360
21361
21362
21363
21364
21366
21367
21371
21373
21376
21379
21381
21386
21388
21393
21394
21395
21396
21398
21399
21402
21404
21408
21410
21411
21412
21413
21422
21424
21432
21434
21435
21437
21441
21443
21444
21445
21450
21453
21460
21463
21465
21466
21469
21470
21475
21476
21480
21482
21483
21485
21489
21490
21496
21498
21499
21501
21502
21505
21507
21508
21513
21517
21523
21525
21526
21532
21533
21534
21535
21537
21538
21542
21546
21556
21558
21561
21563
21569
21571
21573
21575
21576
21577
21578
21579
21582
21589
21590
21591
21592
21593
21594
21595
21596
21597
21599
21600
21607
21609
21612
21613
21614
21615
21617
21618
21620
21621
21626
21627
21628
21633
21635
21636
21642
21648
21650
21651
21653
21654
21656
21662
21664
21665
21667
21668
21669
21671
21672
21673
21675
21676
21677
21678
21679
21683
21684
21686
21687
21691
21692
21696
21697
21699
21700
21703
21704
21705
21707
21708
21711
21715
21717
21719
21720
21721
21724
21725
21727
21728
21731
21732
21734
21736
21737
21738
21742
21748
21753
21754
21758
21759
21761
21766
21767
21768
21769
21771
21775
21776
21777
21778
21780
21781
21783
21784
21786
21787
21789
21790
21793
21795
21799
21800
21801
21804
21805
21806
21809
21812
21814
21816
21817
21818
21819
21820
21821
21823
21825
21826
21828
21833
21834
21835
21836
21837
21838
21839
21842
21843
21844
21846
21847
21848
21851
21854
21855
21856
21857
21863
21867
21870
21871
21873
21879
21880
21881
21883
21884
21885
21887
21888
21889
21894
21896
21901
21903
21915
21917
21921
21923
21927
21930
21932
21934
21938
21939
21942
21945
21947
21949
21950
21953
21954
21957
21959
21961
21963
21964
21965
21970
21973
21974
21976
21978
21979
21980
21981
21987
21991
21992
21996
21997
22000
22002
22003
22004
22010
22011
22013
22019
22021
22031
22033
22043
22045
22047
22048
22049
22050
22051
22052
22056
22057
22058
22060
22062
22065
22070
22071
22074
22078
22080
22082
22084
22085
22087
22092
22095
22096
22100
22101
22102
22103
22105
22106
22109
22110
22113
22114
22115
22116
22125
22126
22130
22131
22133
22134
22137
22139
22141
22142
22146
22147
22148
22153
22156
22158
22159
22160
22162
22164
22171
22172
22176
22184
22186
22191
22196
22197
22198
22204
22209
22211
22215
22220
22223
22231
22233
22234
22239
22244
22246
22247
22248
22255
22269
22270
22276
22277
22281
22283
22285
22293
22295
22302
22306
22310
22313
22325
22327
22330
22332
22336
22337
22340
22344
22349
22350
22352
22354
22356
22357
22360
22361
22364
22367
22369
22371
22372
22374
22375
22382
22384
22389
22391
22396
22397
22398
22399
22402
22403
22405
22407
22409
22414
22415
22418
22419
22420
22421
22423
22424
22425
22426
22427
22428
22429
22432
22434
22440
22441
22442
22445
22446
22447
22451
22454
22456
22458
22462
22464
22465
22466
22469
22472
22475
22478
22487
22488
22490
22492
22494
22495
22496
22497
22498
22499
22500
22501
22502
22503
22504
22508
22509
22510
22513
22517
22518
22519
22521
22523
22529
22530
22532
22534
22541
22542
22544
22548
22551
22553
22556
22559
22561
22566
22567
22568
22569
22575
22577
22578
22580
22581
22582
22583
22584
22586
22589
22592
22594
22602
22605
22612
22615
22617
22618
22622
22628
22629
22630
22633
22638
22639
22640
22644
22645
22646
22651
22653
22656
22657
22659
22661
22667
22668
22670
22671
22673
22674
22681
22682
22686
22687
22690
22691
22692
22695
22697
22698
22701
22702
22708
22709
22710
22716
22718
22721
22722
22724
22725
22727
22728
22732
22733
22734
22739
22744
22745
22749
22753
22754
22755
22760
22762
22763
22768
22771
22772
22774
22775
22776
22779
22781
22782
22783
22785
22786
22788
22790
22792
22795
22802
22805
22808
22813
22814
22815
22827
22828
22831
22832
22833
22834
22835
22836
22837
22842
22843
22844
22845
22846
22850
22852
22854
22855
22856
22858
22859
22860
22861
22864
22865
22866
22868
22870
22872
22874
22880
22881
22883
22884
22885
22889
22891
22894
22896
22897
22900
22902
22903
22905
22906
22910
22912
22913
22914
22921
22923
22924
22925
22926
22928
22931
22935
22936
22938
22939
22946
22949
22952
22953
22954
22959
22961
22964
22967
22968
22969
22970
22971
22976
22979
22982
22986
22987
22992
22996
22997
22998
22999
23002
23008
23009
23010
23011
23014
23019
23022
23028
23029
23034
23036
23039
23042
23049
23050
23054
23056
23057
23058
23059
23060
23067
23068
23071
23072
23075
23081
23082
23084
23085
23087
23089
23092
23093
23094
23095
23096
23101
23105
23106
23107
23108
23110
23112
23116
23117
23118
23119
23120
23121
23124
23125
23127
23128
23132
23133
23136
23137
23138
23140
23142
23143
23146
23148
23150
23151
23157
23161
23166
23167
23168
23169
23171
23172
23174
23176
23178
23183
23184
23187
23188
23189
23190
23193
23195
23196
23202
23206
23208
23209
23211
23213
23215
23218
23219
23221
23225
23228
23229
23232
23233
23234
23236
23237
23238
23240
23245
23250
23255
23256
23257
23260
23262
23265
23270
23272
23276
23277
23278
23279
23286
23288
23289
23290
23291
23292
23297
23298
23302
23307
23311
23312
23313
23314
23318
23320
23324
23325
23326
23328
23331
23334
23337
23340
23344
23346
23349
23350
23351
23355
23359
23360
23361
23362
23363
23370
23374
23375
23382
23383
23385
23392
23399
23402
23408
23409
23412
23414
23417
23422
23423
23425
23429
23431
23432
23435
23436
23439
23441
23443
23448
23452
23455
23457
23460
23464
23468
23471
23473
23475
23478
23480
23482
23487
23491
23493
23494
23495
23499
23501
23502
23504
23506
23508
23511
23512
23519
23520
23529
23532
23533
23536
23537
23538
23540
23546
23547
23548
23549
23552
23556
23558
23563
23564
23566
23568
23572
23573
23576
23581
23582
23583
23586
23587
23590
23592
23593
23596
23597
23599
23600
23601
23602
23603
23607
23608
23611
23613
23615
23617
23619
23622
23623
23627
23630
23631
23633
23634
23635
23640
23641
23643
23650
23651
23654
23657
23660
23664
23665
23669
23670
23671
23673
23675
23681
23688
23689
23691
23694
23696
23697
23699
23700
23702
23704
23709
23712
23716
23720
23724
23726
23732
23733
23737
23744
23752
23753
23755
23756
23759
23760
23764
23772
23773
23780
23782
23788
23791
23792
23794
23795
23798
23801
23802
23803
23804
23806
23808
23809
23810
23816
23820
23821
23826
23828
23829
23830
23831
23833
23836
23840
23848
23849
23850
23855
23860
23861
23863
23864
23869
23870
23873
23874
23878
23880
23881
23884
23887
23890
23893
23895
23897
23898
23900
23901
23903
23904
23905
23908
23909
23913
23916
23917
23921
23925
23929
23931
23932
23933
23934
23935
23936
23938
23940
23943
23945
23947
23949
23951
23952
23955
23956
23957
23963
23966
23971
23973
23977
23979
23984
23985
23988
23993
23995
24000
24001
24003
24011
24014
24016
24018
24020
24022
24025
24027
24029
24030
24031
24032
24035
24036
24039
24040
24045
24048
24050
24052
24056
24057
24058
24059
24062
24065
24071
24073
24074
24075
24077
24078
24080
24085
24089
24092
24094
24095
24096
24097
24099
24103
24104
24105
24107
24108
24112
24114
24118
24124
24127
24128
24129
24130
24132
24133
24134
24135
24140
24142
24145
24149
24150
24155
24157
24161
24163
24165
24166
24167
24168
24169
24170
24171
24175
24188
24189
24193
24195
24196
24197
24198
24199
24201
24202
24203
24204
24210
24214
24216
24217
24219
24220
24230
24231
24233
24236
24239
24246
24250
24252
24254
24256
24257
24258
24259
24260
24261
24263
24265
24266
24267
24268
24269
24274
24275
24279
24286
24287
24289
24290
24291
24293
24294
24295
24297
24298
24302
24303
24304
24307
24309
24311
24313
24314
24315
24316
24317
24318
24319
24320
24321
24322
24323
24324
24325
24327
24337
24338
24340
24343
24344
24346
24347
24348
24354
24356
24359
24360
24365
24370
24372
24375
24376
24378
24379
24380
24384
24388
24389
24390
24392
24393
24394
24397
24401
24404
24405
24408
24410
24411
24416
24421
24425
24426
24427
24430
24432
24433
24436
24437
24438
24441
24443
24444
24445
24451
24452
24454
24458
24461
24463
24471
24473
24476
24479
24480
24481
24487
24488
24489
24491
24495
24497
24498
24499
24501
24502
24505
24506
24508
24512
24515
24517
24518
24520
24525
24526
24530
24533
24537
24540
24543
24546
24548
24551
24554
24557
24560
24563
24564
24566
24568
24572
24574
24576
24577
24578
24579
24580
24581
24582
24585
24586
24587
24590
24592
24596
24597
24601
24602
24603
24604
24605
24613
24617
24619
24621
24623
24629
24630
24631
24633
24639
24642
24644
24647
24650
24652
24653
24657
24659
24666
24670
24671
24674
24675
24677
24678
24679
24687
24689
24693
24694
24696
24698
24699
24702
24706
24708
24709
24711
24716
24718
24719
24720
24724
24725
24727
24736
24737
24741
24742
24744
24748
24751
24758
24759
24760
24765
24768
24769
24770
24773
24776
24777
24781
24782
24783
24785
24786
24787
24791
24793
24794
24796
24800
24802
24803
24804
24806
24807
24808
24813
24815
24816
24817
24818
24819
24822
24825
24829
24830
24833
24834
24835
24838
24841
24845
24846
24847
24849
24850
24851
24852
24855
24860
24861
24865
24868
24872
24873
24876
24877
24879
24887
24889
24890
24891
24895
24898
24900
24903
24904
24906
24907
24909
24910
24911
24913
24914
24922
24925
24929
24934
24935
24936
24938
24940
24942
24943
24948
24950
24952
24954
24955
24957
24961
24962
24965
24966
24967
24968
24970
24972
24973
24974
24975
24976
24979
24981
24983
24989
24990
24991
24992
24993
24994
24995
24996
25001
25003
25004
25005
25009
25010
25012
25013
25014
25018
25019
25021
25024
25026
25028
25029
25032
25033
25034
25037
25038
25039
25043
25044
25048
25050
25051
25052
25054
25056
25057
25061
25062
25065
25067
25073
25075
25077
25083
25085
25086
25093
25094
25096
25098
25099
25100
25101
25102
25106
25107
25109
25113
25115
25117
25120
25123
25126
25128
25129
25130
25132
25133
25136
25137
25140
25143
25144
25145
25146
25148
25152
25153
25154
25155
25156
25159
25161
25162
25163
25164
25165
25167
25169
25171
25172
25173
25175
25176
25177
25178
25180
25183
25185
25186
25188
25190
25193
25197
25200
25204
25205
25214
25215
25223
25225
25226
25230
25232
25233
25234
25235
25236
25238
25240
25241
25242
25246
25250
25253
25254
25255
25256
25257
25262
25263
25265
25267
25271
25273
25274
25275
25277
25282
25283
25284
25287
25288
25292
25293
25294
25295
25298
25299
25304
25305
25306
25307
25309
25310
25312
25314
25315
25318
25320
25321
25325
25327
25328
25332
25335
25336
25339
25341
25348
25349
25350
25353
25354
25356
25357
25358
25363
25364
25365
25366
25368
25370
25376
25378
25379
25380
25382
25383
25384
25385
25387
25390
25392
25394
25396
25397
25401
25402
25403
25404
25405
25407
25411
25418
25420
25424
25427
25428
25429
25433
25441
25443
25445
25448
25453
25456
25459
25460
25463
25464
25465
25467
25471
25472
25473
25475
25476
25478
25485
25488
25491
25494
25496
25497
25498
25500
25501
25502
25503
25504
25505
25506
25511
25513
25515
25518
25521
25524
25526
25527
25530
25531
25532
25538
25539
25541
25542
25544
25545
25547
25551
25552
25554
25555
25557
25558
25559
25560
25564
25567
25568
25569
25570
25571
25574
25579
25581
25583
25585
25586
25587
25592
25595
25602
25605
25607
25609
25610
25611
25616
25619
25621
25622
25623
25627
25629
25633
25634
25636
25638
25639
25640
25641
25642
25643
25644
25647
25648
25651
25652
25653
25657
25660
25661
25662
25663
25667
25669
25674
25681
25683
25687
25688
25697
25700
25701
25702
25708
25709
25715
25716
25718
25720
25721
25730
25735
25741
25742
25749
25751
25752
25754
25756
25761
25764
25765
25766
25768
25769
25770
25772
25774
25776
25778
25780
25784
25785
25786
25787
25796
25798
25799
25800
25803
25810
25812
25815
25817
25820
25821
25822
25823
25824
25825
25827
25831
25832
25834
25836
25837
25838
25839
25840
25841
25842
25852
25853
25854
25856
25857
25858
25860
25861
25862
25863
25866
25867
25869
25873
25876
25877
25879
25880
25881
25882
25883
25885
25888
25889
25897
25898
25900
25902
25907
25908
25909
25914
25917
25918
25920
25923
25925
25927
25928
25929
25932
25936
25937
25941
25943
25944
25945
25946
25949
25951
25961
25962
25966
25972
25974
25975
25978
25982
25983
25984
25986
25987
25989
25993
25994
25996
25997
25999
26000
26003
26004
26007
26008
26011
26012
26014
26016
26020
26021
26025
26027
26028
26029
26032
26034
26040
26046
26052
26055
26056
26058
26060
26062
26064
26067
26068
26074
26076
26078
26083
26084
26086
26095
26096
26100
26102
26103
26104
26113
26116
26119
26124
26126
26127
26128
26130
26133
26137
26139
26140
26143
26149
26150
26154
26157
26160
26162
26163
26172
26174
26178
26182
26183
26186
26189
26191
26196
26200
26201
26202
26203
26204
26205
26209
26210
26211
26212
26214
26216
26217
26218
26220
26222
26223
26233
26234
26235
26236
26240
26243
26246
26248
26249
26250
26254
26256
26261
26264
26266
26267
26268
26275
26277
26279
26281
26283
26290
26294
26299
26301
26302
26303
26307
26308
26309
26313
26315
26319
26321
26326
26327
26328
26333
26334
26335
26338
26340
26345
26346
26350
26352
26356
26358
26359
26360
26361
26363
26364
26367
26369
26373
26376
26378
26381
26384
26388
26395
26397
26398
26399
26401
26403
26411
26412
26416
26418
26419
26420
26423
26425
26428
26431
26432
26436
26437
26438
26439
26440
26443
26444
26447
26449
26452
26456
26457
26459
26461
26463
26464
26466
26467
26473
26477
26480
26482
26483
26486
26487
26488
26492
26493
26497
26501
26503
26505
26506
26510
26511
26514
26515
26517
26518
26523
26529
26532
26541
26542
26545
26546
26548
26552
26555
26556
26557
26560
26562
26564
26565
26570
26572
26573
26574
26575
26576
26577
26583
26585
26586
26588
26596
26598
26605
26608
26615
26616
26617
26621
26626
26629
26630
26632
26634
26636
26645
26651
26653
26662
26664
26668
26670
26671
26674
26676
26680
26681
26682
26683
26687
26690
26691
26695
26696
26699
26700
26703
26706
26714
26718
26722
26724
26726
26730
26733
26735
26736
26738
26739
26742
26745
26749
26751
26753
26754
26755
26757
26758
26761
26764
26768
26769
26772
26775
26785
26787
26792
26793
26796
26800
26808
26812
26818
26819
26822
26825
26837
26838
26840
26842
26843
26844
26845
26846
26849
26852
26853
26855
26857
26858
26865
26867
26868
26870
26873
26874
26877
26878
26889
26890
26891
26894
26896
26898
26900
26901
26902
26903
26906
26907
26908
26909
26912
26914
26916
26919
26921
26923
26925
26926
26927
26930
26932
26934
26936
26937
26946
26950
26952
26953
26959
26960
26961
26963
26965
26966
26972
26975
26976
26977
26978
26979
26980
26981
26984
26988
26994
26997
27003
27009
27013
27014
27016
27017
27018
27021
27023
27024
27027
27029
27030
27042
27047
27049
27053
27055
27058
27061
27062
27065
27069
27075
27076
27081
27086
27088
27092
27094
27097
27098
27099
27100
27101
27104
27106
27107
27110
27111
27114
27116
27117
27118
27119
27122
27127
27129
27131
27132
27137
27139
27140
27141
27142
27151
27152
27153
27154
27158
27164
27165
27167
27168
27170
27171
27175
27176
27177
27181
27182
27183
27185
27190
27191
27193
27194
27196
27197
27199
27201
27213
27214
27216
27217
27221
27222
27224
27227
27228
27231
27232
27233
27236
27243
27245
27246
27247
27248
27252
27253
27261
27266
27270
27271
27272
27274
27276
27278
27283
27287
27292
27295
27296
27297
27300
27305
27310
27312
27314
27317
27318
27319
27325
27326
27332
27336
27337
27342
27343
27345
27349
27350
27354
27355
27367
27368
27370
27383
27387
27388
27389
27393
27399
27400
27402
27410
27411
27413
27414
27416
27417
27419
27421
27422
27429
27431
27433
27434
27435
27436
27440
27448
27449
27451
27452
27454
27463
27471
27473
27474
27475
27476
27477
27479
27480
27488
27493
27496
27498
27507
27509
27515
27519
27523
27524
27526
27529
27530
27540
27541
27544
27546
27550
27551
27553
27556
27559
27560
27561
27565
27566
27567
27569
27570
27571
27574
27575
27577
27578
27580
27584
27587
27591
27593
27595
27598
27599
27601
27604
27605
27606
27607
27608
27609
27611
27618
27620
27623
27624
27629
27636
27638
27639
27642
27644
27645
27648
27651
27656
27660
27662
27664
27672
27676
27678
27680
27683
27685
27687
27689
27694
27698
27701
27702
27704
27706
27710
27712
27714
27716
27721
27723
27728
27730
27732
27735
27736
27737
27739
27743
27744
27745
27748
27749
27750
27751
27757
27760
27761
27762
27763
27765
27766
27767
27775
27776
27778
27779
27781
27782
27783
27785
27786
27789
27790
27792
27793
27794
27796
27798
27799
27800
27801
27802
27804
27805
27807
27808
27809
27813
27817
27820
27821
27822
27823
27826
27828
27829
27832
27833
27834
27835
27837
27840
27843
27844
27845
27854
27859
27861
27863
27864
27866
27870
27871
27875
27876
27877
27881
27884
27891
27893
27900
27906
27908
27909
27911
27913
27918
27920
27928
27932
27934
27937
27938
27941
27942
27944
27947
27949
27950
27952
27954
27957
27961
27963
27965
27966
27968
27969
27974
27976
27983
27984
27985
27986
27987
27990
27995
27996
27998
28000
28005
28007
28008
28010
28011
28012
28013
28015
28016
28018
28020
28022
28023
28024
28027
28028
28031
28032
28033
28035
28040
28041
28043
28044
28045
28048
28051
28052
28053
28054
28055
28056
28058
28060
28061
28062
28066
28069
28074
28075
28076
28080
28082
28084
28086
28087
28088
28089
28090
28091
28095
28096
28097
28099
28102
28103
28104
28105
28106
28109
28112
28122
28123
28130
28133
28136
28137
28144
28146
28147
28148
28151
28153
28156
28157
28158
28162
28163
28164
28171
28172
28174
28176
28177
28179
28186
28194
28195
28197
28200
28203
28208
28209
28213
28214
28216
28217
28221
28223
28224
28225
28226
28229
28232
28234
28237
28238
28240
28243
28246
28248
28250
28251
28252
28253
28254
28255
28256
28257
28260
28264
28266
28268
28269
28280
28282
28284
28287
28289
28292
28293
28294
28295
28297
28300
28307
28308
28316
28317
28318
28320
28325
28329
28330
28331
28334
28335
28339
28341
28342
28344
28345
28347
28348
28352
28354
28355
28361
28363
28364
28365
28368
28372
28373
28377
28378
28380
28381
28383
28384
28386
28389
28395
28397
28399
28403
28404
28405
28408
28410
28411
28414
28415
28417
28421
28428
28430
28431
28432
28434
28439
28440
28443
28444
28446
28449
28450
28453
28459
28460
28461
28469
28470
28471
28472
28473
28479
28480
28481
28483
28485
28486
28491
28495
28496
28497
28498
28499
28502
28505
28506
28512
28517
28518
28521
28522
28528
28529
28530
28531
28532
28533
28534
28536
28540
28541
28542
28545
28546
28550
28551
28552
28556
28557
28558
28559
28560
28562
28566
28570
28577
28579
28583
28584
28586
28587
28592
28593
28596
28598
28599
28609
28613
28614
28618
28619
28620
28622
28623
28626
28630
28632
28633
28640
28641
28643
28646
28651
28653
28654
28657
28659
28660
28662
28664
28667
28670
28672
28677
28680
28685
28686
28689
28691
28693
28694
28699
28700
28701
28702
28703
28705
28707
28711
28712
28713
28714
28715
28716
28717
28718
28720
28721
28726
28729
28730
28731
28734
28735
28736
28737
28741
28750
28751
28752
28753
28754
28760
28766
28771
28775
28776
28777
28778
28783
28785
28788
28789
28790
28795
28797
28798
28800
28801
28802
28803
28804
28806
28808
28809
28811
28817
28818
28820
28822
28825
28828
28831
