59808
59830
59841
59857
59870
59880
59882
59917
59925
59962
59988
59998
60061
60073
60102
60113
60152
60179
60216
60225
60284
60289
60366
60367
60386
60427
60452
60457
60489
60493
60507
60519
60524
60547
60578
60584
60599
60626
60650
60681
60685
60716
60737
60770
60779
60783
60791
60803
60834
60867
60882
60884
60922
60941
60943
60998
61005
61041
61094
61120
61127
61137
61139
61141
61163
61168
61183
61196
61202
61233
61236
61244
61297
61299
61384
61489
61505
61508
61511
61529
61559
61572
61578
61630
61645
61650
61680
61710
61714
61722
61729
61734
61751
61764
61767
61785
61791
61803
61814
61820
61909
62010
62071
62073
62118
62137
62151
62159
62211
62237
62239
62256
62261
62270
62271
62273
62277
62324
62340
62405
62413
62427
62440
62444
62445
62462
62465
62481
62484
62514
62522
62531
62533
62582
62625
62642
62651
62655
62663
62758
62769
62775
62799
62846
62852
62857
62918
62919
62955
62966
63038
63049
63088
63099
63115
63118
63137
63204
63239
63254
63260
63267
63274
63316
63327
63359
63360
63363
63370
63377
63413
63433
63443
63446
63510
63536
63718
63904
63934
63948
64007
64031
64079
64083
64166
64224
64229
64297
64298
64301
64368
64387
64415
64426
64432
64446
64474
64486
64504
64567
64589
64594
64625
64629
64633
64637
64640
64643
64646
64650
64653
64659
64665
64675
64678
64683
64686
64695
64699
64717
64719
64723
64729
64740
64741
64753
64754
64759
64769
64776
64777
64782
64784
64796
64803
64804
64811
64982
64992
64997
65024
65136
65182
65197
65202
65203
65205
65212
65215
65216
65219
65234
65247
65271
65277
65281
65294
65307
65308
65312
65322
65326
65329
65331
65336
65337
65359
65366
65368
65369
65372
65374
65382
65385
65386
65392
65405
65407
65414
65417
65426
65428
65429
65430
65431
65432
65433
65454
65479
65482
65490
65495
65496
65500
65515
65516
65520
65525
65527
65529
65531
65535
65537
65541
65542
65543
65544
65555
65557
65559
65560
65569
65578
65581
65592
65593
65601
65604
65610
65613
65615
65637
65641
65644
65662
65695
65699
65709
65715
65719
65728
65733
65742
65743
65753
65757
65782
65789
65801
65806
65812
65835
65849
65851
65871
65876
65891
65916
65945
65954
65966
65995
66000
66005
66011
66016
66035
66036
66040
66042
66046
66060
66062
66071
66076
66079
66081
66094
66099
66100
66103
66113
66118
66136
66140
66173
66174
66209
66219
66259
66271
66285
66286
66292
66301
66318
66321
66327
66331
66336
66337
66346
66357
66359
66363
66367
66396
66401
66426
66429
66459
66478
66493
66514
66538
66559
66560
66581
66584
66589
66599
66607
66614
66624
66631
66641
66648
66661
66679
66695
66728
66783
66797
66815
66816
66827
66830
66832
66847
66854
66863
66868
66870
66876
66886
66891
66894
66920
66929
66949
66960
66966
66979
67007
67017
67021
67027
67062
67093
67117
67126
67128
67143
67146
67151
67166
67178
67187
67200
67202
67213
67216
67218
67232
67234
67261
67273
67277
67286
67297
67308
67311
67314
67320
67327
67343
67353
67359
67362
67365
67390
67400
67402
67438
67462
67463
67464
67477
67480
67484
67489
67490
67496
67510
67523
67532
67543
67550
67552
67560
67562
67577
67581
67582
67592
67597
67618
67629
67630
67635
67643
67644
67647
67648
67658
67668
67671
67672
67673
67692
67693
67713
67714
67748
67753
67772
67773
67776
67779
67783
67790
67802
67831
67832
67836
67848
67849
67851
67855
67864
67866
67870
67876
67890
67893
67902
67905
67908
67923
67924
67936
67941
67942
67945
67950
67956
67960
67970
68003
68005
68009
68018
68023
68029
68032
68037
68039
68040
68043
68061
68062
68075
68107
68111
68131
68150
68153
68157
68163
68197
68200
68202
68227
68231
68299
68307
68319
68338
68343
68345
68347
68350
68355
68369
68390
68404
68406
68418
68420
68427
68429
68437
68438
68439
68440
68444
68446
68453
68461
68469
68475
68481
68509
68512
68514
68532
68541
68543
68545
68549
68575
68591
68593
68605
68614
68619
68637
68643
68645
68662
68666
68670
68674
68701
68706
68723
68735
68736
68744
68745
68784
68789
68793
68805
68808
68814
68866
68868
68875
68879
68883
68891
68897
68907
68910
68922
68924
68933
68949
68952
68954
68971
68981
68983
68986
68990
69016
69017
69041
69046
69058
69085
69110
69114
69127
69128
69167
69169
69174
69194
69200
69206
69222
69242
69267
69289
69305
69334
69366
69371
69373
69375
69393
69416
69437
69440
69453
69465
69472
69476
69481
69491
69515
69547
69558
69573
69575
69577
69590
69598
69647
69697
69705
69713
69727
69751
69763
69764
69772
69795
69804
69812
69818
69831
69837
69851
69871
69884
69891
69894
69900
69901
69909
69910
69912
69919
69929
69935
69942
69947
69955
69961
69966
69984
69994
69999
70016
70025
70032
70046
70047
70053
70074
70086
70093
70109
70113
70119
70127
70146
70152
70161
70169
70207
70210
70227
70234
70256
70280
70305
70316
70355
70356
70370
70377
70387
70396
70407
70431
70445
70453
70457
70468
70488
70522
70529
70539
70551
70577
70585
70659
70669
70687
70703
70707
70728
70742
70747
70780
70782
70786
70812
70818
70819
70851
70888
70897
70903
70913
70914
70946
70954
70968
70971
70980
70982
70990
70992
70995
71010
71011
71019
71046
71060
71077
71109
71120
71135
71138
71157
71159
71163
71183
71214
71219
71248
71259
71268
71275
71278
71281
71283
71291
71310
71311
71318
71325
71361
71381
71387
71424
71425
71426
71437
71464
71466
71471
71472
71486
71510
71513
71519
71570
71580
71608
71613
71658
71671
71728
71742
71782
71792
71815
71835
71850
71877
71888
71889
71891
71896
71898
71929
71933
71934
71950
71953
71969
71974
71983
71984
72001
72005
72010
72013
72023
72025
72062
72078
72083
72097
72102
72130
72153
72176
72182
72211
72222
72234
72235
72245
72249
72263
72279
72294
72309
72335
72337
72340
72344
72422
72424
72427
72454
72457
72465
72468
72476
72507
72516
72517
72519
72538
72543
72545
72579
72611
72617
72628
72640
72641
72655
72696
72737
72760
72780
72802
72823
72825
72829
72859
72863
72888
72896
72902
72905
72920
72921
72930
72961
72972
72979
73006
73007
73018
73030
73041
73053
73072
73083
73093
73097
73117
73124
73127
73133
73145
73149
73170
73173
73207
73233
73246
73260
73266
73279
73283
73326
73341
73348
73360
73365
73385
73425
73434
73441
73446
73447
73450
73481
73500
73552
73636
73677
73679
73688
73726
73733
73735
73736
73737
73771
73775
73785
73802
73856
73922
73950
73960
73962
73965
73978
73989
74000
74002
74018
74041
74046
74073
74083
74092
74096
74106
74142
74157
74164
74170
74195
74212
74225
74230
74241
74283
74284
74292
74298
74325
74329
74334
74335
74353
74366
74386
74391
74403
74409
74478
74504
74514
74522
74524
74526
74562
74580
74634
74638
74713
74717
74727
74728
74748
74762
74763
74773
74786
74813
74814
74832
74861
74916
74926
74964
75049
75057
75085
75109
75115
75163
75170
75181
75193
75325
75368
75460
75467
75499
75511
75526
75552
75558
75562
75569
75581
75623
75647
75651
75690
75704
75758
75791
75803
75828
75872
75921
75929
75934
75949
75969
76002
76004
76009
76013
76014
76030
76043
76046
76051
76092
76113
76124
76141
76149
76172
76197
76218
76221
76223
76266
76284
76303
76352
76360
76379
76384
76390
76404
76491
76508
76518
76563
76567
76572
76593
76598
76617
76708
76710
76715
76718
76739
76760
76779
76788
76792
76795
76878
76889
76902
76922
76944
76946
76963
76978
76981
76986
77008
77013
77026
77042
77043
77047
77050
77053
77060
77083
77085
77089
77102
77132
77175
77177
77228
77270
77273
77276
77307
77308
77319
77336
77340
77352
77363
77371
77390
77427
77464
77468
77543
77557
77577
77594
77652
77654
77677
77687
77689
77695
77714
77721
77725
77740
77764
77781
77802
77806
77839
77842
77848
77858
77882
77884
77889
77923
77924
77934
77938
77941
77994
78023
78030
78065
78073
78075
78078
78086
78088
78095
78101
78106
78132
78133
78136
78137
78164
78175
78186
78194
78200
78202
78233
78315
78342
78345
78418
78426
78458
78476
78498
78521
78543
78549
78576
78595
78611
78622
78625
78628
78635
78643
78644
78646
78716
78730
78738
78783
78792
78833
78840
78849
78867
78878
78948
78952
78971
78998
79000
79006
79020
79058
79059
79062
79083
79084
79098
79101
79142
79164
79223
79250
79258
79274
79275
79277
79288
79293
79319
79332
79367
79370
79384
79386
79394
79403
79405
79426
79473
79478
79489
79496
79497
79500
79529
79560
79576
79586
79636
79650
79679
79686
79689
79700
79713
79722
79736
79740
79746
79769
79777
79782
79793
79836
79850
79892
79893
79895
79952
79996
80005
80010
80056
80062
80091
80093
80099
80139
80141
80144
80157
80210
80212
80248
80258
80261
80262
80299
80308
80325
80326
80346
80363
80377
80381
80394
80411
80425
80442
80468
80469
80511
80527
80530
80535
80537
80556
80596
80626
80631
80665
80678
80683
80694
80706
80712
80744
80797
80843
80848
80889
80896
80917
80932
80942
80945
80947
81022
81027
81035
81100
81106
81126
81129
81132
81170
81182
81194
81195
81204
81244
81291
81303
81383
81417
81426
81441
81442
81469
81476
81480
81511
81521
81601
81640
81655
81660
81679
81697
81700
81702
81709
81714
81718
81729
81735
81760
81761
81775
81783
81788
81792
81807
81829
81833
81843
81849
81870
81896
81929
81932
81938
81948
81975
81977
81991
82001
82012
82037
82052
82064
82077
82085
82097
82098
82110
82137
82153
82159
82170
82181
82184
82186
82196
82200
82208
82209
82216
82229
82260
82279
82300
82311
82315
82339
82341
82348
82379
82392
82403
82429
82432
82482
82488
82494
82504
82512
82537
82538
82595
82596
82654
82655
82678
82685
82688
82695
82702
82718
82719
82720
82735
82744
82786
82827
82837
82848
82855
82860
82866
82877
82882
82887
82900
82911
82931
82961
82981
83024
83026
83054
83093
83105
83154
83163
83181
83191
83215
83224
83232
83264
83288
83301
83324
83371
83373
83403
83420
83433
83475
83499
83510
83534
83542
83555
83591
83609
83628
83651
83683
83759
83761
83797
83808
83873
83894
83906
83924
83929
83955
83963
83981
83983
83998
84000
84002
84037
84060
84081
84097
84109
84118
84119
84122
84124
84131
84185
84192
84198
84253
84319
84333
84339
84345
84378
84409
84526
84532
84583
84606
84619
84623
84633
84645
84670
84691
84709
84712
84734
84736
84741
84751
84756
84798
84845
84847
84869
84915
84938
84941
84956
84963
84978
84996
85069
85094
85099
85106
85125
85134
85173
85258
85308
85319
85333
85366
85394
85397
85398
85509
85529
85533
85536
85572
85603
85633
85646
85647
85652
85666
85689
85696
85707
85709
85724
85731
85744
85770
85773
85774
85799
85802
85816
85879
85898
85900
85903
85905
85929
85965
85986
86002
86018
86023
86055
86107
86115
86192
86231
86244
86265
86275
86290
86291
86298
86308
86318
86421
86442
86451
86455
86456
86458
86471
86487
86493
86542
86552
86573
86577
86596
86599
86607
86634
86638
86672
86679
86690
86702
86728
86750
86804
86827
86838
86845
86857
86864
86877
86884
86916
86990
87015
87021
87036
87037
87039
87040
87042
87079
87084
87089
87091
87099
87103
87104
87112
87139
87143
87172
87184
87195
87201
87218
87224
87230
87234
87254
87258
87260
87267
87274
87310
87316
87332
87356
87364
87368
87388
87404
87433
87444
87497
87499
87522
87524
87572
87574
87584
87585
87589
87597
87599
87602
87648
87655
87663
87673
87688
87693
87723
87728
87729
87746
87748
87763
87768
87775
87787
87788
87792
87794
87821
87836
87844
87860
87862
88007
88026
88072
88075
88099
88119
88124
88160
88166
88176
88179
88188
88203
88231
88239
88252
88273
88274
88277
88288
88300
88304
88311
88312
88313
88324
88346
88357
88383
88385
88389
88404
88427
88444
88467
88473
88475
88476
88493
88494
88506
88507
88508
88511
88522
88535
88542
88551
88562
88567
88582
88629
88631
88635
88636
88640
88647
88675
88682
88694
88696
88710
88719
88739
88790
88819
88838
88870
88895
88912
88918
88928
88946
88991
89003
89004
89012
89018
89042
89060
89062
89114
89134
89143
89146
89153
89182
89194
89200
89213
89225
89235
89242
89317
89335
89343
89344
89366
89394
89402
89406
89436
89460
89473
89478
89494
89496
89521
89531
89535
89557
89573
89579
89582
89610
89666
89684
89695
89749
89770
89862
89880
89890
89891
89898
89901
89915
89924
89927
89933
89975
89982
90022
90027
90037
90048
90063
90070
90081
90100
90107
90108
90114
90118
90154
90164
90183
90186
90199
90212
90213
90217
90250
90257
90308
90344
90364
90401
90408
90422
90462
90493
90526
90536
90562
90570
90580
90616
90624
90629
90630
90659
90660
90670
90679
90680
90682
90704
90724
90726
90746
90769
90786
90797
90810
90841
90877
90885
90887
90889
90901
90965
90988
91031
91049
91053
91073
91084
91088
91093
91104
91113
91137
91142
91149
91158
91160
91170
91233
91257
91288
91295
91302
91339
91396
91404
91406
91445
91464
91487
91512
