59858
59902
59933
59948
59953
59984
59995
60001
60003
60019
60044
60052
60079
60094
60138
60171
60177
60191
60223
60234
60236
60262
60266
60294
60313
60337
60375
60492
60543
60558
60592
60612
60701
60709
60775
60784
60800
60859
60881
60973
60977
60990
60995
61002
61035
61037
61057
61073
61136
61158
61159
61166
61187
61209
61210
61226
61234
61251
61268
61312
61323
61333
61343
61349
61351
61392
61399
61462
61465
61487
61518
61528
61536
61548
61554
61571
61600
61626
61627
61643
61681
61690
61696
61704
61715
61731
61839
61851
61871
62149
62169
62184
62639
62734
62787
62828
62847
62864
62991
62995
62999
63004
63064
63077
63148
63183
63198
63238
63269
63289
63299
63326
63330
63340
63357
63379
63390
63396
63414
63470
63503
63507
63513
63552
63591
63599
63607
63614
63616
63621
63727
63749
63780
63781
63785
63834
63860
63889
63979
64011
64012
64014
64016
64019
64033
64045
64076
64080
64122
64134
64197
64216
64219
64242
64322
64326
64370
64371
64424
64429
64437
64445
64466
64481
64483
64488
64498
64506
64548
64612
64787
64813
64819
64829
64848
64850
64922
64958
64967
64971
65017
65055
65079
65089
65129
65186
65192
65199
65259
65264
65358
65377
65384
65408
65413
65436
65466
65588
65589
65617
65696
65795
65818
65858
65909
65960
66067
66096
66137
66265
66355
66519
66522
66553
66649
66660
66668
66694
66719
66722
66726
66727
66733
66735
66751
66761
66796
66799
66829
66858
66864
66969
67088
67139
67174
67214
67325
67349
67385
67435
67465
67471
67488
67512
67645
67657
67739
67830
67863
67882
67891
67971
67990
68044
68067
68073
68081
68095
68180
68193
68242
68324
68349
68352
68356
68368
68376
68412
68436
68448
68460
68472
68474
68522
68565
68566
68582
68586
68589
68599
68623
68632
68639
68693
68698
68708
68720
68730
68771
68791
68799
68800
68829
68893
69044
69062
69071
69111
69136
69293
69307
69350
69415
69420
69523
69565
69587
69692
69708
69757
69759
69787
69796
69811
69819
69824
69828
69840
69844
69869
69876
69907
69954
69956
69997
70050
70082
70089
70134
70143
70212
70215
70241
70266
70273
70304
70359
70427
70434
70474
70576
70608
70626
70706
70721
70755
70756
70767
70770
70775
70805
70829
70837
70844
70859
70861
70862
70921
70977
70996
70998
71002
71073
71107
71155
71179
71203
71292
71307
71373
71456
71483
71496
71559
71562
71590
71627
71629
71645
71664
71770
71785
71802
71806
71809
71811
71865
71917
71957
71966
71991
72070
72087
72100
72157
72164
72175
72203
72286
72334
72469
72505
72520
72524
72656
72774
72794
72798
72847
72865
72873
72904
72908
72929
72956
72968
73001
73019
73023
73040
73064
73069
73085
73101
73115
73222
73282
73349
73354
73361
73373
73383
73397
73398
73404
73417
73427
73463
73487
73563
73630
73638
73681
73794
73806
73824
73861
73869
73903
73931
73954
73956
73963
74027
74036
74052
74057
74068
74078
74085
74095
74112
74151
74161
74181
74196
74197
74216
74257
74276
74303
74330
74343
74345
74382
74438
74448
74465
74477
74534
74543
74545
74572
74573
74597
74631
74633
74696
74721
74756
74769
74772
74812
74820
74853
74867
74888
74898
74911
74976
74988
74996
75002
75007
75015
75018
75027
75028
75029
75038
75044
75048
75059
75066
75080
75096
75112
75178
75179
75186
75189
75212
75241
75251
75275
75276
75315
75378
75394
75410
75442
75443
75449
75453
75454
75464
75480
75500
75521
75532
75575
75604
75659
75722
75725
75740
75802
75810
75843
75856
75879
75885
75901
75940
75982
76003
76032
76074
76101
76166
76228
76310
76322
76389
76423
76425
76447
76578
76640
76660
76678
76738
76742
76746
76750
76752
76770
76774
76813
76833
76848
76861
76864
76932
76969
76972
77049
77071
77074
77150
77194
77248
77278
77293
77297
77300
77311
77323
77349
77402
77536
77549
77567
77568
77570
77602
77614
77621
77692
77699
77732
77737
77885
77953
77981
78006
78028
78079
78091
78159
78163
78225
78231
78232
78293
78309
78380
78436
78457
78493
78501
78503
78536
78566
78618
78630
78632
78674
78741
78790
78838
78857
78873
78905
78919
78950
78969
79031
79065
79068
79070
79073
79074
79075
79127
79172
79189
79195
79200
79208
79216
79221
79227
79230
79232
79249
79257
79268
79286
79297
79301
79342
79352
79361
79373
79392
79503
79542
79562
79567
79598
79613
79643
79647
79651
79660
79662
79664
79668
79720
79727
79749
79815
79837
79846
79847
79861
79863
79865
79867
79874
79876
79880
79886
79890
79897
79902
79907
79928
79929
79931
79944
79948
79956
79964
79971
79974
79980
79986
79989
79992
79997
80002
80007
80013
80018
80024
80029
80035
80039
80078
80083
80090
80106
80109
80119
80134
80147
80151
80159
80177
80179
80182
80193
80221
80226
80251
80295
80331
80347
80354
80372
80380
80391
80414
80417
80422
80424
80428
80432
80435
80438
80441
80448
80451
80453
80460
80467
80470
80472
80474
80485
80488
80489
80505
80524
80536
80539
80541
80545
80548
80552
80554
80559
80564
80576
80580
80581
80588
80592
80595
80597
80599
80604
80609
80618
80629
80633
80638
80643
80647
80654
80657
80666
80667
80669
80675
80680
80684
80690
80701
80704
80708
80717
80724
80729
80731
80747
80750
80752
80756
80760
80764
80767
80775
80779
80785
80791
80802
80809
80811
80816
80820
80824
80828
80835
80839
80849
80854
80857
80861
80933
80970
80972
80973
80974
80976
80978
80981
80983
80996
81025
81036
81052
81078
81094
81143
81155
81159
81183
81197
81215
81237
81260
81343
81355
81402
81416
81454
81490
81586
81622
81628
81641
81669
81681
81689
81705
81730
81755
81782
81787
81820
81836
81842
81872
81890
81917
81927
81959
81997
82080
82096
82118
82147
82148
82172
82217
82221
82268
82313
82322
82332
82358
82376
82388
82406
82415
82463
82478
82514
82545
82558
82626
82661
82768
82783
82826
82839
82845
82856
82912
82941
82946
82949
82956
83008
83013
83030
83038
83089
83101
83153
83189
83218
83243
83247
83258
83261
83265
83276
83331
83355
83434
83470
83585
83667
83784
83813
83831
83835
83838
83851
83902
83915
83925
83946
84012
84071
84104
84136
84179
84227
84245
84257
84272
84358
84364
84368
84449
84474
84476
84495
84520
84534
84544
84551
84563
84578
84609
84636
84642
84663
84715
84737
84766
84804
84820
84868
84891
84913
84919
84958
84964
84968
84983
84984
85038
85050
85062
85065
85085
85093
85098
85108
85112
85115
85174
85184
85193
85195
85197
85222
85232
85236
85243
85259
85263
85278
85292
85326
85368
85390
85411
85425
85433
85444
85455
85462
85473
85503
85520
85544
85553
85591
85628
85630
85661
85708
85725
85761
85771
85777
85790
85791
85833
85838
85916
85936
85939
85952
85989
85994
85997
86001
86198
86201
86227
86361
86370
86380
86381
86387
86406
86423
86444
86447
86465
86498
86518
86523
86583
86659
86664
86674
86686
86753
86772
86782
86815
86821
86839
86874
86886
86893
86930
86946
86953
86965
86979
86991
86998
87080
87107
87154
87178
87182
87185
87215
87290
87367
87450
87461
87467
87535
87545
87563
87592
87628
87632
87644
87646
87659
87686
87782
87870
87872
87913
87987
88073
88109
88127
88140
88266
88295
88317
88381
88449
88502
88543
88611
88617
88645
88750
88824
88860
88876
88899
88982
88995
89073
89093
89126
89181
89221
89239
89271
89297
89302
89312
89331
89433
89611
89617
89623
89840
89847
89851
89909
89911
89923
89965
90005
90049
90069
90138
90185
90303
90328
90400
90436
90472
90522
90569
90672
90732
90761
90762
90776
90791
90899
90904
91017
91018
91081
91094
91202
91253
91277
91307
91327
91358
91371
91436
91446
91548
91568
