29362
29820
30093
30120
30512
30864
31023
31055
31113
31131
31169
32075
32647
33048
33649
33848
34161
35111
35208
35254
35307
35328
35356
35439
35520
35603
36195
36728
37123
37560
37976
38612
40246
41244
42067
42073
42848
43119
43137
43141
43193
43236
43304
43329
43935
44275
44289
44342
44361
44407
44435
44505
44585
44586
44589
44734
45261
45288
45322
45484
45500
45529
45538
46516
46549
46557
46578
46648
46857
46866
46969
47187
47453
47910
48555
51037
51757
52338
52846
52871
53025
53045
53063
53092
54790
54828
55475
56114
56136
57377
58213
58537
58649
58943
59369
