28833
28845
28852
28865
28869
28873
28883
28892
28894
28901
28902
28915
28923
28926
28928
28947
28948
28962
28963
28968
28969
28972
28994
29001
29026
29030
29034
29038
29055
29057
29058
29061
29067
29082
29100
29105
29108
29113
29114
29118
29120
29124
29133
29134
29137
29141
29147
29155
29158
29163
29166
29168
29186
29192
29194
29198
29202
29204
29222
29228
29230
29231
29234
29235
29249
29254
29255
29256
29259
29265
29268
29277
29279
29284
29285
29292
29295
29303
29304
29315
29330
29341
29350
29374
29377
29382
29384
29388
29389
29399
29401
29408
29410
29413
29414
29419
29434
29435
29438
29448
29457
29474
29476
29479
29490
29495
29503
29511
29513
29521
29540
29542
29549
29550
29557
29581
29592
29597
29599
29601
29608
29619
29626
29638
29639
29658
29661
29668
29674
29676
29677
29686
29693
29699
29711
29735
29737
29743
29745
29749
29750
29752
29759
29765
29777
29781
29783
29784
29786
29789
29792
29803
29809
29821
29844
29854
29868
29873
29886
29908
29924
29931
29934
29937
29953
29964
29973
29979
30011
30017
30044
30056
30057
30073
30083
30088
30102
30117
30136
30146
30148
30152
30168
30169
30171
30172
30184
30207
30214
30218
30235
30236
30240
30246
30249
30250
30254
30259
30273
30274
30280
30295
30297
30301
30317
30330
30333
30334
30341
30384
30392
30394
30397
30399
30401
30406
30416
30418
30430
30440
30449
30451
30473
30478
30479
30481
30504
30515
30522
30524
30533
30535
30541
30542
30558
30566
30576
30582
30591
30595
30599
30604
30608
30617
30628
30638
30662
30672
30680
30691
30694
30700
30701
30708
30720
30731
30736
30747
30751
30758
30760
30764
30785
30805
30807
30814
30824
30825
30831
30839
30841
30845
30849
30852
30854
30859
30863
30867
30869
30871
30874
30888
30891
30895
30898
30906
30907
30909
30910
30933
30948
30949
30967
30987
30988
30996
31006
31010
31012
31021
31026
31027
31035
31040
31044
31046
31068
31074
31090
31106
31110
31118
31120
31122
31123
31145
31152
31155
31166
31180
31193
31213
31218
31221
31222
31223
31241
31245
31261
31263
31267
31269
31277
31282
31289
31307
31324
31327
31342
31346
31353
31354
31363
31364
31373
31382
31390
31403
31407
31413
31415
31416
31424
31425
31433
31437
31441
31445
31446
31452
31480
31481
31488
31492
31493
31496
31506
31521
31536
31538
31544
31556
31561
31563
31567
31574
31589
31594
31599
31600
31607
31610
31616
31626
31628
31640
31643
31648
31658
31668
31670
31677
31678
31681
31689
31696
31699
31700
31701
31706
31707
31712
31716
31725
31731
31736
31742
31746
31748
31751
31754
31755
31756
31762
31764
31770
31772
31783
31793
31802
31804
31807
31808
31809
31817
31818
31826
31831
31837
31838
31851
31852
31855
31868
31870
31871
31884
31886
31888
31891
31914
31915
31928
31929
31938
31940
31955
31964
31965
31971
31976
31980
31991
32000
32004
32006
32011
32017
32019
32029
32039
32046
32050
32058
32068
32070
32080
32083
32085
32088
32089
32095
32098
32104
32106
32107
32112
32121
32124
32132
32136
32137
32144
32159
32171
32178
32197
32208
32210
32219
32222
32226
32228
32229
32235
32246
32249
32252
32258
32261
32269
32279
32283
32284
32285
32294
32296
32303
32304
32306
32310
32324
32327
32328
32334
32337
32339
32346
32350
32359
32371
32377
32379
32384
32393
32400
32417
32419
32427
32430
32436
32441
32443
32444
32445
32448
32449
32456
32461
32462
32469
32471
32489
32501
32504
32510
32521
32525
32538
32541
32547
32550
32576
32582
32594
32595
32601
32604
32610
32611
32630
32631
32639
32644
32646
32648
32659
32662
32682
32685
32694
32703
32707
32713
32716
32722
32724
32726
32734
32752
32760
32765
32768
32771
32772
32777
32780
32782
32790
32797
32800
32809
32816
32818
32820
32824
32832
32833
32835
32840
32857
32860
32880
32882
32889
32891
32901
32903
32912
32913
32924
32934
32942
32943
32948
32953
32958
32960
32966
32968
32969
32977
32980
32982
32983
32986
32990
32997
32999
33004
33013
33014
33039
33040
33043
33044
33045
33047
33049
33053
33060
33069
33076
33085
33086
33088
33095
33096
33101
33103
33105
33109
33115
33123
33128
33129
33131
33134
33135
33136
33137
33141
33146
33147
33152
33180
33189
33194
33210
33211
33216
33227
33232
33253
33256
33267
33270
33272
33273
33277
33279
33284
33287
33288
33292
33296
33300
33307
33327
33331
33334
33335
33345
33350
33361
33362
33368
33376
33379
33390
33398
33404
33405
33407
33408
33409
33421
33422
33440
33443
33445
33446
33449
33451
33459
33462
33463
33467
33471
33476
33479
33481
33488
33491
33493
33494
33508
33510
33512
33513
33514
33519
33526
33527
33528
33531
33540
33541
33549
33551
33553
33558
33560
33562
33563
33566
33574
33578
33579
33599
33601
33606
33617
33623
33627
33646
33648
33651
33654
33656
33661
33663
33673
33678
33684
33692
33715
33717
33722
33724
33728
33730
33733
33735
33738
33742
33744
33752
33754
33760
33781
33783
33790
33793
33799
33809
33818
33824
33826
33849
33856
33867
33869
33873
33874
33878
33886
33890
33891
33893
33899
33907
33910
33914
33921
33925
33927
33931
33938
33943
33948
33951
33952
33959
33967
33973
33977
33980
33983
33988
33992
33994
33999
34007
34018
34022
34023
34028
34041
34056
34060
34065
34069
34084
34091
34107
34115
34116
34120
34122
34125
34127
34128
34133
34137
34139
34149
34150
34153
34155
34159
34165
34166
34174
34184
34187
34213
34218
34221
34227
34229
34232
34240
34243
34257
34286
34297
34305
34308
34310
34314
34322
34323
34333
34341
34350
34360
34365
34367
34380
34387
34395
34398
34403
34418
34424
34425
34427
34430
34433
34436
34442
34445
34450
34452
34464
34466
34471
34475
34493
34495
34500
34506
34507
34512
34522
34524
34537
34558
34563
34572
34574
34575
34579
34585
34586
34588
34597
34599
34619
34622
34625
34626
34632
34634
34639
34642
34649
34653
34655
34668
34669
34679
34714
34716
34722
34731
34733
34742
34747
34750
34755
34757
34761
34763
34766
34768
34770
34790
34796
34814
34820
34826
34834
34845
34847
34848
34849
34853
34868
34869
34894
34895
34898
34920
34932
34933
34934
34946
34957
34959
34962
34968
34976
34980
34993
34998
34999
35005
35012
35019
35021
35024
35029
35034
35038
35040
35041
35051
35055
35057
35067
35068
35074
35076
35077
35078
35079
35081
35083
35085
35087
35098
35100
35109
35115
35122
35127
35133
35135
35138
35147
35150
35159
35164
35171
35174
35187
35189
35197
35199
35203
35205
35218
35222
35229
35231
35232
35237
35248
35255
35265
35271
35280
35291
35295
35296
35312
35321
35324
35329
35333
35335
35337
35339
35346
35355
35364
35365
35368
35369
35380
35384
35393
35395
35396
35401
35404
35405
35409
35410
35416
35420
35427
35429
35433
35434
35435
35445
35446
35454
35465
35467
35477
35481
35484
35485
35493
35494
35500
35514
35517
35527
35529
35534
35547
35552
35560
35565
35569
35579
35592
35598
35600
35602
35605
35607
35611
35612
35616
35627
35635
35643
35647
35652
35667
35670
35676
35687
35698
35704
35713
35714
35719
35720
35734
35763
35772
35775
35781
35789
35795
35807
35810
35813
35845
35866
35868
35870
35872
35876
35884
35889
35904
35906
35912
35913
35931
35932
35933
35934
35935
35939
35940
35951
35956
35958
35963
35966
35969
35973
35982
35984
35994
36015
36021
36026
36055
36056
36074
36081
36087
36099
36107
36112
36127
36130
36134
36136
36140
36153
36171
36181
36183
36187
36190
36200
36204
36207
36213
36219
36222
36223
36237
36271
36286
36287
36298
36315
36317
36319
36322
36329
36336
36340
36342
36356
36358
36386
36390
36392
36394
36395
36400
36402
36407
36408
36414
36424
36425
36433
36440
36442
36443
36453
36455
36458
36459
36467
36472
36488
36494
36497
36498
36505
36517
36518
36519
36540
36560
36564
36568
36582
36589
36597
36603
36633
36634
36648
36656
36660
36667
36668
36669
36673
36684
36685
36690
36694
36707
36711
36718
36720
36722
36724
36726
36735
36745
36762
36763
36764
36765
36784
36806
36818
36828
36829
36836
36840
36852
36854
36855
36871
36885
36894
36910
36915
36919
36923
36926
36938
36940
36944
36951
36956
36959
36964
36971
36979
36990
36992
36996
36998
37001
37012
37014
37019
37020
37021
37043
37047
37049
37060
37069
37070
37077
37084
37086
37098
37106
37107
37114
37115
37121
37126
37148
37157
37159
37176
37178
37184
37202
37208
37212
37216
37218
37231
37254
37260
37285
37297
37298
37300
37301
37302
37305
37307
37316
37336
37343
37351
37353
37358
37359
37363
37369
37373
37379
37383
37385
37389
37397
37398
37411
37414
37424
37426
37428
37430
37436
37439
37450
37454
37455
37467
37471
37474
37476
37482
37486
37501
37505
37517
37527
37528
37530
37535
37543
37549
37558
37575
37580
37593
37598
37602
37605
37608
37611
37614
37616
37626
37635
37658
37667
37670
37709
37711
37717
37719
37726
37730
37735
37737
37742
37744
37771
37777
37790
37794
37808
37811
37813
37815
37824
37826
37838
37839
37867
37884
37885
37887
37901
37903
37914
37915
37926
37934
37941
37952
37957
37961
37972
37991
37996
38009
38011
38014
38016
38027
38049
38063
38064
38069
38076
38080
38086
38087
38091
38093
38099
38109
38110
38120
38134
38138
38151
38152
38158
38162
38166
38167
38187
38209
38211
38216
38224
38227
38242
38244
38255
38256
38262
38267
38271
38273
38283
38297
38318
38319
38353
38354
38371
38372
38373
38387
38389
38392
38395
38397
38410
38433
38459
38461
38465
38473
38491
38492
38498
38509
38513
38517
38519
38527
38545
38546
38550
38551
38555
38557
38560
38561
38572
38579
38581
38583
38588
38596
38597
38604
38611
38615
38636
38640
38641
38643
38646
38647
38650
38653
38656
38658
38669
38676
38683
38695
38698
38700
38704
38708
38739
38754
38755
38769
38774
38776
38785
38787
38788
38789
38791
38793
38797
38798
38805
38807
38809
38814
38816
38817
38827
38846
38851
38873
38874
38878
38883
38893
38897
38901
38918
38938
38963
38965
38971
38979
38997
39003
39008
39019
39024
39032
39041
39067
39069
39076
39077
39082
39098
39101
39113
39116
39117
39122
39125
39139
39143
39145
39157
39161
39163
39168
39181
39190
39192
39215
39226
39232
39240
39247
39252
39254
39259
39260
39267
39272
39274
39279
39287
39298
39312
39314
39333
39337
39340
39345
39368
39369
39372
39376
39380
39381
39384
39386
39389
39396
39400
39401
39406
39407
39412
39418
39421
39435
39442
39444
39446
39451
39481
39482
39491
39500
39504
39507
39509
39511
39520
39541
39546
39548
39550
39561
39562
39572
39576
39580
39585
39588
39590
39597
39599
39600
39602
39603
39604
39605
39624
39627
39631
39637
39638
39645
39648
39651
39652
39661
39665
39667
39670
39679
39686
39690
39694
39701
39702
39708
39709
39715
39717
39732
39746
39761
39764
39774
39787
39793
39796
39801
39816
39839
39852
39857
39866
39884
39909
39910
39915
39924
39949
39958
39979
39989
39993
39995
40027
40031
40034
40036
40045
40054
40055
40057
40075
40080
40085
40086
40108
40110
40116
40118
40127
40138
40142
40152
40157
40165
40175
40180
40188
40193
40201
40202
40207
40212
40231
40238
40253
40254
40257
40260
40269
40279
40288
40289
40290
40294
40297
40303
40307
40309
40315
40319
40334
40350
40355
40368
40380
40395
40398
40473
40474
40477
40478
40484
40488
40497
40526
40528
40529
40543
40546
40561
40565
40596
40618
40629
40644
40645
40648
40669
40670
40676
40702
40710
40719
40727
40801
40814
40816
40818
40822
40833
40839
40842
40852
40868
40874
40878
40882
40886
40891
40902
40912
40918
40923
40944
40947
40961
40963
41029
41032
41033
41043
41053
41068
41081
41084
41088
41092
41093
41095
41096
41099
41102
41104
41105
41107
41113
41117
41124
41136
41139
41147
41148
41150
41160
41167
41172
41176
41184
41187
41190
41192
41217
41227
41230
41233
41259
41261
41263
41281
41301
41307
41328
41337
41342
41350
41353
41359
41366
41374
41378
41401
41406
41407
41411
41415
41420
41423
41434
41440
41447
41449
41450
41452
41453
41460
41463
41478
41479
41480
41484
41485
41487
41488
41494
41510
41590
41592
41593
41594
41599
41603
41619
41653
41654
41655
41656
41668
41674
41681
41682
41686
41700
41735
41750
41766
41768
41772
41776
41789
41796
41810
41811
41826
41839
41843
41849
41858
41863
41864
41870
41871
41872
41889
41893
41895
41897
41898
41904
41907
41916
41918
41922
41923
41942
41943
41944
41945
41954
41983
41987
41996
42003
42004
42007
42021
42024
42032
42040
42049
42050
42056
42059
42063
42066
42075
42079
42081
42086
42087
42089
42096
42100
42104
42120
42122
42124
42129
42134
42149
42151
42155
42158
42159
42166
42168
42179
42184
42186
42206
42215
42216
42225
42231
42233
42234
42238
42241
42243
42244
42250
42251
42254
42256
42268
42272
42273
42279
42310
42319
42326
42328
42335
42354
42361
42362
42364
42368
42382
42389
42390
42393
42408
42412
42416
42426
42430
42431
42446
42453
42460
42463
42467
42473
42475
42478
42486
42493
42502
42503
42507
42508
42512
42513
42514
42515
42519
42522
42528
42530
42534
42539
42544
42550
42562
42565
42567
42576
42580
42597
42618
42629
42637
42639
42652
42653
42661
42666
42667
42670
42678
42679
42694
42697
42708
42712
42717
42722
42737
42741
42748
42761
42765
42779
42783
42784
42787
42788
42791
42794
42796
42798
42799
42804
42812
42813
42816
42817
42823
42831
42834
42835
42841
42843
42844
42860
42871
42876
42887
42890
42894
42899
42904
42915
42930
42931
42932
42935
42943
42950
42953
42963
42975
42977
42991
42998
43001
43012
43019
43029
43033
43035
43041
43046
43053
43055
43065
43067
43075
43082
43104
43112
43116
43117
43121
43127
43146
43149
43154
43156
43158
43160
43178
43181
43184
43185
43195
43197
43202
43205
43213
43216
43218
43223
43231
43242
43248
43252
43264
43269
43276
43282
43283
43284
43290
43291
43293
43297
43316
43321
43322
43324
43332
43343
43346
43354
43359
43362
43365
43384
43397
43434
43445
43447
43462
43463
43477
43481
43482
43487
43503
43509
43511
43513
43525
43531
43544
43545
43547
43562
43563
43568
43584
43587
43596
43607
43611
43614
43618
43619
43624
43628
43631
43651
43668
43679
43700
43701
43703
43704
43705
43711
43713
43714
43715
43717
43718
43719
43720
43725
43731
43734
43745
43748
43753
43774
43780
43786
43791
43792
43803
43826
43831
43840
43855
43864
43880
43882
43887
43899
43902
43911
43914
43916
43917
43923
43928
43940
43942
43951
43952
43956
43958
43969
43971
43989
44007
44016
44038
44039
44049
44053
44056
44059
44061
44077
44081
44082
44084
44086
44089
44094
44110
44113
44119
44121
44127
44129
44133
44151
44152
44173
44175
44183
44184
44199
44200
44209
44221
44238
44241
44251
44264
44269
44272
44282
44286
44295
44296
44299
44302
44313
44315
44316
44320
44322
44328
44352
44359
44363
44370
44379
44383
44388
44395
44398
44402
44420
44431
44432
44443
44451
44460
44461
44462
44466
44471
44476
44481
44491
44496
44501
44502
44512
44525
44532
44536
44552
44553
44563
44568
44574
44577
44593
44595
44597
44598
44609
44614
44632
44643
44651
44655
44658
44661
44670
44674
44676
44677
44684
44691
44692
44694
44697
44707
44716
44720
44730
44731
44740
44746
44747
44758
44765
44770
44772
44774
44776
44777
44789
44793
44803
44808
44809
44811
44813
44823
44828
44830
44835
44837
44840
44851
44855
44856
44860
44867
44880
44881
44883
44894
44897
44901
44904
44912
44914
44926
44931
44936
44949
44952
44955
44983
44985
44986
44988
44989
44991
44993
44996
44998
45003
45011
45014
45018
45027
45029
45030
45033
45038
45043
45050
45055
45061
45065
45069
45072
45089
45095
45111
45118
45124
45125
45138
45144
45149
45150
45152
45156
45164
45166
45176
45181
45182
45183
45195
45211
45217
45218
45219
45227
45240
45241
45246
45259
45271
45299
45306
45332
45337
45340
45343
45345
45351
45353
45357
45361
45364
45373
45382
45387
45392
45395
45400
45416
45432
45435
45440
45442
45481
45495
45496
45511
45540
45551
45587
45588
45594
45596
45632
45635
45636
45640
45673
45693
45694
45719
45737
45783
45791
45799
45809
45812
45827
45838
45849
45851
45876
45887
45889
45890
45901
45902
45910
45914
45928
45939
45941
45944
45945
45946
45967
45991
46008
46011
46012
46044
46059
46077
46080
46088
46100
46123
46132
46158
46162
46165
46166
46170
46181
46187
46200
46216
46221
46224
46233
46239
46240
46244
46249
46251
46256
46277
46280
46286
46288
46303
46306
46321
46324
46331
46344
46347
46358
46359
46361
46366
46385
46399
46404
46406
46427
46428
46429
46434
46446
46459
46462
46463
46464
46465
46471
46482
46488
46497
46512
46513
46515
46522
46525
46528
46531
46532
46556
46561
46564
46566
46570
46575
46579
46585
46594
46601
46608
46615
46631
46657
46683
46686
46705
46710
46711
46717
46719
46723
46725
46731
46734
46741
46745
46746
46747
46749
46769
46773
46779
46790
46797
46808
46813
46816
46822
46824
46826
46832
46836
46838
46840
46844
46869
46875
46894
46903
46910
46912
46916
46931
46941
46943
46947
46950
46951
46952
46954
46959
46965
46971
46978
46982
47008
47013
47014
47020
47044
47052
47053
47057
47061
47066
47082
47096
47098
47099
47112
47115
47117
47120
47135
47151
47156
47166
47175
47182
47183
47185
47198
47200
47207
47209
47217
47219
47226
47228
47230
47231
47232
47239
47242
47251
47254
47295
47313
47317
47319
47321
47331
47336
47345
47349
47363
47368
47371
47376
47386
47389
47393
47394
47404
47409
47419
47450
47459
47461
47500
47501
47504
47557
47564
47575
47581
47582
47588
47605
47609
47623
47642
47648
47652
47660
47661
47668
47686
47694
47697
47700
47701
47702
47709
47710
47714
47722
47740
47744
47765
47775
47784
47806
47807
47817
47819
47841
47849
47851
47861
47863
47867
47877
47878
47885
47893
47895
47899
47903
47909
47931
47932
47933
47935
47953
47955
47972
47987
47992
48000
48023
48027
48033
48046
48047
48048
48054
48056
48058
48065
48066
48070
48079
48085
48087
48111
48112
48124
48128
48131
48134
48140
48199
48204
48206
48214
48215
48217
48218
48219
48221
48223
48225
48227
48229
48239
48244
48247
48254
48262
48273
48282
48283
48284
48288
48319
48333
48340
48357
48365
48368
48372
48376
48380
48385
48387
48392
48397
48398
48413
48423
48429
48439
48486
48487
48492
48494
48495
48503
48537
48548
48558
48569
48578
48583
48596
48605
48609
48619
48624
48627
48630
48639
48644
48646
48650
48660
48664
48671
48673
48676
48678
48692
48693
48701
48707
48712
48716
48720
48747
48757
48758
48772
48787
48792
48808
48816
48818
48820
48828
48834
48835
48841
48843
48844
48872
48879
48889
48900
48905
48918
48919
48926
48937
48941
48959
48974
48989
48999
49009
49010
49014
49017
49021
49032
49033
49036
49042
49045
49046
49051
49073
49076
49080
49086
49088
49101
49122
49123
49134
49139
49140
49146
49156
49160
49169
49198
49203
49205
49213
49217
49221
49223
49224
49231
49254
49259
49271
49276
49288
49297
49305
49306
49308
49313
49318
49322
49331
49334
49337
49339
49340
49341
49342
49348
49356
49360
49363
49365
49367
49369
49372
49378
49381
49384
49390
49395
49399
49407
49411
49412
49414
49415
49420
49429
49430
49447
49449
49460
49475
49481
49482
49496
49512
49517
49530
49537
49539
49553
49566
49583
49588
49589
49598
49602
49603
49607
49620
49630
49635
49643
49650
49655
49661
49663
49672
49676
49679
49694
49696
49705
49707
49709
49716
49728
49730
49739
49757
49766
49770
49777
49778
49786
49792
49796
49797
49801
49803
49805
49812
49813
49815
49828
49830
49831
49849
49852
49855
49859
49860
49861
49865
49873
49876
49878
49890
49900
49901
49909
49912
49930
49931
49942
49944
49945
49953
49960
49961
49963
49966
49972
49978
49983
49988
49993
49995
50000
50007
50008
50029
50039
50045
50048
50057
50061
50062
50064
50067
50071
50083
50085
50093
50109
50110
50120
50124
50147
50153
50155
50156
50168
50169
50171
50175
50177
50185
50194
50196
50198
50218
50222
50223
50224
50245
50271
50272
50280
50288
50302
50306
50316
50327
50337
50341
50350
50355
50362
50377
50381
50403
50411
50413
50414
50433
50439
50457
50460
50465
50469
50475
50481
50483
50485
50494
50495
50499
50507
50510
50520
50526
50537
50545
50575
50584
50592
50594
50650
50659
50662
50668
50669
50681
50685
50701
50709
50718
50727
50728
50730
50733
50739
50746
50749
50784
50786
50790
50798
50817
50822
50826
50839
50840
50843
50844
50847
50849
50862
50863
50878
50886
50889
50890
50904
50906
50913
50924
50929
50937
50939
50946
50958
50966
50969
50970
50978
50983
50984
50986
50998
50999
51014
51020
51024
51030
51042
51046
51052
51053
51056
51057
51080
51084
51087
51091
51100
51102
51112
51123
51124
51125
51142
51157
51194
51200
51203
51204
51205
51209
51216
51218
51221
51224
51227
51238
51267
51268
51274
51284
51285
51305
51306
51309
51317
51334
51342
51352
51371
51372
51375
51383
51394
51396
51398
51414
51419
51438
51446
51452
51470
51476
51480
51488
51490
51491
51497
51498
51505
51506
51507
51509
51518
51523
51531
51545
51549
51554
51557
51563
51566
51571
51590
51596
51599
51619
51630
51631
51633
51646
51654
51655
51659
51661
51668
51694
51704
51711
51713
51714
51719
51722
51726
51743
51745
51747
51754
51768
51776
51783
51785
51795
51809
51813
51825
51876
51880
51883
51894
51900
51902
51910
51914
51947
51948
51957
51963
51965
51966
51971
51987
51990
51999
52001
52008
52009
52036
52064
52069
52071
52072
52077
52079
52083
52087
52092
52102
52103
52107
52117
52129
52132
52135
52137
52150
52155
52166
52172
52173
52183
52184
52187
52193
52197
52217
52219
52229
52231
52243
52247
52249
52252
52264
52266
52281
52289
52297
52305
52308
52322
52327
52336
52339
52345
52346
52348
52355
52357
52362
52368
52369
52370
52371
52389
52394
52402
52435
52452
52462
52472
52476
52493
52494
52498
52499
52500
52536
52539
52546
52550
52560
52572
52575
52578
52579
52595
52599
52601
52615
52622
52634
52636
52641
52644
52648
52650
52662
52679
52681
52688
52702
52708
52710
52721
52731
52736
52752
52759
52761
52765
52771
52775
52784
52787
52799
52817
52822
52823
52848
52878
52879
52883
52903
52906
52919
52935
52936
52938
52941
52947
52985
52986
52988
52990
52991
52994
53002
53019
53031
53037
53046
53055
53066
53069
53070
53085
53086
53094
53096
53102
53104
53107
53126
53131
53136
53140
53160
53175
53180
53221
53224
53230
53235
53243
53245
53254
53269
53273
53275
53292
53302
53313
53337
53346
53352
53361
53366
53367
53373
53381
53385
53387
53397
53409
53410
53417
53419
53424
53426
53435
53436
53441
53452
53463
53466
53469
53478
53489
53493
53497
53505
53506
53507
53522
53541
53544
53553
53554
53575
53590
53593
53596
53599
53609
53615
53616
53621
53623
53629
53631
53637
53645
53646
53654
53661
53664
53671
53683
53693
53700
53701
53717
53726
53732
53736
53740
53745
53751
53752
53758
53759
53762
53764
53776
53780
53788
53791
53792
53795
53810
53838
53847
53851
53853
53860
53888
53897
53899
53900
53903
53908
53914
53922
53940
53951
53956
53961
53973
53997
54000
54002
54004
54012
54026
54043
54055
54059
54076
54089
54100
54113
54146
54160
54166
54169
54179
54223
54234
54235
54237
54241
54248
54257
54263
54266
54293
54294
54305
54306
54326
54334
54336
54347
54351
54353
54354
54371
54373
54386
54390
54405
54423
54428
54437
54450
54454
54459
54460
54465
54468
54477
54487
54500
54509
54520
54525
54526
54529
54543
54564
54572
54585
54586
54593
54598
54601
54609
54615
54626
54631
54652
54663
54666
54669
54678
54680
54693
54695
54704
54723
54730
54741
54756
54764
54800
54804
54807
54823
54825
54846
54879
54890
54900
54907
54917
54936
54940
54942
54944
54951
54976
54978
54982
54986
54987
54989
55010
55019
55020
55021
55050
55064
55075
55077
55085
55100
55107
55116
55122
55141
55142
55152
55157
55169
55174
55175
55176
55184
55185
55191
55192
55208
55213
55230
55247
55251
55252
55254
55255
55269
55285
55292
55295
55298
55301
55304
55352
55370
55371
55375
55379
55383
55385
55392
55403
55407
55413
55436
55439
55440
55453
55460
55467
55481
55490
55498
55504
55511
55518
55542
55561
55576
55580
55583
55587
55592
55623
55637
55652
55661
55662
55679
55683
55698
55722
55730
55738
55744
55754
55775
55799
55807
55814
55820
55821
55824
55826
55829
55830
55832
55835
55841
55851
55853
55855
55863
55865
55868
55869
55873
55875
55895
55897
55899
55902
55904
55909
55915
55916
55918
55933
55935
55939
55942
55943
55947
55949
55960
55963
55969
55972
55982
55995
55999
56005
56010
56012
56013
56015
56016
56021
56028
56041
56046
56047
56057
56058
56064
56084
56086
56090
56091
56098
56128
56151
56165
56167
56169
56184
56198
56199
56204
56221
56226
56229
56235
56237
56244
56267
56270
56282
56300
56310
56316
56341
56345
56378
56382
56391
56394
56401
56436
56446
56456
56458
56459
56465
56470
56471
56474
56479
56484
56487
56495
56503
56504
56507
56510
56528
56529
56540
56545
56547
56550
56553
56555
56561
56565
56570
56578
56585
56587
56615
56616
56622
56634
56639
56650
56659
56660
56670
56673
56686
56691
56702
56704
56705
56707
56716
56727
56730
56736
56741
56747
56748
56759
56767
56777
56785
56792
56794
56796
56797
56806
56814
56816
56832
56837
56845
56846
56856
56874
56895
56899
56910
56912
56913
56921
56932
56938
56948
56955
56962
56968
56973
56991
57000
57032
57037
57054
57066
57067
57094
57127
57138
57139
57141
57150
57152
57153
57157
57160
57168
57170
57177
57178
57181
57193
57195
57229
57233
57234
57239
57241
57247
57254
57267
57279
57283
57287
57294
57308
57311
57325
57326
57345
57350
57352
57358
57359
57367
57382
57406
57407
57408
57429
57432
57445
57448
57469
57471
57487
57491
57493
57512
57518
57522
57528
57529
57531
57532
57563
57572
57577
57584
57592
57600
57601
57604
57606
57607
57610
57623
57626
57652
57655
57660
57664
57666
57667
57669
57671
57676
57685
57705
57706
57707
57711
57715
57730
57747
57779
57795
57799
57801
57814
57819
57820
57831
57832
57841
57846
57858
57860
57871
57876
57879
57887
57892
57894
57899
57933
57934
57946
57953
57956
57976
57986
57989
57993
57995
58002
58007
58011
58012
58015
58017
58020
58021
58023
58036
58060
58064
58074
58076
58077
58103
58118
58123
58129
58148
58182
58188
58195
58205
58206
58214
58229
58265
58268
58271
58275
58277
58279
58303
58311
58321
58322
58331
58334
58355
58357
58363
58365
58397
58399
58407
58420
58423
58428
58440
58446
58449
58451
58454
58455
58461
58464
58474
58480
58499
58512
58520
58523
58527
58538
58559
58566
58581
58582
58586
58595
58600
58604
58617
58621
58622
58623
58631
58634
58639
58642
58646
58656
58662
58670
58678
58688
58690
58691
58700
58717
58724
58727
58749
58750
58760
58777
58789
58792
58795
58798
58802
58809
58811
58820
58821
58822
58837
58841
58847
58850
58854
58861
58865
58869
58870
58889
58901
58904
58913
58918
58919
58927
58930
58934
58938
58951
58957
58962
58965
58974
58975
58989
59001
59007
59024
59028
59029
59036
59041
59049
59050
59051
59064
59072
59073
59093
59099
59106
59124
59134
59149
59150
59155
59159
59163
59174
59176
59181
59183
59189
59190
59206
59210
59211
59216
59220
59222
59224
59231
59236
59237
59239
59243
59257
59261
59263
59267
59270
59278
59286
59289
59296
59297
59298
59299
59304
59305
59325
59328
59338
59355
59373
59375
59388
59389
59394
59401
59407
59418
59428
59434
59436
59442
59451
59459
59465
59467
59489
59500
59508
59529
59534
59539
59541
59542
59549
59552
59581
59588
59596
59599
59600
59608
59609
59610
59612
59614
59627
59634
59637
59644
59656
59664
59667
59685
59703
59707
59725
59727
59732
59734
59739
59747
59749
59753
59755
59756
59758
59763
59767
59783
59784
59785
59788
59797
