28836
28875
28876
28878
28933
28938
28942
28951
28957
28958
28959
29010
29016
29078
29098
29109
29110
29129
29146
29154
29171
29206
29225
29232
29240
29241
29246
29251
29262
29263
29278
29283
29289
29306
29316
29337
29343
29356
29372
29381
29396
29411
29446
29451
29472
29494
29548
29591
29596
29600
29605
29618
29660
29726
29730
29733
29755
29766
29768
29769
29774
29788
29790
29793
29802
29811
29843
29848
29861
29876
29877
29889
29895
29910
29913
29929
29950
29994
30042
30049
30137
30138
30163
30164
30182
30198
30203
30213
30220
30223
30238
30247
30256
30260
30271
30283
30289
30292
30319
30326
30331
30336
30346
30363
30368
30389
30396
30422
30425
30431
30446
30453
30455
30468
30474
30480
30492
30497
30498
30519
30526
30531
30540
30546
30548
30561
30570
30573
30583
30598
30611
30614
30619
30621
30636
30654
30659
30664
30665
30679
30689
30742
30748
30753
30765
30810
30828
30834
30840
30868
30876
30877
30881
30882
30908
30914
30915
30922
30939
30941
30945
30958
31011
31022
31033
31045
31050
31057
31066
31069
31094
31100
31103
31109
31139
31150
31163
31189
31199
31200
31204
31205
31224
31227
31232
31235
31252
31268
31284
31295
31310
31321
31335
31339
31348
31356
31358
31402
31431
31460
31464
31472
31479
31485
31502
31508
31511
31517
31518
31533
31537
31552
31560
31562
31569
31576
31585
31591
31611
31615
31638
31647
31652
31660
31674
31687
31692
31702
31715
31727
31740
31747
31752
31758
31780
31806
31849
31856
31887
31898
31918
31922
31924
31935
31970
31973
31982
32026
32042
32047
32059
32069
32074
32086
32093
32096
32108
32128
32141
32237
32276
32293
32308
32312
32353
32357
32375
32376
32392
32479
32481
32493
32520
32522
32556
32561
32565
32593
32649
32672
32674
32677
32750
32770
32819
32829
32831
32845
32852
32868
32869
32887
32898
32915
32918
32927
32930
32936
32947
32970
32989
33001
33003
33017
33027
33028
33064
33084
33094
33106
33122
33124
33127
33153
33157
33161
33166
33262
33268
33313
33315
33325
33344
33354
33370
33377
33383
33395
33432
33437
33447
33453
33454
33456
33461
33464
33516
33522
33572
33573
33584
33589
33625
33630
33671
33676
33690
33703
33745
33780
33795
33796
33864
33908
33944
33955
33985
33987
34033
34042
34080
34098
34103
34119
34138
34146
34173
34204
34206
34209
34241
34254
34266
34295
34312
34328
34355
34391
34393
34400
34414
34416
34429
34432
34457
34490
34494
34517
34533
34552
34557
34589
34593
34600
34604
34620
34645
34664
34676
34688
34728
34748
34762
34787
34788
34833
34839
34874
34881
34893
34910
34919
34922
34936
34956
34970
34978
34983
34984
34991
35008
35009
35017
35035
35046
35047
35056
35060
35071
35097
35105
35119
35120
35130
35136
35137
35156
35168
35200
35261
35293
35313
35318
35345
35348
35363
35370
35391
35399
35402
35422
35437
35438
35444
35448
35449
35464
35473
35524
35531
35532
35539
35563
35628
35644
35654
35657
35663
35669
35682
35699
35715
35723
35729
35752
35766
35768
35811
35828
35838
35848
35877
35894
35937
35942
35964
35972
36011
36028
36046
36070
36098
36104
36157
36158
36182
36194
36203
36208
36221
36229
36230
36232
36280
36306
36321
36338
36450
36457
36465
36480
36489
36490
36496
36502
36504
36534
36569
36577
36624
36629
36647
36671
36705
36714
36721
36732
36761
36775
36778
36781
36787
36788
36796
36811
36824
36835
36842
36858
36860
36866
36869
36878
36881
36901
36967
36972
36982
36991
36999
37003
37042
37059
37080
37083
37094
37111
37116
37130
37142
37170
37173
37186
37187
37197
37199
37240
37245
37250
37270
37280
37284
37288
37296
37326
37337
37356
37357
37382
37387
37395
37415
37433
37461
37468
37470
37472
37473
37487
37504
37523
37531
37536
37554
37588
37599
37613
37617
37624
37659
37662
37663
37674
37675
37689
37695
37702
37704
37738
37741
37769
37774
37849
37866
37868
37910
37945
37950
37956
37958
38002
38003
38043
38054
38062
38065
38090
38097
38102
38106
38108
38113
38118
38133
38136
38171
38172
38175
38225
38238
38247
38251
38268
38308
38363
38377
38440
38470
38477
38501
38532
38538
38556
38564
38586
38602
38633
38645
38661
38672
38699
38712
38717
38724
38735
38737
38742
38748
38750
38751
38757
38762
38779
38808
38824
38832
38859
38867
38881
38888
38898
38933
38945
38983
39012
39031
39052
39089
39118
39135
39162
39180
39183
39189
39210
39218
39227
39233
39243
39264
39278
39280
39290
39296
39297
39334
39338
39359
39361
39440
39448
39496
39508
39517
39532
39535
39554
39569
39582
39586
39616
39632
39668
39739
39753
39758
39775
39819
39848
39856
39883
39895
39903
39907
39927
39969
39977
39997
40016
40021
40063
40072
40073
40099
40104
40107
40115
40122
40126
40139
40141
40154
40171
40173
40183
40184
40204
40208
40255
40283
40284
40305
40342
40347
40396
40397
40400
40428
40436
40440
40448
40449
40455
40462
40463
40470
40492
40512
40514
40525
40530
40538
40555
40558
40559
40582
40595
40608
40617
40626
40634
40638
40654
40659
40666
40681
40687
40689
40695
40705
40714
40723
40724
40728
40739
40746
40750
40755
40758
40761
40764
40780
40790
40799
40823
40853
40865
40887
40904
40917
40919
40921
40922
40950
40951
40953
40970
40974
40985
41006
41010
41013
41028
41036
41059
41065
41074
41079
41085
41087
41135
41153
41159
41166
41175
41178
41182
41188
41194
41200
41232
41262
41266
41275
41309
41312
41316
41323
41336
41339
41354
41355
41357
41410
41422
41456
41458
41471
41527
41585
41627
41642
41646
41687
41714
41745
41777
41783
41788
41819
41824
41825
41828
41832
41846
41855
41856
41874
41882
41886
41924
41980
41982
42009
42012
42015
42019
42054
42101
42132
42162
42194
42207
42213
42235
42247
42259
42301
42309
42317
42320
42322
42338
42340
42353
42381
42384
42391
42394
42407
42411
42429
42436
42437
42452
42461
42470
42481
42488
42494
42504
42506
42540
42541
42545
42575
42588
42593
42599
42601
42602
42614
42619
42627
42636
42638
42641
42646
42655
42660
42677
42729
42809
42814
42829
42849
42853
42858
42947
42960
42986
43022
43031
43037
43063
43084
43101
43102
43108
43118
43152
43163
43199
43239
43256
43301
43339
43347
43351
43352
43366
43368
43427
43436
43439
43440
43466
43470
43485
43515
43523
43524
43558
43571
43578
43601
43620
43636
43638
43672
43676
43677
43685
43686
43689
43723
43747
43754
43761
43783
43788
43795
43802
43817
43820
43829
43837
43847
43866
43868
43906
43948
43955
43976
43996
44017
44023
44043
44051
44071
44078
44079
44105
44115
44141
44158
44164
44165
44177
44188
44228
44234
44244
44245
44259
44260
44280
44300
44325
44334
44339
44367
44369
44391
44430
44457
44458
44479
44485
44513
44522
44528
44543
44560
44561
44562
44566
44644
44685
44702
44715
44728
44729
44735
44739
44751
44752
44759
44766
44767
44781
44795
44821
44852
44868
44871
44896
44906
44910
44921
44927
44929
44951
44959
45007
45009
45010
45035
45047
45071
45074
45085
45097
45123
45129
45130
45131
45134
45142
45157
45189
45192
45210
45232
45237
45247
45253
45254
45280
45295
45307
45309
45312
45330
45336
45346
45348
45352
45359
45366
45369
45372
45396
45398
45401
45406
45414
45430
45433
45437
45438
45439
45450
45456
45460
45462
45473
45498
45506
45513
45517
45520
45531
45535
45548
45556
45586
45597
45604
45617
45628
45630
45655
45674
45677
45700
45722
45726
45736
45740
45742
45752
45755
45759
45764
45773
45787
45788
45790
45796
45801
45805
45808
45813
45818
45819
45821
45824
45837
45842
45845
45852
45858
45869
45886
45898
45908
45918
45950
45952
45955
45960
45962
45971
45985
45998
46005
46019
46020
46029
46043
46056
46069
46085
46090
46147
46150
46182
46202
46226
46246
46254
46259
46287
46302
46322
46328
46350
46353
46357
46362
46377
46383
46386
46392
46409
46410
46415
46421
46443
46495
46496
46501
46520
46521
46527
46543
46555
46571
46597
46659
46699
46762
46763
46828
46831
46868
46891
46905
46925
46932
46935
46942
46949
46963
46970
46975
46984
46992
47007
47015
47022
47035
47080
47138
47139
47224
47233
47276
47308
47364
47438
47447
47497
47514
47521
47522
47526
47539
47549
47578
47603
47726
47736
47753
47767
47769
47824
47829
47832
47852
47873
47896
47898
47934
47952
47999
48002
48012
48031
48038
48045
48069
48078
48093
48101
48121
48155
48165
48176
48196
48212
48235
48250
48263
48285
48301
48310
48323
48339
48341
48342
48347
48364
48371
48377
48390
48441
48443
48455
48462
48477
48493
48504
48510
48528
48559
48574
48575
48581
48590
48603
48615
48622
48629
48648
48661
48687
48698
48732
48742
48755
48778
48789
48829
48831
48857
48865
48885
48907
48929
48932
48949
48955
48972
48980
48981
48983
48994
49012
49019
49027
49040
49050
49063
49071
49078
49111
49130
49132
49135
49136
49152
49153
49165
49179
49181
49189
49192
49196
49201
49237
49247
49265
49275
49283
49294
49319
49336
49349
49377
49424
49454
49473
49484
49492
49500
49516
49534
49551
49579
49614
49627
49633
49642
49647
49669
49671
49695
49717
49740
49742
49747
49748
49751
49784
49794
49807
49814
49824
49833
49843
49846
49863
49867
49870
49897
49915
49918
49923
49934
49947
49958
49964
49970
49973
50016
50018
50041
50049
50063
50114
50118
50134
50173
50201
50214
50244
50256
50331
50347
50374
50432
50444
50471
50476
50480
50486
50501
50539
50552
50562
50580
50606
50615
50628
50634
50654
50656
50665
50674
50699
50745
50750
50755
50782
50834
50867
50898
50908
50941
50965
50973
50997
51010
51011
51025
51039
51045
51108
51109
51113
51118
51133
51136
51145
51151
51155
51186
51220
51246
51263
51269
51275
51276
51294
51296
51304
51307
51311
51313
51320
51333
51344
51356
51358
51360
51362
51370
51376
51405
51420
51429
51457
51461
51469
51512
51542
51548
51556
51562
51564
51576
51579
51586
51613
51621
51627
51629
51639
51665
51676
51690
51717
51734
51792
51793
51816
51854
51911
51917
51922
51925
51960
51970
51980
51983
52018
52020
52022
52030
52052
52056
52163
52216
52246
52296
52310
52311
52320
52365
52396
52403
52408
52416
52488
52490
52521
52529
52543
52571
52577
52670
52707
52711
52729
52742
52750
52763
52772
52786
52792
52800
52812
52832
52850
52866
52959
52973
53006
53024
53038
53088
53100
53170
53188
53199
53271
53274
53299
53310
53317
53330
53336
53394
53396
53504
53548
53555
53565
53570
53576
53579
53610
53632
53636
53649
53662
53672
53694
53707
53724
53734
53743
53749
53763
53765
53796
53823
53825
53837
53858
53880
53920
53923
53928
53930
53933
53954
53966
53971
53979
53986
53999
54001
54009
54044
54048
54049
54057
54070
54074
54075
54084
54088
54096
54105
54110
54121
54147
54177
54182
54189
54226
54229
54262
54264
54269
54287
54324
54330
54345
54359
54372
54415
54446
54456
54461
54472
54483
54485
54490
54499
54502
54504
54548
54555
54563
54608
54628
54636
54637
54648
54661
54665
54676
54681
54683
54688
54701
54711
54716
54726
54737
54739
54744
54752
54757
54761
54765
54772
54774
54776
54782
54792
54794
54810
54830
54836
54847
54852
54873
54875
54897
54905
54935
54943
54963
54965
54979
54999
55014
55026
55049
55057
55059
55072
55076
55087
55096
55098
55099
55109
55126
55146
55150
55160
55162
55171
55172
55179
55198
55218
55224
55239
55249
55259
55270
55290
55336
55355
55363
55391
55404
55410
55422
55429
55432
55449
55455
55459
55478
55482
55485
55487
55501
55538
55554
55562
55565
55568
55575
55577
55581
55590
55599
55614
55620
55639
55641
55653
55664
55667
55669
55726
55740
55741
55750
55755
55793
55801
55802
55823
55837
55881
55957
55964
55985
55991
55992
56001
56008
56027
56035
56038
56076
56103
56110
56111
56119
56123
56129
56162
56192
56223
56254
56272
56308
56314
56323
56348
56350
56357
56386
56403
56431
56438
56445
56453
56455
56478
56490
56496
56506
56522
56525
56552
56608
56623
56669
56679
56683
56717
56719
56728
56768
56778
56780
56787
56788
56835
56866
56871
56885
56889
56890
56905
56916
56945
56949
56976
56979
57012
57015
57018
57028
57030
57040
57042
57090
57091
57119
57123
57156
57172
57190
57191
57213
57246
57269
57278
57300
57323
57335
57336
57337
57348
57356
57362
57389
57394
57396
57398
57402
57418
57424
57428
57434
57437
57443
57450
57490
57498
57501
57503
57504
57506
57510
57527
57539
57550
57552
57555
57561
57569
57570
57575
57580
57612
57621
57625
57641
57653
57654
57675
57681
57686
57698
57703
57712
57713
57719
57723
57735
57740
57743
57749
57761
57789
57834
57838
57851
57859
57868
57872
57886
57889
57902
57915
57916
57922
57923
57937
57939
57948
57952
57964
57979
57982
57984
57994
58016
58027
58032
58044
58048
58050
58066
58070
58072
58084
58089
58094
58130
58134
58142
58143
58168
58179
58232
58242
58247
58263
58284
58290
58299
58310
58320
58358
58383
58398
58405
58463
58483
58489
58497
58508
58515
58519
58535
58539
58540
58561
58587
58603
58618
58628
58637
58645
58685
58704
58711
58714
58733
58734
58744
58754
58756
58767
58775
58793
58796
58807
58812
58831
58851
58881
58903
58905
58941
58947
58956
58961
58970
58983
58987
58991
58993
58995
59002
59005
59013
59032
59047
59053
59056
59059
59091
59101
59104
59109
59142
59153
59165
59167
59168
59185
59192
59194
59201
59202
59204
59221
59225
59233
59241
59256
59260
59269
59279
59285
59295
59300
59303
59315
59317
59321
59322
59330
59343
59363
59377
59392
59400
59402
59422
59437
59438
59439
59443
59457
59480
59484
59502
59512
59523
59527
59536
59562
59567
59569
59611
59615
59623
59624
59628
59638
59642
59649
59668
59672
59682
59701
59718
59777
59791
