60017
60432
60505
60813
60857
61013
61021
61254
61395
61841
61860
62707
63008
63052
63070
63105
63138
63194
64005
64183
64187
64222
65321
65453
65697
65823
65826
65847
65926
65983
65999
66020
66033
66160
66189
66586
67184
67376
67679
68499
68544
68572
68855
68871
68925
68966
69268
69643
70773
71113
72729
74408
74941
74952
74972
75147
75148
75646
76077
76083
76743
76761
76841
76868
77205
77847
79844
81164
81680
81940
82176
82570
82618
82621
82799
82823
82849
82908
82979
83036
83160
83209
83290
83596
83696
83897
83945
84624
84786
84822
84874
84894
85283
85407
86173
86193
86417
86482
86502
86683
86773
86939
86981
87845
88117
88202
88284
88376
88565
88591
88621
89691
89704
89719
89772
90036
90696
91342
91416
