1
10
19
28
29
39
47
48
50
61
64
71
78
80
85
86
96
103
107
110
113
129
133
141
142
160
170
173
175
176
186
189
191
202
203
224
225
244
265
273
275
280
284
305
310
322
323
338
342
374
387
388
396
400
418
431
441
488
519
522
542
545
547
560
566
571
583
589
602
607
618
630
632
644
670
675
688
692
695
698
705
713
717
724
734
743
748
752
755
760
763
772
783
806
819
844
848
857
866
881
902
904
905
906
911
918
928
934
940
949
956
957
964
967
970
975
985
988
990
992
1034
1039
1047
1051
1052
1066
1085
1091
1098
1099
1107
1115
1116
1117
1125
1130
1133
1135
1143
1150
1161
1175
1180
1182
1194
1195
1206
1210
1214
1215
1220
1227
1229
1255
1272
1280
1282
1289
1293
1304
1305
1309
1311
1316
1336
1345
1352
1355
1379
1382
1385
1388
1403
1404
1409
1434
1444
1446
1452
1461
1466
1468
1471
1479
1483
1487
1488
1502
1507
1509
1534
1535
1536
1541
1545
1549
1550
1551
1558
1572
1593
1615
1618
1654
1656
1658
1667
1677
1679
1684
1689
1690
1721
1724
1772
1776
1791
1816
1827
1873
1879
1890
1893
1900
1917
1945
1970
1989
1991
1995
2002
2021
2024
2030
2043
2046
2050
2053
2076
2077
2097
2101
2110
2113
2126
2150
2166
2168
2176
2205
2206
2217
2220
2245
2263
2290
2315
2325
2331
2333
2342
2351
2354
2377
2379
2385
2394
2406
2412
2423
2430
2458
2460
2471
2473
2478
2487
2488
2492
2509
2514
2517
2518
2541
2554
2570
2575
2600
2608
2617
2618
2631
2633
2642
2661
2664
2672
2673
2689
2692
2706
2726
2730
2750
2755
2758
2761
2768
2771
2777
2779
2786
2790
2791
2801
2808
2818
2821
2836
2841
2842
2845
2847
2852
2863
2869
2877
2884
2899
2903
2920
2923
2947
2962
2963
2966
2967
2970
2975
2985
2987
2997
3022
3026
3035
3044
3050
3051
3062
3075
3076
3094
3115
3121
3128
3134
3138
3139
3153
3156
3167
3169
3177
3182
3194
3203
3208
3216
3226
3229
3230
3239
3241
3254
3255
3265
3272
3278
3284
3290
3301
3311
3324
3352
3354
3360
3361
3366
3368
3389
3407
3409
3438
3445
3447
3452
3459
3463
3470
3471
3484
3486
3490
3497
3500
3503
3507
3515
3516
3518
3525
3538
3556
3557
3559
3566
3576
3595
3619
3620
3631
3638
3640
3644
3653
3661
3663
3684
3693
3698
3705
3712
3713
3715
3720
3721
3725
3726
3733
3735
3740
3751
3755
3757
3769
3775
3776
3777
3787
3790
3797
3803
3818
3821
3822
3836
3854
3857
3861
3874
3881
3891
3895
3909
3910
3913
3951
3952
3965
3967
3968
3980
3981
3985
4008
4020
4031
4035
4037
4055
4060
4062
4063
4064
4076
4080
4082
4089
4090
4099
4102
4103
4115
4129
4135
4136
4145
4151
4153
4164
4182
4183
4192
4198
4201
4212
4234
4238
4244
4253
4258
4269
4298
4301
4304
4305
4315
4318
4319
4329
4332
4336
4340
4344
4355
4359
4371
4386
4400
4404
4410
4413
4426
4431
4436
4466
4469
4481
4482
4489
4490
4495
4498
4515
4517
4524
4533
4534
4539
4552
4555
4563
4568
4585
4593
4604
4619
4620
4639
4648
4668
4672
4707
4727
4734
4737
4740
4750
4773
4775
4783
4785
4796
4804
4808
4809
4827
4835
4837
4838
4843
4860
4871
4884
4898
4911
4914
4916
4922
4927
4931
4932
4933
4934
4935
4950
4961
4963
4972
4986
4998
5011
5012
5038
5039
5087
5091
5093
5111
5124
5146
5152
5180
5182
5186
5198
5199
5205
5209
5210
5217
5220
5222
5226
5230
5240
5249
5250
5254
5257
5262
5264
5265
5270
5291
5307
5313
5322
5329
5343
5360
5364
5372
5374
5387
5399
5400
5405
5406
5407
5410
5421
5423
5424
5429
5430
5433
5435
5441
5447
5452
5455
5457
5458
5460
5466
5468
5471
5477
5478
5481
5497
5503
5506
5507
5508
5516
5519
5523
5530
5531
5537
5543
5544
5555
5561
5565
5580
5589
5602
5617
5624
5628
5631
5635
5660
5661
5664
5665
5684
5690
5697
5711
5714
5741
5743
5744
5761
5763
5764
5766
5783
5785
5797
5798
5804
5808
5812
5818
5837
5855
5860
5864
5868
5872
5876
5900
5913
5915
5947
5985
6002
6008
6009
6012
6038
6039
6040
6057
6060
6061
6062
6074
6082
6085
6086
6100
6154
6160
6169
6170
6193
6196
6203
6240
6241
6253
6296
6298
6301
6319
6329
6336
6345
6368
6381
6384
6399
6400
6410
6424
6429
6432
6433
6450
6454
6462
6463
6467
6478
6512
6532
6542
6560
6591
6654
6666
6674
6692
6706
6713
6732
6742
6764
6771
6772
6775
6792
6824
6825
6827
6832
6863
6917
6944
6946
6949
6955
6985
7002
7013
7016
7029
7032
7040
7069
7076
7098
7102
7110
7115
7143
7154
7157
7159
7177
7180
7196
7215
7240
7249
7253
7258
7259
7271
7273
7276
7280
7286
7289
7298
7301
7302
7318
7319
7335
7358
7373
7393
7396
7404
7408
7417
7422
7427
7433
7438
7463
7482
7487
7489
7493
7497
7513
7520
7525
7539
7540
7541
7559
7576
7583
7584
7585
7587
7591
7597
7598
7599
7602
7617
7621
7633
7649
7652
7658
7689
7697
7702
7721
7722
7727
7740
7743
7793
7806
7808
7826
7886
7888
7892
7921
7931
7986
7990
7996
8003
8019
8020
8026
8034
8046
8066
8074
8098
8103
8105
8112
8114
8120
8124
8126
8129
8131
8145
8147
8150
8152
8193
8214
8225
8241
8249
8252
8257
8267
8271
8274
8282
8285
8291
8309
8310
8325
8338
8350
8361
8362
8376
8382
8390
8398
8406
8420
8432
8472
8474
8475
8504
8530
8564
8576
8586
8595
8599
8602
8618
8620
8629
8637
8650
8667
8673
8705
8750
8752
8753
8765
8775
8780
8783
8796
8818
8829
8834
8841
8844
8847
8854
8857
8863
8880
8883
8885
8898
8902
8909
8917
8925
8972
8974
8994
9017
9042
9045
9049
9055
9060
9068
9098
9106
9125
9128
9132
9136
9153
9158
9160
9170
9187
9198
9201
9204
9205
9215
9226
9244
9260
9271
9278
9285
9287
9289
9296
9303
9311
9316
9324
9326
9328
9336
9339
9351
9364
9367
9375
9381
9393
9404
9405
9416
9417
9431
9437
9442
9449
9468
9475
9489
9512
9513
9514
9518
9520
9533
9536
9564
9592
9597
9602
9609
9611
9623
9624
9627
9633
9655
9663
9664
9667
9671
9675
9680
9689
9690
9695
9706
9707
9719
9737
9747
9764
9770
9777
9791
9797
9799
9825
9829
9840
9841
9843
9851
9869
9874
9879
9888
9894
9900
9915
9921
9932
9938
9940
9946
9948
9955
9962
9968
9969
9981
9984
9993
10019
10021
10024
10035
10039
10043
10047
10050
10063
10087
10101
10107
10112
10122
10125
10139
10152
10154
10162
10166
10170
10174
10177
10179
10182
10192
10193
10216
10236
10245
10247
10250
10263
10278
10282
10286
10296
10300
10305
10307
10309
10312
10313
10315
10321
10324
10334
10343
10344
10349
10358
10359
10369
10371
10375
10386
10390
10391
10415
10420
10426
10428
10431
10432
10437
10441
10448
10450
10455
10462
10466
10472
10476
10478
10493
10495
10497
10506
10516
10519
10521
10524
10533
10538
10540
10543
10544
10555
10557
10558
10560
10571
10578
10588
10598
10602
10610
10613
10616
10624
10626
10627
10629
10636
10639
10641
10643
10647
10648
10649
10650
10652
10680
10683
10688
10694
10701
10702
10705
10708
10716
10721
10730
10760
10765
10773
10781
10783
10784
10789
10804
10809
10816
10822
10829
10845
10848
10857
10868
10869
10876
10881
10886
10888
10889
10906
10917
10918
10920
10922
10929
10969
10981
10993
10994
11012
11018
11026
11031
11034
11037
11038
11043
11063
11073
11081
11087
11090
11095
11121
11125
11131
11134
11143
11145
11151
11158
11159
11161
11167
11171
11174
11177
11186
11188
11191
11195
11206
11208
11212
11248
11258
11261
11273
11274
11275
11277
11285
11289
11294
11307
11312
11327
11340
11341
11357
11361
11378
11384
11390
11395
11402
11419
11428
11484
11493
11516
11517
11518
11526
11556
11565
11597
11610
11654
11838
11843
11859
11892
11894
11902
11909
11934
11937
11942
11943
11957
11986
11992
12007
12052
12072
12076
12123
12124
12131
12141
12156
12212
12234
12261
12268
12270
12271
12285
12295
12322
12326
12342
12371
12375
12383
12391
12411
12414
12416
12439
12441
12473
12475
12495
12504
12506
12529
12548
12551
12564
12577
12590
12595
12597
12605
12614
12628
12632
12651
12652
12658
12671
12676
12693
12702
12705
12720
12728
12735
12737
12742
12752
12753
12757
12758
12763
12785
12795
12797
12806
12810
12816
12827
12833
12843
12879
12881
12891
12896
12905
12914
12926
12935
12947
12948
12966
12992
12994
13008
13009
13010
13016
13032
13040
13050
13051
13061
13062
13069
13071
13078
13082
13087
13095
13102
13131
13163
13169
13193
13199
13200
13204
13209
13232
13240
13243
13250
13254
13260
13266
13281
13282
13284
13291
13303
13304
13307
13311
13313
13328
13331
13349
13352
13353
13354
13355
13357
13363
13366
13370
13375
13384
13398
13409
13452
13455
13457
13534
13550
13555
13570
13586
13598
13623
13633
13636
13639
13645
13654
13657
13696
13714
13716
13721
13747
13754
13755
13759
13764
13766
13777
13779
13789
13795
13796
13803
13826
13831
13846
13858
13861
13867
13889
13915
13917
13925
13928
13933
13949
13964
13980
13985
14006
14019
14051
14055
14059
14085
14098
14103
14125
14127
14150
14160
14175
14176
14180
14182
14214
14255
14359
14396
14428
14429
14449
14465
14481
14497
14504
14508
14517
14528
14533
14537
14575
14576
14589
14600
14603
14611
14618
14622
14625
14635
14648
14649
14656
14681
14682
14715
14729
14744
14760
14765
14778
14785
14803
14813
14830
14832
14852
14878
14879
14908
14909
14914
14916
14917
14937
14964
14967
15023
15038
15054
15064
15069
15071
15078
15128
15144
15152
15180
15190
15195
15196
15199
15207
15212
15214
15229
15230
15237
15247
15270
15282
15296
15297
15298
15313
15350
15351
15352
15354
15357
15388
15398
15403
15404
15427
15441
15449
15453
15458
15488
15499
15501
15525
15561
15565
15573
15604
15614
15616
15638
15648
15664
15673
15674
15735
15741
15755
15766
15768
15773
15785
15788
15816
15818
15839
15841
15846
15863
15870
15872
15873
15881
15897
15918
15948
15977
15979
15994
16009
16020
16033
16037
16039
16041
16068
16079
16091
16117
16149
16150
16160
16168
16170
16198
16207
16213
16215
16231
16236
16242
16250
16257
16273
16274
16282
16321
16324
16332
16334
16367
16390
16392
16393
16402
16420
16421
16431
16478
16489
16490
16505
16522
16532
16539
16541
16553
16563
16569
16603
16612
16616
16652
16666
16706
16710
16742
16766
16768
16770
16777
16815
16836
16855
16874
16889
16891
16893
16900
16909
16913
16920
16930
16940
16941
16942
16945
16950
16951
16959
16968
16969
16971
16989
17000
17001
17006
17010
17017
17024
17064
17065
17072
17074
17088
17108
17111
17117
17120
17129
17135
17150
17155
17165
17166
17193
17204
17208
17222
17235
17274
17284
17289
17293
17299
17302
17307
17309
17318
17320
17356
17362
17368
17375
17379
17415
17426
17444
17458
17463
17480
17502
17513
17519
17526
17528
17535
17550
17553
17557
17563
17574
17592
17627
17642
17661
17731
17744
17788
17797
17806
17809
17812
17820
17831
17843
17884
17903
17907
17910
17915
17932
17944
17958
17972
17989
17995
17998
18001
18017
18024
18066
18113
18117
18127
18151
18175
18189
18197
18209
18221
18222
18223
18236
18242
18248
18260
18264
18292
18296
18300
18318
18343
18346
18353
18401
18423
18427
18437
18488
18489
18523
18529
18539
18544
18547
18551
18555
18560
18573
18580
18585
18588
18590
18592
18595
18610
18614
18658
18660
18678
18681
18713
18746
18754
18757
18760
18768
18771
18773
18789
18792
18794
18799
18805
18843
18855
18862
18874
18879
18881
18895
18900
18934
18953
18960
18967
18971
18982
18986
18999
19006
19007
19011
19014
19016
19020
19035
19052
19065
19073
19091
19112
19127
19129
19153
19164
19173
19181
19203
19221
19249
19252
19257
19259
19267
19298
19332
19334
19363
19366
19394
19397
19402
19414
19424
19443
19445
19448
19452
19461
19464
19480
19482
19488
19501
19521
19534
19535
19543
19544
19546
19573
19575
19579
19587
19600
19604
19618
19631
19660
19665
19676
19682
19718
19733
19737
19750
19758
19761
19766
19772
19807
19824
19835
19885
19893
19905
19912
19934
19945
19981
19985
20024
20048
20049
20066
20111
20165
20175
20184
20231
20256
20265
20294
20297
20323
20324
20334
20351
20355
20368
20371
20401
20424
20431
20485
20486
20493
20562
20587
20590
20614
20618
20633
20657
20674
20700
20730
20740
20752
20759
20773
20788
20794
20808
20813
20834
20841
20852
20857
20858
20872
20883
20896
20916
20920
20924
20954
20958
21008
21011
21021
21048
21082
21089
21091
21115
21137
21148
21152
21180
21200
21205
21210
21218
21225
21227
21233
21236
21237
21240
21249
21259
21282
21284
21291
21294
21297
21315
21317
21329
21331
21342
21351
21370
21382
21385
21392
21405
21416
21420
21425
21436
21438
21440
21446
21452
21459
21494
21516
21519
21528
21543
21559
21583
21586
21598
21604
21634
21643
21645
21646
21659
21663
21690
21694
21713
21723
21735
21741
21752
21797
21798
21811
21822
21840
21850
21860
21877
21897
21908
21911
21935
21951
21956
21972
22028
22030
22038
22042
22044
22123
22170
22205
22257
22259
22267
22280
22314
22318
22322
22323
22328
22338
22358
22437
22450
22452
22460
22468
22471
22493
22536
22539
22560
22576
22585
22590
22625
22626
22634
22652
22664
22711
22715
22736
22738
22747
22756
22765
22770
22784
22789
22791
22793
22799
22803
22806
22849
22873
22892
22899
22909
22911
22920
22940
22981
22984
23003
23004
23005
23012
23015
23017
23020
23027
23037
23048
23064
23074
23083
23090
23098
23102
23104
23147
23163
23164
23182
23186
23210
23212
23223
23251
23253
23258
23273
23281
23293
23301
23304
23306
23330
23347
23379
23391
23419
23433
23434
23465
23513
23539
23550
23565
23575
23578
23584
23621
23625
23628
23637
23668
23705
23715
23719
23742
23747
23754
23757
23783
23785
23843
23852
23882
23892
23902
23911
23930
23944
23954
23958
23964
23998
23999
24021
24028
24034
24051
24053
24070
24079
24086
24088
24090
24098
24113
24131
24138
24139
24151
24154
24159
24176
24180
24181
24182
24191
24200
24206
24213
24237
24242
24245
24273
24284
24288
24326
24349
24355
24364
24409
24420
24422
24447
24467
24493
24513
24516
24534
24544
24553
24561
24583
24584
24589
24609
24618
24625
24634
24661
24662
24672
24673
24684
24686
24713
24717
24738
24746
24790
24812
24853
24896
24899
24919
24926
24944
24963
25002
25017
25020
25025
25030
25042
25047
25049
25066
25081
25105
25211
25228
25231
25259
25276
25280
25323
25337
25375
25386
25388
25399
25421
25437
25440
25447
25451
25474
25529
25548
25561
25566
25578
25580
25600
25604
25630
25631
25678
25680
25686
25692
25711
25746
25747
25758
25781
25793
25813
25847
25871
25875
25890
25899
25921
25922
25926
25957
25963
25964
25969
25973
26030
26091
26109
26120
26132
26146
26159
26175
26176
26187
26192
26195
26206
26229
26245
26252
26257
26260
26263
26270
26272
26278
26317
26320
26323
26342
26366
26371
26374
26375
26394
26424
26451
26454
26470
26471
26472
26495
26513
26516
26527
26553
26569
26581
26584
26590
26594
26600
26602
26607
26610
26613
26620
26624
26625
26633
26635
26644
26647
26679
26692
26711
26712
26713
26734
26737
26744
26750
26760
26770
26784
26794
26798
26817
26834
26848
26856
26880
26895
26905
26922
26928
26931
26940
26955
26964
26982
26987
26992
27028
27031
27048
27054
27056
27063
27068
27070
27080
27085
27123
27125
27135
27143
27149
27161
27173
27180
27198
27204
27218
27223
27226
27269
27273
27275
27280
27290
27299
27301
27320
27322
27329
27341
27351
27376
27403
27405
27412
27437
27441
27444
27453
27462
27470
27472
27486
27503
27510
27517
27520
27521
27527
27536
27548
27557
27562
27563
27586
27592
27596
27614
27630
27631
27633
27640
27643
27654
27658
27659
27677
27682
27688
27693
27699
27708
27719
27724
27729
27746
27756
27791
27811
27812
27814
27816
27830
27847
27852
27853
27888
27889
27890
27898
27905
27907
27915
27923
27925
27927
27943
27951
27980
27992
28001
28079
28113
28117
28132
28145
28152
28166
28168
28188
28193
28215
28219
28241
28271
28276
28290
28301
28340
28353
28366
28385
28401
28409
28427
28456
28484
28492
28526
28535
28539
28581
28605
28608
28625
28627
28629
28634
28652
28655
28656
28682
28719
28728
28743
28748
28794
28807
28812
28826
