1
7
8
10
16
18
20
22
38
39
43
45
47
49
57
67
69
78
80
86
96
102
116
119
126
129
131
132
134
141
143
155
160
167
170
174
176
178
179
186
188
190
192
194
212
224
226
227
228
239
245
247
248
261
262
265
267
271
275
280
283
284
294
303
310
313
315
324
329
331
332
345
350
353
356
357
372
381
383
389
391
393
400
418
420
426
430
431
452
463
464
476
486
500
502
504
511
518
519
521
523
532
547
554
560
564
565
568
575
576
584
594
605
611
623
629
630
634
641
646
651
656
658
660
663
664
670
672
678
686
687
695
699
702
715
718
719
730
740
742
748
755
760
763
771
773
774
784
797
804
818
819
821
826
840
843
849
851
857
861
866
877
880
881
883
885
893
904
906
908
909
911
912
913
923
927
938
948
949
954
957
959
966
973
975
978
980
985
988
1000
1002
1006
1022
1031
1032
1041
1048
1065
1066
1067
1070
1077
1079
1081
1083
1085
1086
1097
1098
1099
1105
1106
1108
1110
1116
1127
1130
1131
1150
1156
1162
1166
1184
1199
1202
1203
1204
1213
1216
1217
1221
1224
1232
1234
1241
1263
1268
1269
1272
1273
1274
1285
1287
1289
1291
1305
1311
1315
1317
1320
1322
1324
1336
1339
1351
1358
1359
1360
1368
1369
1372
1376
1380
1382
1385
1387
1388
1390
1391
1394
1396
1400
1401
1404
1405
1409
1416
1419
1425
1430
1444
1447
1453
1455
1471
1483
1488
1495
1496
1497
1509
1514
1516
1525
1532
1534
1536
1539
1542
1549
1552
1554
1558
1562
1566
1568
1570
1571
1580
1593
1594
1601
1602
1603
1607
1610
1615
1619
1620
1642
1643
1653
1655
1656
1676
1677
1678
1679
1680
1682
1685
1698
1703
1704
1705
1708
1709
1721
1728
1729
1732
1734
1738
1739
1743
1751
1755
1760
1762
1764
1765
1770
1771
1772
1773
1776
1780
1789
1791
1793
1795
1803
1806
1816
1818
1821
1827
1831
1832
1834
1835
1838
1839
1841
1849
1862
1865
1870
1871
1873
1880
1881
1882
1887
1892
1893
1897
1901
1905
1927
1942
1945
1947
1952
1960
1966
1970
1979
1981
1987
1988
1991
1993
1995
1999
2000
2001
2012
2015
2020
2024
2026
2027
2029
2034
2035
2038
2054
2055
2058
2063
2066
2068
2077
2080
2081
2083
2087
2090
2091
2095
2103
2111
2113
2118
2122
2124
2129
2134
2135
2136
2137
2138
2139
2145
2148
2150
2157
2159
2164
2165
2168
2169
2181
2182
2188
2190
2195
2196
2206
2222
2223
2226
2234
2236
2239
2242
2250
2251
2253
2262
2269
2273
2274
2275
2277
2283
2285
2286
2290
2293
2294
2299
2301
2302
2309
2311
2312
2316
2317
2320
2325
2328
2332
2333
2338
2347
2354
2357
2360
2363
2376
2381
2384
2389
2394
2395
2411
2415
2418
2428
2438
2439
2442
2444
2447
2454
2461
2462
2467
2470
2473
2477
2479
2481
2488
2494
2497
2498
2501
2503
2504
2505
2506
2514
2521
2526
2534
2536
2540
2542
2546
2559
2568
2569
2570
2575
2576
2590
2598
2600
2606
2608
2617
2618
2620
2622
2629
2634
2640
2644
2646
2657
2658
2661
2665
2673
2677
2683
2685
2689
2691
2692
2695
2699
2710
2721
2728
2730
2734
2736
2738
2740
2743
2758
2760
2767
2769
2770
2781
2782
2786
2788
2790
2793
2794
2798
2803
2808
2814
2818
2823
2826
2827
2831
2845
2846
2848
2852
2860
2865
2868
2869
2873
2874
2876
2880
2882
2884
2886
2893
2898
2903
2906
2907
2908
2919
2920
2921
2922
2923
2927
2931
2940
2941
2945
2958
2961
2962
2966
2967
2968
2970
2978
2985
2987
2991
2995
2997
2998
3001
3007
3011
3020
3022
3024
3025
3026
3035
3037
3043
3047
3050
3062
3064
3065
3070
3075
3076
3079
3089
3093
3094
3110
3116
3117
3118
3119
3123
3125
3128
3134
3138
3139
3141
3143
3148
3151
3153
3156
3158
3160
3162
3168
3169
3177
3182
3183
3188
3194
3204
3208
3217
3222
3247
3248
3250
3260
3263
3264
3265
3279
3281
3283
3296
3305
3308
3318
3323
3324
3329
3340
3344
3349
3350
3360
3361
3368
3369
3370
3373
3375
3377
3378
3381
3385
3393
3396
3397
3400
3402
3420
3425
3426
3432
3435
3438
3443
3444
3446
3451
3452
3455
3459
3463
3464
3465
3469
3473
3476
3478
3487
3496
3498
3501
3502
3503
3506
3507
3512
3517
3518
3525
3527
3542
3548
3553
3556
3559
3561
3563
3567
3570
3575
3576
3582
3586
3589
3590
3593
3596
3607
3608
3613
3617
3619
3623
3626
3632
3635
3637
3640
3642
3646
3653
3661
3670
3672
3677
3678
3680
3684
3689
3704
3705
3712
3714
3716
3725
3732
3735
3739
3745
3748
3749
3751
3757
3765
3771
3775
3776
3783
3799
3800
3803
3804
3812
3818
3820
3821
3822
3825
3826
3827
3834
3836
3838
3839
3840
3841
3854
3855
3857
3859
3861
3862
3866
3874
3888
3891
3895
3896
3903
3905
3909
3910
3912
3919
3923
3925
3927
3933
3939
3951
3952
3953
3963
3965
3971
3977
3980
3981
3985
3992
3993
3996
4003
4007
4008
4013
4016
4024
4028
4031
4032
4035
4037
4039
4045
4046
4060
4061
4062
4063
4064
4065
4068
4071
4080
4084
4085
4087
4088
4089
4090
4093
4102
4106
4107
4112
4115
4116
4123
4124
4127
4130
4135
4136
4138
4140
4151
4153
4157
4158
4159
4162
4164
4170
4174
4176
4177
4180
4183
4186
4192
4193
4195
4198
4199
4204
4208
4210
4212
4214
4220
4226
4228
4234
4235
4242
4243
4244
4247
4258
4259
4262
4263
4265
4266
4267
4269
4273
4276
4278
4279
4282
4284
4285
4292
4298
4299
4303
4304
4310
4313
4316
4317
4319
4322
4324
4329
4334
4345
4348
4350
4355
4359
4365
4369
4376
4379
4381
4382
4386
4391
4392
4395
4406
4407
4408
4409
4410
4412
4420
4422
4425
4426
4428
4430
4434
4436
4437
4440
4446
4447
4451
4462
4463
4469
4472
4474
4476
4481
4484
4485
4489
4490
4492
4495
4499
4505
4515
4519
4524
4529
4530
4533
4539
4544
4548
4555
4568
4572
4581
4586
4596
4598
4602
4604
4605
4608
4616
4619
4623
4628
4630
4638
4639
4642
4644
4646
4648
4653
4659
4661
4663
4668
4672
4683
4692
4699
4707
4710
4711
4713
4724
4726
4734
4735
4738
4740
4743
4746
4748
4750
4753
4761
4763
4766
4772
4773
4774
4792
4798
4799
4804
4813
4814
4818
4820
4821
4823
4827
4828
4830
4833
4838
4850
4861
4864
4865
4867
4869
4897
4899
4907
4908
4910
4911
4914
4927
4928
4931
4932
4935
4947
4951
4954
4958
4963
4970
4974
4979
4980
4985
4986
4989
4992
4995
5003
5006
5007
5012
5021
5028
5039
5060
5063
5071
5073
5074
5081
5083
5087
5088
5091
5092
5111
5116
5121
5128
5130
5131
5144
5146
5150
5152
5156
5162
5172
5175
5181
5183
5186
5189
5198
5199
5203
5205
5207
5213
5226
5229
5230
5238
5242
5246
5250
5264
5265
5268
5273
5276
5280
5292
5305
5313
5320
5324
5329
5338
5345
5357
5358
5361
5367
5374
5375
5376
5388
5391
5400
5406
5408
5416
5421
5431
5433
5434
5437
5439
5441
5443
5452
5453
5456
5460
5461
5463
5465
5468
5473
5479
5482
5486
5491
5492
5494
5498
5506
5512
5519
5523
5525
5528
5529
5530
5531
5537
5544
5554
5558
5561
5571
5573
5577
5581
5593
5596
5600
5624
5628
5630
5642
5643
5665
5666
5667
5672
5676
5677
5680
5681
5684
5687
5691
5694
5695
5696
5697
5707
5709
5712
5714
5715
5716
5718
5719
5724
5725
5727
5740
5743
5744
5746
5757
5764
5767
5769
5774
5775
5776
5778
5780
5783
5787
5792
5793
5794
5798
5800
5803
5804
5806
5811
5812
5819
5824
5825
5827
5829
5838
5839
5840
5841
5843
5849
5852
5853
5855
5856
5864
5868
5873
5875
5879
5884
5886
5902
5910
5913
5917
5921
5922
5923
5924
5926
5927
5928
5932
5936
5945
5947
5953
5957
5960
5971
5981
5982
5984
5985
5987
5997
6002
6003
6008
6012
6013
6019
6025
6033
6040
6042
6048
6049
6050
6055
6057
6060
6062
6063
6076
6080
6081
6082
6089
6093
6097
6098
6100
6103
6104
6125
6127
6130
6135
6138
6143
6146
6149
6152
6154
6158
6160
6161
6168
6169
6170
6173
6175
6176
6186
6196
6216
6228
6229
6233
6237
6240
6241
6245
6247
6248
6253
6255
6259
6267
6270
6273
6279
6281
6290
6294
6296
6298
6307
6312
6319
6320
6323
6343
6346
6358
6359
6368
6372
6382
6384
6387
6389
6396
6403
6409
6416
6418
6421
6422
6424
6426
6427
6437
6442
6446
6449
6458
6467
6468
6472
6479
6482
6485
6493
6497
6499
6502
6510
6518
6519
6529
6535
6537
6540
6547
6552
6553
6557
6559
6560
6565
6572
6574
6575
6577
6581
6586
6588
6591
6598
6599
6602
6619
6625
6627
6632
6634
6641
6645
6649
6651
6675
6682
6695
6704
6709
6714
6716
6717
6728
6732
6738
6747
6748
6752
6756
6759
6768
6769
6770
6771
6779
6785
6788
6792
6799
6811
6815
6817
6827
6828
6831
6832
6840
6849
6853
6863
6878
6882
6888
6891
6894
6897
6906
6920
6928
6931
6937
6939
6942
6949
6957
6961
6966
6967
6968
6970
6971
6975
6979
6988
6993
7000
7002
7006
7011
7013
7014
7017
7023
7024
7029
7030
7033
7046
7049
7050
7051
7076
7085
7088
7093
7099
7101
7109
7110
7115
7127
7128
7132
7136
7139
7143
7144
7148
7150
7154
7160
7161
7164
7171
7176
7182
7196
7197
7203
7204
7214
7225
7226
7227
7229
7232
7235
7237
7241
7242
7249
7251
7253
7257
7262
7266
7267
7271
7272
7273
7278
7300
7302
7309
7312
7315
7323
7327
7330
7331
7332
7335
7350
7351
7352
7354
7358
7366
7367
7369
7381
7385
7387
7392
7394
7395
7396
7404
7406
7412
7416
7426
7429
7430
7432
7433
7438
7441
7455
7456
7457
7460
7474
7476
7482
7487
7489
7491
7499
7510
7511
7520
7527
7537
7539
7540
7544
7549
7552
7578
7581
7585
7587
7591
7612
7615
7628
7629
7633
7638
7639
7641
7646
7647
7655
7669
7678
7679
7699
7701
7709
7714
7735
7740
7748
7749
7750
7752
7754
7759
7761
7762
7768
7771
7772
7781
7788
7794
7805
7807
7824
7827
7828
7832
7836
7845
7846
7847
7856
7859
7861
7865
7868
7870
7872
7874
7881
7888
7889
7893
7897
7900
7902
7903
7905
7908
7912
7914
7918
7921
7924
7931
7933
7934
7936
7937
7943
7946
7951
7960
7962
7966
7970
7978
7984
7985
7990
7995
7996
8003
8004
8006
8007
8017
8020
8026
8030
8034
8035
8040
8048
8049
8051
8053
8058
8062
8064
8065
8072
8073
8074
8077
8079
8088
8090
8096
8102
8109
8112
8119
8129
8134
8138
8144
8145
8153
8161
8162
8182
8186
8189
8193
8196
8198
8201
8218
8220
8221
8225
8227
8232
8242
8243
8247
8248
8249
8252
8255
8271
8275
8278
8281
8290
8294
8295
8299
8306
8309
8312
8316
8323
8325
8327
8335
8336
8361
8362
8368
8375
8377
8384
8385
8388
8390
8392
8399
8404
8410
8412
8414
8420
8424
8425
8428
8429
8431
8432
8435
8440
8444
8449
8453
8457
8460
8462
8466
8471
8472
8474
8475
8482
8494
8495
8496
8514
8517
8530
8532
8564
8566
8571
8576
8579
8581
8585
8592
8599
8605
8614
8615
8618
8624
8628
8649
8652
8653
8676
8680
8687
8691
8692
8697
8699
8703
8706
8707
8709
8710
8713
8723
8726
8730
8733
8736
8753
8756
8767
8774
8775
8777
8780
8786
8790
8791
8792
8793
8794
8798
8814
8822
8834
8838
8846
8854
8857
8863
8867
8871
8872
8880
8883
8884
8890
8898
8899
8908
8909
8910
8919
8925
8928
8936
8941
8945
8952
8960
8968
8970
8972
8974
8976
8977
8986
8988
8990
8999
9002
9008
9012
9016
9017
9025
9029
9031
9033
9042
9046
9049
9053
9055
9060
9061
9067
9068
9069
9072
9079
9084
9085
9086
9087
9089
9094
9096
9098
9102
9104
9105
9110
9114
9115
9120
9122
9125
9127
9128
9137
9142
9158
9159
9160
9163
9165
9170
9171
9177
9178
9185
9187
9188
9201
9204
9213
9215
9216
9218
9221
9238
9240
9243
9251
9253
9259
9260
9264
9267
9272
9273
9278
9279
9287
9291
9292
9297
9298
9300
9303
9306
9318
9324
9341
9346
9353
9358
9365
9373
9377
9379
9395
9396
9400
9402
9408
9412
9417
9418
9419
9421
9436
9438
9439
9446
9452
9461
9466
9472
9491
9493
9500
9512
9513
9515
9518
9526
9527
9545
9547
9551
9552
9553
9554
9558
9564
9571
9575
9576
9583
9587
9592
9597
9598
9599
9600
9602
9609
9611
9612
9616
9620
9627
9633
9634
9636
9638
9647
9653
9654
9656
9657
9662
9663
9667
9683
9687
9695
9701
9707
9714
9719
9726
9734
9735
9736
9737
9742
9743
9753
9759
9761
9764
9770
9777
9780
9781
9787
9790
9791
9806
9817
9818
9824
9835
9840
9844
9847
9848
9849
9851
9852
9853
9854
9873
9874
9880
9883
9890
9891
9892
9894
9896
9897
9903
9910
9912
9914
9929
9932
9933
9938
9945
9950
9952
9959
9963
9964
9968
9974
9980
9992
9993
9994
9995
9996
10001
10008
10009
10013
10014
10016
10018
10020
10023
10024
10028
10033
10035
10037
10040
10049
10059
10061
10066
10067
10069
10070
10072
10077
10081
10082
10085
10086
10087
10090
10094
10100
10104
10107
10108
10109
10113
10114
10119
10122
10125
10129
10133
10134
10136
10149
10152
10153
10155
10158
10159
10164
10166
10167
10168
10173
10178
10182
10186
10203
10204
10208
10212
10216
10228
10234
10236
10241
10244
10246
10247
10248
10255
10256
10262
10263
10265
10269
10271
10275
10279
10280
10281
10286
10297
10300
10303
10306
10307
10309
10310
10312
10313
10321
10326
10332
10333
10334
10337
10343
10354
10359
10363
10368
10369
10371
10376
10379
10383
10387
10390
10393
10397
10400
10409
10410
10417
10420
10433
10435
10439
10441
10442
10443
10444
10448
10449
10450
10451
10453
10456
10457
10460
10462
10466
10473
10475
10481
10497
10499
10503
10504
10511
10514
10515
10519
10523
10524
10526
10529
10538
10540
10542
10543
10551
10557
10559
10560
10562
10571
10577
10579
10580
10588
10591
10593
10600
10603
10606
10616
10627
10628
10630
10631
10632
10638
10639
10640
10641
10643
10646
10647
10648
10649
10650
10651
10653
10655
10658
10661
10663
10664
10669
10677
10679
10682
10683
10684
10688
10691
10693
10697
10706
10708
10713
10715
10721
10722
10724
10726
10727
10742
10748
10750
10756
10757
10758
10765
10769
10773
10782
10783
10784
10785
10789
10790
10798
10810
10816
10820
10822
10824
10830
10831
10832
10837
10840
10843
10844
10848
10850
10852
10857
10859
10869
10870
10873
10876
10879
10885
10888
10889
10902
10904
10905
10913
10918
10920
10921
10925
10933
10938
10945
10948
10950
10953
10954
10957
10963
10966
10967
10971
10973
10982
10988
10989
10990
10991
10993
10994
10996
10997
11004
11010
11011
11012
11016
11018
11021
11023
11026
11031
11037
11038
11040
11043
11051
11058
11063
11064
11065
11067
11069
11071
11072
11073
11079
11080
11084
11085
11087
11095
11098
11101
11106
11108
11109
11124
11128
11137
11145
11152
11155
11156
11158
11159
11164
11168
11169
11174
11183
11187
11188
11189
11192
11193
11198
11202
11203
11204
11215
11216
11229
11234
11238
11249
11255
11260
11270
11271
11277
11292
11293
11299
11304
11311
11319
11325
11327
11330
11331
11333
11341
11345
11353
11356
11367
11370
11377
11378
11380
11386
11390
11397
11403
11404
11405
11408
11411
11414
11427
11428
11430
11433
11434
11438
11446
11452
11455
11457
11460
11462
11468
11469
11471
11472
11478
11484
11485
11498
11504
11507
11508
11510
11511
11512
11516
11520
11521
11526
11530
11532
11534
11537
11539
11540
11541
11544
11548
11551
11557
11565
11566
11573
11574
11575
11576
11577
11579
11582
11585
11592
11597
11598
11602
11607
11617
11618
11621
11622
11626
11631
11633
11647
11650
11652
11654
11664
11677
11688
11690
11693
11697
11700
11703
11704
11706
11708
11718
11725
11726
11728
11734
11735
11739
11740
11741
11744
11745
11748
11750
11755
11758
11760
11766
11769
11770
11771
11772
11773
11774
11780
11792
11795
11800
11818
11824
11825
11832
11834
11835
11838
11841
11843
11847
11848
11852
11853
11856
11858
11859
11864
11867
11868
11870
11887
11890
11897
11904
11908
11912
11916
11921
11922
11931
11935
11936
11937
11940
11943
11948
11957
11959
11963
11965
11973
11974
11975
11982
11984
11997
12002
12005
12011
12015
12018
12023
12024
12025
12028
12031
12033
12035
12037
12038
12041
12051
12052
12056
12059
12064
12065
12079
12080
12085
12090
12096
12097
12098
12104
12116
12120
12124
12128
12131
12132
12136
12138
12139
12145
12146
12147
12152
12156
12161
12164
12168
12169
12170
12180
12211
12214
12215
12216
12218
12219
12222
12224
12233
12234
12240
12245
12246
12273
12279
12282
12291
12292
12295
12298
12299
12308
12314
12322
12326
12330
12335
12336
12342
12351
12363
12368
12371
12380
12383
12386
12389
12391
12394
12396
12401
12402
12404
12414
12415
12416
12431
12432
12439
12440
12442
12443
12444
12445
12446
12448
12450
12454
12456
12458
12467
12468
12473
12475
12495
12496
12504
12506
12510
12514
12525
12529
12545
12547
12548
12559
12565
12571
12575
12580
12582
12583
12590
12602
12606
12609
12614
12623
12624
12628
12630
12632
12637
12646
12647
12649
12650
12651
12652
12658
12663
12671
12676
12679
12681
12684
12693
12695
12703
12709
12711
12747
12748
12752
12753
12763
12766
12775
12777
12780
12785
12787
12791
12792
12798
12803
12818
12827
12832
12837
12842
12843
12848
12850
12852
12863
12867
12870
12875
12882
12890
12891
12893
12896
12903
12905
12921
12930
12931
12932
12935
12947
12948
12953
12966
12968
12972
12986
12992
12997
13005
13009
13010
13011
13013
13016
13023
13034
13041
13047
13051
13057
13059
13060
13061
13063
13065
13078
13082
13087
13102
13104
13106
13111
13112
13119
13127
13131
13134
13135
13140
13144
13147
13148
13151
13152
13170
13175
13178
13189
13195
13197
13199
13204
13209
13211
13222
13232
13236
13240
13252
13262
13263
13266
13270
13272
13276
13278
13284
13287
13298
13300
13301
13304
13311
13313
13322
13323
13327
13333
13337
13338
13351
13352
13354
13355
13357
13363
13366
13375
13376
13380
13399
13402
13403
13409
13412
13417
13422
13431
13433
13443
13450
13465
13477
13479
13484
13487
13495
13498
13501
13504
13516
13523
13530
13535
13537
13539
13540
13543
13552
13556
13560
13570
13576
13577
13586
13589
13597
13604
13607
13608
13609
13610
13611
13613
13619
13621
13632
13647
13648
13656
13663
13664
13667
13679
13696
13697
13698
13713
13719
13721
13726
13728
13729
13730
13731
13738
13747
13749
13750
13754
13755
13756
13759
13760
13761
13762
13763
13766
13767
13775
13776
13777
13780
13782
13784
13786
13790
13791
13795
13803
13807
13810
13819
13820
13823
13824
13839
13840
13844
13845
13850
13854
13858
13859
13860
13861
13867
13878
13885
13889
13895
13901
13902
13905
13911
13913
13915
13919
13925
13927
13928
13929
13933
13934
13936
13938
13945
13948
13949
13956
13959
13964
13971
13974
13976
13979
13980
13981
13983
13985
13988
13990
13992
13993
13994
13995
13997
14000
14001
14006
14009
14014
14019
14025
14035
14046
14047
14051
14055
14056
14058
14059
14064
14072
14085
14086
14090
14093
14094
14095
14098
14100
14103
14107
14109
14111
14112
14116
14117
14118
14122
14125
14132
14136
14143
14146
14160
14163
14168
14171
14175
14176
14178
14179
14180
14182
14188
14189
14192
14194
14198
14201
14202
14229
14233
14238
14240
14241
14244
14246
14251
14252
14255
14261
14272
14276
14277
14279
14286
14288
14289
14293
14296
14298
14304
14313
14314
14321
14323
14325
14329
14330
14333
14339
14342
14345
14346
14348
14354
14357
14359
14360
14364
14365
14366
14371
14372
14377
14385
14388
14389
14392
14393
14395
14397
14400
14404
14406
14416
14428
14440
14444
14447
14450
14451
14457
14475
14476
14482
14485
14497
14499
14501
14502
14507
14515
14520
14524
14528
14536
14537
14543
14544
14548
14555
14561
14562
14565
14566
14572
14574
14577
14584
14590
14593
14597
14600
14606
14610
14612
14616
14622
14628
14635
14637
14639
14640
14643
14645
14650
14651
14659
14664
14665
14670
14673
14679
14681
14684
14692
14698
14700
14704
14712
14714
14715
14723
14724
14731
14734
14735
14737
14738
14744
14745
14746
14753
14754
14756
14765
14779
14785
14787
14803
14804
14805
14814
14816
14819
14821
14826
14828
14830
14836
14840
14844
14845
14847
14848
14849
14852
14853
14855
14859
14862
14870
14878
14879
14880
14884
14886
14891
14893
14894
14897
14898
14901
14905
14906
14908
14913
14915
14916
14918
14921
14923
14924
14928
14929
14936
14938
14939
14946
14948
14955
14957
14968
14971
14972
14979
14989
14995
14996
15003
15018
15021
15025
15026
15027
15028
15029
15032
15033
15036
15039
15042
15045
15051
15054
15055
15058
15064
15068
15071
15073
15074
15077
15078
15083
15086
15093
15095
15098
15102
15103
15105
15111
15112
15113
15117
15123
15128
15129
15136
15139
15140
15141
15147
15149
15151
15152
15153
15162
15166
15168
15173
15175
15177
15179
15180
15182
15189
15193
15194
15196
15197
15201
15202
15207
15209
15214
15220
15231
15233
15234
15237
15238
15242
15245
15251
15254
15256
15257
15258
15259
15263
15265
15266
15271
15275
15276
15277
15278
15281
15286
15288
15291
15295
15297
15298
15304
15308
15313
15315
15324
15325
15338
15339
15342
15346
15350
15351
15353
15356
15357
15361
15369
15376
15384
15387
15389
15399
15403
15404
15405
15407
15408
15409
15410
15412
15413
15414
15415
15416
15420
15425
15426
15427
15428
15430
15431
15436
15439
15440
15449
15458
15459
15463
15464
15472
15473
15476
15483
15484
15499
15500
15501
15502
15506
15507
15510
15511
15513
15516
15527
15531
15532
15536
15540
15552
15553
15560
15562
15563
15567
15568
15573
15574
15576
15584
15585
15588
15590
15591
15593
15595
15596
15601
15602
15603
15611
15614
15618
15621
15622
15624
15626
15627
15632
15634
15640
15643
15644
15648
15652
15653
15661
15664
15666
15673
15674
15679
15682
15687
15688
15689
15690
15692
15694
15695
15697
15700
15703
15704
15709
15712
15714
15723
15725
15730
15731
15732
15733
15734
15737
15740
15742
15744
15747
15749
15750
15753
15759
15767
15768
15776
15778
15789
15790
15792
15795
15798
15804
15811
15817
15819
15824
15825
15829
15832
15835
15841
15843
15852
15853
15856
15859
15865
15870
15871
15872
15873
15885
15887
15888
15889
15898
15899
15901
15907
15911
15914
15916
15923
15925
15932
15934
15936
15939
15940
15944
15947
15949
15955
15957
15965
15966
15969
15971
15977
15979
15985
15987
15988
15991
15992
15993
15995
15997
15999
16005
16007
16009
16017
16018
16022
16023
16029
16033
16039
16047
16048
16050
16052
16060
16061
16062
16067
16068
16071
16073
16075
16077
16081
16083
16085
16087
16090
16091
16093
16096
16097
16099
16102
16113
16114
16117
16119
16121
16126
16130
16132
16141
16145
16147
16150
16152
16154
16162
16163
16164
16165
16168
16170
16171
16177
16178
16181
16185
16187
16188
16190
16199
16201
16202
16204
16207
16208
16211
16212
16221
16222
16225
16226
16234
16235
16241
16247
16248
16249
16250
16252
16253
16254
16255
16256
16259
16260
16265
16266
16267
16272
16273
16276
16280
16286
16289
16308
16311
16314
16315
16324
16325
16327
16332
16334
16335
16337
16339
16342
16343
16346
16349
16355
16358
16361
16367
16371
16374
16375
16376
16378
16379
16383
16386
16390
16395
16396
16397
16399
16400
16401
16407
16411
16421
16423
16432
16436
16440
16441
16444
16449
16451
16459
16460
16464
16468
16472
16473
16477
16478
16481
16485
16487
16490
16492
16495
16498
16499
16503
16505
16512
16515
16516
16517
16524
16532
16535
16539
16541
16543
16544
16546
16552
16555
16559
16566
16567
16568
16569
16580
16581
16583
16589
16590
16591
16600
16602
16608
16612
16615
16616
16617
16619
16631
16632
16640
16647
16648
16652
16655
16657
16664
16666
16674
16675
16676
16678
16680
16685
16687
16690
16700
16705
16706
16709
16715
16722
16723
16724
16725
16727
16736
16737
16743
16745
16753
16754
16756
16765
16766
16783
16785
16788
16805
16810
16811
16813
16819
16822
16824
16827
16828
16829
16835
16838
16839
16840
16841
16844
16847
16848
16851
16855
16857
16862
16870
16872
16876
16880
16883
16885
16892
16893
16899
16915
16917
16918
16919
16920
16921
16929
16940
16942
16945
16948
16949
16950
16956
16959
16960
16969
16971
16979
16982
16985
16987
16990
16991
16994
16999
17000
17003
17006
17008
17009
17010
17011
17014
17017
17024
17028
17029
17030
17038
17039
17045
17047
17048
17056
17060
17061
17062
17065
17071
17072
17073
17074
17077
17087
17089
17091
17095
17096
17097
17099
17104
17108
17109
17113
17116
17120
17125
17133
17138
17139
17140
17142
17144
17146
17148
17150
17151
17153
17154
17156
17157
17163
17165
17169
17176
17177
17178
17183
17185
17188
17189
17190
17191
17197
17201
17203
17204
17206
17208
17210
17212
17215
17217
17219
17221
17222
17224
17228
17245
17246
17247
17248
17250
17252
17253
17260
17261
17262
17263
17265
17276
17285
17286
17290
17291
17297
17302
17305
17308
17310
17318
17320
17324
17327
17329
17335
17336
17339
17343
17346
17347
17349
17351
17352
17353
17354
17356
17358
17360
17366
17367
17374
17379
17381
17384
17388
17391
17395
17398
17400
17401
17402
17408
17411
17412
17414
17419
17420
17430
17436
17441
17452
17453
17454
17457
17460
17462
17463
17465
17466
17470
17472
17475
17479
17485
17486
17492
17498
17500
17504
17505
17506
17509
17517
17523
17527
17528
17531
17533
17535
17544
17546
17547
17550
17551
17557
17562
17563
17564
17569
17574
17575
17579
17581
17586
17588
17592
17594
17595
17599
17605
17607
17608
17610
17619
17625
17627
17631
17636
17640
17644
17645
17655
17656
17657
17658
17662
17663
17671
17676
17680
17681
17684
17687
17690
17695
17698
17706
17707
17709
17713
17716
17720
17725
17726
17735
17739
17742
17746
17748
17753
17755
17762
17765
17769
17777
17781
17782
17783
17788
17789
17790
17792
17793
17794
17800
17812
17814
17816
17818
17819
17822
17823
17827
17829
17832
17833
17839
17841
17844
17845
17846
17858
17865
17867
17868
17877
17878
17879
17881
17882
17884
17890
17894
17898
17904
17909
17910
17913
17920
17921
17929
17930
17932
17933
17934
17936
17938
17943
17944
17947
17953
17954
17960
17963
17969
17970
17981
17986
17987
17990
17995
17997
17998
17999
18001
18002
18003
18004
18005
18014
18017
18021
18024
18026
18032
18033
18035
18037
18043
18052
18057
18058
18060
18061
18063
18071
18073
18074
18078
18081
18083
18084
18085
18087
18089
18091
18092
18094
18102
18108
18109
18112
18113
18115
18116
18117
18118
18120
18132
18138
18139
18147
18156
18160
18163
18165
18167
18168
18169
18172
18174
18181
18188
18191
18194
18197
18204
18207
18210
18211
18213
18216
18217
18221
18222
18224
18230
18234
18240
18241
18245
18246
18247
18249
18251
18258
18264
18277
18285
18286
18290
18298
18299
18301
18303
18306
18311
18314
18317
18327
18328
18329
18333
18339
18340
18342
18344
18350
18354
18358
18359
18360
18363
18365
18368
18371
18373
18378
18379
18384
18392
18399
18400
18402
18406
18414
18417
18419
18424
18427
18428
18433
18439
18450
18452
18459
18460
18461
18468
18471
18473
18476
18478
18482
18487
18488
18491
18495
18496
18499
18501
18507
18509
18520
18528
18529
18530
18539
18543
18546
18548
18551
18552
18557
18559
18561
18562
18563
18566
18570
18574
18577
18583
18590
18596
18601
18604
18605
18606
18615
18619
18620
18627
18629
18630
18632
18637
18638
18640
18641
18642
18643
18651
18655
18656
18660
18672
18682
18694
18696
18698
18701
18705
18708
18710
18712
18713
18716
18717
18721
18722
18724
18727
18731
18733
18734
18738
18745
18746
18747
18752
18768
18776
18786
18788
18792
18795
18797
18798
18802
18803
18804
18806
18811
18816
18817
18821
18826
18827
18839
18841
18843
18844
18852
18853
18855
18859
18861
18862
18864
18866
18867
18871
18873
18874
18877
18878
18879
18883
18891
18895
18896
18898
18903
18906
18908
18911
18913
18921
18922
18923
18924
18926
18927
18929
18930
18932
18934
18936
18942
18943
18946
18947
18960
18961
18965
18972
18973
18977
18987
18988
18994
18997
18999
19000
19001
19003
19006
19009
19011
19012
19013
19014
19016
19017
19024
19029
19030
19033
19037
19040
19042
19044
19045
19046
19049
19050
19053
19059
19063
19068
19072
19074
19076
19083
19087
19089
19091
19097
19099
19104
19105
19108
19109
19111
19112
19113
19120
19121
19122
19128
19133
19134
19135
19136
19137
19138
19139
19140
19141
19145
19146
19150
19154
19155
19161
19162
19163
19165
19167
19168
19169
19170
19176
19179
19180
19182
19183
19188
19190
19192
19193
19196
19197
19201
19202
19206
19207
19208
19211
19212
19217
19219
19222
19231
19234
19240
19243
19246
19247
19248
19250
19255
19256
19258
19259
19264
19271
19272
19273
19279
19286
19288
19293
19300
19307
19310
19312
19313
19315
19316
19317
19318
19320
19323
19325
19326
19328
19331
19333
19335
19341
19349
19352
19356
19357
19358
19362
19363
19369
19370
19381
19382
19384
19385
19387
19392
19394
19408
19410
19412
19419
19426
19429
19445
19450
19452
19459
19460
19461
19462
19464
19467
19471
19472
19473
19478
19480
19486
19490
19491
19492
19496
19498
19500
19502
19503
19505
19516
19521
19522
19523
19526
19530
19532
19534
19535
19539
19540
19543
19546
19552
19556
19558
19560
19564
19566
19567
19570
19573
19576
19578
19579
19582
19583
19585
19586
19587
19589
19590
19592
19595
19596
19598
19602
19604
19611
19612
19613
19614
19617
19623
19625
19626
19627
19632
19640
19649
19650
19660
19661
19664
19671
19672
19676
19681
19684
19689
19692
19700
19707
19709
19711
19713
19729
19733
19739
19740
19742
19743
19744
19747
19758
19760
19766
19770
19772
19774
19778
19782
19786
19787
19790
19792
19793
19795
19797
19798
19800
19803
19805
19813
19814
19821
19822
19824
19826
19830
19835
19836
19837
19839
19845
19846
19847
19848
19853
19854
19855
19860
19865
19867
19868
19869
19871
19875
19877
19879
19883
19886
19887
19889
19893
19897
19898
19900
19903
19907
19910
19914
19919
19920
19921
19927
19928
19930
19932
19938
19942
19944
19945
19947
19957
19958
19959
19961
19965
19978
19982
19987
19993
19994
19998
20003
20007
20011
20013
20015
20018
20021
20022
20023
20027
20028
20031
20035
20036
20040
20041
20046
20049
20052
20053
20057
20059
20062
20065
20066
20072
20074
20075
20076
20080
20082
20084
20091
20092
20093
20096
20097
20104
20106
20109
20110
20111
20112
20113
20114
20116
20117
20121
20122
20125
20128
20135
20138
20140
20141
20142
20143
20146
20150
20159
20160
20162
20163
20164
20170
20171
20172
20173
20174
20175
20176
20177
20180
20182
20183
20185
20188
20192
20195
20204
20206
20208
20215
20217
20219
20223
20225
20226
20228
20229
20240
20242
20248
20254
20255
20260
20263
20267
20272
20275
20276
20277
20279
20280
20283
20284
20285
20288
20294
20295
20300
20305
20308
20313
20314
20316
20317
20323
20325
20329
20337
20338
20339
20340
20343
20344
20345
20347
20353
20355
20356
20364
20368
20369
20371
20374
20378
20380
20382
20383
20384
20389
20390
20396
20399
20405
20407
20412
20416
20417
20418
20420
20423
20426
20427
20428
20429
20430
20432
20436
20437
20440
20445
20446
20447
20448
20450
20451
20452
20454
20457
20459
20462
20466
20468
20472
20473
20480
20481
20484
20487
20498
20501
20504
20505
20507
20509
20510
20513
20522
20524
20527
20528
20531
20532
20533
20535
20536
20537
20541
20544
20545
20550
20554
20559
20562
20566
20567
20569
20570
20573
20578
20585
20586
20587
20588
20589
20590
20592
20593
20594
20595
20601
20605
20606
20612
20617
20618
20625
20628
20634
20636
20637
20645
20646
20647
20650
20651
20654
20655
20656
20658
20661
20663
20670
20672
20673
20677
20687
20689
20690
20692
20694
20695
20697
20698
20699
20701
20707
20713
20715
20716
20717
20722
20723
20724
20736
20737
20741
20742
20745
20746
20748
20750
20751
20752
20754
20755
20757
20758
20759
20760
20762
20763
20764
20765
20767
20768
20774
20779
20780
20782
20784
20788
20789
20795
20796
20797
20799
20801
20803
20804
20805
20807
20810
20812
20816
20818
20819
20820
20821
20823
20830
20835
20836
20837
20841
20844
20848
20849
20851
20855
20860
20861
20864
20870
20871
20872
20874
20877
20882
20884
20886
20890
20891
20892
20893
20901
20906
20913
20914
20919
20928
20931
20932
20933
20935
20938
20941
20943
20948
20952
20954
20957
20958
20960
20961
20962
20963
20965
20966
20969
20972
20974
20975
20977
20981
20982
20983
20985
20987
20990
20998
21002
21004
21005
21006
21013
21017
21025
21026
21028
21033
21035
21037
21044
21045
21047
21049
21052
21053
21055
21064
21067
21068
21070
21071
21079
21081
21083
21085
21087
21088
21090
21092
21094
21099
21102
21106
21107
21108
21112
21116
21119
21120
21122
21128
21131
21140
21142
21144
21148
21151
21154
21155
21156
21159
21160
21174
21176
21181
21190
21192
21197
21200
21201
21206
21222
21223
21227
21229
21232
21234
21235
21239
21241
21243
21248
21251
21255
21257
21262
21263
21264
21267
21273
21275
21276
21283
21291
21294
21308
21314
21317
21318
21320
21323
21328
21333
21335
21336
21339
21341
21343
21345
21346
21353
21354
21356
21357
21359
21360
21364
21366
21368
21371
21373
21375
21377
21381
21382
21389
21390
21391
21392
21399
21404
21415
21416
21418
21422
21423
21424
21425
21430
21431
21434
21435
21436
21438
21449
21451
21454
21456
21458
21461
21462
21463
21466
21467
21469
21475
21476
21477
21483
21488
21491
21494
21499
21500
21501
21502
21507
21510
21515
21521
21534
21536
21537
21538
21540
21543
21547
21551
21555
21558
21560
21561
21562
21566
21567
21568
21571
21572
21582
21587
21589
21592
21594
21595
21602
21604
21606
21607
21608
21609
21613
21617
21618
21620
21625
21628
21639
21640
21644
21649
21650
21652
21655
21658
21662
21668
21674
21675
21679
21682
21683
21688
21697
21698
21701
21703
21705
21710
21716
21717
21720
21722
21723
21726
21728
21731
21732
21733
21734
21737
21738
21742
21743
21749
21752
21753
21758
21759
21760
21761
21762
21763
21766
21771
21773
21777
21781
21789
21796
21797
21798
21800
21807
21810
21813
21815
21816
21823
21824
21829
21830
21831
21835
21838
21839
21840
21843
21844
21845
21847
21851
21853
21855
21856
21857
21860
21862
21864
21866
21871
21876
21879
21880
21881
21884
21885
21886
21887
21892
21896
21897
21898
21899
21901
21903
21904
21905
21923
21932
21935
21938
21941
21942
21945
21947
21948
21954
21961
21964
21965
21966
21967
21968
21969
21970
21972
21973
21979
21983
21985
21987
21988
21991
21993
22000
22001
22002
22006
22014
22016
22025
22034
22036
22037
22039
22043
22045
22050
22051
22052
22056
22057
22058
22059
22062
22064
22066
22071
22072
22073
22078
22082
22083
22085
22089
22091
22095
22096
22101
22102
22105
22107
22109
22112
22113
22120
22126
22130
22131
22132
22138
22139
22141
22144
22148
22153
22155
22156
22159
22160
22161
22170
22171
22175
22184
22186
22189
22191
22204
22205
22207
22209
22211
22215
22234
22236
22239
22242
22243
22244
22245
22255
22258
22261
22273
22274
22277
22281
22283
22285
22288
22293
22294
22299
22306
22307
22313
22322
22323
22327
22328
22330
22332
22333
22334
22335
22337
22338
22340
22344
22345
22348
22349
22350
22352
22356
22357
22358
22359
22360
22361
22364
22368
22374
22375
22377
22380
22384
22385
22387
22392
22397
22399
22404
22409
22410
22413
22419
22421
22424
22427
22428
22434
22437
22441
22442
22443
22449
22450
22455
22458
22459
22460
22464
22465
22466
22467
22468
22471
22472
22473
22475
22478
22479
22488
22490
22492
22493
22494
22496
22497
22498
22499
22500
22501
22502
22503
22504
22509
22513
22514
22515
22517
22519
22522
22528
22530
22532
22536
22541
22545
22559
22560
22564
22570
22578
22580
22581
22585
22588
22589
22590
22593
22595
22596
22602
22604
22611
22614
22617
22622
22624
22625
22628
22631
22635
22637
22641
22642
22645
22652
22653
22654
22655
22656
22664
22668
22672
22673
22674
22678
22681
22682
22698
22710
22711
22715
22717
22719
22720
22721
22723
22726
22728
22734
22735
22738
22745
22747
22756
22757
22763
22770
22771
22772
22774
22777
22779
22781
22784
22785
22786
22787
22789
22793
22798
22802
22803
22804
22806
22812
22815
22816
22818
22821
22824
22827
22828
22833
22834
22835
22836
22837
22838
22842
22846
22852
22854
22860
22861
22864
22868
22872
22875
22876
22878
22879
22880
22881
22882
22891
22894
22896
22897
22898
22899
22901
22902
22903
22905
22906
22908
22909
22911
22914
22918
22919
22920
22921
22923
22939
22942
22943
22946
22947
22950
22952
22954
22961
22965
22969
22970
22971
22973
22978
22980
22982
22986
22987
22992
22994
22996
23001
23004
23007
23011
23014
23017
23019
23025
23026
23027
23028
23031
23034
23041
23042
23046
23047
23048
23050
23060
23061
23068
23075
23078
23079
23081
23083
23087
23089
23093
23097
23098
23099
23100
23105
23108
23109
23110
23112
23114
23117
23118
23120
23122
23124
23125
23127
23128
23132
23133
23134
23136
23137
23142
23145
23147
23148
23151
23153
23156
23157
23159
23161
23163
23174
23176
23182
23183
23185
23188
23190
23194
23195
23201
23203
23206
23207
23210
23213
23225
23228
23229
23237
23240
23241
23247
23251
23252
23253
23257
23260
23262
23265
23267
23280
23285
23290
23291
23292
23293
23299
23301
23302
23311
23313
23316
23319
23320
23323
23326
23328
23330
23331
23332
23336
23337
23338
23341
23346
23347
23352
23353
23358
23360
23361
23367
23372
23374
23375
23382
23385
23387
23393
23399
23400
23402
23407
23408
23413
23422
23427
23428
23429
23430
23432
23435
23440
23441
23445
23447
23450
23457
23464
23465
23466
23468
23473
23475
23477
23478
23479
23480
23482
23495
23496
23497
23498
23501
23502
23504
23505
23508
23511
23512
23515
23520
23528
23532
23535
23538
23545
23546
23549
23550
23554
23555
23561
23562
23567
23574
23583
23594
23597
23600
23601
23602
23605
23611
23613
23615
23619
23623
23625
23630
23633
23636
23637
23638
23640
23641
23642
23645
23648
23658
23667
23669
23673
23687
23689
23691
23702
23704
23705
23711
23714
23715
23716
23726
23727
23728
23729
23730
23734
23735
23738
23742
23744
23751
23753
23764
23766
23768
23770
23772
23775
23781
23789
23790
23792
23798
23801
23805
23806
23810
23816
23819
23827
23828
23829
23839
23843
23844
23846
23847
23848
23853
23856
23860
23862
23870
23873
23874
23879
23880
23881
23882
23890
23891
23893
23895
23896
23897
23899
23903
23909
23912
23913
23917
23919
23920
23926
23927
23928
23930
23934
23940
23942
23943
23944
23945
23948
23949
23951
23952
23955
23956
23957
23962
23963
23966
23968
23971
23973
23974
23977
23982
23988
23996
24001
24010
24016
24022
24029
24031
24034
24035
24037
24039
24040
24043
24048
24051
24052
24053
24054
24057
24058
24061
24067
24068
24071
24076
24078
24079
24089
24094
24095
24096
24104
24106
24111
24114
24118
24120
24131
24133
24136
24141
24147
24149
24151
24155
24157
24163
24166
24167
24170
24177
24179
24182
24183
24195
24200
24202
24203
24210
24211
24215
24217
24218
24219
24220
24226
24230
24233
24237
24251
24254
24256
24257
24261
24262
24263
24267
24268
24269
24275
24280
24286
24287
24290
24293
24294
24296
24298
24303
24304
24306
24309
24312
24314
24315
24316
24318
24319
24320
24321
24322
24323
24327
24338
24341
24345
24348
24351
24357
24359
24360
24362
24363
24370
24372
24376
24379
24384
24387
24389
24392
24397
24399
24401
24408
24417
24419
24420
24421
24426
24427
24438
24441
24444
24451
24453
24458
24462
24464
24471
24473
24480
24481
24482
24487
24488
24491
24495
24502
24506
24513
24514
24516
24518
24521
24524
24525
24528
24530
24532
24537
24548
24551
24553
24559
24560
24561
24566
24567
24568
24572
24576
24578
24579
24581
24582
24583
24585
24586
24587
24593
24596
24597
24606
24608
24610
24613
24617
24619
24621
24632
24641
24642
24644
24646
24649
24650
24652
24666
24667
24668
24670
24674
24676
24690
24691
24693
24696
24705
24708
24711
24716
24719
24723
24728
24729
24730
24731
24735
24737
24738
24741
24744
24746
24752
24755
24758
24759
24762
24766
24768
24778
24783
24785
24786
24791
24793
24795
24798
24800
24804
24807
24809
24818
24819
24820
24831
24833
24835
24836
24837
24842
24846
24850
24856
24859
24860
24868
24873
24876
24882
24883
24885
24889
24896
24897
24902
24904
24905
24908
24909
24919
24921
24922
24923
24926
24927
24928
24930
24938
24942
24944
24948
24950
24957
24961
24962
24963
24966
24967
24976
24983
24984
24987
24988
24989
24991
24992
24993
24994
24995
24998
25001
25002
25003
25005
25006
25010
25013
25014
25017
25019
25022
25024
25028
25029
25033
25034
25038
25042
25043
25049
25051
25052
25061
25062
25064
25068
25075
25077
25081
25082
25090
25093
25094
25096
25099
25100
25106
25109
25112
25115
25118
25123
25125
25133
25136
25142
25144
25148
25160
25162
25163
25164
25167
25169
25173
25176
25178
25180
25184
25188
25199
25211
25214
25216
25218
25229
25231
25234
25240
25246
25250
25259
25261
25263
25264
25265
25266
25269
25273
25276
25282
25284
25285
25287
25290
25291
25297
25299
25301
25305
25306
25307
25309
25310
25312
25315
25323
25327
25328
25329
25332
25333
25337
25348
25350
25354
25366
25368
25369
25375
25376
25377
25383
25384
25385
25389
25390
25394
25397
25403
25405
25412
25414
25418
25421
25425
25427
25433
25434
25435
25438
25441
25442
25444
25447
25463
25464
25466
25478
25479
25485
25491
25492
25495
25500
25503
25505
25506
25509
25513
25514
25521
25523
25526
25531
25534
25538
25539
25542
25549
25553
25556
25557
25558
25560
25563
25567
25570
25576
25578
25582
25583
25595
25597
25603
25604
25605
25606
25610
25620
25627
25630
25638
25647
25648
25651
25653
25655
25660
25661
25691
25693
25699
25700
25702
25711
25716
25718
25729
25733
25738
25742
25747
25749
25754
25756
25758
25761
25768
25773
25774
25776
25781
25782
25786
25787
25788
25789
25800
25822
25823
25824
25825
25829
25830
25831
25832
25833
25838
25849
25854
25856
25863
25869
25872
25875
25879
25880
25882
25890
25897
25910
25912
25914
25916
25931
25932
25933
25939
25941
25943
25944
25949
25957
25969
25970
25974
25980
25984
25987
25988
25990
25993
25994
25996
26000
26004
26007
26009
26011
26016
26019
26022
26028
26029
26030
26032
26041
26046
26049
26051
26052
26058
26060
26064
26070
26072
26074
26075
26082
26091
26092
26094
26097
26102
26105
26110
26116
26120
26127
26130
26149
26151
26156
26160
26169
26176
26177
26179
26181
26182
26183
26184
26186
26191
26192
26193
26195
26196
26198
26203
26206
26207
26210
26216
26217
26218
26222
26225
26229
26230
26233
26234
26236
26243
26245
26246
26248
26249
26250
26252
26254
26256
26260
26263
26267
26268
26272
26275
26276
26281
26292
26298
26302
26306
26310
26317
26319
26323
26324
26333
26335
26339
26342
26345
26347
26350
26361
26367
26368
26374
26384
26393
26395
26396
26397
26398
26416
26420
26423
26425
26431
26432
26435
26438
26443
26447
26450
26451
26454
26466
26470
26471
26472
26477
26480
26486
26492
26495
26501
26506
26510
26514
26516
26522
26523
26524
26527
26528
26539
26541
26542
26543
26546
26556
26562
26569
26570
26573
26577
26580
26582
26584
26586
26588
26590
26594
26600
26613
26614
26617
26620
26629
26630
26632
26633
26640
26644
26646
26648
26649
26651
26652
26653
26658
26664
26670
26671
26674
26675
26676
26680
26681
26682
26686
26690
26691
26692
26694
26695
26699
26703
26706
26718
26720
26721
26724
26726
26727
26730
26731
26733
26735
26737
26748
26749
26752
26753
26754
26755
26761
26764
26769
26770
26778
26782
26784
26785
26788
26791
26794
26796
26798
26805
26806
26808
26812
26819
26829
26832
26837
26838
26848
26850
26858
26861
26864
26865
26867
26882
26883
26884
26888
26889
26891
26893
26895
26898
26900
26901
26902
26907
26908
26914
26916
26917
26918
26922
26925
26926
26928
26930
26931
26934
26952
26957
26961
26962
26963
26964
26966
26971
26973
26977
26978
26979
26982
27014
27016
27018
27029
27031
27036
27048
27050
27051
27054
27055
27057
27065
27068
27070
27080
27081
27086
27087
27097
27104
27110
27112
27115
27122
27125
27127
27129
27131
27142
27143
27149
27151
27154
27161
27165
27166
27170
27190
27191
27194
27197
27200
27204
27208
27211
27216
27217
27221
27222
27223
27224
27230
27233
27243
27245
27248
27252
27253
27255
27269
27271
27276
27280
27287
27289
27290
27300
27305
27308
27312
27316
27318
27320
27321
27332
27336
27337
27338
27340
27341
27342
27343
27345
27351
27359
27367
27368
27373
27374
27396
27397
27399
27401
27403
27413
27414
27416
27417
27420
27422
27433
27434
27435
27448
27451
27453
27463
27465
27466
27473
27475
27477
27486
27491
27493
27496
27503
27509
27510
27519
27521
27528
27529
27531
27540
27541
27544
27545
27546
27550
27551
27554
27560
27561
27565
27566
27569
27570
27571
27575
27576
27579
27580
27581
27593
27596
27601
27602
27605
27609
27611
27622
27624
27626
27628
27632
27634
27636
27637
27642
27643
27645
27648
27651
27654
27658
27660
27665
27668
27677
27678
27680
27685
27687
27688
27689
27695
27697
27698
27702
27706
27707
27714
27719
27724
27728
27732
27733
27737
27739
27745
27749
27750
27752
27753
27757
27761
27763
27769
27776
27777
27779
27783
27785
27788
27789
27801
27802
27806
27807
27808
27815
27816
27817
27824
27831
27834
27836
27837
27842
27843
27845
27847
27851
27853
27855
27858
27862
27863
27864
27868
27876
27881
27884
27894
27899
27901
27903
27905
27911
27913
27915
27917
27920
27921
27925
27929
27934
27937
27942
27948
27950
27952
27954
27956
27957
27963
27965
27966
27967
27976
27980
27981
27982
27983
27986
27998
27999
28001
28008
28010
28014
28020
28025
28029
28039
28040
28041
28045
28048
28055
28056
28065
28074
28075
28076
28079
28080
28082
28089
28094
28098
28101
28102
28104
28109
28115
28116
28117
28122
28123
28130
28132
28134
28136
28137
28143
28146
28147
28148
28149
28152
28156
28157
28158
28161
28162
28166
28169
28171
28176
28181
28186
28188
28194
28196
28198
28203
28215
28223
28225
28226
28234
28237
28238
28239
28246
28248
28249
28250
28254
28255
28264
28269
28275
28282
28284
28288
28289
28290
28292
28300
28301
28303
28308
28309
28314
28316
28317
28322
28323
28325
28330
28337
28340
28352
28354
28361
28365
28366
28368
28369
28370
28379
28380
28381
28382
28386
28390
28394
28395
28402
28406
28408
28411
28426
28428
28429
28430
28437
28440
28443
28446
28457
28458
28461
28470
28477
28480
28485
28487
28488
28491
28501
28507
28510
28511
28512
28513
28514
28515
28519
28526
28528
28533
28535
28539
28547
28551
28552
28554
28557
28558
28559
28579
28581
28585
28586
28588
28593
28596
28598
28600
28605
28613
28614
28619
28622
28623
28632
28635
28642
28646
28647
28652
28653
28655
28656
28657
28666
28667
28673
28681
28682
28684
28687
28689
28692
28694
28696
28697
28701
28703
28707
28710
28713
28714
28719
28728
28733
28734
28735
28745
28747
28748
28751
28753
28754
28758
28760
28768
28776
28777
28782
28788
28789
28792
28797
28799
28800
28808
28810
28813
28826
28830
