28833
28835
28838
28845
28846
28849
28852
28860
28862
28864
28877
28881
28883
28885
28892
28894
28896
28899
28901
28902
28903
28908
28916
28926
28927
28928
28932
28935
28937
28939
28944
28947
28948
28952
28961
28962
28963
28964
28965
28968
28969
28970
28972
28974
28977
28984
28992
28993
28994
28996
28998
28999
29001
29003
29004
29014
29020
29021
29026
29030
29031
29033
29034
29036
29038
29048
29049
29055
29058
29059
29060
29061
29066
29082
29094
29101
29105
29108
29113
29116
29120
29123
29133
29134
29136
29139
29141
29144
29145
29148
29149
29152
29153
29155
29158
29162
29163
29168
29175
29179
29180
29183
29184
29186
29192
29194
29197
29198
29202
29204
29207
29209
29210
29212
29214
29218
29222
29226
29228
29230
29231
29234
29235
29239
29242
29249
29250
29253
29255
29256
29259
29260
29264
29265
29266
29271
29274
29275
29277
29282
29284
29285
29292
29295
29296
29300
29302
29303
29309
29310
29315
29317
29321
29324
29327
29335
29336
29341
29347
29348
29349
29350
29352
29365
29371
29374
29377
29379
29382
29384
29388
29389
29391
29392
29393
29397
29398
29399
29401
29402
29405
29408
29409
29410
29412
29413
29414
29418
29419
29428
29430
29432
29434
29435
29436
29440
29444
29448
29453
29456
29474
29476
29477
29479
29480
29484
29490
29503
29507
29510
29511
29521
29526
29530
29536
29539
29540
29542
29544
29545
29546
29549
29550
29553
29556
29557
29562
29569
29578
29581
29582
29586
29587
29588
29589
29592
29597
29598
29599
29601
29607
29610
29617
29619
29624
29626
29628
29632
29633
29636
29638
29650
29654
29658
29659
29661
29662
29668
29669
29671
29673
29674
29676
29677
29686
29688
29689
29693
29694
29696
29699
29701
29703
29705
29706
29708
29709
29715
29722
29727
29737
29739
29743
29744
29745
29746
29748
29749
29750
29752
29753
29756
29759
29765
29771
29773
29777
29779
29781
29783
29784
29786
29789
29795
29796
29803
29806
29807
29809
29810
29813
29815
29821
29826
29835
29836
29844
29845
29846
29855
29857
29859
29868
29872
29873
29888
29900
29904
29907
29908
29912
29921
29922
29924
29931
29934
29935
29937
29941
29943
29949
29956
29964
29965
29967
29973
29978
29979
29982
29983
29986
29987
29998
30005
30010
30032
30036
30037
30038
30044
30045
30056
30057
30059
30061
30064
30070
30075
30077
30080
30083
30088
30089
30100
30108
30114
30117
30124
30126
30128
30132
30134
30135
30146
30148
30152
30160
30169
30184
30192
30201
30205
30214
30215
30218
30226
30227
30231
30240
30241
30246
30249
30250
30259
30266
30270
30277
30280
30287
30290
30291
30294
30295
30297
30298
30299
30301
30302
30313
30317
30318
30322
30330
30333
30334
30335
30338
30341
30351
30353
30357
30379
30382
30384
30388
30392
30394
30397
30399
30403
30406
30407
30416
30418
30427
30429
30430
30440
30443
30444
30449
30451
30452
30460
30472
30473
30475
30478
30479
30481
30487
30501
30504
30506
30507
30508
30510
30511
30513
30514
30515
30517
30522
30523
30524
30533
30535
30537
30541
30542
30549
30558
30566
30568
30572
30575
30576
30580
30581
30591
30595
30599
30600
30604
30617
30625
30626
30628
30637
30638
30644
30660
30662
30671
30672
30673
30674
30676
30677
30678
30680
30687
30688
30691
30693
30694
30695
30701
30706
30708
30709
30716
30720
30728
30729
30731
30734
30736
30738
30747
30751
30756
30757
30758
30760
30762
30764
30770
30775
30776
30778
30785
30792
30793
30794
30802
30805
30807
30811
30814
30816
30818
30820
30823
30825
30826
30829
30831
30835
30838
30839
30841
30845
30849
30852
30854
30859
30861
30862
30863
30867
30870
30871
30873
30874
30885
30888
30890
30891
30892
30894
30896
30897
30898
30904
30906
30907
30909
30910
30911
30916
30919
30921
30927
30930
30933
30934
30946
30948
30949
30957
30967
30968
30979
30980
30982
30987
30988
30996
30997
31006
31008
31010
31012
31013
31016
31021
31026
31027
31040
31044
31046
31054
31061
31068
31070
31074
31075
31088
31090
31099
31106
31107
31110
31114
31118
31120
31122
31125
31126
31127
31132
31134
31140
31143
31145
31152
31153
31155
31158
31166
31176
31179
31180
31186
31190
31191
31193
31198
31213
31218
31219
31220
31221
31222
31223
31231
31234
31236
31241
31242
31245
31248
31249
31261
31262
31263
31267
31269
31271
31272
31277
31278
31282
31286
31289
31302
31307
31313
31319
31322
31324
31340
31341
31342
31345
31346
31349
31351
31353
31354
31360
31363
31364
31370
31375
31377
31378
31382
31385
31386
31396
31400
31403
31408
31413
31415
31416
31418
31422
31424
31425
31433
31435
31437
31439
31441
31445
31446
31447
31452
31453
31454
31457
31470
31478
31480
31488
31491
31492
31493
31496
31506
31513
31515
31520
31521
31522
31527
31530
31535
31536
31538
31544
31547
31555
31556
31561
31563
31567
31568
31574
31577
31581
31589
31598
31599
31600
31602
31604
31607
31616
31626
31628
31630
31636
31640
31643
31648
31649
31653
31658
31670
31675
31678
31679
31681
31689
31693
31696
31699
31700
31701
31706
31707
31708
31709
31712
31716
31729
31731
31736
31737
31742
31746
31748
31749
31751
31754
31755
31756
31762
31764
31770
31772
31775
31776
31781
31783
31786
31787
31798
31802
31804
31807
31809
31814
31815
31826
31830
31831
31833
31837
31838
31840
31848
31851
31852
31855
31867
31868
31870
31871
31874
31879
31884
31886
31888
31891
31894
31897
31905
31915
31917
31925
31928
31929
31930
31934
31938
31940
31953
31955
31956
31962
31964
31965
31971
31976
31980
31984
31991
31992
31993
32000
32007
32008
32015
32017
32029
32038
32039
32046
32049
32050
32058
32061
32064
32065
32066
32068
32070
32078
32079
32080
32082
32083
32085
32088
32089
32095
32098
32104
32106
32107
32112
32116
32117
32118
32121
32124
32126
32132
32136
32137
32142
32144
32145
32158
32159
32160
32164
32171
32172
32173
32174
32177
32184
32190
32191
32193
32196
32198
32210
32212
32219
32222
32225
32227
32228
32229
32235
32246
32247
32249
32255
32258
32261
32262
32271
32277
32282
32283
32284
32285
32290
32292
32296
32297
32298
32301
32303
32304
32306
32309
32310
32317
32318
32322
32324
32326
32327
32328
32330
32331
32334
32336
32337
32339
32340
32345
32346
32347
32350
32359
32365
32367
32368
32377
32379
32383
32384
32385
32387
32391
32393
32399
32400
32401
32402
32403
32406
32407
32412
32413
32414
32417
32419
32427
32430
32434
32436
32443
32444
32448
32449
32453
32456
32459
32469
32477
32482
32486
32489
32494
32504
32505
32507
32510
32521
32530
32538
32539
32541
32545
32550
32558
32569
32574
32582
32584
32587
32591
32594
32595
32597
32601
32602
32604
32611
32613
32614
32617
32618
32628
32630
32631
32637
32640
32646
32648
32650
32659
32662
32668
32669
32671
32673
32675
32682
32683
32685
32689
32693
32694
32707
32713
32715
32716
32718
32722
32724
32732
32734
32739
32743
32760
32765
32768
32771
32772
32774
32777
32780
32782
32783
32788
32790
32797
32800
32806
32808
32809
32810
32816
32818
32820
32824
32832
32833
32834
32855
32857
32858
32860
32871
32875
32880
32882
32888
32889
32891
32894
32900
32901
32902
32903
32904
32911
32912
32924
32934
32941
32942
32943
32948
32949
32952
32953
32955
32958
32960
32963
32966
32967
32968
32969
32977
32982
32983
32986
32990
32996
32999
33004
33013
33014
33018
33025
33029
33032
33035
33037
33040
33043
33045
33049
33052
33053
33058
33060
33061
33069
33075
33076
33080
33085
33088
33092
33097
33101
33103
33104
33105
33109
33112
33121
33123
33128
33129
33130
33131
33134
33136
33137
33141
33146
33147
33148
33149
33152
33162
33175
33178
33185
33189
33194
33205
33206
33209
33210
33211
33225
33227
33232
33238
33241
33244
33246
33248
33249
33253
33256
33258
33264
33267
33272
33273
33274
33279
33280
33284
33288
33294
33300
33305
33307
33311
33314
33321
33327
33331
33333
33334
33335
33345
33350
33365
33366
33368
33374
33376
33378
33382
33385
33389
33393
33398
33403
33404
33405
33407
33408
33409
33418
33422
33429
33430
33433
33440
33441
33443
33445
33446
33449
33451
33452
33459
33462
33463
33465
33467
33471
33472
33473
33476
33479
33481
33485
33487
33488
33489
33491
33493
33494
33507
33508
33510
33511
33512
33513
33514
33517
33518
33520
33526
33527
33528
33531
33537
33539
33540
33541
33545
33549
33551
33553
33560
33562
33563
33574
33578
33579
33580
33585
33587
33588
33593
33598
33599
33600
33601
33606
33612
33617
33621
33624
33627
33636
33643
33644
33645
33646
33647
33648
33654
33656
33660
33661
33663
33666
33669
33673
33675
33678
33683
33684
33691
33692
33695
33696
33706
33712
33715
33717
33722
33724
33726
33727
33728
33729
33730
33733
33735
33738
33742
33744
33752
33754
33759
33760
33769
33772
33778
33781
33782
33783
33784
33785
33790
33793
33799
33804
33809
33812
33823
33824
33826
33831
33832
33833
33840
33841
33847
33851
33854
33856
33861
33865
33868
33869
33871
33874
33886
33890
33893
33899
33903
33907
33909
33913
33914
33918
33921
33925
33927
33930
33931
33932
33938
33940
33952
33957
33959
33963
33967
33968
33969
33973
33978
33980
33991
33992
33999
34004
34007
34012
34015
34018
34021
34022
34023
34026
34028
34034
34039
34041
34043
34047
34048
34056
34064
34065
34069
34073
34077
34082
34084
34088
34091
34096
34107
34114
34115
34116
34120
34122
34125
34127
34128
34132
34133
34134
34136
34137
34139
34143
34147
34149
34150
34153
34155
34159
34165
34166
34168
34170
34174
34177
34179
34184
34187
34188
34191
34193
34195
34211
34212
34213
34214
34218
34221
34224
34227
34228
34232
34240
34242
34243
34244
34250
34257
34258
34259
34262
34271
34274
34277
34282
34284
34286
34293
34297
34305
34306
34310
34314
34322
34323
34335
34340
34341
34349
34350
34362
34365
34366
34367
34383
34387
34395
34398
34403
34415
34418
34421
34424
34425
34427
34430
34433
34436
34440
34442
34448
34455
34462
34464
34474
34479
34486
34495
34500
34503
34506
34507
34512
34513
34514
34522
34524
34530
34531
34539
34556
34559
34563
34567
34569
34572
34574
34575
34579
34581
34582
34585
34586
34587
34588
34590
34591
34595
34596
34597
34598
34599
34617
34619
34625
34626
34627
34631
34632
34634
34642
34649
34652
34653
34655
34659
34668
34669
34670
34674
34682
34695
34696
34701
34706
34712
34714
34716
34719
34722
34730
34731
34733
34737
34738
34742
34746
34747
34750
34751
34755
34757
34758
34761
34763
34766
34768
34771
34779
34786
34790
34792
34796
34799
34805
34814
34820
34821
34825
34834
34845
34847
34848
34849
34853
34862
34866
34868
34869
34873
34879
34884
34890
34894
34895
34898
34901
34903
34904
34907
34911
34920
34921
34923
34928
34932
34933
34934
34941
34944
34945
34946
34959
34962
34963
34967
34976
34977
34980
34993
34997
34998
34999
35001
35005
35012
35014
35016
35019
35021
35022
35024
35029
35030
35034
35036
35040
35041
35044
35051
35055
35057
35058
35065
35067
35068
35074
35075
35077
35079
35081
35083
35084
35085
35087
35095
35100
35106
35108
35109
35115
35122
35123
35124
35125
35133
35135
35140
35141
35147
35149
35150
35159
35163
35164
35171
35174
35187
35189
35192
35197
35199
35203
35205
35207
35209
35211
35212
35216
35217
35218
35221
35222
35223
35226
35229
35231
35232
35237
35247
35248
35249
35253
35265
35266
35271
35272
35274
35275
35278
35291
35292
35295
35296
35298
35312
35321
35324
35329
35332
35333
35335
35337
35355
35359
35364
35366
35369
35371
35372
35379
35380
35381
35384
35387
35393
35395
35396
35401
35405
35406
35407
35420
35427
35429
35433
35434
35441
35445
35446
35450
35454
35460
35465
35467
35468
35476
35477
35481
35484
35485
35488
35489
35490
35491
35492
35493
35494
35500
35502
35510
35514
35515
35517
35522
35527
35530
35534
35540
35542
35552
35560
35561
35565
35569
35572
35579
35584
35592
35595
35598
35604
35605
35607
35614
35615
35616
35624
35627
35633
35635
35637
35638
35639
35646
35651
35652
35656
35664
35666
35667
35670
35673
35676
35678
35698
35701
35702
35704
35711
35712
35713
35714
35719
35734
35761
35762
35763
35770
35772
35773
35775
35778
35781
35782
35789
35792
35793
35799
35800
35801
35802
35803
35804
35808
35810
35813
35815
35819
35820
35827
35833
35835
35837
35845
35851
35854
35856
35857
35858
35862
35864
35866
35870
35872
35876
35878
35880
35883
35884
35887
35889
35890
35903
35904
35906
35907
35908
35912
35913
35918
35924
35928
35931
35932
35933
35934
35935
35940
35948
35952
35958
35959
35960
35962
35963
35966
35969
35973
35978
35979
35982
35983
35984
35994
35996
36006
36010
36013
36015
36016
36018
36023
36027
36037
36040
36049
36051
36055
36056
36062
36073
36074
36078
36081
36083
36087
36089
36091
36099
36107
36110
36112
36119
36125
36127
36129
36130
36132
36134
36136
36138
36140
36151
36153
36159
36162
36171
36174
36178
36181
36183
36184
36186
36190
36200
36202
36204
36205
36207
36213
36219
36222
36223
36224
36226
36234
36237
36240
36245
36247
36250
36253
36266
36270
36271
36282
36283
36286
36287
36298
36303
36308
36309
36315
36317
36319
36322
36323
36329
36330
36334
36336
36340
36342
36343
36347
36356
36361
36364
36368
36369
36370
36376
36386
36389
36390
36392
36394
36395
36396
36400
36402
36406
36407
36408
36411
36412
36414
36415
36416
36419
36420
36424
36428
36433
36440
36442
36443
36445
36451
36453
36455
36458
36459
36460
36467
36472
36474
36477
36491
36494
36497
36505
36515
36517
36518
36519
36525
36540
36559
36560
36568
36570
36571
36573
36583
36589
36590
36594
36596
36597
36603
36608
36609
36610
36626
36634
36637
36643
36649
36660
36665
36668
36669
36673
36677
36683
36684
36685
36690
36692
36694
36699
36703
36707
36709
36710
36711
36718
36720
36722
36724
36726
36733
36735
36743
36744
36745
36746
36747
36762
36763
36764
36779
36782
36785
36792
36802
36804
36806
36807
36809
36813
36814
36818
36820
36823
36827
36829
36839
36840
36850
36851
36852
36854
36855
36862
36870
36871
36885
36891
36893
36894
36896
36900
36909
36910
36911
36915
36919
36923
36925
36926
36931
36938
36940
36944
36951
36956
36961
36964
36971
36976
36977
36979
36980
36983
36990
36995
36996
36998
37001
37007
37012
37014
37019
37021
37033
37037
37043
37048
37049
37052
37069
37070
37071
37074
37077
37084
37086
37087
37092
37095
37097
37098
37105
37106
37107
37114
37119
37121
37122
37126
37141
37148
37151
37153
37159
37161
37165
37171
37176
37179
37182
37184
37192
37202
37203
37208
37212
37216
37218
37221
37231
37236
37248
37251
37254
37260
37264
37267
37274
37275
37277
37278
37285
37289
37293
37294
37295
37297
37298
37300
37301
37302
37307
37314
37315
37323
37332
37335
37336
37343
37349
37351
37352
37353
37358
37359
37362
37363
37369
37373
37379
37380
37383
37384
37385
37397
37411
37413
37414
37420
37424
37426
37428
37436
37439
37440
37450
37454
37455
37458
37462
37463
37467
37471
37474
37476
37477
37482
37486
37488
37489
37495
37501
37505
37510
37528
37530
37533
37535
37537
37543
37549
37550
37555
37558
37565
37569
37574
37575
37580
37584
37593
37598
37602
37608
37611
37614
37622
37626
37628
37629
37636
37650
37652
37656
37658
37660
37666
37667
37677
37681
37698
37703
37708
37709
37710
37711
37717
37719
37720
37721
37726
37730
37735
37737
37739
37742
37744
37749
37750
37756
37757
37758
37760
37761
37762
37763
37764
37765
37766
37767
37768
37772
37777
37784
37789
37790
37791
37794
37795
37796
37804
37807
37808
37810
37811
37812
37813
37815
37820
37824
37826
37838
37839
37842
37845
37847
37856
37859
37862
37876
37882
37884
37885
37887
37892
37901
37911
37914
37915
37916
37917
37921
37926
37934
37937
37940
37941
37942
37952
37955
37957
37961
37968
37971
37977
37983
37986
37991
37996
38008
38009
38011
38027
38030
38031
38032
38033
38035
38041
38049
38051
38058
38061
38063
38064
38075
38076
38078
38082
38086
38091
38100
38105
38109
38121
38138
38143
38144
38151
38152
38157
38158
38162
38163
38166
38167
38169
38174
38187
38190
38199
38209
38211
38216
38217
38218
38227
38242
38244
38248
38252
38254
38255
38256
38258
38270
38271
38273
38274
38283
38286
38297
38300
38304
38309
38318
38323
38324
38328
38340
38344
38349
38354
38355
38367
38371
38372
38376
38378
38384
38387
38389
38392
38395
38397
38405
38406
38409
38410
38416
38442
38444
38458
38459
38461
38469
38473
38483
38488
38491
38492
38498
38500
38509
38515
38517
38519
38527
38541
38545
38546
38550
38551
38552
38555
38557
38560
38562
38568
38572
38579
38580
38581
38583
38588
38596
38597
38600
38604
38611
38615
38616
38620
38622
38625
38631
38635
38636
38638
38640
38641
38643
38646
38652
38653
38656
38658
38659
38662
38669
38670
38673
38676
38680
38681
38683
38693
38695
38698
38700
38704
38719
38725
38727
38728
38739
38755
38756
38761
38775
38776
38785
38788
38789
38791
38793
38794
38795
38797
38798
38801
38805
38807
38809
38810
38814
38816
38817
38821
38827
38833
38835
38842
38843
38846
38853
38855
38860
38865
38873
38874
38877
38883
38885
38893
38894
38897
38900
38901
38905
38907
38909
38918
38919
38924
38930
38938
38963
38964
38965
38971
38976
38979
38984
38988
38997
39003
39008
39019
39021
39024
39030
39032
39041
39045
39067
39069
39076
39077
39082
39085
39098
39101
39103
39104
39113
39117
39122
39125
39126
39139
39142
39143
39148
39157
39159
39161
39163
39164
39168
39178
39181
39190
39192
39193
39202
39204
39216
39231
39239
39242
39247
39250
39252
39259
39260
39267
39272
39274
39276
39279
39283
39287
39291
39292
39294
39298
39312
39314
39318
39319
39320
39321
39340
39342
39347
39349
39356
39365
39369
39372
39374
39380
39381
39384
39389
39396
39398
39401
39412
39417
39418
39421
39422
39429
39442
39444
39446
39451
39453
39454
39455
39458
39464
39465
39479
39482
39500
39509
39511
39512
39513
39520
39522
39534
39540
39541
39546
39548
39550
39561
39567
39572
39574
39576
39580
39585
39588
39589
39597
39599
39600
39604
39605
39611
39615
39621
39625
39630
39634
39635
39637
39638
39645
39646
39648
39652
39656
39663
39665
39670
39672
39678
39679
39686
39690
39691
39694
39697
39701
39702
39707
39708
39709
39712
39715
39716
39717
39724
39730
39731
39732
39735
39740
39746
39751
39761
39763
39764
39774
39778
39784
39785
39786
39787
39793
39796
39801
39803
39807
39811
39816
39818
39823
39825
39830
39833
39835
39837
39838
39839
39850
39852
39857
39866
39881
39882
39884
39901
39905
39906
39909
39915
39916
39919
39928
39936
39944
39946
39949
39954
39956
39958
39962
39966
39971
39979
39992
39994
40002
40006
40010
40023
40027
40030
40034
40036
40041
40053
40054
40055
40062
40065
40075
40076
40080
40082
40086
40088
40092
40096
40101
40108
40112
40118
40127
40130
40138
40157
40175
40180
40181
40188
40189
40190
40207
40212
40213
40253
40254
40256
40257
40258
40260
40266
40269
40279
40288
40289
40290
40291
40294
40295
40296
40307
40309
40310
40319
40339
40343
40345
40350
40351
40354
40355
40365
40366
40368
40369
40377
40378
40380
40388
40391
40395
40398
40406
40408
40411
40466
40472
40474
40477
40478
40484
40488
40491
40497
40511
40520
40528
40529
40534
40539
40543
40544
40546
40550
40557
40560
40561
40563
40571
40579
40593
40594
40596
40602
40604
40605
40606
40616
40618
40629
40633
40644
40645
40647
40648
40669
40676
40680
40697
40701
40702
40710
40716
40719
40727
40736
40740
40741
40749
40769
40775
40793
40800
40801
40807
40814
40816
40818
40820
40833
40839
40842
40845
40849
40851
40852
40855
40866
40868
40870
40874
40875
40876
40877
40880
40882
40883
40884
40885
40886
40889
40890
40891
40893
40896
40902
40912
40918
40923
40926
40929
40930
40944
40945
40947
40955
40957
40961
40963
40966
40968
40975
40978
40989
41001
41008
41019
41020
41022
41029
41032
41033
41043
41047
41053
41055
41060
41061
41062
41063
41071
41077
41080
41081
41084
41088
41092
41093
41095
41096
41099
41101
41102
41104
41105
41107
41113
41114
41117
41119
41120
41124
41125
41126
41128
41130
41132
41136
41137
41139
41147
41148
41150
41152
41158
41160
41163
41167
41170
41184
41187
41192
41199
41202
41211
41217
41219
41225
41226
41229
41236
41248
41261
41263
41272
41281
41285
41286
41287
41289
41291
41294
41301
41307
41310
41314
41319
41328
41331
41334
41337
41340
41342
41350
41353
41359
41360
41366
41370
41371
41373
41374
41376
41378
41381
41383
41391
41401
41406
41407
41411
41415
41420
41423
41433
41440
41447
41449
41450
41451
41454
41460
41463
41478
41479
41480
41484
41485
41487
41488
41489
41494
41510
41540
41546
41560
41576
41590
41592
41593
41594
41595
41599
41603
41619
41633
41634
41637
41640
41641
41653
41654
41655
41656
41657
41658
41660
41661
41664
41668
41674
41676
41678
41679
41682
41686
41697
41700
41705
41709
41710
41715
41717
41720
41723
41724
41725
41726
41727
41729
41731
41735
41742
41750
41765
41766
41768
41772
41775
41776
41780
41784
41789
41796
41806
41810
41811
41817
41818
41827
41829
41831
41839
41843
41849
41858
41861
41863
41864
41866
41870
41871
41872
41888
41889
41892
41893
41895
41897
41898
41907
41914
41915
41918
41922
41923
41930
41931
41941
41942
41943
41944
41945
41946
41949
41951
41952
41954
41959
41964
41967
41973
41975
41981
41983
41987
41988
41989
41990
41992
41995
41996
42003
42004
42007
42010
42011
42017
42021
42023
42024
42026
42028
42032
42038
42040
42050
42053
42056
42059
42063
42064
42066
42075
42079
42081
42086
42087
42089
42091
42094
42096
42100
42102
42103
42104
42106
42107
42108
42120
42122
42124
42126
42128
42129
42131
42134
42138
42140
42143
42151
42155
42156
42158
42159
42166
42167
42168
42176
42179
42180
42184
42186
42196
42205
42206
42211
42214
42215
42216
42222
42223
42231
42233
42234
42238
42241
42243
42244
42250
42251
42254
42256
42262
42268
42273
42274
42279
42281
42284
42295
42296
42299
42300
42310
42311
42318
42319
42326
42335
42342
42346
42350
42354
42359
42361
42362
42364
42365
42376
42380
42382
42388
42389
42390
42393
42398
42408
42412
42416
42426
42427
42428
42430
42431
42446
42450
42453
42454
42460
42467
42473
42475
42478
42484
42486
42493
42501
42502
42503
42505
42507
42508
42512
42513
42514
42515
42518
42519
42521
42522
42523
42528
42534
42537
42539
42544
42550
42554
42562
42563
42564
42565
42571
42576
42580
42585
42592
42594
42597
42607
42611
42618
42637
42639
42643
42661
42664
42667
42670
42678
42679
42680
42682
42684
42687
42694
42697
42698
42706
42708
42712
42715
42719
42722
42737
42741
42748
42750
42753
42756
42761
42765
42771
42773
42779
42783
42784
42785
42787
42788
42791
42794
42796
42798
42799
42804
42805
42806
42808
42812
42816
42817
42819
42823
42831
42834
42835
42838
42842
42845
42852
42860
42861
42864
42865
42871
42876
42880
42886
42887
42890
42892
42894
42895
42896
42899
42902
42904
42925
42928
42930
42931
42932
42935
42943
42946
42953
42954
42955
42959
42963
42970
42973
42975
42977
42991
42995
42998
43000
43001
43002
43012
43016
43019
43026
43029
43035
43041
43046
43053
43055
43065
43067
43075
43077
43081
43082
43095
43104
43111
43112
43116
43117
43121
43122
43123
43127
43128
43140
43143
43149
43151
43154
43156
43158
43159
43160
43164
43177
43178
43179
43180
43181
43184
43189
43194
43195
43197
43198
43202
43203
43206
43211
43212
43216
43218
43223
43225
43231
43232
43242
43244
43248
43258
43259
43264
43269
43270
43274
43276
43282
43283
43284
43286
43288
43291
43293
43296
43297
43305
43311
43312
43314
43316
43319
43320
43321
43322
43325
43326
43330
43334
43341
43343
43346
43350
43354
43355
43359
43362
43365
43370
43377
43382
43383
43391
43397
43401
43403
43404
43410
43411
43415
43417
43419
43424
43425
43426
43434
43445
43447
43449
43450
43453
43454
43459
43461
43462
43463
43469
43472
43473
43477
43481
43482
43487
43491
43497
43499
43504
43506
43509
43511
43513
43519
43522
43525
43526
43531
43534
43544
43545
43555
43562
43563
43566
43568
43573
43574
43576
43579
43584
43587
43592
43600
43606
43607
43611
43615
43616
43618
43623
43624
43628
43631
43635
43639
43643
43644
43645
43648
43651
43652
43654
43668
43674
43679
43683
43684
43692
43695
43700
43701
43703
43704
43705
43711
43713
43714
43715
43716
43717
43718
43719
43720
43721
43725
43726
43729
43734
43744
43745
43748
43749
43751
43753
43757
43763
43772
43774
43775
43778
43780
43781
43784
43786
43792
43798
43800
43803
43806
43824
43826
43831
43833
43836
43838
43840
43846
43850
43855
43859
43862
43864
43875
43878
43880
43882
43887
43897
43898
43899
43902
43908
43910
43911
43912
43913
43914
43916
43917
43918
43919
43923
43926
43928
43931
43932
43936
43940
43942
43943
43945
43956
43958
43961
43965
43968
43969
43971
43979
43983
43985
43989
44001
44002
44005
44007
44010
44018
44019
44024
44025
44026
44028
44038
44039
44046
44053
44056
44059
44061
44063
44075
44076
44077
44081
44084
44086
44089
44094
44096
44100
44102
44111
44113
44114
44118
44119
44120
44121
44127
44129
44133
44139
44143
44147
44151
44152
44157
44161
44168
44173
44179
44181
44183
44184
44190
44191
44194
44199
44200
44206
44209
44210
44214
44216
44221
44224
44231
44238
44241
44249
44251
44252
44254
44263
44264
44266
44269
44272
44282
44286
44290
44295
44296
44299
44302
44306
44310
44315
44316
44320
44321
44322
44324
44327
44328
44329
44332
44333
44340
44350
44352
44357
44359
44363
44370
44374
44378
44379
44382
44383
44388
44392
44395
44396
44398
44399
44402
44403
44405
44406
44410
44411
44420
44422
44425
44431
44432
44442
44451
44460
44461
44466
44470
44471
44473
44476
44480
44481
44484
44488
44491
44495
44500
44501
44502
44503
44506
44512
44525
44532
44536
44537
44551
44552
44553
44557
44563
44564
44565
44568
44570
44574
44577
44580
44592
44593
44595
44597
44598
44609
44614
44615
44624
44628
44629
44630
44631
44632
44635
44639
44642
44643
44646
44649
44651
44653
44655
44656
44658
44660
44661
44668
44669
44670
44674
44677
44684
44691
44692
44694
44695
44697
44698
44701
44707
44709
44711
44712
44713
44714
44716
44717
44719
44720
44721
44722
44723
44724
44727
44730
44731
44736
44740
44742
44744
44746
44747
44753
44755
44758
44765
44770
44772
44773
44774
44777
44784
44786
44789
44792
44793
44796
44801
44803
44808
44809
44811
44813
44817
44819
44823
44828
44830
44831
44835
44837
44838
44840
44851
44855
44856
44860
44861
44862
44867
44869
44874
44880
44881
44883
44885
44886
44888
44889
44890
44892
44894
44898
44901
44904
44908
44912
44914
44926
44931
44936
44947
44948
44949
44955
44962
44963
44964
44965
44973
44976
44978
44983
44988
44989
44991
44993
44998
45011
45014
45020
45023
45029
45032
45034
45038
45039
45042
45043
45048
45065
45069
45073
45083
45084
45089
45095
45096
45119
45124
45138
45140
45144
45146
45150
45151
45154
45155
45156
45171
45173
45175
45180
45182
45183
45184
45187
45193
45196
45200
45208
45209
45217
45218
45223
45227
45235
45240
45242
45244
45246
45252
45258
45259
45264
45267
45268
45270
45271
45272
45276
45285
45289
45290
45299
45301
45302
45306
45308
45314
45320
45325
45332
45333
45337
45343
45345
45351
45353
45357
45361
45363
45364
45373
45379
45380
45382
45386
45387
45388
45392
45395
45402
45403
45405
45410
45412
45413
45416
45418
45419
45420
45427
45432
45435
45440
45441
45442
45457
45470
45472
45481
45485
45486
45488
45491
45492
45494
45496
45499
45502
45505
45511
45521
45540
45542
45551
45552
45554
45559
45563
45568
45573
45576
45578
45580
45581
45585
45587
45588
45600
45603
45606
45620
45621
45623
45624
45629
45631
45632
45633
45636
45638
45640
45643
45650
45651
45657
45667
45671
45673
45682
45693
45706
45707
45710
45716
45719
45732
45737
45745
45748
45758
45766
45769
45771
45772
45777
45783
45791
45795
45798
45812
45817
45827
45833
45838
45846
45849
45850
45851
45855
45861
45874
45876
45879
45887
45889
45890
45899
45900
45902
45903
45910
45914
45920
45927
45928
45934
45939
45941
45944
45945
45946
45949
45956
45965
45967
45968
45991
45997
46008
46011
46012
46013
46014
46026
46028
46032
46038
46044
46052
46061
46064
46070
46076
46077
46083
46088
46092
46094
46096
46097
46099
46100
46102
46104
46105
46107
46110
46122
46136
46146
46158
46163
46165
46166
46170
46171
46173
46174
46181
46184
46187
46188
46203
46216
46221
46222
46223
46224
46233
46239
46240
46244
46247
46249
46250
46251
46263
46267
46277
46279
46280
46283
46285
46286
46288
46299
46306
46307
46309
46310
46313
46314
46319
46320
46321
46331
46338
46344
46346
46347
46348
46358
46360
46364
46366
46371
46389
46399
46406
46407
46408
46417
46418
46422
46425
46426
46427
46429
46432
46434
46437
46439
46440
46444
46456
46463
46464
46468
46472
46473
46480
46494
46497
46498
46506
46517
46518
46528
46532
46535
46540
46542
46546
46548
46552
46560
46561
46563
46564
46565
46569
46570
46574
46579
46580
46585
46596
46601
46606
46608
46609
46613
46615
46616
46631
46636
46647
46650
46653
46662
46664
46678
46686
46692
46693
46696
46702
46704
46705
46711
46716
46717
46723
46725
46726
46731
46732
46733
46736
46737
46741
46742
46745
46746
46753
46754
46757
46759
46768
46769
46771
46781
46782
46785
46786
46788
46789
46790
46794
46797
46802
46808
46814
46816
46819
46822
46823
46826
46829
46832
46836
46838
46839
46843
46844
46846
46847
46856
46862
46867
46869
46875
46883
46884
46885
46894
46899
46903
46906
46909
46910
46911
46914
46915
46930
46931
46938
46939
46941
46944
46947
46950
46951
46952
46954
46959
46964
46965
46966
46971
46978
46982
46985
46987
46998
47000
47002
47013
47014
47016
47023
47026
47032
47033
47040
47041
47044
47047
47052
47053
47056
47057
47058
47061
47062
47066
47072
47074
47075
47076
47078
47081
47082
47084
47088
47093
47094
47096
47098
47099
47100
47105
47108
47112
47115
47117
47120
47124
47127
47128
47129
47131
47136
47141
47142
47144
47145
47150
47151
47154
47166
47169
47170
47171
47172
47173
47175
47177
47182
47183
47185
47188
47189
47197
47198
47200
47203
47204
47205
47207
47209
47210
47214
47215
47217
47219
47225
47226
47227
47228
47230
47231
47232
47235
47239
47242
47243
47248
47251
47252
47258
47259
47260
47266
47277
47281
47286
47290
47300
47302
47303
47304
47307
47311
47312
47313
47315
47316
47317
47319
47321
47325
47331
47336
47339
47340
47345
47347
47349
47358
47362
47363
47368
47371
47376
47377
47385
47386
47389
47391
47393
47404
47409
47417
47418
47419
47422
47424
47428
47431
47446
47448
47450
47459
47461
47463
47467
47469
47473
47475
47481
47483
47485
47495
47500
47501
47504
47510
47525
47529
47537
47538
47541
47543
47548
47554
47556
47557
47563
47564
47565
47570
47582
47585
47588
47597
47602
47605
47607
47609
47611
47617
47623
47634
47642
47651
47652
47657
47658
47660
47661
47668
47670
47673
47674
47676
47686
47687
47689
47694
47701
47702
47709
47710
47711
47722
47723
47727
47728
47732
47737
47740
47744
47748
47749
47765
47775
47777
47780
47784
47789
47802
47803
47804
47806
47817
47819
47827
47831
47833
47835
47836
47839
47841
47843
47848
47849
47851
47858
47863
47866
47867
47870
47877
47878
47885
47892
47893
47895
47899
47900
47903
47909
47931
47932
47933
47935
47955
47958
47961
47981
47987
47991
47992
47997
48000
48011
48014
48022
48023
48027
48030
48033
48035
48037
48039
48041
48042
48046
48047
48048
48050
48051
48054
48056
48058
48066
48067
48070
48071
48079
48085
48087
48091
48105
48106
48107
48111
48112
48120
48123
48124
48125
48128
48131
48136
48139
48140
48147
48148
48154
48156
48157
48166
48171
48178
48179
48184
48186
48187
48189
48195
48204
48206
48208
48209
48211
48215
48217
48218
48219
48221
48223
48227
48228
48230
48243
48244
48246
48247
48251
48254
48257
48260
48262
48264
48268
48273
48275
48282
48283
48284
48287
48288
48290
48293
48294
48299
48319
48322
48326
48333
48349
48352
48354
48357
48359
48360
48365
48368
48372
48376
48380
48382
48385
48389
48392
48400
48401
48410
48412
48413
48419
48422
48423
48429
48434
48445
48449
48453
48456
48457
48466
48472
48475
48476
48478
48485
48486
48492
48494
48497
48498
48501
48503
48505
48506
48537
48539
48544
48548
48551
48554
48565
48569
48578
48584
48587
48593
48594
48596
48602
48605
48609
48612
48614
48619
48624
48627
48628
48630
48634
48636
48639
48644
48646
48650
48660
48664
48665
48671
48673
48676
48678
48689
48692
48693
48694
48701
48707
48708
48711
48712
48713
48716
48724
48728
48745
48746
48747
48754
48758
48767
48772
48777
48790
48792
48799
48800
48806
48807
48808
48811
48815
48816
48818
48819
48822
48828
48835
48842
48843
48844
48846
48847
48863
48866
48869
48870
48872
48875
48888
48889
48891
48892
48918
48919
48920
48922
48926
48927
48930
48937
48942
48946
48958
48959
48960
48961
48962
48963
48966
48967
48971
48974
48976
48979
48988
48989
48990
48996
48998
48999
49003
49009
49010
49011
49014
49015
49017
49025
49029
49032
49033
49038
49042
49045
49046
49048
49049
49051
49052
49055
49056
49058
49059
49061
49064
49067
49070
49073
49076
49080
49087
49088
49089
49092
49093
49095
49100
49101
49102
49104
49106
49114
49116
49122
49126
49138
49139
49140
49146
49147
49156
49159
49160
49161
49162
49169
49172
49174
49180
49182
49186
49188
49195
49203
49205
49207
49213
49217
49218
49221
49222
49223
49224
49228
49230
49231
49233
49239
49242
49249
49254
49259
49261
49266
49267
49271
49276
49286
49288
49291
49295
49297
49302
49305
49308
49310
49313
49318
49320
49322
49323
49328
49334
49338
49339
49340
49341
49342
49343
49348
49356
49360
49364
49365
49367
49369
49372
49378
49381
49384
49392
49395
49398
49407
49411
49415
49416
49420
49421
49423
49425
49429
49430
49441
49444
49449
49450
49455
49458
49459
49460
49461
49463
49464
49465
49466
49467
49474
49475
49476
49478
49479
49481
49489
49490
49496
49503
49505
49509
49512
49519
49525
49529
49530
49539
49541
49542
49554
49556
49560
49563
49565
49566
49570
49575
49578
49580
49583
49594
49598
49602
49603
49607
49609
49611
49617
49620
49625
49630
49631
49634
49635
49637
49639
49643
49650
49653
49655
49663
49667
49672
49675
49676
49681
49685
49690
49694
49697
49703
49704
49707
49709
49710
49723
49724
49727
49730
49739
49744
49745
49749
49757
49759
49766
49771
49773
49778
49783
49786
49795
49797
49801
49803
49805
49809
49812
49813
49815
49817
49821
49825
49828
49830
49831
49838
49839
49841
49842
49845
49849
49852
49859
49860
49861
49865
49866
49868
49875
49877
49878
49885
49887
49890
49893
49894
49898
49899
49900
49908
49909
49913
49916
49926
49930
49931
49942
49944
49945
49946
49948
49953
49954
49955
49959
49960
49961
49963
49968
49969
49972
49976
49979
49988
49989
49993
49994
49998
49999
50000
50002
50004
50007
50014
50021
50024
50025
50029
50032
50039
50042
50044
50057
50058
50061
50064
50067
50069
50071
50072
50076
50083
50085
50092
50093
50098
50105
50109
50110
50115
50120
50123
50124
50130
50133
50147
50152
50153
50155
50156
50167
50168
50169
50170
50171
50175
50177
50178
50182
50185
50188
50189
50196
50200
50202
50204
50211
50216
50218
50222
50223
50224
50226
50228
50229
50230
50232
50233
50237
50245
50248
50249
50252
50262
50271
50272
50278
50280
50285
50288
50289
50296
50302
50308
50316
50322
50323
50326
50329
50330
50337
50339
50341
50350
50352
50354
50355
50357
50362
50364
50365
50368
50375
50376
50377
50380
50381
50386
50391
50392
50401
50402
50403
50407
50408
50411
50413
50414
50423
50426
50433
50437
50439
50442
50454
50455
50457
50460
50462
50463
50465
50466
50473
50475
50485
50493
50494
50495
50496
50499
50503
50507
50509
50510
50511
50516
50520
50537
50543
50545
50547
50548
50563
50565
50578
50579
50582
50583
50584
50590
50592
50594
50598
50600
50603
50605
50630
50642
50644
50645
50647
50650
50657
50659
50664
50668
50669
50675
50681
50685
50688
50689
50697
50701
50702
50705
50707
50709
50717
50718
50723
50728
50730
50733
50734
50739
50744
50746
50749
50751
50754
50757
50783
50784
50790
50798
50799
50800
50801
50805
50807
50814
50817
50822
50824
50826
50839
50840
50842
50843
50844
50847
50848
50849
50851
50858
50859
50866
50868
50871
50872
50874
50878
50879
50882
50886
50889
50890
50894
50895
50904
50906
50913
50919
50924
50929
50932
50935
50937
50939
50942
50946
50948
50951
50953
50954
50958
50962
50963
50966
50969
50970
50978
50983
50984
50986
50993
50998
50999
51007
51008
51014
51018
51020
51022
51023
51024
51030
51032
51033
51036
51040
51042
51043
51046
51050
51052
51053
51056
51057
51059
51064
51080
51084
51087
51100
51102
51106
51112
51122
51123
51124
51125
51142
51150
51153
51156
51158
51165
51166
51169
51170
51172
51173
51189
51194
51197
51200
51203
51204
51209
51210
51216
51218
51221
51224
51227
51228
51231
51235
51238
51244
51245
51248
51249
51250
51251
51261
51266
51267
51268
51270
51274
51277
51284
51285
51289
51290
51292
51297
51298
51301
51303
51305
51309
51312
51315
51317
51330
51332
51334
51335
51341
51342
51352
51355
51361
51363
51364
51369
51371
51372
51375
51383
51386
51388
51394
51396
51398
51403
51404
51407
51414
51418
51419
51423
51432
51437
51438
51445
51446
51454
51470
51476
51480
51483
51488
51489
51490
51491
51497
51498
51502
51503
51504
51505
51506
51508
51509
51519
51523
51526
51531
51533
51534
51545
51547
51549
51551
51554
51557
51559
51560
51563
51566
51568
51571
51573
51574
51575
51590
51592
51593
51594
51595
51596
51598
51599
51605
51615
51619
51625
51630
51631
51633
51635
51643
51645
51646
51651
51655
51656
51657
51659
51660
51661
51668
51670
51675
51680
51682
51683
51694
51695
51706
51709
51711
51713
51714
51719
51721
51726
51730
51736
51738
51743
51745
51747
51759
51761
51768
51783
51785
51791
51795
51800
51802
51807
51808
51809
51813
51814
51817
51821
51825
51826
51838
51842
51843
51849
51855
51861
51862
51863
51866
51869
51874
51876
51880
51883
51889
51892
51893
51895
51900
51901
51902
51910
51913
51914
51918
51920
51921
51931
51933
51941
51943
51947
51948
51949
51951
51952
51957
51961
51963
51965
51966
51971
51976
51978
51987
51990
51996
51998
51999
52001
52004
52008
52009
52011
52012
52019
52021
52024
52025
52026
52027
52028
52043
52049
52064
52065
52069
52071
52072
52074
52076
52077
52078
52079
52080
52082
52083
52087
52092
52097
52100
52101
52102
52103
52108
52110
52114
52116
52117
52121
52125
52127
52130
52135
52137
52140
52142
52144
52147
52149
52150
52156
52158
52159
52161
52164
52166
52169
52170
52173
52175
52183
52187
52192
52193
52195
52199
52201
52202
52210
52214
52217
52219
52220
52222
52230
52231
52232
52238
52243
52248
52249
52257
52261
52262
52263
52274
52275
52281
52282
52284
52286
52289
52290
52297
52298
52299
52300
52302
52305
52312
52313
52315
52316
52318
52322
52324
52327
52330
52333
52336
52339
52340
52341
52342
52345
52346
52347
52348
52354
52355
52359
52362
52367
52368
52369
52370
52371
52375
52376
52383
52389
52391
52392
52394
52399
52402
52406
52409
52415
52419
52425
52433
52435
52448
52449
52452
52453
52462
52464
52471
52472
52474
52475
52476
52478
52481
52482
52489
52493
52494
52498
52499
52500
52502
52505
52506
52512
52518
52522
52525
52536
52539
52540
52541
52542
52546
52550
52551
52553
52560
52564
52567
52572
52575
52578
52579
52580
52592
52593
52595
52599
52600
52601
52602
52613
52615
52616
52625
52634
52636
52639
52641
52644
52648
52650
52651
52654
52656
52662
52669
52677
52679
52680
52681
52684
52685
52688
52693
52694
52701
52702
52708
52710
52716
52718
52721
52723
52724
52727
52728
52731
52735
52736
52743
52744
52751
52752
52753
52759
52761
52762
52764
52765
52771
52774
52775
52776
52777
52782
52784
52791
52799
52803
52806
52811
52817
52818
52822
52823
52829
52831
52833
52834
52835
52836
52838
52840
52841
52842
52843
52844
52845
52847
52848
52851
52852
52855
52858
52859
52863
52864
52873
52878
52879
52881
52882
52886
52890
52894
52898
52902
52906
52919
52920
52932
52935
52937
52938
52941
52942
52947
52956
52970
52978
52979
52985
52986
52988
52990
52991
52993
52996
53001
53002
53004
53005
53008
53010
53017
53018
53019
53026
53031
53034
53037
53041
53051
53053
53054
53055
53057
53058
53061
53066
53069
53070
53071
53079
53081
53085
53086
53090
53091
53094
53096
53099
53102
53104
53105
53107
53113
53114
53115
53116
53120
53125
53126
53131
53132
53136
53140
53141
53143
53145
53149
53160
53164
53165
53167
53168
53175
53179
53180
53182
53184
53189
53198
53200
53202
53205
53206
53207
53211
53218
53220
53221
53223
53224
53231
53235
53240
53243
53244
53245
53249
53250
53254
53255
53259
53263
53264
53273
53283
53286
53290
53292
53298
53301
53302
53308
53315
53325
53331
53337
53344
53346
53352
53361
53366
53373
53379
53381
53385
53387
53391
53400
53407
53409
53414
53415
53426
53428
53432
53434
53435
53436
53440
53441
53446
53452
53454
53457
53459
53460
53461
53463
53464
53466
53469
53470
53475
53478
53486
53489
53493
53495
53497
53502
53505
53507
53511
53512
53517
53521
53522
53523
53528
53531
53540
53541
53544
53553
53554
53564
53571
53575
53580
53582
53583
53584
53585
53586
53590
53593
53596
53599
53603
53607
53611
53615
53616
53618
53621
53622
53623
53626
53627
53629
53631
53637
53641
53645
53646
53650
53651
53654
53655
53659
53661
53664
53671
53673
53686
53693
53700
53709
53713
53714
53716
53717
53723
53726
53732
53740
53741
53742
53745
53746
53748
53750
53751
53752
53754
53756
53758
53759
53761
53762
53764
53776
53780
53787
53788
53791
53792
53794
53797
53800
53801
53804
53810
53830
53838
53843
53853
53857
53860
53861
53867
53871
53873
53878
53884
53888
53890
53892
53896
53897
53899
53900
53901
53903
53904
53906
53908
53914
53917
53919
53922
53929
53936
53938
53941
53942
53943
53948
53951
53952
53955
53956
53960
53961
53967
53968
53973
53976
53978
53991
54000
54002
54004
54010
54011
54012
54017
54018
54026
54033
54041
54043
54050
54056
54059
54062
54064
54066
54071
54076
54089
54094
54099
54100
54113
54116
54118
54126
54133
54134
54135
54141
54145
54146
54149
54150
54153
54159
54160
54161
54166
54169
54172
54178
54179
54185
54188
54193
54196
54205
54208
54215
54216
54217
54218
54219
54223
54235
54237
54241
54243
54244
54248
54255
54257
54259
54263
54266
54268
54274
54289
54294
54305
54306
54312
54313
54325
54326
54333
54334
54336
54337
54338
54344
54346
54347
54348
54350
54351
54353
54354
54361
54365
54367
54368
54371
54373
54377
54385
54386
54390
54399
54400
54408
54413
54414
54416
54423
54424
54428
54429
54431
54437
54441
54450
54452
54453
54454
54459
54460
54465
54468
54470
54477
54478
54482
54488
54489
54495
54498
54503
54506
54509
54511
54514
54520
54525
54526
54529
54531
54539
54542
54543
54554
54556
54565
54572
54580
54586
54591
54593
54598
54599
54601
54604
54605
54609
54615
54626
54629
54631
54633
54640
54644
54650
54652
54653
54658
54662
54663
54669
54671
54675
54678
54680
54684
54689
54690
54692
54693
54694
54695
54704
54706
54707
54708
54710
54712
54713
54714
54715
54717
54718
54721
54722
54723
54727
54730
54732
54741
54748
54749
54750
54756
54763
54764
54775
54783
54785
54789
54796
54798
54802
54804
54805
54807
54817
54819
54821
54822
54823
54825
54835
54838
54842
54846
54848
54849
54855
54857
54867
54872
54878
54879
54885
54889
54890
54892
54895
54898
54900
54904
54907
54908
54915
54917
54919
54925
54928
54931
54936
54938
54940
54942
54944
54945
54951
54956
54957
54959
54960
54966
54971
54976
54977
54978
54982
54986
54987
54989
54992
54994
54995
55001
55005
55007
55008
55010
55016
55019
55020
55021
55024
55040
55046
55048
55050
55061
55064
55068
55075
55077
55084
55085
55092
55100
55102
55107
55114
55116
55122
55129
55131
55139
55141
55142
55144
55148
55152
55157
55166
55168
55169
55174
55175
55176
55181
55184
55185
55186
55191
55192
55194
55206
55213
55230
55231
55234
55236
55237
55247
55252
55254
55255
55256
55269
55276
55277
55279
55283
55286
55287
55288
55292
55295
55302
55304
55306
55316
55317
55319
55329
55331
55332
55334
55335
55337
55340
55349
55351
55353
55359
55364
55367
55368
55370
55371
55374
55375
55379
55381
55383
55385
55392
55398
55408
55413
55419
55420
55425
55430
55435
55436
55442
55450
55453
55460
55464
55467
55480
55481
55490
55491
55493
55495
55496
55498
55504
55507
55511
55512
55518
55519
55523
55527
55535
55536
55539
55542
55548
55555
55556
55559
55560
55563
55566
55570
55571
55583
55586
55587
55592
55593
55597
55603
55606
55610
55615
55623
55629
55632
55637
55642
55646
55652
55659
55661
55662
55663
55668
55674
55677
55678
55679
55683
55686
55688
55698
55703
55705
55706
55707
55718
55722
55733
55738
55742
55744
55746
55754
55759
55775
55777
55788
55799
55806
55813
55814
55817
55820
55824
55826
55830
55835
55838
55841
55842
55844
55848
55851
55853
55855
55860
55868
55873
55885
55888
55895
55900
55901
55915
55918
55922
55930
55933
55934
55942
55947
55951
55954
55965
55971
55973
55974
55976
55977
55979
55980
55995
55996
55997
56004
56010
56012
56013
56015
56016
56019
56020
56021
56022
56028
56041
56045
56046
56048
56056
56057
56058
56063
56064
56066
56067
56084
56085
56086
56090
56091
56092
56097
56098
56101
56102
56108
56112
56121
56130
56132
56145
56150
56151
56154
56155
56156
56158
56165
56167
56169
56171
56173
56174
56175
56182
56184
56187
56190
56191
56194
56199
56203
56207
56211
56213
56221
56226
56228
56230
56235
56237
56239
56248
56251
56252
56255
56265
56267
56268
56269
56270
56273
56280
56282
56285
56298
56300
56305
56310
56316
56318
56322
56324
56335
56343
56345
56352
56356
56364
56365
56367
56373
56378
56381
56382
56389
56391
56392
56393
56394
56401
56410
56412
56413
56416
56417
56418
56425
56429
56434
56436
56446
56447
56448
56452
56456
56458
56459
56465
56466
56467
56468
56470
56471
56474
56479
56483
56484
56488
56492
56497
56504
56505
56507
56510
56511
56513
56515
56524
56529
56534
56540
56544
56545
56547
56550
56554
56555
56562
56564
56565
56570
56575
56578
56585
56587
56588
56589
56593
56603
56609
56615
56618
56622
56625
56627
56633
56634
56639
56643
56646
56650
56658
56659
56660
56661
56662
56663
56664
56666
56670
56673
56676
56685
56686
56691
56696
56702
56704
56705
56706
56707
56716
56720
56726
56727
56730
56733
56735
56736
56741
56742
56746
56747
56748
56755
56757
56759
56762
56763
56764
56767
56777
56782
56784
56785
56790
56792
56793
56794
56795
56796
56797
56798
56806
56807
56808
56809
56810
56812
56814
56816
56820
56826
56827
56832
56834
56837
56840
56841
56846
56856
56867
56868
56872
56873
56874
56876
56882
56886
56892
56893
56895
56899
56902
56908
56910
56912
56913
56917
56920
56921
56923
56928
56932
56937
56938
56947
56948
56954
56957
56958
56962
56963
56968
56973
56985
56988
56991
56998
57000
57005
57010
57024
57025
57035
57037
57039
57048
57054
57057
57066
57070
57075
57076
57094
57095
57100
57116
57124
57128
57134
57138
57148
57149
57150
57152
57153
57157
57160
57164
57168
57170
57177
57178
57181
57193
57195
57200
57211
57222
57225
57227
57229
57230
57233
57239
57244
57245
57247
57254
57262
57266
57267
57274
57275
57277
57283
57287
57294
57297
57299
57303
57308
57309
57311
57312
57313
57325
57326
57331
57332
57345
57350
57352
57358
57359
57364
57367
57372
57373
57380
57382
57383
57384
57385
57386
57397
57403
57406
57407
57408
57411
57414
57415
57422
57423
57431
57432
57445
57452
57455
57456
57461
57466
57467
57469
57470
57471
57476
57483
57484
57485
57486
57487
57491
57493
57494
57496
57499
57512
57517
57518
57525
57526
57528
57529
57532
57533
57535
57541
57547
57554
57557
57558
57560
57563
57577
57579
57584
57585
57595
57596
57600
57603
57604
57606
57608
57610
57614
57615
57616
57623
57626
57629
57646
57649
57650
57655
57660
57664
57666
57669
57671
57673
57685
57705
57708
57711
57720
57730
57736
57750
57752
57755
57756
57760
57762
57763
57772
57777
57779
57788
57790
57791
57793
57794
57795
57801
57803
57804
57808
57812
57814
57819
57820
57825
57828
57829
57831
57832
57836
57839
57841
57842
57843
57846
57849
57852
57853
57855
57860
57862
57874
57875
57876
57879
57887
57891
57895
57896
57897
57899
57903
57904
57907
57909
57928
57932
57934
57936
57941
57942
57946
57959
57961
57968
57972
57977
57986
57988
57989
57991
57996
58003
58004
58005
58007
58009
58012
58014
58015
58017
58018
58020
58021
58026
58036
58040
58043
58052
58054
58060
58062
58064
58068
58069
58074
58076
58077
58090
58091
58092
58093
58095
58096
58101
58102
58103
58106
58113
58117
58123
58129
58133
58138
58148
58149
58154
58157
58159
58166
58173
58174
58186
58188
58191
58194
58195
58198
58204
58205
58206
58212
58214
58215
58222
58224
58229
58236
58241
58258
58264
58265
58266
58268
58271
58275
58277
58278
58279
58291
58293
58303
58311
58312
58318
58321
58322
58331
58341
58343
58347
58352
58353
58355
58356
58357
58360
58363
58365
58367
58382
58385
58389
58390
58394
58395
58397
58399
58401
58403
58407
58413
58414
58416
58420
58423
58425
58428
58440
58444
58446
58449
58453
58454
58455
58457
58461
58465
58467
58470
58471
58473
58474
58476
58478
58482
58488
58493
58494
58495
58499
58505
58512
58520
58523
58527
58528
58531
58538
58545
58552
58559
58562
58566
58576
58581
58582
58586
58595
58600
58602
58605
58606
58608
58609
58617
58621
58623
58630
58631
58632
58634
58642
58646
58647
58648
58652
58656
58660
58662
58672
58677
58678
58680
58687
58688
58690
58692
58697
58700
58701
58703
58705
58706
58707
58717
58718
58719
58726
58727
58731
58732
58739
58740
58741
58743
58749
58761
58768
58777
58781
58782
58783
58785
58792
58795
58801
58802
58803
58809
58811
58813
58820
58821
58822
58830
58837
58841
58842
58847
58850
58853
58854
58855
58857
58858
58859
58861
58865
58867
58869
58870
58878
58879
58885
58888
58889
58890
58893
58894
58895
58898
58899
58900
58901
58902
58904
58908
58911
58912
58913
58914
58918
58919
58923
58927
58930
58938
58946
58951
58952
58955
58957
58959
58964
58965
58967
58971
58974
58975
58989
58994
58998
59001
59003
59004
59014
59018
59021
59024
59025
59028
59035
59036
59037
59038
59041
59049
59050
59055
59060
59064
59065
59070
59072
59073
59074
59078
59081
59082
59088
59089
59090
59093
59095
59099
59102
59105
59106
59108
59119
59120
59121
59124
59132
59133
59134
59140
59144
59146
59148
59149
59155
59159
59163
59166
59169
59171
59174
59176
59179
59181
59182
59183
59184
59189
59190
59196
59198
59203
59206
59210
59211
59216
59217
59220
59222
59224
59226
59228
59229
59236
59239
59242
59243
59257
59258
59261
59267
59277
59278
59286
59289
59292
59294
59296
59297
59298
59299
59304
59305
59308
59311
59325
59326
59327
59328
59338
59339
59345
59347
59355
59359
59360
59373
59374
59375
59383
59388
59389
59391
59394
59396
59401
59407
59418
59420
59434
59440
59441
59442
59451
59452
59455
59459
59463
59465
59467
59472
59474
59477
59481
59482
59485
59488
59489
59490
59492
59498
59500
59503
59506
59507
59508
59513
59514
59521
59525
59526
59534
59538
59539
59541
59542
59544
59549
59552
59553
59561
59564
59579
59581
59583
59586
59588
59592
59593
59595
59596
59599
59601
59606
59607
59608
59610
59612
59614
59616
59619
59620
59621
59622
59627
59634
59637
59639
59644
59648
59654
59656
59657
59665
59673
59678
59687
59691
59692
59697
59699
59704
59705
59711
59714
59719
59724
59725
59732
59733
59734
59739
59740
59751
59753
59756
59757
59763
59767
59768
59769
59773
59775
59781
59782
59783
59784
59797
