59829
59832
59848
59865
59899
59908
59996
60023
60048
60059
60165
60183
60193
60240
60291
60325
60453
60497
60575
60585
60610
60613
60639
60649
60769
60820
60968
61029
61366
61373
61490
61516
61527
61541
61579
61610
61686
61689
61778
61797
61804
61942
61966
62017
62065
62128
62190
62199
62225
62257
62275
62278
62294
62300
62359
62397
62399
62477
62519
62528
62534
62584
62591
62682
62863
62951
63031
63071
63081
63113
63161
63201
63202
63203
63206
63217
63231
63246
63333
63398
63403
63488
63499
63505
63506
63516
63572
63642
63688
63883
63950
63957
64035
64043
64054
64062
64128
64234
64262
64337
64375
64396
64399
64405
64414
64417
64420
64421
64425
64434
64442
64451
64464
64539
64569
64572
64575
64578
64585
64701
64709
64757
64793
64799
64826
64832
64841
64852
64856
64858
64861
64913
64925
64945
64949
64962
64980
65033
65041
65083
65090
65093
65096
65102
65119
65151
65154
65171
65172
65190
65206
65222
65229
65232
65270
65293
65297
65305
65306
65309
65317
65323
65327
65338
65379
65410
65416
65419
65435
65460
65462
65468
65473
65494
65553
65591
65612
65640
65658
65684
65693
65700
65702
65704
65708
65764
65785
65786
65793
65794
65804
65809
65828
65839
65842
65856
65863
65901
65940
65968
66026
66041
66052
66053
66054
66073
66085
66089
66104
66105
66106
66111
66142
66149
66157
66165
66166
66176
66192
66197
66205
66224
66234
66238
66247
66249
66257
66261
66268
66269
66296
66319
66324
66333
66361
66372
66377
66397
66403
66409
66422
66438
66472
66479
66507
66524
66540
66546
66550
66566
66572
66573
66605
66610
66611
66636
66658
66734
66772
66782
66850
66910
66912
66930
66973
66981
66985
67026
67036
67056
67078
67082
67099
67102
67134
67161
67162
67165
67171
67221
67252
67260
67266
67269
67341
67375
67416
67421
67486
67578
67585
67608
67615
67624
67653
67667
67684
67685
67687
67746
67757
67765
67770
67777
67789
67795
67845
67853
67854
67862
67878
67884
67888
67900
67906
67914
67932
67944
67959
67975
67982
67987
68013
68014
68020
68021
68030
68048
68051
68059
68088
68098
68138
68160
68161
68183
68186
68204
68212
68213
68246
68316
68336
68370
68478
68527
68569
68576
68608
68622
68648
68667
68676
68716
68821
68827
68854
68993
69014
69055
69097
69098
69123
69124
69135
69155
69164
69166
69292
69325
69343
69345
69384
69388
69407
69425
69429
69538
69572
69602
69661
69678
69780
69781
69786
69820
69838
69839
69842
69857
69875
69879
69887
69902
69963
69971
70024
70043
70048
70057
70063
70091
70096
70106
70224
70277
70329
70364
70454
70482
70509
70514
70521
70533
70536
70549
70563
70566
70611
70630
70641
70650
70656
70658
70683
70746
70790
70801
70811
70856
71035
71066
71117
71126
71131
71139
71142
71149
71212
71216
71221
71222
71246
71252
71260
71321
71340
71370
71375
71388
71429
71450
71479
71480
71497
71506
71548
71602
71626
71648
71670
71674
71713
71751
71755
71762
71778
71794
71800
71810
71819
71821
71851
71894
71910
72077
72163
72241
72271
72290
72299
72312
72346
72362
72372
72376
72397
72401
72414
72494
72537
72598
72615
72678
72689
72694
72698
72705
72763
72771
72790
72814
72833
72856
72867
72876
72884
72945
72978
73051
73089
73158
73244
73295
73296
73318
73362
73458
73551
73607
73660
73702
73777
73813
73868
73951
73959
73999
74014
74031
74069
74131
74147
74199
74222
74255
74362
74421
74553
74561
74614
74664
74670
74674
74698
74716
74801
74854
74866
74880
74884
74933
74995
75077
75084
75091
75098
75116
75121
75137
75183
75197
75222
75273
75299
75302
75322
75353
75374
75412
75422
75434
75488
75529
75542
75587
75626
75660
75671
75672
75693
75718
75719
75741
75763
75768
75771
75779
75780
75783
75821
75830
75835
75863
75882
75895
75908
75922
75968
75993
76098
76102
76137
76148
76160
76192
76307
76393
76395
76411
76418
76448
76511
76570
76571
76579
76586
76614
76624
76675
76701
76714
76835
76857
76900
76917
76931
76955
76960
76980
76987
76996
77157
77161
77184
77214
77223
77231
77234
77245
77429
77496
77589
77622
77669
77720
77728
77731
77800
77803
77850
77854
77947
77990
77992
78008
78010
78015
78031
78034
78072
78105
78172
78178
78201
78220
78222
78237
78249
78316
78332
78340
78377
78419
78432
78479
78616
78623
78648
78668
78717
78722
78742
78822
78859
78882
78939
79007
79093
79211
79233
79251
79309
79351
79353
79354
79365
79432
79452
79690
79775
79789
79860
79921
79955
79960
79972
80113
80174
80202
80214
80332
80348
80440
80464
80480
80573
80577
80605
80630
80762
80914
80925
80959
80968
80993
81046
81048
81060
81083
81084
81148
81186
81192
81229
81238
81248
81312
81365
81379
81487
81488
81547
81579
81594
81675
81677
81737
81757
81766
81773
81811
81828
81831
81839
81856
81861
81881
81898
81931
81941
81964
81972
81976
81982
81983
81984
81992
82005
82060
82102
82121
82145
82177
82205
82226
82242
82252
82288
82303
82328
82342
82366
82381
82385
82464
82474
82492
82515
82536
82555
82559
82561
82581
82609
82617
82643
82664
82679
82680
82684
82730
82775
82788
82811
82853
82864
82958
83029
83123
83143
83146
83156
83186
83227
83238
83304
83348
83366
83441
83459
83473
83521
83532
83535
83539
83551
83557
83559
83611
83624
83625
83631
83811
83837
84010
84083
84107
84123
84148
84184
84191
84205
84259
84286
84293
84322
84372
84399
84403
84450
84615
84773
84780
84810
84839
84873
84910
84933
84960
84977
84980
84988
85005
85013
85016
85019
85029
85032
85044
85068
85075
85082
85209
85224
85231
85293
85307
85327
85345
85378
85418
85421
85454
85470
85479
85514
85526
85556
85560
85574
85602
85619
85672
85775
85908
85943
86017
86026
86053
86102
86158
86222
86382
86437
86500
86501
86503
86564
86569
86666
86667
86696
86699
86710
86755
86767
86805
86853
86858
86868
86890
86903
86905
87049
87058
87129
87155
87161
87213
87229
87235
87238
87242
87261
87270
87314
87317
87358
87384
87398
87421
87441
87472
87518
87562
87625
87651
87738
87757
87824
87825
87834
87852
87865
87874
87884
87911
87948
87950
87976
87978
87984
88041
88088
88114
88151
88191
88285
88292
88339
88350
88356
88372
88433
88525
88534
88547
88601
88626
88654
88667
88729
88753
88796
88807
88816
88821
88830
88858
88882
88886
88919
88945
88969
88990
89031
89099
89120
89179
89208
89236
89290
89306
89333
89380
89423
89428
89469
89472
89500
89517
89622
89680
89741
89766
89819
89832
89888
89897
90058
90061
90085
90123
90139
90143
90196
90204
90218
90227
90232
90278
90280
90311
90331
90332
90365
90455
90473
90527
90543
90559
90587
90589
90610
90620
90652
90662
90692
90710
90718
90774
90777
90781
90799
90818
90923
90945
90981
91041
91042
91047
91050
91118
91165
91167
91171
91185
91203
91230
91240
91322
91324
91374
91387
91420
91440
91462
91554
91572
