59804
59811
59814
59816
59844
59852
59866
59878
59884
59890
59912
59915
59916
59922
59939
59946
59949
59952
59956
59959
59967
59969
60020
60028
60050
60058
60062
60063
60119
60172
60197
60200
60211
60217
60221
60259
60274
60292
60296
60303
60321
60327
60330
60363
60368
60391
60414
60435
60436
60470
60471
60474
60475
60481
60491
60495
60533
60536
60537
60545
60553
60556
60571
60597
60602
60604
60605
60609
60629
60659
60671
60677
60679
60686
60700
60707
60710
60719
60723
60738
60743
60744
60748
60750
60752
60762
60802
60806
60816
60824
60835
60852
60863
60869
60871
60873
60878
60886
60894
60923
60931
60934
60965
61011
61015
61022
61047
61061
61065
61067
61079
61083
61090
61102
61132
61140
61151
61156
61167
61189
61206
61213
61225
61228
61237
61241
61242
61255
61258
61284
61298
61301
61314
61317
61341
61348
61360
61367
61378
61379
61396
61409
61412
61449
61450
61464
61478
61576
61580
61582
61586
61604
61616
61631
61673
61685
61712
61753
61811
61817
61831
61858
61874
61890
61898
61907
61918
61928
61939
61941
61967
61992
62006
62016
62020
62055
62067
62068
62092
62095
62111
62119
62138
62192
62195
62197
62216
62217
62221
62230
62231
62253
62254
62259
62265
62290
62312
62364
62374
62375
62385
62392
62396
62420
62428
62433
62461
62503
62505
62516
62543
62551
62571
62573
62580
62597
62611
62690
62701
62706
62708
62743
62760
62768
62771
62774
62810
62814
62836
62849
62850
63001
63046
63053
63057
63061
63065
63082
63093
63120
63171
63172
63180
63190
63191
63195
63209
63255
63271
63272
63314
63331
63332
63353
63361
63372
63392
63397
63408
63410
63426
63457
63477
63493
63501
63571
63615
63620
63631
63635
63645
63654
63662
63664
63667
63672
63693
63698
63712
63735
63740
63770
63784
63796
63825
63833
63955
63974
63985
63990
64018
64022
64028
64036
64039
64040
64046
64082
64088
64095
64101
64102
64104
64106
64113
64115
64140
64147
64150
64158
64169
64170
64175
64188
64195
64206
64209
64218
64227
64244
64250
64274
64281
64299
64316
64325
64331
64335
64354
64369
64373
64413
64440
64469
64485
64493
64523
64532
64543
64544
64547
64553
64556
64563
64568
64590
64593
64605
64613
64622
64626
64627
64630
64645
64662
64664
64669
64671
64677
64681
64689
64716
64725
64726
64748
64751
64771
64783
64797
64812
64823
64828
64836
64846
64853
64865
64867
64886
64892
64893
64900
64902
64908
64920
64927
64931
64934
64965
64973
64987
65021
65028
65100
65101
65111
65116
65120
65126
65184
65194
65227
65257
65299
65324
65341
65352
65371
65380
65415
65452
65467
65504
65507
65510
65540
65550
65571
65580
65587
65596
65623
65626
65635
65636
65650
65672
65680
65710
65717
65727
65744
65768
65775
65807
65819
65832
65841
65853
65865
65868
65872
65882
65885
65898
65907
65910
65951
65962
65965
65981
65988
65998
66004
66010
66049
66055
66056
66069
66074
66092
66093
66117
66128
66133
66141
66146
66147
66151
66152
66154
66155
66164
66168
66185
66200
66210
66220
66233
66255
66263
66266
66273
66287
66295
66298
66300
66323
66364
66378
66398
66404
66416
66433
66434
66452
66485
66487
66520
66523
66536
66556
66563
66574
66592
66609
66626
66651
66656
66657
66699
66703
66708
66736
66739
66755
66760
66769
66788
66791
66806
66810
66812
66834
66837
66842
66860
66871
66878
66892
66897
66900
66909
66925
66937
66963
66972
66991
67008
67014
67033
67039
67044
67047
67052
67057
67060
67081
67087
67091
67101
67108
67121
67123
67138
67140
67145
67150
67156
67158
67163
67168
67170
67172
67192
67201
67219
67220
67270
67280
67294
67316
67323
67326
67328
67333
67344
67369
67383
67384
67398
67403
67405
67410
67422
67432
67444
67445
67450
67475
67504
67509
67524
67528
67529
67554
67594
67599
67609
67631
67642
67662
67695
67704
67712
67734
67738
67740
67741
67751
67760
67778
67781
67785
67809
67810
67812
67814
67818
67821
67841
67868
67869
67871
67873
67877
67881
67897
67910
67919
67930
67938
67939
67943
67961
67965
67981
67984
67993
67994
67998
68004
68010
68041
68053
68080
68084
68087
68109
68112
68129
68133
68136
68140
68146
68147
68155
68156
68173
68178
68179
68205
68211
68239
68255
68261
68268
68277
68282
68289
68296
68311
68313
68325
68332
68339
68366
68373
68382
68386
68387
68388
68395
68402
68408
68410
68424
68442
68480
68485
68498
68518
68521
68536
68574
68585
68590
68595
68620
68624
68638
68673
68686
68688
68690
68707
68712
68719
68721
68731
68732
68746
68753
68754
68755
68777
68779
68781
68787
68788
68794
68803
68810
68816
68823
68830
68832
68833
68838
68840
68850
68851
68869
68870
68881
68890
68920
68923
68930
68937
68946
68961
68972
68985
68992
68997
69013
69015
69019
69021
69027
69028
69029
69031
69034
69038
69042
69049
69052
69059
69068
69070
69074
69080
69087
69090
69095
69104
69115
69117
69122
69126
69134
69144
69157
69161
69168
69175
69178
69179
69183
69210
69217
69228
69229
69244
69249
69259
69262
69275
69297
69301
69322
69332
69339
69355
69359
69390
69399
69405
69412
69424
69427
69428
69431
69433
69439
69445
69447
69452
69462
69469
69473
69492
69498
69506
69507
69509
69534
69542
69544
69546
69554
69568
69574
69592
69596
69607
69614
69619
69637
69649
69656
69699
69702
69703
69711
69721
69725
69734
69742
69748
69749
69758
69765
69768
69769
69775
69777
69798
69799
69800
69809
69813
69814
69821
69826
69841
69852
69854
69864
69872
69904
69923
69924
69930
69943
69946
69949
69967
69973
69974
69982
69986
69992
69993
69996
70000
70001
70011
70019
70026
70042
70051
70059
70060
70079
70084
70101
70123
70133
70136
70140
70147
70162
70185
70196
70216
70217
70219
70223
70236
70261
70265
70271
70278
70279
70284
70287
70297
70303
70312
70335
70343
70350
70374
70378
70385
70391
70398
70405
70425
70444
70446
70455
70461
70462
70476
70478
70479
70483
70489
70490
70497
70505
70506
70524
70538
70544
70546
70560
70590
70592
70603
70614
70615
70616
70623
70624
70629
70633
70635
70648
70662
70668
70685
70691
70711
70722
70734
70749
70758
70759
70764
70768
70799
70804
70809
70814
70815
70833
70836
70867
70889
70891
70895
70902
70908
70920
70922
70928
70945
70951
70955
70956
70964
70967
70981
70985
70989
70999
71004
71015
71022
71024
71061
71064
71068
71075
71085
71093
71100
71103
71106
71112
71122
71123
71128
71130
71132
71141
71144
71146
71161
71162
71166
71172
71174
71181
71182
71185
71186
71197
71201
71205
71206
71208
71226
71243
71264
71276
71280
71296
71302
71308
71326
71329
71344
71349
71350
71386
71390
71395
71397
71402
71410
71412
71415
71416
71417
71422
71444
71446
71457
71460
71465
71473
71481
71492
71499
71514
71517
71520
71531
71534
71537
71542
71550
71561
71565
71569
71574
71577
71584
71586
71589
71595
71616
71628
71633
71639
71647
71656
71665
71666
71685
71716
71729
71741
71744
71746
71749
71757
71768
71774
71853
71861
71863
71870
71880
71883
71885
71900
71906
71916
71921
71923
71928
71930
71932
71956
71965
71975
71978
71985
72020
72021
72024
72030
72040
72076
72089
72095
72113
72115
72122
72125
72142
72152
72156
72177
72183
72190
72204
72210
72212
72213
72217
72220
72221
72227
72229
72231
72236
72239
72240
72251
72252
72265
72266
72270
72272
72274
72276
72281
72296
72300
72333
72357
72365
72366
72367
72370
72378
72384
72386
72387
72396
72408
72439
72442
72443
72444
72448
72466
72472
72481
72485
72493
72511
72542
72566
72574
72575
72589
72601
72610
72626
72627
72630
72633
72653
72654
72658
72681
72691
72692
72699
72703
72721
72725
72743
72750
72773
72799
72812
72818
72827
72836
72839
72846
72861
72862
72890
72895
72910
72916
72927
72938
72948
72951
72955
72967
72973
72981
72996
73021
73028
73045
73057
73061
73063
73073
73075
73078
73080
73094
73096
73104
73107
73112
73123
73125
73132
73140
73164
73166
73169
73194
73195
73221
73243
73269
73285
73291
73297
73298
73304
73309
73329
73331
73347
73399
73416
73423
73456
73488
73491
73495
73497
73499
73514
73516
73523
73533
73535
73536
73549
73550
73562
73565
73577
73582
73656
73661
73672
73673
73674
73693
73696
73700
73716
73720
73761
73809
73816
73855
73901
73910
73917
73920
73923
73943
73969
73979
73985
73988
74008
74012
74015
74025
74040
74051
74062
74072
74075
74081
74091
74102
74103
74110
74113
74124
74125
74137
74139
74162
74169
74174
74177
74179
74182
74183
74202
74203
74204
74209
74219
74228
74231
74237
74267
74289
74295
74297
74312
74333
74360
74361
74379
74380
74387
74394
74405
74426
74440
74455
74458
74466
74496
74499
74502
74508
74516
74530
74541
74551
74569
74579
74584
74590
74591
74596
74601
74615
74620
74630
74635
74658
74659
74660
74673
74681
74685
74689
74690
74724
74731
74735
74750
74758
74761
74770
74771
74795
74809
74811
74831
74851
74855
74857
74863
74868
74875
74882
74886
74899
74906
74907
74914
74921
74927
74961
74966
74970
74977
74981
75008
75010
75021
75074
75079
75081
75088
75094
75097
75101
75102
75105
75107
75108
75110
75111
75117
75119
75132
75136
75139
75142
75156
75160
75173
75184
75188
75190
75191
75196
75199
75203
75207
75211
75214
75215
75229
75235
75239
75242
75259
75271
75277
75289
75290
75291
75300
75303
75317
75320
75347
75348
75359
75386
75388
75389
75390
75391
75420
75426
75436
75440
75461
75497
75506
75509
75516
75519
75531
75538
75573
75578
75583
75596
75601
75608
75616
75664
75668
75673
75694
75705
75706
75710
75716
75720
75732
75735
75746
75749
75754
75755
75760
75774
75775
75798
75800
75801
75817
75827
75842
75844
75849
75870
75871
75891
75896
75898
75910
75911
75917
75925
75931
75960
75971
75987
76019
76023
76048
76052
76059
76067
76069
76072
76080
76085
76093
76094
76106
76108
76116
76127
76171
76178
76180
76184
76191
76208
76212
76217
76220
76226
76231
76233
76239
76245
76251
76260
76261
76268
76294
76297
76301
76304
76309
76323
76348
76357
76370
76380
76387
76401
76428
76431
76434
76437
76444
76449
76458
76468
76469
76492
76504
76506
76507
76515
76522
76523
76524
76531
76575
76576
76577
76583
76587
76603
76606
76613
76619
76622
76625
76626
76633
76639
76664
76670
76681
76685
76711
76720
76721
76725
76730
76783
76794
76804
76817
76821
76849
76856
76863
76871
76872
76880
76905
76914
76918
76941
76950
76965
76968
76997
77000
77002
77010
77012
77014
77017
77019
77046
77065
77101
77103
77114
77115
77142
77145
77179
77181
77190
77221
77222
77238
77259
77262
77266
77268
77282
77288
77299
77305
77320
77332
77347
77353
77355
77357
77366
77369
77373
77376
77380
77386
77404
77408
77414
77442
77460
77472
77477
77491
77508
77527
77544
77550
77562
77565
77578
77580
77587
77608
77617
77618
77625
77632
77635
77639
77641
77643
77664
77668
77676
77680
77702
77718
77730
77735
77747
77758
77760
77761
77766
77767
77769
77774
77788
77798
77799
77814
77815
77827
77830
77832
77833
77843
77844
77862
77865
77867
77869
77880
77896
77901
77906
77908
77912
77914
77919
77920
77948
77964
77980
78001
78011
78013
78033
78035
78038
78048
78058
78059
78063
78066
78082
78083
78092
78096
78099
78102
78110
78123
78124
78126
78134
78144
78151
78152
78156
78161
78184
78195
78209
78210
78215
78248
78258
78261
78263
78270
78278
78280
78287
78292
78310
78323
78329
78334
78339
78359
78367
78373
78375
78379
78389
78391
78398
78403
78415
78435
78448
78470
78496
78512
78513
78514
78522
78532
78545
78547
78552
78556
78558
78563
78570
78587
78597
78600
78602
78607
78615
78617
78619
78624
78634
78657
78660
78663
78676
78679
78680
78685
78689
78703
78707
78725
78748
78758
78768
78770
78772
78791
78793
78802
78823
78836
78839
78880
78885
78888
78892
78894
78916
78926
78929
78958
78959
78974
78975
78985
78987
78989
79011
79042
79063
79066
79078
79096
79102
79121
79132
79150
79156
79157
79162
79171
79185
79197
79206
79234
79240
79247
79266
79295
79299
79308
79313
79314
79326
79349
79350
79359
79369
79371
79385
79398
79419
79424
79427
79429
79440
79460
79467
79486
79513
79523
79544
79546
79557
79569
79583
79585
79592
79595
79606
79608
79618
79630
79644
79656
79665
79670
79676
79684
79699
79705
79706
79710
79734
79748
79802
79804
79806
79810
79843
79885
79889
79891
79901
79904
79906
79909
79918
79924
79930
79945
79962
79977
79990
79991
80020
80027
80031
80036
80043
80044
80070
80075
80077
80080
80101
80110
80120
80121
80126
80136
80145
80170
80175
80183
80190
80199
80200
80203
80204
80208
80209
80229
80240
80260
80265
80270
80275
80282
80292
80297
80340
80345
80350
80369
80392
80402
80408
80418
80431
80433
80444
80446
80461
80471
80490
80492
80543
80550
80598
80611
80621
80651
80656
80670
80673
80695
80697
80725
80741
80742
80748
80755
80761
80771
80774
80781
80799
80815
80833
80838
80844
80850
80856
80859
80866
80868
80869
80873
80875
80881
80897
80918
80919
80920
80943
80951
80955
80980
80984
80987
80989
81012
81018
81019
81028
81039
81050
81054
81093
81115
81122
81131
81137
81147
81149
81162
81163
81185
81191
81193
81196
81206
81220
81230
81242
81250
81268
81277
81294
81304
81310
81319
81320
81322
81331
81333
81341
81354
81360
81362
81378
81381
81385
81390
81400
81412
81427
81447
81483
81499
81503
81506
81523
81525
81554
81560
81588
81596
81597
81604
81610
81626
81632
81633
81634
81653
81663
81684
81691
81703
81769
81784
81795
81798
81800
81818
81850
81857
81889
81897
81904
81907
81910
81913
81933
81939
81945
81947
81952
81968
81971
81986
81993
82000
82006
82018
82032
82042
82047
82055
82078
82089
82113
82122
82134
82140
82171
82198
82203
82220
82237
82238
82261
82269
82271
82281
82310
82325
82373
82377
82380
82386
82387
82422
82426
82428
82430
82449
82483
82493
82511
82532
82544
82550
82554
82564
82572
82574
82578
82620
82627
82634
82644
82673
82675
82686
82691
82700
82708
82710
82713
82721
82732
82737
82740
82752
82756
82759
82761
82780
82797
82814
82819
82833
82870
82871
82881
82896
82903
82922
82955
82963
82987
82990
83002
83003
83031
83035
83051
83065
83071
83109
83117
83141
83142
83166
83179
83198
83217
83225
83229
83260
83266
83277
83308
83340
83359
83360
83390
83392
83426
83452
83458
83462
83479
83481
83487
83491
83509
83519
83536
83540
83606
83621
83626
83641
83656
83658
83659
83672
83676
83690
83712
83725
83733
83736
83751
83753
83764
83777
83795
83798
83823
83826
83834
83840
83850
83854
83889
83890
83922
83943
83954
83962
83968
83977
83993
83994
84011
84030
84035
84040
84076
84094
84099
84139
84155
84160
84180
84195
84207
84208
84220
84221
84229
84234
84246
84250
84254
84268
84277
84289
84292
84294
84301
84334
84344
84346
84356
84375
84380
84384
84385
84391
84401
84404
84412
84427
84434
84436
84441
84446
84448
84455
84456
84460
84473
84487
84503
84508
84511
84535
84539
84546
84554
84562
84566
84567
84575
84580
84588
84593
84599
84605
84608
84620
84625
84643
84661
84674
84681
84682
84688
84695
84706
84758
84775
84785
84791
84795
84805
84809
84813
84817
84835
84846
84850
84851
84857
84862
84872
84882
84885
84886
84893
84897
84898
84903
84926
84928
84931
84932
84934
84943
84955
84967
84969
84987
84997
84999
85004
85015
85027
85031
85043
85046
85047
85048
85052
85057
85061
85063
85074
85076
85078
85084
85092
85102
85109
85110
85114
85122
85135
85141
85144
85148
85150
85153
85154
85161
85165
85168
85172
85181
85190
85194
85199
85218
85220
85221
85225
85229
85234
85237
85242
85250
85260
85264
85266
85279
85285
85299
85306
85310
85313
85325
85335
85352
85354
85359
85382
85391
85392
85403
85406
85412
85426
85428
85442
85449
85450
85465
85472
85476
85478
85496
85508
85525
85548
85561
85565
85592
85599
85611
85625
85626
85639
85648
85654
85656
85657
85662
85674
85691
85695
85697
85734
85783
85784
85793
85796
85807
85819
85826
85845
85853
85860
85872
85889
85891
85925
85932
85953
85955
85968
85991
86008
86013
86032
86037
86047
86054
86056
86072
86081
86085
86090
86098
86109
86139
86166
86170
86175
86182
86205
86218
86220
86225
86251
86253
86254
86269
86282
86284
86287
86294
86304
86347
86357
86358
86436
86449
86469
86486
86491
86510
86512
86515
86516
86522
86533
86535
86548
86563
86588
86609
86628
86641
86655
86662
86669
86670
86681
86693
86694
86695
86701
86731
86733
86734
86735
86742
86749
86751
86765
86778
86784
86785
86788
86797
86808
86822
86854
86861
86862
86889
86891
86922
86924
86947
86949
86971
87001
87033
87052
87077
87081
87105
87134
87145
87152
87169
87173
87190
87205
87208
87223
87236
87240
87256
87278
87281
87320
87325
87341
87342
87355
87376
87379
87401
87449
87464
87469
87475
87498
87506
87509
87514
87561
87565
87573
87588
87603
87607
87615
87624
87636
87637
87656
87689
87701
87706
87726
87730
87733
87736
87739
87750
87767
87800
87812
87818
87854
87864
87869
87880
87885
87918
87923
87932
87949
87956
87980
87985
87989
88012
88020
88039
88048
88052
88056
88059
88063
88068
88074
88076
88080
88093
88094
88112
88116
88149
88156
88174
88178
88189
88205
88222
88227
88243
88246
88250
88258
88271
88272
88291
88303
88306
88314
88327
88332
88333
88336
88361
88401
88415
88423
88448
88456
88462
88472
88503
88504
88517
88521
88524
88540
88546
88571
88579
88586
88600
88610
88623
88624
88669
88684
88687
88693
88695
88701
88705
88720
88724
88732
88734
88747
88755
88762
88763
88765
88768
88771
88795
88803
88804
88818
88827
88829
88879
88898
88900
88901
88923
88924
88934
88935
88949
88952
88955
88979
88998
89000
89025
89033
89041
89046
89061
89068
89069
89072
89091
89096
89098
89101
89135
89140
89142
89172
89184
89191
89198
89222
89229
89230
89231
89255
89256
89257
89267
89273
89279
89287
89293
89295
89304
89311
89313
89318
89337
89349
89350
89354
89362
89363
89364
89365
89367
89368
89374
89391
89396
89403
89410
89414
89419
89421
89435
89438
89442
89451
89461
89475
89476
89482
89486
89488
89493
89501
89510
89518
89528
89540
89547
89554
89567
89596
89602
89612
89616
89621
89643
89644
89646
89654
89655
89660
89664
89670
89697
89699
89721
89729
89731
89759
89761
89776
89780
89785
89790
89794
89802
89803
89809
89818
89820
89823
89863
89875
89885
89904
89906
89931
89941
89945
89946
89957
90007
90031
90045
90047
90050
90051
90052
90079
90098
90110
90111
90116
90121
90127
90140
90161
90162
90166
90174
90178
90191
90216
90240
90243
90246
90247
90251
90254
90322
90337
90354
90357
90380
90385
90390
90392
90396
90433
90451
90489
90490
90503
90516
90532
90546
90550
90557
90564
90568
90581
90601
90614
90622
90627
90633
90651
90654
90655
90661
90669
90673
90689
90700
90713
90722
90725
90728
90729
90731
90734
90764
90773
90787
90802
90803
90808
90811
90824
90833
90848
90863
90871
90876
90880
90892
90898
90909
90910
90918
90947
90956
90968
90980
90982
90990
90999
91010
91013
91019
91020
91045
91067
91072
91080
91103
91108
91125
91138
91139
91143
91152
91153
91173
91176
91179
91189
91204
91228
91231
91241
91266
91283
91292
91293
91294
91308
91332
91337
91344
91357
91361
91384
91385
91392
91425
91449
91456
91463
91471
91484
91490
91491
91496
91497
91531
91532
91536
91543
91564
