28837
28909
28925
28931
28975
28980
28991
29032
29053
29087
29097
29112
29121
29167
29170
29176
29177
29257
29281
29323
29329
29431
29459
29460
29501
29505
29516
29532
29565
29566
29603
29630
29682
29764
29801
29818
29838
29842
29849
29866
29879
29883
29899
29927
29930
29960
29999
30006
30051
30069
30076
30090
30202
30243
30308
30383
30386
30391
30410
30421
30439
30461
30484
30536
30639
30669
30713
30746
30766
30803
30951
30962
30963
30972
30994
31062
31077
31183
31188
31197
31237
31251
31281
31325
31326
31405
31430
31448
31458
31468
31503
31575
31582
31595
31624
31646
31688
31733
31759
31767
31774
31820
31882
31906
31921
31932
31959
32051
32071
32123
32127
32129
32205
32238
32257
32266
32278
32281
32299
32319
32389
32395
32410
32424
32425
32435
32438
32466
32513
32516
32524
32534
32546
32554
32577
32598
32600
32612
32615
32624
32636
32645
32651
32667
32676
32678
32681
32686
32691
32695
32702
32728
32740
32747
32749
32753
32764
32778
32784
32786
32792
32799
32803
32812
32813
32822
32823
32851
32854
32859
32874
32884
32893
32926
32944
32945
32951
32961
32975
33000
33033
33111
33116
33117
33142
33181
33187
33220
33234
33237
33257
33265
33299
33317
33322
33336
33338
33339
33348
33357
33388
33397
33413
33434
33466
33475
33497
33509
33534
33544
33556
33561
33569
33595
33629
33634
33638
33642
33667
33699
33704
33721
33734
33739
33750
33751
33775
33791
33802
33805
33806
33808
33896
33897
33915
33942
34006
34040
34074
34081
34095
34099
34123
34130
34181
34182
34189
34190
34223
34225
34252
34255
34270
34278
34311
34321
34331
34336
34345
34346
34368
34377
34381
34401
34447
34454
34460
34465
34481
34482
34485
34488
34501
34504
34508
34511
34538
34541
34544
34545
34550
34564
34565
34576
34592
34609
34633
34640
34647
34651
34656
34660
34667
34677
34678
34693
34707
34710
34736
34739
34772
34774
34782
34785
34801
34808
34811
34835
34846
34878
34952
34992
35000
35025
35028
35043
35086
35091
35092
35126
35151
35158
35182
35204
35228
35233
35252
35281
35289
35325
35358
35361
35424
35457
35503
35504
35541
35548
35549
35568
35583
35587
35606
35621
35634
35640
35668
35671
35672
35692
35725
35735
35741
35745
35746
35776
35777
35841
35849
35852
35871
35925
35941
35953
35988
36020
36047
36052
36086
36100
36105
36109
36115
36116
36150
36169
36177
36188
36211
36215
36217
36233
36251
36254
36263
36285
36293
36314
36324
36360
36363
36378
36379
36422
36427
36437
36438
36454
36469
36481
36486
36513
36529
36537
36547
36550
36551
36552
36567
36587
36588
36604
36650
36654
36666
36681
36696
36701
36740
36757
36771
36773
36801
36803
36868
36908
36941
36947
36978
36985
36994
37026
37101
37109
37117
37138
37180
37191
37230
37253
37259
37290
37338
37360
37403
37406
37421
37429
37431
37442
37449
37457
37494
37542
37562
37563
37572
37587
37594
37601
37631
37642
37648
37665
37687
37688
37699
37712
37736
37753
37775
37788
37799
37803
37805
37806
37822
37833
37848
37852
37863
37864
37875
37922
37930
37947
37948
37949
37962
37964
37970
37980
37987
38000
38046
38067
38079
38095
38101
38114
38122
38126
38141
38142
38196
38208
38215
38226
38230
38232
38276
38292
38294
38310
38313
38336
38356
38364
38368
38369
38379
38419
38457
38467
38490
38496
38506
38510
38526
38528
38533
38542
38553
38578
38585
38598
38634
38637
38674
38677
38701
38736
38738
38745
38767
38803
38811
38887
38896
38914
38927
38937
38939
38950
38952
38954
38956
38958
38962
38966
38968
38978
38981
38985
38987
38991
38999
39001
39002
39006
39011
39016
39026
39027
39029
39033
39035
39039
39042
39044
39048
39051
39054
39055
39061
39064
39068
39072
39075
39080
39086
39088
39100
39102
39105
39109
39112
39129
39132
39137
39144
39147
39149
39151
39152
39160
39167
39170
39175
39179
39185
39186
39191
39197
39201
39209
39211
39217
39222
39225
39229
39234
39241
39244
39249
39255
39257
39270
39277
39285
39288
39307
39310
39315
39377
39419
39423
39432
39460
39474
39476
39515
39518
39524
39526
39592
39629
39653
39662
39710
39738
39791
39800
39914
39941
39945
39961
39964
39972
40003
40033
40060
40061
40094
40114
40129
40133
40164
40167
40177
40185
40192
40195
40277
40332
40359
40361
40362
40459
40476
40481
40490
40495
40504
40518
40537
40587
40642
40667
40692
40699
40797
40821
40827
40844
40848
40857
40864
40872
40873
40910
40977
40982
40983
41009
41073
41108
41110
41129
41151
41157
41179
41195
41198
41205
41209
41215
41249
41536
41695
41719
41830
41887
41940
41948
41950
41956
41958
41963
42006
42013
42022
42034
42046
42062
42084
42095
42118
42141
42177
42181
42183
42217
42230
42270
42321
42324
42329
42333
42349
42386
42413
42414
42415
42444
42543
42557
42578
42586
42600
42608
42610
42634
42640
42645
42659
42672
42683
42689
42699
42713
42721
42728
42731
42743
42744
42774
42786
42789
42810
42820
42827
42830
42851
42855
42859
42868
43085
43167
43229
43233
43238
43243
43247
43292
43393
43423
43464
43495
43508
43546
43552
43629
43650
43659
43664
43730
43732
43733
43752
43768
43779
43886
43889
43893
43896
43915
43949
43998
44052
44068
44093
44116
44136
44163
44193
44196
44203
44219
44242
44247
44257
44283
44294
44311
44335
44349
44351
44362
44375
44427
44433
44437
44493
44507
44518
44538
44549
44587
44588
44590
44611
44623
44625
44650
44704
44706
44732
44782
44785
44832
44839
44878
44882
44937
44966
45081
45092
45102
45113
45114
45136
45139
45145
45162
45170
45194
45213
45222
45225
45230
45234
45245
45248
45251
45262
45292
45318
45354
45356
45408
45421
45443
45478
45504
45527
45537
45555
45558
45560
45625
45647
45653
45654
45666
45668
45680
45687
45688
45692
45698
45702
45724
45730
45735
45743
45763
45776
45781
45810
45820
45828
45840
45854
45864
45891
45894
45943
45977
45988
46004
46037
46049
46073
46079
46214
46282
46345
46352
46367
46400
46431
46442
46507
46508
46530
46572
46576
46620
46626
46628
46667
46673
46722
46772
46787
46809
46837
46870
46882
46898
46934
46977
46990
47009
47011
47021
47024
47101
47123
47126
47147
47163
47164
47249
47264
47278
47284
47294
47412
47449
47452
47480
47494
47528
47542
47561
47562
47576
47589
47591
47600
47650
47669
47691
47703
47747
47790
47822
47859
47869
47875
47924
47937
47948
47971
47986
47989
48007
48015
48052
48095
48099
48161
48265
48302
48308
48314
48345
48367
48370
48404
48408
48409
48411
48416
48418
48421
48424
48432
48435
48436
48444
48450
48451
48452
48460
48463
48467
48469
48470
48474
48479
48483
48488
48489
48499
48508
48509
48518
48520
48523
48529
48532
48534
48542
48546
48550
48557
48560
48568
48571
48576
48585
48591
48597
48604
48610
48618
48623
48625
48626
48633
48638
48640
48643
48652
48655
48658
48659
48663
48672
48690
48700
48709
48731
48762
48784
48798
48862
48877
48878
48890
48921
48923
48928
49004
49020
49035
49060
49090
49108
49120
49234
49280
49351
49437
49448
49531
49559
49584
49586
49590
49593
49722
49762
49781
49881
49902
49906
49932
49941
49949
50050
50111
50158
50180
50205
50208
50220
50266
50279
50315
50343
50389
50395
50410
50416
50449
50467
50484
50518
50523
50549
50572
50586
50589
50604
50611
50617
50632
50639
50652
50677
50687
50696
50704
50714
50716
50775
50803
50823
50865
50897
50911
50923
50950
50960
51002
51044
51049
51051
51054
51063
51079
51114
51115
51120
51132
51160
51176
51190
51191
51195
51211
51225
51240
51247
51259
51291
51293
51373
51378
51391
51435
51444
51535
51552
51567
51578
51604
51626
51671
51677
51693
51723
51729
51753
51788
51829
51886
51898
51916
51932
51939
51988
51995
52085
52095
52200
52215
52227
52267
52317
52329
52350
52352
52353
52374
52400
52414
52420
52447
52454
52466
52510
52517
52524
52534
52574
52581
52594
52596
52603
52607
52611
52619
52624
52652
52661
52671
52672
52676
52730
52737
52809
52889
52954
53000
53027
53035
53044
53060
53077
53103
53123
53142
53144
53148
53156
53233
53278
53294
53326
53362
53380
53383
53408
53453
53529
53542
53547
53581
53619
53620
53656
53695
53696
53702
53712
53720
53729
53785
53806
53816
53817
53822
53839
53866
53876
53924
53935
53959
54016
54081
54104
54112
54128
54137
54162
54167
54181
54183
54199
54207
54220
54221
54242
54249
54250
54253
54291
54298
54303
54304
54360
54370
54379
54412
54417
54435
54438
54515
54558
54588
54639
54655
54668
54687
54698
54702
54734
54766
54770
54784
54806
54812
54816
54851
54865
54868
54902
54934
54954
54993
55015
55042
55043
55058
55065
55078
55081
55093
55097
55105
55108
55127
55137
55143
55151
55154
55165
55177
55188
55190
55196
55199
55207
55210
55216
55229
55232
55245
55262
55263
55282
55284
55299
55338
55369
55415
55428
55443
55457
55479
55516
55522
55549
55557
55584
55658
55699
55702
55709
55747
55760
55809
55815
55845
55857
55908
55911
56002
56032
56034
56044
56075
56078
56094
56096
56106
56109
56118
56125
56137
56186
56234
56271
56292
56319
56360
56371
56379
56380
56405
56469
56473
56521
56523
56537
56546
56548
56556
56557
56559
56598
56621
56655
56680
56695
56713
56722
56743
56770
56799
56801
56849
56931
56959
57008
57011
57013
57049
57053
57063
57071
57130
57154
57203
57237
57240
57242
57249
57261
57264
57271
57319
57322
57347
57381
57391
57441
57442
57472
57474
57479
57553
57593
57642
57659
57699
57722
57728
57741
57751
57805
57809
57822
57833
57911
57920
57921
57926
57940
57949
57969
57974
57975
58037
58059
58088
58108
58120
58128
58146
58155
58164
58165
58282
58323
58335
58410
58415
58418
58486
58532
58578
58579
58635
58658
58674
58708
58721
58722
58738
58752
58780
58788
58825
58836
58882
58883
58896
58926
58931
58948
58953
58958
58966
58972
58977
58985
59016
59147
59213
59227
59253
59255
59259
59307
59309
59313
59334
59368
59386
59404
59410
59431
59453
59563
59578
59580
59584
59629
59632
59633
59661
59674
59712
59713
59759
59760
59771
59772
59779
59780
