59834
59850
59896
59906
59996
60014
60023
60059
60147
60240
60285
60291
60453
60799
60820
61278
61373
61432
61797
61943
61956
61966
62002
62194
62357
62397
62526
62682
63050
63081
63113
63161
63201
63202
63218
63246
63688
64035
64043
64375
64396
64399
64405
64414
64417
64421
64434
64442
64451
64464
64479
64588
64861
64904
64909
64915
64980
65059
65083
65093
65096
65102
65171
65172
65190
65191
65207
65253
65270
65314
65317
65327
65333
65338
65339
65353
65370
65410
65460
65462
65468
65473
65493
65494
65620
65640
65784
65786
65798
65802
65842
65886
65900
66142
66165
66166
66197
66205
66290
66397
66467
66472
66482
66636
66650
66698
66717
66729
66910
66953
66975
67197
67221
67317
67341
67374
67404
67415
67486
67563
67667
67684
67700
67789
67932
68020
68048
68138
68195
68221
68272
68300
68351
68385
68389
68527
68569
68576
68667
68795
68928
69345
69407
69423
69425
69429
69572
69728
69754
69781
69820
69839
69842
69857
69875
69902
69959
69971
69998
70043
70066
70170
70329
70364
70521
70536
70549
70565
70790
71066
71142
71212
71216
71246
71252
71340
71479
71480
71497
71506
71573
71674
71751
71778
71804
71910
72074
72315
72346
72362
72369
72372
72401
72409
72479
72598
72673
72689
72790
72814
72919
73062
73120
73251
73288
73295
73296
73429
73690
73959
74005
74014
74254
74301
74362
74421
74510
74576
74663
74679
74700
74788
74848
74854
74866
74933
74956
75043
75121
75222
75471
75553
75693
75719
75730
75741
75771
75790
75821
75895
75968
76010
76098
76102
76137
76155
76202
76307
76393
76418
76448
76454
76511
76571
76579
76614
76684
76714
76835
76886
76915
77006
77161
77184
77214
77264
77370
77622
77728
77800
77861
77883
78010
78072
78316
78432
78479
78509
78575
78616
78623
78648
78742
78809
78859
78895
79016
79025
79037
79432
79435
79477
79518
79555
79775
79789
79860
79917
79927
79954
80050
80079
80081
80084
80102
80137
80158
80174
80201
80214
80268
80321
80332
80450
80476
80480
80512
80793
80968
81044
81084
81148
81186
81192
81229
81238
81248
81487
81579
81766
81773
81828
81839
81898
81982
82094
82211
82226
82240
82263
82581
82594
82609
82755
82791
82853
82864
82907
83029
83146
83348
83532
83539
83624
83625
83837
84054
84088
84115
84123
84191
84202
84217
84259
84293
84326
84373
84512
84773
84810
84887
84946
85228
85388
85470
85514
85837
85847
85919
86093
86108
86122
86162
86200
86323
86334
86343
86369
86392
86412
86460
86484
86503
86582
86613
86617
86651
86661
86691
86698
86723
86806
86903
87058
87155
87229
87313
87381
87415
87421
87494
87516
87547
87560
87562
87611
87614
87635
87651
87700
87717
87753
87909
87974
87984
88035
88041
88091
88206
88299
88319
88466
88469
88547
88653
88660
88667
88676
88707
88727
88816
88886
88990
89013
89036
89043
89118
89160
89186
89208
89286
89427
89804
89817
90010
90097
90347
90509
90625
90652
90692
90716
90781
90792
90798
90799
90856
90961
91047
91193
91420
