59799
59801
59802
59805
59806
59808
59813
59815
59823
59830
59833
59838
59841
59849
59851
59860
59861
59863
59870
59874
59879
59882
59886
59897
59901
59905
59909
59928
59932
59934
59941
59950
59957
59962
59964
59972
59975
59976
59983
60004
60006
60024
60037
60075
60076
60081
60082
60083
60084
60088
60102
60104
60105
60106
60116
60121
60128
60131
60132
60135
60142
60145
60146
60148
60155
60156
60157
60158
60161
60168
60169
60174
60175
60179
60180
60182
60186
60189
60190
60194
60198
60201
60204
60213
60214
60219
60222
60225
60226
60227
60233
60242
60246
60248
60249
60251
60255
60257
60263
60265
60270
60271
60279
60284
60288
60289
60299
60301
60302
60316
60322
60324
60326
60328
60329
60333
60335
60338
60343
60345
60346
60353
60357
60361
60366
60370
60371
60377
60385
60386
60392
60396
60403
60409
60410
60411
60412
60413
60429
60431
60434
60439
60442
60443
60444
60446
60449
60450
60452
60456
60457
60459
60460
60461
60464
60468
60476
60479
60485
60489
60493
60498
60503
60506
60509
60513
60514
60515
60519
60520
60525
60538
60540
60541
60542
60561
60566
60568
60572
60573
60581
60591
60617
60621
60622
60631
60638
60641
60650
60654
60660
60667
60672
60673
60674
60680
60681
60684
60685
60693
60694
60699
60704
60711
60720
60727
60728
60729
60730
60734
60737
60739
60741
60742
60746
60747
60756
60757
60761
60765
60768
60770
60773
60777
60791
60794
60803
60812
60815
60818
60823
60825
60827
60828
60834
60837
60838
60840
60841
60842
60843
60844
60845
60848
60849
60860
60866
60870
60872
60877
60879
60884
60890
60893
60902
60903
60904
60907
60908
60910
60912
60913
60915
60922
60924
60926
60947
60948
60949
60952
60959
60967
60970
60976
60983
60985
60989
60997
60999
61003
61007
61010
61027
61030
61031
61036
61040
61041
61044
61046
61048
61050
61053
61058
61059
61062
61070
61076
61084
61085
61086
61088
61089
61094
61101
61110
61115
61123
61134
61137
61144
61149
61150
61152
61154
61165
61168
61172
61176
61178
61180
61185
61190
61192
61193
61196
61204
61217
61219
61223
61236
61245
61250
61252
61259
61261
61270
61273
61279
61282
61285
61289
61291
61293
61306
61308
61309
61316
61324
61339
61352
61355
61356
61365
61368
61371
61374
61377
61387
61388
61407
61411
61413
61419
61434
61436
61451
61452
61457
61460
61469
61472
61476
61477
61480
61485
61492
61493
61496
61499
61503
61504
61505
61508
61511
61512
61513
61514
61523
61526
61533
61539
61540
61543
61545
61551
61556
61557
61565
61569
61570
61578
61583
61588
61591
61594
61603
61612
61619
61621
61623
61628
61633
61637
61640
61645
61646
61648
61653
61657
61658
61661
61662
61663
61664
61665
61667
61668
61669
61670
61671
61672
61674
61675
61677
61678
61688
61691
61693
61694
61695
61698
61700
61701
61703
61708
61709
61711
61714
61718
61729
61730
61736
61737
61742
61743
61750
61751
61757
61764
61765
61767
61771
61779
61780
61783
61784
61785
61791
61792
61798
61800
61803
61809
61814
61818
61819
61820
61823
61824
61826
61827
61828
61832
61834
61835
61836
61843
61859
61861
61875
61887
61901
61904
61906
61917
61934
61949
61955
61957
61962
61965
61983
61986
61990
61991
61994
61995
61996
62000
62005
62010
62012
62013
62018
62024
62029
62037
62044
62047
62049
62050
62053
62057
62060
62069
62070
62073
62074
62079
62086
62089
62091
62097
62100
62101
62105
62108
62114
62115
62116
62117
62125
62127
62132
62135
62147
62155
62161
62162
62165
62167
62170
62171
62173
62174
62175
62181
62200
62203
62207
62208
62212
62214
62215
62226
62227
62229
62234
62241
62243
62245
62250
62261
62262
62264
62267
62268
62270
62271
62280
62281
62301
62302
62305
62306
62309
62310
62311
62313
62317
62322
62326
62328
62336
62337
62338
62341
62344
62356
62363
62368
62378
62384
62386
62394
62405
62407
62409
62412
62413
62419
62424
62427
62434
62440
62444
62445
62448
62455
62459
62462
62465
62466
62473
62478
62481
62483
62484
62487
62488
62500
62501
62504
62514
62515
62522
62523
62529
62531
62532
62537
62539
62544
62548
62556
62559
62564
62576
62582
62583
62601
62603
62609
62610
62615
62624
62625
62628
62630
62632
62636
62640
62642
62644
62645
62650
62651
62653
62654
62655
62660
62665
62667
62669
62670
62673
62674
62678
62681
62692
62694
62704
62713
62714
62721
62722
62729
62739
62746
62751
62762
62769
62772
62775
62783
62786
62788
62789
62799
62801
62816
62817
62818
62825
62835
62846
62853
62862
62874
62878
62883
62886
62887
62890
62896
62899
62901
62904
62905
62909
62910
62911
62912
62918
62921
62929
62935
62937
62939
62940
62942
62949
62950
62952
62956
62957
62961
62966
62967
62971
62976
62978
62986
62988
62996
63003
63005
63013
63016
63020
63022
63029
63035
63036
63041
63049
63051
63056
63059
63063
63067
63074
63088
63094
63096
63099
63102
63104
63107
63108
63110
63115
63118
63124
63125
63126
63132
63139
63143
63146
63151
63153
63159
63162
63168
63170
63204
63207
63208
63219
63225
63229
63234
63235
63241
63242
63253
63254
63256
63260
63264
63265
63267
63268
63270
63275
63276
63281
63290
63295
63296
63301
63302
63311
63312
63316
63321
63327
63338
63342
63343
63344
63345
63346
63363
63367
63370
63386
63391
63393
63405
63413
63416
63417
63420
63430
63431
63434
63439
63443
63446
63450
63454
63455
63456
63463
63464
63466
63467
63471
63478
63479
63482
63496
63508
63519
63524
63536
63539
63541
63549
63550
63551
63555
63556
63569
63575
63576
63580
63585
63589
63590
63593
63596
63604
63608
63609
63617
63618
63622
63625
63627
63630
63632
63655
63656
63661
63679
63685
63695
63700
63703
63705
63708
63713
63717
63718
63720
63721
63724
63728
63738
63742
63745
63746
63751
63756
63759
63763
63764
63765
63767
63776
63779
63794
63795
63801
63805
63811
63812
63813
63817
63826
63828
63836
63838
63839
63841
63842
63844
63847
63852
63853
63858
63863
63869
63873
63874
63876
63880
63891
63892
63897
63900
63905
63911
63921
63922
63923
63925
63937
63946
63947
63960
63964
63973
63978
63981
63984
63988
63991
63992
63997
64000
64002
64003
64008
64013
64017
64024
64026
64034
64041
64042
64051
64052
64053
64056
64058
64059
64065
64066
64069
64070
64073
64075
64083
64087
64093
64097
64098
64100
64103
64110
64111
64118
64126
64129
64132
64141
64142
64143
64149
64151
64153
64160
64161
64165
64174
64179
64180
64181
64182
64184
64185
64189
64196
64199
64200
64202
64205
64211
64221
64232
64233
64236
64240
64256
64263
64269
64273
64276
64286
64288
64289
64290
64291
64297
64300
64302
64307
64321
64324
64328
64333
64339
64342
64348
64349
64357
64360
64362
64367
64385
64389
64395
64402
64406
64418
64419
64432
64446
64452
64456
64457
64463
64468
64477
64478
64482
64484
64491
64494
64497
64512
64514
64515
64516
64518
64519
64520
64521
64522
64530
64531
64536
64537
64546
64549
64551
64559
64560
64561
64566
64570
64579
64584
64587
64618
64619
64624
64625
64629
64637
64640
64643
64646
64647
64648
64650
64653
64657
64659
64661
64665
64672
64674
64675
64678
64685
64686
64688
64690
64691
64692
64693
64694
64698
64699
64714
64715
64717
64719
64721
64727
64729
64737
64740
64741
64746
64749
64752
64754
64758
64762
64763
64765
64769
64777
64782
64784
64785
64788
64790
64796
64803
64805
64808
64810
64811
64842
64857
64871
64872
64875
64876
64880
64885
64889
64933
64939
64940
64941
64952
64953
64954
64955
64957
64968
64969
64970
64972
64974
64983
64984
64990
64993
64994
65001
65002
65010
65013
65018
65029
65038
65064
65068
65069
65075
65076
65082
65086
65088
65108
65109
65113
65144
65175
65182
65196
65203
65209
65212
65228
65235
65250
65254
65256
65275
65277
65280
65287
65294
65296
65298
65302
65307
65325
65331
65336
65340
65363
65365
65368
65373
65376
65385
65388
65389
65393
65396
65402
65405
65411
65414
65437
65446
65447
65455
65456
65457
65458
65463
65465
65470
65474
65477
65478
65488
65489
65490
65498
65500
65501
65502
65503
65512
65522
65524
65526
65530
65532
65538
65547
65549
65551
65552
65557
65575
65582
65583
65590
65601
65602
65604
65608
65609
65610
65613
65619
65622
65625
65628
65629
65632
65638
65639
65643
65645
65662
65663
65665
65669
65676
65679
65699
65712
65720
65730
65737
65738
65751
65756
65758
65759
65760
65770
65796
65800
65805
65810
65820
65821
65834
65844
65849
65859
65870
65880
65891
65899
65902
65905
65906
65913
65917
65922
65923
65927
65928
65929
65932
65933
65939
65941
65958
65972
65975
65976
65978
65980
65990
65991
66002
66005
66008
66011
66014
66016
66017
66029
66035
66050
66057
66058
66064
66070
66071
66072
66075
66076
66077
66086
66088
66091
66097
66107
66108
66112
66113
66114
66115
66122
66123
66127
66136
66138
66139
66144
66145
66158
66161
66162
66167
66172
66177
66188
66211
66214
66218
66221
66225
66244
66256
66258
66276
66277
66278
66279
66280
66293
66299
66306
66309
66310
66326
66331
66342
66344
66345
66347
66358
66360
66363
66365
66371
66373
66380
66381
66388
66392
66396
66406
66421
66424
66439
66440
66442
66446
66454
66459
66463
66471
66473
66475
66488
66499
66515
66516
66517
66518
66527
66529
66531
66535
66537
66542
66544
66551
66558
66559
66561
66564
66567
66568
66577
66578
66587
66589
66590
66591
66593
66596
66598
66599
66600
66608
66615
66617
66619
66624
66637
66642
66652
66666
66679
66686
66688
66692
66693
66702
66713
66723
66731
66732
66740
66750
66757
66765
66767
66771
66773
66774
66779
66781
66793
66807
66808
66815
66824
66827
66830
66848
66853
66854
66856
66857
66861
66862
66867
66870
66875
66877
66881
66885
66894
66896
66899
66907
66914
66915
66916
66924
66927
66938
66941
66949
66951
66957
66964
66965
66971
66974
66980
66994
67004
67005
67011
67012
67021
67023
67025
67029
67045
67061
67067
67069
67070
67076
67077
67079
67084
67089
67092
67095
67098
67105
67111
67122
67125
67126
67127
67149
67160
67169
67179
67187
67191
67195
67215
67217
67223
67225
67227
67233
67234
67241
67244
67254
67255
67258
67261
67265
67274
67275
67277
67281
67285
67290
67293
67296
67302
67308
67318
67335
67338
67345
67350
67355
67356
67364
67370
67382
67388
67394
67411
67414
67418
67425
67426
67434
67436
67438
67439
67462
67463
67469
67470
67478
67480
67481
67482
67483
67485
67489
67507
67510
67513
67514
67515
67521
67522
67526
67527
67537
67544
67551
67555
67565
67570
67574
67580
67581
67584
67595
67600
67603
67607
67610
67618
67628
67629
67630
67634
67638
67646
67651
67659
67661
67665
67673
67674
67693
67696
67699
67702
67706
67707
67714
67718
67722
67729
67731
67737
67742
67744
67750
67753
67759
67768
67772
67773
67779
67782
67783
67784
67790
67791
67794
67796
67798
67800
67801
67802
67813
67825
67826
67831
67849
67851
67852
67859
67867
67872
67876
67885
67893
67899
67923
67924
67925
67935
67936
67942
67945
67946
67949
67956
67958
67962
67964
67969
67979
67983
67985
67996
67999
68015
68017
68022
68024
68031
68032
68034
68035
68037
68039
68046
68049
68056
68057
68061
68062
68065
68068
68075
68083
68094
68097
68100
68106
68107
68115
68116
68118
68130
68131
68139
68149
68150
68153
68154
68159
68187
68192
68200
68218
68230
68236
68238
68254
68259
68265
68266
68270
68279
68281
68286
68292
68293
68299
68318
68319
68320
68323
68327
68328
68333
68334
68338
68344
68350
68355
68360
68361
68369
68377
68378
68379
68390
68392
68399
68400
68401
68404
68413
68414
68416
68418
68420
68422
68427
68429
68432
68437
68438
68439
68444
68459
68465
68469
68471
68477
68481
68482
68484
68487
68491
68492
68503
68520
68529
68532
68533
68537
68545
68546
68553
68554
68555
68557
68558
68559
68573
68577
68579
68588
68591
68597
68600
68601
68611
68614
68616
68626
68627
68634
68637
68640
68641
68643
68647
68660
68661
68662
68664
68675
68677
68679
68680
68682
68683
68687
68691
68692
68696
68700
68704
68715
68723
68727
68742
68744
68757
68767
68768
68769
68773
68784
68785
68796
68797
68814
68815
68818
68819
68824
68841
68842
68846
68847
68864
68865
68867
68868
68883
68886
68888
68903
68905
68907
68911
68912
68913
68914
68931
68939
68941
68942
68943
68945
68948
68949
68950
68952
68959
68970
68971
68973
68981
68986
68989
69000
69002
69005
69006
69010
69011
69024
69025
69045
69046
69054
69060
69065
69069
69073
69084
69086
69088
69105
69108
69109
69110
69114
69121
69127
69128
69131
69137
69141
69142
69146
69151
69162
69167
69171
69172
69181
69182
69185
69194
69198
69200
69204
69206
69208
69213
69222
69231
69232
69233
69238
69240
69241
69248
69250
69253
69255
69256
69261
69266
69267
69270
69273
69278
69279
69284
69287
69288
69295
69299
69305
69308
69320
69323
69335
69340
69341
69347
69349
69353
69357
69361
69363
69366
69367
69372
69373
69375
69378
69383
69391
69392
69393
69395
69401
69408
69416
69440
69442
69454
69456
69457
69463
69465
69476
69479
69481
69483
69491
69501
69508
69515
69517
69520
69522
69529
69541
69543
69547
69549
69551
69555
69566
69577
69578
69579
69581
69584
69588
69598
69603
69605
69609
69613
69615
69617
69634
69640
69644
69648
69660
69662
69663
69667
69670
69672
69674
69675
69677
69680
69683
69688
69697
69701
69704
69706
69707
69715
69724
69727
69730
69738
69739
69745
69746
69751
69760
69762
69763
69770
69772
69774
69776
69794
69795
69802
69808
69810
69815
69823
69832
69833
69836
69843
69845
69847
69851
69855
69858
69860
69862
69865
69870
69880
69894
69912
69913
69917
69926
69927
69935
69936
69940
69945
69950
69961
69962
69966
69975
69977
69981
69984
69987
69990
69994
69999
70002
70007
70009
70010
70013
70018
70023
70027
70044
70046
70053
70055
70068
70069
70074
70077
70078
70086
70100
70108
70113
70117
70128
70130
70132
70138
70139
70141
70145
70146
70155
70158
70166
70167
70171
70177
70179
70182
70183
70187
70189
70195
70199
70204
70208
70210
70211
70213
70225
70229
70238
70240
70246
70254
70258
70260
70263
70264
70269
70281
70282
70285
70294
70307
70310
70318
70319
70324
70325
70327
70334
70336
70337
70342
70346
70353
70356
70361
70363
70367
70370
70379
70386
70387
70393
70395
70396
70407
70411
70413
70419
70424
70433
70436
70441
70445
70447
70448
70450
70452
70453
70456
70463
70466
70468
70470
70473
70475
70491
70499
70500
70501
70511
70513
70515
70525
70527
70529
70531
70539
70548
70551
70554
70556
70558
70568
70571
70572
70573
70574
70580
70585
70589
70593
70597
70601
70613
70620
70625
70627
70637
70643
70647
70653
70669
70671
70678
70681
70686
70687
70688
70701
70702
70703
70713
70714
70725
70728
70729
70733
70735
70738
70740
70741
70742
70752
70782
70786
70791
70807
70812
70817
70818
70824
70839
70840
70845
70846
70849
70850
70886
70887
70888
70892
70897
70898
70899
70913
70915
70918
70925
70926
70929
70930
70933
70934
70944
70946
70949
70952
70953
70960
70968
70969
70970
70972
70980
70987
70991
70992
70994
70995
71010
71011
71012
71014
71018
71021
71027
71028
71030
71038
71040
71044
71055
71056
71060
71062
71070
71071
71077
71096
71099
71101
71104
71111
71116
71118
71120
71124
71134
71138
71140
71148
71153
71165
71171
71183
71187
71199
71217
71219
71224
71227
71229
71231
71242
71245
71248
71249
71250
71253
71256
71263
71271
71275
71278
71281
71284
71291
71301
71303
71310
71311
71312
71315
71316
71317
71318
71320
71322
71323
71330
71334
71339
71341
71343
71347
71348
71351
71352
71358
71359
71360
71363
71372
71378
71380
71384
71387
71391
71392
71396
71398
71399
71405
71411
71419
71420
71421
71423
71426
71428
71439
71445
71448
71455
71459
71468
71471
71472
71475
71476
71482
71485
71486
71494
71511
71513
71515
71519
71525
71544
71553
71554
71564
71566
71568
71580
71582
71583
71594
71598
71600
71601
71604
71606
71613
71614
71617
71618
71632
71637
71640
71642
71643
71650
71652
71653
71658
71659
71661
71663
71675
71679
71681
71682
71687
71689
71693
71697
71699
71705
71706
71707
71712
71715
71717
71719
71721
71725
71733
71735
71738
71740
71753
71754
71756
71775
71777
71782
71790
71791
71793
71797
71799
71807
71808
71816
71817
71820
71828
71829
71832
71834
71835
71848
71850
71854
71858
71862
71877
71878
71886
71891
71892
71898
71913
71915
71924
71927
71931
71939
71942
71943
71945
71950
71955
71959
71968
71971
71974
71980
71984
71986
71987
71993
71995
72001
72002
72006
72009
72014
72016
72023
72026
72037
72038
72039
72041
72049
72050
72051
72053
72060
72066
72068
72072
72078
72084
72090
72092
72094
72096
72098
72099
72101
72102
72114
72116
72117
72121
72128
72129
72130
72137
72145
72146
72147
72149
72161
72165
72168
72180
72181
72182
72185
72189
72196
72197
72199
72206
72207
72209
72211
72223
72235
72243
72250
72253
72255
72263
72268
72273
72279
72288
72292
72294
72295
72297
72302
72303
72309
72310
72321
72322
72323
72324
72329
72337
72340
72344
72345
72349
72350
72354
72355
72356
72358
72359
72364
72368
72371
72375
72377
72379
72383
72389
72391
72398
72403
72405
72415
72416
72418
72419
72420
72421
72422
72425
72431
72436
72440
72454
72455
72457
72458
72461
72465
72467
72468
72470
72473
72476
72478
72486
72487
72488
72498
72501
72514
72517
72535
72536
72543
72555
72556
72560
72579
72581
72583
72584
72587
72590
72591
72594
72603
72606
72611
72620
72623
72631
72632
72640
72641
72647
72655
72660
72665
72666
72670
72674
72677
72684
72686
72693
72697
72708
72713
72724
72728
72730
72732
72734
72735
72737
72741
72747
72751
72764
72780
72782
72796
72797
72805
72806
72813
72816
72817
72823
72825
72826
72828
72829
72838
72842
72843
72844
72863
72869
72870
72880
72882
72885
72886
72889
72892
72893
72897
72900
72905
72913
72918
72921
72931
72936
72939
72940
72943
72950
72952
72954
72959
72960
72961
72964
72975
72982
72984
72988
72994
72997
73005
73007
73024
73031
73032
73039
73042
73043
73050
73054
73070
73071
73076
73083
73088
73093
73103
73113
73114
73119
73124
73126
73139
73148
73153
73160
73162
73165
73171
73175
73176
73181
73188
73192
73202
73203
73206
73208
73210
73211
73220
73225
73228
73229
73232
73233
73234
73235
73236
73238
73240
73245
73248
73249
73257
73258
73260
73262
73266
73267
73268
73272
73273
73277
73287
73289
73299
73303
73306
73317
73319
73323
73325
73332
73336
73338
73339
73341
73348
73351
73365
73378
73379
73388
73389
73400
73401
73403
73412
73421
73445
73450
73451
73452
73454
73455
73461
73462
73464
73465
73469
73476
73481
73482
73483
73494
73501
73503
73506
73507
73508
73511
73515
73521
73522
73526
73531
73546
73552
73557
73558
73561
73567
73568
73571
73578
73579
73580
73584
73586
73589
73590
73594
73595
73605
73606
73610
73611
73612
73615
73620
73622
73624
73625
73627
73634
73635
73640
73644
73650
73651
73654
73658
73663
73665
73666
73670
73677
73679
73682
73686
73704
73709
73710
73714
73717
73719
73722
73723
73726
73727
73731
73733
73739
73744
73746
73759
73763
73764
73768
73772
73775
73781
73785
73788
73789
73790
73802
73804
73811
73814
73819
73821
73822
73832
73833
73834
73835
73840
73841
73843
73845
73847
73850
73853
73856
73859
73863
73865
73867
73876
73879
73880
73884
73889
73891
73898
73900
73906
73913
73914
73921
73922
73926
73927
73930
73933
73940
73942
73944
73947
73948
73950
73953
73955
73958
73960
73965
73966
73972
73978
73980
73984
73990
73991
73994
73996
74000
74002
74004
74009
74011
74018
74020
74021
74023
74029
74039
74046
74056
74061
74063
74066
74073
74076
74079
74080
74084
74086
74088
74089
74096
74099
74101
74105
74109
74115
74121
74122
74123
74126
74132
74136
74138
74140
74143
74144
74145
74148
74153
74157
74167
74170
74176
74184
74185
74186
74192
74193
74212
74215
74217
74240
74241
74246
74252
74264
74268
74271
74272
74274
74275
74279
74294
74299
74309
74311
74319
74320
74324
74325
74327
74329
74334
74338
74339
74351
74363
74366
74367
74369
74370
74373
74384
74385
74386
74388
74391
74397
74401
74403
74406
74411
74412
74415
74418
74420
74427
74428
74429
74431
74432
74441
74445
74449
74450
74457
74459
74461
74462
74464
74467
74473
74475
74478
74481
74498
74500
74514
74524
74525
74526
74532
74537
74538
74539
74542
74544
74548
74552
74555
74556
74558
74571
74581
74585
74587
74588
74589
74593
74595
74598
74604
74605
74609
74621
74628
74629
74634
74638
74639
74647
74648
74651
74657
74680
74686
74687
74688
74692
74705
74709
74717
74723
74740
74742
74746
74752
74757
74763
74766
74773
74775
74784
74786
74789
74791
74796
74800
74804
74808
74813
74818
74825
74832
74833
74834
74835
74838
74841
74843
74847
74859
74861
74862
74864
74870
74895
74901
74903
74915
74916
74917
74919
74922
74924
74925
74928
74930
74936
74938
74950
74957
74964
74975
74978
74979
74980
75004
75014
75016
75019
75031
75032
75036
75037
75039
75054
75057
75058
75061
75064
75071
75085
75086
75087
75089
75095
75106
75109
75120
75122
75123
75128
75143
75144
75145
75150
75163
75164
75168
75170
75181
75185
75193
75198
75202
75204
75205
75213
75218
75219
75221
75224
75230
75231
75234
75236
75240
75243
75244
75245
75253
75262
75272
75278
75279
75280
75292
75296
75298
75305
75318
75319
75321
75325
75326
75330
75332
75336
75337
75340
75341
75368
75382
75403
75418
75427
75431
75438
75439
75452
75462
75469
75472
75478
75481
75489
75499
75522
75524
75526
75527
75539
75547
75548
75549
75550
75558
75560
75562
75569
75570
75574
75576
75580
75582
75584
75586
75590
75593
75603
75605
75623
75628
75631
75636
75651
75652
75658
75662
75666
75670
75679
75695
75696
75703
75708
75714
75724
75757
75758
75759
75769
75773
75776
75785
75795
75797
75803
75812
75816
75818
75828
75836
75864
75878
75881
75886
75894
75899
75900
75904
75905
75915
75916
75921
75934
75935
75936
75937
75939
75945
75949
75950
75955
75956
75957
75958
75963
75965
75969
75970
75977
75986
75988
75991
75992
75997
75999
76002
76009
76011
76014
76015
76020
76022
76025
76026
76028
76030
76033
76038
76042
76043
76047
76051
76053
76055
76057
76061
76062
76075
76081
76084
76088
76092
76099
76103
76107
76113
76118
76120
76123
76124
76126
76144
76149
76156
76157
76158
76164
76167
76168
76175
76176
76179
76181
76182
76185
76193
76199
76203
76205
76213
76219
76221
76222
76225
76230
76236
76238
76241
76244
76248
76249
76262
76266
76267
76276
76278
76289
76299
76305
76311
76317
76318
76319
76320
76321
76329
76331
76332
76341
76342
76343
76347
76350
76353
76358
76360
76363
76369
76371
76373
76375
76384
76390
76404
76408
76419
76422
76429
76438
76439
76440
76445
76450
76452
76453
76461
76463
76472
76477
76478
76479
76482
76483
76485
76490
76491
76493
76496
76497
76500
76502
76503
76508
76514
76516
76518
76519
76527
76528
76532
76533
76535
76537
76542
76543
76547
76550
76551
76554
76557
76559
76560
76567
76572
76580
76591
76594
76595
76598
76604
76615
76617
76620
76632
76643
76644
76645
76648
76650
76651
76653
76657
76659
76663
76666
76667
76669
76673
76687
76688
76689
76692
76696
76698
76700
76703
76707
76708
76715
76716
76735
76736
76739
76745
76754
76755
76756
76760
76762
76763
76765
76766
76775
76776
76777
76779
76786
76787
76792
76795
76799
76805
76806
76808
76832
76834
76837
76839
76843
76865
76875
76883
76884
76889
76890
76894
76896
76913
76916
76922
76926
76927
76929
76933
76936
76944
76946
76947
76952
76954
76957
76958
76963
76966
76971
76974
76986
76988
76990
76991
76992
77003
77005
77008
77009
77016
77020
77022
77032
77033
77043
77050
77056
77060
77063
77064
77070
77077
77079
77082
77085
77089
77094
77096
77097
77102
77106
77108
77120
77122
77123
77130
77149
77154
77156
77159
77160
77165
77171
77177
77180
77185
77186
77200
77202
77210
77211
77216
77228
77232
77235
77247
77250
77253
77258
77289
77294
77302
77304
77307
77309
77310
77314
77315
77317
77319
77325
77328
77329
77335
77336
77340
77341
77352
77378
77379
77381
77384
77389
77398
77406
77410
77411
77419
77420
77423
77426
77427
77428
77432
77438
77441
77452
77455
77461
77462
77468
77469
77483
77493
77494
77509
77515
77521
77535
77541
77542
77551
77556
77563
77569
77574
77577
77605
77607
77613
77619
77626
77636
77638
77640
77644
77652
77655
77657
77672
77673
77677
77687
77688
77689
77695
77703
77704
77708
77710
77714
77721
77722
77725
77740
77742
77744
77746
77748
77752
77764
77765
77772
77775
77777
77779
77786
77787
77789
77791
77795
77797
77807
77808
77811
77816
77817
77824
77826
77835
77849
77863
77870
77873
77875
77878
77882
77884
77889
77892
77894
77897
77899
77904
77922
77930
77934
77936
77939
77944
77950
77952
77958
77961
77965
77983
78007
78012
78020
78026
78030
78036
78037
78045
78052
78053
78054
78056
78060
78065
78068
78073
78074
78078
78086
78087
78088
78100
78101
78103
78106
78116
78121
78122
78125
78132
78136
78137
78154
78155
78167
78170
78174
78183
78187
78189
78193
78202
78205
78206
78212
78217
78218
78219
78223
78244
78246
78253
78256
78259
78262
78279
78286
78288
78289
78308
78312
78315
78319
78321
78338
78342
78345
78346
78351
78354
78376
78384
78386
78393
78400
78405
78409
78413
78418
78427
78438
78443
78449
78458
78463
78472
78505
78510
78516
78517
78528
78529
78534
78543
78546
78548
78550
78560
78568
78571
78572
78576
78584
78601
78605
78614
78620
78622
78633
78639
78643
78644
78646
78651
78659
78664
78669
78670
78692
78699
78700
78701
78704
78709
78712
78726
78730
78732
78735
78736
78757
78767
78777
78780
78783
78785
78786
78787
78789
78804
78814
78815
78819
78821
78828
78833
78840
78860
78865
78867
78876
78877
78878
78879
78890
78897
78898
78900
78909
78910
78936
78940
78943
78946
78948
78951
78953
78962
78963
78966
78967
78980
78988
78998
79000
79005
79008
79026
79027
79028
79029
79030
79032
79043
79044
79046
79047
79051
79054
79059
79060
79064
79069
79072
79076
79083
79092
79097
79098
79099
79100
79104
79109
79110
79112
79113
79119
79137
79139
79142
79149
79152
79153
79159
79160
79161
79179
79186
79188
79190
79192
79210
79214
79218
79220
79226
79228
79269
79274
79275
79282
79283
79290
79291
79296
79300
79315
79316
79319
79334
79337
79338
79340
79344
79345
79357
79358
79363
79364
79372
79374
79376
79379
79380
79384
79386
79387
79388
79389
79391
79393
79394
79396
79404
79409
79410
79411
79415
79417
79431
79433
79439
79442
79444
79455
79464
79469
79479
79480
79492
79494
79495
79501
79504
79514
79520
79532
79537
79543
79545
79547
79554
79564
79570
79578
79584
79591
79599
79605
79607
79619
79627
79628
79632
79637
79641
79650
79655
79663
79683
79685
79687
79694
79697
79698
79700
79708
79711
79715
79719
79730
79742
79751
79755
79756
79761
79767
79768
79787
79790
79792
79793
79796
79798
79803
79807
79817
79820
79824
79827
79828
79832
79839
79840
79848
79851
79862
79873
79881
79884
79893
79908
79920
79923
79926
79934
79941
79943
79947
79959
79983
79988
79996
80000
80001
80010
80011
80015
80021
80038
80058
80064
80069
80071
80074
80076
80089
80097
80098
80099
80108
80111
80117
80118
80122
80123
80127
80128
80129
80132
80133
80142
80148
80153
80154
80156
80163
80169
80172
80184
80185
80189
80191
80206
80210
80222
80233
80236
80237
80239
80241
80242
80243
80244
80246
80250
80254
80258
80261
80262
80263
80271
80276
80277
80281
80286
80289
80290
80298
80303
80306
80312
80315
80317
80318
80323
80324
80328
80341
80343
80346
80351
80357
80359
80367
80376
80386
80387
80389
80394
80397
80401
80412
80415
80425
80426
80436
80439
80443
80455
80456
80458
80463
80481
80484
80491
80495
80499
80506
80509
80511
80513
80515
80518
80529
80538
80540
80544
80546
80549
80551
80553
80556
80558
80560
80570
80574
80585
80586
80590
80594
80596
80612
80622
80623
80624
80625
80631
80645
80650
80663
80664
80677
80678
80679
80683
80694
80703
80706
80711
80712
80715
80726
80728
80735
80738
80740
80746
80751
80757
80763
80768
80780
80782
80788
80792
80794
80797
80803
80807
80808
80812
80814
80818
80825
80829
80830
80834
80837
80840
80846
80848
80851
80858
80870
80872
80885
80888
80895
80896
80901
80903
80904
80907
80911
80912
80927
80929
80935
80942
80945
80946
80963
80964
80965
80985
80988
80995
81005
81007
81009
81022
81027
81029
81045
81064
81068
81069
81076
81077
81079
81081
81085
81087
81090
81095
81096
81111
81112
81114
81125
81132
81135
81139
81150
81153
81157
81165
81168
81175
81177
81182
81189
81194
81198
81199
81200
81205
81209
81210
81212
81234
81235
81239
81240
81245
81247
81249
81251
81254
81255
81256
81261
81266
81273
81274
81275
81283
81287
81291
81303
81315
81323
81330
81332
81342
81345
81346
81357
81367
81372
81373
81374
81377
81383
81386
81395
81399
81403
81404
81413
81414
81429
81434
81435
81439
81442
81451
81452
81456
81459
81460
81466
81467
81474
81475
81477
81494
81498
81507
81510
81513
81514
81515
81516
81519
81522
81524
81526
81530
81533
81537
81538
81540
81542
81550
81553
81557
81562
81563
81573
81580
81584
81593
81598
81600
81601
81602
81605
81606
81607
81613
81620
81625
81629
81635
81636
81637
81640
81647
81649
81652
81654
81657
81660
81661
81671
81672
81674
81679
81685
81690
81696
81699
81700
81702
81708
81724
81725
81729
81732
81735
81743
81744
81750
81758
81763
81767
81771
81777
81781
81790
81793
81804
81806
81810
81814
81816
81822
81823
81835
81840
81841
81843
81844
81847
81852
81865
81866
81868
81876
81883
81894
81899
81903
81911
81921
81923
81924
81926
81929
81932
81937
81948
81953
81954
81960
81969
81970
81974
81975
81977
81980
81981
81988
81991
82001
82002
82003
82010
82019
82020
82022
82029
82038
82040
82049
82056
82063
82064
82081
82100
82101
82103
82109
82111
82112
82116
82117
82123
82127
82139
82141
82142
82143
82149
82150
82151
82158
82159
82162
82166
82183
82186
82199
82213
82229
82232
82236
82246
82249
82254
82256
82257
82260
82272
82273
82276
82279
82284
82290
82292
82293
82298
82300
82312
82315
82319
82324
82329
82336
82339
82344
82351
82357
82361
82362
82363
82367
82368
82372
82374
82378
82382
82390
82394
82399
82404
82405
82408
82410
82411
82414
82419
82420
82423
82424
82432
82433
82434
82439
82442
82445
82446
82447
82450
82453
82454
82456
82481
82484
82487
82488
82496
82504
82506
82508
82509
82512
82517
82522
82523
82526
82527
82530
82533
82537
82538
82541
82546
82547
82551
82553
82566
82571
82579
82580
82584
82590
82592
82598
82603
82605
82606
82614
82615
82616
82629
82647
82657
82669
82671
82672
82678
82702
82715
82726
82727
82728
82734
82735
82736
82749
82765
82767
82773
82776
82777
82778
82779
82787
82789
82793
82806
82808
82815
82827
82828
82829
82832
82835
82837
82855
82858
82860
82862
82866
82868
82875
82877
82878
82882
82886
82902
82911
82920
82921
82923
82928
82935
82944
82945
82957
82959
82966
82968
82973
82981
82986
82988
82995
82997
83009
83021
83023
83026
83032
83039
83040
83046
83049
83057
83063
83072
83074
83078
83080
83082
83090
83092
83094
83095
83098
83104
83106
83108
83115
83116
83118
83129
83130
83132
83133
83134
83138
83154
83163
83172
83173
83181
83182
83192
83199
83200
83202
83203
83207
83208
83212
83215
83219
83224
83236
83245
83251
83253
83254
83257
83262
83263
83264
83267
83268
83272
83273
83278
83284
83286
83287
83295
83296
83300
83302
83303
83314
83319
83324
83333
83368
83378
83379
83384
83388
83400
83402
83404
83412
83413
83424
83425
83433
83438
83439
83443
83445
83451
83456
83461
83463
83467
83472
83476
83486
83489
83495
83498
83500
83507
83510
83514
83516
83517
83522
83528
83530
83531
83544
83547
83549
83553
83560
83561
83567
83583
83591
83592
83595
83603
83607
83609
83613
83618
83619
83622
83623
83627
83633
83634
83639
83645
83646
83649
83650
83651
83673
83683
83685
83687
83695
83702
83705
83707
83717
83734
83744
83747
83756
83758
83761
83762
83767
83769
83772
83773
83776
83778
83785
83794
83804
83806
83808
83809
83814
83824
83836
83848
83856
83857
83859
83865
83866
83868
83869
83874
83881
83882
83884
83891
83894
83898
83903
83906
83908
83918
83923
83928
83931
83932
83938
83953
83964
83966
83973
83974
83976
83980
83981
83982
83986
83988
83990
83991
83996
83997
84009
84022
84027
84034
84038
84047
84053
84060
84070
84075
84081
84095
84096
84098
84105
84111
84113
84114
84118
84121
84122
84124
84138
84142
84144
84154
84156
84168
84173
84177
84187
84190
84193
84194
84218
84219
84222
84239
84242
84244
84247
84251
84253
84256
84265
84273
84275
84282
84295
84299
84300
84303
84311
84314
84318
84325
84329
84337
84340
84361
84362
84369
84394
84397
84417
84420
84425
84426
84435
84438
84447
84461
84466
84469
84471
84475
84493
84494
84496
84501
84526
84527
84532
84540
84541
84555
84556
84569
84571
84576
84579
84583
84590
84591
84604
84611
84613
84617
84621
84623
84630
84637
84639
84645
84646
84651
84657
84668
84679
84687
84689
84703
84705
84707
84712
84713
84722
84727
84729
84730
84734
84744
84746
84750
84754
84757
84761
84767
84768
84769
84776
84777
84781
84784
84788
84798
84800
84801
84803
84823
84827
84830
84832
84837
84838
84843
84844
84845
84854
84856
84859
84861
84864
84866
84884
84890
84896
84900
84909
84915
84921
84922
84924
84930
84938
84947
84952
84957
84959
84976
84978
84982
84989
84993
85000
85007
85014
85017
85033
85034
85036
85049
85055
85058
85070
85071
85073
85079
85080
85088
85097
85099
85105
85106
85116
85117
85118
85123
85124
85125
85128
85129
85134
85136
85139
85156
85164
85171
85173
85176
85177
85178
85179
85185
85186
85187
85196
85208
85215
85216
85217
85219
85226
85238
85239
85241
85244
85245
85246
85258
85261
85267
85268
85269
85270
85271
85272
85273
85275
85280
85281
85284
85289
85291
85294
85300
85301
85303
85304
85315
85321
85331
85333
85337
85339
85342
85344
85346
85348
85349
85351
85363
85367
85373
85377
85379
85383
85389
85397
85398
85401
85402
85404
85420
85422
85423
85430
85434
85457
85459
85464
85477
85486
85491
85499
85509
85510
85515
85518
85521
85531
85532
85533
85535
85540
85541
85543
85545
85549
85554
85558
85568
85571
85572
85573
85575
85585
85586
85587
85589
85590
85595
85597
85600
85601
85604
85605
85607
85610
85615
85616
85621
85632
85634
85636
85638
85640
85646
85647
85650
85652
85667
85687
85693
85696
85698
85706
85711
85718
85723
85730
85731
85742
85743
85744
85745
85746
85752
85753
85756
85762
85765
85767
85768
85769
85770
85773
85776
85782
85786
85787
85794
85795
85797
85800
85802
85809
85810
85811
85812
85816
85820
85821
85822
85824
85828
85841
85842
85843
85844
85846
85852
85854
85855
85858
85862
85864
85868
85870
85873
85876
85881
85885
85886
85888
85893
85894
85897
85898
85901
85902
85903
85921
85923
85928
85929
85933
85937
85942
85944
85945
85946
85947
85948
85949
85950
85954
85957
85965
85982
85986
85987
85988
85990
86014
86016
86018
86022
86023
86028
86029
86036
86040
86042
86044
86050
86052
86057
86058
86061
86062
86063
86064
86067
86075
86077
86080
86082
86088
86089
86091
86092
86099
86101
86103
86116
86119
86120
86121
86123
86124
86125
86126
86128
86133
86134
86135
86138
86140
86143
86149
86156
86161
86163
86179
86180
86186
86191
86203
86204
86207
86211
86212
86217
86219
86221
86223
86228
86231
86232
86238
86239
86243
86244
86246
86247
86250
86256
86258
86259
86263
86267
86272
86274
86276
86277
86278
86280
86281
86285
86289
86290
86291
86292
86293
86298
86302
86305
86308
86311
86314
86315
86316
86318
86320
86321
86322
86326
86331
86332
86336
86337
86339
86340
86341
86342
86348
86351
86356
86389
86393
86400
86414
86418
86420
86421
86422
86424
86426
86427
86430
86438
86440
86445
86453
86456
86458
86459
86462
86463
86466
86472
86478
86488
86494
86495
86507
86519
86520
86525
86527
86528
86536
86538
86542
86545
86550
86556
86557
86560
86562
86578
86579
86586
86587
86602
86604
86610
86611
86615
86622
86624
86627
86631
86634
86636
86639
86642
86646
86647
86648
86649
86650
86654
86656
86663
86672
86679
86685
86687
86688
86692
86706
86709
86711
86712
86716
86719
86724
86726
86728
86732
86750
86752
86762
86766
86771
86777
86787
86789
86791
86800
86801
86803
86804
86809
86811
86813
86818
86824
86825
86826
86836
86842
86844
86846
86850
86855
86859
86860
86865
86867
86869
86870
86871
86872
86875
86879
86881
86884
86885
86887
86888
86898
86899
86904
86911
86912
86916
86928
86929
86933
86936
86940
86943
86952
86954
86956
86960
86961
86964
86968
86976
86984
86985
86997
87009
87010
87011
87014
87021
87023
87024
87026
87027
87030
87032
87041
87043
87044
87045
87046
87051
87056
87061
87063
87064
87069
87082
87086
87088
87091
87094
87098
87100
87102
87103
87104
87115
87116
87130
87135
87136
87143
87144
87149
87156
87157
87160
87162
87175
87180
87186
87188
87193
87195
87197
87200
87202
87214
87221
87226
87231
87233
87246
87250
87258
87260
87263
87265
87267
87279
87280
87291
87292
87293
87295
87297
87301
87303
87304
87305
87307
87326
87328
87331
87335
87337
87338
87350
87352
87354
87356
87363
87364
87366
87371
87374
87378
87391
87396
87397
87408
87409
87413
87417
87422
87426
87427
87431
87434
87435
87443
87453
87463
87465
87471
87473
87476
87481
87490
87495
87496
87499
87501
87502
87503
87507
87519
87522
87525
87530
87533
87534
87539
87540
87567
87572
87574
87577
87578
87587
87597
87598
87599
87608
87616
87617
87618
87619
87620
87621
87622
87627
87629
87633
87639
87655
87667
87675
87688
87691
87693
87695
87698
87699
87710
87724
87729
87741
87746
87748
87749
87752
87754
87756
87759
87762
87765
87768
87769
87770
87772
87785
87787
87791
87795
87797
87804
87817
87826
87831
87835
87838
87841
87842
87843
87844
87849
87857
87859
87866
87867
87875
87877
87881
87888
87889
87891
87892
87894
87899
87901
87903
87908
87916
87917
87922
87927
87929
87941
87942
87944
87953
87954
87957
87958
87960
87964
87973
87977
87979
87990
87991
88000
88002
88011
88019
88021
88023
88027
88031
88045
88047
88051
88054
88057
88065
88069
88071
88082
88083
88086
88096
88099
88100
88103
88107
88122
88123
88124
88125
88130
88135
88138
88144
88152
88160
88162
88163
88164
88166
88169
88170
88171
88172
88175
88176
88177
88179
88188
88190
88198
88200
88217
88231
88233
88236
88239
88240
88245
88248
88249
88251
88252
88260
88261
88263
88269
88274
88276
88289
88290
88297
88301
88304
88308
88311
88312
88313
88322
88323
88325
88338
88341
88348
88357
88358
88359
88363
88377
88382
88390
88394
88397
88400
88403
88404
88411
88418
88419
88420
88426
88427
88431
88435
88442
88444
88446
88450
88451
88470
88477
88478
88481
88482
88484
88486
88489
88492
88493
88500
88501
88508
88513
88518
88519
88527
88528
88533
88539
88541
88542
88544
88545
88548
88550
88553
88555
88564
88566
88568
88569
88570
88572
88573
88578
88580
88582
88583
88585
88592
88597
88604
88606
88608
88612
88614
88618
88619
88627
88634
88636
88637
88638
88640
88641
88642
88648
88655
88657
88658
88666
88668
88674
88677
88678
88682
88685
88694
88696
88703
88706
88709
88713
88714
88723
88725
88726
88728
88731
88735
88737
88742
88743
88744
88746
88748
88749
88759
88761
88764
88774
88780
88782
88785
88788
88790
88798
88799
88800
88801
88815
88817
88819
88828
88832
88833
88835
88838
88843
88851
88852
88855
88859
88862
88865
88866
88873
88877
88883
88893
88902
88903
88905
88907
88908
88917
88921
88931
88939
88940
88944
88946
88947
88948
88951
88954
88956
88970
88972
88974
88978
88983
88987
88989
88991
88999
89005
89008
89010
89012
89019
89021
89022
89026
89028
89029
89032
89037
89038
89039
89053
89055
89056
89057
89060
89064
89066
89070
89071
89076
89077
89078
89081
89083
89086
89087
89088
89100
89103
89105
89106
89112
89113
89116
89117
89119
89121
89123
89124
89127
89129
89130
89143
89144
89146
89149
89150
89151
89156
89157
89161
89165
89167
89168
89173
89175
89190
89192
89193
89195
89196
89200
89201
89202
89204
89207
89211
89215
89218
89220
89224
89225
89227
89233
89235
89242
89244
89245
89248
89250
89251
89252
89253
89264
89265
89289
89296
89300
89301
89305
89310
89316
89317
89321
89323
89327
89328
89334
89342
89346
89356
89357
89366
89369
89372
89377
89379
89385
89386
89387
89389
89406
89407
89413
89418
89420
89424
89432
89436
89437
89440
89444
89454
89456
89458
89463
89465
89466
89470
89471
89473
89477
89479
89481
89508
89513
89521
89529
89533
89537
89538
89545
89549
89551
89556
89558
89562
89569
89570
89571
89573
89574
89576
89579
89580
89583
89584
89586
89588
89589
89591
89595
89613
89614
89619
89624
89625
89626
89627
89632
89640
89641
89647
89649
89650
89656
89661
89666
89672
89681
89682
89684
89685
89687
89702
89705
89712
89715
89718
89730
89738
89748
89750
89754
89760
89764
89767
89778
89779
89787
89791
89793
89800
89805
89810
89821
89828
89830
89836
89838
89839
89841
89842
89845
89853
89854
89861
89862
89867
89870
89876
89879
89880
89886
89891
89892
89905
89912
89913
89915
89918
89924
89926
89927
89928
89933
89936
89938
89943
89944
89947
89953
89960
89964
89966
89967
89972
89973
89975
89979
89981
89984
89985
89988
89989
89991
89992
89993
89994
89995
89998
90000
90008
90009
90012
90015
90021
90030
90032
90039
90041
90053
90062
90064
90070
90087
90088
90090
90093
90099
90100
90114
90120
90131
90132
90136
90145
90154
90160
90170
90173
90180
90183
90189
90193
90197
90199
90202
90213
90220
90221
90222
90231
90237
90239
90242
90244
90245
90253
90258
90261
90262
90263
90266
90272
90274
90275
90277
90279
90281
90288
90306
90308
90309
90310
90316
90320
90325
90340
90345
90346
90351
90360
90363
90374
90375
90382
90387
90398
90407
90410
90412
90416
90423
90424
90425
90429
90434
90437
90438
90442
90443
90444
90446
90463
90468
90474
90475
90478
90479
90484
90487
90488
90491
90493
90505
90507
90518
90520
90523
90526
90533
90540
90541
90544
90545
90549
90551
90554
90560
90565
90577
90578
90579
90580
90585
90586
90591
90592
90595
90596
90598
90602
90605
90609
90611
90613
90616
90621
90623
90626
90629
90630
90639
90658
90663
90676
90677
90678
90679
90680
90682
90686
90702
90703
90705
90715
90724
90736
90738
90741
90752
90758
90759
90768
90770
90772
90775
90778
90783
90784
90785
90793
90794
90801
90805
90806
90813
90814
90820
90821
90826
90838
90839
90840
90845
90849
90857
90859
90862
90868
90875
90879
90883
90889
90891
90894
90901
90902
90911
90912
90914
90920
90929
90932
90933
90934
90937
90949
90959
90967
90970
90974
90975
90978
90979
90984
90985
90986
90989
90991
91000
91002
91005
91006
91007
91009
91012
91015
91021
91022
91026
91030
91031
91033
91035
91037
91038
91051
91057
91063
91066
91068
91070
91084
91085
91091
91099
91100
91107
91123
91137
91141
91146
91149
91157
91164
91170
91182
91184
91190
91194
91197
91201
91207
91214
91216
91221
91232
91235
91237
91239
91242
91244
91246
91247
91250
91254
91259
91264
91269
91275
91279
91281
91284
91288
91289
91300
91305
91313
91325
91328
91336
91338
91339
91341
91349
91356
91359
91362
91364
91366
91372
91383
91388
91389
91397
91401
91404
91406
91410
91411
91412
91417
91419
91426
91427
91429
91430
91441
91447
91453
91455
91460
91461
91472
91475
91478
91479
91481
91482
91492
91498
91502
91506
91508
91509
91528
91537
91542
91549
91561
91562
91569
91570
91573
