60017
60019
60052
60094
60171
60191
60236
60266
60337
60375
60432
60480
60505
60521
60709
60813
60857
60859
61013
61021
61158
61254
61395
61841
61860
62535
62707
63008
63052
63070
63105
63138
63194
63552
63562
64005
64183
64187
64222
64350
64481
65264
65321
65384
65453
65697
65795
65823
65826
65847
65926
65983
65999
66020
66033
66160
66189
66586
66660
66858
67139
67184
67349
67376
67385
67393
67657
67679
67694
67739
67875
68242
68324
68349
68368
68499
68544
68572
68623
68703
68855
68871
68925
68966
69268
69350
69643
69828
70434
70756
70767
70773
70837
70862
70921
70977
71002
71034
71057
71113
71179
71203
72104
72729
73040
73794
74003
74071
74181
74216
74303
74330
74343
74408
74867
74941
74952
74972
75029
75147
75148
75275
75502
75646
75722
75802
75885
76077
76083
76423
76742
76743
76761
76841
76868
76881
77150
77205
77300
77349
77699
77847
77953
77981
78224
78225
78240
78293
78309
78565
78705
78838
78899
79227
79230
79268
79286
79301
79361
79366
79562
79598
79622
79750
79844
79846
79948
80078
80090
80177
80295
80380
80580
80693
80710
80732
80809
80933
80953
81001
81164
81224
81302
81490
81680
81689
81730
81842
81940
82058
82080
82176
82221
82406
82560
82570
82618
82621
82799
82823
82839
82845
82849
82908
82912
82979
83013
83030
83036
83160
83209
83290
83470
83570
83596
83696
83871
83897
83915
83925
83945
83946
84071
84227
84245
84272
84338
84358
84474
84479
84495
84520
84534
84551
84563
84578
84609
84624
84632
84636
84642
84663
84715
84737
84766
84786
84820
84822
84868
84874
84891
84894
84958
84964
84983
84984
85038
85050
85062
85085
85093
85108
85112
85174
85184
85193
85197
85243
85259
85263
85278
85283
85292
85326
85330
85368
85390
85405
85407
85411
85425
85433
85473
85503
85544
85553
85591
85630
85661
85708
85725
85761
85777
85791
85833
85916
85936
85952
86001
86173
86193
86233
86417
86482
86502
86683
86773
86792
86821
86839
86939
86965
86979
86981
87198
87286
87372
87657
87680
87845
88117
88127
88140
88202
88262
88284
88376
88565
88591
88621
88824
89073
89623
89668
89691
89704
89719
89772
89965
90005
90036
90185
90594
90696
91342
91416
91436
