5
13
23
42
54
55
58
62
82
91
93
95
98
99
109
115
162
169
181
195
199
210
218
219
220
222
252
254
259
279
289
297
326
328
339
341
368
377
398
401
404
407
416
419
424
439
440
444
450
454
455
473
475
482
483
490
492
496
503
505
517
527
533
549
552
561
569
577
578
588
595
614
621
622
624
625
636
643
649
650
662
667
671
704
707
709
712
714
716
728
736
744
753
759
776
778
785
786
795
807
809
814
817
825
827
831
832
836
837
838
846
864
867
871
889
894
901
920
921
931
935
945
958
981
999
1001
1017
1023
1033
1049
1050
1056
1060
1078
1100
1104
1114
1136
1142
1151
1153
1157
1159
1164
1167
1188
1191
1192
1245
1253
1264
1271
1288
1297
1301
1328
1342
1350
1353
1354
1362
1370
1402
1411
1421
1426
1429
1432
1439
1440
1441
1456
1457
1472
1473
1493
1505
1513
1519
1524
1526
1528
1538
1543
1546
1553
1556
1560
1563
1565
1576
1587
1616
1630
1631
1639
1644
1660
1661
1666
1669
1670
1702
1713
1727
1745
1754
1756
1758
1767
1768
1769
1778
1798
1804
1814
1822
1824
1833
1848
1854
1856
1878
1883
1895
1898
1912
1931
1948
1961
1964
1976
2010
2052
2072
2085
2086
2098
2105
2120
2141
2146
2147
2155
2173
2174
2178
2194
2210
2211
2214
2218
2228
2231
2246
2276
2279
2296
2308
2318
2352
2362
2367
2373
2378
2380
2386
2396
2397
2401
2403
2419
2421
2426
2431
2443
2457
2474
2475
2480
2485
2490
2491
2500
2519
2523
2527
2532
2535
2547
2549
2555
2556
2560
2563
2572
2574
2577
2578
2579
2585
2586
2594
2601
2602
2604
2610
2615
2624
2626
2635
2637
2648
2652
2653
2659
2675
2676
2678
2680
2693
2696
2715
2716
2723
2732
2746
2749
2751
2753
2757
2763
2764
2772
2810
2844
2849
2861
2864
2878
2889
2891
2933
2934
2951
2955
2964
2965
2979
2981
2982
2989
3002
3009
3010
3016
3017
3036
3049
3058
3059
3060
3066
3081
3091
3095
3107
3108
3113
3127
3129
3133
3137
3144
3163
3164
3176
3180
3201
3206
3210
3218
3234
3237
3240
3242
3253
3273
3288
3297
3303
3304
3321
3331
3333
3334
3345
3347
3351
3356
3363
3411
3417
3424
3434
3448
3462
3485
3519
3520
3522
3532
3533
3543
3549
3555
3571
3572
3573
3585
3587
3594
3600
3605
3614
3629
3645
3648
3655
3688
3700
3708
3719
3727
3754
3760
3761
3767
3773
3780
3788
3796
3816
3830
3833
3837
3853
3864
3869
3871
3873
3883
3886
3911
3914
3918
3926
3931
3932
3934
3938
3946
3954
3958
3961
3973
3984
3997
3999
4005
4006
4009
4015
4041
4043
4052
4058
4092
4096
4108
4109
4120
4131
4144
4154
4165
4173
4188
4189
4194
4203
4209
4211
4213
4223
4227
4229
4232
4233
4241
4248
4255
4256
4268
4286
4291
4294
4300
4321
4330
4337
4367
4378
4387
4390
4394
4401
4414
4427
4439
4450
4458
4460
4471
4508
4527
4528
4537
4543
4560
4561
4565
4569
4590
4594
4603
4609
4618
4626
4631
4633
4636
4656
4662
4671
4674
4675
4691
4701
4715
4716
4717
4718
4722
4736
4741
4745
4751
4754
4755
4768
4770
4776
4777
4780
4800
4802
4805
4826
4834
4836
4842
4845
4868
4892
4893
4894
4900
4906
4909
4926
4938
4939
4940
4941
4942
4943
4987
4993
5002
5005
5020
5024
5027
5036
5042
5045
5048
5052
5056
5067
5072
5075
5079
5082
5085
5107
5112
5114
5115
5119
5120
5123
5129
5133
5142
5145
5151
5161
5164
5170
5177
5187
5197
5206
5214
5215
5225
5233
5243
5255
5259
5260
5272
5274
5279
5281
5284
5287
5314
5316
5318
5325
5327
5330
5336
5337
5344
5348
5353
5365
5379
5383
5384
5390
5392
5396
5398
5401
5414
5415
5432
5438
5451
5454
5459
5472
5483
5487
5490
5496
5509
5522
5532
5542
5546
5551
5557
5564
5572
5583
5591
5603
5604
5610
5622
5623
5641
5647
5648
5650
5655
5678
5679
5685
5705
5708
5721
5729
5733
5747
5752
5753
5754
5755
5759
5762
5773
5789
5802
5815
5832
5836
5844
5859
5881
5891
5896
5901
5904
5919
5931
5934
5935
5937
5946
5951
5959
5963
5969
5972
5973
5977
5980
5983
5991
5992
5994
6001
6016
6026
6034
6035
6037
6052
6058
6065
6066
6072
6075
6083
6084
6102
6106
6108
6124
6131
6140
6142
6145
6165
6166
6178
6179
6191
6199
6200
6209
6213
6217
6219
6227
6235
6252
6266
6272
6275
6276
6282
6306
6317
6327
6333
6338
6348
6351
6354
6355
6357
6373
6378
6383
6390
6395
6413
6419
6425
6435
6443
6451
6473
6474
6475
6476
6484
6491
6494
6515
6517
6527
6528
6531
6541
6545
6566
6569
6571
6573
6576
6597
6607
6610
6611
6614
6616
6617
6638
6639
6640
6644
6646
6658
6663
6668
6669
6673
6676
6677
6679
6691
6739
6746
6754
6757
6773
6776
6781
6786
6810
6826
6829
6838
6839
6841
6845
6856
6858
6870
6875
6879
6884
6885
6887
6895
6908
6910
6913
6914
6924
6943
6948
6969
6982
6984
6989
7005
7015
7019
7021
7045
7047
7055
7061
7067
7068
7073
7077
7083
7084
7092
7096
7097
7103
7108
7111
7112
7120
7123
7137
7140
7153
7155
7158
7167
7170
7172
7186
7194
7199
7201
7211
7236
7246
7247
7252
7275
7283
7308
7313
7322
7328
7343
7357
7364
7371
7379
7405
7407
7410
7420
7424
7425
7437
7447
7448
7449
7454
7458
7459
7461
7470
7475
7488
7492
7501
7502
7506
7507
7545
7569
7572
7574
7606
7610
7611
7613
7614
7625
7627
7630
7637
7643
7645
7648
7653
7661
7662
7666
7687
7688
7690
7704
7711
7726
7742
7744
7746
7751
7753
7775
7787
7789
7791
7795
7798
7800
7814
7817
7822
7825
7829
7834
7839
7841
7849
7855
7866
7869
7875
7877
7879
7883
7901
7907
7911
7919
7922
7928
7942
7944
7961
7963
7974
7975
8008
8009
8010
8018
8023
8050
8052
8063
8067
8068
8082
8083
8084
8085
8094
8104
8106
8113
8116
8122
8125
8127
8128
8135
8136
8142
8143
8175
8181
8183
8184
8187
8192
8197
8199
8200
8204
8205
8210
8213
8219
8223
8224
8229
8230
8231
8234
8236
8238
8244
8246
8253
8254
8264
8268
8272
8277
8279
8283
8284
8298
8301
8313
8332
8334
8339
8341
8343
8349
8351
8366
8373
8383
8394
8397
8405
8407
8411
8421
8423
8430
8438
8464
8478
8489
8491
8493
8501
8503
8516
8518
8519
8526
8533
8536
8540
8541
8545
8551
8553
8559
8562
8565
8572
8573
8575
8578
8584
8591
8606
8616
8617
8623
8641
8646
8664
8669
8672
8686
8693
8704
8712
8720
8722
8734
8737
8738
8739
8742
8747
8761
8768
8771
8781
8782
8789
8806
8812
8819
8821
8849
8850
8860
8861
8864
8882
8888
8891
8892
8895
8901
8906
8912
8918
8923
8931
8934
8938
8961
8965
8973
8979
8993
9000
9004
9020
9027
9038
9039
9066
9074
9075
9081
9082
9091
9099
9100
9108
9112
9116
9117
9123
9129
9138
9143
9144
9150
9162
9166
9167
9173
9174
9180
9195
9196
9199
9200
9209
9210
9214
9220
9228
9234
9236
9241
9248
9252
9255
9262
9265
9268
9274
9284
9290
9304
9313
9314
9331
9332
9335
9342
9348
9355
9387
9429
9443
9455
9458
9462
9464
9467
9478
9480
9481
9483
9505
9510
9530
9531
9566
9570
9572
9586
9590
9595
9603
9607
9618
9629
9637
9646
9649
9660
9693
9702
9724
9745
9756
9760
9765
9767
9772
9776
9778
9792
9793
9795
9798
9801
9803
9813
9816
9831
9837
9845
9850
9860
9862
9863
9867
9881
9887
9889
9898
9899
9901
9902
9916
9917
9923
9928
9930
9931
9935
9937
9941
9949
9961
9975
9978
9979
9985
9986
9999
10005
10006
10010
10015
10017
10029
10030
10031
10032
10038
10042
10054
10056
10068
10074
10079
10083
10089
10097
10098
10106
10110
10111
10115
10118
10130
10137
10140
10151
10172
10181
10194
10196
10201
10207
10218
10220
10235
10238
10242
10252
10259
10264
10267
10277
10283
10284
10287
10289
10294
10314
10320
10322
10327
10341
10342
10345
10347
10348
10350
10355
10356
10372
10380
10381
10395
10398
10411
10447
10461
10463
10468
10474
10477
10486
10491
10500
10508
10512
10517
10522
10530
10541
10554
10561
10574
10585
10587
10590
10605
10608
10615
10644
10645
10654
10662
10674
10681
10692
10696
10698
10704
10718
10719
10732
10733
10736
10743
10744
10755
10761
10762
10764
10767
10768
10770
10776
10786
10791
10794
10813
10821
10823
10853
10856
10860
10864
10882
10891
10896
10901
10907
10908
10927
10936
10939
10961
10965
10976
10980
10992
10995
10998
11005
11013
11020
11022
11056
11061
11074
11089
11092
11104
11138
11140
11150
11157
11165
11178
11184
11205
11223
11247
11251
11253
11254
11257
11264
11269
11297
11308
11313
11315
11335
11344
11349
11355
11366
11371
11375
11382
11385
11401
11440
11450
11458
11467
11470
11535
11536
11553
11568
11572
11586
11595
11606
11641
11659
11665
11666
11667
11679
11682
11686
11689
11696
11699
11711
11724
11749
11756
11757
11762
11764
11767
11777
11781
11790
11796
11845
11854
11863
11875
11905
11906
11910
11911
11920
11924
11930
11938
11977
11985
11993
11995
12000
12004
12019
12022
12027
12036
12040
12043
12044
12045
12053
12058
12067
12068
12074
12081
12082
12084
12086
12089
12092
12093
12095
12100
12102
12108
12110
12112
12114
12118
12121
12127
12133
12150
12158
12162
12171
12173
12175
12179
12184
12188
12190
12202
12204
12207
12210
12238
12241
12242
12244
12251
12252
12254
12256
12260
12263
12265
12266
12267
12278
12289
12290
12293
12297
12300
12333
12340
12346
12348
12352
12387
12393
12395
12398
12399
12400
12410
12412
12417
12418
12426
12452
12462
12465
12470
12477
12479
12484
12485
12492
12497
12498
12501
12508
12530
12531
12550
12552
12555
12572
12587
12599
12601
12622
12634
12639
12655
12659
12665
12677
12678
12690
12691
12696
12708
12721
12736
12738
12740
12743
12754
12755
12756
12761
12786
12788
12789
12794
12796
12804
12809
12813
12822
12826
12829
12835
12844
12857
12894
12899
12916
12917
12923
12925
12938
12939
12940
12949
12957
12960
12964
12965
12969
12974
12995
13001
13012
13028
13046
13066
13072
13073
13080
13091
13100
13109
13113
13118
13126
13156
13173
13182
13187
13188
13192
13196
13198
13205
13207
13212
13213
13218
13220
13227
13230
13233
13237
13245
13249
13255
13271
13280
13285
13295
13296
13297
13315
13317
13362
13382
13397
13405
13426
13427
13439
13456
13472
13492
13512
13532
13533
13568
13584
13591
13593
13594
13599
13605
13687
13708
13715
13718
13723
13737
13739
13740
13748
13757
13765
13770
13771
13783
13805
13811
13813
13814
13816
13825
13832
13853
13856
13864
13865
13871
13875
13877
13887
13904
13920
13931
13958
13965
13973
13989
14008
14028
14083
14121
14138
14141
14151
14154
14167
14227
14257
14260
14263
14283
14290
14292
14309
14319
14320
14328
14338
14370
14381
14383
14398
14402
14405
14408
14409
14415
14417
14423
14426
14427
14433
14438
14439
14460
14461
14474
14491
14496
14498
14503
14509
14510
14525
14534
14538
14540
14557
14558
14563
14564
14582
14588
14604
14608
14614
14620
14629
14630
14638
14641
14644
14654
14660
14667
14686
14688
14691
14707
14709
14710
14711
14727
14728
14742
14751
14764
14771
14775
14790
14791
14801
14811
14815
14835
14839
14846
14861
14867
14869
14875
14882
14887
14896
14902
14910
14919
14925
14926
14927
14945
14949
14963
14974
14981
14987
14999
15020
15049
15063
15065
15075
15082
15099
15101
15106
15138
15150
15154
15156
15191
15224
15240
15253
15264
15292
15300
15302
15310
15318
15348
15358
15364
15365
15367
15371
15374
15377
15419
15434
15466
15479
15492
15498
15522
15539
15586
15600
15637
15649
15655
15658
15685
15686
15708
15710
15716
15721
15729
15754
15763
15774
15775
15787
15800
15803
15813
15820
15828
15867
15891
15930
15984
15990
16038
16054
16057
16069
16086
16107
16116
16128
16209
16210
16217
16219
16244
16245
16261
16269
16283
16300
16301
16304
16312
16317
16318
16319
16348
16360
16363
16377
16381
16382
16385
16403
16404
16425
16426
16428
16435
16446
16461
16466
16469
16475
16491
16506
16519
16520
16526
16533
16538
16551
16561
16575
16576
16585
16596
16601
16624
16625
16649
16656
16667
16671
16672
16686
16688
16691
16698
16701
16702
16703
16704
16713
16730
16731
16734
16735
16739
16741
16744
16746
16749
16758
16760
16761
16784
16786
16790
16793
16798
16801
16802
16812
16814
16817
16821
16845
16846
16856
16859
16863
16871
16894
16896
16901
16906
16910
16939
16967
16972
16977
16978
16981
16983
16986
17007
17027
17031
17043
17049
17050
17054
17069
17070
17075
17078
17079
17080
17100
17134
17141
17171
17220
17234
17256
17264
17272
17281
17295
17330
17332
17334
17340
17377
17383
17403
17422
17440
17469
17477
17488
17493
17518
17524
17525
17540
17548
17549
17552
17617
17649
17665
17674
17686
17696
17710
17714
17721
17750
17751
17754
17756
17761
17768
17776
17784
17808
17813
17817
17849
17891
17916
17941
17952
17959
17961
17967
17976
17983
17984
17991
17996
18000
18020
18023
18025
18039
18059
18090
18103
18107
18124
18125
18130
18143
18152
18159
18161
18173
18179
18186
18190
18208
18227
18232
18233
18261
18265
18269
18276
18289
18302
18307
18312
18319
18325
18341
18357
18382
18394
18412
18413
18426
18430
18435
18438
18445
18446
18448
18475
18479
18480
18492
18510
18515
18532
18537
18538
18556
18565
18581
18582
18600
18625
18633
18648
18659
18661
18662
18669
18670
18687
18728
18742
18749
18753
18758
18764
18766
18777
18781
18801
18808
18812
18814
18828
18912
18915
18916
18939
18945
18950
18968
18970
18980
18984
18985
19021
19023
19027
19039
19041
19047
19062
19069
19078
19079
19100
19101
19124
19142
19189
19194
19200
19204
19224
19225
19229
19263
19268
19280
19281
19311
19314
19329
19336
19338
19360
19372
19389
19393
19400
19418
19423
19437
19438
19449
19474
19475
19476
19483
19485
19507
19514
19520
19524
19528
19529
19538
19547
19550
19555
19572
19577
19581
19605
19630
19633
19646
19652
19655
19663
19669
19670
19679
19686
19694
19695
19712
19719
19723
19730
19741
19745
19749
19765
19791
19802
19806
19808
19811
19823
19834
19862
19872
19899
19901
19911
19939
19956
19962
19963
19969
19974
19977
19980
19983
19989
19990
19996
20000
20012
20020
20047
20056
20071
20089
20099
20100
20102
20132
20148
20153
20156
20166
20178
20179
20190
20221
20233
20238
20249
20264
20274
20289
20291
20292
20293
20307
20310
20311
20342
20352
20363
20373
20391
20394
20397
20403
20404
20406
20433
20434
20464
20492
20508
20511
20516
20520
20538
20552
20580
20583
20596
20629
20630
20638
20641
20667
20669
20676
20678
20680
20696
20702
20711
20728
20749
20770
20790
20791
20806
20809
20811
20817
20832
20846
20847
20850
20866
20867
20868
20878
20880
20887
20894
20900
20903
20907
20911
20912
20917
20918
20923
20939
20942
20946
20949
20976
20989
20997
21009
21018
21027
21040
21041
21060
21069
21080
21084
21100
21129
21146
21220
21266
21278
21288
21295
21298
21300
21307
21309
21310
21321
21326
21421
21427
21472
21474
21496
21533
21564
21570
21585
21601
21621
21630
21638
21657
21685
21693
21747
21751
21765
21791
21812
21842
21858
21873
21889
21890
21907
21914
21922
21926
21927
21929
21930
21931
21936
21943
21946
21962
21975
21977
21984
21998
22003
22007
22015
22020
22024
22026
22040
22060
22077
22079
22087
22088
22094
22104
22124
22129
22135
22143
22157
22163
22164
22181
22182
22195
22202
22210
22219
22227
22232
22237
22246
22251
22263
22268
22290
22308
22315
22316
22321
22324
22329
22341
22373
22379
22394
22408
22423
22435
22457
22476
22481
22486
22489
22506
22512
22552
22569
22601
22606
22610
22613
22691
22692
22699
22705
22707
22725
22733
22740
22741
22753
22755
22762
22769
22796
22801
22807
22820
22825
22830
22839
22853
22907
22927
22934
22941
22945
22956
22966
22988
22989
22993
22998
23000
23023
23032
23044
23055
23057
23063
23113
23123
23131
23140
23179
23181
23216
23217
23220
23227
23231
23235
23243
23246
23268
23294
23300
23308
23321
23348
23366
23381
23395
23397
23401
23404
23416
23426
23438
23467
23472
23481
23484
23503
23510
23514
23516
23518
23522
23544
23560
23570
23585
23598
23609
23617
23632
23656
23659
23663
23677
23679
23690
23698
23708
23721
23722
23731
23760
23776
23796
23804
23817
23826
23837
23857
23858
23883
23888
23894
23900
23907
23908
23914
23918
23946
23959
23969
23972
23989
23992
24000
24002
24009
24012
24017
24055
24056
24083
24087
24092
24099
24102
24117
24164
24173
24221
24223
24224
24228
24241
24243
24246
24249
24259
24270
24274
24299
24301
24333
24361
24365
24383
24386
24391
24406
24423
24424
24478
24485
24496
24510
24515
24526
24569
24570
24599
24614
24628
24636
24651
24656
24663
24697
24701
24712
24721
24739
24743
24745
24749
24757
24767
24784
24788
24801
24810
24814
24823
24827
24832
24839
24840
24863
24867
24880
24887
24891
24892
24901
24912
24913
24915
24916
24920
24939
24959
24960
24969
24978
24981
24985
24997
25008
25016
25031
25036
25040
25045
25079
25097
25134
25135
25179
25181
25182
25201
25202
25207
25208
25210
25217
25220
25224
25233
25239
25243
25248
25249
25252
25258
25275
25295
25298
25311
25316
25330
25334
25340
25342
25343
25345
25346
25347
25351
25352
25355
25363
25367
25398
25408
25415
25419
25420
25439
25449
25461
25468
25469
25476
25481
25482
25483
25486
25493
25499
25522
25528
25532
25533
25535
25537
25546
25559
25562
25573
25589
25613
25624
25628
25635
25649
25650
25656
25659
25664
25665
25666
25670
25671
25684
25690
25707
25710
25712
25722
25737
25759
25760
25775
25790
25791
25792
25794
25802
25806
25807
25808
25809
25811
25816
25818
25819
25845
25846
25865
25878
25906
25919
25925
25934
25960
25976
25977
26002
26020
26023
26039
26045
26047
26050
26056
26059
26071
26073
26079
26088
26093
26099
26106
26108
26118
26122
26125
26136
26148
26166
26167
26171
26190
26194
26208
26213
26221
26227
26238
26247
26251
26253
26255
26259
26265
26274
26296
26311
26314
26318
26332
26337
26340
26341
26343
26349
26379
26381
26389
26400
26409
26410
26417
26426
26429
26430
26434
26458
26468
26469
26476
26490
26526
26530
26531
26538
26540
26544
26547
26550
26561
26589
26592
26599
26612
26618
26631
26636
26643
26656
26659
26667
26673
26685
26698
26729
26740
26741
26743
26759
26767
26771
26774
26775
26776
26777
26781
26811
26827
26833
26866
26876
26881
26887
26897
26903
26913
26929
26935
26938
26945
26948
26954
26956
26970
26985
26986
26988
26995
26996
27000
27008
27032
27041
27043
27046
27059
27079
27093
27096
27128
27133
27144
27145
27146
27171
27189
27192
27202
27206
27210
27212
27220
27235
27238
27242
27249
27251
27262
27263
27264
27266
27267
27281
27285
27288
27304
27310
27324
27353
27358
27383
27391
27392
27400
27409
27415
27430
27432
27446
27447
27481
27482
27489
27494
27502
27505
27533
27539
27547
27549
27564
27582
27585
27619
27635
27653
27657
27666
27667
27670
27672
27679
27686
27690
27696
27709
27713
27727
27747
27768
27774
27797
27804
27825
27827
27839
27875
27878
27880
27902
27910
27912
27930
27960
27971
27988
28000
28002
28006
28012
28017
28047
28050
28057
28124
28128
28139
28141
28142
28154
28170
28191
28202
28204
28212
28218
28220
28227
28230
28233
28235
28242
28257
28272
28287
28306
28312
28320
28328
28336
28341
28345
28375
28419
28435
28436
28442
28445
28452
28455
28468
28473
28478
28486
28524
28538
28548
28549
28553
28573
28576
28582
28590
28594
28595
28602
28607
28624
28639
28648
28649
28650
28651
28674
28678
28683
28690
28706
28722
28738
28742
28779
28780
28815
