15
17
24
30
46
51
53
65
72
79
83
100
102
104
114
123
127
140
156
158
159
161
164
165
182
183
198
204
205
208
223
246
266
268
272
273
278
295
311
313
314
322
340
344
347
349
358
364
370
382
384
393
410
432
434
451
457
464
474
480
487
497
499
500
502
508
510
516
528
531
538
540
542
543
546
557
570
581
586
590
593
596
597
598
600
601
602
611
612
615
619
620
631
633
635
639
642
654
673
676
684
694
729
732
740
747
757
765
767
789
793
794
802
803
811
816
824
826
829
833
839
840
841
842
850
859
868
872
874
875
884
887
888
891
896
919
926
941
942
955
972
984
986
993
995
1003
1013
1021
1024
1036
1038
1040
1054
1057
1058
1063
1071
1073
1087
1088
1096
1101
1113
1122
1123
1132
1146
1149
1154
1155
1165
1174
1177
1185
1187
1190
1196
1197
1198
1201
1205
1209
1212
1218
1222
1223
1233
1235
1236
1239
1242
1247
1250
1251
1257
1260
1261
1270
1274
1278
1283
1290
1292
1312
1313
1318
1320
1331
1332
1336
1337
1338
1346
1371
1383
1406
1408
1413
1417
1419
1424
1425
1444
1452
1460
1463
1475
1492
1499
1508
1510
1512
1514
1520
1522
1523
1530
1555
1561
1573
1578
1598
1625
1627
1640
1651
1663
1684
1690
1696
1699
1701
1707
1712
1716
1726
1735
1740
1744
1749
1761
1782
1802
1807
1815
1816
1817
1823
1851
1859
1863
1869
1873
1894
1901
1906
1923
1928
1935
1946
1949
1954
1955
1965
1972
1984
1998
2014
2016
2019
2033
2045
2062
2073
2092
2099
2112
2113
2119
2125
2128
2131
2144
2179
2183
2200
2203
2213
2224
2227
2235
2241
2261
2264
2266
2278
2281
2288
2289
2300
2314
2329
2334
2342
2348
2350
2353
2383
2385
2406
2412
2416
2422
2425
2445
2448
2451
2456
2458
2459
2470
2478
2483
2496
2499
2509
2516
2518
2525
2533
2534
2539
2541
2569
2582
2597
2616
2628
2630
2632
2636
2642
2650
2656
2672
2682
2684
2701
2704
2714
2725
2731
2741
2755
2766
2768
2775
2778
2785
2791
2792
2793
2797
2800
2804
2808
2819
2821
2825
2830
2835
2842
2843
2851
2876
2900
2904
2916
2924
2944
2954
2969
2972
2984
2988
3003
3005
3008
3023
3026
3038
3052
3062
3078
3082
3084
3109
3120
3136
3145
3154
3165
3171
3172
3178
3192
3193
3197
3200
3220
3225
3235
3236
3257
3261
3262
3282
3285
3293
3299
3301
3310
3317
3325
3326
3343
3348
3358
3365
3367
3374
3382
3394
3404
3405
3406
3422
3423
3428
3430
3438
3439
3449
3450
3453
3454
3486
3488
3491
3493
3505
3506
3509
3529
3540
3558
3561
3568
3569
3579
3581
3591
3592
3607
3626
3633
3651
3660
3669
3679
3695
3697
3710
3711
3722
3747
3752
3765
3769
3771
3795
3801
3805
3813
3823
3845
3858
3870
3875
3880
3890
3898
3904
3929
3930
3943
3944
3949
3950
3955
3956
3962
3969
3983
3990
3992
3994
3998
4020
4038
4042
4049
4083
4086
4097
4105
4128
4132
4150
4152
4158
4163
4170
4171
4186
4190
4201
4280
4283
4308
4323
4341
4343
4364
4368
4372
4376
4380
4396
4403
4412
4413
4421
4429
4432
4437
4438
4475
4483
4486
4498
4501
4503
4504
4518
4521
4526
4540
4553
4554
4574
4578
4582
4591
4601
4615
4620
4645
4654
4655
4724
4727
4728
4730
4737
4744
4778
4788
4796
4808
4815
4816
4837
4840
4846
4848
4854
4856
4859
4883
4887
4890
4895
4915
4924
4934
4953
4955
4956
4959
4971
4972
4978
4982
4994
5004
5006
5008
5013
5029
5032
5035
5037
5040
5043
5046
5049
5081
5086
5092
5096
5110
5126
5131
5132
5134
5147
5149
5154
5158
5159
5179
5194
5195
5204
5231
5275
5285
5293
5311
5312
5315
5317
5323
5328
5333
5340
5350
5359
5368
5378
5386
5411
5428
5440
5445
5474
5485
5493
5495
5501
5514
5527
5533
5539
5541
5543
5544
5552
5562
5563
5567
5574
5588
5589
5594
5612
5615
5620
5631
5633
5644
5646
5652
5653
5654
5656
5664
5674
5675
5700
5728
5734
5738
5742
5751
5758
5760
5763
5777
5784
5786
5795
5801
5805
5808
5818
5820
5821
5828
5835
5837
5851
5861
5867
5869
5870
5876
5883
5890
5892
5898
5900
5908
5914
5916
5918
5939
5944
5947
5948
5952
5954
5955
5958
5970
5976
5989
5990
5996
6007
6015
6020
6030
6036
6041
6044
6068
6071
6078
6079
6085
6092
6105
6107
6118
6120
6122
6136
6147
6150
6168
6172
6177
6182
6190
6192
6194
6207
6208
6218
6221
6230
6232
6234
6246
6254
6258
6260
6264
6265
6271
6280
6297
6300
6302
6304
6311
6328
6341
6342
6344
6346
6353
6362
6380
6386
6393
6394
6402
6410
6417
6424
6429
6430
6432
6450
6453
6455
6464
6465
6469
6470
6478
6480
6487
6492
6503
6506
6508
6520
6526
6532
6539
6551
6552
6558
6561
6563
6568
6583
6584
6605
6606
6608
6613
6622
6627
6634
6647
6650
6652
6653
6655
6656
6671
6674
6692
6693
6694
6697
6721
6723
6724
6734
6735
6749
6760
6764
6766
6792
6800
6804
6807
6808
6812
6833
6842
6855
6876
6881
6882
6886
6890
6896
6900
6901
6902
6907
6911
6912
6915
6919
6921
6923
6932
6936
6945
6953
6954
6956
6963
6964
6965
6970
6973
6980
6996
7001
7010
7018
7034
7036
7037
7041
7048
7053
7056
7057
7060
7062
7064
7070
7080
7082
7087
7091
7098
7106
7124
7141
7146
7149
7179
7188
7195
7198
7202
7205
7209
7210
7217
7220
7248
7261
7279
7281
7284
7295
7296
7299
7304
7310
7311
7320
7324
7333
7346
7353
7356
7359
7376
7389
7391
7394
7398
7418
7422
7431
7442
7451
7462
7478
7485
7505
7515
7521
7530
7532
7544
7546
7547
7562
7564
7568
7577
7586
7600
7601
7617
7636
7641
7654
7656
7657
7660
7663
7668
7673
7677
7680
7691
7695
7698
7710
7718
7724
7728
7729
7731
7737
7755
7758
7761
7765
7774
7777
7779
7792
7796
7802
7804
7811
7815
7826
7830
7833
7837
7843
7848
7857
7861
7862
7867
7876
7884
7894
7897
7900
7910
7915
7920
7927
7932
7935
7939
7954
7957
7958
7968
7980
8002
8011
8013
8027
8028
8029
8036
8037
8038
8041
8045
8048
8057
8058
8059
8060
8061
8070
8078
8087
8088
8092
8093
8097
8110
8115
8117
8121
8132
8163
8169
8191
8195
8202
8203
8207
8208
8212
8239
8243
8245
8247
8258
8259
8287
8290
8294
8300
8302
8307
8308
8318
8321
8333
8348
8356
8363
8369
8393
8395
8401
8413
8415
8416
8426
8428
8433
8442
8446
8450
8451
8452
8455
8465
8466
8468
8473
8477
8484
8492
8494
8504
8506
8509
8511
8521
8523
8531
8534
8539
8544
8558
8560
8570
8571
8583
8589
8593
8597
8601
8612
8631
8635
8636
8644
8649
8660
8666
8667
8671
8673
8674
8683
8694
8695
8698
8700
8708
8711
8716
8718
8725
8726
8740
8741
8745
8748
8758
8765
8783
8784
8788
8795
8800
8816
8820
8827
8829
8830
8833
8837
8840
8847
8848
8852
8859
8866
8868
8875
8893
8902
8913
8914
8915
8933
8944
8946
8951
8953
8956
8958
8959
8963
8975
8981
8989
8996
9006
9014
9021
9023
9026
9030
9034
9035
9044
9050
9054
9058
9063
9076
9084
9093
9095
9111
9126
9127
9130
9131
9147
9148
9149
9154
9156
9164
9165
9172
9177
9192
9193
9194
9208
9212
9213
9222
9225
9229
9237
9242
9247
9249
9259
9266
9269
9272
9282
9283
9293
9301
9303
9305
9311
9315
9320
9322
9325
9327
9329
9330
9340
9343
9357
9361
9362
9369
9376
9378
9382
9383
9390
9396
9397
9398
9399
9403
9404
9406
9407
9411
9418
9424
9442
9448
9450
9452
9454
9457
9469
9474
9476
9477
9479
9492
9495
9501
9502
9509
9517
9540
9549
9556
9562
9565
9574
9579
9581
9589
9593
9614
9621
9625
9632
9641
9643
9644
9645
9669
9678
9679
9682
9684
9691
9705
9715
9717
9723
9730
9731
9740
9744
9746
9763
9771
9783
9796
9802
9804
9808
9809
9822
9852
9856
9865
9868
9870
9876
9909
9910
9911
9920
9934
9947
9960
9970
9972
9976
9983
9988
10000
10034
10044
10059
10102
10124
10127
10159
10173
10185
10186
10190
10200
10205
10206
10209
10212
10217
10221
10226
10228
10232
10233
10234
10244
10262
10268
10281
10301
10302
10316
10323
10328
10329
10331
10336
10353
10362
10365
10388
10392
10396
10408
10409
10412
10413
10425
10431
10434
10438
10440
10445
10459
10471
10475
10496
10498
10529
10532
10534
10559
10564
10567
10572
10582
10591
10594
10611
10617
10633
10634
10635
10656
10690
10703
10720
10723
10728
10735
10737
10745
10747
10750
10751
10771
10774
10777
10778
10780
10787
10792
10796
10806
10807
10811
10819
10825
10827
10833
10834
10838
10839
10861
10863
10866
10874
10884
10885
10890
10894
10906
10909
10916
10921
10926
10944
10951
10969
10979
10990
11001
11006
11017
11025
11036
11041
11050
11055
11070
11083
11088
11093
11099
11107
11111
11113
11118
11126
11127
11130
11135
11148
11162
11169
11172
11176
11190
11193
11196
11206
11209
11211
11224
11228
11230
11231
11235
11237
11242
11250
11260
11268
11276
11282
11301
11309
11316
11318
11322
11329
11337
11343
11345
11357
11381
11388
11400
11413
11433
11438
11442
11448
11451
11454
11460
11462
11471
11475
11483
11498
11501
11503
11506
11512
11514
11519
11521
11524
11530
11547
11549
11569
11573
11578
11585
11589
11594
11599
11602
11607
11609
11617
11628
11633
11635
11638
11668
11675
11700
11708
11725
11728
11754
11755
11765
11813
11823
11832
11834
11846
11852
11877
11879
11884
11898
11903
11914
11915
11918
12017
12025
12042
12050
12054
12055
12057
12066
12105
12135
12142
12166
12197
12233
12281
12282
12287
12296
12298
12309
12313
12321
12324
12331
12360
12365
12376
12388
12406
12419
12422
12425
12430
12440
12460
12469
12472
12474
12487
12490
12496
12499
12502
12512
12519
12521
12524
12527
12528
12534
12538
12553
12576
12581
12589
12597
12604
12661
12662
12688
12700
12705
12707
12723
12725
12726
12728
12729
12731
12732
12760
12768
12770
12772
12773
12780
12793
12795
12808
12810
12817
12820
12863
12869
12871
12876
12879
12884
12887
12888
12895
12907
12913
12919
12927
12932
12945
12946
12953
12954
12955
12959
12979
12980
12990
12991
13002
13021
13026
13037
13038
13058
13067
13089
13090
13105
13108
13116
13129
13130
13135
13138
13145
13150
13153
13160
13162
13174
13179
13194
13209
13223
13224
13228
13234
13235
13236
13265
13278
13284
13299
13305
13308
13311
13325
13326
13329
13330
13332
13336
13340
13341
13344
13350
13356
13367
13369
13377
13379
13385
13390
13391
13400
13404
13410
13415
13425
13437
13442
13443
13451
13452
13453
13455
13461
13464
13480
13483
13484
13488
13493
13501
13504
13511
13513
13520
13526
13528
13535
13536
13553
13557
13562
13567
13569
13590
13600
13608
13623
13625
13630
13634
13659
13662
13676
13678
13684
13705
13711
13714
13735
13741
13742
13773
13791
13793
13795
13798
13802
13808
13809
13812
13818
13844
13870
13891
13906
13908
13923
13935
13939
13947
13978
13997
14002
14015
14024
14032
14038
14042
14047
14050
14054
14061
14064
14074
14078
14080
14081
14087
14095
14096
14105
14119
14130
14131
14145
14157
14162
14164
14195
14218
14223
14224
14254
14258
14261
14264
14268
14293
14294
14299
14312
14317
14327
14350
14358
14369
14414
14418
14419
14436
14442
14445
14446
14463
14469
14480
14486
14494
14504
14511
14519
14521
14526
14531
14548
14551
14565
14570
14576
14585
14597
14603
14611
14625
14642
14648
14650
14656
14713
14717
14743
14745
14768
14786
14792
14817
14818
14826
14831
14836
14860
14863
14866
14868
14923
14935
14961
14975
14994
15015
15017
15037
15047
15048
15056
15060
15070
15072
15081
15086
15121
15134
15146
15148
15155
15172
15181
15192
15204
15216
15221
15222
15250
15271
15284
15294
15307
15327
15347
15349
15351
15356
15357
15360
15366
15369
15383
15396
15398
15421
15422
15424
15428
15431
15460
15488
15525
15554
15561
15565
15569
15570
15571
15573
15581
15597
15607
15608
15622
15629
15636
15641
15645
15666
15670
15696
15707
15711
15720
15730
15734
15744
15750
15752
15753
15756
15760
15761
15770
15772
15783
15785
15788
15797
15799
15806
15829
15831
15834
15844
15845
15849
15853
15861
15881
15894
15896
15901
15905
15906
15907
15908
15910
15929
15931
15937
15939
15941
15943
15945
15952
15954
15956
15968
15971
15974
15983
15986
15989
15994
15996
15998
15999
16002
16003
16004
16013
16014
16015
16019
16026
16027
16039
16042
16048
16051
16053
16073
16100
16105
16106
16117
16118
16125
16126
16127
16129
16130
16133
16138
16144
16163
16167
16169
16181
16199
16201
16203
16204
16206
16208
16215
16216
16218
16229
16231
16232
16235
16236
16242
16265
16277
16289
16292
16293
16309
16315
16325
16326
16337
16344
16347
16351
16353
16356
16364
16369
16371
16396
16397
16402
16413
16420
16421
16424
16430
16438
16453
16459
16462
16463
16512
16514
16516
16523
16552
16553
16560
16566
16569
16574
16594
16622
16630
16638
16642
16650
16658
16664
16681
16687
16692
16693
16710
16711
16733
16738
16754
16755
16766
16771
16773
16818
16819
16830
16848
16864
16875
16878
16885
16899
16902
16904
16905
16918
16924
16937
16946
16954
16961
16963
16966
16995
16996
17004
17014
17022
17053
17057
17058
17077
17081
17103
17106
17110
17113
17126
17127
17145
17157
17160
17161
17174
17180
17182
17192
17194
17199
17214
17217
17225
17229
17233
17241
17244
17253
17257
17261
17267
17268
17269
17270
17288
17296
17308
17319
17342
17343
17357
17358
17366
17369
17378
17385
17390
17405
17418
17427
17435
17439
17442
17445
17450
17461
17464
17478
17496
17504
17508
17511
17515
17532
17536
17558
17572
17576
17583
17595
17604
17609
17629
17630
17632
17638
17653
17659
17666
17683
17685
17687
17697
17698
17702
17716
17724
17736
17738
17745
17766
17774
17778
17796
17802
17812
17826
17829
17840
17843
17846
17860
17866
17869
17874
17893
17901
17903
17904
17907
17915
17924
17925
17930
17934
17947
17951
17962
17966
17968
17973
17978
17986
17988
18006
18017
18019
18030
18050
18070
18072
18080
18086
18088
18095
18189
18203
18244
18245
18247
18263
18281
18282
18285
18288
18290
18295
18306
18308
18311
18331
18345
18351
18359
18360
18362
18369
18370
18373
18375
18396
18398
18409
18428
18450
18454
18471
18512
18513
18520
18524
18526
18529
18539
18544
18546
18549
18551
18554
18558
18560
18566
18570
18572
18580
18586
18588
18591
18595
18604
18605
18616
18635
18636
18640
18650
18652
18660
18667
18675
18676
18678
18699
18723
18741
18746
18754
18757
18765
18773
18775
18776
18785
18792
18798
18820
18822
18829
18832
18835
18843
18847
18855
18874
18881
18884
18892
18900
18904
18923
18929
18930
18956
18961
18974
18981
18992
19022
19024
19028
19049
19063
19080
19081
19097
19107
19110
19154
19155
19166
19179
19186
19191
19198
19199
19209
19215
19226
19238
19242
19253
19262
19272
19276
19278
19283
19296
19297
19305
19306
19307
19313
19321
19350
19353
19361
19363
19365
19367
19374
19377
19383
19396
19398
19404
19415
19419
19427
19436
19439
19442
19467
19480
19486
19493
19494
19496
19503
19506
19512
19521
19525
19530
19545
19548
19567
19592
19595
19609
19612
19621
19637
19640
19642
19645
19650
19654
19657
19664
19672
19680
19684
19687
19692
19700
19704
19715
19718
19721
19722
19735
19736
19753
19764
19769
19781
19784
19788
19801
19803
19818
19827
19828
19829
19833
19840
19842
19863
19864
19869
19870
19873
19877
19878
19891
19896
19909
19935
19944
19947
19950
19957
19965
19966
19976
19979
19981
19985
19986
20002
20009
20016
20025
20030
20053
20079
20087
20092
20093
20098
20105
20108
20124
20137
20138
20141
20142
20147
20150
20152
20159
20180
20186
20201
20219
20222
20227
20230
20239
20240
20243
20248
20250
20251
20252
20261
20268
20284
20287
20290
20298
20305
20309
20322
20329
20333
20346
20358
20432
20439
20457
20467
20468
20470
20471
20479
20483
20485
20489
20490
20499
20500
20513
20524
20535
20546
20547
20576
20577
20591
20593
20598
20611
20618
20628
20631
20636
20639
20645
20660
20665
20668
20674
20679
20682
20684
20686
20690
20703
20704
20710
20713
20717
20718
20719
20724
20743
20753
20757
20769
20771
20774
20777
20798
20803
20805
20814
20815
20822
20827
20838
20853
20855
20873
20881
20884
20892
20925
20952
20964
20968
20970
20972
20984
21000
21002
21003
21006
21008
21013
21023
21029
21038
21044
21046
21051
21052
21056
21066
21074
21078
21114
21116
21124
21127
21139
21177
21181
21182
21196
21203
21229
21233
21252
21277
21279
21280
21303
21313
21322
21341
21349
21350
21358
21365
21378
21383
21397
21400
21407
21409
21414
21417
21423
21425
21433
21455
21457
21481
21486
21492
21503
21504
21506
21516
21521
21522
21529
21536
21539
21541
21548
21549
21551
21572
21603
21629
21631
21639
21641
21695
21701
21710
21712
21733
21745
21746
21756
21764
21772
21802
21831
21832
21852
21853
21875
21878
21895
21905
21910
21918
21919
21920
21925
21933
21941
21952
21960
21967
21968
21990
21994
22005
22012
22027
22039
22054
22059
22066
22068
22072
22086
22093
22111
22118
22128
22132
22138
22152
22154
22178
22193
22199
22200
22201
22222
22228
22229
22230
22235
22238
22241
22245
22252
22258
22271
22274
22275
22282
22284
22291
22300
22309
22322
22333
22334
22346
22358
22363
22376
22395
22412
22433
22439
22449
22450
22452
22453
22460
22463
22470
22471
22484
22507
22520
22525
22550
22554
22560
22563
22579
22585
22587
22595
22603
22620
22621
22623
22625
22632
22647
22648
22652
22665
22675
22677
22688
22717
22719
22730
22737
22742
22747
22748
22751
22797
22798
22810
22816
22818
22822
22826
22847
22849
22851
22863
22877
22882
22887
22904
22908
22916
22933
22950
22965
22983
23006
23013
23016
23018
23040
23052
23053
23062
23070
23077
23083
23086
23088
23091
23099
23103
23114
23115
23122
23126
23145
23147
23149
23158
23162
23170
23173
23175
23177
23200
23201
23203
23204
23205
23214
23222
23224
23230
23244
23248
23252
23254
23261
23269
23275
23287
23295
23296
23299
23305
23310
23315
23317
23319
23322
23332
23336
23341
23358
23367
23368
23373
23380
23386
23387
23388
23390
23394
23396
23418
23420
23421
23427
23428
23430
23440
23444
23445
23454
23469
23474
23479
23492
23498
23505
23517
23521
23525
23541
23545
23553
23571
23591
23626
23629
23638
23648
23652
23653
23658
23666
23692
23703
23707
23727
23738
23740
23758
23761
23765
23769
23774
23777
23779
23781
23786
23789
23800
23813
23822
23824
23832
23845
23853
23872
23877
23879
23915
23920
23923
23927
23939
23941
23960
23965
23978
23982
23983
23986
23990
23991
24038
24042
24047
24049
24064
24072
24082
24084
24093
24106
24116
24122
24123
24125
24126
24141
24146
24147
24152
24158
24172
24178
24183
24184
24187
24215
24225
24227
24234
24238
24242
24253
24278
24281
24283
24305
24331
24332
24336
24342
24349
24352
24353
24358
24366
24381
24385
24396
24428
24435
24459
24468
24472
24477
24484
24486
24494
24519
24523
24524
24529
24535
24536
24539
24541
24549
24550
24573
24575
24594
24598
24616
24626
24638
24660
24665
24669
24685
24688
24715
24717
24722
24726
24728
24733
24740
24752
24755
24762
24763
24775
24780
24798
24799
24811
24824
24853
24856
24875
24881
24882
24897
24918
24924
24932
24933
24946
24949
24951
24977
24987
24998
25007
25015
25022
25023
25027
25035
25053
25060
25070
25072
25091
25103
25111
25118
25124
25149
25170
25174
25195
25199
25203
25216
25247
25269
25296
25326
25369
25372
25400
25406
25410
25414
25425
25438
25442
25444
25446
25452
25457
25466
25477
25479
25484
25490
25495
25512
25529
25540
25549
25563
25572
25584
25588
25599
25617
25618
25626
25645
25654
25668
25686
25689
25691
25705
25706
25723
25729
25744
25779
25795
25828
25833
25835
25884
25886
25891
25895
25896
25903
25911
25924
25952
25956
25958
25963
25964
25967
25968
25970
25991
26006
26009
26013
26017
26019
26026
26038
26043
26044
26057
26077
26082
26087
26098
26101
26111
26112
26117
26121
26123
26131
26135
26138
26152
26155
26164
26184
26198
26199
26219
26230
26270
26271
26276
26282
26293
26295
26306
26320
26325
26344
26353
26372
26383
26385
26391
26392
26405
26407
26415
26442
26446
26455
26470
26474
26478
26481
26484
26489
26491
26494
26495
26498
26500
26504
26507
26513
26520
26521
26537
26543
26551
26558
26559
26568
26571
26580
26603
26635
26638
26646
26657
26660
26665
26666
26689
26697
26702
26721
26747
26766
26778
26790
26791
26794
26797
26810
26814
26821
26831
26847
26872
26882
26904
26911
26918
26939
26941
26943
26951
26971
27001
27007
27019
27020
27037
27039
27040
27044
27066
27071
27074
27085
27095
27115
27121
27124
27126
27136
27161
27166
27174
27180
27184
27188
27207
27209
27225
27241
27254
27256
27259
27282
27286
27289
27291
27293
27294
27302
27307
27309
27311
27315
27323
27330
27341
27351
27352
27361
27362
27363
27365
27381
27382
27384
27397
27401
27403
27404
27426
27427
27442
27443
27461
27465
27469
27485
27490
27495
27512
27513
27532
27537
27558
27568
27576
27597
27615
27616
27617
27634
27647
27649
27652
27655
27673
27691
27693
27697
27705
27717
27722
27741
27754
27759
27772
27780
27795
27803
27819
27842
27846
27849
27850
27852
27855
27857
27865
27872
27879
27883
27892
27895
27897
27903
27922
27924
27931
27945
27946
27953
27975
27989
27991
27993
27994
28003
28004
28037
28042
28063
28064
28067
28072
28077
28093
28098
28100
28110
28111
28116
28125
28138
28140
28143
28149
28150
28155
28160
28167
28168
28183
28185
28189
28192
28205
28207
28210
28222
28228
28236
28239
28261
28267
28274
28285
28286
28291
28302
28310
28311
28324
28326
28346
28350
28358
28362
28370
28376
28379
28396
28407
28416
28418
28423
28433
28441
28447
28448
28454
28464
28474
28482
28489
28509
28516
28519
28543
28568
28571
28572
28574
28575
28578
28580
28589
28600
28601
28606
28612
28615
28629
28631
28635
28637
28644
28665
28668
28673
28679
28704
28708
28723
28727
28740
28744
28745
28746
28749
28755
28759
28763
28765
28769
28770
28774
28781
28791
28796
28823
28824
28827
28829
