28833
28840
28845
28852
28854
28865
28869
28872
28873
28879
28883
28887
28890
28892
28893
28894
28895
28901
28902
28904
28912
28914
28915
28919
28922
28923
28926
28928
28930
28947
28948
28962
28963
28968
28969
28972
28980
28989
28994
29001
29002
29017
29025
29026
29028
29030
29034
29038
29042
29052
29055
29057
29058
29061
29067
29077
29079
29080
29082
29086
29096
29097
29100
29105
29108
29113
29114
29118
29120
29124
29133
29134
29137
29141
29147
29151
29155
29158
29163
29166
29168
29173
29186
29187
29192
29194
29198
29202
29204
29205
29222
29228
29230
29231
29234
29235
29236
29237
29249
29252
29254
29255
29256
29259
29265
29268
29277
29279
29284
29285
29287
29292
29295
29303
29304
29313
29314
29315
29319
29330
29341
29345
29346
29350
29358
29361
29364
29374
29377
29382
29384
29388
29389
29399
29401
29404
29408
29410
29413
29414
29419
29424
29434
29435
29438
29441
29448
29457
29465
29466
29474
29476
29479
29489
29490
29495
29502
29503
29511
29513
29520
29521
29540
29542
29543
29549
29550
29552
29557
29570
29574
29581
29592
29597
29599
29601
29606
29608
29619
29626
29638
29639
29642
29646
29651
29653
29658
29661
29664
29668
29674
29676
29677
29682
29686
29693
29697
29699
29711
29735
29737
29738
29742
29743
29745
29749
29750
29752
29758
29759
29765
29776
29777
29781
29783
29784
29786
29789
29792
29797
29803
29809
29816
29821
29825
29827
29844
29849
29852
29854
29868
29873
29886
29898
29908
29909
29924
29927
29931
29932
29934
29937
29942
29952
29953
29963
29964
29970
29973
29979
29985
29993
30011
30017
30044
30056
30057
30058
30066
30073
30083
30088
30094
30102
30105
30117
30120
30121
30123
30136
30146
30148
30149
30151
30152
30154
30168
30169
30171
30172
30184
30195
30207
30214
30218
30229
30235
30236
30240
30242
30245
30246
30249
30250
30254
30259
30262
30273
30274
30275
30280
30284
30285
30295
30296
30297
30301
30305
30311
30317
30320
30324
30325
30330
30333
30334
30339
30341
30347
30349
30352
30376
30381
30384
30392
30393
30394
30395
30397
30399
30400
30401
30406
30408
30412
30416
30418
30430
30440
30449
30451
30466
30473
30478
30479
30481
30491
30504
30515
30518
30522
30524
30533
30535
30538
30541
30542
30558
30566
30576
30582
30588
30591
30595
30599
30603
30604
30608
30617
30620
30622
30627
30628
30635
30638
30652
30662
30663
30672
30680
30683
30691
30694
30700
30701
30708
30712
30720
30722
30731
30736
30744
30747
30749
30751
30758
30760
30764
30773
30785
30805
30807
30814
30817
30824
30825
30830
30831
30833
30837
30839
30841
30845
30847
30849
30852
30854
30859
30863
30867
30869
30871
30874
30886
30888
30891
30895
30898
30906
30907
30909
30910
30913
30917
30928
30933
30942
30948
30949
30950
30954
30967
30974
30981
30983
30987
30988
30996
30998
31000
31003
31006
31010
31012
31021
31026
31027
31035
31040
31044
31046
31063
31068
31071
31074
31089
31090
31097
31101
31106
31110
31111
31112
31118
31120
31122
31123
31144
31145
31152
31155
31166
31180
31183
31188
31193
31213
31218
31221
31222
31223
31239
31241
31245
31256
31261
31263
31264
31267
31269
31276
31277
31281
31282
31285
31289
31307
31324
31326
31327
31332
31342
31346
31347
31353
31354
31363
31364
31373
31379
31382
31387
31390
31399
31403
31407
31413
31415
31416
31421
31424
31425
31433
31437
31441
31445
31446
31450
31452
31469
31480
31481
31488
31489
31490
31492
31493
31496
31498
31506
31521
31534
31536
31538
31539
31544
31554
31556
31558
31561
31563
31567
31570
31574
31579
31589
31594
31599
31600
31607
31610
31616
31619
31622
31623
31626
31628
31640
31643
31648
31654
31656
31658
31665
31666
31668
31670
31677
31678
31680
31681
31689
31690
31691
31696
31699
31700
31701
31706
31707
31712
31716
31718
31721
31725
31731
31736
31742
31746
31748
31751
31754
31755
31756
31762
31764
31770
31771
31772
31778
31783
31788
31793
31794
31795
31802
31804
31807
31808
31809
31816
31817
31818
31819
31826
31831
31837
31838
31839
31842
31851
31852
31855
31859
31863
31868
31869
31870
31871
31878
31884
31886
31888
31891
31893
31899
31900
31914
31915
31928
31929
31938
31940
31944
31946
31954
31955
31960
31964
31965
31971
31975
31976
31980
31991
32000
32004
32006
32011
32017
32018
32019
32021
32029
32030
32037
32039
32046
32050
32056
32058
32068
32070
32076
32080
32083
32085
32088
32089
32095
32098
32104
32106
32107
32110
32112
32121
32124
32127
32132
32135
32136
32137
32144
32153
32159
32162
32171
32178
32187
32188
32197
32204
32205
32208
32210
32211
32219
32222
32224
32226
32228
32229
32234
32235
32238
32246
32249
32250
32252
32258
32260
32261
32263
32269
32275
32279
32283
32284
32285
32287
32294
32296
32303
32304
32305
32306
32310
32324
32327
32328
32334
32337
32339
32346
32350
32351
32359
32371
32373
32377
32379
32384
32390
32393
32400
32416
32417
32419
32427
32430
32436
32441
32443
32444
32445
32448
32449
32456
32458
32461
32462
32467
32469
32471
32489
32501
32504
32509
32510
32518
32521
32525
32532
32538
32541
32543
32547
32550
32554
32563
32568
32576
32579
32582
32594
32595
32600
32601
32604
32610
32611
32612
32630
32631
32639
32644
32645
32646
32648
32653
32659
32662
32665
32682
32685
32694
32698
32703
32707
32713
32716
32721
32722
32724
32726
32734
32735
32752
32760
32762
32765
32768
32771
32772
32777
32780
32782
32790
32791
32797
32800
32809
32816
32818
32820
32824
32832
32833
32835
32836
32840
32857
32860
32865
32880
32882
32889
32891
32895
32901
32903
32906
32912
32913
32917
32924
32934
32942
32943
32948
32953
32958
32960
32961
32965
32966
32968
32969
32975
32977
32980
32982
32983
32986
32990
32997
32999
33004
33009
33013
33014
33026
33036
33039
33040
33043
33044
33045
33047
33048
33049
33053
33055
33060
33069
33076
33085
33086
33088
33090
33095
33096
33101
33103
33105
33109
33113
33115
33123
33128
33129
33131
33133
33134
33135
33136
33137
33141
33146
33147
33152
33158
33169
33170
33180
33189
33194
33200
33208
33210
33211
33216
33221
33227
33229
33232
33236
33237
33251
33253
33256
33267
33270
33272
33273
33277
33279
33284
33287
33288
33292
33296
33297
33300
33307
33317
33320
33327
33328
33331
33334
33335
33339
33345
33350
33361
33362
33367
33368
33376
33379
33388
33390
33398
33404
33405
33407
33408
33409
33412
33421
33422
33440
33443
33445
33446
33449
33451
33459
33462
33463
33466
33467
33471
33474
33476
33479
33481
33488
33491
33493
33494
33495
33497
33498
33508
33510
33512
33513
33514
33515
33519
33521
33525
33526
33527
33528
33530
33531
33540
33541
33542
33546
33549
33551
33553
33558
33560
33562
33563
33566
33574
33578
33579
33591
33599
33601
33606
33617
33623
33627
33646
33648
33649
33651
33654
33656
33661
33663
33673
33677
33678
33684
33686
33692
33705
33707
33708
33715
33717
33722
33724
33728
33730
33732
33733
33735
33738
33742
33744
33747
33752
33754
33760
33770
33781
33783
33789
33790
33793
33799
33806
33809
33811
33818
33819
33821
33824
33826
33835
33836
33848
33849
33850
33855
33856
33859
33866
33867
33869
33873
33874
33876
33877
33878
33882
33886
33890
33891
33893
33899
33900
33907
33910
33912
33914
33920
33921
33925
33927
33931
33933
33938
33943
33948
33949
33951
33952
33958
33959
33961
33962
33967
33973
33976
33977
33980
33983
33988
33989
33992
33994
33999
34006
34007
34014
34017
34018
34022
34023
34025
34028
34041
34056
34060
34062
34063
34065
34069
34076
34083
34084
34091
34097
34099
34107
34112
34115
34116
34120
34122
34125
34127
34128
34133
34137
34139
34142
34149
34150
34153
34155
34159
34165
34166
34174
34181
34183
34184
34185
34187
34200
34208
34213
34218
34221
34227
34229
34232
34233
34235
34236
34237
34240
34243
34246
34251
34255
34256
34257
34261
34272
34283
34286
34287
34297
34303
34305
34308
34309
34310
34314
34317
34322
34323
34333
34341
34350
34360
34365
34367
34380
34385
34387
34395
34398
34403
34404
34410
34418
34424
34425
34427
34428
34430
34433
34436
34442
34443
34445
34450
34451
34452
34453
34461
34464
34466
34470
34471
34475
34487
34491
34493
34495
34499
34500
34506
34507
34512
34518
34520
34522
34524
34537
34547
34550
34558
34560
34563
34572
34574
34575
34579
34585
34586
34588
34597
34599
34606
34619
34622
34625
34626
34632
34634
34638
34639
34642
34647
34649
34653
34655
34661
34668
34669
34679
34681
34694
34704
34705
34707
34711
34714
34716
34722
34726
34731
34732
34733
34739
34742
34745
34747
34749
34750
34755
34757
34760
34761
34763
34766
34767
34768
34769
34770
34772
34781
34782
34790
34794
34796
34807
34814
34815
34820
34826
34831
34832
34834
34835
34845
34847
34848
34849
34853
34868
34869
34891
34894
34895
34898
34905
34918
34920
34932
34933
34934
34940
34946
34951
34957
34959
34962
34968
34976
34980
34988
34992
34993
34998
34999
35002
35005
35012
35019
35021
35024
35029
35031
35034
35038
35040
35041
35051
35055
35057
35067
35068
35070
35074
35076
35077
35078
35079
35081
35083
35085
35087
35090
35093
35098
35100
35109
35115
35122
35127
35133
35135
35138
35147
35150
35155
35159
35161
35164
35169
35171
35174
35175
35187
35189
35190
35197
35199
35202
35203
35205
35210
35218
35222
35229
35230
35231
35232
35235
35236
35237
35243
35248
35255
35265
35267
35270
35271
35276
35279
35280
35283
35291
35295
35296
35297
35300
35312
35321
35324
35326
35329
35333
35335
35337
35339
35340
35343
35344
35346
35355
35357
35360
35364
35365
35367
35368
35369
35375
35380
35383
35384
35386
35392
35393
35395
35396
35401
35404
35405
35409
35410
35415
35416
35420
35427
35429
35433
35434
35435
35445
35446
35454
35465
35467
35477
35481
35483
35484
35485
35486
35493
35494
35495
35500
35504
35509
35514
35517
35527
35529
35534
35547
35548
35552
35560
35565
35569
35575
35579
35592
35598
35600
35602
35605
35607
35611
35612
35616
35627
35635
35643
35645
35647
35652
35653
35667
35670
35676
35681
35687
35689
35698
35703
35704
35713
35714
35719
35720
35726
35727
35728
35734
35738
35763
35772
35775
35776
35777
35781
35789
35791
35795
35807
35810
35813
35845
35859
35866
35868
35870
35872
35875
35876
35879
35884
35889
35896
35904
35906
35912
35913
35917
35923
35931
35932
35933
35934
35935
35939
35940
35944
35946
35947
35951
35954
35956
35958
35963
35966
35969
35973
35982
35984
35991
35994
36008
36015
36021
36022
36026
36033
36047
36055
36056
36074
36081
36085
36087
36088
36097
36099
36103
36107
36111
36112
36123
36127
36128
36130
36131
36134
36136
36140
36141
36153
36163
36165
36171
36176
36179
36181
36183
36187
36189
36190
36200
36201
36204
36207
36213
36216
36219
36222
36223
36237
36249
36267
36269
36271
36275
36276
36281
36285
36286
36287
36290
36294
36298
36302
36304
36315
36317
36319
36322
36329
36336
36340
36342
36346
36349
36354
36356
36358
36371
36377
36381
36386
36388
36390
36392
36394
36395
36398
36400
36402
36405
36407
36408
36414
36424
36425
36430
36431
36433
36439
36440
36442
36443
36453
36455
36458
36459
36467
36472
36475
36483
36484
36488
36494
36497
36498
36503
36505
36506
36517
36518
36519
36523
36528
36540
36542
36556
36560
36561
36564
36568
36579
36581
36582
36589
36591
36597
36603
36607
36613
36627
36633
36634
36640
36648
36652
36653
36654
36655
36656
36658
36660
36661
36667
36668
36669
36673
36684
36685
36689
36690
36691
36694
36701
36707
36711
36713
36718
36720
36722
36724
36726
36727
36735
36741
36745
36748
36749
36757
36759
36762
36763
36764
36765
36780
36783
36784
36790
36793
36797
36799
36803
36806
36810
36818
36828
36829
36830
36836
36838
36840
36848
36852
36854
36855
36857
36871
36874
36876
36877
36879
36885
36890
36894
36903
36904
36906
36910
36915
36917
36919
36923
36926
36938
36940
36944
36949
36951
36952
36956
36959
36964
36971
36979
36990
36992
36996
36998
37001
37002
37012
37014
37019
37020
37021
37043
37044
37045
37046
37047
37049
37058
37060
37066
37067
37068
37069
37070
37077
37084
37086
37093
37096
37098
37106
37107
37108
37112
37114
37115
37121
37124
37126
37140
37148
37149
37152
37157
37159
37176
37178
37184
37194
37201
37202
37208
37212
37213
37216
37218
37231
37254
37260
37262
37263
37283
37285
37297
37298
37300
37301
37302
37305
37306
37307
37316
37318
37320
37330
37336
37342
37343
37345
37351
37353
37355
37358
37359
37363
37364
37365
37367
37369
37371
37372
37373
37379
37383
37385
37389
37397
37398
37408
37409
37411
37414
37422
37424
37426
37428
37430
37436
37439
37441
37447
37448
37450
37453
37454
37455
37467
37471
37474
37476
37482
37486
37498
37501
37505
37507
37517
37527
37528
37529
37530
37535
37543
37549
37558
37567
37575
37577
37580
37591
37593
37597
37598
37602
37605
37608
37611
37614
37616
37619
37626
37630
37632
37635
37641
37644
37649
37657
37658
37667
37670
37676
37680
37691
37692
37693
37707
37709
37711
37717
37719
37726
37727
37730
37735
37737
37742
37744
37771
37775
37777
37790
37794
37808
37811
37813
37815
37816
37819
37824
37826
37838
37839
37853
37857
37867
37874
37884
37885
37887
37890
37901
37903
37905
37914
37915
37919
37926
37932
37933
37934
37935
37939
37941
37944
37951
37952
37957
37961
37966
37969
37972
37989
37991
37992
37996
38009
38011
38014
38016
38027
38034
38036
38037
38038
38040
38042
38048
38049
38050
38063
38064
38069
38073
38076
38080
38086
38087
38091
38093
38099
38109
38110
38119
38120
38130
38131
38134
38138
38150
38151
38152
38153
38158
38159
38162
38166
38167
38182
38184
38187
38202
38205
38209
38211
38216
38224
38226
38227
38241
38242
38244
38255
38256
38262
38264
38267
38271
38273
38283
38294
38297
38301
38317
38318
38319
38327
38336
38342
38353
38354
38357
38361
38364
38371
38372
38373
38380
38383
38387
38389
38392
38395
38397
38398
38404
38408
38410
38418
38419
38432
38433
38452
38459
38461
38465
38471
38473
38478
38489
38491
38492
38494
38495
38498
38509
38513
38517
38519
38521
38527
38529
38545
38546
38547
38548
38550
38551
38555
38557
38560
38561
38569
38572
38579
38581
38583
38588
38596
38597
38603
38604
38610
38611
38615
38634
38636
38640
38641
38643
38646
38647
38650
38653
38654
38656
38658
38667
38669
38676
38682
38683
38695
38698
38700
38704
38708
38710
38739
38747
38749
38753
38754
38755
38759
38769
38774
38776
38782
38784
38785
38787
38788
38789
38791
38793
38797
38798
38805
38807
38809
38814
38816
38817
38820
38827
38829
38845
38846
38851
38872
38873
38874
38878
38880
38883
38891
38893
38897
38901
38918
38938
38942
38959
38960
38961
38963
38965
38971
38979
38997
39003
39008
39009
39018
39019
39024
39032
39041
39053
39067
39069
39076
39077
39082
39083
39090
39098
39101
39107
39113
39114
39116
39117
39122
39123
39125
39127
39130
39134
39139
39143
39145
39156
39157
39161
39163
39168
39177
39181
39190
39192
39196
39205
39206
39208
39215
39226
39232
39237
39240
39247
39248
39252
39254
39256
39257
39259
39260
39265
39267
39272
39274
39279
39287
39298
39311
39312
39314
39322
39325
39326
39333
39335
39337
39340
39341
39343
39345
39348
39367
39368
39369
39371
39372
39376
39380
39381
39383
39384
39386
39387
39388
39389
39393
39396
39400
39401
39406
39407
39410
39412
39418
39421
39423
39424
39426
39430
39433
39435
39442
39444
39445
39446
39451
39466
39481
39482
39484
39491
39494
39500
39504
39507
39509
39510
39511
39514
39520
39521
39528
39529
39538
39541
39545
39546
39548
39549
39550
39556
39561
39562
39572
39576
39577
39578
39580
39585
39588
39590
39597
39599
39600
39602
39603
39604
39605
39624
39627
39628
39631
39637
39638
39642
39643
39645
39648
39651
39652
39659
39661
39665
39667
39670
39679
39683
39686
39690
39692
39694
39695
39701
39702
39705
39708
39709
39715
39717
39722
39723
39725
39732
39733
39736
39746
39747
39752
39756
39761
39764
39774
39776
39787
39791
39793
39796
39799
39800
39801
39808
39813
39815
39816
39826
39839
39841
39842
39847
39852
39857
39860
39862
39866
39868
39870
39873
39876
39877
39880
39884
39889
39893
39896
39899
39902
39904
39909
39910
39913
39915
39923
39924
39925
39929
39930
39933
39934
39947
39948
39949
39952
39958
39973
39979
39980
39982
39988
39989
39990
39993
39995
40018
40026
40027
40031
40034
40035
40036
40044
40045
40054
40055
40057
40058
40061
40066
40071
40075
40078
40080
40084
40085
40086
40087
40089
40090
40093
40095
40098
40105
40108
40110
40113
40116
40117
40118
40121
40124
40127
40128
40134
40138
40142
40146
40151
40152
40153
40156
40157
40159
40161
40165
40168
40169
40170
40175
40180
40188
40193
40196
40197
40200
40201
40202
40203
40207
40209
40210
40211
40212
40226
40228
40231
40232
40236
40238
40243
40246
40247
40248
40251
40253
40254
40257
40260
40264
40265
40269
40271
40278
40279
40281
40282
40287
40288
40289
40290
40294
40297
40303
40307
40309
40312
40315
40319
40320
40327
40334
40350
40355
40359
40363
40368
40371
40376
40379
40380
40382
40385
40387
40395
40398
40402
40409
40420
40423
40437
40438
40464
40473
40474
40477
40478
40479
40481
40483
40484
40485
40488
40497
40502
40506
40508
40509
40526
40528
40529
40533
40543
40546
40549
40554
40561
40565
40569
40573
40596
40603
40610
40615
40618
40620
40622
40629
40636
40637
40644
40645
40648
40661
40663
40669
40670
40676
40683
40684
40699
40702
40707
40710
40719
40722
40727
40734
40735
40742
40779
40782
40784
40787
40788
40789
40796
40801
40808
40814
40816
40818
40819
40822
40824
40825
40828
40830
40833
40834
40839
40842
40846
40850
40852
40859
40868
40873
40874
40878
40882
40886
40891
40894
40899
40902
40903
40905
40906
40908
40910
40911
40912
40915
40918
40923
40924
40927
40931
40933
40937
40942
40944
40947
40952
40961
40963
40964
40976
40996
41014
41025
41029
41032
41033
41039
41042
41043
41044
41046
41053
41054
41058
41066
41067
41068
41070
41072
41081
41082
41084
41088
41092
41093
41094
41095
41096
41097
41099
41102
41104
41105
41106
41107
41111
41113
41117
41123
41124
41136
41139
41141
41147
41148
41150
41154
41160
41165
41167
41172
41176
41184
41187
41190
41192
41217
41222
41227
41230
41233
41241
41259
41261
41263
41265
41280
41281
41283
41299
41301
41307
41320
41326
41328
41337
41342
41350
41353
41359
41366
41374
41378
41401
41406
41407
41411
41415
41417
41420
41423
41434
41438
41440
41441
41447
41449
41450
41452
41453
41460
41463
41467
41470
41474
41478
41479
41480
41484
41485
41487
41488
41494
41510
41526
41536
41553
41575
41590
41592
41593
41594
41599
41601
41603
41607
41610
41611
41619
41650
41653
41654
41655
41656
41668
41674
41681
41682
41686
41699
41700
41711
41712
41728
41735
41750
41755
41766
41768
41772
41776
41789
41795
41796
41800
41807
41810
41811
41826
41839
41843
41849
41858
41859
41863
41864
41869
41870
41871
41872
41881
41889
41890
41893
41895
41897
41898
41900
41904
41907
41916
41918
41921
41922
41923
41938
41942
41943
41944
41945
41954
41962
41968
41970
41978
41979
41983
41986
41987
41996
41998
42003
42004
42007
42021
42024
42031
42032
42039
42040
42041
42043
42049
42050
42056
42059
42061
42063
42066
42075
42079
42081
42086
42087
42089
42096
42098
42100
42104
42115
42120
42122
42124
42129
42134
42149
42151
42155
42158
42159
42161
42163
42165
42166
42168
42169
42173
42178
42179
42184
42185
42186
42201
42204
42206
42215
42216
42225
42231
42232
42233
42234
42238
42239
42241
42243
42244
42245
42249
42250
42251
42254
42255
42256
42264
42268
42272
42273
42279
42280
42298
42310
42319
42326
42328
42330
42332
42335
42336
42344
42351
42354
42361
42362
42364
42366
42368
42382
42389
42390
42392
42393
42396
42400
42408
42412
42414
42416
42426
42430
42431
42442
42446
42448
42453
42457
42460
42463
42464
42465
42467
42469
42473
42475
42478
42486
42487
42493
42502
42503
42507
42508
42512
42513
42514
42515
42519
42520
42522
42527
42528
42530
42533
42534
42539
42544
42548
42550
42552
42557
42562
42565
42567
42569
42576
42580
42581
42597
42598
42615
42618
42620
42626
42629
42637
42639
42651
42652
42653
42654
42661
42666
42667
42670
42678
42679
42694
42697
42708
42712
42717
42722
42725
42733
42737
42740
42741
42748
42754
42757
42761
42765
42776
42779
42783
42784
42787
42788
42791
42794
42796
42797
42798
42799
42804
42812
42813
42816
42817
42823
42831
42834
42835
42841
42843
42844
42860
42871
42876
42877
42887
42890
42894
42899
42903
42904
42908
42910
42915
42930
42931
42932
42935
42943
42950
42953
42963
42965
42975
42977
42980
42984
42985
42991
42998
43001
43012
43017
43019
43029
43033
43035
43041
43044
43046
43053
43055
43065
43067
43073
43075
43082
43085
43098
43100
43104
43106
43112
43116
43117
43121
43127
43130
43135
43144
43146
43149
43153
43154
43156
43158
43160
43167
43172
43178
43181
43184
43185
43195
43197
43202
43204
43205
43213
43214
43216
43217
43218
43220
43223
43227
43231
43242
43248
43251
43252
43254
43264
43269
43276
43277
43282
43283
43284
43290
43291
43292
43293
43295
43297
43316
43321
43322
43324
43332
43343
43346
43354
43359
43362
43365
43372
43384
43387
43390
43393
43396
43397
43429
43430
43434
43445
43447
43462
43463
43464
43477
43481
43482
43487
43503
43505
43509
43511
43512
43513
43518
43525
43527
43528
43530
43531
43544
43545
43547
43548
43554
43562
43563
43564
43568
43575
43584
43585
43587
43596
43605
43607
43610
43611
43614
43618
43619
43624
43628
43629
43631
43632
43634
43642
43647
43650
43651
43657
43659
43668
43679
43700
43701
43703
43704
43705
43708
43711
43712
43713
43714
43715
43717
43718
43719
43720
43725
43731
43734
43741
43742
43745
43746
43748
43753
43760
43769
43774
43780
43786
43791
43792
43796
43803
43807
43810
43811
43826
43831
43840
43852
43855
43860
43861
43864
43874
43880
43882
43884
43887
43899
43902
43911
43914
43916
43917
43923
43928
43940
43942
43951
43952
43956
43957
43958
43964
43969
43970
43971
43989
43992
43995
44007
44016
44020
44021
44027
44036
44038
44039
44049
44052
44053
44056
44059
44061
44077
44081
44082
44084
44086
44089
44094
44110
44112
44113
44119
44121
44125
44127
44129
44130
44133
44151
44152
44156
44169
44173
44175
44183
44184
44185
44199
44200
44209
44221
44222
44230
44238
44241
44251
44256
44264
44269
44272
44282
44286
44295
44296
44299
44302
44309
44312
44313
44315
44316
44320
44322
44328
44347
44352
44353
44359
44363
44364
44370
44379
44383
44388
44395
44397
44398
44402
44415
44420
44426
44431
44432
44436
44439
44441
44443
44445
44450
44451
44460
44461
44462
44466
44468
44471
44475
44476
44481
44491
44496
44501
44502
44509
44512
44514
44524
44525
44532
44536
44550
44552
44553
44563
44568
44574
44577
44579
44593
44595
44596
44597
44598
44609
44614
44627
44632
44643
44651
44652
44655
44658
44661
44662
44670
44674
44676
44677
44684
44688
44691
44692
44694
44697
44699
44704
44706
44707
44716
44720
44730
44731
44740
44741
44746
44747
44757
44758
44764
44765
44770
44772
44774
44776
44777
44789
44793
44803
44808
44809
44811
44813
44823
44824
44828
44830
44835
44837
44839
44840
44851
44855
44856
44859
44860
44863
44867
44877
44880
44881
44883
44884
44894
44897
44901
44904
44905
44911
44912
44914
44926
44931
44936
44944
44949
44952
44955
44966
44968
44977
44983
44985
44986
44988
44989
44991
44993
44996
44997
44998
45003
45011
45014
45018
45024
45027
45029
45030
45033
45038
45043
45046
45050
45055
45058
45059
45061
45065
45069
45072
45075
45081
45082
45086
45089
45091
45095
45111
45118
45121
45124
45125
45128
45138
45144
45149
45150
45152
45156
45160
45161
45164
45166
45168
45176
45181
45182
45183
45191
45195
45204
45211
45217
45218
45219
45227
45240
45241
45246
45257
45259
45260
45271
45273
45299
45306
45326
45328
45331
45332
45335
45337
45338
45339
45340
45343
45345
45351
45353
45357
45361
45364
45371
45373
45381
45382
45385
45387
45392
45395
45400
45416
45422
45424
45432
45435
45440
45442
45447
45463
45481
45495
45496
45501
45509
45511
45522
45527
45530
45540
45547
45549
45551
45555
45558
45577
45587
45588
45592
45594
45596
45605
45607
45613
45614
45616
45618
45632
45635
45636
45640
45642
45649
45663
45665
45673
45680
45688
45693
45694
45697
45702
45719
45724
45727
45730
45737
45741
45751
45757
45762
45782
45783
45791
45799
45809
45812
45814
45816
45822
45827
45829
45838
45839
45849
45851
45863
45864
45866
45868
45876
45887
45889
45890
45897
45901
45902
45910
45914
45922
45928
45938
45939
45941
45944
45945
45946
45954
45966
45967
45972
45976
45980
45991
45993
45995
46000
46008
46011
46012
46018
46036
46039
46044
46047
46051
46055
46059
46068
46074
46077
46078
46080
46088
46098
46100
46108
46123
46130
46132
46148
46152
46155
46158
46162
46165
46166
46168
46170
46181
46187
46196
46200
46212
46216
46221
46224
46229
46233
46237
46239
46240
46244
46248
46249
46251
46252
46255
46256
46266
46268
46270
46277
46278
46280
46286
46288
46303
46304
46306
46321
46324
46330
46331
46337
46344
46347
46358
46359
46361
46366
46372
46378
46385
46399
46404
46405
46406
46413
46427
46428
46429
46433
46434
46446
46451
46455
46459
46462
46463
46464
46465
46466
46471
46482
46484
46488
46497
46509
46510
46511
46512
46513
46515
46522
46525
46526
46528
46529
46531
46532
46538
46551
46556
46561
46564
46566
46570
46575
46579
46581
46582
46585
46586
46589
46594
46601
46602
46603
46607
46608
46615
46627
46631
46634
46637
46639
46644
46657
46672
46677
46679
46683
46686
46705
46707
46710
46711
46717
46719
46723
46725
46731
46734
46740
46741
46745
46746
46747
46749
46752
46769
46773
46779
46790
46792
46795
46797
46808
46812
46813
46816
46817
46822
46824
46826
46830
46832
46835
46836
46838
46840
46842
46844
46850
46851
46855
46869
46875
46889
46892
46894
46903
46910
46912
46916
46917
46931
46941
46943
46947
46950
46951
46952
46953
46954
46959
46965
46971
46978
46982
47005
47008
47010
47013
47014
47020
47044
47050
47052
47053
47057
47061
47066
47068
47077
47082
47096
47098
47099
47107
47112
47115
47116
47117
47118
47120
47130
47135
47140
47151
47156
47159
47166
47175
47181
47182
47183
47185
47198
47200
47207
47209
47217
47219
47226
47228
47230
47231
47232
47234
47236
47239
47240
47242
47244
47251
47254
47273
47280
47295
47301
47306
47313
47317
47319
47321
47331
47334
47336
47345
47349
47363
47368
47371
47376
47386
47389
47390
47393
47394
47396
47401
47404
47409
47419
47423
47427
47450
47459
47461
47474
47492
47493
47500
47501
47504
47509
47515
47516
47540
47557
47559
47564
47567
47568
47575
47581
47582
47588
47589
47590
47594
47601
47605
47609
47623
47629
47632
47642
47645
47648
47652
47660
47661
47668
47671
47684
47686
47692
47693
47694
47696
47697
47698
47699
47700
47701
47702
47705
47708
47709
47710
47714
47716
47722
47729
47734
47740
47744
47758
47763
47765
47775
47784
47806
47807
47817
47819
47821
47823
47828
47841
47849
47850
47851
47857
47861
47863
47867
47872
47877
47878
47885
47886
47889
47893
47895
47899
47902
47903
47909
47912
47913
47914
47916
47929
47931
47932
47933
47935
47941
47946
47953
47954
47955
47968
47969
47972
47974
47983
47987
47988
47992
48000
48023
48027
48028
48033
48046
48047
48048
48054
48056
48058
48065
48066
48070
48074
48076
48077
48079
48080
48085
48087
48111
48112
48124
48128
48131
48134
48140
48152
48160
48198
48199
48204
48206
48213
48214
48215
48217
48218
48219
48221
48223
48225
48227
48229
48239
48244
48247
48254
48262
48267
48273
48278
48281
48282
48283
48284
48288
48295
48298
48319
48327
48333
48340
48344
48350
48357
48365
48368
48372
48374
48375
48376
48380
48381
48385
48387
48392
48394
48397
48398
48413
48423
48429
48439
48448
48473
48480
48486
48487
48491
48492
48494
48495
48503
48516
48517
48537
48538
48548
48556
48558
48561
48569
48570
48578
48583
48586
48589
48596
48601
48605
48609
48619
48624
48627
48630
48632
48637
48639
48644
48646
48650
48660
48662
48664
48669
48671
48673
48676
48677
48678
48691
48692
48693
48696
48701
48703
48707
48712
48716
48718
48720
48721
48735
48740
48747
48756
48757
48758
48759
48761
48772
48775
48779
48781
48787
48792
48794
48802
48808
48816
48818
48820
48828
48833
48834
48835
48838
48841
48843
48844
48871
48872
48879
48886
48889
48897
48898
48900
48905
48908
48910
48918
48919
48926
48931
48933
48937
48941
48943
48951
48954
48959
48974
48975
48989
48999
49006
49009
49010
49014
49017
49021
49030
49032
49033
49036
49042
49045
49046
49051
49062
49073
49076
49077
49080
49086
49088
49091
49101
49120
49122
49123
49134
49139
49140
49146
49149
49154
49156
49158
49160
49169
49185
49193
49198
49199
49203
49205
49211
49213
49217
49221
49223
49224
49227
49231
49232
49241
49248
49254
49259
49264
49271
49273
49276
49288
49289
49290
49296
49297
49305
49306
49307
49308
49313
49318
49322
49331
49334
49337
49339
49340
49341
49342
49344
49348
49356
49360
49363
49365
49367
49369
49372
49374
49375
49378
49381
49384
49390
49395
49399
49407
49410
49411
49412
49414
49415
49420
49429
49430
49431
49433
49437
49439
49447
49448
49449
49451
49456
49460
49475
49477
49481
49482
49496
49497
49512
49515
49517
49530
49537
49538
49539
49544
49548
49553
49562
49564
49566
49581
49583
49588
49589
49598
49602
49603
49607
49608
49620
49630
49632
49635
49643
49650
49654
49655
49658
49659
49660
49661
49663
49668
49672
49676
49677
49679
49680
49684
49694
49696
49698
49705
49707
49709
49716
49718
49722
49728
49730
49733
49735
49739
49757
49761
49763
49766
49770
49775
49777
49778
49786
49792
49796
49797
49801
49803
49805
49812
49813
49815
49818
49820
49828
49830
49831
49849
49852
49855
49859
49860
49861
49865
49872
49873
49876
49878
49881
49884
49890
49900
49901
49902
49909
49910
49912
49917
49919
49921
49930
49931
49937
49942
49944
49945
49953
49960
49961
49963
49966
49972
49978
49981
49982
49983
49986
49988
49993
49995
50000
50006
50007
50008
50029
50030
50039
50045
50048
50057
50061
50062
50064
50067
50071
50073
50077
50083
50085
50093
50109
50110
50111
50120
50124
50147
50148
50150
50151
50153
50155
50156
50163
50168
50169
50171
50175
50176
50177
50179
50185
50192
50194
50196
50198
50218
50220
50222
50223
50224
50231
50236
50242
50245
50261
50270
50271
50272
50274
50280
50284
50288
50291
50294
50302
50306
50316
50318
50324
50327
50335
50337
50340
50341
50345
50346
50350
50355
50360
50362
50377
50378
50381
50389
50395
50403
50411
50413
50414
50417
50433
50439
50448
50450
50457
50459
50460
50461
50465
50468
50469
50475
50481
50483
50484
50485
50491
50494
50495
50499
50507
50510
50520
50526
50537
50545
50572
50575
50577
50581
50584
50585
50587
50589
50592
50594
50604
50609
50611
50639
50649
50650
50659
50662
50668
50669
50670
50680
50681
50685
50692
50696
50701
50709
50716
50718
50727
50728
50729
50730
50733
50739
50746
50749
50752
50756
50759
50764
50772
50775
50777
50779
50784
50786
50790
50798
50803
50804
50809
50811
50817
50822
50823
50826
50839
50840
50843
50844
50847
50849
50855
50862
50863
50865
50873
50878
50881
50886
50889
50890
50904
50906
50913
50920
50924
50925
50929
50937
50939
50946
50947
50955
50958
50966
50969
50970
50971
50978
50983
50984
50986
50998
50999
51014
51020
51024
51026
51030
51042
51046
51049
51052
51053
51056
51057
51071
51079
51080
51084
51087
51091
51100
51102
51112
51123
51124
51125
51142
51152
51157
51161
51177
51194
51196
51199
51200
51203
51204
51205
51207
51209
51216
51218
51219
51221
51224
51227
51230
51233
51234
51238
51243
51247
51259
51260
51267
51268
51274
51278
51283
51284
51285
51305
51306
51309
51317
51321
51326
51329
51334
51342
51349
51350
51352
51353
51365
51371
51372
51374
51375
51378
51383
51390
51391
51394
51396
51398
51414
51417
51419
51436
51438
51444
51446
51451
51452
51462
51463
51470
51472
51476
51480
51488
51490
51491
51497
51498
51505
51506
51507
51509
51513
51514
51518
51523
51528
51531
51537
51545
51546
51549
51554
51557
51563
51566
51571
51572
51578
51582
51590
51596
51599
51604
51610
51614
51619
51624
51626
51630
51631
51633
51646
51654
51655
51659
51661
51668
51671
51679
51693
51694
51704
51708
51711
51713
51714
51719
51722
51726
51727
51733
51737
51743
51745
51747
51750
51753
51754
51758
51762
51767
51768
51769
51776
51783
51785
51795
51797
51809
51811
51812
51813
51825
51829
51867
51876
51879
51880
51883
51894
51896
51898
51900
51902
51910
51912
51914
51932
51947
51948
51957
51963
51965
51966
51971
51973
51987
51990
51993
51995
51999
52001
52008
52009
52010
52031
52034
52036
52041
52061
52064
52069
52071
52072
52077
52079
52083
52085
52087
52092
52098
52102
52103
52107
52113
52115
52117
52129
52132
52135
52137
52150
52155
52166
52172
52173
52179
52181
52183
52184
52187
52191
52193
52197
52198
52211
52212
52217
52219
52229
52231
52234
52243
52245
52247
52249
52252
52255
52258
52264
52266
52271
52273
52281
52289
52297
52305
52308
52317
52322
52327
52328
52329
52336
52337
52339
52345
52346
52348
52352
52355
52357
52362
52368
52369
52370
52371
52389
52394
52395
52402
52430
52435
52452
52454
52458
52462
52472
52476
52493
52494
52498
52499
52500
52516
52519
52523
52536
52539
52546
52550
52560
52569
52572
52575
52578
52579
52595
52599
52601
52603
52615
52622
52634
52636
52638
52641
52644
52648
52650
52661
52662
52667
52671
52679
52681
52688
52702
52706
52708
52710
52712
52721
52731
52736
52737
52749
52752
52754
52755
52757
52759
52761
52765
52771
52775
52780
52784
52787
52796
52799
52801
52814
52817
52821
52822
52823
52828
52848
52867
52872
52878
52879
52883
52903
52906
52908
52912
52919
52935
52936
52938
52941
52947
52964
52977
52980
52985
52986
52988
52989
52990
52991
52994
53002
53012
53019
53020
53031
53037
53046
53050
53055
53066
53069
53070
53084
53085
53086
53094
53095
53096
53102
53104
53107
53126
53131
53136
53139
53140
53152
53159
53160
53166
53171
53175
53180
53190
53203
53216
53217
53221
53224
53227
53228
53230
53235
53236
53243
53245
53254
53257
53258
53269
53270
53273
53275
53285
53292
53302
53311
53313
53327
53335
53337
53338
53341
53346
53348
53352
53360
53361
53366
53367
53371
53373
53381
53384
53385
53387
53397
53409
53410
53417
53419
53421
53422
53424
53426
53430
53435
53436
53438
53441
53442
53452
53462
53463
53466
53469
53478
53479
53485
53489
53490
53493
53497
53503
53505
53506
53507
53513
53519
53522
53532
53541
53544
53546
53552
53553
53554
53559
53561
53566
53575
53578
53588
53589
53590
53592
53593
53596
53599
53609
53615
53616
53621
53623
53629
53631
53637
53645
53646
53654
53656
53661
53663
53664
53671
53683
53684
53687
53693
53695
53700
53701
53717
53726
53732
53736
53739
53740
53745
53751
53752
53758
53759
53762
53764
53768
53771
53776
53780
53788
53789
53791
53792
53795
53810
53813
53820
53824
53828
53833
53838
53847
53851
53853
53859
53860
53885
53888
53897
53899
53900
53903
53908
53914
53916
53922
53925
53926
53940
53951
53956
53961
53963
53969
53970
53973
53974
53977
53983
53997
53998
54000
54002
54004
54012
54026
54030
54036
54038
54043
54051
54055
54059
54076
54078
54079
54089
54100
54113
54125
54139
54146
54160
54166
54169
54179
54192
54195
54206
54209
54212
54214
54220
54223
54224
54232
54234
54235
54237
54240
54241
54242
54248
54252
54257
54263
54266
54293
54294
54302
54303
54305
54306
54326
54328
54334
54336
54342
54347
54351
54352
54353
54354
54356
54357
54360
54371
54373
54375
54378
54386
54390
54397
54398
54405
54407
54421
54422
54423
54428
54437
54448
54450
54454
54459
54460
54463
54465
54468
54474
54477
54487
54492
54500
54507
54509
54519
54520
54521
54525
54526
54527
54529
54543
54550
54552
54564
54572
54585
54586
54589
54593
54598
54601
54609
54611
54615
54626
54631
54635
54642
54652
54663
54664
54666
54669
54678
54680
54686
54693
54695
54704
54720
54723
54730
54741
54756
54759
54764
54790
54800
54804
54807
54823
54825
54839
54846
54859
54864
54879
54880
54881
54890
54893
54894
54900
54907
54917
54920
54936
54940
54942
54944
54948
54950
54951
54952
54953
54958
54967
54973
54976
54978
54982
54985
54986
54987
54989
55010
55019
55020
55021
55025
55030
55044
55050
55054
55064
55074
55075
55077
55085
55089
55100
55101
55107
55116
55122
55128
55135
55141
55142
55152
55157
55163
55169
55174
55175
55176
55184
55185
55191
55192
55193
55201
55203
55208
55213
55217
55220
55230
55240
55246
55247
55250
55251
55252
55254
55255
55260
55262
55269
55285
55292
55295
55298
55301
55303
55304
55315
55322
55325
55327
55333
55341
55345
55352
55354
55362
55365
55370
55371
55375
55379
55383
55385
55387
55392
55402
55403
55406
55407
55413
55423
55428
55436
55439
55440
55441
55446
55453
55460
55467
55473
55481
55484
55490
55498
55503
55504
55506
55511
55518
55525
55526
55540
55542
55553
55561
55576
55579
55580
55582
55583
55587
55592
55616
55623
55634
55636
55637
55650
55652
55661
55662
55665
55679
55683
55698
55702
55722
55730
55738
55744
55754
55775
55776
55778
55791
55799
55807
55814
55820
55821
55824
55826
55829
55830
55832
55835
55836
55841
55851
55853
55855
55856
55858
55863
55865
55868
55869
55870
55873
55875
55894
55895
55896
55897
55898
55899
55902
55904
55908
55909
55911
55915
55916
55918
55925
55933
55935
55939
55942
55943
55947
55949
55955
55960
55961
55963
55969
55972
55975
55981
55982
55995
55999
56005
56006
56009
56010
56012
56013
56015
56016
56021
56028
56031
56037
56041
56046
56047
56057
56058
56061
56064
56080
56084
56086
56090
56091
56098
56105
56107
56128
56133
56151
56164
56165
56167
56169
56184
56196
56198
56199
56204
56205
56206
56221
56226
56229
56235
56237
56240
56244
56267
56270
56282
56300
56310
56316
56327
56328
56340
56341
56345
56368
56374
56378
56382
56391
56394
56400
56401
56435
56436
56446
56456
56458
56459
56465
56470
56471
56472
56474
56479
56480
56481
56484
56487
56493
56495
56503
56504
56507
56510
56526
56528
56529
56530
56540
56545
56547
56550
56553
56555
56558
56561
56565
56567
56570
56573
56578
56585
56587
56597
56599
56600
56612
56615
56616
56617
56622
56634
56635
56639
56640
56641
56650
56651
56659
56660
56670
56673
56674
56686
56691
56692
56697
56702
56704
56705
56707
56710
56716
56721
56727
56730
56736
56741
56747
56748
56751
56758
56759
56767
56775
56777
56785
56792
56794
56796
56797
56806
56814
56816
56832
56837
56845
56846
56856
56861
56874
56891
56895
56899
56910
56911
56912
56913
56915
56921
56924
56932
56936
56938
56941
56943
56944
56948
56950
56955
56962
56968
56970
56973
56983
56989
56990
56991
56993
56994
56997
57000
57032
57037
57044
57045
57054
57062
57066
57067
57073
57094
57099
57127
57138
57139
57141
57145
57150
57151
57152
57153
57157
57158
57160
57168
57170
57177
57178
57181
57184
57189
57193
57195
57215
57229
57233
57234
57239
57241
57247
57250
57254
57255
57267
57268
57279
57283
57287
57294
57302
57306
57308
57311
57325
57326
57344
57345
57346
57347
57350
57352
57357
57358
57359
57367
57382
57388
57406
57407
57408
57409
57416
57429
57432
57436
57445
57448
57454
57469
57471
57477
57487
57491
57492
57493
57512
57518
57522
57528
57529
57531
57532
57548
57563
57572
57576
57577
57584
57592
57593
57600
57601
57604
57606
57607
57610
57611
57623
57626
57628
57652
57655
57660
57663
57664
57666
57667
57669
57671
57674
57676
57685
57692
57704
57705
57706
57707
57711
57715
57718
57730
57747
57748
57779
57783
57787
57795
57799
57801
57809
57814
57819
57820
57831
57832
57833
57841
57844
57846
57847
57858
57860
57871
57876
57879
57887
57892
57894
57899
57917
57929
57931
57933
57934
57946
57953
57956
57973
57976
57986
57989
57992
57993
57995
58002
58007
58010
58011
58012
58013
58015
58017
58020
58021
58023
58036
58051
58056
58057
58058
58060
58063
58064
58074
58075
58076
58077
58097
58103
58107
58118
58119
58121
58123
58129
58148
58164
58170
58178
58182
58188
58195
58202
58205
58206
58208
58213
58214
58229
58230
58244
58248
58265
58268
58270
58271
58275
58277
58279
58282
58303
58311
58321
58322
58325
58331
58334
58355
58357
58363
58365
58372
58393
58397
58399
58407
58420
58423
58428
58429
58436
58438
58440
58446
58449
58451
58454
58455
58461
58464
58474
58480
58481
58485
58499
58512
58520
58523
58527
58537
58538
58554
58559
58563
58566
58571
58581
58582
58583
58586
58595
58600
58604
58613
58615
58617
58621
58622
58623
58631
58634
58639
58642
58646
58649
58656
58662
58669
58670
58678
58679
58688
58689
58690
58691
58694
58700
58713
58717
58724
58725
58727
58730
58745
58749
58750
58760
58765
58777
58778
58784
58789
58792
58795
58798
58802
58804
58808
58809
58811
58820
58821
58822
58826
58834
58837
58841
58847
58848
58850
58854
58861
58863
58865
58868
58869
58870
58874
58889
58901
58904
58907
58913
58918
58919
58927
58930
58932
58933
58934
58938
58940
58949
58951
58957
58958
58962
58965
58974
58975
58976
58980
58989
58990
59001
59007
59009
59024
59028
59029
59033
59036
59041
59049
59050
59051
59064
59072
59073
59085
59093
59099
59106
59124
59126
59134
59139
59149
59150
59155
59157
59159
59163
59164
59170
59174
59175
59176
59181
59183
59189
59190
59206
59210
59211
59216
59220
59222
59224
59231
59236
59237
59239
59243
59248
59254
59257
59261
59263
59267
59270
59278
59286
59289
59296
59297
59298
59299
59302
59304
59305
59307
59318
59325
59328
59335
59337
59338
59355
59373
59375
59388
59389
59394
59401
59407
59416
59418
59428
59434
59436
59442
59447
59451
59458
59459
59465
59467
59470
59486
59487
59489
59500
59508
59511
59529
59532
59534
59537
59539
59541
59542
59543
59549
59552
59555
59572
59576
59581
59588
59590
59596
59599
59600
59608
59609
59610
59612
59614
59627
59630
59634
59637
59644
59656
59664
59667
59685
59695
59703
59707
59723
59725
59727
59732
59734
59739
59744
59747
59749
59752
59753
59755
59756
59758
59762
59763
59767
59783
59784
59785
59788
59789
59797
