59799
59801
59802
59804
59805
59806
59809
59810
59811
59816
59822
59844
59845
59849
59851
59852
59856
59861
59866
59868
59871
59872
59874
59877
59879
59884
59886
59887
59890
59894
59895
59897
59909
59911
59915
59922
59923
59932
59934
59936
59937
59939
59940
59946
59949
59950
59952
59956
59957
59959
59967
59968
59969
59972
59976
59979
59982
59983
59986
59993
59997
60004
60006
60013
60020
60026
60028
60033
60035
60037
60038
60049
60050
60057
60058
60062
60075
60076
60080
60081
60082
60083
60084
60099
60107
60108
60110
60116
60117
60121
60123
60131
60132
60133
60134
60135
60140
60142
60144
60146
60149
60151
60156
60157
60158
60161
60163
60164
60166
60168
60169
60170
60172
60173
60175
60178
60182
60186
60187
60190
60192
60195
60196
60197
60198
60200
60204
60213
60214
60217
60218
60219
60226
60227
60229
60231
60233
60238
60241
60242
60244
60246
60248
60249
60251
60253
60255
60257
60259
60263
60265
60269
60270
60271
60280
60288
60292
60296
60299
60303
60310
60314
60321
60326
60327
60328
60329
60330
60335
60338
60343
60344
60345
60349
60353
60354
60356
60357
60358
60361
60363
60368
60370
60372
60378
60379
60381
60382
60384
60385
60391
60392
60393
60397
60398
60401
60403
60404
60405
60409
60410
60411
60413
60414
60416
60424
60429
60431
60435
60436
60438
60439
60442
60443
60444
60445
60446
60449
60450
60456
60458
60459
60460
60461
60466
60469
60470
60471
60474
60475
60476
60479
60481
60482
60483
60485
60491
60495
60498
60503
60508
60511
60513
60514
60515
60520
60525
60530
60532
60533
60536
60537
60538
60540
60545
60546
60548
60549
60551
60553
60554
60565
60568
60571
60573
60577
60579
60587
60588
60591
60593
60596
60597
60598
60602
60604
60605
60606
60617
60618
60621
60622
60629
60630
60631
60634
60640
60641
60645
60654
60657
60658
60659
60660
60662
60666
60667
60668
60671
60674
60676
60677
60679
60680
60684
60690
60692
60693
60694
60699
60700
60706
60707
60710
60715
60719
60720
60721
60722
60727
60728
60729
60730
60732
60734
60738
60739
60740
60742
60743
60744
60746
60748
60750
60752
60757
60758
60760
60761
60762
60773
60777
60787
60790
60794
60802
60804
60806
60808
60809
60810
60811
60816
60819
60822
60824
60825
60827
60828
60830
60831
60835
60837
60838
60840
60841
60842
60843
60844
60845
60848
60849
60852
60858
60860
60861
60863
60866
60869
60871
60877
60878
60879
60880
60885
60888
60893
60894
60896
60901
60902
60903
60907
60911
60912
60923
60924
60931
60934
60936
60937
60948
60950
60954
60957
60959
60965
60967
60970
60976
60979
60983
60985
60986
60989
60997
60999
61007
61009
61010
61011
61015
61016
61022
61025
61030
61031
61033
61040
61042
61046
61047
61048
61050
61051
61053
61055
61058
61061
61062
61063
61064
61065
61068
61069
61074
61076
61079
61084
61086
61090
61092
61101
61102
61105
61109
61110
61115
61119
61125
61126
61130
61132
61138
61140
61143
61145
61146
61147
61149
61151
61152
61154
61156
61167
61169
61171
61172
61176
61180
61181
61185
61186
61189
61193
61201
61204
61206
61213
61216
61217
61219
61223
61225
61228
61229
61237
61240
61241
61245
61250
61252
61255
61257
61259
61261
61271
61273
61279
61281
61282
61284
61285
61289
61292
61298
61301
61306
61309
61310
61311
61313
61314
61317
61318
61330
61338
61339
61341
61348
61352
61355
61356
61358
61360
61365
61367
61369
61374
61378
61379
61385
61387
61388
61390
61396
61402
61407
61409
61411
61415
61418
61419
61421
61425
61426
61434
61436
61439
61450
61451
61457
61458
61464
61469
61471
61472
61476
61483
61484
61491
61492
61496
61499
61500
61503
61504
61512
61514
61520
61523
61526
61530
61539
61540
61544
61551
61557
61565
61569
61570
61576
61577
61582
61583
61586
61588
61589
61591
61593
61594
61595
61603
61604
61612
61613
61616
61617
61618
61620
61621
61622
61623
61625
61631
61632
61637
61642
61646
61648
61649
61654
61658
61659
61663
61664
61665
61667
61668
61669
61670
61671
61672
61673
61675
61677
61678
61683
61685
61688
61691
61695
61698
61701
61702
61705
61708
61711
61712
61718
61721
61724
61730
61733
61736
61741
61743
61749
61750
61753
61754
61755
61761
61765
61775
61776
61779
61780
61786
61788
61792
61793
61798
61800
61806
61811
61817
61818
61819
61826
61830
61831
61832
61834
61843
61848
61850
61857
61858
61865
61866
61874
61876
61877
61881
61882
61883
61886
61887
61893
61898
61899
61900
61901
61904
61906
61907
61917
61919
61920
61922
61928
61932
61939
61941
61949
61950
61952
61953
61957
61958
61959
61960
61961
61962
61964
61965
61967
61986
61989
61992
61999
62000
62005
62006
62011
62013
62014
62016
62018
62020
62024
62027
62028
62031
62040
62043
62044
62047
62048
62050
62053
62055
62057
62058
62063
62067
62068
62078
62082
62085
62086
62087
62092
62093
62095
62098
62100
62101
62105
62108
62109
62111
62114
62117
62119
62125
62127
62131
62138
62140
62141
62146
62147
62150
62152
62155
62161
62164
62166
62168
62170
62171
62174
62182
62192
62195
62196
62200
62203
62206
62207
62208
62209
62212
62213
62214
62215
62216
62217
62218
62221
62224
62227
62230
62231
62233
62235
62238
62241
62243
62244
62245
62247
62248
62249
62254
62255
62258
62259
62260
62263
62264
62265
62266
62268
62272
62274
62281
62282
62283
62287
62299
62301
62302
62303
62304
62306
62309
62311
62313
62315
62317
62321
62322
62325
62326
62327
62328
62331
62335
62337
62338
62344
62346
62352
62356
62360
62362
62363
62364
62365
62366
62367
62369
62370
62373
62376
62378
62379
62383
62385
62386
62394
62396
62406
62407
62409
62412
62415
62420
62424
62425
62428
62432
62434
62438
62442
62446
62447
62448
62451
62452
62453
62455
62458
62459
62463
62466
62468
62471
62472
62482
62485
62487
62503
62505
62506
62508
62516
62523
62529
62532
62537
62541
62543
62544
62552
62554
62555
62556
62559
62560
62566
62571
62573
62577
62580
62587
62588
62592
62597
62598
62603
62605
62608
62609
62610
62611
62615
62616
62622
62624
62628
62632
62636
62643
62644
62645
62648
62649
62650
62653
62660
62665
62666
62667
62669
62670
62673
62674
62678
62679
62680
62681
62690
62692
62693
62694
62695
62698
62701
62704
62706
62708
62713
62715
62721
62722
62725
62726
62729
62731
62736
62738
62739
62743
62746
62749
62751
62754
62760
62762
62771
62772
62774
62777
62783
62786
62788
62789
62792
62798
62807
62810
62814
62815
62816
62818
62831
62835
62836
62837
62839
62848
62849
62850
62854
62874
62877
62880
62883
62885
62887
62888
62890
62892
62894
62896
62900
62905
62909
62911
62920
62921
62924
62929
62934
62939
62949
62950
62956
62957
62961
62967
62968
62969
62971
62975
62976
62978
62980
62981
62984
62989
62994
62998
63001
63005
63007
63014
63017
63019
63020
63022
63024
63029
63036
63039
63046
63047
63051
63053
63054
63056
63059
63060
63061
63065
63067
63075
63093
63094
63101
63102
63104
63107
63108
63109
63110
63117
63120
63125
63126
63127
63129
63133
63139
63140
63145
63150
63153
63157
63160
63166
63167
63168
63170
63171
63172
63174
63178
63180
63188
63190
63191
63195
63208
63209
63211
63215
63220
63225
63229
63230
63232
63235
63236
63241
63253
63255
63256
63257
63262
63268
63270
63271
63272
63275
63276
63278
63290
63292
63295
63296
63300
63301
63302
63306
63311
63312
63313
63314
63315
63317
63321
63331
63332
63336
63343
63344
63345
63346
63353
63356
63361
63366
63372
63386
63391
63392
63397
63399
63401
63405
63408
63410
63415
63416
63417
63420
63421
63425
63426
63431
63434
63439
63440
63450
63454
63455
63457
63463
63465
63466
63477
63479
63482
63493
63494
63501
63509
63514
63529
63530
63532
63537
63539
63541
63549
63553
63554
63555
63556
63559
63567
63571
63574
63576
63577
63580
63581
63583
63585
63589
63594
63596
63597
63602
63609
63611
63615
63617
63618
63620
63625
63628
63631
63635
63638
63645
63647
63648
63650
63654
63656
63662
63664
63665
63667
63672
63687
63693
63695
63697
63698
63700
63701
63703
63707
63719
63723
63724
63735
63738
63739
63740
63742
63747
63750
63755
63761
63763
63764
63767
63769
63770
63784
63790
63791
63795
63796
63801
63812
63813
63814
63820
63826
63830
63836
63838
63844
63845
63850
63853
63858
63863
63871
63874
63892
63896
63903
63907
63914
63920
63921
63935
63946
63947
63964
63972
63974
63981
63984
63985
63988
63990
63991
63992
64000
64003
64008
64017
64018
64022
64025
64028
64034
64036
64039
64040
64041
64046
64050
64052
64053
64058
64059
64060
64065
64069
64070
64078
64081
64082
64085
64088
64092
64093
64095
64097
64100
64102
64103
64104
64105
64106
64107
64108
64110
64111
64112
64113
64115
64129
64130
64132
64140
64141
64143
64147
64149
64150
64153
64156
64158
64161
64162
64165
64169
64170
64173
64174
64175
64179
64180
64181
64182
64184
64185
64188
64189
64192
64195
64199
64200
64201
64202
64203
64205
64206
64209
64213
64218
64221
64223
64227
64232
64235
64236
64239
64240
64241
64247
64248
64249
64250
64253
64258
64263
64269
64274
64281
64288
64289
64290
64291
64294
64299
64302
64308
64311
64312
64316
64321
64323
64325
64328
64330
64331
64335
64336
64339
64346
64348
64349
64354
64362
64367
64369
64373
64379
64380
64393
64394
64395
64406
64412
64413
64418
64422
64427
64431
64440
64441
64448
64449
64452
64458
64462
64469
64476
64477
64478
64482
64484
64485
64493
64494
64495
64514
64515
64516
64517
64518
64520
64521
64522
64523
64529
64530
64532
64535
64536
64538
64543
64545
64546
64547
64549
64551
64553
64556
64559
64560
64563
64566
64568
64571
64577
64579
64580
64584
64590
64593
64595
64605
64608
64609
64613
64618
64619
64622
64626
64627
64630
64632
64645
64648
64651
64657
64660
64662
64664
64666
64669
64671
64672
64673
64674
64677
64681
64685
64688
64689
64690
64691
64693
64697
64698
64700
64708
64711
64712
64714
64715
64716
64718
64721
64725
64726
64727
64734
64737
64746
64747
64748
64749
64751
64752
64756
64763
64765
64766
64771
64773
64783
64785
64790
64797
64798
64800
64806
64810
64812
64815
64817
64820
64821
64823
64828
64840
64843
64846
64849
64853
64855
64857
64862
64865
64867
64868
64872
64875
64880
64882
64885
64886
64888
64889
64890
64892
64897
64901
64902
64906
64907
64908
64910
64912
64917
64919
64920
64926
64927
64931
64933
64934
64935
64936
64937
64940
64941
64942
64946
64947
64948
64952
64953
64954
64955
64957
64959
64961
64964
64965
64966
64968
64969
64970
64973
64974
64975
64977
64983
64984
64987
64990
64994
65001
65002
65004
65007
65008
65010
65011
65012
65013
65014
65015
65018
65021
65026
65027
65028
65029
65034
65035
65038
65040
65043
65044
65047
65048
65054
65056
65057
65058
65061
65063
65064
65068
65069
65075
65076
65080
65084
65086
65092
65094
65101
65103
65104
65107
65108
65109
65112
65113
65115
65116
65118
65123
65127
65132
65133
65135
65138
65139
65141
65142
65144
65147
65150
65152
65153
65157
65158
65159
65160
65161
65162
65163
65164
65165
65166
65167
65168
65169
65175
65176
65183
65187
65188
65189
65193
65196
65198
65200
65201
65204
65208
65211
65213
65214
65218
65220
65223
65226
65227
65228
65230
65233
65235
65237
65242
65244
65248
65249
65256
65258
65263
65265
65274
65283
65286
65287
65289
65292
65295
65298
65299
65300
65301
65302
65303
65316
65318
65319
65320
65324
65328
65332
65334
65335
65340
65341
65342
65343
65348
65349
65352
65356
65357
65360
65361
65362
65364
65367
65371
65380
65381
65383
65387
65388
65393
65396
65397
65398
65401
65402
65403
65411
65415
65422
65437
65439
65440
65443
65445
65446
65447
65449
65452
65455
65465
65467
65472
65475
65478
65484
65486
65487
65491
65492
65497
65501
65504
65508
65510
65514
65517
65519
65521
65522
65526
65528
65530
65536
65538
65540
65546
65547
65550
65552
65558
65568
65571
65572
65573
65574
65579
65580
65582
65584
65586
65587
65596
65598
65608
65618
65619
65621
65622
65623
65624
65626
65629
65631
65632
65633
65635
65636
65638
65639
65643
65647
65650
65656
65657
65660
65663
65665
65671
65672
65673
65675
65676
65679
65682
65685
65694
65698
65705
65706
65711
65712
65713
65717
65720
65723
65725
65727
65730
65731
65737
65738
65740
65741
65744
65747
65748
65751
65754
65756
65758
65760
65761
65763
65767
65768
65770
65772
65775
65779
65783
65788
65807
65808
65811
65815
65817
65819
65822
65829
65830
65832
65833
65834
65838
65841
65844
65845
65846
65852
65853
65854
65859
65860
65865
65868
65869
65872
65874
65878
65880
65882
65885
65894
65899
65904
65905
65906
65907
65908
65910
65913
65917
65921
65922
65923
65927
65929
65930
65931
65932
65933
65935
65939
65947
65948
65951
65953
65956
65957
65962
65964
65965
65971
65974
65975
65976
65978
65980
65981
65982
65988
65991
65998
66004
66008
66010
66014
66019
66022
66023
66027
66029
66037
66045
66049
66056
66057
66058
66065
66070
66072
66082
66084
66087
66088
66092
66093
66095
66097
66102
66112
66115
66117
66119
66122
66126
66127
66128
66130
66131
66132
66133
66139
66141
66144
66145
66146
66147
66151
66152
66154
66155
66158
66162
66164
66168
66180
66181
66184
66185
66187
66188
66195
66199
66200
66201
66202
66203
66206
66208
66213
66220
66221
66227
66231
66233
66235
66241
66242
66244
66245
66246
66263
66266
66267
66273
66274
66276
66277
66278
66279
66280
66281
66284
66287
66289
66295
66297
66298
66300
66302
66303
66304
66316
66323
66325
66326
66338
66339
66340
66344
66345
66351
66360
66362
66371
66373
66374
66378
66380
66381
66392
66393
66398
66400
66404
66405
66406
66411
66414
66416
66420
66421
66424
66425
66431
66433
66434
66437
66440
66442
66445
66446
66448
66452
66454
66458
66462
66463
66468
66470
66471
66475
66485
66486
66487
66488
66492
66499
66503
66510
66515
66516
66517
66518
66520
66523
66531
66532
66533
66535
66537
66539
66542
66543
66551
66552
66556
66558
66561
66563
66564
66567
66568
66571
66574
66576
66578
66580
66592
66593
66598
66600
66608
66609
66617
66621
66626
66627
66629
66637
66647
66651
66654
66656
66659
66662
66663
66667
66670
66673
66675
66677
66680
66682
66693
66699
66701
66702
66707
66708
66709
66715
66718
66723
66724
66736
66739
66747
66750
66753
66754
66755
66760
66762
66764
66765
66767
66771
66776
66779
66781
66784
66786
66791
66795
66798
66803
66805
66806
66807
66808
66809
66810
66811
66812
66820
66824
66828
66834
66836
66837
66840
66841
66848
66857
66860
66862
66865
66869
66871
66873
66877
66878
66880
66881
66888
66889
66892
66897
66898
66900
66905
66906
66907
66908
66911
66914
66915
66916
66925
66928
66932
66937
66938
66944
66946
66950
66951
66954
66955
66957
66958
66959
66963
66972
66976
66978
66984
66987
66988
66991
66995
66996
67001
67002
67004
67008
67009
67010
67011
67012
67014
67015
67019
67023
67024
67025
67029
67031
67033
67034
67037
67038
67039
67040
67041
67044
67045
67048
67050
67052
67057
67059
67060
67067
67068
67070
67071
67072
67073
67075
67076
67081
67083
67084
67087
67091
67092
67101
67106
67108
67111
67114
67115
67116
67120
67121
67123
67125
67127
67135
67137
67138
67140
67142
67144
67148
67149
67150
67152
67156
67158
67159
67164
67168
67170
67172
67175
67177
67179
67188
67190
67191
67192
67195
67196
67199
67208
67209
67210
67215
67217
67219
67220
67222
67229
67231
67233
67235
67239
67241
67242
67243
67245
67246
67248
67251
67254
67258
67259
67270
67274
67275
67279
67280
67282
67283
67288
67291
67293
67294
67299
67318
67323
67326
67328
67329
67331
67333
67334
67339
67344
67345
67350
67355
67360
67361
67364
67366
67369
67373
67377
67382
67383
67384
67387
67391
67394
67396
67398
67403
67405
67409
67410
67422
67425
67426
67432
67433
67439
67440
67441
67445
67446
67447
67450
67451
67461
67469
67470
67472
67474
67475
67482
67483
67485
67492
67493
67495
67497
67501
67503
67504
67505
67508
67513
67514
67520
67521
67522
67524
67525
67526
67528
67529
67530
67531
67533
67534
67542
67544
67546
67548
67554
67555
67564
67571
67574
67580
67583
67589
67593
67599
67600
67603
67607
67609
67610
67612
67616
67622
67626
67631
67634
67641
67642
67651
67654
67662
67665
67674
67675
67682
67688
67691
67695
67698
67699
67702
67704
67705
67708
67709
67712
67715
67719
67720
67721
67722
67726
67729
67730
67734
67735
67738
67740
67741
67744
67759
67760
67761
67763
67767
67768
67771
67778
67784
67787
67794
67798
67799
67800
67804
67806
67808
67809
67810
67813
67814
67815
67817
67818
67821
67825
67828
67829
67834
67835
67838
67841
67842
67847
67852
67858
67860
67861
67867
67868
67869
67871
67873
67877
67880
67881
67885
67895
67896
67897
67899
67901
67904
67910
67912
67922
67925
67927
67930
67934
67935
67943
67946
67948
67949
67951
67953
67954
67955
67958
67961
67965
67967
67968
67969
67974
67977
67984
67985
67989
67993
67994
67999
68004
68006
68010
68012
68019
68022
68033
68034
68041
68045
68046
68047
68053
68056
68057
68065
68070
68074
68076
68079
68080
68083
68084
68087
68089
68091
68092
68094
68100
68109
68112
68114
68115
68116
68123
68128
68129
68133
68136
68142
68144
68147
68152
68155
68159
68162
68165
68167
68173
68174
68178
68179
68181
68184
68188
68191
68192
68201
68205
68206
68208
68211
68216
68218
68222
68236
68238
68247
68253
68255
68259
68260
68262
68265
68268
68270
68276
68277
68281
68282
68283
68286
68288
68289
68290
68292
68293
68295
68296
68297
68298
68302
68303
68305
68311
68313
68314
68315
68317
68320
68321
68325
68326
68327
68329
68331
68332
68333
68337
68339
68344
68346
68354
68364
68366
68373
68374
68380
68382
68384
68386
68387
68388
68391
68392
68393
68394
68395
68396
68398
68402
68403
68407
68408
68411
68414
68416
68419
68422
68425
68428
68430
68431
68433
68442
68443
68449
68450
68451
68452
68454
68455
68458
68462
68467
68470
68479
68480
68482
68484
68485
68487
68492
68493
68497
68500
68508
68510
68511
68513
68517
68518
68520
68521
68523
68524
68526
68528
68529
68530
68531
68534
68536
68538
68540
68542
68546
68551
68552
68553
68556
68557
68559
68560
68561
68568
68577
68580
68583
68584
68585
68587
68590
68595
68600
68601
68602
68606
68607
68609
68613
68615
68616
68618
68620
68624
68628
68629
68631
68636
68638
68642
68647
68649
68650
68655
68656
68658
68659
68660
68663
68668
68669
68675
68680
68681
68686
68688
68692
68694
68695
68696
68697
68700
68705
68707
68709
68712
68715
68719
68721
68725
68727
68728
68731
68732
68740
68746
68748
68751
68753
68754
68755
68757
68770
68773
68777
68779
68781
68782
68783
68785
68787
68792
68794
68797
68798
68803
68804
68807
68810
68815
68816
68818
68823
68824
68825
68830
68831
68832
68833
68838
68840
68842
68844
68845
68849
68850
68853
68856
68858
68861
68862
68865
68869
68870
68872
68874
68881
68886
68887
68889
68890
68896
68899
68904
68909
68911
68915
68916
68920
68927
68929
68930
68931
68937
68939
68942
68948
68951
68955
68956
68958
68960
68961
68962
68967
68972
68975
68982
68985
68989
68991
68992
68997
69002
69004
69009
69010
69012
69013
69015
69020
69021
69023
69024
69027
69028
69029
69030
69031
69039
69042
69047
69048
69049
69050
69051
69052
69053
69059
69066
69068
69070
69072
69073
69074
69076
69079
69080
69084
69086
69087
69090
69095
69104
69105
69108
69109
69115
69117
69120
69121
69126
69130
69133
69134
69142
69144
69148
69151
69152
69156
69157
69162
69168
69171
69173
69175
69183
69186
69187
69189
69190
69196
69203
69208
69209
69210
69211
69217
69220
69228
69229
69231
69235
69239
69240
69241
69243
69248
69249
69255
69257
69258
69259
69260
69261
69262
69266
69270
69271
69274
69276
69278
69279
69281
69288
69291
69294
69295
69297
69301
69303
69304
69306
69308
69316
69321
69322
69323
69326
69329
69330
69336
69337
69339
69341
69347
69348
69352
69355
69358
69359
69361
69362
69367
69368
69372
69376
69390
69391
69392
69395
69396
69402
69403
69405
69410
69411
69421
69422
69424
69427
69431
69433
69439
69442
69445
69447
69448
69449
69454
69462
69463
69469
69470
69473
69475
69478
69482
69484
69485
69492
69496
69499
69501
69506
69507
69508
69509
69510
69517
69521
69522
69524
69526
69527
69529
69533
69534
69537
69541
69542
69544
69545
69552
69553
69554
69555
69566
69568
69574
69578
69579
69580
69581
69584
69585
69592
69593
69596
69597
69605
69607
69611
69618
69619
69626
69630
69632
69637
69638
69640
69645
69656
69657
69660
69663
69666
69667
69673
69674
69675
69677
69681
69686
69687
69690
69696
69702
69703
69706
69707
69711
69715
69721
69722
69723
69725
69726
69734
69736
69737
69742
69749
69753
69758
69760
69765
69766
69767
69768
69769
69771
69776
69777
69778
69782
69784
69788
69791
69792
69794
69798
69799
69800
69806
69808
69809
69810
69813
69817
69821
69823
69825
69826
69830
69833
69836
69841
69843
69845
69846
69847
69848
69852
69855
69859
69860
69862
69864
69867
69868
69870
69872
69877
69881
69885
69892
69898
69904
69913
69917
69922
69924
69936
69937
69938
69939
69940
69943
69946
69949
69950
69951
69958
69967
69970
69972
69973
69975
69976
69977
69979
69982
69986
69992
69993
69996
70000
70001
70007
70009
70010
70011
70013
70017
70018
70023
70026
70027
70031
70033
70034
70039
70040
70042
70044
70051
70054
70059
70060
70067
70071
70073
70075
70077
70078
70079
70080
70083
70084
70087
70094
70100
70101
70104
70108
70110
70112
70116
70117
70121
70123
70125
70128
70130
70133
70139
70141
70144
70145
70147
70149
70151
70153
70154
70156
70162
70163
70166
70168
70171
70172
70173
70174
70177
70178
70181
70185
70188
70189
70193
70194
70195
70196
70197
70199
70204
70213
70216
70219
70221
70223
70225
70238
70240
70245
70247
70249
70251
70254
70257
70261
70262
70263
70265
70267
70269
70271
70274
70278
70279
70282
70284
70287
70294
70297
70303
70307
70310
70311
70312
70318
70319
70322
70323
70324
70325
70334
70335
70336
70337
70343
70347
70350
70353
70357
70358
70361
70363
70372
70374
70375
70376
70383
70384
70385
70386
70391
70393
70395
70398
70399
70402
70403
70404
70405
70412
70416
70417
70420
70424
70425
70429
70430
70432
70433
70436
70437
70444
70446
70447
70450
70451
70452
70455
70456
70461
70462
70463
70464
70475
70476
70477
70479
70480
70485
70489
70490
70491
70497
70501
70502
70504
70505
70506
70515
70523
70524
70525
70527
70531
70535
70538
70541
70543
70544
70545
70546
70547
70554
70556
70560
70571
70572
70573
70574
70578
70579
70583
70586
70588
70590
70593
70596
70597
70601
70604
70605
70606
70607
70612
70614
70615
70621
70622
70629
70631
70634
70635
70637
70643
70649
70661
70662
70666
70668
70672
70673
70675
70681
70685
70686
70688
70689
70691
70692
70693
70696
70698
70700
70701
70702
70704
70713
70715
70717
70724
70725
70726
70730
70731
70733
70734
70735
70740
70744
70749
70751
70753
70757
70758
70759
70760
70766
70768
70771
70776
70779
70787
70791
70796
70798
70804
70807
70809
70814
70815
70817
70825
70826
70833
70836
70838
70839
70841
70842
70846
70847
70849
70850
70852
70853
70864
70867
70868
70870
70877
70878
70880
70885
70886
70887
70889
70890
70891
70892
70894
70895
70896
70899
70901
70902
70908
70912
70916
70920
70922
70923
70926
70928
70929
70930
70933
70934
70941
70944
70945
70949
70951
70952
70953
70955
70956
70958
70959
70960
70961
70964
70967
70970
70972
70973
70979
70981
70983
70985
70986
70987
70989
70993
70994
70997
70999
71000
71004
71008
71012
71014
71015
71020
71021
71022
71024
71025
71028
71030
71031
71038
71040
71043
71044
71047
71055
71059
71061
71062
71064
71069
71070
71071
71075
71078
71083
71085
71092
71101
71102
71104
71106
71108
71111
71115
71122
71123
71127
71128
71132
71134
71140
71141
71143
71144
71148
71153
71160
71165
71166
71170
71171
71181
71185
71186
71191
71192
71197
71199
71201
71202
71205
71207
71208
71215
71217
71218
71226
71227
71229
71230
71231
71235
71240
71242
71245
71249
71253
71256
71257
71262
71263
71264
71265
71266
71269
71270
71273
71276
71280
71282
71285
71286
71290
71295
71296
71300
71302
71308
71315
71316
71320
71322
71323
71326
71327
71328
71329
71332
71334
71335
71339
71345
71347
71348
71349
71350
71352
71353
71354
71357
71358
71360
71364
71365
71367
71368
71369
71371
71372
71377
71378
71384
71385
71390
71392
71397
71398
71399
71402
71403
71405
71406
71410
71411
71412
71414
71416
71417
71421
71423
71432
71434
71438
71439
71440
71441
71443
71444
71445
71446
71448
71451
71455
71460
71465
71470
71473
71476
71481
71485
71489
71492
71493
71494
71495
71499
71511
71512
71514
71515
71516
71517
71520
71523
71526
71528
71529
71534
71537
71542
71544
71545
71550
71552
71553
71555
71556
71560
71561
71564
71565
71568
71569
71583
71584
71586
71587
71589
71593
71594
71595
71598
71600
71601
71603
71604
71607
71616
71617
71621
71622
71623
71633
71637
71641
71643
71644
71646
71647
71652
71656
71660
71661
71663
71665
71666
71668
71669
71672
71676
71682
71690
71691
71696
71697
71701
71703
71705
71707
71708
71709
71711
71712
71716
71717
71719
71723
71724
71725
71726
71729
71735
71739
71741
71744
71746
71748
71749
71757
71761
71764
71768
71769
71771
71774
71775
71780
71784
71786
71788
71791
71795
71797
71803
71805
71807
71808
71813
71814
71816
71820
71828
71831
71832
71834
71838
71848
71853
71857
71858
71859
71861
71863
71866
71870
71871
71878
71880
71882
71883
71885
71886
71887
71890
71892
71895
71899
71900
71901
71903
71904
71908
71914
71916
71919
71921
71923
71924
71925
71928
71930
71932
71937
71939
71942
71945
71947
71952
71955
71956
71958
71959
71967
71971
71972
71973
71975
71978
71980
71981
71985
71986
71993
72000
72002
72007
72008
72012
72014
72016
72017
72020
72021
72024
72026
72028
72029
72030
72033
72034
72035
72037
72038
72040
72041
72042
72044
72046
72048
72049
72051
72052
72056
72058
72061
72066
72068
72069
72072
72076
72080
72086
72089
72094
72095
72096
72101
72106
72107
72114
72115
72116
72117
72118
72121
72125
72129
72137
72139
72142
72147
72149
72156
72161
72166
72170
72172
72174
72178
72181
72183
72185
72186
72195
72197
72200
72202
72206
72208
72209
72210
72212
72213
72214
72217
72218
72220
72221
72223
72225
72229
72231
72232
72233
72239
72250
72251
72252
72253
72254
72257
72258
72259
72262
72265
72266
72267
72268
72269
72270
72273
72274
72276
72281
72282
72283
72284
72288
72292
72293
72296
72298
72300
72301
72303
72305
72306
72317
72319
72320
72321
72324
72329
72332
72333
72336
72339
72341
72345
72347
72349
72350
72351
72354
72355
72356
72357
72361
72364
72365
72366
72367
72377
72378
72379
72381
72382
72383
72386
72387
72389
72393
72396
72398
72400
72402
72403
72404
72405
72407
72408
72411
72413
72415
72416
72417
72418
72419
72420
72421
72423
72425
72428
72430
72431
72435
72436
72439
72440
72442
72443
72444
72448
72458
72461
72464
72466
72470
72472
72473
72481
72484
72485
72486
72487
72493
72499
72500
72501
72502
72508
72511
72513
72514
72526
72529
72535
72536
72539
72542
72544
72554
72555
72558
72562
72564
72566
72569
72571
72574
72575
72580
72582
72583
72588
72590
72591
72592
72599
72600
72601
72606
72607
72614
72619
72626
72627
72629
72630
72631
72632
72633
72635
72642
72653
72658
72660
72662
72663
72665
72666
72668
72670
72674
72675
72677
72680
72681
72685
72686
72693
72699
72702
72703
72709
72713
72714
72718
72721
72723
72724
72725
72727
72728
72732
72735
72740
72741
72742
72743
72744
72747
72750
72751
72753
72755
72756
72757
72766
72767
72773
72778
72779
72781
72782
72795
72799
72804
72805
72808
72816
72824
72826
72827
72836
72838
72840
72842
72844
72845
72846
72848
72852
72854
72855
72861
72862
72875
72877
72885
72886
72889
72892
72893
72895
72900
72903
72906
72909
72915
72916
72927
72928
72931
72933
72935
72936
72938
72940
72947
72948
72949
72950
72951
72952
72953
72959
72960
72967
72971
72973
72974
72980
72981
72982
72987
72988
72989
72990
72991
72994
72996
73002
73005
73009
73015
73021
73026
73027
73028
73031
73033
73036
73037
73038
73044
73046
73047
73050
73052
73054
73061
73070
73071
73073
73075
73076
73078
73080
73082
73088
73092
73094
73096
73104
73107
73112
73113
73119
73123
73129
73134
73135
73138
73139
73140
73142
73151
73152
73154
73156
73164
73166
73167
73169
73171
73172
73175
73181
73182
73188
73190
73192
73194
73195
73199
73202
73205
73210
73211
73212
73214
73216
73217
73218
73220
73221
73225
73227
73229
73232
73234
73235
73238
73239
73240
73242
73243
73245
73247
73248
73249
73252
73256
73261
73262
73265
73268
73269
73271
73273
73277
73280
73281
73285
73287
73289
73291
73293
73297
73298
73304
73306
73308
73309
73310
73314
73317
73319
73320
73323
73324
73325
73329
73331
73332
73336
73337
73343
73347
73351
73353
73355
73356
73366
73369
73375
73378
73379
73381
73384
73389
73390
73391
73392
73394
73399
73401
73403
73412
73415
73416
73421
73423
73431
73439
73442
73455
73456
73457
73461
73462
73464
73466
73468
73469
73482
73483
73484
73486
73488
73491
73492
73493
73494
73495
73496
73497
73499
73501
73504
73506
73507
73508
73511
73514
73516
73517
73518
73521
73522
73523
73524
73526
73528
73531
73533
73534
73535
73536
73539
73541
73547
73549
73550
73555
73557
73559
73561
73562
73564
73565
73567
73571
73572
73573
73576
73577
73580
73582
73586
73588
73589
73595
73596
73597
73601
73605
73606
73608
73610
73611
73613
73614
73617
73618
73619
73620
73622
73623
73624
73625
73627
73628
73632
73634
73635
73637
73640
73644
73646
73649
73650
73651
73654
73656
73658
73659
73661
73663
73665
73666
73667
73669
73672
73673
73674
73678
73682
73686
73689
73692
73693
73695
73696
73697
73699
73700
73701
73704
73706
73709
73714
73715
73716
73717
73719
73720
73721
73722
73723
73724
73727
73728
73731
73742
73744
73746
73748
73755
73756
73761
73766
73767
73769
73772
73776
73780
73781
73782
73788
73789
73790
73795
73796
73798
73799
73800
73801
73804
73809
73812
73814
73816
73819
73821
73822
73823
73825
73833
73834
73839
73840
73841
73843
73845
73849
73850
73851
73852
73859
73860
73863
73864
73865
73866
73876
73877
73880
73884
73886
73889
73890
73891
73893
73895
73897
73899
73900
73901
73906
73908
73909
73910
73913
73914
73917
73920
73921
73924
73926
73927
73929
73932
73933
73934
73935
73936
73942
73943
73945
73947
73948
73949
73953
73955
73961
73967
73969
73972
73974
73976
73977
73980
73983
73985
73987
73988
73994
73996
73997
74001
74004
74008
74011
74012
74013
74015
74016
74017
74020
74021
74022
74023
74028
74029
74035
74038
74042
74043
74045
74049
74051
74056
74059
74061
74062
74066
74074
74075
74076
74077
74080
74081
74082
74084
74086
74090
74091
74093
74098
74101
74102
74103
74104
74105
74109
74110
74111
74115
74118
74121
74122
74123
74124
74125
74132
74133
74137
74138
74139
74140
74141
74143
74144
74145
74148
74154
74155
74158
74162
74163
74167
74168
74169
74171
74172
74173
74176
74177
74179
74180
74182
74183
74184
74185
74186
74190
74193
74194
74202
74203
74204
74209
74210
74213
74214
74215
74217
74219
74221
74224
74226
74228
74229
74231
74233
74235
74236
74237
74238
74239
74240
74242
74243
74244
74245
74246
74251
74252
74253
74258
74264
74266
74267
74270
74271
74275
74277
74282
74288
74289
74291
74294
74295
74297
74299
74305
74306
74308
74311
74312
74314
74319
74324
74331
74333
74337
74339
74344
74347
74348
74352
74354
74357
74360
74361
74364
74365
74368
74373
74376
74379
74383
74388
74389
74394
74401
74405
74406
74407
74411
74412
74413
74414
74416
74417
74418
74419
74422
74424
74425
74426
74428
74432
74433
74437
74440
74441
74444
74445
74446
74449
74450
74454
74455
74458
74459
74464
74466
74467
74468
74469
74471
74472
74474
74475
74481
74482
74488
74490
74491
74494
74496
74498
74499
74500
74502
74506
74508
74509
74512
74513
74516
74517
74519
74520
74523
74525
74529
74530
74532
74536
74537
74538
74539
74542
74544
74551
74555
74563
74567
74570
74571
74578
74579
74582
74587
74589
74590
74591
74594
74596
74598
74599
74601
74611
74615
74618
74619
74621
74624
74625
74626
74629
74630
74632
74635
74642
74643
74645
74646
74647
74648
74649
74651
74652
74657
74658
74659
74660
74665
74669
74672
74673
74677
74680
74681
74685
74686
74687
74688
74689
74690
74692
74693
74695
74697
74699
74701
74703
74704
74705
74706
74707
74712
74715
74719
74723
74724
74725
74726
74729
74732
74735
74736
74737
74741
74742
74743
74744
74746
74747
74750
74752
74753
74755
74757
74758
74759
74760
74761
74766
74768
74770
74771
74774
74775
74779
74781
74782
74784
74787
74789
74791
74792
74794
74795
74796
74798
74800
74802
74804
74806
74808
74809
74811
74816
74822
74825
74827
74829
74830
74831
74835
74836
74841
74842
74846
74847
74851
74857
74862
74863
74864
74868
74870
74871
74874
74876
74878
74879
74882
74886
74887
74895
74896
74899
74901
74902
74905
74907
74909
74914
74919
74920
74921
74922
74924
74925
74927
74928
74932
74936
74940
74943
74944
74945
74947
74950
74951
74955
74957
74960
74961
74966
74970
74973
74975
74977
74979
74981
74982
74986
74987
74989
74997
74998
75000
75004
75008
75010
75012
75014
75019
75021
75023
75025
75031
75032
75033
75034
75036
75037
75040
75041
75042
75046
75047
75054
75055
75056
75061
75064
75068
75071
75073
75074
75076
75079
75083
75086
75088
75089
75093
75095
75097
75099
75100
75101
75102
75103
75104
75105
75106
75107
75108
75110
75111
75114
75117
75118
75119
75120
75122
75123
75124
75128
75129
75130
75131
75132
75134
75136
75139
75140
75141
75142
75143
75144
75145
75146
75151
75152
75155
75156
75160
75161
75164
75165
75168
75173
75177
75180
75182
75184
75185
75187
75188
75191
75196
75199
75201
75202
75203
75204
75205
75206
75207
75208
75209
75211
75213
75214
75215
75218
75219
75220
75221
75224
75226
75230
75231
75234
75237
75240
75243
75244
75245
75248
75257
75259
75260
75261
75262
75265
75267
75269
75270
75274
75278
75281
75282
75283
75289
75290
75292
75296
75298
75300
75301
75309
75312
75313
75314
75317
75318
75319
75320
75328
75329
75333
75335
75336
75337
75338
75340
75341
75343
75344
75345
75346
75347
75348
75351
75354
75355
75358
75359
75367
75371
75385
75386
75388
75389
75391
75400
75403
75404
75406
75407
75409
75414
75420
75423
75424
75426
75427
75431
75436
75440
75441
75448
75451
75452
75459
75461
75462
75470
75472
75475
75478
75479
75481
75482
75487
75489
75493
75494
75497
75501
75503
75506
75509
75516
75519
75522
75527
75530
75531
75536
75537
75538
75544
75547
75548
75550
75551
75554
75559
75564
75565
75568
75570
75573
75574
75576
75578
75580
75582
75583
75585
75594
75595
75596
75597
75601
75602
75603
75605
75606
75608
75610
75616
75619
75622
75629
75630
75631
75638
75639
75643
75644
75648
75650
75658
75662
75664
75666
75668
75670
75673
75679
75687
75688
75692
75694
75695
75696
75697
75700
75705
75706
75708
75710
75712
75714
75716
75717
75720
75721
75723
75724
75727
75732
75734
75735
75738
75743
75744
75746
75748
75749
75750
75752
75753
75754
75755
75757
75759
75760
75762
75769
75774
75775
75776
75778
75781
75785
75794
75797
75798
75800
75801
75813
75814
75818
75823
75824
75826
75827
75831
75836
75837
75838
75839
75841
75842
75844
75846
75848
75849
75850
75854
75864
75866
75870
75871
75873
75878
75880
75881
75887
75889
75891
75894
75896
75898
75899
75900
75902
75904
75905
75910
75911
75913
75915
75917
75918
75920
75925
75926
75927
75931
75935
75936
75937
75938
75939
75943
75944
75945
75947
75955
75956
75961
75962
75963
75965
75970
75971
75973
75974
75975
75977
75980
75986
75987
75989
75990
75991
75992
75994
76000
76005
76007
76011
76019
76020
76021
76022
76023
76025
76026
76040
76042
76044
76048
76052
76053
76054
76055
76057
76059
76061
76062
76066
76067
76068
76069
76070
76072
76076
76079
76080
76081
76084
76085
76088
76089
76090
76093
76094
76097
76099
76100
76103
76104
76105
76106
76107
76116
76119
76120
76121
76125
76126
76127
76128
76132
76134
76135
76136
76138
76144
76146
76147
76153
76156
76158
76161
76165
76167
76169
76171
76176
76177
76178
76179
76181
76182
76184
76185
76188
76189
76198
76199
76200
76205
76208
76210
76212
76213
76217
76220
76222
76224
76225
76226
76230
76233
76235
76236
76239
76240
76245
76246
76248
76249
76250
76253
76257
76258
76260
76261
76262
76265
76268
76269
76270
76275
76276
76279
76286
76289
76292
76294
76297
76298
76299
76305
76309
76311
76312
76316
76317
76319
76321
76325
76327
76330
76331
76332
76333
76336
76340
76341
76342
76347
76348
76353
76355
76356
76357
76358
76361
76366
76367
76370
76373
76380
76382
76383
76387
76388
76396
76399
76401
76402
76406
76408
76410
76412
76414
76419
76421
76422
76426
76427
76428
76429
76430
76431
76433
76434
76435
76437
76438
76439
76440
76444
76450
76451
76455
76459
76462
76464
76465
76466
76468
76472
76483
76484
76485
76488
76492
76493
76495
76498
76500
76502
76504
76506
76507
76512
76514
76515
76523
76524
76527
76530
76531
76532
76536
76537
76539
76541
76545
76547
76553
76557
76560
76564
76566
76573
76575
76576
76577
76580
76583
76587
76588
76589
76590
76591
76594
76595
76599
76600
76603
76604
76606
76609
76611
76613
76615
76616
76619
76622
76625
76626
76628
76632
76633
76634
76636
76638
76639
76642
76643
76644
76645
76646
76651
76655
76656
76659
76662
76663
76664
76665
76666
76667
76668
76670
76681
76687
76688
76689
76692
76695
76696
76698
76703
76705
76707
76711
76712
76716
76719
76721
76723
76724
76725
76727
76730
76731
76735
76736
76745
76753
76754
76755
76756
76758
76762
76763
76764
76765
76766
76768
76769
76772
76775
76776
76777
76780
76783
76784
76786
76787
76790
76791
76793
76798
76799
76800
76802
76804
76805
76806
76807
76808
76810
76811
76812
76814
76815
76817
76818
76820
76821
76822
76824
76825
76826
76827
76832
76837
76842
76843
76845
76849
76854
76856
76858
76863
76865
76867
76870
76871
76872
76875
76880
76882
76884
76887
76888
76890
76891
76894
76895
76897
76898
76901
76905
76908
76916
76918
76921
76923
76926
76927
76929
76934
76936
76941
76943
76950
76951
76953
76956
76957
76958
76965
76966
76968
76971
76973
76974
76975
76976
76988
76990
76991
76992
76995
76997
76999
77000
77001
77002
77003
77005
77007
77010
77012
77014
77015
77016
77017
77019
77020
77021
77022
77023
77028
77030
77031
77033
77036
77037
77038
77039
77041
77044
77045
77046
77048
77062
77063
77064
77065
77069
77070
77075
77077
77079
77082
77084
77087
77092
77094
77096
77097
77101
77103
77104
77105
77106
77107
77110
77111
77114
77115
77116
77117
77118
77120
77122
77123
77124
77125
77126
77129
77130
77131
77135
77141
77142
77144
77146
77148
77149
77151
77152
77153
77156
77159
77164
77166
77169
77170
77171
77173
77179
77180
77181
77185
77187
77190
77192
77202
77203
77209
77219
77220
77221
77222
77224
77226
77232
77235
77238
77244
77246
77247
77250
77253
77255
77257
77258
77262
77265
77266
77268
77269
77277
77279
77280
77281
77282
77284
77285
77286
77288
77289
77290
77294
77298
77299
77302
77305
77309
77310
77312
77320
77325
77328
77332
77333
77337
77338
77343
77347
77353
77354
77357
77360
77369
77373
77376
77377
77378
77379
77380
77385
77389
77391
77393
77395
77398
77401
77404
77407
77408
77410
77412
77414
77417
77419
77426
77431
77438
77440
77441
77442
77444
77446
77447
77448
77450
77451
77452
77455
77457
77459
77460
77461
77462
77465
77467
77473
77474
77477
77478
77479
77480
77483
77489
77491
77493
77497
77498
77502
77505
77510
77519
77524
77527
77534
77540
77542
77544
77546
77551
77552
77553
77555
77561
77562
77565
77569
77578
77586
77587
77588
77591
77597
77603
77605
77607
77608
77613
77616
77617
77618
77619
77623
77625
77629
77630
77632
77634
77635
77636
77637
77639
77640
77641
77642
77644
77645
77646
77648
77649
77657
77658
77662
77664
77667
77668
77670
77674
77676
77680
77682
77693
77694
77701
77702
77703
77704
77705
77710
77711
77716
77718
77722
77723
77724
77730
77733
77735
77741
77742
77744
77746
77752
77755
77760
77765
77766
77769
77770
77772
77774
77775
77777
77779
77780
77786
77787
77788
77792
77793
77796
77799
77805
77807
77811
77814
77816
77817
77820
77821
77824
77826
77827
77829
77832
77833
77836
77838
77843
77849
77855
77860
77862
77863
77865
77867
77870
77873
77877
77886
77891
77892
77894
77895
77896
77899
77902
77904
77906
77908
77911
77912
77913
77914
77917
77919
77920
77922
77925
77927
77928
77932
77935
77936
77939
77945
77948
77950
77952
77958
77963
77964
77965
77968
77969
77974
77975
77976
77978
77980
77983
77985
77986
77988
77993
77995
78000
78001
78002
78004
78007
78011
78012
78013
78014
78020
78021
78022
78024
78026
78027
78033
78035
78036
78037
78038
78043
78046
78048
78049
78051
78052
78053
78054
78058
78059
78061
78063
78064
78066
78067
78068
78074
78080
78082
78083
78084
78093
78096
78099
78100
78103
78104
78110
78111
78113
78114
78116
78122
78123
78124
78125
78126
78131
78134
78138
78151
78152
78153
78154
78155
78158
78160
78161
78162
78167
78168
78170
78174
78177
78179
78182
78183
78184
78187
78188
78189
78190
78191
78193
78195
78196
78199
78206
78209
78210
78211
78215
78217
78235
78243
78244
78245
78246
78248
78252
78253
78259
78260
78261
78263
78270
78273
78278
78280
78282
78285
78287
78288
78289
78291
78292
78295
78297
78298
78307
78308
78310
78311
78312
78313
78319
78321
78322
78323
78324
78329
78330
78334
78335
78338
78339
78341
78343
78346
78348
78353
78356
78359
78361
78363
78364
78366
78367
78370
78373
78375
78378
78379
78383
78384
78386
78389
78394
78396
78397
78400
78403
78407
78408
78411
78413
78415
78416
78420
78427
78428
78429
78435
78437
78441
78443
78445
78446
78449
78460
78462
78463
78467
78470
78472
78484
78490
78491
78492
78497
78499
78504
78505
78506
78510
78511
78512
78513
78514
78516
78517
78522
78526
78528
78532
78540
78547
78548
78550
78551
78553
78554
78556
78557
78558
78559
78560
78561
78564
78568
78569
78570
78571
78572
78574
78577
78579
78584
78586
78587
78588
78597
78600
78602
78605
78606
78607
78608
78609
78612
78613
78614
78617
78619
78621
78624
78626
78634
78636
78638
78639
78651
78655
78657
78663
78664
78665
78666
78667
78670
78676
78681
78685
78686
78688
78689
78690
78692
78694
78695
78697
78704
78706
78707
78711
78712
78714
78721
78724
78725
78726
78728
78734
78744
78745
78746
78747
78750
78752
78753
78757
78758
78768
78769
78772
78774
78775
78779
78780
78782
78787
78788
78795
78796
78802
78803
78805
78807
78808
78815
78817
78819
78823
78825
78826
78831
78834
78836
78839
78843
78844
78847
78848
78850
78853
78855
78856
78860
78862
78863
78865
78866
78868
78869
78872
78874
78877
78879
78880
78881
78883
78884
78885
78886
78887
78888
78892
78893
78897
78900
78901
78903
78904
78907
78910
78912
78915
78916
78917
78918
78925
78926
78927
78929
78932
78935
78936
78940
78942
78945
78946
78947
78949
78953
78954
78956
78958
78959
78962
78963
78964
78972
78974
78975
78976
78979
78980
78981
78982
78983
78985
78987
78988
79001
79002
79004
79005
79008
79011
79015
79022
79026
79028
79030
79032
79035
79036
79039
79040
79041
79042
79044
79045
79048
79050
79056
79057
79060
79063
79064
79069
79072
79076
79077
79078
79079
79080
79081
79082
79086
79089
79090
79092
79097
79099
79102
79103
79104
79108
79109
79110
79112
79115
79121
79128
79129
79130
79132
79135
79137
79138
79140
79145
79146
79149
79150
79152
79154
79155
79157
79162
79166
79171
79175
79176
79184
79185
79188
79192
79193
79197
79206
79207
79210
79218
79222
79226
79228
79231
79234
79241
79243
79244
79247
79255
79256
79259
79266
79267
79273
79281
79283
79290
79291
79292
79295
79296
79299
79306
79310
79313
79315
79322
79326
79327
79331
79333
79338
79339
79340
79343
79344
79345
79348
79349
79355
79360
79363
79364
79368
79371
79372
79374
79375
79376
79377
79379
79380
79381
79382
79383
79385
79387
79388
79390
79391
79393
79396
79398
79399
79401
79404
79407
79409
79410
79411
79414
79415
79416
79417
79419
79420
79424
79425
79427
79429
79431
79433
79434
79438
79440
79442
79446
79448
79449
79456
79457
79458
79460
79463
79467
79468
79470
79476
79479
79480
79486
79490
79492
79494
79498
79504
79507
79510
79511
79513
79515
79520
79521
79523
79524
79525
79527
79528
79532
79537
79538
79541
79544
79545
79546
79549
79550
79556
79557
79559
79564
79569
79574
79577
79578
79579
79580
79583
79584
79585
79589
79590
79592
79595
79596
79597
79599
79603
79604
79605
79606
79608
79610
79612
79614
79615
79617
79618
79619
79626
79627
79628
79631
79632
79635
79638
79639
79641
79644
79648
79654
79655
79656
79657
79659
79661
79665
79670
79672
79674
79675
79676
79677
79678
79680
79684
79687
79693
79694
79699
79702
79705
79706
79708
79710
79711
79712
79714
79715
79717
79719
79724
79729
79730
79731
79732
79734
79742
79748
79753
79755
79758
79761
79767
79768
79772
79773
79774
79780
79783
79787
79788
79790
79792
79802
79804
79806
79807
79808
79810
79812
79817
79819
79820
79822
79823
79824
79827
79828
79834
79835
79841
79843
79845
79848
79851
79852
79853
79862
79864
79866
79868
79869
79873
79878
79881
79882
79885
79888
79889
79891
79894
79899
79901
79905
79908
79924
79925
79926
79930
79932
79934
79936
79940
79943
79945
79947
79949
79962
79975
79976
79977
79978
79985
79988
79990
79991
79995
80000
80001
80006
80012
80015
80016
80017
80020
80021
80022
80027
80030
80031
80034
80036
80037
80038
80040
80042
80043
80044
80045
80047
80052
80058
80059
80061
80065
80068
80069
80070
80074
80075
80080
80082
80089
80096
80098
80101
80103
80104
80107
80108
80110
80111
80115
80116
80121
80126
80127
80128
80129
80130
80132
80136
80138
80142
80145
80148
80149
80150
80153
80163
80165
80166
80169
80170
80171
80172
80175
80178
80181
80183
80184
80185
80188
80189
80190
80191
80195
80197
80199
80203
80204
80207
80209
80211
80215
80223
80229
80230
80232
80233
80234
80236
80237
80239
80240
80241
80242
80243
80244
80246
80254
80255
80256
80260
80263
80271
80274
80275
80276
80277
80281
80282
80283
80287
80289
80290
80292
80293
80294
80297
80303
80304
80310
80315
80316
80317
80319
80320
80322
80324
80327
80328
80333
80334
80335
80336
80337
80338
80340
80341
80342
80343
80345
80349
80350
80351
80356
80357
80358
80359
80364
80367
80368
80369
80370
80371
80376
80378
80386
80387
80389
80397
80401
80403
80405
80408
80410
80412
80413
80418
80433
80436
80439
80445
80446
80447
80449
80452
80455
80458
80461
80466
80471
80477
80481
80482
80483
80486
80487
80490
80491
80492
80493
80497
80499
80501
80503
80506
80507
80509
80514
80515
80516
80517
80518
80529
80531
80532
80533
80538
80540
80543
80549
80550
80551
80553
80555
80557
80558
80560
80561
80562
80563
80566
80567
80568
80572
80574
80583
80590
80594
80598
80600
80610
80611
80612
80614
80617
80619
80620
80621
80622
80623
80625
80634
80635
80636
80637
80641
80645
80648
80650
80655
80658
80659
80663
80664
80670
80671
80673
80674
80676
80677
80682
80688
80689
80691
80695
80697
80699
80700
80702
80703
80709
80714
80715
80720
80721
80723
80726
80737
80739
80740
80741
80742
80746
80748
80751
80754
80755
80758
80761
80769
80771
80772
80774
80777
80780
80781
80782
80788
80789
80790
80798
80799
80803
80804
80807
80808
80812
80814
80815
80818
80821
80822
80823
80825
80826
80827
80829
80830
80831
80833
80834
80836
80840
80844
80846
80850
80856
80859
80863
80866
80867
80868
80869
80870
80871
80873
80875
80878
80879
80880
80881
80882
80883
80885
80886
80890
80892
80895
80900
80901
80902
80904
80906
80907
80910
80912
80915
80918
80919
80920
80924
80927
80929
80930
80935
80936
80939
80943
80944
80946
80948
80949
80951
80955
80958
80963
80965
80967
80969
80977
80979
80980
80982
80984
80985
80986
80987
80989
80990
81003
81008
81009
81010
81012
81013
81014
81016
81018
81019
81026
81028
81029
81030
81034
81038
81050
81053
81055
81056
81058
81062
81063
81064
81068
81069
81073
81076
81079
81080
81085
81086
81087
81090
81091
81092
81093
81095
81102
81107
81112
81115
81116
81118
81121
81122
81123
81127
81131
81134
81137
81139
81140
81141
81144
81147
81152
81153
81157
81158
81162
81163
81166
81169
81173
81180
81184
81185
81189
81190
81191
81193
81196
81199
81200
81202
81205
81206
81209
81210
81211
81212
81216
81220
81221
81225
81226
81227
81228
81230
81235
81241
81245
81247
81249
81251
81254
81255
81256
81259
81264
81266
81267
81268
81273
81274
81275
81276
81277
81280
81284
81287
81290
81292
81294
81295
81296
81297
81300
81305
81307
81309
81310
81313
81314
81315
81317
81318
81319
81320
81322
81326
81328
81329
81330
81331
81332
81333
81337
81338
81341
81345
81346
81347
81352
81353
81354
81359
81360
81362
81363
81367
81368
81372
81377
81378
81381
81382
81385
81387
81389
81390
81393
81394
81395
81397
81399
81400
81404
81408
81411
81415
81418
81419
81422
81424
81425
81427
81430
81432
81434
81438
81445
81447
81449
81450
81452
81453
81455
81459
81460
81462
81464
81466
81467
81472
81479
81492
81495
81498
81499
81500
81501
81506
81507
81508
81510
81512
81513
81515
81516
81519
81522
81523
81525
81526
81527
81528
81535
81536
81537
81540
81550
81551
81552
81554
81555
81556
81557
81559
81560
81562
81566
81569
81573
81580
81584
81588
81592
81593
81595
81599
81602
81605
81606
81608
81610
81613
81614
81615
81618
81629
81632
81633
81634
81635
81637
81643
81644
81647
81648
81650
81652
81653
81657
81661
81664
81670
81671
81672
81674
81682
81683
81685
81688
81691
81693
81699
81706
81712
81720
81723
81724
81725
81728
81732
81733
81736
81738
81739
81741
81743
81744
81745
81746
81750
81759
81763
81765
81769
81770
81772
81777
81780
81781
81786
81790
81791
81793
81795
81797
81798
81799
81800
81802
81803
81804
81805
81806
81810
81815
81816
81818
81819
81821
81822
81823
81825
81826
81827
81834
81837
81838
81840
81841
81847
81850
81852
81853
81854
81855
81857
81858
81859
81860
81866
81868
81869
81871
81873
81874
81876
81877
81878
81883
81888
81889
81893
81897
81899
81901
81903
81904
81906
81907
81908
81909
81910
81911
81913
81914
81918
81919
81921
81922
81923
81924
81933
81934
81935
81936
81939
81944
81945
81947
81952
81954
81955
81957
81958
81962
81968
81970
81971
81986
81987
81989
81993
81994
81996
82000
82003
82006
82009
82017
82018
82020
82026
82031
82032
82033
82036
82038
82040
82041
82042
82043
82046
82047
82050
82051
82053
82054
82055
82056
82061
82063
82069
82073
82075
82078
82081
82082
82086
82090
82092
82095
82100
82101
82104
82106
82108
82109
82113
82116
82117
82123
82128
82130
82132
82134
82135
82136
82139
82141
82142
82143
82149
82151
82154
82157
82162
82164
82165
82169
82171
82175
82179
82182
82183
82185
82188
82190
82191
82192
82194
82195
82201
82203
82206
82207
82210
82213
82215
82219
82220
82223
82225
82231
82232
82234
82236
82237
82238
82239
82241
82245
82247
82248
82249
82251
82254
82255
82256
82262
82266
82269
82271
82275
82276
82278
82281
82286
82289
82290
82293
82294
82295
82296
82298
82302
82312
82314
82319
82323
82324
82326
82329
82334
82336
82337
82338
82344
82347
82350
82352
82355
82360
82361
82363
82365
82367
82368
82369
82373
82378
82380
82382
82386
82387
82390
82393
82394
82397
82400
82402
82404
82405
82422
82423
82424
82427
82428
82430
82433
82435
82439
82443
82445
82446
82447
82449
82452
82453
82454
82456
82460
82466
82469
82470
82481
82483
82484
82485
82491
82493
82495
82498
82502
82503
82506
82511
82517
82518
82520
82521
82526
82527
82531
82532
82533
82540
82544
82546
82547
82548
82550
82553
82554
82557
82564
82568
82571
82575
82579
82580
82582
82588
82590
82591
82592
82593
82597
82598
82600
82603
82605
82606
82611
82613
82615
82619
82620
82625
82627
82634
82636
82639
82640
82642
82645
82647
82656
82657
82659
82660
82663
82665
82668
82669
82670
82671
82672
82673
82675
82677
82682
82686
82690
82691
82692
82693
82699
82700
82701
82703
82708
82713
82714
82715
82721
82723
82727
82728
82729
82731
82732
82734
82736
82740
82743
82749
82751
82752
82754
82756
82759
82760
82761
82764
82765
82767
82770
82778
82780
82787
82789
82792
82793
82794
82795
82797
82808
82814
82815
82829
82833
82835
82836
82838
82841
82843
82850
82857
82858
82861
82867
82870
82871
82878
82880
82881
82885
82888
82889
82896
82901
82903
82904
82910
82913
82920
82922
82927
82928
82935
82942
82943
82944
82945
82955
82957
82959
82960
82962
82963
82966
82971
82972
82974
82976
82982
82985
82986
82987
82988
82990
82995
82997
82998
83002
83003
83006
83009
83011
83012
83016
83019
83021
83022
83027
83032
83033
83035
83037
83039
83040
83043
83045
83046
83049
83050
83051
83056
83057
83058
83062
83063
83065
83067
83069
83071
83072
83074
83078
83080
83081
83082
83084
83087
83090
83092
83094
83095
83096
83100
83104
83106
83108
83109
83110
83112
83113
83116
83117
83118
83120
83121
83129
83130
83133
83134
83137
83138
83150
83151
83157
83158
83162
83166
83172
83176
83179
83182
83183
83185
83198
83200
83202
83203
83205
83206
83208
83212
83214
83216
83219
83221
83225
83226
83230
83231
83234
83237
83245
83249
83250
83257
83260
83262
83263
83266
83273
83275
83277
83278
83286
83293
83302
83303
83308
83310
83318
83319
83321
83322
83325
83332
83338
83340
83344
83346
83347
83349
83352
83358
83359
83370
83379
83380
83384
83385
83390
83392
83395
83399
83400
83402
83404
83405
83407
83409
83410
83412
83413
83418
83422
83425
83426
83435
83436
83437
83438
83439
83445
83449
83450
83452
83454
83456
83457
83458
83462
83463
83464
83471
83476
83479
83481
83482
83483
83486
83487
83489
83491
83492
83494
83497
83498
83503
83507
83509
83513
83514
83516
83518
83519
83522
83523
83524
83525
83526
83528
83530
83531
83536
83538
83544
83545
83547
83548
83549
83552
83553
83561
83567
83571
83573
83582
83583
83592
83595
83597
83598
83599
83600
83602
83603
83605
83606
83607
83608
83613
83614
83616
83618
83619
83621
83622
83623
83626
83633
83635
83639
83641
83642
83645
83646
83648
83650
83652
83654
83656
83658
83659
83661
83663
83664
83666
83671
83672
83675
83676
83677
83678
83681
83685
83686
83690
83692
83699
83700
83702
83705
83707
83712
83717
83725
83732
83733
83734
83737
83738
83744
83747
83749
83750
83751
83753
83754
83756
83762
83764
83767
83772
83773
83776
83777
83782
83795
83798
83800
83801
83804
83807
83809
83820
83823
83826
83833
83834
83836
83840
83841
83842
83848
83850
83852
83854
83855
83856
83857
83859
83861
83865
83866
83869
83874
83875
83881
83882
83889
83890
83891
83898
83901
83904
83905
83908
83918
83920
83922
83923
83928
83931
83934
83935
83938
83940
83943
83953
83954
83957
83962
83964
83966
83968
83973
83974
83976
83977
83982
83985
83986
83987
83988
83993
83994
83996
83997
83999
84003
84007
84009
84011
84013
84014
84016
84027
84030
84032
84035
84038
84040
84042
84043
84051
84053
84055
84056
84057
84059
84061
84064
84065
84066
84070
84075
84076
84089
84090
84091
84094
84095
84096
84098
84099
84100
84105
84110
84111
84113
84114
84116
84117
84120
84121
84125
84130
84138
84139
84142
84143
84144
84151
84154
84155
84156
84157
84160
84163
84167
84172
84173
84177
84178
84180
84181
84183
84187
84188
84189
84190
84195
84197
84201
84203
84207
84208
84209
84218
84219
84220
84221
84222
84223
84229
84230
84232
84234
84235
84238
84239
84241
84242
84244
84246
84247
84248
84250
84254
84256
84260
84265
84268
84274
84277
84278
84279
84280
84282
84284
84285
84287
84289
84294
84295
84296
84298
84300
84301
84302
84303
84306
84309
84314
84324
84327
84334
84335
84337
84340
84344
84346
84350
84354
84355
84356
84361
84362
84377
84380
84383
84384
84386
84388
84389
84391
84393
84394
84397
84398
84400
84401
84404
84412
84419
84420
84422
84425
84427
84429
84430
84434
84436
84437
84438
84442
84443
84445
84446
84447
84448
84453
84455
84456
84458
84461
84465
84466
84468
84469
84472
84473
84475
84477
84480
84481
84485
84487
84494
84497
84500
84501
84503
84506
84509
84511
84514
84523
84524
84527
84529
84535
84536
84537
84538
84539
84540
84546
84548
84549
84554
84555
84556
84562
84564
84566
84567
84568
84571
84573
84574
84575
84576
84579
84580
84584
84587
84588
84589
84590
84591
84593
84594
84601
84603
84604
84605
84607
84608
84611
84612
84613
84617
84618
84620
84621
84625
84626
84629
84630
84637
84640
84641
84644
84650
84657
84661
84662
84665
84667
84669
84671
84674
84675
84678
84679
84682
84687
84689
84692
84696
84698
84699
84700
84703
84705
84706
84707
84710
84713
84714
84716
84717
84721
84722
84724
84727
84730
84732
84733
84740
84750
84762
84764
84765
84767
84768
84774
84775
84776
84778
84782
84783
84784
84785
84788
84791
84799
84800
84801
84808
84809
84811
84812
84813
84815
84816
84817
84819
84821
84824
84826
84830
84832
84833
84834
84835
84837
84838
84842
84843
84846
84850
84851
84855
84857
84860
84862
84864
84866
84872
84875
84876
84879
84880
84881
84882
84884
84885
84886
84890
84892
84893
84897
84898
84900
84902
84903
84904
84909
84912
84914
84922
84923
84924
84925
84926
84927
84928
84930
84932
84934
84937
84939
84940
84943
84944
84947
84948
84952
84953
84955
84957
84959
84967
84969
84970
84971
84975
84976
84979
84987
84991
84993
84997
84998
84999
85000
85001
85003
85004
85012
85015
85023
85025
85027
85028
85031
85033
85035
85039
85041
85042
85046
85047
85048
85052
85053
85054
85055
85057
85058
85060
85061
85063
85067
85071
85073
85074
85078
85080
85083
85084
85088
85092
85097
85100
85102
85104
85105
85109
85114
85116
85117
85121
85122
85124
85126
85127
85128
85129
85130
85131
85132
85135
85137
85139
85140
85141
85143
85144
85145
85150
85152
85153
85154
85156
85160
85161
85162
85163
85164
85165
85166
85168
85169
85171
85172
85176
85177
85178
85181
85183
85186
85188
85190
85194
85198
85199
85201
85202
85203
85204
85210
85211
85213
85214
85218
85219
85220
85221
85225
85226
85229
85233
85234
85237
85238
85242
85244
85246
85250
85254
85256
85260
85261
85264
85265
85266
85273
85276
85279
85280
85281
85284
85285
85288
85294
85299
85300
85301
85303
85304
85305
85306
85310
85313
85315
85316
85317
85320
85321
85325
85331
85334
85335
85338
85339
85342
85347
85348
85350
85352
85353
85357
85359
85361
85367
85369
85371
85373
85376
85377
85379
85380
85382
85383
85386
85391
85392
85396
85402
85403
85404
85406
85412
85420
85423
85424
85426
85429
85430
85431
85436
85440
85445
85446
85447
85450
85453
85456
85457
85459
85461
85467
85472
85474
85475
85476
85480
85481
85483
85487
85488
85491
85495
85496
85497
85498
85502
85506
85507
85508
85510
85511
85512
85515
85516
85517
85518
85523
85527
85528
85530
85531
85540
85542
85543
85546
85547
85548
85552
85555
85557
85559
85561
85562
85564
85565
85567
85573
85575
85576
85578
85581
85588
85590
85592
85595
85596
85599
85600
85604
85610
85611
85614
85618
85622
85623
85625
85626
85627
85629
85631
85632
85634
85636
85637
85639
85640
85641
85643
85648
85650
85651
85654
85656
85662
85663
85664
85667
85668
85669
85670
85671
85677
85678
85679
85681
85682
85683
85687
85693
85695
85697
85698
85702
85703
85704
85710
85711
85714
85715
85716
85718
85721
85722
85723
85726
85730
85733
85734
85738
85739
85743
85746
85747
85748
85752
85755
85757
85759
85762
85764
85765
85767
85768
85769
85776
85778
85780
85781
85783
85784
85786
85788
85793
85794
85797
85798
85800
85803
85805
85806
85811
85814
85815
85820
85822
85823
85826
85829
85832
85835
85839
85841
85845
85846
85848
85852
85853
85862
85863
85866
85867
85868
85869
85870
85874
85875
85876
85878
85881
85883
85885
85886
85890
85891
85892
85894
85896
85899
85902
85904
85906
85909
85910
85911
85917
85921
85923
85925
85926
85937
85938
85942
85945
85950
85951
85956
85957
85960
85963
85968
85970
85971
85972
85975
85976
85978
85979
85982
85983
85987
85995
85999
86000
86005
86006
86013
86015
86020
86021
86022
86025
86027
86028
86029
86030
86032
86033
86038
86039
86040
86042
86044
86049
86050
86052
86054
86056
86061
86062
86064
86066
86067
86073
86075
86076
86077
86080
86081
86089
86090
86092
86094
86098
86099
86103
86104
86109
86110
86113
86114
86116
86119
86120
86121
86123
86124
86126
86127
86128
86129
86132
86133
86134
86137
86138
86139
86140
86142
86143
86144
86145
86148
86149
86155
86157
86161
86163
86164
86165
86166
86170
86171
86174
86176
86177
86180
86181
86182
86183
86185
86187
86188
86189
86190
86194
86196
86204
86205
86207
86208
86211
86212
86213
86214
86215
86217
86220
86221
86226
86232
86234
86238
86239
86241
86242
86245
86246
86247
86248
86250
86251
86253
86254
86256
86258
86260
86261
86262
86263
86267
86270
86272
86274
86276
86278
86280
86281
86282
86283
86284
86285
86286
86287
86289
86294
86299
86300
86301
86304
86305
86309
86314
86316
86319
86321
86324
86325
86329
86330
86332
86338
86339
86342
86344
86346
86348
86351
86352
86355
86356
86357
86358
86359
86360
86371
86372
86375
86377
86379
86384
86389
86390
86391
86393
86395
86398
86400
86401
86408
86415
86418
86419
86424
86426
86427
86431
86433
86435
86436
86440
86445
86450
86452
86463
86466
86472
86474
86477
86479
86480
86491
86492
86494
86495
86497
86504
86506
86508
86510
86512
86513
86514
86515
86516
86519
86520
86521
86522
86528
86529
86531
86533
86535
86536
86538
86540
86541
86548
86550
86557
86558
86559
86560
86563
86567
86572
86574
86578
86586
86588
86589
86591
86592
86594
86595
86598
86600
86602
86605
86606
86608
86609
86611
86614
86615
86616
86619
86622
86624
86628
86629
86632
86637
86639
86640
86641
86642
86644
86646
86647
86648
86654
86656
86657
86662
86668
86669
86670
86673
86680
86681
86692
86693
86694
86695
86697
86701
86703
86706
86708
86709
86711
86714
86715
86716
86717
86718
86719
86721
86722
86725
86727
86730
86731
86732
86734
86735
86736
86737
86742
86745
86747
86749
86752
86756
86757
86760
86762
86763
86764
86765
86766
86770
86777
86778
86781
86783
86784
86785
86787
86788
86789
86793
86794
86795
86796
86797
86798
86800
86802
86803
86807
86808
86810
86811
86813
86814
86820
86822
86825
86826
86830
86831
86833
86836
86837
86842
86843
86847
86848
86850
86851
86854
86856
86860
86862
86865
86871
86876
86887
86888
86889
86892
86896
86900
86902
86907
86912
86914
86915
86917
86922
86925
86927
86929
86931
86933
86936
86938
86940
86942
86943
86944
86948
86949
86952
86956
86960
86961
86962
86963
86966
86967
86971
86972
86974
86975
86976
86980
86985
86995
86997
86999
87000
87001
87002
87005
87013
87014
87016
87017
87020
87023
87025
87026
87027
87029
87032
87033
87034
87038
87041
87045
87051
87052
87054
87061
87063
87064
87065
87066
87070
87071
87072
87073
87074
87076
87077
87078
87083
87088
87097
87098
87100
87101
87102
87109
87110
87114
87117
87118
87119
87120
87121
87123
87124
87127
87128
87130
87131
87133
87135
87136
87137
87140
87141
87145
87146
87148
87150
87151
87152
87153
87156
87157
87160
87162
87163
87167
87168
87173
87175
87179
87180
87181
87186
87188
87190
87192
87194
87196
87197
87200
87205
87206
87209
87210
87212
87220
87223
87226
87227
87231
87232
87236
87240
87243
87245
87246
87247
87249
87252
87253
87256
87257
87263
87271
87275
87276
87277
87278
87280
87284
87287
87292
87293
87294
87296
87297
87300
87301
87302
87303
87304
87305
87309
87311
87320
87321
87323
87324
87325
87327
87333
87336
87337
87340
87341
87342
87343
87347
87349
87350
87351
87352
87354
87355
87357
87363
87366
87370
87371
87374
87376
87378
87379
87380
87385
87387
87389
87391
87392
87396
87397
87401
87403
87408
87410
87413
87414
87417
87419
87422
87426
87427
87428
87429
87430
87431
87432
87434
87435
87442
87445
87446
87449
87452
87456
87457
87464
87465
87469
87470
87471
87474
87475
87476
87481
87482
87487
87488
87490
87491
87498
87500
87502
87503
87504
87505
87507
87508
87509
87510
87511
87515
87517
87520
87523
87526
87530
87537
87540
87541
87544
87553
87556
87557
87558
87559
87561
87564
87565
87567
87570
87576
87577
87578
87583
87587
87588
87590
87595
87598
87600
87601
87603
87604
87608
87609
87610
87612
87615
87616
87617
87618
87619
87620
87621
87622
87623
87624
87626
87629
87630
87633
87636
87637
87639
87647
87656
87661
87662
87664
87666
87669
87671
87674
87675
87678
87684
87689
87691
87692
87694
87701
87703
87705
87706
87708
87709
87715
87716
87720
87721
87724
87725
87726
87730
87735
87736
87737
87739
87741
87743
87749
87750
87752
87754
87755
87758
87761
87762
87767
87769
87774
87777
87778
87779
87780
87785
87791
87797
87798
87799
87800
87804
87805
87810
87812
87813
87815
87816
87817
87819
87820
87822
87826
87827
87828
87835
87837
87838
87840
87842
87849
87851
87854
87858
87859
87864
87866
87868
87869
87871
87873
87876
87877
87880
87881
87885
87886
87888
87889
87890
87891
87894
87895
87897
87901
87902
87903
87906
87908
87914
87916
87918
87920
87921
87922
87923
87928
87929
87932
87933
87936
87939
87941
87942
87944
87947
87953
87954
87956
87957
87961
87963
87966
87967
87968
87970
87971
87973
87977
87980
87985
87988
87989
87990
87991
87993
87995
87996
87998
88000
88002
88005
88008
88010
88012
88017
88020
88023
88027
88028
88030
88031
88036
88037
88039
88040
88042
88044
88045
88046
88047
88048
88050
88051
88052
88054
88055
88056
88057
88058
88059
88060
88063
88066
88067
88068
88074
88076
88078
88080
88082
88083
88086
88089
88090
88093
88094
88096
88097
88100
88105
88107
88111
88112
88113
88116
88122
88130
88132
88135
88136
88138
88141
88144
88145
88146
88149
88152
88153
88154
88156
88157
88159
88162
88163
88165
88168
88169
88170
88172
88174
88177
88178
88180
88183
88185
88189
88194
88198
88199
88200
88201
88205
88209
88211
88216
88220
88224
88226
88227
88230
88232
88233
88234
88237
88241
88243
88244
88245
88246
88247
88248
88249
88250
88258
88263
88264
88268
88272
88276
88279
88289
88290
88291
88298
88301
88303
88306
88308
88310
88314
88315
88318
88320
88323
88325
88327
88331
88332
88333
88334
88335
88336
88337
88338
88340
88343
88347
88352
88353
88354
88359
88360
88361
88367
88371
88375
88377
88382
88390
88391
88392
88395
88397
88400
88401
88402
88408
88409
88411
88415
88416
88418
88420
88423
88424
88425
88434
88435
88436
88437
88438
88439
88440
88441
88443
88448
88451
88452
88456
88462
88472
88474
88479
88481
88482
88486
88487
88489
88491
88498
88501
88503
88504
88505
88513
88517
88518
88519
88520
88521
88524
88526
88527
88529
88531
88537
88538
88539
88540
88541
88544
88545
88546
88553
88555
88558
88561
88564
88569
88571
88572
88573
88577
88579
88580
88581
88583
88586
88589
88590
88593
88594
88595
88598
88599
88600
88604
88606
88607
88609
88610
88612
88614
88615
88616
88622
88623
88624
88625
88627
88630
88632
88634
88638
88641
88642
88643
88646
88648
88649
88657
88658
88666
88668
88669
88670
88674
88677
88680
88681
88684
88685
88686
88687
88688
88693
88698
88699
88700
88701
88702
88703
88705
88706
88708
88709
88713
88714
88715
88720
88721
88722
88723
88724
88725
88726
88728
88730
88731
88732
88734
88737
88738
88741
88744
88746
88747
88748
88749
88751
88752
88755
88756
88757
88759
88761
88762
88763
88764
88765
88767
88768
88769
88771
88773
88774
88777
88780
88781
88782
88783
88785
88788
88791
88792
88795
88798
88799
88800
88802
88803
88804
88805
88810
88812
88813
88815
88817
88818
88820
88826
88827
88828
88832
88833
88834
88835
88837
88840
88841
88844
88850
88851
88852
88855
88859
88862
88865
88873
88874
88878
88880
88883
88884
88887
88890
88894
88896
88897
88898
88901
88903
88916
88920
88923
88924
88930
88931
88932
88934
88939
88940
88941
88944
88947
88949
88951
88952
88953
88954
88955
88956
88961
88963
88964
88967
88972
88975
88977
88979
88980
88985
88987
88989
88993
88998
88999
89001
89002
89008
89009
89010
89019
89021
89022
89023
89025
89026
89028
89032
89033
89037
89038
89039
89041
89044
89045
89046
89048
89049
89050
89051
89055
89056
89057
89058
89061
89064
89066
89068
89069
89070
89074
89076
89077
89081
89083
89085
89086
89089
89090
89091
89095
89096
89098
89101
89103
89104
89105
89106
89107
89111
89112
89116
89117
89119
89121
89122
89123
89129
89130
89131
89135
89138
89140
89141
89142
89149
89150
89157
89159
89164
89172
89173
89174
89183
89185
89188
89191
89192
89193
89197
89198
89201
89203
89204
89205
89207
89210
89215
89217
89220
89222
89223
89224
89227
89228
89229
89230
89231
89233
89234
89238
89241
89243
89244
89245
89248
89249
89250
89251
89252
89253
89254
89255
89256
89257
89259
89264
89265
89267
89270
89273
89279
89281
89285
89287
89289
89291
89293
89294
89296
89298
89301
89303
89304
89305
89307
89309
89310
89311
89313
89316
89318
89323
89332
89334
89336
89337
89342
89345
89349
89350
89352
89353
89354
89355
89356
89357
89362
89363
89364
89365
89367
89368
89369
89371
89372
89374
89375
89377
89378
89381
89384
89385
89387
89388
89389
89390
89391
89396
89400
89403
89405
89410
89414
89418
89421
89424
89426
89432
89435
89437
89438
89439
89441
89442
89443
89448
89449
89451
89453
89454
89455
89456
89457
89458
89461
89463
89465
89466
89470
89474
89475
89476
89477
89479
89480
89481
89482
89484
89485
89486
89487
89488
89489
89491
89493
89497
89499
89501
89502
89507
89508
89510
89513
89515
89518
89525
89528
89539
89540
89541
89542
89543
89546
89547
89551
89554
89555
89558
89559
89560
89565
89567
89569
89570
89572
89574
89575
89577
89578
89580
89581
89583
89584
89586
89589
89590
89592
89594
89596
89598
89602
89606
89612
89613
89616
89619
89620
89621
89625
89626
89627
89631
89632
89634
89635
89636
89637
89640
89641
89643
89646
89648
89649
89650
89651
89654
89655
89656
89657
89660
89664
89667
89669
89670
89671
89672
89673
89674
89677
89681
89682
89683
89686
89687
89688
89689
89694
89699
89705
89707
89708
89709
89711
89720
89721
89724
89729
89730
89731
89732
89733
89734
89736
89738
89747
89753
89754
89755
89757
89758
89759
89760
89761
89765
89767
89771
89773
89774
89776
89779
89782
89787
89788
89790
89791
89793
89794
89797
89801
89805
89807
89811
89812
89816
89818
89821
89823
89828
89830
89835
89837
89838
89841
89843
89849
89850
89854
89855
89856
89858
89861
89863
89870
89875
89876
89879
89884
89885
89892
89895
89902
89904
89905
89906
89912
89913
89916
89917
89918
89920
89921
89928
89931
89934
89935
89936
89938
89939
89944
89945
89946
89947
89950
89953
89955
89956
89957
89959
89962
89964
89968
89971
89973
89979
89981
89983
89988
89995
89996
89997
90000
90001
90002
90003
90008
90009
90012
90014
90015
90021
90026
90030
90031
90032
90034
90039
90043
90044
90045
90046
90047
90050
90052
90053
90059
90060
90062
90064
90071
90073
90077
90079
90082
90083
90087
90090
90091
90093
90094
90095
90096
90098
90099
90101
90104
90105
90106
90109
90110
90112
90116
90120
90121
90124
90129
90132
90133
90137
90140
90141
90145
90146
90151
90155
90156
90160
90161
90162
90163
90166
90172
90173
90175
90178
90191
90193
90195
90197
90198
90202
90209
90210
90214
90215
90216
90220
90222
90223
90225
90226
90228
90237
90238
90239
90240
90241
90247
90251
90252
90254
90260
90262
90263
90264
90266
90270
90272
90274
90277
90281
90286
90287
90288
90289
90292
90293
90294
90298
90302
90306
90307
90309
90310
90312
90315
90316
90318
90319
90320
90321
90322
90326
90327
90333
90336
90337
90342
90345
90349
90351
90356
90357
90359
90360
90363
90370
90371
90374
90376
90380
90385
90386
90390
90392
90394
90396
90397
90407
90410
90412
90413
90414
90415
90416
90420
90421
90423
90425
90426
90428
90431
90432
90433
90434
90435
90437
90438
90441
90443
90444
90446
90447
90448
90449
90451
90454
90463
90464
90467
90468
90469
90470
90475
90479
90486
90488
90489
90490
90497
90499
90503
90505
90507
90511
90512
90514
90516
90517
90520
90532
90541
90546
90550
90551
90553
90557
90564
90565
90567
90568
90573
90577
90578
90579
90584
90585
90586
90598
90600
90601
90605
90606
90607
90613
90614
90615
90622
90623
90626
90627
90628
90632
90633
90636
90640
90642
90644
90646
90647
90648
90650
90651
90654
90657
90661
90663
90667
90669
90671
90673
90674
90677
90684
90686
90688
90689
90700
90701
90703
90705
90706
90709
90713
90715
90719
90722
90723
90725
90728
90731
90734
90738
90747
90748
90752
90754
90758
90760
90764
90768
90770
90772
90775
90778
90782
90783
90784
90785
90787
90789
90793
90794
90801
90802
90803
90806
90807
90809
90814
90820
90821
90824
90828
90830
90831
90838
90844
90845
90846
90847
90848
90849
90853
90857
90861
90862
90863
90867
90868
90871
90873
90874
90875
90876
90880
90894
90895
90896
90897
90898
90907
90909
90910
90912
90913
90918
90921
90922
90924
90926
90929
90930
90931
90933
90934
90935
90937
90940
90946
90947
90948
90949
90951
90955
90956
90959
90967
90968
90971
90973
90974
90975
90977
90978
90982
90985
90986
90987
90991
90992
90996
90999
91005
91006
91010
91013
91014
91016
91020
91021
91024
91025
91028
91030
91033
91035
91037
91045
91051
91052
91055
91061
91063
91067
91068
91072
91076
91080
91082
91085
91087
91091
91096
91099
91100
91101
91103
91107
91112
91116
91117
91120
91123
91124
91130
91133
91138
91139
91143
91147
91152
91153
91156
91163
91172
91173
91176
91178
91179
91180
91184
91189
91190
91192
91194
91201
91204
91206
91209
91210
91214
91216
91221
91224
91226
91227
91228
91231
91232
91234
91236
91241
91242
91243
91244
91250
91254
91264
91268
91269
91274
91275
91280
91281
91282
91283
91289
91290
91291
91292
91293
91294
91297
91300
91301
91305
91308
91309
91313
91325
91328
91332
91333
91334
91337
91338
91341
91344
91345
91349
91350
91351
91356
91357
91359
91360
91364
91365
91375
91376
91379
91382
91383
91384
91385
91389
91390
91392
91393
91394
91397
91403
91407
91411
91414
91424
91425
91429
91430
91433
91434
91435
91439
91447
91449
91450
91451
91456
91458
91459
91463
91465
91466
91468
91469
91472
91474
91478
91483
91484
91488
91490
91491
91496
91497
91502
91503
91508
91509
91518
91519
91520
91525
91526
91527
91529
91532
91535
91536
91537
91541
91543
91544
91546
91551
91557
91563
91564
91569
