28833
28837
28840
28852
28865
28869
28872
28879
28883
28884
28887
28892
28894
28895
28902
28904
28905
28909
28914
28915
28919
28923
28925
28926
28930
28931
28947
28948
28962
28963
28968
28969
28972
28975
28980
28989
28991
28994
29001
29009
29026
29028
29030
29032
29034
29038
29042
29053
29057
29058
29061
29067
29077
29079
29080
29082
29086
29087
29096
29097
29100
29105
29108
29112
29113
29114
29120
29121
29124
29133
29134
29137
29141
29151
29155
29158
29166
29167
29168
29170
29173
29176
29177
29186
29187
29192
29194
29198
29202
29205
29221
29222
29231
29234
29236
29237
29248
29252
29256
29257
29265
29268
29277
29279
29281
29286
29287
29292
29295
29299
29303
29304
29313
29314
29315
29323
29329
29330
29331
29342
29345
29346
29350
29354
29358
29364
29366
29374
29377
29382
29384
29388
29389
29399
29404
29408
29413
29414
29419
29420
29424
29431
29435
29438
29441
29448
29457
29459
29460
29463
29465
29466
29469
29476
29479
29489
29490
29495
29501
29502
29503
29505
29511
29513
29516
29520
29521
29527
29532
29540
29542
29543
29550
29552
29565
29566
29570
29574
29581
29592
29599
29603
29606
29608
29619
29630
29639
29642
29646
29649
29651
29661
29664
29668
29676
29677
29682
29686
29697
29710
29711
29720
29724
29735
29738
29742
29745
29758
29764
29776
29777
29784
29786
29789
29792
29797
29801
29809
29816
29818
29821
29827
29838
29839
29842
29844
29849
29852
29854
29866
29868
29873
29879
29883
29886
29891
29898
29899
29908
29909
29918
29924
29925
29927
29930
29931
29937
29947
29951
29952
29953
29960
29963
29964
29970
29973
29993
29999
30006
30017
30024
30044
30051
30066
30069
30073
30076
30078
30083
30088
30090
30094
30102
30105
30117
30121
30136
30146
30148
30149
30151
30152
30159
30161
30168
30169
30171
30172
30202
30207
30211
30214
30218
30229
30232
30240
30242
30243
30246
30249
30254
30257
30259
30262
30273
30274
30280
30285
30295
30296
30297
30305
30308
30311
30317
30320
30321
30324
30330
30333
30334
30339
30340
30347
30352
30376
30380
30381
30383
30386
30391
30392
30393
30394
30395
30397
30399
30400
30401
30406
30410
30416
30417
30418
30421
30430
30433
30436
30439
30440
30449
30451
30454
30461
30466
30473
30478
30479
30481
30484
30504
30518
30524
30533
30536
30538
30541
30542
30555
30566
30576
30582
30588
30591
30594
30599
30604
30608
30620
30622
30635
30638
30639
30645
30652
30657
30663
30669
30675
30680
30683
30691
30694
30700
30701
30703
30708
30712
30713
30715
30721
30722
30731
30736
30741
30744
30746
30747
30749
30758
30760
30764
30766
30773
30785
30803
30807
30817
30824
30825
30830
30831
30833
30837
30839
30841
30845
30847
30849
30854
30859
30867
30869
30871
30874
30886
30891
30895
30900
30906
30907
30910
30913
30933
30942
30948
30949
30951
30954
30962
30963
30967
30972
30974
30981
30983
30987
30988
30994
30996
30998
31000
31006
31010
31012
31019
31021
31027
31035
31040
31044
31046
31062
31063
31068
31073
31074
31077
31089
31090
31097
31101
31110
31111
31118
31120
31122
31123
31144
31145
31152
31155
31175
31180
31183
31184
31188
31193
31197
31210
31213
31218
31221
31222
31237
31241
31245
31251
31258
31261
31264
31267
31269
31276
31277
31281
31282
31285
31289
31298
31307
31325
31326
31332
31334
31342
31346
31353
31354
31363
31364
31373
31379
31382
31392
31399
31403
31405
31407
31413
31416
31425
31430
31433
31436
31437
31438
31441
31446
31448
31450
31458
31468
31469
31480
31482
31488
31489
31490
31496
31499
31503
31506
31507
31521
31536
31538
31539
31544
31554
31556
31558
31561
31570
31574
31575
31582
31595
31599
31600
31603
31607
31610
31616
31619
31622
31624
31628
31635
31640
31646
31654
31656
31658
31665
31666
31668
31670
31677
31678
31680
31681
31688
31689
31691
31700
31701
31712
31716
31718
31721
31725
31731
31733
31736
31742
31746
31748
31751
31755
31756
31759
31762
31764
31767
31770
31771
31772
31774
31778
31783
31788
31793
31794
31803
31804
31807
31808
31809
31813
31817
31818
31819
31820
31826
31831
31837
31838
31839
31842
31851
31852
31859
31863
31868
31869
31870
31875
31878
31882
31886
31888
31891
31893
31899
31900
31906
31914
31915
31921
31928
31929
31932
31938
31940
31942
31944
31959
31960
31964
31965
31971
31975
31976
31980
31991
32000
32004
32006
32011
32017
32018
32019
32021
32029
32030
32037
32039
32046
32050
32051
32056
32058
32068
32070
32071
32080
32083
32085
32088
32089
32098
32104
32107
32110
32112
32121
32123
32127
32129
32132
32136
32137
32144
32159
32162
32171
32178
32185
32187
32188
32197
32204
32205
32206
32210
32211
32213
32219
32220
32222
32226
32228
32229
32234
32235
32238
32246
32249
32252
32257
32258
32260
32261
32263
32266
32269
32275
32278
32279
32281
32284
32285
32287
32294
32296
32299
32303
32304
32305
32306
32307
32310
32319
32324
32327
32328
32334
32346
32352
32359
32371
32372
32373
32377
32379
32381
32384
32389
32395
32397
32398
32400
32410
32416
32417
32419
32424
32425
32427
32430
32435
32438
32441
32443
32444
32445
32448
32449
32456
32461
32462
32466
32467
32469
32471
32489
32491
32501
32504
32508
32509
32510
32513
32516
32518
32521
32524
32525
32531
32532
32534
32538
32541
32543
32546
32554
32567
32568
32576
32577
32582
32594
32598
32600
32601
32610
32611
32612
32615
32623
32624
32630
32631
32636
32639
32644
32645
32648
32651
32659
32667
32676
32678
32680
32681
32685
32686
32691
32695
32696
32702
32703
32707
32716
32722
32724
32726
32727
32728
32734
32735
32740
32747
32749
32752
32753
32760
32764
32765
32768
32771
32777
32778
32782
32784
32786
32790
32791
32792
32797
32799
32800
32801
32802
32803
32809
32812
32813
32816
32820
32822
32823
32832
32833
32835
32840
32847
32851
32854
32859
32860
32865
32867
32872
32874
32880
32882
32884
32889
32891
32893
32903
32906
32907
32912
32913
32917
32924
32926
32934
32942
32943
32944
32945
32948
32951
32953
32958
32961
32965
32966
32968
32969
32975
32977
32982
32983
32986
32990
32994
32997
32999
33000
33004
33009
33013
33014
33024
33026
33033
33040
33044
33045
33049
33053
33055
33060
33063
33074
33076
33083
33086
33088
33096
33103
33105
33109
33111
33115
33116
33117
33131
33134
33135
33136
33137
33142
33146
33147
33152
33158
33170
33180
33181
33187
33200
33208
33210
33211
33216
33220
33221
33227
33229
33231
33232
33234
33237
33251
33253
33256
33257
33265
33267
33270
33272
33273
33277
33284
33287
33292
33296
33299
33300
33304
33306
33307
33317
33322
33326
33327
33328
33331
33334
33335
33336
33338
33339
33345
33348
33350
33352
33357
33361
33362
33368
33376
33379
33388
33390
33397
33398
33404
33405
33407
33408
33409
33412
33413
33421
33424
33434
33435
33440
33443
33445
33449
33451
33459
33462
33463
33466
33467
33471
33474
33475
33476
33479
33480
33488
33491
33494
33495
33497
33498
33508
33509
33510
33513
33519
33521
33525
33526
33527
33528
33531
33534
33540
33541
33544
33546
33549
33551
33556
33557
33558
33560
33561
33562
33563
33566
33569
33574
33578
33579
33583
33591
33595
33599
33601
33606
33617
33623
33627
33629
33634
33638
33642
33646
33648
33651
33656
33661
33667
33673
33678
33684
33686
33692
33699
33704
33717
33721
33722
33724
33728
33730
33732
33734
33735
33738
33739
33742
33747
33750
33751
33752
33760
33763
33770
33775
33781
33783
33789
33790
33791
33799
33802
33805
33806
33808
33809
33811
33818
33819
33824
33826
33834
33835
33836
33839
33849
33850
33855
33856
33859
33860
33866
33867
33869
33873
33874
33876
33877
33878
33880
33886
33891
33893
33896
33897
33899
33900
33907
33910
33912
33914
33915
33920
33925
33927
33931
33933
33942
33943
33946
33948
33949
33951
33952
33958
33959
33961
33973
33976
33977
33980
33983
33988
33989
33992
33994
34006
34007
34014
34017
34018
34023
34025
34028
34040
34050
34056
34060
34062
34063
34065
34069
34074
34076
34081
34083
34084
34091
34095
34099
34107
34112
34116
34120
34123
34125
34127
34128
34130
34133
34137
34139
34142
34150
34153
34154
34155
34157
34165
34166
34174
34181
34182
34183
34184
34185
34187
34189
34190
34200
34208
34213
34216
34218
34221
34223
34225
34227
34229
34230
34232
34233
34235
34237
34240
34243
34246
34251
34252
34255
34256
34261
34269
34270
34272
34273
34278
34283
34291
34297
34303
34305
34308
34309
34310
34311
34314
34317
34321
34322
34327
34331
34333
34336
34341
34345
34346
34350
34357
34360
34365
34367
34368
34377
34380
34381
34385
34387
34394
34395
34398
34401
34410
34418
34424
34425
34427
34428
34433
34436
34442
34443
34445
34447
34450
34452
34454
34460
34464
34465
34471
34475
34481
34482
34485
34487
34488
34491
34492
34493
34495
34496
34500
34501
34504
34506
34507
34508
34511
34512
34518
34520
34535
34537
34538
34541
34544
34545
34550
34558
34560
34564
34565
34572
34574
34575
34576
34579
34585
34586
34588
34592
34597
34599
34606
34608
34609
34610
34619
34622
34623
34625
34632
34633
34634
34635
34638
34639
34640
34642
34647
34649
34651
34653
34655
34656
34660
34667
34668
34669
34677
34678
34679
34681
34685
34693
34694
34705
34707
34710
34711
34714
34716
34722
34726
34731
34732
34733
34736
34739
34740
34747
34749
34750
34755
34757
34761
34763
34766
34767
34768
34769
34770
34772
34774
34782
34785
34790
34794
34796
34801
34808
34811
34820
34826
34831
34832
34834
34835
34845
34846
34848
34849
34853
34868
34869
34871
34878
34891
34894
34895
34898
34915
34918
34925
34933
34934
34946
34952
34957
34962
34968
34976
34980
34988
34992
34993
34998
34999
35000
35002
35005
35012
35019
35024
35025
35028
35029
35031
35038
35040
35043
35055
35057
35067
35068
35070
35074
35076
35078
35083
35085
35086
35090
35091
35092
35098
35100
35109
35115
35122
35126
35127
35135
35147
35150
35151
35158
35159
35164
35171
35174
35182
35184
35187
35189
35197
35199
35203
35204
35205
35218
35227
35228
35229
35231
35232
35233
35235
35236
35243
35252
35265
35267
35270
35276
35279
35280
35281
35289
35291
35296
35297
35312
35321
35324
35325
35326
35329
35333
35337
35339
35340
35343
35346
35357
35358
35360
35361
35364
35365
35368
35369
35383
35384
35386
35393
35396
35401
35404
35405
35409
35410
35416
35420
35424
35429
35433
35434
35435
35445
35454
35457
35465
35467
35477
35481
35483
35484
35485
35486
35493
35494
35495
35496
35500
35503
35504
35509
35527
35534
35538
35541
35548
35549
35552
35560
35562
35565
35568
35569
35579
35583
35587
35590
35592
35598
35600
35602
35605
35606
35607
35611
35612
35616
35617
35618
35621
35627
35629
35634
35635
35640
35643
35645
35647
35652
35667
35668
35670
35671
35672
35676
35681
35683
35687
35692
35703
35704
35705
35713
35714
35719
35720
35725
35727
35728
35734
35735
35741
35745
35746
35748
35763
35772
35775
35776
35777
35779
35781
35789
35791
35794
35795
35807
35810
35813
35841
35845
35846
35849
35852
35866
35870
35871
35872
35875
35876
35879
35881
35884
35889
35896
35906
35912
35913
35917
35921
35923
35925
35929
35931
35932
35933
35934
35935
35939
35940
35941
35944
35946
35947
35951
35953
35954
35955
35956
35958
35963
35966
35969
35973
35982
35984
35986
35988
35991
35994
36008
36015
36020
36022
36026
36033
36043
36047
36048
36052
36055
36074
36077
36081
36085
36086
36087
36088
36097
36099
36100
36103
36105
36107
36109
36111
36112
36115
36116
36123
36127
36128
36131
36136
36140
36141
36150
36152
36153
36163
36165
36169
36171
36177
36179
36181
36183
36188
36189
36190
36200
36201
36207
36211
36214
36215
36216
36217
36219
36222
36223
36233
36237
36251
36254
36263
36267
36269
36271
36275
36276
36281
36285
36286
36287
36290
36293
36294
36298
36302
36304
36314
36315
36319
36322
36324
36329
36336
36340
36342
36346
36349
36358
36360
36363
36371
36372
36377
36378
36379
36381
36384
36388
36390
36392
36393
36394
36395
36398
36400
36405
36407
36414
36422
36424
36425
36427
36430
36431
36433
36437
36438
36440
36442
36443
36453
36454
36455
36459
36467
36469
36472
36475
36481
36483
36484
36486
36488
36494
36497
36498
36506
36510
36513
36518
36523
36524
36528
36529
36537
36539
36540
36542
36547
36550
36551
36552
36556
36561
36564
36567
36568
36579
36581
36582
36587
36588
36589
36591
36597
36603
36604
36613
36634
36640
36648
36650
36652
36653
36654
36655
36656
36658
36666
36667
36673
36681
36684
36690
36691
36694
36696
36701
36707
36711
36718
36722
36726
36727
36735
36740
36745
36748
36749
36750
36757
36759
36765
36771
36773
36780
36783
36784
36790
36797
36799
36801
36803
36806
36810
36826
36828
36829
36830
36836
36838
36840
36844
36848
36852
36855
36857
36868
36871
36874
36877
36879
36885
36888
36890
36894
36903
36904
36905
36906
36908
36910
36917
36919
36923
36938
36940
36941
36943
36944
36947
36949
36951
36956
36959
36964
36971
36978
36979
36985
36990
36992
36993
36994
36996
36998
37002
37004
37012
37015
37019
37020
37021
37026
37034
37039
37044
37045
37046
37047
37060
37066
37067
37068
37069
37070
37077
37082
37084
37093
37096
37098
37099
37101
37106
37109
37112
37114
37115
37117
37124
37138
37143
37148
37149
37152
37157
37168
37176
37178
37180
37184
37188
37191
37194
37201
37202
37212
37216
37220
37225
37230
37253
37254
37259
37262
37263
37268
37281
37290
37297
37298
37300
37301
37302
37305
37306
37309
37310
37316
37318
37320
37321
37330
37336
37338
37342
37343
37346
37347
37348
37351
37353
37358
37360
37361
37363
37364
37365
37367
37369
37371
37372
37378
37379
37383
37385
37389
37397
37398
37403
37406
37408
37409
37411
37421
37422
37424
37426
37428
37429
37430
37431
37436
37439
37441
37442
37447
37448
37449
37453
37457
37471
37476
37481
37482
37490
37494
37498
37499
37500
37501
37505
37514
37517
37527
37529
37538
37542
37543
37552
37558
37562
37563
37567
37572
37575
37577
37580
37587
37591
37592
37593
37594
37597
37598
37601
37602
37605
37608
37614
37616
37619
37626
37627
37630
37631
37641
37642
37644
37648
37651
37657
37665
37667
37669
37670
37671
37676
37680
37682
37687
37688
37692
37693
37699
37707
37711
37712
37717
37719
37727
37730
37735
37736
37737
37742
37744
37753
37771
37775
37788
37790
37794
37797
37799
37803
37805
37806
37811
37813
37815
37816
37822
37824
37826
37829
37833
37838
37839
37848
37852
37853
37857
37863
37864
37867
37873
37874
37875
37884
37885
37887
37890
37901
37904
37905
37914
37919
37922
37923
37926
37930
37932
37934
37939
37944
37947
37948
37949
37951
37952
37960
37961
37962
37964
37966
37969
37970
37972
37973
37980
37981
37987
37989
37992
37996
37999
38000
38011
38012
38014
38016
38029
38034
38036
38037
38039
38040
38042
38046
38049
38050
38063
38064
38067
38069
38076
38079
38080
38086
38087
38091
38093
38095
38101
38110
38114
38119
38120
38122
38125
38126
38131
38134
38138
38141
38142
38145
38151
38153
38158
38161
38167
38177
38182
38187
38196
38202
38203
38208
38211
38215
38216
38224
38226
38230
38232
38239
38242
38244
38246
38255
38256
38262
38267
38269
38271
38273
38276
38280
38283
38292
38294
38297
38301
38310
38313
38316
38318
38319
38327
38336
38339
38342
38353
38354
38356
38357
38361
38364
38368
38369
38372
38373
38379
38380
38387
38389
38392
38395
38397
38398
38404
38410
38419
38426
38432
38433
38441
38452
38457
38461
38465
38467
38468
38471
38473
38478
38489
38490
38491
38494
38495
38496
38497
38498
38506
38509
38510
38513
38517
38519
38521
38525
38526
38527
38528
38533
38542
38545
38546
38547
38548
38550
38551
38553
38554
38557
38560
38561
38569
38572
38578
38581
38583
38585
38588
38596
38598
38603
38604
38610
38611
38615
38617
38619
38632
38634
38636
38637
38640
38643
38646
38647
38650
38653
38656
38658
38667
38669
38674
38677
38683
38689
38695
38700
38701
38704
38708
38710
38736
38738
38739
38745
38747
38754
38755
38759
38767
38769
38774
38776
38782
38784
38787
38788
38791
38793
38798
38803
38805
38809
38811
38817
38829
38846
38873
38880
38883
38887
38891
38893
38896
38914
38917
38918
38927
38937
38938
38939
38942
38950
38952
38954
38956
38958
38959
38961
38962
38963
38965
38966
38968
38971
38977
38978
38979
38981
38985
38987
38991
38997
38999
39001
39002
39003
39006
39008
39009
39011
39016
39017
39018
39024
39026
39027
39029
39033
39035
39039
39041
39042
39044
39048
39051
39054
39055
39061
39064
39067
39068
39069
39072
39075
39076
39077
39080
39082
39083
39086
39088
39090
39100
39102
39105
39107
39109
39112
39113
39114
39120
39122
39123
39125
39129
39132
39134
39137
39139
39143
39144
39145
39147
39149
39151
39152
39157
39160
39161
39163
39167
39168
39170
39175
39179
39181
39185
39186
39190
39191
39192
39196
39197
39201
39205
39206
39209
39211
39217
39222
39225
39229
39232
39234
39240
39241
39244
39247
39248
39249
39252
39255
39257
39259
39267
39270
39272
39274
39277
39279
39285
39287
39288
39293
39298
39307
39310
39311
39312
39314
39315
39322
39325
39326
39333
39341
39343
39345
39348
39367
39368
39369
39372
39376
39377
39380
39381
39383
39384
39386
39387
39388
39389
39393
39396
39407
39410
39412
39416
39418
39419
39421
39423
39424
39426
39430
39432
39434
39435
39442
39444
39445
39446
39451
39460
39470
39474
39476
39478
39481
39482
39484
39491
39493
39494
39498
39500
39504
39507
39509
39510
39511
39514
39515
39518
39524
39526
39528
39529
39538
39541
39545
39546
39548
39549
39550
39561
39562
39572
39576
39577
39578
39585
39588
39590
39592
39597
39599
39602
39603
39604
39605
39624
39627
39628
39629
39631
39643
39645
39651
39652
39653
39659
39661
39662
39667
39670
39679
39681
39690
39692
39695
39705
39708
39710
39715
39717
39722
39723
39725
39736
39738
39746
39747
39756
39761
39764
39776
39787
39789
39791
39793
39796
39799
39800
39801
39808
39813
39816
39826
39839
39841
39842
39847
39852
39860
39862
39866
39868
39870
39873
39876
39877
39880
39884
39893
39896
39899
39904
39909
39913
39914
39923
39924
39925
39929
39930
39933
39934
39941
39945
39948
39949
39952
39958
39961
39964
39972
39973
39979
39980
39982
39988
39989
39990
39993
39995
40001
40003
40007
40018
40026
40027
40028
40031
40033
40035
40036
40044
40045
40054
40055
40057
40058
40059
40060
40061
40066
40071
40074
40075
40078
40080
40084
40085
40086
40087
40089
40090
40094
40095
40098
40105
40108
40110
40113
40114
40116
40117
40118
40124
40128
40129
40133
40134
40142
40146
40153
40156
40158
40161
40164
40165
40167
40168
40177
40185
40192
40193
40194
40195
40196
40197
40200
40201
40202
40203
40210
40211
40212
40221
40226
40231
40233
40236
40238
40239
40243
40248
40251
40254
40257
40260
40264
40267
40269
40270
40271
40277
40278
40279
40280
40281
40282
40289
40290
40297
40303
40307
40309
40315
40320
40323
40327
40332
40334
40337
40350
40355
40359
40360
40361
40362
40363
40371
40376
40379
40385
40395
40398
40402
40403
40407
40409
40420
40423
40438
40452
40457
40459
40464
40473
40474
40476
40477
40479
40481
40482
40483
40485
40488
40489
40490
40495
40496
40497
40498
40502
40504
40506
40509
40518
40528
40529
40537
40546
40549
40561
40569
40573
40587
40596
40610
40615
40620
40622
40625
40630
40632
40636
40642
40644
40645
40648
40661
40663
40667
40676
40683
40684
40688
40692
40699
40702
40707
40710
40712
40719
40720
40722
40727
40734
40735
40742
40747
40756
40770
40779
40782
40784
40787
40788
40789
40792
40796
40797
40801
40808
40816
40818
40819
40821
40822
40824
40825
40827
40828
40830
40833
40834
40839
40842
40844
40846
40848
40850
40852
40857
40864
40872
40873
40874
40878
40882
40886
40891
40894
40902
40903
40905
40906
40908
40910
40912
40915
40918
40923
40927
40931
40933
40937
40942
40944
40947
40952
40961
40963
40964
40976
40977
40982
40983
41009
41014
41025
41029
41033
41039
41044
41046
41053
41054
41058
41066
41067
41068
41070
41072
41073
41081
41082
41084
41088
41092
41093
41094
41095
41096
41097
41099
41102
41104
41105
41106
41107
41108
41110
41111
41117
41124
41129
41136
41139
41141
41147
41148
41150
41151
41154
41157
41160
41167
41172
41176
41179
41184
41187
41190
41192
41195
41198
41205
41209
41215
41222
41227
41230
41233
41249
41259
41261
41263
41299
41307
41326
41328
41337
41342
41350
41353
41359
41366
41374
41378
41401
41406
41407
41411
41415
41419
41420
41423
41434
41438
41440
41441
41447
41449
41450
41452
41453
41460
41463
41470
41479
41480
41494
41510
41536
41553
41575
41590
41592
41593
41594
41599
41601
41603
41607
41610
41611
41619
41649
41650
41653
41654
41655
41656
41668
41674
41681
41682
41686
41695
41699
41700
41711
41712
41719
41728
41735
41750
41755
41768
41772
41776
41789
41796
41807
41810
41811
41812
41826
41830
41843
41859
41863
41864
41869
41870
41871
41872
41881
41887
41889
41890
41893
41895
41898
41900
41907
41918
41921
41922
41923
41938
41940
41942
41943
41944
41945
41948
41950
41954
41956
41958
41962
41963
41968
41970
41978
41979
41987
41996
41998
42003
42004
42006
42007
42013
42021
42022
42024
42031
42032
42034
42039
42040
42041
42043
42046
42049
42050
42056
42059
42062
42063
42066
42079
42081
42084
42087
42089
42095
42096
42098
42100
42115
42118
42120
42122
42129
42134
42141
42149
42155
42159
42161
42163
42165
42166
42169
42173
42177
42181
42183
42184
42201
42206
42215
42216
42217
42225
42230
42231
42232
42234
42238
42239
42241
42243
42244
42245
42250
42251
42254
42256
42264
42268
42270
42272
42279
42280
42298
42321
42324
42326
42329
42330
42332
42333
42335
42336
42343
42344
42349
42351
42354
42361
42364
42366
42368
42382
42386
42389
42392
42396
42400
42412
42413
42414
42415
42416
42426
42431
42442
42444
42446
42448
42453
42457
42463
42464
42473
42475
42478
42486
42493
42502
42503
42507
42508
42512
42513
42514
42515
42519
42520
42524
42530
42531
42532
42533
42539
42543
42544
42550
42552
42557
42562
42565
42567
42574
42576
42578
42580
42586
42597
42598
42600
42608
42610
42615
42618
42626
42629
42634
42637
42640
42645
42650
42651
42652
42653
42654
42659
42661
42666
42667
42670
42672
42679
42683
42689
42690
42692
42694
42699
42702
42705
42708
42709
42712
42713
42717
42721
42722
42725
42728
42731
42733
42735
42737
42740
42741
42743
42744
42748
42757
42761
42774
42776
42779
42783
42784
42786
42787
42788
42789
42791
42794
42796
42797
42798
42799
42810
42812
42813
42817
42820
42823
42825
42827
42830
42831
42834
42835
42841
42843
42844
42851
42855
42859
42860
42868
42871
42876
42877
42887
42894
42899
42903
42904
42908
42910
42914
42915
42917
42926
42932
42935
42950
42953
42965
42976
42978
42980
42983
42984
42985
42991
43001
43003
43012
43017
43019
43029
43033
43035
43041
43044
43046
43053
43055
43065
43067
43073
43075
43080
43082
43085
43098
43104
43112
43116
43117
43121
43135
43144
43146
43149
43153
43154
43157
43158
43160
43165
43167
43172
43178
43181
43183
43184
43185
43195
43197
43201
43204
43205
43207
43213
43214
43216
43218
43220
43223
43227
43229
43230
43231
43233
43238
43242
43243
43247
43248
43251
43252
43254
43264
43269
43276
43277
43280
43282
43283
43284
43290
43291
43292
43293
43295
43297
43308
43316
43321
43322
43324
43332
43343
43346
43354
43359
43362
43365
43367
43372
43384
43387
43390
43393
43396
43397
43423
43429
43430
43431
43434
43445
43447
43462
43463
43464
43477
43481
43482
43487
43495
43503
43505
43508
43509
43511
43512
43513
43525
43527
43528
43531
43544
43546
43547
43552
43554
43562
43563
43568
43584
43585
43587
43596
43605
43607
43611
43614
43618
43624
43628
43629
43634
43647
43650
43651
43655
43657
43659
43664
43668
43679
43700
43703
43704
43705
43708
43711
43712
43713
43714
43717
43718
43719
43720
43730
43731
43732
43733
43734
43741
43742
43745
43746
43752
43753
43760
43768
43774
43779
43780
43791
43792
43796
43803
43807
43810
43811
43815
43826
43831
43840
43844
43852
43860
43861
43864
43874
43880
43882
43884
43886
43887
43889
43891
43893
43896
43899
43902
43911
43914
43915
43916
43917
43923
43928
43942
43949
43951
43952
43957
43958
43964
43969
43970
43971
43989
43992
43995
43998
44007
44016
44020
44027
44036
44038
44039
44049
44052
44053
44056
44058
44059
44068
44077
44081
44082
44086
44089
44093
44094
44113
44116
44119
44121
44125
44127
44128
44129
44130
44133
44136
44144
44151
44152
44154
44160
44163
44171
44173
44175
44183
44184
44185
44189
44193
44196
44199
44200
44203
44209
44219
44221
44222
44227
44230
44237
44238
44241
44242
44247
44251
44256
44257
44262
44267
44269
44272
44282
44283
44286
44294
44295
44296
44299
44302
44309
44311
44313
44315
44316
44320
44322
44328
44335
44347
44349
44351
44352
44353
44359
44362
44363
44364
44370
44375
44379
44383
44388
44395
44397
44398
44415
44420
44426
44427
44431
44432
44433
44436
44437
44439
44441
44443
44445
44450
44451
44452
44460
44461
44462
44466
44468
44471
44475
44476
44481
44491
44493
44496
44501
44502
44507
44512
44514
44518
44524
44525
44532
44536
44538
44541
44549
44550
44552
44553
44558
44574
44577
44579
44587
44588
44590
44593
44595
44596
44597
44598
44609
44611
44623
44625
44627
44632
44643
44650
44651
44652
44655
44661
44662
44670
44674
44676
44677
44684
44688
44691
44692
44694
44697
44699
44704
44706
44707
44716
44720
44730
44731
44732
44740
44741
44746
44747
44764
44765
44772
44774
44776
44777
44782
44785
44789
44793
44808
44809
44811
44813
44823
44824
44828
44832
44833
44835
44839
44840
44851
44855
44856
44859
44860
44863
44867
44877
44878
44880
44881
44882
44883
44884
44894
44897
44901
44904
44905
44911
44912
44914
44926
44931
44936
44937
44949
44952
44955
44966
44968
44977
44983
44985
44986
44988
44989
44991
44993
44996
44997
44998
45003
45011
45014
45018
45024
45027
45029
45030
45033
45038
45046
45050
45055
45058
45059
45061
45069
45070
45072
45075
45080
45081
45082
45086
45088
45089
45091
45092
45095
45102
45111
45113
45114
45118
45121
45125
45128
45133
45136
45138
45139
45144
45145
45149
45150
45152
45156
45160
45162
45164
45166
45168
45169
45170
45176
45179
45181
45182
45191
45194
45195
45204
45211
45213
45217
45218
45219
45222
45224
45225
45227
45230
45234
45240
45241
45245
45246
45248
45251
45259
45260
45262
45271
45273
45287
45292
45299
45306
45318
45326
45328
45331
45332
45335
45337
45338
45339
45340
45343
45345
45351
45353
45354
45356
45357
45361
45371
45373
45381
45382
45385
45387
45392
45400
45408
45416
45421
45424
45432
45435
45440
45442
45443
45447
45463
45478
45495
45496
45501
45504
45509
45511
45522
45527
45530
45537
45540
45547
45549
45551
45555
45558
45560
45566
45577
45587
45588
45592
45594
45596
45605
45607
45613
45614
45616
45618
45625
45632
45635
45640
45642
45647
45649
45653
45654
45663
45665
45666
45668
45673
45680
45687
45688
45692
45693
45694
45697
45698
45702
45719
45724
45727
45730
45735
45737
45741
45743
45757
45763
45774
45776
45781
45782
45783
45791
45799
45809
45810
45812
45814
45820
45822
45828
45839
45840
45849
45854
45857
45863
45864
45868
45876
45881
45887
45889
45890
45891
45894
45897
45901
45910
45917
45922
45928
45931
45938
45939
45943
45944
45945
45946
45954
45966
45967
45972
45976
45977
45980
45984
45988
45991
45995
46004
46008
46010
46011
46012
46018
46022
46023
46036
46037
46039
46044
46047
46049
46051
46055
46059
46068
46073
46074
46077
46078
46079
46080
46087
46088
46100
46108
46109
46119
46123
46130
46132
46143
46148
46152
46155
46158
46162
46165
46166
46169
46170
46181
46187
46196
46200
46210
46212
46214
46216
46221
46224
46225
46229
46233
46237
46239
46240
46244
46248
46249
46251
46252
46255
46256
46257
46266
46268
46270
46277
46278
46282
46286
46288
46303
46304
46306
46324
46326
46330
46331
46334
46337
46344
46345
46347
46352
46358
46359
46361
46363
46366
46367
46372
46378
46385
46399
46400
46404
46405
46406
46413
46427
46428
46429
46431
46433
46434
46442
46446
46451
46455
46459
46462
46463
46465
46466
46471
46481
46482
46484
46488
46497
46507
46508
46511
46512
46513
46515
46522
46525
46526
46528
46529
46530
46531
46532
46538
46556
46561
46564
46566
46570
46572
46575
46576
46579
46581
46582
46585
46586
46594
46602
46603
46608
46615
46620
46626
46627
46628
46634
46637
46639
46644
46657
46667
46672
46673
46677
46679
46683
46686
46703
46707
46710
46711
46717
46719
46722
46731
46734
46740
46741
46745
46746
46747
46749
46752
46769
46772
46773
46779
46787
46790
46792
46795
46797
46808
46809
46812
46813
46816
46817
46824
46826
46830
46832
46835
46836
46837
46840
46842
46844
46850
46851
46855
46870
46875
46882
46889
46892
46894
46898
46903
46912
46916
46917
46928
46929
46931
46934
46941
46943
46947
46950
46951
46952
46953
46954
46959
46965
46971
46977
46978
46982
46990
46999
47005
47009
47010
47011
47013
47014
47020
47021
47024
47044
47050
47053
47057
47061
47066
47068
47077
47082
47096
47099
47101
47107
47115
47116
47117
47118
47123
47126
47130
47135
47140
47147
47151
47156
47159
47163
47164
47166
47175
47181
47182
47183
47185
47198
47209
47217
47223
47228
47232
47234
47236
47239
47240
47242
47249
47251
47254
47264
47273
47278
47280
47284
47292
47294
47295
47306
47313
47319
47321
47331
47334
47336
47345
47349
47350
47363
47368
47386
47390
47393
47394
47396
47401
47404
47409
47412
47419
47427
47449
47452
47459
47461
47474
47480
47492
47494
47496
47500
47501
47509
47515
47516
47528
47540
47542
47550
47559
47561
47562
47564
47567
47568
47569
47576
47582
47588
47589
47590
47591
47598
47600
47605
47609
47613
47623
47626
47629
47632
47642
47645
47648
47650
47652
47660
47668
47669
47671
47684
47686
47691
47692
47693
47694
47696
47697
47698
47699
47700
47701
47702
47703
47705
47708
47709
47710
47714
47716
47722
47729
47734
47740
47747
47758
47775
47784
47790
47806
47817
47821
47822
47823
47828
47849
47850
47857
47859
47861
47867
47869
47875
47877
47878
47885
47886
47895
47899
47914
47916
47924
47929
47931
47933
47935
47937
47946
47948
47953
47954
47955
47969
47971
47972
47983
47986
47987
47989
47992
48000
48007
48015
48023
48027
48028
48033
48046
48047
48052
48054
48056
48057
48065
48066
48074
48077
48079
48085
48087
48095
48099
48112
48124
48128
48131
48133
48134
48140
48143
48152
48161
48197
48198
48199
48204
48206
48213
48217
48218
48219
48221
48223
48227
48229
48247
48262
48265
48267
48278
48281
48282
48283
48295
48298
48302
48308
48314
48319
48327
48328
48333
48340
48345
48350
48356
48365
48367
48370
48374
48375
48376
48381
48385
48387
48397
48398
48404
48408
48409
48411
48416
48418
48421
48423
48424
48425
48429
48432
48435
48436
48439
48444
48448
48450
48451
48452
48460
48463
48465
48467
48469
48470
48473
48474
48479
48482
48483
48487
48488
48489
48491
48492
48494
48495
48499
48503
48508
48509
48517
48518
48520
48523
48529
48532
48534
48537
48538
48542
48546
48548
48550
48556
48557
48558
48560
48561
48568
48569
48570
48571
48576
48583
48585
48586
48589
48591
48597
48604
48605
48609
48610
48618
48619
48623
48624
48625
48626
48632
48633
48637
48638
48640
48643
48646
48650
48652
48655
48658
48659
48660
48663
48664
48666
48667
48671
48672
48676
48677
48678
48690
48692
48693
48696
48700
48701
48709
48716
48718
48720
48721
48731
48740
48756
48757
48758
48759
48762
48772
48775
48781
48784
48787
48792
48793
48794
48798
48802
48808
48818
48820
48828
48833
48834
48835
48841
48843
48862
48871
48877
48878
48879
48886
48889
48890
48897
48898
48905
48910
48918
48919
48921
48923
48926
48928
48931
48933
48937
48941
48943
48951
48954
48959
48974
48975
48989
48999
49004
49006
49009
49010
49014
49017
49020
49021
49030
49032
49033
49035
49036
49042
49045
49051
49060
49062
49073
49076
49077
49080
49086
49088
49090
49091
49101
49108
49120
49122
49123
49134
49139
49140
49146
49149
49156
49158
49160
49169
49178
49197
49198
49199
49203
49205
49213
49217
49221
49224
49231
49232
49234
49241
49248
49254
49264
49268
49271
49280
49288
49289
49290
49297
49306
49307
49308
49313
49318
49322
49331
49334
49337
49339
49340
49341
49342
49348
49351
49356
49360
49363
49365
49367
49369
49373
49374
49375
49378
49381
49384
49390
49395
49399
49407
49411
49412
49414
49415
49420
49429
49431
49433
49437
49447
49448
49449
49451
49456
49460
49475
49477
49481
49482
49496
49512
49517
49530
49531
49537
49538
49539
49544
49548
49553
49559
49562
49566
49583
49584
49586
49588
49589
49590
49593
49598
49600
49602
49603
49607
49620
49630
49635
49643
49650
49655
49658
49659
49660
49661
49663
49668
49672
49676
49677
49679
49680
49684
49694
49696
49698
49705
49707
49709
49712
49718
49722
49728
49730
49757
49761
49762
49766
49770
49775
49777
49778
49781
49786
49792
49796
49797
49798
49801
49803
49804
49805
49812
49813
49815
49830
49831
49849
49852
49855
49859
49860
49861
49865
49872
49873
49876
49878
49881
49884
49890
49900
49901
49902
49903
49906
49909
49912
49917
49919
49930
49932
49936
49937
49941
49942
49944
49945
49949
49953
49960
49961
49963
49966
49972
49978
49981
49982
49983
49986
49988
49995
50000
50003
50006
50007
50008
50017
50030
50045
50048
50050
50057
50061
50062
50064
50067
50077
50083
50085
50093
50109
50110
50111
50120
50121
50124
50147
50148
50150
50151
50153
50155
50156
50158
50168
50169
50171
50175
50176
50177
50179
50180
50185
50192
50194
50196
50198
50205
50208
50218
50220
50222
50224
50236
50242
50245
50266
50271
50272
50279
50280
50284
50291
50294
50302
50306
50315
50316
50324
50327
50337
50340
50341
50343
50345
50346
50350
50355
50358
50360
50362
50377
50378
50381
50389
50395
50403
50410
50411
50413
50414
50416
50433
50439
50448
50449
50450
50457
50459
50460
50465
50467
50468
50475
50481
50483
50484
50485
50491
50494
50495
50507
50510
50518
50520
50523
50526
50545
50549
50572
50575
50577
50584
50585
50586
50587
50589
50592
50604
50608
50609
50611
50617
50632
50639
50649
50650
50652
50662
50668
50669
50670
50677
50680
50685
50687
50695
50696
50701
50704
50709
50714
50716
50718
50727
50728
50730
50733
50739
50746
50752
50764
50772
50775
50777
50779
50784
50786
50790
50803
50804
50809
50811
50817
50822
50823
50826
50839
50841
50844
50847
50849
50855
50862
50865
50869
50873
50878
50881
50886
50889
50897
50906
50911
50923
50924
50929
50936
50937
50939
50947
50950
50955
50958
50960
50969
50970
50971
50978
50983
50984
50986
50998
50999
51002
51014
51020
51026
51030
51042
51044
51046
51049
51051
51052
51053
51054
51056
51063
51079
51080
51084
51087
51091
51100
51102
51112
51114
51115
51120
51123
51124
51125
51132
51142
51152
51157
51160
51161
51176
51177
51190
51191
51194
51195
51200
51203
51204
51205
51207
51209
51211
51216
51218
51221
51225
51227
51230
51233
51234
51238
51240
51243
51247
51259
51268
51278
51283
51284
51285
51291
51293
51295
51305
51306
51309
51317
51326
51328
51334
51342
51349
51350
51352
51353
51365
51371
51372
51373
51374
51375
51378
51383
51390
51391
51394
51396
51398
51414
51417
51419
51435
51436
51444
51446
51452
51460
51462
51463
51470
51472
51474
51476
51480
51488
51490
51491
51497
51498
51505
51506
51507
51513
51523
51528
51531
51535
51545
51552
51554
51557
51558
51563
51566
51567
51571
51572
51578
51582
51590
51596
51599
51604
51614
51619
51624
51626
51630
51633
51646
51654
51655
51659
51661
51668
51671
51677
51693
51694
51704
51708
51711
51713
51714
51719
51722
51723
51726
51727
51729
51733
51737
51743
51745
51747
51750
51753
51754
51758
51762
51767
51768
51769
51775
51776
51780
51783
51785
51788
51795
51797
51809
51812
51813
51825
51829
51867
51876
51879
51880
51883
51886
51888
51894
51898
51900
51902
51910
51912
51914
51916
51928
51932
51939
51947
51948
51957
51963
51965
51966
51971
51988
51990
51995
51999
52001
52009
52010
52034
52036
52041
52061
52064
52066
52069
52071
52072
52077
52085
52087
52092
52095
52098
52102
52103
52107
52117
52129
52132
52137
52150
52155
52167
52172
52173
52179
52181
52183
52184
52187
52191
52193
52197
52198
52200
52211
52212
52215
52217
52219
52227
52229
52231
52234
52245
52252
52258
52264
52266
52267
52273
52281
52289
52297
52308
52317
52322
52327
52328
52329
52336
52337
52339
52345
52346
52348
52350
52352
52353
52355
52360
52362
52368
52369
52370
52371
52374
52389
52394
52400
52402
52414
52420
52430
52435
52442
52447
52452
52454
52458
52462
52466
52472
52493
52494
52498
52499
52510
52513
52516
52517
52523
52524
52534
52536
52546
52547
52549
52550
52560
52569
52572
52574
52575
52581
52585
52594
52595
52596
52599
52603
52607
52611
52619
52622
52624
52634
52636
52638
52641
52644
52648
52652
52661
52662
52666
52667
52671
52672
52676
52679
52688
52702
52706
52708
52710
52721
52730
52731
52736
52737
52749
52752
52754
52755
52757
52759
52760
52761
52765
52771
52780
52784
52787
52789
52799
52801
52809
52814
52817
52821
52822
52823
52828
52830
52848
52860
52867
52878
52879
52883
52889
52903
52912
52913
52919
52935
52936
52938
52941
52947
52954
52957
52961
52964
52977
52980
52985
52986
52990
52991
52994
53000
53002
53012
53016
53020
53027
53031
53032
53035
53037
53044
53046
53055
53060
53066
53069
53070
53076
53077
53084
53085
53086
53094
53096
53097
53102
53103
53104
53107
53110
53123
53126
53140
53142
53144
53148
53152
53156
53160
53166
53174
53175
53180
53190
53191
53216
53217
53224
53227
53228
53230
53233
53235
53236
53241
53243
53245
53254
53257
53258
53269
53275
53277
53278
53285
53292
53294
53302
53311
53313
53326
53327
53335
53337
53338
53346
53348
53352
53355
53360
53361
53362
53366
53367
53371
53373
53380
53381
53383
53385
53397
53408
53409
53410
53416
53417
53419
53421
53424
53430
53435
53436
53441
53442
53448
53453
53462
53463
53469
53478
53479
53485
53489
53490
53492
53493
53497
53505
53506
53507
53509
53510
53513
53519
53522
53529
53532
53541
53542
53546
53547
53552
53554
53559
53561
53566
53575
53577
53578
53581
53588
53589
53593
53596
53609
53615
53616
53619
53620
53623
53624
53629
53631
53635
53637
53645
53646
53654
53656
53661
53663
53664
53671
53683
53684
53687
53695
53696
53700
53701
53702
53712
53717
53720
53729
53732
53733
53736
53739
53745
53751
53752
53759
53762
53764
53771
53776
53780
53785
53788
53791
53792
53795
53803
53806
53813
53816
53817
53820
53822
53824
53833
53839
53842
53847
53851
53860
53866
53869
53876
53899
53900
53903
53908
53914
53924
53935
53940
53949
53956
53959
53961
53969
53973
53974
53977
53983
53997
53998
54000
54002
54004
54012
54016
54036
54038
54043
54051
54055
54059
54079
54081
54089
54104
54112
54113
54128
54137
54139
54146
54160
54162
54166
54167
54169
54179
54181
54183
54192
54199
54206
54207
54212
54214
54220
54221
54223
54224
54232
54234
54235
54237
54240
54241
54242
54249
54250
54252
54253
54257
54263
54266
54291
54293
54294
54298
54303
54304
54305
54306
54326
54328
54334
54336
54342
54347
54351
54352
54353
54354
54357
54360
54370
54371
54373
54375
54378
54379
54386
54390
54397
54398
54405
54407
54412
54417
54422
54423
54428
54435
54437
54438
54450
54460
54465
54474
54477
54487
54492
54500
54507
54509
54515
54519
54520
54525
54526
54527
54529
54543
54558
54564
54572
54585
54586
54588
54589
54593
54598
54601
54609
54611
54615
54626
54631
54635
54639
54642
54652
54655
54663
54664
54666
54668
54669
54678
54680
54687
54693
54695
54698
54702
54704
54723
54730
54734
54741
54756
54759
54764
54766
54770
54784
54800
54806
54807
54812
54816
54823
54825
54839
54851
54853
54859
54864
54865
54868
54879
54880
54881
54890
54893
54894
54900
54902
54917
54934
54936
54940
54942
54944
54948
54950
54951
54953
54954
54958
54967
54973
54976
54978
54985
54986
54987
54989
54990
54993
55010
55015
55019
55021
55025
55030
55042
55043
55044
55050
55054
55058
55064
55065
55074
55075
55077
55078
55081
55085
55089
55093
55097
55100
55101
55105
55107
55108
55116
55122
55127
55128
55133
55135
55137
55141
55142
55143
55151
55152
55154
55157
55163
55165
55169
55174
55175
55176
55177
55184
55188
55190
55191
55193
55196
55199
55201
55203
55207
55208
55210
55213
55216
55217
55220
55229
55230
55232
55240
55245
55246
55247
55250
55251
55252
55254
55255
55258
55260
55262
55263
55269
55282
55284
55285
55292
55295
55298
55299
55301
55303
55304
55315
55322
55325
55327
55333
55338
55345
55352
55354
55362
55365
55369
55371
55375
55379
55383
55385
55392
55402
55403
55406
55413
55415
55423
55428
55436
55439
55441
55443
55446
55453
55457
55460
55467
55471
55473
55479
55481
55484
55489
55498
55506
55511
55515
55516
55518
55520
55522
55525
55526
55540
55542
55549
55557
55561
55567
55573
55580
55582
55583
55584
55587
55616
55623
55636
55650
55652
55658
55660
55661
55662
55665
55679
55680
55683
55699
55702
55709
55722
55728
55730
55738
55744
55747
55754
55760
55763
55769
55774
55775
55778
55784
55791
55799
55807
55809
55814
55815
55818
55820
55824
55826
55829
55832
55835
55841
55845
55851
55853
55855
55856
55857
55863
55865
55868
55869
55870
55873
55875
55894
55895
55896
55897
55898
55899
55902
55904
55908
55909
55911
55915
55916
55918
55920
55925
55933
55935
55939
55942
55943
55947
55949
55955
55960
55961
55963
55969
55970
55972
55975
55981
55982
55990
55995
55999
56002
56005
56006
56009
56010
56012
56015
56016
56031
56032
56034
56037
56041
56044
56046
56047
56057
56061
56075
56078
56080
56084
56091
56094
56096
56105
56106
56109
56118
56122
56125
56137
56164
56165
56169
56184
56186
56198
56199
56204
56205
56206
56221
56229
56234
56235
56237
56240
56244
56270
56271
56282
56292
56312
56316
56319
56328
56334
56340
56345
56360
56371
56379
56380
56382
56390
56391
56394
56400
56401
56405
56435
56456
56458
56459
56465
56469
56470
56471
56473
56474
56479
56480
56481
56484
56487
56493
56494
56495
56503
56504
56507
56510
56521
56523
56526
56528
56529
56530
56537
56540
56545
56546
56547
56548
56553
56555
56556
56557
56558
56559
56561
56565
56567
56570
56573
56574
56578
56587
56598
56600
56612
56616
56617
56621
56622
56626
56629
56634
56635
56638
56639
56640
56641
56650
56651
56652
56655
56659
56660
56673
56674
56680
56686
56691
56692
56695
56697
56702
56704
56705
56707
56710
56713
56721
56722
56727
56730
56736
56741
56743
56747
56748
56751
56758
56759
56767
56770
56773
56777
56785
56792
56796
56797
56799
56801
56806
56814
56816
56832
56837
56845
56846
56849
56856
56861
56874
56891
56899
56900
56910
56911
56912
56913
56915
56921
56924
56931
56932
56936
56941
56948
56955
56959
56962
56968
56970
56990
56991
56993
56994
56997
57000
57008
57011
57013
57037
57044
57045
57049
57053
57054
57063
57066
57067
57071
57093
57094
57099
57108
57113
57127
57130
57138
57139
57141
57150
57152
57153
57154
57157
57158
57160
57168
57170
57178
57181
57184
57189
57193
57195
57203
57215
57229
57233
57234
57237
57239
57240
57241
57242
57247
57249
57250
57254
57255
57261
57264
57267
57268
57271
57283
57287
57294
57302
57306
57308
57311
57319
57322
57326
57343
57344
57345
57346
57347
57350
57352
57357
57358
57367
57381
57382
57388
57391
57406
57408
57409
57412
57416
57429
57436
57441
57442
57445
57448
57469
57472
57474
57477
57479
57487
57491
57492
57493
57512
57518
57522
57528
57529
57531
57548
57551
57553
57563
57568
57572
57576
57577
57584
57592
57593
57600
57601
57604
57606
57607
57610
57611
57623
57626
57637
57642
57652
57655
57659
57660
57662
57663
57664
57666
57667
57669
57671
57676
57685
57692
57694
57699
57704
57705
57706
57707
57711
57715
57718
57722
57728
57730
57741
57747
57748
57751
57759
57765
57779
57783
57795
57799
57801
57805
57809
57814
57819
57822
57823
57831
57832
57833
57846
57847
57850
57854
57858
57863
57871
57876
57879
57887
57888
57892
57894
57899
57900
57911
57913
57917
57920
57921
57926
57929
57933
57934
57940
57946
57949
57953
57956
57958
57969
57973
57974
57975
57976
57986
57989
57992
57993
57995
58002
58007
58011
58012
58013
58015
58017
58020
58021
58023
58036
58037
58051
58056
58057
58058
58059
58060
58063
58064
58073
58074
58077
58088
58097
58100
58103
58108
58118
58119
58120
58121
58124
58128
58129
58137
58139
58146
58148
58155
58164
58165
58178
58195
58205
58206
58208
58214
58229
58230
58244
58248
58251
58268
58270
58271
58277
58279
58282
58303
58308
58311
58315
58319
58321
58322
58323
58325
58327
58330
58331
58334
58335
58344
58355
58357
58361
58363
58365
58369
58372
58384
58388
58393
58397
58407
58408
58410
58415
58418
58423
58428
58432
58434
58436
58438
58440
58443
58446
58449
58451
58454
58455
58461
58464
58474
58480
58481
58485
58486
58499
58512
58520
58523
58532
58538
58554
58559
58563
58566
58571
58578
58579
58581
58582
58583
58586
58595
58600
58604
58613
58615
58617
58621
58622
58623
58631
58634
58635
58638
58639
58642
58646
58654
58656
58658
58662
58669
58670
58674
58678
58679
58681
58688
58689
58690
58691
58694
58708
58713
58717
58721
58722
58724
58725
58727
58730
58738
58749
58750
58752
58760
58765
58778
58780
58784
58788
58789
58792
58795
58798
58802
58804
58808
58809
58811
58821
58825
58826
58834
58836
58837
58841
58847
58848
58850
58854
58861
58863
58865
58868
58869
58870
58874
58882
58883
58889
58896
58901
58904
58907
58913
58918
58926
58927
58930
58931
58932
58933
58934
58938
58940
58945
58948
58949
58951
58953
58957
58958
58962
58965
58966
58972
58975
58976
58977
58985
58989
58990
59001
59007
59009
59010
59015
59016
59024
59028
59036
59041
59049
59050
59051
59064
59072
59073
59085
59093
59099
59106
59110
59124
59126
59127
59134
59139
59147
59149
59150
59155
59159
59163
59164
59170
59174
59175
59176
59181
59183
59189
59190
59206
59210
59211
59213
59216
59220
59222
59224
59227
59231
59236
59237
59239
59243
59253
59254
59255
59257
59259
59261
59263
59267
59270
59278
59286
59289
59296
59297
59298
59299
59302
59304
59305
59307
59309
59313
59325
59328
59334
59335
59337
59338
59355
59368
59373
59375
59386
59388
59389
59394
59401
59404
59407
59409
59410
59416
59418
59428
59431
59433
59434
59436
59442
59447
59451
59453
59454
59458
59459
59470
59486
59487
59489
59500
59508
59511
59516
59532
59534
59537
59539
59542
59549
59555
59563
59572
59576
59578
59580
59581
59584
59588
59590
59596
59599
59600
59608
59609
59612
59614
59629
59630
59632
59633
59634
59637
59656
59661
59664
59667
59674
59685
59695
59703
59707
59712
59713
59723
59725
59727
59732
59734
59739
59744
59746
59749
59752
59753
59754
59755
59756
59758
59759
59760
59767
59771
59772
59779
59780
59784
59785
59788
59789
59797
