1
10
19
28
29
39
41
47
48
50
61
64
71
78
80
85
86
91
96
103
107
110
113
129
133
141
142
160
170
173
175
176
181
186
189
191
202
203
210
219
224
225
244
259
265
275
280
284
305
310
323
338
342
374
387
388
396
400
401
418
424
431
440
441
444
450
488
514
519
522
545
547
560
561
566
571
577
583
589
607
618
621
630
632
643
644
667
670
675
688
692
695
698
701
703
705
713
717
724
734
743
748
752
755
759
760
763
772
783
806
819
838
844
848
857
864
866
881
902
904
905
906
911
918
928
934
940
949
956
957
964
967
970
975
985
988
990
992
1033
1034
1039
1043
1047
1051
1052
1062
1066
1085
1091
1098
1099
1107
1115
1116
1117
1125
1130
1133
1135
1143
1150
1161
1167
1175
1180
1182
1191
1194
1195
1206
1210
1214
1215
1220
1227
1229
1255
1272
1280
1282
1289
1293
1304
1305
1309
1311
1316
1345
1352
1355
1379
1382
1385
1388
1392
1403
1404
1409
1426
1434
1446
1456
1457
1461
1466
1468
1471
1479
1483
1487
1488
1493
1500
1502
1507
1509
1534
1535
1536
1541
1545
1549
1550
1551
1558
1560
1563
1572
1593
1615
1618
1631
1639
1654
1656
1658
1667
1677
1679
1689
1721
1724
1727
1772
1776
1778
1791
1822
1827
1879
1890
1893
1898
1900
1917
1945
1970
1989
1991
1995
2002
2010
2021
2024
2030
2043
2046
2050
2053
2076
2077
2097
2101
2110
2120
2126
2141
2146
2150
2166
2168
2176
2205
2206
2214
2217
2218
2220
2228
2245
2263
2290
2315
2325
2331
2333
2351
2352
2354
2377
2379
2386
2394
2423
2426
2430
2431
2443
2460
2471
2473
2475
2480
2487
2488
2490
2492
2514
2517
2523
2527
2554
2555
2570
2575
2586
2600
2608
2617
2618
2624
2631
2633
2637
2652
2661
2664
2673
2676
2689
2692
2693
2706
2726
2730
2732
2750
2753
2757
2758
2761
2771
2777
2779
2786
2790
2801
2818
2832
2836
2841
2845
2847
2852
2863
2869
2877
2884
2899
2903
2920
2923
2933
2947
2962
2963
2966
2967
2970
2975
2985
2987
2997
3010
3022
3035
3044
3049
3050
3051
3060
3075
3076
3094
3113
3115
3121
3128
3129
3134
3138
3139
3153
3156
3167
3169
3177
3182
3194
3201
3203
3208
3216
3226
3229
3230
3239
3240
3241
3254
3255
3265
3272
3273
3278
3284
3290
3303
3311
3324
3333
3351
3352
3354
3356
3360
3361
3366
3368
3389
3407
3409
3411
3424
3440
3445
3447
3452
3459
3463
3470
3471
3484
3490
3492
3497
3500
3503
3507
3515
3516
3518
3525
3538
3543
3555
3556
3557
3559
3566
3572
3576
3595
3605
3614
3619
3620
3631
3638
3640
3644
3653
3661
3663
3684
3688
3693
3698
3705
3712
3713
3715
3720
3721
3725
3726
3727
3733
3735
3738
3740
3751
3754
3755
3757
3761
3767
3775
3776
3777
3787
3790
3797
3803
3817
3818
3821
3822
3836
3853
3854
3857
3861
3864
3874
3881
3891
3895
3909
3910
3913
3914
3938
3951
3952
3965
3967
3968
3980
3981
3984
3985
4008
4031
4035
4037
4041
4052
4055
4060
4062
4063
4064
4076
4080
4082
4089
4090
4092
4099
4102
4103
4115
4129
4135
4136
4145
4151
4153
4154
4164
4173
4182
4183
4192
4197
4198
4212
4213
4227
4233
4234
4238
4244
4252
4253
4255
4258
4264
4269
4286
4298
4301
4304
4305
4315
4318
4319
4329
4330
4332
4336
4337
4340
4344
4355
4359
4371
4386
4390
4400
4404
4410
4415
4426
4431
4436
4458
4466
4469
4471
4481
4482
4489
4490
4495
4515
4517
4524
4533
4534
4539
4552
4555
4563
4565
4568
4585
4593
4604
4619
4633
4639
4648
4650
4656
4668
4672
4707
4717
4718
4734
4740
4750
4755
4770
4773
4775
4783
4785
4804
4809
4827
4835
4838
4842
4843
4860
4871
4884
4892
4898
4900
4909
4911
4914
4916
4921
4922
4926
4927
4931
4932
4933
4935
4939
4950
4961
4963
4986
4987
4998
5005
5011
5012
5020
5038
5039
5045
5048
5056
5079
5085
5087
5091
5093
5107
5111
5115
5124
5129
5146
5152
5170
5180
5182
5186
5187
5198
5199
5205
5206
5208
5209
5210
5215
5217
5220
5222
5226
5230
5240
5249
5250
5254
5257
5262
5264
5265
5270
5271
5287
5291
5307
5313
5318
5322
5327
5329
5343
5360
5364
5372
5374
5384
5387
5390
5398
5399
5400
5405
5406
5407
5410
5421
5423
5424
5429
5430
5433
5435
5441
5447
5449
5451
5452
5455
5457
5458
5459
5460
5466
5468
5471
5477
5478
5481
5497
5503
5506
5507
5508
5516
5519
5521
5523
5530
5531
5537
5551
5555
5557
5561
5565
5566
5580
5591
5602
5604
5617
5624
5628
5635
5640
5660
5661
5665
5684
5690
5697
5705
5711
5714
5726
5741
5743
5744
5755
5761
5764
5766
5773
5783
5785
5797
5798
5804
5812
5815
5844
5855
5860
5864
5868
5872
5891
5913
5915
5959
5963
5972
5985
5991
6002
6008
6009
6012
6038
6039
6040
6052
6057
6060
6061
6062
6074
6082
6086
6100
6124
6154
6160
6169
6170
6193
6196
6203
6209
6211
6240
6241
6253
6296
6298
6301
6319
6329
6336
6345
6368
6381
6384
6399
6400
6433
6439
6454
6462
6463
6467
6475
6484
6512
6528
6542
6560
6564
6566
6591
6654
6666
6669
6703
6706
6713
6730
6732
6742
6771
6772
6775
6824
6825
6827
6832
6861
6863
6870
6917
6944
6946
6949
6955
6985
7002
7012
7013
7016
7029
7032
7040
7069
7076
7102
7110
7115
7143
7154
7157
7159
7177
7180
7191
7196
7215
7240
7249
7253
7258
7259
7271
7273
7276
7280
7286
7289
7298
7301
7302
7318
7319
7335
7358
7373
7393
7396
7404
7408
7417
7423
7427
7433
7438
7463
7482
7487
7489
7493
7497
7513
7520
7525
7539
7540
7541
7559
7574
7576
7580
7583
7584
7585
7587
7591
7597
7598
7599
7602
7621
7633
7649
7652
7658
7689
7697
7702
7721
7722
7727
7740
7743
7744
7793
7795
7806
7808
7839
7886
7888
7892
7921
7931
7942
7975
7986
7990
7996
8003
8019
8020
8026
8034
8039
8046
8066
8074
8098
8103
8105
8112
8114
8120
8124
8126
8128
8129
8131
8145
8147
8150
8152
8187
8193
8205
8214
8225
8241
8249
8252
8257
8267
8271
8274
8282
8285
8291
8309
8310
8325
8334
8338
8350
8351
8361
8362
8376
8382
8390
8398
8406
8420
8423
8432
8472
8474
8475
8478
8489
8516
8530
8559
8564
8576
8586
8595
8599
8602
8618
8620
8623
8629
8637
8650
8675
8686
8705
8720
8750
8752
8753
8775
8780
8781
8796
8818
8834
8841
8844
8854
8857
8863
8880
8883
8885
8898
8901
8909
8917
8925
8972
8974
8994
9000
9017
9020
9042
9045
9049
9055
9060
9068
9074
9098
9106
9116
9125
9128
9132
9136
9138
9153
9158
9160
9170
9173
9187
9196
9198
9201
9204
9205
9210
9215
9226
9236
9244
9260
9271
9274
9278
9285
9287
9289
9296
9304
9313
9316
9324
9326
9328
9331
9336
9339
9351
9364
9367
9375
9381
9393
9405
9416
9417
9431
9437
9449
9468
9475
9489
9512
9513
9514
9518
9520
9533
9536
9560
9564
9592
9597
9602
9609
9611
9623
9624
9627
9633
9655
9663
9664
9667
9671
9675
9680
9689
9690
9695
9706
9707
9719
9732
9737
9747
9760
9764
9770
9772
9776
9777
9791
9795
9797
9799
9801
9813
9825
9829
9840
9841
9843
9851
9867
9869
9874
9879
9887
9888
9894
9900
9902
9915
9917
9921
9932
9937
9938
9940
9946
9948
9949
9955
9962
9968
9969
9978
9979
9981
9984
9993
10019
10021
10024
10030
10035
10039
10043
10047
10050
10063
10079
10087
10088
10096
10101
10107
10112
10122
10125
10139
10152
10154
10162
10166
10170
10174
10177
10179
10181
10182
10192
10193
10194
10216
10236
10245
10247
10250
10263
10278
10282
10284
10286
10289
10296
10300
10305
10307
10309
10312
10313
10315
10321
10322
10324
10334
10343
10344
10347
10349
10358
10359
10369
10371
10375
10386
10390
10391
10395
10415
10420
10426
10428
10432
10437
10441
10448
10450
10455
10462
10466
10472
10476
10478
10493
10495
10497
10506
10516
10517
10519
10521
10524
10530
10533
10538
10540
10543
10544
10555
10557
10558
10560
10571
10574
10578
10585
10588
10598
10602
10608
10610
10613
10616
10624
10626
10627
10629
10636
10639
10641
10643
10644
10647
10648
10649
10650
10652
10654
10680
10683
10688
10694
10701
10702
10705
10708
10716
10721
10730
10760
10765
10773
10781
10783
10784
10789
10804
10809
10816
10821
10822
10829
10845
10848
10857
10868
10869
10876
10881
10886
10888
10889
10917
10918
10920
10922
10929
10965
10980
10981
10993
10994
11012
11018
11026
11031
11034
11037
11038
11043
11063
11073
11081
11087
11090
11095
11121
11125
11131
11134
11143
11144
11145
11151
11158
11159
11161
11167
11171
11174
11177
11186
11188
11191
11195
11208
11212
11248
11258
11261
11273
11274
11275
11277
11285
11289
11294
11307
11312
11327
11340
11341
11344
11361
11378
11384
11390
11395
11402
11419
11428
11484
11493
11516
11517
11518
11526
11556
11565
11595
11597
11610
11654
11699
11711
11724
11838
11843
11859
11892
11894
11902
11905
11909
11934
11937
11942
11943
11957
11985
11986
11992
12007
12036
12040
12044
12052
12053
12068
12072
12074
12076
12081
12089
12092
12093
12095
12100
12102
12110
12123
12124
12127
12131
12133
12141
12150
12156
12171
12175
12179
12184
12190
12207
12209
12212
12234
12238
12244
12251
12252
12261
12263
12266
12268
12270
12271
12272
12285
12289
12290
12293
12295
12297
12300
12322
12326
12342
12371
12375
12383
12391
12395
12411
12414
12416
12439
12441
12473
12475
12479
12484
12485
12492
12495
12497
12498
12501
12504
12506
12529
12548
12551
12564
12577
12590
12595
12605
12612
12614
12625
12628
12632
12634
12651
12652
12658
12664
12671
12673
12676
12690
12691
12693
12702
12720
12735
12737
12742
12752
12753
12755
12756
12757
12758
12763
12785
12797
12806
12816
12822
12826
12827
12833
12843
12881
12891
12896
12905
12914
12926
12935
12947
12948
12966
12992
12994
13008
13009
13010
13016
13032
13040
13050
13051
13061
13062
13069
13071
13078
13082
13087
13095
13102
13131
13156
13163
13169
13193
13199
13200
13204
13232
13240
13243
13250
13254
13260
13266
13281
13282
13291
13303
13304
13307
13313
13328
13331
13349
13352
13353
13354
13355
13357
13363
13366
13370
13375
13384
13398
13409
13457
13534
13550
13555
13570
13583
13586
13598
13599
13614
13633
13636
13639
13645
13654
13657
13696
13716
13721
13723
13727
13737
13747
13754
13755
13759
13764
13766
13777
13779
13789
13796
13803
13814
13826
13831
13846
13858
13861
13867
13889
13915
13917
13925
13928
13933
13949
13955
13964
13980
13985
14006
14019
14051
14055
14059
14085
14098
14103
14121
14125
14127
14150
14160
14175
14176
14180
14182
14214
14215
14243
14255
14270
14290
14359
14370
14396
14402
14408
14409
14417
14426
14428
14429
14433
14439
14449
14465
14474
14481
14496
14497
14503
14508
14509
14517
14528
14533
14537
14575
14589
14600
14618
14622
14635
14649
14681
14682
14691
14703
14715
14729
14744
14760
14765
14778
14785
14803
14813
14830
14832
14852
14878
14879
14896
14908
14909
14914
14916
14917
14937
14964
14967
15023
15038
15054
15064
15069
15071
15078
15128
15144
15152
15180
15190
15195
15196
15199
15207
15212
15214
15229
15230
15237
15247
15270
15282
15296
15297
15298
15313
15350
15352
15354
15388
15390
15403
15404
15427
15441
15449
15453
15458
15498
15499
15501
15604
15614
15616
15638
15648
15664
15673
15674
15735
15741
15754
15755
15766
15768
15773
15816
15818
15839
15841
15846
15863
15870
15872
15873
15897
15918
15948
15977
15979
16009
16020
16033
16037
16041
16068
16079
16091
16149
16150
16160
16168
16170
16198
16207
16213
16250
16257
16273
16274
16282
16321
16324
16332
16334
16362
16367
16390
16392
16393
16431
16478
16489
16490
16505
16522
16526
16532
16539
16541
16563
16603
16612
16616
16652
16666
16688
16706
16742
16746
16768
16770
16777
16798
16815
16836
16855
16874
16889
16891
16893
16900
16909
16913
16920
16930
16940
16941
16942
16945
16950
16951
16959
16968
16969
16971
16989
17000
17001
17006
17010
17017
17024
17064
17065
17069
17072
17074
17088
17108
17111
17117
17120
17129
17135
17150
17155
17165
17166
17193
17204
17208
17222
17235
17239
17249
17274
17284
17289
17293
17299
17302
17307
17309
17318
17320
17340
17356
17362
17368
17375
17379
17403
17415
17426
17444
17458
17463
17480
17502
17513
17519
17524
17526
17528
17535
17549
17550
17553
17557
17563
17573
17574
17592
17627
17642
17661
17710
17714
17731
17744
17754
17788
17797
17806
17809
17820
17831
17884
17910
17932
17944
17958
17972
17989
17995
17998
18001
18024
18059
18066
18090
18113
18117
18124
18127
18151
18175
18197
18208
18209
18221
18222
18223
18236
18242
18248
18260
18264
18276
18292
18296
18300
18318
18343
18346
18353
18401
18412
18423
18427
18437
18480
18488
18489
18523
18537
18547
18555
18573
18582
18585
18590
18592
18610
18614
18648
18658
18681
18713
18760
18768
18771
18789
18794
18799
18805
18862
18879
18895
18934
18953
18960
18967
18971
18982
18986
18999
19006
19007
19011
19014
19016
19020
19035
19052
19065
19073
19091
19112
19127
19129
19153
19164
19173
19181
19203
19221
19249
19252
19257
19259
19267
19298
19332
19334
19359
19366
19394
19397
19402
19414
19418
19424
19443
19445
19448
19452
19461
19464
19482
19488
19501
19534
19535
19543
19544
19546
19573
19575
19579
19587
19600
19604
19618
19631
19646
19660
19665
19670
19676
19682
19730
19733
19737
19745
19750
19758
19761
19766
19772
19807
19824
19835
19885
19893
19905
19911
19912
19934
19945
20024
20048
20049
20060
20066
20111
20165
20175
20184
20190
20231
20256
20265
20294
20297
20323
20324
20334
20351
20355
20368
20371
20401
20424
20431
20486
20493
20562
20565
20587
20590
20614
20633
20657
20669
20675
20700
20730
20740
20752
20759
20773
20788
20794
20800
20808
20813
20834
20841
20852
20857
20858
20872
20883
20896
20911
20916
20920
20924
20954
20958
20959
21011
21018
21021
21027
21048
21082
21089
21091
21115
21129
21137
21146
21148
21152
21180
21200
21205
21210
21218
21225
21227
21236
21237
21240
21249
21259
21282
21284
21291
21294
21297
21315
21317
21329
21331
21342
21351
21370
21382
21385
21392
21405
21416
21420
21436
21438
21440
21446
21452
21459
21484
21494
21519
21528
21543
21559
21583
21585
21586
21598
21604
21634
21643
21645
21646
21659
21663
21690
21694
21713
21723
21735
21741
21752
21797
21798
21811
21822
21840
21850
21860
21877
21897
21908
21911
21926
21935
21951
21956
21972
22028
22030
22038
22042
22044
22123
22170
22205
22257
22259
22267
22280
22314
22318
22323
22328
22338
22437
22468
22493
22536
22539
22576
22590
22610
22626
22634
22664
22711
22715
22736
22738
22740
22756
22765
22770
22784
22789
22791
22793
22799
22803
22806
22873
22892
22899
22909
22911
22920
22940
22966
22981
22984
23003
23004
23005
23012
23015
23017
23020
23027
23037
23048
23064
23074
23090
23098
23102
23104
23163
23164
23182
23186
23210
23212
23223
23251
23253
23258
23273
23281
23293
23301
23304
23306
23330
23347
23366
23379
23391
23419
23433
23434
23437
23465
23513
23539
23544
23550
23565
23575
23578
23584
23621
23625
23628
23637
23668
23677
23690
23705
23715
23719
23722
23742
23747
23754
23757
23776
23783
23785
23843
23852
23857
23882
23892
23902
23911
23930
23944
23946
23954
23958
23964
23992
23998
23999
24021
24028
24034
24051
24053
24070
24079
24086
24088
24090
24098
24113
24131
24138
24139
24151
24154
24159
24176
24180
24181
24182
24191
24200
24206
24209
24213
24237
24245
24273
24284
24288
24326
24355
24364
24409
24420
24422
24447
24467
24493
24513
24516
24534
24544
24553
24561
24583
24584
24589
24609
24618
24625
24634
24661
24662
24663
24672
24673
24684
24686
24712
24713
24738
24746
24790
24812
24839
24896
24899
24919
24926
24939
24944
24963
25002
25017
25020
25025
25030
25042
25045
25047
25049
25066
25081
25105
25207
25211
25228
25231
25259
25276
25280
25323
25337
25340
25342
25375
25386
25388
25398
25399
25421
25437
25440
25447
25451
25469
25474
25510
25548
25561
25566
25578
25580
25600
25604
25630
25631
25664
25678
25680
25690
25692
25711
25746
25747
25758
25781
25793
25813
25847
25855
25871
25875
25890
25899
25921
25922
25926
25957
25969
25973
26002
26030
26047
26091
26109
26120
26132
26146
26159
26175
26176
26187
26192
26195
26197
26206
26229
26245
26252
26255
26257
26260
26263
26272
26278
26317
26318
26323
26342
26366
26371
26374
26375
26394
26404
26424
26429
26451
26454
26471
26472
26516
26527
26553
26569
26581
26584
26590
26594
26600
26602
26607
26610
26613
26620
26624
26625
26633
26644
26647
26673
26679
26692
26711
26712
26713
26734
26737
26741
26744
26750
26759
26760
26770
26784
26798
26801
26811
26817
26834
26848
26856
26880
26895
26905
26922
26928
26931
26940
26955
26964
26982
26987
26992
27028
27031
27046
27048
27054
27056
27063
27068
27070
27080
27123
27125
27135
27143
27149
27173
27198
27202
27204
27218
27223
27226
27269
27273
27275
27280
27290
27299
27301
27320
27322
27329
27353
27376
27405
27412
27437
27441
27444
27453
27462
27470
27472
27481
27486
27489
27502
27503
27510
27517
27520
27521
27527
27536
27548
27557
27562
27563
27564
27585
27586
27590
27592
27596
27614
27630
27631
27633
27635
27640
27643
27653
27654
27658
27659
27667
27677
27679
27682
27688
27696
27699
27708
27709
27719
27724
27729
27746
27756
27768
27791
27797
27811
27812
27814
27816
27830
27847
27853
27888
27889
27890
27898
27905
27907
27915
27923
27925
27927
27943
27951
27980
27992
28001
28079
28113
28117
28132
28145
28152
28166
28188
28193
28215
28219
28241
28271
28276
28290
28301
28340
28353
28366
28385
28401
28409
28427
28456
28484
28492
28524
28526
28535
28539
28581
28605
28608
28625
28627
28634
28652
28655
28656
28674
28682
28719
28728
28743
28748
28794
28807
28812
28826
