59803
59814
59818
59829
59831
59832
59839
59848
59893
59899
59916
59926
59927
59938
59943
59944
59951
59965
59977
59999
60018
60042
60055
60064
60065
60067
60069
60072
60074
60085
60087
60091
60092
60097
60109
60112
60159
60211
60215
60221
60230
60237
60268
60277
60282
60293
60300
60311
60342
60348
60402
60408
60415
60419
60420
60425
60437
60455
60473
60523
60544
60550
60556
60560
60562
60564
60570
60576
60585
60603
60608
60609
60610
60624
60633
60646
60648
60649
60686
60687
60691
60698
60713
60723
60725
60767
60776
60785
60789
60792
60793
60796
60801
60821
60833
60850
60862
60873
60886
60887
60928
60932
60942
60964
60978
60987
61001
61020
61024
61067
61078
61083
61103
61104
61160
61161
61173
61179
61182
61205
61215
61227
61235
61242
61249
61258
61272
61295
61320
61322
61327
61331
61350
61357
61361
61386
61393
61397
61400
61401
61404
61405
61408
61414
61422
61433
61435
61438
61440
61444
61445
61447
61448
61449
61453
61461
61466
61468
61475
61478
61481
61517
61522
61532
61546
61547
61558
61580
61598
61605
61608
61610
61634
61635
61636
61652
61656
61689
61723
61726
61756
61822
61829
61849
61853
61854
61888
61891
61892
61910
61913
61918
61942
61954
61976
61998
62017
62033
62065
62075
62081
62110
62120
62123
62124
62157
62160
62176
62197
62199
62204
62220
62225
62236
62253
62286
62288
62290
62295
62312
62319
62342
62358
62375
62380
62381
62382
62392
62398
62401
62408
62416
62426
62430
62431
62439
62454
62456
62461
62469
62475
62476
62477
62509
62517
62519
62520
62530
62534
62545
62551
62557
62575
62578
62584
62585
62586
62591
62626
62635
62659
62671
62685
62728
62747
62768
62800
62820
62821
62868
62872
62922
62926
62927
62932
62945
62946
62958
62965
62974
62990
63006
63012
63015
63037
63057
63066
63082
63087
63089
63095
63122
63135
63164
63203
63206
63217
63226
63231
63280
63328
63341
63354
63388
63400
63403
63418
63419
63438
63468
63492
63499
63505
63506
63516
63518
63520
63523
63545
63547
63548
63558
63565
63566
63572
63595
63606
63642
63649
63663
63666
63671
63676
63683
63712
63714
63741
63768
63804
63806
63824
63843
63864
63867
63875
63878
63888
63910
63928
63951
63957
64009
64010
64029
64032
64037
64038
64054
64089
64114
64119
64124
64128
64133
64136
64139
64146
64167
64191
64193
64194
64210
64212
64214
64220
64234
64245
64252
64259
64265
64267
64268
64272
64278
64284
64287
64292
64304
64305
64318
64320
64332
64345
64352
64355
64361
64366
64372
64374
64378
64383
64386
64388
64391
64397
64404
64408
64409
64411
64439
64461
64467
64470
64475
64492
64499
64503
64505
64507
64509
64511
64524
64542
64544
64555
64557
64558
64565
64572
64575
64582
64592
64604
64607
64610
64614
64615
64616
64617
64620
64628
64634
64635
64636
64654
64696
64705
64707
64730
64736
64738
64742
64743
64757
64764
64767
64770
64775
64793
64799
64824
64825
64826
64830
64833
64836
64838
64839
64841
64852
64854
64860
64893
64913
64925
64932
64945
64949
64950
64962
64998
65003
65006
65039
65051
65090
65095
65111
65114
65119
65120
65121
65124
65126
65140
65174
65184
65185
65194
65206
65222
65229
65232
65257
65269
65279
65288
65293
65297
65305
65306
65309
65323
65379
65419
65435
65480
65507
65509
65523
65564
65605
65651
65655
65664
65677
65680
65681
65683
65684
65686
65687
65693
65700
65702
65704
65708
65710
65722
65739
65752
65765
65766
65773
65776
65785
65793
65794
65804
65809
65828
65839
65856
65863
65918
65925
65940
65968
65993
66013
66026
66030
66032
66041
66047
66052
66053
66054
66055
66059
66066
66085
66089
66101
66104
66105
66106
66111
66116
66149
66153
66170
66176
66178
66182
66183
66190
66210
66224
66232
66238
66240
66247
66248
66249
66254
66255
66261
66262
66268
66269
66283
66288
66291
66296
66305
66311
66312
66315
66319
66324
66328
66329
66332
66333
66341
66348
66352
66353
66361
66368
66369
66372
66375
66377
66382
66402
66403
66407
66409
66410
66417
66422
66436
66438
66447
66453
66456
66457
66460
66469
66476
66479
66480
66481
66496
66497
66498
66500
66501
66502
66505
66506
66507
66513
66521
66524
66534
66536
66540
66541
66546
66549
66550
66566
66573
66594
66595
66601
66602
66604
66606
66610
66613
66634
66638
66644
66657
66681
66683
66684
66703
66712
66720
66734
66743
66746
66756
66769
66772
66775
66777
66780
66782
66788
66790
66800
66813
66818
66822
66826
66850
66895
66912
66918
66930
66933
66934
66948
66967
66973
66981
66985
66986
66989
66998
67013
67026
67030
67036
67043
67056
67082
67086
67099
67102
67107
67124
67130
67134
67145
67157
67161
67162
67163
67165
67171
67176
67201
67249
67252
67266
67269
67272
67298
67309
67313
67321
67351
67352
67375
67392
67416
67452
67487
67500
67558
67566
67573
67575
67578
67585
67594
67608
67624
67676
67685
67686
67703
67710
67717
67723
67728
67746
67751
67770
67774
67775
67777
67781
67785
67795
67812
67837
67845
67853
67854
67862
67865
67878
67886
67887
67888
67900
67906
67914
67919
67933
67938
67939
67944
67959
67975
67981
67982
67987
67988
67992
67997
67998
68008
68013
68014
68021
68025
68028
68030
68078
68088
68090
68096
68098
68105
68121
68124
68126
68156
68158
68185
68186
68213
68223
68239
68240
68250
68257
68261
68269
68306
68312
68316
68336
68397
68410
68415
68424
68426
68445
68489
68498
68501
68502
68506
68525
68539
68547
68548
68567
68574
68648
68672
68673
68676
68690
68716
68788
68822
68827
68834
68859
68892
68917
68921
68964
68984
68993
68999
69014
69038
69055
69064
69091
69096
69107
69122
69123
69124
69135
69155
69165
69166
69178
69179
69224
69225
69244
69269
69275
69282
69292
69310
69315
69317
69327
69332
69354
69364
69369
69381
69384
69388
69399
69409
69412
69426
69452
69493
69498
69536
69538
69546
69591
69599
69600
69602
69649
69678
69699
69732
69748
69761
69780
69797
69807
69854
69863
69866
69887
69918
69930
69960
69965
69974
70012
70019
70029
70030
70038
70048
70057
70058
70062
70063
70106
70135
70136
70140
70157
70192
70217
70236
70244
70255
70270
70276
70277
70291
70292
70295
70306
70366
70378
70401
70406
70422
70423
70454
70459
70482
70483
70494
70496
70508
70509
70533
70563
70564
70566
70592
70603
70616
70623
70624
70630
70633
70636
70640
70648
70658
70660
70709
70711
70763
70764
70799
70808
70843
70856
70858
70866
70875
70884
70919
70924
70937
70940
70942
70963
70965
70974
70976
70978
70984
71003
71009
71013
71026
71029
71045
71049
71052
71068
71081
71088
71093
71100
71103
71112
71126
71129
71130
71131
71158
71162
71172
71182
71206
71210
71241
71243
71244
71255
71274
71287
71294
71299
71304
71333
71338
71342
71344
71362
71375
71386
71388
71395
71409
71422
71427
71429
71436
71452
71453
71457
71461
71478
71487
71500
71505
71531
71532
71533
71539
71548
71563
71574
71577
71585
71588
71609
71620
71628
71635
71638
71639
71648
71667
71677
71680
71685
71704
71713
71722
71731
71734
71759
71762
71763
71772
71779
71800
71821
71826
71836
71844
71845
71849
71851
71855
71856
71869
71876
71894
71906
71911
71918
71920
71954
71965
71988
71994
71997
72032
72043
72045
72059
72071
72103
72119
72122
72124
72131
72135
72138
72143
72151
72152
72154
72155
72159
72177
72190
72194
72204
72227
72236
72240
72241
72256
72271
72272
72277
72278
72289
72290
72299
72312
72314
72316
72318
72353
72370
72380
72384
72388
72399
72426
72434
72456
72474
72477
72482
72492
72525
72563
72565
72610
72622
72645
72651
72654
72669
72678
72691
72692
72694
72695
72698
72701
72704
72705
72712
72720
72739
72746
72758
72788
72811
72812
72818
72833
72839
72858
72866
72867
72878
72884
72890
72907
72910
72945
72946
72955
72978
72995
73011
73017
73045
73057
73063
73065
73067
73090
73091
73106
73116
73125
73132
73137
73147
73158
73177
73186
73193
73198
73200
73204
73209
73264
73270
73276
73284
73294
73318
73334
73352
73380
73386
73402
73420
73428
73443
73449
73475
73548
73551
73560
73585
73599
73602
73639
73648
73660
73702
73734
73740
73741
73749
73826
73828
73838
73848
73855
73868
73872
73875
73882
73905
73911
73919
73923
73970
73979
73982
73992
73999
74031
74034
74087
74120
74131
74134
74147
74165
74166
74174
74199
74218
74250
74262
74300
74321
74328
74358
74359
74372
74380
74392
74399
74404
74410
74423
74436
74443
74460
74463
74479
74501
74507
74528
74541
74550
74557
74564
74568
74612
74614
74616
74620
74656
74661
74664
74666
74670
74711
74718
74730
74731
74778
74790
74805
74810
74837
74855
74872
74881
74884
74885
74931
74946
74994
75022
75024
75081
75084
75091
75094
75116
75125
75157
75169
75174
75190
75194
75225
75229
75235
75239
75242
75277
75287
75291
75293
75299
75303
75361
75374
75390
75434
75458
75485
75512
75515
75518
75542
75546
75556
75561
75587
75609
75613
75617
75621
75626
75634
75663
75672
75681
75682
75685
75715
75736
75745
75763
75765
75767
75768
75779
75780
75783
75786
75788
75793
75796
75809
75815
75817
75825
75830
75834
75835
75862
75863
75869
75875
75877
75897
75908
75922
75942
75959
75960
75972
75976
75995
76008
76017
76018
76027
76031
76058
76060
76065
76117
76180
76183
76191
76192
76207
76215
76229
76231
76237
76247
76251
76254
76273
76274
76277
76285
76288
76291
76300
76301
76304
76323
76338
76362
76392
76394
76395
76415
76417
76436
76441
76449
76457
76458
76469
76470
76522
76529
76558
76562
76568
76570
76612
76621
76637
76654
76682
76685
76691
76709
76759
76773
76778
76794
76831
76846
76859
76876
76885
76900
76917
76920
76931
76940
76960
76980
76985
76987
76996
77004
77029
77058
77080
77086
77136
77138
77145
77155
77157
77168
77183
77198
77212
77223
77231
77241
77259
77296
77316
77350
77355
77361
77366
77375
77388
77396
77399
77418
77422
77429
77458
77472
77496
77508
77525
77526
77572
77576
77583
77589
77598
77600
77609
77615
77650
77653
77678
77679
77709
77758
77768
77798
77803
77812
77815
77830
77834
77844
77853
77869
77880
77900
77901
77947
77956
77987
77996
78003
78016
78025
78069
78077
78098
78102
78107
78112
78118
78139
78141
78142
78144
78165
78178
78203
78213
78220
78249
78255
78272
78274
78276
78281
78305
78325
78377
78382
78388
78398
78402
78419
78434
78448
78471
78478
78481
78482
78483
78485
78494
78496
78531
78542
78544
78552
78563
78590
78615
78631
78650
78656
78662
78668
78680
78683
78703
78713
78718
78722
78763
78793
78822
78835
78870
78889
78924
78930
78984
78989
78995
79034
79087
79093
79096
79120
79122
79123
79126
79144
79163
79168
79183
79187
79194
79199
79211
79233
79236
79240
79248
79254
79270
79276
79308
79314
79356
79362
79365
79428
79441
79451
79452
79462
79465
79466
79471
79472
79475
79484
79491
79499
79516
79519
79530
79552
79553
79571
79575
79581
79582
79587
79594
79602
79624
79629
79633
79653
79667
79682
79690
79696
79704
79718
79723
79725
79741
79779
79785
79870
79896
79900
79918
79921
79939
79953
79955
79961
79966
79972
79984
79994
80008
80014
80023
80026
80077
80094
80100
80105
80120
80125
80143
80162
80200
80202
80208
80219
80252
80270
80273
80278
80279
80291
80307
80519
80523
80528
80534
80579
80605
80630
80649
80661
80672
80692
80725
80727
80805
80838
80884
80897
80914
80925
80959
81004
81039
81040
81042
81046
81048
81054
81083
81113
81149
81178
81179
81207
81242
81250
81262
81282
81288
81304
81308
81312
81327
81339
81340
81348
81358
81371
81376
81379
81380
81396
81406
81412
81473
81481
81483
81503
81518
81532
81539
81547
81558
81568
81570
81589
81594
81596
81597
81603
81604
81626
81638
81642
81663
81675
81677
81684
81686
81692
81698
81703
81704
81726
81742
81748
81756
81757
81762
81784
81785
81789
81801
81812
81813
81845
81900
81931
81942
81946
81979
81983
81985
82028
82035
82067
82068
82088
82089
82102
82119
82121
82122
82124
82131
82145
82177
82189
82198
82252
82261
82288
82291
82297
82299
82310
82318
82325
82331
82342
82345
82366
82377
82381
82384
82385
82426
82457
82474
82489
82492
82500
82513
82519
82524
82572
82578
82586
82604
82608
82617
82664
82679
82680
82684
82710
82730
82737
82775
82811
82822
82831
82844
82879
82893
82894
82905
82914
82937
82950
82952
82958
82965
82978
82984
83031
83055
83064
83073
83085
83088
83091
83102
83114
83127
83141
83143
83145
83152
83186
83213
83222
83227
83229
83238
83239
83252
83259
83274
83285
83313
83335
83339
83353
83356
83381
83441
83446
83493
83521
83540
83551
83554
83559
83590
83611
83728
83765
83779
83783
83786
83818
83862
83878
83879
83893
83910
83911
83926
83933
83939
83942
83944
83970
83971
83972
83978
83992
84005
84024
84044
84046
84049
84063
84082
84103
84127
84129
84133
84148
84149
84152
84161
84166
84182
84184
84186
84200
84206
84210
84228
84249
84286
84307
84312
84322
84323
84336
84348
84357
84367
84375
84385
84396
84403
84405
84410
84411
84439
84441
84451
84460
84478
84491
84508
84513
84528
84553
84585
84599
84616
84647
84655
84656
84673
84681
84686
84688
84693
84697
84719
84748
84753
84758
84771
84780
84787
84789
84795
84796
84797
84802
84805
84829
84836
84839
84852
84870
84873
84877
84888
84901
84961
84977
84980
85013
85019
85029
85032
85044
85068
85072
85075
85076
85081
85082
85120
85142
85191
85209
85231
85282
85287
85314
85336
85343
85345
85360
85370
85372
85378
85428
85442
85449
85463
85465
85478
85479
85504
85526
85537
85551
85556
85560
85574
85579
85602
85617
85619
85657
85672
85674
85690
85691
85699
85712
85727
85732
85735
85749
85775
85813
85856
85861
85871
85882
85908
85927
85931
85943
85966
85996
86024
86034
86037
86048
86053
86059
86072
86102
86136
86147
86158
86175
86206
86210
86218
86222
86230
86266
86269
86296
86297
86303
86306
86313
86328
86345
86386
86396
86402
86403
86407
86409
86410
86411
86428
86432
86449
86469
86475
86485
86486
86489
86537
86553
86568
86603
86618
86633
86655
86666
86667
86671
86696
86707
86733
86740
86751
86767
86776
86805
86812
86834
86853
86858
86891
86905
86919
86924
86926
86935
86937
86945
86947
86989
86993
87048
87049
87055
87105
87125
87134
87161
87169
87170
87171
87177
87187
87207
87222
87238
87241
87270
87281
87330
87344
87348
87358
87365
87375
87377
87386
87393
87399
87472
87485
87506
87514
87521
87538
87548
87566
87575
87579
87596
87606
87607
87654
87658
87660
87670
87683
87733
87744
87757
87776
87781
87790
87803
87806
87818
87824
87829
87847
87863
87874
87912
87937
87938
87949
87951
87992
88001
88004
88015
88022
88061
88070
88102
88147
88151
88155
88191
88210
88221
88238
88257
88271
88285
88286
88292
88309
88316
88321
88342
88345
88349
88362
88372
88379
88396
88433
88445
88454
88457
88461
88463
88465
88510
88536
88574
88584
88603
88620
88626
88651
88656
88692
88711
88716
88718
88729
88745
88753
88766
88796
88821
88829
88830
88842
88879
88900
88929
88950
88965
88969
88981
89000
89007
89014
89024
89030
89035
89072
89080
89120
89125
89177
89179
89184
89237
89247
89275
89276
89284
89295
89306
89319
89333
89338
89370
89373
89417
89423
89425
89459
89469
89490
89505
89506
89593
89604
89605
89622
89679
89680
89697
89700
89737
89742
89766
89777
89780
89785
89803
89809
89814
89832
89868
89888
89897
89903
89941
89942
89986
89999
90007
90016
90051
90058
90061
90066
90072
90076
90111
90126
90127
90139
90174
90184
90196
90206
90233
90243
90271
90276
90280
90300
90313
90317
90335
90354
90372
90383
90388
90395
90460
90483
90495
90513
90524
90525
90581
90612
90631
90638
90649
90655
90666
90685
90687
90707
90727
90729
90735
90737
90739
90744
90757
90765
90771
90779
90790
90796
90804
90811
90812
90825
90833
90834
90836
90850
90852
90865
90869
90878
90892
90900
90903
90905
90925
90928
90936
90960
90966
90994
90998
91008
91011
91032
91034
91040
91043
91044
91054
91060
91074
91075
91090
91092
91095
91097
91098
91109
91114
91115
91119
91125
91132
91140
91144
91148
91155
91159
91161
91169
91171
91174
91175
91177
91187
91191
91196
91199
91223
91225
91229
91230
91240
91249
91260
91266
91271
91272
91287
91316
91317
91318
91322
91330
91331
91348
91353
91354
91361
91373
91374
91378
91387
91395
91402
91409
91422
91431
91442
91448
91452
91454
91494
91495
91504
91511
91516
91524
91531
91533
91538
91552
91560
91567
91571
91572
