15
17
72
114
156
158
198
208
364
370
382
384
474
528
546
590
597
635
639
793
839
850
875
887
888
926
941
984
995
1003
1038
1040
1054
1057
1063
1071
1073
1088
1101
1122
1146
1165
1187
1190
1196
1205
1212
1218
1222
1233
1236
1250
1251
1260
1270
1278
1312
1337
1338
1346
1371
1406
1460
1475
1499
1555
1561
1573
1598
1651
1696
1699
1701
1716
1740
1802
1823
1863
1894
1906
1928
1946
2019
2033
2073
2112
2125
2224
2227
2261
2278
2288
2314
2422
2456
2483
2496
2539
2616
2628
2682
2725
2731
2819
2851
2969
3023
3078
3120
3225
3235
3236
3261
3325
3404
3405
3422
3450
3453
3493
3568
3569
3581
3651
3660
3669
3695
3711
3722
3752
3795
3813
3823
3870
3904
3929
4190
4283
4438
4475
4526
4553
4574
4578
4730
4788
4840
4846
4848
4883
4915
4924
4956
5032
5035
5037
5046
5096
5126
5132
5147
5179
5204
5275
5285
5315
5317
5333
5350
5368
5411
5533
5552
5594
5612
5633
5700
5751
5786
5795
5821
5851
5861
5867
5892
5914
5976
5989
6007
6068
6107
6136
6147
6182
6254
6258
6280
6304
6328
6341
6362
6380
6430
6464
6551
6558
6608
6613
6622
6652
6653
6671
6721
6766
6807
6842
7034
7036
7057
7064
7217
7296
7310
7311
7333
7356
7442
7462
7485
7505
7515
7521
7530
7532
7546
7577
7695
7728
7731
7758
7811
7815
7830
7837
7843
7848
7862
7876
7927
7939
8029
8037
8041
8059
8070
8078
8087
8093
8258
8287
8300
8302
8348
8356
8363
8401
8416
8433
8446
8451
8455
8511
8521
8539
8560
8583
8589
8597
8671
8683
8711
8718
8740
8748
8795
8816
8820
8830
8833
8837
8848
8852
8933
8944
8946
8953
8958
8963
8975
8989
8996
9014
9023
9030
9034
9035
9147
9164
9172
9192
9194
9212
9222
9237
9305
9315
9329
9330
9390
9397
9407
9424
9457
9479
9492
9509
9549
9562
9565
9679
9723
9804
9920
9947
9960
9970
9972
9988
10124
10233
10301
10412
10459
10572
10635
10720
10723
10771
10774
10777
10780
10792
10806
10811
10825
10884
10890
10909
10944
11006
11017
11025
11050
11055
11070
11088
11099
11148
11176
11190
11211
11224
11228
11268
11276
11282
11343
11448
11501
11589
11609
11635
11638
11675
11846
11884
11903
11914
11915
11918
12017
12042
12105
12365
12376
12388
12419
12425
12430
12472
12487
12538
12553
12723
12731
12888
12919
13002
13037
13067
13089
13130
13138
13150
13160
13162
13179
13194
13235
13299
13329
13332
13336
13344
13367
13379
13400
13415
13437
13464
13483
13520
13600
13662
13676
13705
13773
13808
13809
13891
13935
13939
13947
13978
14131
14258
14317
14327
14350
14446
14713
14768
14792
14818
14831
14935
14994
15060
15072
15148
15155
15181
15250
15294
15307
15327
15360
15366
15421
15424
15460
15571
15581
15670
15772
15797
15799
15831
15834
15844
15861
15894
15896
15905
15906
15910
15931
15941
15956
15998
16004
16015
16019
16027
16042
16051
16053
16118
16129
16229
16232
16277
16326
16344
16356
16364
16560
16594
16622
16638
16642
16658
16738
16878
16902
16905
16937
16946
16961
16996
17053
17058
17103
17126
17161
17182
17229
17244
17269
17296
17427
17442
17461
17508
17515
17609
17632
17653
17659
17683
17736
17745
17774
17802
17988
18019
18030
18072
18203
18288
18308
18331
18351
18362
18370
18375
18396
18513
18526
18549
18554
18558
18650
18652
18667
18675
18676
18699
18723
18775
18832
18992
19022
19081
19166
19186
19238
19242
19278
19321
19350
19374
19396
19439
19494
19621
19645
19657
19715
19721
19753
19769
19781
19788
19864
19986
20002
20030
20087
20105
20222
20230
20239
20250
20268
20287
20290
20309
20333
20346
20439
20467
20576
20668
20682
20686
20710
20769
20771
20777
20798
20815
20822
20827
20853
20968
21023
21029
21038
21051
21074
21280
21303
21322
21350
21417
21481
21506
21539
21603
21746
21756
21952
22012
22068
22235
22275
22282
22291
22439
22587
22623
22665
22797
22847
22933
23053
23126
23162
23173
23205
23214
23224
23230
23248
23261
23315
23396
23444
23454
23525
23541
23571
23629
23769
23777
23779
23786
23845
23983
24042
24047
24072
24126
24158
24184
24225
24238
24283
24331
24353
24358
24381
24428
24435
24484
24494
24523
24529
24539
24550
24573
24594
24616
24660
24665
24669
24688
24726
24740
24763
24780
24811
24881
24918
24951
25023
25070
25103
25124
25203
25484
25588
25645
25654
25668
25706
25744
25884
26026
26038
26098
26117
26152
26199
26295
26372
26385
26478
26504
26821
26911
26951
27001
27044
27136
27209
27225
27256
27282
27286
27293
27294
27302
27311
27362
27404
27443
27461
27495
27532
27558
27568
27615
27649
27691
27717
27741
27754
27759
27772
27803
27846
27850
27865
27872
27892
27897
27922
27931
27945
27946
27989
27994
28037
28064
28100
28111
28138
28155
28160
28167
28205
28207
28228
28302
28311
28326
28376
28396
28407
28441
28464
28482
28489
28509
28516
28572
28580
28601
28606
28612
28704
28746
28763
28769
28781
28823
28827
28829
