3
4
7
8
16
18
20
21
22
25
31
35
38
40
43
45
49
57
63
67
69
70
89
90
92
97
101
102
111
116
119
122
125
126
131
132
134
136
137
143
145
155
167
171
172
174
177
178
179
180
184
188
190
192
193
194
200
201
207
212
221
226
227
228
229
235
239
241
243
245
247
248
253
255
258
261
262
267
270
271
283
286
294
300
302
303
307
313
315
324
327
329
331
332
345
346
350
353
356
357
359
366
372
381
383
386
389
391
393
402
417
420
422
426
428
430
433
437
438
447
452
459
462
463
464
472
476
484
486
500
502
504
511
512
513
518
520
521
523
532
550
554
564
565
568
574
575
576
584
594
605
611
623
626
627
629
634
641
646
651
656
658
660
663
664
672
678
680
686
687
697
699
702
715
718
719
726
727
730
737
740
742
746
766
771
773
774
784
791
797
804
818
821
823
826
840
843
847
849
851
856
861
877
880
883
885
893
908
909
910
912
913
914
923
925
927
932
938
943
948
951
953
954
959
963
966
968
971
973
978
980
983
1000
1002
1004
1006
1019
1022
1026
1027
1031
1032
1037
1041
1042
1044
1045
1046
1048
1053
1061
1065
1067
1070
1074
1076
1077
1079
1081
1083
1086
1094
1097
1102
1105
1106
1108
1109
1110
1120
1126
1127
1131
1134
1148
1156
1160
1162
1163
1166
1173
1176
1181
1184
1189
1199
1202
1203
1204
1213
1216
1217
1221
1224
1228
1232
1234
1240
1241
1248
1254
1263
1268
1269
1273
1274
1276
1285
1287
1291
1308
1310
1314
1315
1317
1320
1322
1324
1339
1344
1347
1348
1351
1358
1359
1360
1366
1368
1369
1372
1375
1376
1377
1378
1380
1381
1387
1390
1391
1394
1396
1400
1401
1405
1414
1415
1416
1419
1422
1425
1430
1435
1437
1447
1449
1453
1454
1455
1458
1476
1480
1495
1496
1497
1501
1514
1516
1521
1525
1532
1539
1542
1544
1552
1554
1559
1562
1566
1567
1568
1569
1570
1571
1574
1575
1579
1580
1583
1589
1592
1594
1595
1597
1600
1601
1602
1603
1605
1607
1609
1610
1619
1620
1621
1632
1641
1642
1643
1645
1647
1653
1655
1662
1668
1671
1672
1676
1678
1680
1681
1682
1683
1685
1688
1697
1698
1703
1704
1705
1708
1709
1714
1717
1719
1723
1728
1729
1730
1732
1733
1734
1738
1739
1743
1751
1755
1757
1760
1762
1763
1764
1765
1770
1771
1773
1774
1780
1781
1783
1784
1785
1789
1793
1794
1795
1800
1803
1805
1806
1808
1812
1813
1818
1821
1828
1831
1832
1834
1835
1836
1837
1838
1839
1841
1842
1849
1850
1853
1855
1858
1862
1864
1865
1870
1871
1875
1877
1880
1881
1882
1885
1887
1888
1889
1891
1892
1897
1901
1905
1907
1910
1915
1918
1920
1924
1926
1927
1939
1941
1942
1947
1951
1952
1957
1959
1960
1962
1966
1967
1968
1971
1978
1979
1981
1986
1987
1988
1993
1997
1999
2000
2001
2003
2004
2011
2012
2015
2017
2020
2022
2026
2027
2029
2034
2035
2036
2038
2044
2054
2055
2057
2058
2063
2066
2067
2068
2071
2074
2075
2078
2079
2080
2081
2083
2087
2089
2090
2091
2095
2096
2100
2102
2103
2111
2117
2118
2122
2123
2124
2127
2129
2134
2135
2136
2137
2138
2139
2142
2143
2145
2148
2151
2157
2159
2163
2164
2165
2169
2170
2172
2181
2182
2184
2188
2189
2190
2195
2196
2198
2201
2202
2209
2222
2223
2226
2232
2234
2236
2237
2239
2240
2242
2250
2251
2253
2262
2268
2269
2270
2273
2274
2275
2277
2282
2283
2284
2285
2286
2293
2294
2297
2299
2301
2302
2303
2304
2305
2306
2309
2311
2312
2313
2316
2317
2319
2320
2322
2324
2327
2328
2332
2335
2338
2341
2343
2345
2346
2347
2357
2358
2360
2361
2363
2364
2365
2366
2368
2371
2374
2375
2376
2381
2382
2384
2389
2390
2391
2395
2399
2400
2404
2405
2411
2415
2418
2420
2427
2428
2432
2435
2438
2439
2440
2442
2444
2447
2449
2454
2455
2461
2462
2465
2467
2470
2472
2476
2477
2479
2481
2482
2486
2494
2495
2497
2498
2501
2503
2504
2505
2506
2511
2515
2520
2521
2526
2529
2534
2536
2537
2538
2540
2542
2546
2548
2550
2551
2553
2559
2567
2568
2569
2576
2583
2584
2587
2588
2590
2593
2598
2599
2606
2607
2620
2622
2627
2629
2634
2639
2640
2644
2646
2647
2657
2658
2662
2665
2669
2670
2671
2674
2677
2683
2685
2690
2691
2694
2695
2699
2702
2703
2709
2710
2711
2712
2720
2721
2724
2727
2728
2729
2734
2735
2736
2738
2740
2743
2754
2759
2760
2762
2767
2769
2770
2776
2781
2782
2787
2788
2789
2793
2794
2795
2798
2802
2803
2814
2815
2816
2823
2826
2827
2831
2846
2848
2855
2856
2860
2865
2868
2870
2873
2874
2876
2880
2882
2886
2888
2892
2893
2895
2898
2902
2905
2906
2907
2908
2919
2921
2922
2927
2931
2937
2939
2940
2941
2943
2945
2948
2958
2961
2968
2971
2974
2977
2978
2990
2991
2993
2995
2998
3001
3007
3011
3012
3020
3024
3025
3030
3037
3039
3043
3045
3047
3055
3056
3061
3063
3064
3065
3070
3071
3077
3079
3089
3093
3105
3110
3112
3116
3117
3118
3119
3123
3125
3135
3141
3143
3148
3151
3157
3158
3159
3160
3161
3162
3168
3170
3173
3179
3183
3188
3190
3204
3212
3217
3219
3222
3228
3247
3248
3250
3251
3260
3263
3264
3266
3267
3277
3279
3281
3283
3296
3305
3308
3318
3323
3328
3329
3340
3342
3344
3349
3350
3355
3369
3370
3373
3375
3377
3378
3381
3384
3385
3390
3393
3395
3396
3397
3400
3401
3402
3414
3419
3420
3425
3426
3431
3432
3435
3437
3442
3443
3444
3446
3451
3455
3464
3465
3466
3469
3473
3474
3476
3478
3481
3483
3487
3489
3494
3496
3498
3501
3502
3506
3512
3513
3514
3517
3523
3527
3531
3536
3539
3541
3542
3546
3548
3550
3553
3554
3560
3561
3563
3565
3567
3570
3575
3578
3580
3582
3584
3586
3589
3590
3593
3596
3601
3602
3603
3606
3607
3608
3613
3617
3623
3624
3626
3632
3635
3637
3639
3642
3646
3647
3652
3657
3658
3659
3662
3664
3670
3672
3674
3675
3677
3678
3680
3681
3685
3687
3689
3691
3704
3707
3714
3716
3718
3723
3728
3732
3734
3736
3739
3743
3745
3748
3749
3753
3759
3762
3765
3766
3768
3771
3774
3783
3784
3785
3791
3792
3794
3799
3800
3804
3806
3810
3811
3812
3814
3815
3820
3825
3826
3827
3831
3832
3834
3838
3839
3840
3841
3843
3844
3849
3850
3852
3855
3856
3859
3862
3863
3866
3876
3888
3896
3902
3903
3905
3907
3912
3915
3917
3919
3923
3925
3927
3933
3939
3953
3963
3964
3971
3974
3977
3979
3986
3987
3992
3993
3995
3996
4002
4003
4004
4007
4011
4013
4016
4024
4025
4027
4028
4032
4033
4036
4039
4045
4046
4048
4056
4059
4061
4065
4066
4068
4071
4074
4075
4079
4084
4085
4087
4088
4093
4094
4095
4106
4107
4112
4114
4116
4117
4119
4121
4123
4124
4127
4130
4134
4138
4140
4143
4155
4157
4158
4159
4162
4166
4169
4170
4174
4176
4177
4178
4179
4180
4184
4186
4193
4195
4199
4204
4205
4206
4208
4210
4214
4215
4217
4219
4220
4222
4226
4228
4235
4236
4239
4242
4243
4247
4259
4262
4263
4265
4266
4267
4271
4273
4274
4276
4277
4278
4279
4282
4284
4285
4290
4292
4299
4303
4306
4307
4310
4313
4316
4317
4322
4324
4331
4334
4339
4345
4348
4349
4350
4351
4354
4360
4362
4365
4366
4369
4370
4375
4376
4379
4381
4382
4388
4391
4392
4395
4398
4406
4407
4408
4409
4412
4420
4422
4425
4428
4430
4434
4437
4440
4443
4445
4446
4447
4451
4462
4463
4465
4472
4474
4476
4478
4480
4484
4485
4488
4492
4493
4499
4500
4505
4510
4519
4525
4529
4530
4531
4535
4544
4545
4547
4548
4550
4556
4557
4558
4572
4573
4580
4581
4584
4586
4596
4597
4598
4599
4602
4605
4608
4613
4616
4623
4627
4628
4630
4638
4641
4642
4643
4644
4646
4653
4658
4659
4660
4661
4663
4670
4676
4677
4679
4682
4683
4692
4693
4697
4699
4702
4708
4709
4710
4711
4713
4724
4725
4726
4731
4735
4738
4739
4743
4746
4748
4749
4753
4757
4761
4763
4764
4766
4772
4774
4782
4789
4790
4792
4795
4798
4799
4806
4813
4814
4818
4819
4820
4821
4823
4828
4830
4831
4832
4833
4839
4844
4847
4850
4857
4861
4864
4865
4867
4869
4874
4881
4897
4899
4907
4908
4910
4913
4917
4920
4923
4928
4945
4947
4951
4954
4958
4967
4970
4974
4975
4979
4980
4983
4985
4989
4991
4992
4995
5003
5006
5007
5009
5015
5016
5017
5019
5021
5023
5028
5051
5054
5058
5060
5063
5064
5071
5073
5074
5076
5081
5083
5088
5089
5090
5092
5094
5097
5104
5109
5116
5121
5127
5128
5130
5131
5141
5144
5150
5155
5156
5162
5163
5166
5167
5171
5172
5174
5175
5181
5183
5189
5196
5201
5203
5207
5213
5224
5229
5234
5237
5238
5242
5246
5247
5248
5251
5267
5268
5273
5276
5277
5280
5282
5283
5286
5289
5290
5292
5294
5296
5297
5300
5302
5303
5304
5305
5320
5321
5324
5334
5338
5345
5354
5355
5357
5358
5361
5366
5367
5370
5371
5375
5376
5377
5380
5388
5391
5395
5397
5403
5408
5416
5417
5431
5434
5437
5439
5442
5443
5450
5453
5456
5461
5463
5464
5465
5473
5475
5476
5479
5482
5486
5491
5492
5494
5498
5499
5511
5512
5513
5517
5525
5528
5529
5534
5540
5545
5550
5554
5558
5571
5573
5577
5581
5584
5593
5596
5598
5600
5601
5606
5607
5608
5609
5614
5616
5618
5626
5630
5632
5636
5637
5638
5642
5643
5659
5663
5666
5667
5668
5669
5671
5672
5676
5677
5680
5681
5682
5683
5686
5687
5691
5694
5695
5696
5699
5701
5704
5707
5709
5710
5712
5715
5716
5717
5718
5719
5723
5724
5725
5727
5737
5740
5745
5746
5749
5757
5765
5767
5769
5770
5774
5775
5776
5778
5779
5780
5787
5788
5790
5792
5793
5794
5800
5803
5806
5809
5811
5819
5824
5825
5827
5829
5831
5833
5834
5838
5839
5840
5841
5843
5845
5846
5849
5852
5853
5854
5856
5857
5858
5862
5863
5866
5873
5874
5875
5878
5879
5884
5885
5886
5894
5895
5899
5902
5903
5906
5907
5910
5912
5917
5921
5922
5923
5924
5926
5927
5928
5929
5932
5936
5940
5943
5945
5949
5953
5957
5960
5962
5964
5966
5971
5981
5982
5984
5987
5995
5997
6000
6003
6005
6010
6011
6013
6017
6018
6019
6024
6025
6031
6033
6042
6045
6048
6049
6050
6055
6059
6063
6076
6080
6081
6087
6089
6091
6093
6096
6097
6098
6099
6103
6104
6111
6116
6119
6125
6127
6130
6133
6134
6135
6138
6139
6143
6144
6146
6149
6152
6153
6158
6161
6167
6168
6173
6175
6176
6186
6188
6201
6202
6204
6210
6212
6216
6223
6225
6226
6228
6229
6233
6237
6238
6239
6242
6244
6245
6247
6248
6249
6250
6255
6256
6257
6259
6267
6269
6270
6273
6279
6281
6284
6286
6289
6290
6294
6307
6310
6312
6313
6318
6320
6321
6323
6324
6334
6337
6343
6346
6349
6358
6359
6361
6364
6367
6369
6370
6371
6372
6377
6382
6387
6389
6396
6403
6404
6406
6407
6409
6412
6416
6418
6421
6422
6426
6427
6428
6431
6436
6437
6442
6445
6446
6447
6448
6449
6457
6458
6461
6468
6472
6479
6482
6483
6485
6488
6490
6493
6497
6499
6501
6502
6509
6510
6513
6514
6518
6519
6525
6529
6530
6533
6534
6535
6537
6540
6547
6548
6552
6553
6556
6557
6559
6565
6572
6574
6575
6577
6581
6582
6585
6586
6588
6595
6598
6599
6602
6603
6618
6619
6620
6625
6627
6629
6632
6633
6634
6636
6641
6645
6648
6649
6651
6661
6664
6675
6682
6687
6688
6689
6690
6695
6698
6702
6704
6705
6707
6709
6711
6714
6716
6717
6718
6726
6728
6736
6738
6743
6747
6748
6750
6752
6756
6759
6762
6763
6768
6769
6770
6779
6785
6788
6790
6793
6794
6797
6799
6811
6814
6815
6816
6817
6819
6828
6831
6836
6837
6840
6847
6849
6850
6853
6857
6869
6878
6880
6882
6883
6888
6891
6893
6894
6897
6898
6899
6903
6904
6906
6920
6922
6928
6931
6934
6935
6937
6939
6940
6942
6947
6952
6957
6959
6961
6966
6967
6968
6970
6971
6975
6979
6981
6987
6988
6993
7000
7004
7006
7009
7011
7014
7017
7020
7023
7024
7028
7030
7031
7033
7038
7046
7049
7050
7051
7058
7059
7072
7074
7085
7088
7089
7090
7093
7099
7100
7101
7109
7113
7125
7127
7128
7131
7132
7136
7139
7142
7144
7148
7150
7151
7156
7160
7161
7164
7171
7173
7176
7181
7182
7197
7203
7204
7206
7214
7225
7226
7227
7228
7229
7232
7234
7235
7237
7238
7241
7242
7243
7251
7254
7257
7262
7266
7267
7268
7269
7272
7278
7288
7292
7294
7300
7305
7309
7312
7315
7323
7326
7327
7329
7330
7331
7332
7337
7342
7348
7350
7351
7352
7354
7355
7363
7366
7367
7369
7370
7372
7375
7377
7381
7383
7385
7387
7388
7392
7394
7395
7399
7400
7402
7406
7412
7416
7419
7426
7429
7430
7432
7434
7435
7441
7453
7455
7456
7457
7460
7466
7467
7468
7474
7476
7480
7486
7491
7499
7504
7510
7511
7523
7524
7527
7528
7534
7537
7544
7549
7550
7552
7555
7561
7571
7578
7579
7581
7582
7589
7593
7596
7612
7615
7619
7623
7628
7629
7632
7638
7639
7640
7641
7646
7647
7655
7664
7667
7669
7670
7675
7678
7679
7682
7686
7694
7699
7701
7707
7709
7714
7735
7738
7748
7749
7750
7752
7754
7756
7759
7761
7762
7764
7768
7771
7772
7776
7781
7783
7785
7788
7794
7801
7805
7807
7809
7824
7827
7828
7832
7836
7842
7845
7846
7847
7850
7856
7859
7860
7861
7863
7865
7868
7870
7871
7872
7874
7880
7881
7889
7891
7893
7897
7899
7900
7902
7903
7905
7906
7908
7912
7914
7917
7918
7924
7933
7934
7936
7937
7940
7943
7946
7950
7951
7960
7962
7966
7970
7978
7983
7984
7985
7988
7995
7997
7999
8004
8006
8007
8017
8022
8024
8025
8030
8031
8032
8035
8040
8042
8043
8048
8049
8051
8053
8055
8058
8062
8064
8065
8071
8072
8073
8075
8077
8079
8088
8089
8090
8096
8101
8102
8107
8108
8109
8111
8119
8130
8133
8134
8137
8138
8139
8144
8149
8153
8154
8155
8157
8158
8161
8162
8165
8167
8170
8172
8180
8182
8185
8186
8189
8190
8196
8198
8201
8211
8218
8220
8221
8227
8232
8242
8243
8247
8248
8250
8255
8263
8275
8278
8281
8286
8288
8290
8292
8294
8295
8296
8299
8303
8305
8306
8312
8315
8316
8317
8319
8322
8323
8326
8327
8329
8335
8336
8342
8344
8346
8353
8358
8359
8367
8368
8375
8377
8381
8384
8385
8386
8388
8392
8399
8404
8408
8409
8410
8412
8414
8418
8419
8424
8425
8428
8429
8431
8435
8440
8441
8444
8449
8453
8457
8460
8461
8462
8466
8470
8471
8476
8481
8482
8487
8494
8495
8496
8505
8508
8514
8515
8517
8522
8525
8527
8532
8546
8549
8550
8566
8567
8568
8571
8579
8581
8585
8592
8603
8604
8605
8609
8610
8611
8614
8615
8624
8627
8628
8642
8648
8649
8652
8653
8663
8670
8676
8678
8680
8684
8687
8690
8691
8692
8697
8699
8701
8703
8706
8707
8709
8710
8713
8721
8723
8724
8726
8727
8730
8731
8733
8736
8755
8756
8760
8763
8766
8767
8773
8774
8776
8777
8786
8787
8790
8791
8792
8793
8794
8798
8801
8803
8805
8814
8822
8824
8838
8845
8846
8856
8862
8867
8869
8871
8872
8884
8890
8899
8900
8908
8910
8916
8919
8924
8926
8928
8930
8932
8935
8936
8941
8945
8950
8952
8955
8957
8960
8964
8968
8969
8970
8971
8976
8977
8978
8980
8982
8983
8986
8987
8988
8990
8997
8999
9002
9003
9008
9010
9012
9016
9022
9024
9025
9029
9031
9033
9046
9052
9053
9061
9067
9069
9070
9072
9079
9084
9085
9086
9087
9089
9090
9094
9096
9097
9101
9102
9103
9104
9105
9107
9110
9114
9115
9119
9120
9122
9127
9134
9137
9142
9146
9159
9163
9165
9171
9177
9178
9185
9186
9188
9191
9203
9213
9216
9218
9221
9227
9231
9233
9238
9239
9240
9243
9245
9251
9253
9257
9259
9264
9267
9272
9273
9276
9279
9291
9292
9294
9295
9297
9298
9300
9302
9306
9318
9341
9346
9353
9354
9358
9360
9363
9365
9366
9370
9373
9377
9379
9380
9384
9388
9395
9396
9400
9402
9408
9412
9418
9419
9421
9423
9425
9428
9435
9436
9438
9439
9441
9446
9452
9453
9456
9460
9461
9466
9470
9472
9488
9491
9493
9494
9496
9497
9500
9515
9525
9526
9527
9532
9545
9546
9547
9548
9550
9551
9552
9553
9554
9558
9563
9567
9568
9569
9571
9575
9576
9582
9583
9587
9598
9599
9600
9610
9612
9616
9620
9628
9634
9636
9638
9639
9640
9647
9652
9653
9654
9656
9657
9662
9668
9673
9674
9681
9683
9687
9688
9699
9701
9703
9708
9712
9714
9720
9722
9725
9726
9728
9729
9734
9735
9736
9739
9742
9743
9749
9751
9753
9757
9759
9761
9779
9780
9781
9785
9787
9790
9806
9811
9817
9818
9824
9833
9834
9835
9836
9844
9847
9848
9849
9852
9853
9854
9873
9875
9878
9880
9883
9885
9890
9891
9892
9896
9897
9903
9910
9912
9914
9922
9929
9933
9945
9950
9952
9959
9963
9964
9966
9974
9980
9992
9994
9995
9996
10001
10002
10004
10008
10009
10013
10014
10016
10018
10020
10023
10027
10028
10033
10037
10040
10049
10051
10055
10059
10060
10061
10066
10067
10069
10070
10072
10077
10081
10082
10085
10086
10090
10094
10095
10099
10100
10104
10108
10109
10113
10114
10119
10121
10129
10132
10133
10134
10136
10143
10149
10153
10155
10158
10159
10164
10165
10167
10168
10173
10178
10186
10197
10203
10204
10208
10210
10212
10219
10224
10228
10234
10241
10244
10246
10248
10253
10255
10256
10257
10262
10265
10266
10269
10271
10273
10274
10275
10279
10280
10281
10290
10291
10297
10303
10306
10310
10326
10332
10333
10337
10354
10360
10363
10368
10370
10373
10376
10378
10379
10383
10385
10387
10393
10397
10399
10400
10409
10410
10417
10421
10422
10433
10435
10439
10442
10443
10444
10446
10449
10451
10453
10456
10457
10458
10460
10473
10475
10481
10489
10499
10503
10504
10511
10514
10515
10523
10526
10528
10529
10537
10542
10551
10552
10559
10562
10566
10575
10577
10579
10580
10584
10591
10593
10600
10603
10606
10607
10609
10620
10625
10628
10630
10631
10632
10638
10640
10642
10646
10651
10653
10655
10658
10661
10663
10664
10669
10677
10679
10682
10684
10687
10691
10693
10697
10699
10706
10709
10710
10711
10713
10715
10722
10724
10726
10727
10740
10741
10742
10748
10750
10756
10757
10758
10759
10769
10772
10779
10782
10785
10788
10790
10798
10800
10810
10812
10820
10824
10830
10831
10832
10837
10840
10843
10844
10850
10852
10859
10870
10873
10877
10878
10879
10885
10897
10902
10904
10905
10913
10921
10925
10933
10938
10943
10945
10947
10948
10950
10953
10954
10957
10959
10963
10966
10967
10971
10973
10974
10982
10987
10988
10989
10990
10991
10996
10997
10999
11004
11010
11011
11014
11016
11021
11023
11032
11040
11051
11058
11059
11064
11065
11067
11069
11071
11072
11079
11080
11084
11085
11098
11101
11105
11106
11108
11109
11112
11119
11123
11124
11128
11137
11141
11152
11155
11156
11160
11164
11168
11169
11183
11187
11189
11192
11193
11198
11199
11202
11203
11204
11215
11216
11217
11221
11229
11234
11238
11240
11249
11255
11256
11260
11267
11270
11271
11272
11284
11292
11293
11296
11298
11299
11304
11311
11319
11325
11330
11331
11333
11345
11353
11356
11367
11370
11377
11380
11386
11393
11397
11403
11404
11405
11406
11408
11411
11414
11427
11430
11433
11434
11438
11446
11452
11455
11457
11460
11462
11464
11468
11469
11471
11472
11476
11478
11485
11491
11498
11499
11504
11507
11508
11510
11511
11512
11520
11521
11529
11530
11532
11534
11537
11539
11540
11541
11544
11548
11551
11557
11566
11573
11574
11575
11576
11577
11579
11582
11585
11592
11598
11602
11607
11613
11617
11618
11621
11622
11626
11631
11632
11633
11647
11649
11650
11651
11652
11657
11664
11677
11688
11690
11693
11697
11700
11702
11703
11704
11706
11707
11708
11710
11716
11718
11725
11726
11728
11734
11735
11739
11740
11741
11744
11745
11748
11750
11751
11755
11758
11760
11766
11768
11769
11770
11771
11772
11773
11774
11780
11792
11795
11800
11801
11818
11824
11825
11828
11832
11833
11834
11835
11841
11847
11848
11852
11853
11856
11858
11861
11864
11865
11867
11868
11870
11871
11874
11887
11889
11890
11897
11904
11908
11912
11916
11917
11921
11922
11931
11935
11936
11939
11940
11948
11959
11962
11963
11965
11971
11973
11974
11975
11980
11982
11984
11989
11997
12002
12003
12005
12011
12015
12018
12023
12024
12025
12028
12030
12031
12033
12035
12037
12038
12041
12049
12051
12056
12059
12060
12061
12062
12064
12065
12075
12077
12079
12080
12085
12090
12096
12097
12098
12103
12104
12116
12119
12120
12126
12128
12132
12136
12138
12139
12145
12146
12147
12149
12151
12152
12159
12161
12164
12168
12169
12170
12177
12180
12189
12195
12200
12201
12203
12211
12214
12215
12216
12217
12218
12219
12222
12224
12230
12232
12233
12235
12240
12245
12246
12247
12269
12273
12279
12282
12291
12292
12294
12298
12299
12301
12306
12308
12312
12314
12317
12318
12323
12325
12330
12335
12336
12337
12341
12351
12353
12355
12356
12357
12358
12359
12361
12363
12368
12370
12372
12378
12380
12382
12385
12386
12389
12390
12394
12396
12401
12402
12404
12413
12415
12424
12427
12428
12431
12432
12433
12434
12435
12436
12440
12442
12443
12444
12445
12446
12448
12450
12451
12454
12456
12458
12461
12467
12468
12481
12496
12503
12505
12507
12509
12510
12513
12514
12516
12517
12525
12535
12541
12545
12547
12549
12556
12559
12560
12561
12565
12571
12575
12580
12582
12583
12584
12588
12594
12602
12606
12609
12620
12623
12624
12627
12630
12631
12636
12637
12646
12647
12649
12650
12653
12654
12656
12660
12663
12666
12669
12672
12679
12680
12681
12684
12686
12687
12695
12703
12706
12709
12711
12712
12733
12734
12739
12741
12745
12747
12748
12749
12759
12762
12766
12771
12775
12777
12779
12780
12783
12787
12791
12792
12798
12802
12803
12805
12811
12818
12832
12836
12837
12842
12848
12850
12852
12854
12863
12867
12868
12870
12873
12874
12875
12877
12880
12882
12886
12889
12890
12893
12903
12904
12921
12922
12929
12930
12931
12932
12953
12963
12968
12972
12985
12986
12997
13005
13011
13013
13020
13023
13030
13031
13034
13035
13041
13047
13052
13055
13056
13057
13059
13060
13063
13064
13065
13085
13097
13104
13106
13110
13111
13112
13115
13119
13120
13121
13127
13132
13134
13135
13137
13139
13140
13144
13147
13148
13149
13151
13152
13165
13168
13170
13175
13178
13185
13189
13195
13197
13202
13203
13211
13216
13221
13222
13236
13244
13246
13248
13252
13258
13261
13262
13263
13267
13268
13269
13270
13272
13273
13276
13278
13283
13287
13289
13292
13298
13300
13301
13309
13314
13316
13320
13322
13323
13327
13333
13335
13337
13338
13343
13346
13351
13360
13374
13376
13380
13381
13383
13388
13394
13399
13402
13403
13408
13412
13413
13417
13422
13424
13429
13431
13433
13441
13443
13444
13448
13450
13454
13458
13459
13460
13462
13465
13466
13474
13477
13479
13482
13484
13487
13495
13496
13498
13500
13501
13504
13505
13509
13515
13516
13517
13523
13525
13527
13530
13535
13537
13538
13539
13540
13541
13543
13545
13547
13548
13549
13552
13556
13560
13564
13573
13574
13576
13577
13578
13580
13582
13588
13589
13597
13603
13604
13606
13607
13608
13609
13610
13611
13613
13617
13619
13620
13621
13626
13627
13629
13631
13632
13637
13640
13642
13643
13647
13648
13650
13651
13652
13653
13656
13658
13663
13664
13665
13667
13672
13674
13679
13685
13690
13694
13697
13698
13699
13713
13717
13719
13725
13726
13728
13729
13730
13731
13732
13734
13738
13744
13745
13746
13749
13750
13756
13760
13761
13762
13763
13767
13775
13776
13780
13782
13784
13786
13788
13790
13791
13804
13806
13807
13810
13815
13819
13820
13822
13823
13824
13827
13839
13840
13844
13845
13847
13850
13851
13854
13855
13859
13860
13863
13873
13876
13878
13879
13883
13885
13892
13895
13899
13901
13902
13905
13910
13911
13913
13914
13919
13926
13927
13929
13934
13936
13938
13943
13945
13946
13948
13956
13957
13959
13963
13967
13971
13974
13976
13979
13981
13983
13988
13990
13992
13993
13994
13995
13996
13997
13998
14000
14001
14003
14009
14012
14014
14016
14021
14023
14025
14030
14035
14039
14041
14044
14046
14047
14056
14057
14058
14063
14064
14066
14067
14069
14070
14072
14076
14082
14086
14089
14090
14093
14094
14095
14100
14107
14109
14111
14112
14116
14117
14118
14122
14132
14133
14136
14137
14139
14143
14146
14149
14159
14161
14163
14166
14168
14171
14173
14178
14179
14184
14186
14188
14189
14192
14194
14196
14197
14198
14199
14200
14201
14202
14203
14204
14209
14216
14222
14226
14229
14230
14233
14236
14237
14238
14240
14241
14244
14245
14246
14249
14251
14252
14261
14262
14272
14275
14276
14277
14279
14282
14286
14288
14289
14293
14295
14296
14298
14300
14303
14304
14306
14308
14313
14314
14315
14318
14321
14323
14325
14329
14330
14333
14334
14339
14342
14345
14346
14348
14349
14354
14357
14360
14361
14364
14365
14366
14368
14371
14372
14377
14378
14380
14382
14385
14386
14388
14389
14390
14392
14393
14395
14397
14400
14404
14406
14410
14411
14412
14413
14416
14420
14421
14422
14425
14432
14434
14435
14440
14441
14444
14447
14448
14450
14451
14452
14454
14456
14457
14462
14464
14466
14467
14470
14471
14472
14475
14476
14477
14479
14482
14485
14489
14492
14493
14499
14500
14501
14502
14505
14507
14512
14514
14515
14518
14520
14524
14530
14532
14536
14539
14543
14544
14545
14547
14548
14553
14554
14555
14556
14561
14562
14565
14566
14567
14568
14572
14574
14577
14580
14581
14584
14587
14590
14592
14593
14595
14597
14598
14599
14601
14606
14610
14612
14616
14627
14628
14632
14637
14639
14640
14643
14645
14646
14650
14651
14652
14659
14661
14664
14665
14668
14670
14671
14673
14674
14677
14678
14679
14680
14684
14687
14689
14690
14692
14693
14698
14699
14700
14702
14704
14712
14714
14721
14723
14724
14725
14730
14731
14732
14733
14734
14735
14737
14738
14739
14741
14745
14746
14747
14749
14753
14754
14756
14757
14758
14763
14769
14773
14776
14779
14782
14787
14789
14800
14804
14805
14807
14809
14814
14816
14819
14821
14826
14827
14828
14836
14840
14841
14844
14845
14847
14848
14849
14853
14855
14856
14857
14859
14862
14864
14870
14880
14883
14884
14885
14886
14888
14891
14893
14894
14897
14898
14899
14901
14903
14905
14906
14913
14915
14918
14921
14922
14923
14924
14928
14929
14934
14936
14938
14939
14940
14944
14946
14947
14948
14952
14954
14955
14957
14959
14960
14965
14966
14968
14969
14971
14972
14977
14979
14982
14984
14986
14989
14992
14993
14995
14996
14997
15000
15001
15003
15005
15007
15008
15009
15010
15011
15012
15013
15014
15016
15018
15019
15021
15024
15025
15026
15027
15028
15029
15032
15033
15034
15036
15039
15041
15042
15044
15045
15050
15051
15052
15053
15055
15058
15059
15061
15067
15068
15073
15074
15076
15077
15079
15083
15084
15086
15088
15089
15092
15093
15095
15096
15098
15102
15103
15105
15110
15111
15112
15113
15115
15116
15117
15119
15120
15123
15125
15127
15129
15130
15131
15132
15133
15136
15139
15140
15141
15142
15143
15147
15149
15151
15153
15157
15162
15163
15164
15166
15167
15168
15169
15170
15173
15175
15177
15178
15179
15182
15184
15185
15186
15187
15189
15193
15194
15197
15200
15201
15202
15203
15206
15208
15209
15210
15217
15220
15225
15226
15227
15228
15231
15232
15233
15234
15236
15238
15241
15242
15243
15244
15245
15246
15249
15251
15252
15254
15255
15256
15257
15258
15259
15260
15261
15262
15263
15265
15266
15268
15269
15271
15274
15275
15276
15277
15278
15279
15280
15281
15283
15285
15286
15288
15289
15290
15291
15293
15295
15301
15303
15304
15305
15308
15309
15311
15312
15315
15317
15320
15321
15322
15323
15324
15325
15326
15332
15335
15336
15338
15339
15340
15342
15345
15346
15353
15355
15356
15359
15361
15362
15368
15369
15370
15375
15376
15378
15379
15381
15384
15387
15389
15392
15393
15394
15395
15397
15399
15400
15401
15405
15406
15407
15408
15409
15410
15412
15413
15414
15415
15416
15417
15420
15425
15426
15428
15429
15430
15431
15432
15433
15436
15437
15439
15440
15442
15446
15447
15450
15451
15452
15456
15459
15462
15463
15464
15468
15470
15471
15472
15473
15474
15476
15478
15481
15482
15483
15484
15485
15486
15490
15491
15493
15500
15502
15506
15507
15510
15511
15513
15515
15516
15520
15524
15526
15527
15528
15529
15530
15531
15532
15534
15536
15537
15538
15540
15543
15546
15547
15548
15550
15551
15552
15553
15556
15557
15558
15560
15562
15563
15564
15567
15568
15574
15575
15576
15579
15584
15585
15588
15590
15591
15592
15593
15595
15596
15601
15602
15603
15606
15609
15611
15615
15618
15621
15622
15623
15624
15625
15626
15627
15628
15630
15632
15633
15634
15639
15640
15642
15643
15644
15646
15651
15652
15653
15656
15657
15660
15661
15662
15665
15666
15667
15668
15669
15675
15676
15678
15679
15680
15681
15682
15687
15688
15689
15690
15691
15692
15694
15695
15697
15698
15699
15700
15702
15703
15704
15709
15712
15713
15714
15718
15722
15723
15725
15728
15730
15731
15732
15733
15734
15737
15740
15742
15743
15744
15746
15747
15749
15750
15751
15753
15757
15758
15759
15762
15764
15767
15769
15771
15776
15777
15778
15779
15780
15784
15786
15789
15790
15791
15792
15795
15798
15804
15805
15808
15811
15812
15814
15815
15817
15819
15822
15823
15824
15825
15826
15829
15830
15832
15833
15835
15836
15837
15840
15843
15852
15853
15855
15856
15857
15859
15860
15864
15865
15866
15868
15871
15874
15876
15878
15882
15883
15884
15885
15886
15887
15888
15889
15895
15898
15899
15901
15902
15903
15907
15911
15912
15913
15914
15915
15916
15917
15919
15920
15922
15923
15924
15925
15928
15932
15934
15935
15936
15938
15939
15940
15944
15947
15949
15950
15953
15955
15957
15958
15960
15964
15965
15966
15967
15969
15971
15973
15975
15976
15980
15985
15987
15988
15991
15992
15993
15995
15997
15999
16000
16005
16006
16007
16008
16010
16011
16017
16018
16022
16023
16028
16029
16030
16031
16043
16045
16046
16047
16048
16050
16052
16055
16056
16060
16061
16062
16064
16065
16067
16070
16071
16072
16073
16074
16075
16076
16077
16080
16081
16083
16084
16085
16087
16088
16090
16092
16093
16094
16095
16096
16097
16098
16099
16102
16104
16109
16110
16112
16113
16114
16115
16119
16120
16121
16122
16124
16126
16130
16132
16135
16137
16140
16141
16143
16145
16147
16151
16152
16153
16154
16156
16159
16162
16163
16164
16165
16171
16174
16175
16177
16178
16179
16180
16181
16182
16185
16187
16188
16189
16190
16191
16194
16197
16199
16200
16201
16202
16204
16208
16211
16212
16220
16221
16222
16223
16224
16225
16226
16227
16230
16233
16234
16235
16239
16240
16241
16247
16248
16249
16252
16253
16254
16255
16256
16259
16260
16264
16265
16266
16267
16268
16272
16275
16276
16279
16280
16281
16284
16286
16289
16290
16291
16296
16297
16298
16299
16302
16308
16311
16313
16314
16315
16322
16325
16327
16331
16333
16335
16337
16339
16341
16342
16343
16346
16349
16352
16354
16355
16357
16358
16361
16365
16366
16370
16371
16374
16375
16376
16378
16379
16380
16383
16384
16386
16387
16389
16394
16395
16396
16397
16399
16400
16401
16407
16408
16410
16411
16412
16415
16416
16422
16423
16432
16434
16436
16440
16441
16443
16444
16448
16449
16450
16451
16455
16456
16457
16458
16459
16460
16464
16468
16472
16473
16474
16477
16481
16485
16487
16488
16492
16495
16498
16499
16503
16504
16508
16509
16510
16512
16515
16516
16517
16521
16524
16535
16536
16537
16540
16542
16543
16544
16546
16548
16550
16552
16555
16557
16559
16562
16566
16567
16568
16573
16580
16581
16583
16589
16590
16591
16592
16598
16599
16600
16602
16606
16607
16608
16613
16615
16617
16619
16631
16632
16633
16634
16636
16637
16639
16640
16641
16643
16647
16648
16654
16655
16657
16660
16661
16664
16668
16674
16675
16676
16677
16678
16680
16682
16685
16687
16689
16690
16694
16695
16700
16705
16709
16712
16715
16716
16718
16719
16720
16722
16723
16724
16725
16727
16728
16732
16736
16737
16743
16745
16750
16751
16752
16753
16754
16756
16762
16765
16767
16769
16772
16774
16775
16779
16782
16783
16785
16787
16788
16789
16805
16806
16807
16808
16809
16810
16811
16813
16816
16819
16822
16824
16827
16828
16829
16832
16834
16835
16838
16839
16840
16841
16843
16844
16847
16848
16851
16852
16853
16854
16857
16858
16862
16865
16868
16869
16870
16872
16873
16876
16880
16883
16884
16885
16887
16888
16890
16892
16895
16897
16898
16899
16915
16916
16917
16918
16919
16921
16925
16926
16928
16929
16932
16933
16938
16947
16948
16949
16955
16956
16957
16960
16962
16975
16979
16980
16982
16984
16985
16987
16988
16990
16991
16994
16999
17003
17008
17009
17011
17013
17014
17016
17023
17025
17026
17028
17029
17030
17032
17033
17034
17037
17038
17039
17041
17042
17044
17045
17047
17048
17051
17052
17055
17056
17060
17061
17062
17071
17073
17077
17086
17087
17089
17090
17091
17093
17095
17096
17097
17099
17104
17105
17107
17109
17112
17113
17116
17119
17121
17124
17125
17128
17132
17133
17136
17138
17139
17140
17142
17144
17146
17148
17149
17151
17153
17154
17156
17157
17162
17163
17168
17169
17173
17176
17177
17178
17179
17183
17184
17185
17188
17189
17190
17191
17197
17201
17203
17206
17209
17210
17211
17212
17215
17216
17217
17219
17221
17224
17228
17230
17231
17237
17238
17242
17245
17246
17247
17248
17250
17252
17253
17258
17259
17260
17261
17262
17263
17265
17271
17276
17277
17283
17285
17286
17287
17290
17291
17292
17297
17301
17303
17305
17308
17310
17314
17321
17322
17323
17324
17327
17328
17329
17333
17335
17336
17339
17343
17344
17346
17347
17348
17349
17351
17352
17353
17354
17358
17360
17365
17366
17367
17370
17371
17372
17373
17374
17376
17381
17384
17386
17388
17391
17392
17395
17396
17398
17399
17400
17401
17402
17404
17406
17407
17408
17409
17410
17411
17412
17413
17414
17419
17420
17423
17424
17428
17430
17432
17436
17438
17441
17443
17447
17449
17451
17452
17453
17454
17457
17459
17460
17462
17465
17466
17470
17472
17475
17479
17481
17484
17485
17486
17487
17489
17492
17495
17498
17500
17504
17505
17506
17509
17510
17516
17517
17523
17527
17531
17533
17534
17538
17539
17542
17543
17544
17546
17547
17551
17555
17562
17564
17568
17569
17570
17571
17575
17579
17581
17582
17586
17588
17589
17591
17594
17595
17596
17599
17600
17603
17605
17607
17608
17610
17619
17621
17625
17631
17633
17636
17637
17639
17640
17644
17645
17647
17650
17655
17656
17657
17658
17660
17662
17663
17664
17670
17671
17676
17677
17680
17681
17684
17687
17688
17690
17691
17692
17693
17695
17698
17700
17701
17703
17704
17706
17707
17709
17712
17713
17716
17717
17718
17719
17720
17725
17726
17728
17729
17732
17733
17735
17739
17741
17742
17743
17746
17747
17748
17752
17753
17755
17759
17762
17765
17769
17770
17771
17775
17777
17781
17782
17783
17785
17786
17789
17790
17792
17793
17794
17795
17800
17804
17805
17814
17815
17816
17818
17819
17822
17823
17824
17825
17827
17829
17832
17833
17835
17836
17837
17839
17841
17844
17845
17846
17847
17851
17854
17855
17858
17859
17865
17867
17868
17870
17873
17876
17877
17878
17879
17881
17882
17883
17886
17888
17889
17890
17894
17895
17896
17897
17898
17902
17904
17905
17906
17909
17911
17913
17918
17920
17921
17929
17930
17933
17934
17936
17938
17939
17940
17943
17945
17947
17949
17950
17953
17954
17960
17963
17965
17969
17970
17974
17977
17979
17981
17986
17987
17990
17992
17997
17999
18002
18003
18004
18005
18008
18009
18011
18012
18014
18015
18016
18021
18026
18027
18029
18032
18033
18035
18037
18038
18043
18044
18049
18052
18053
18055
18056
18057
18058
18060
18061
18063
18064
18071
18073
18074
18075
18077
18078
18081
18083
18084
18085
18087
18089
18091
18092
18094
18097
18098
18101
18102
18104
18106
18108
18109
18110
18112
18114
18115
18116
18118
18120
18131
18132
18134
18135
18138
18139
18141
18144
18145
18146
18147
18149
18155
18156
18157
18160
18163
18165
18166
18167
18168
18169
18172
18174
18176
18178
18181
18183
18184
18188
18191
18192
18193
18194
18198
18204
18206
18207
18210
18211
18212
18213
18216
18217
18218
18224
18225
18230
18231
18234
18235
18240
18241
18243
18245
18246
18247
18249
18250
18251
18252
18256
18257
18258
18259
18266
18268
18272
18273
18274
18275
18277
18279
18285
18286
18287
18290
18297
18298
18299
18301
18303
18304
18306
18311
18314
18315
18317
18321
18323
18326
18327
18328
18329
18330
18333
18334
18338
18339
18340
18342
18344
18347
18350
18354
18358
18359
18360
18361
18363
18365
18366
18368
18371
18373
18376
18378
18379
18383
18384
18385
18388
18389
18390
18392
18393
18395
18397
18399
18400
18402
18403
18404
18406
18410
18411
18414
18417
18418
18419
18422
18424
18428
18433
18439
18442
18444
18449
18450
18452
18455
18456
18459
18460
18461
18462
18466
18468
18471
18472
18473
18476
18477
18478
18482
18485
18486
18487
18491
18493
18494
18495
18496
18497
18498
18499
18501
18504
18505
18506
18507
18508
18509
18518
18519
18520
18525
18528
18530
18533
18535
18541
18543
18546
18548
18550
18552
18557
18559
18561
18562
18563
18566
18567
18570
18574
18577
18583
18584
18587
18593
18596
18597
18599
18601
18602
18604
18605
18606
18609
18612
18613
18615
18617
18619
18620
18621
18623
18624
18626
18627
18629
18630
18632
18637
18638
18640
18641
18642
18643
18645
18651
18655
18656
18663
18664
18665
18666
18671
18672
18673
18679
18682
18685
18689
18693
18694
18696
18698
18701
18704
18705
18708
18710
18712
18716
18717
18721
18722
18724
18727
18729
18731
18733
18734
18738
18745
18747
18752
18756
18761
18763
18776
18778
18786
18787
18788
18791
18795
18797
18798
18800
18802
18803
18804
18806
18807
18811
18816
18817
18819
18821
18824
18826
18827
18830
18831
18834
18836
18839
18841
18844
18845
18846
18852
18853
18856
18859
18861
18864
18866
18867
18868
18870
18871
18872
18873
18875
18877
18878
18883
18888
18891
18896
18898
18901
18903
18906
18907
18908
18910
18911
18913
18914
18917
18918
18920
18921
18922
18923
18924
18925
18926
18927
18928
18929
18930
18931
18932
18935
18936
18937
18940
18941
18942
18943
18944
18946
18947
18948
18952
18959
18961
18963
18965
18966
18972
18973
18976
18977
18987
18988
18994
18995
18997
19000
19001
19003
19004
19005
19009
19010
19012
19013
19015
19017
19019
19024
19025
19026
19029
19030
19032
19033
19036
19037
19038
19040
19042
19043
19044
19045
19046
19049
19050
19051
19053
19055
19056
19057
19058
19059
19060
19063
19064
19066
19068
19070
19072
19074
19076
19083
19084
19087
19089
19092
19095
19096
19097
19098
19099
19103
19104
19105
19108
19109
19111
19113
19114
19117
19118
19120
19121
19122
19125
19126
19128
19133
19134
19135
19136
19137
19138
19139
19140
19141
19143
19144
19145
19146
19148
19149
19150
19152
19154
19155
19156
19159
19161
19162
19163
19165
19167
19168
19169
19170
19171
19176
19177
19179
19180
19182
19183
19184
19187
19188
19190
19192
19193
19195
19196
19197
19201
19202
19205
19206
19207
19208
19210
19211
19212
19217
19219
19220
19222
19223
19228
19231
19234
19240
19241
19243
19244
19246
19247
19248
19250
19251
19255
19256
19258
19264
19265
19266
19269
19270
19271
19272
19273
19274
19275
19277
19279
19286
19288
19289
19293
19294
19300
19302
19304
19307
19308
19310
19312
19313
19315
19316
19317
19318
19320
19323
19324
19325
19326
19327
19328
19330
19331
19333
19335
19337
19341
19342
19343
19344
19347
19349
19352
19354
19355
19356
19357
19358
19362
19364
19369
19370
19376
19379
19380
19381
19382
19384
19385
19386
19387
19388
19390
19391
19392
19395
19403
19405
19408
19409
19410
19412
19417
19419
19420
19425
19426
19428
19429
19432
19434
19435
19441
19444
19446
19450
19451
19454
19455
19458
19459
19460
19462
19463
19465
19466
19467
19469
19470
19471
19472
19473
19478
19479
19486
19490
19491
19492
19496
19498
19499
19500
19502
19503
19504
19505
19509
19511
19516
19518
19519
19522
19523
19526
19530
19531
19532
19537
19539
19540
19541
19551
19552
19554
19556
19558
19560
19562
19564
19565
19566
19567
19568
19570
19574
19576
19578
19582
19583
19585
19586
19588
19589
19590
19592
19593
19595
19596
19598
19602
19606
19608
19610
19611
19612
19613
19614
19617
19622
19623
19625
19626
19627
19628
19632
19638
19640
19643
19644
19649
19650
19651
19656
19658
19659
19661
19662
19664
19666
19668
19671
19672
19678
19681
19684
19689
19692
19693
19696
19697
19700
19703
19706
19707
19708
19709
19710
19711
19713
19726
19727
19728
19729
19732
19739
19740
19742
19743
19744
19747
19752
19756
19757
19760
19768
19770
19771
19774
19775
19778
19780
19782
19785
19786
19787
19790
19792
19793
19795
19797
19798
19799
19800
19803
19804
19805
19810
19813
19814
19820
19821
19822
19826
19830
19836
19837
19839
19841
19844
19845
19846
19847
19848
19849
19850
19851
19853
19854
19855
19858
19860
19865
19867
19868
19869
19871
19875
19877
19879
19880
19882
19883
19886
19887
19888
19889
19897
19898
19900
19903
19906
19907
19908
19910
19913
19914
19917
19918
19919
19920
19921
19922
19923
19926
19927
19928
19929
19930
19932
19933
19936
19938
19942
19943
19944
19946
19947
19948
19949
19952
19953
19954
19955
19957
19958
19959
19961
19964
19965
19967
19970
19972
19978
19982
19984
19987
19992
19993
19994
19995
19997
19998
19999
20001
20003
20004
20006
20007
20010
20011
20013
20015
20017
20018
20021
20022
20023
20027
20028
20031
20033
20035
20036
20039
20040
20041
20044
20046
20051
20052
20053
20057
20058
20059
20061
20062
20063
20065
20067
20069
20072
20074
20075
20076
20077
20078
20080
20082
20084
20088
20090
20091
20092
20093
20094
20096
20097
20101
20104
20106
20109
20110
20112
20113
20114
20115
20116
20117
20118
20120
20121
20122
20123
20125
20126
20127
20128
20130
20134
20135
20138
20139
20140
20141
20142
20143
20146
20149
20150
20151
20154
20158
20159
20160
20161
20162
20163
20164
20167
20168
20169
20170
20171
20172
20173
20174
20176
20177
20180
20181
20182
20183
20185
20187
20188
20189
20191
20192
20193
20195
20196
20199
20200
20202
20203
20204
20206
20208
20209
20212
20213
20214
20215
20216
20217
20219
20223
20225
20226
20228
20229
20232
20234
20235
20236
20240
20241
20242
20245
20248
20254
20255
20257
20258
20260
20263
20267
20269
20271
20272
20273
20275
20276
20277
20278
20279
20280
20281
20283
20284
20285
20286
20288
20295
20299
20300
20301
20302
20303
20304
20305
20308
20312
20313
20314
20315
20316
20317
20318
20319
20320
20325
20329
20330
20331
20332
20337
20338
20339
20340
20341
20343
20344
20345
20347
20348
20349
20353
20354
20356
20357
20364
20365
20367
20369
20374
20375
20377
20378
20380
20382
20383
20384
20385
20389
20390
20393
20396
20399
20400
20402
20405
20407
20410
20412
20415
20416
20417
20418
20420
20421
20423
20426
20427
20428
20429
20430
20432
20436
20437
20438
20440
20441
20443
20445
20446
20447
20448
20450
20451
20452
20454
20455
20457
20458
20459
20462
20466
20468
20469
20472
20473
20478
20480
20481
20484
20487
20488
20491
20495
20498
20501
20502
20503
20504
20505
20507
20509
20510
20512
20513
20515
20518
20522
20524
20527
20528
20529
20531
20532
20533
20535
20536
20537
20539
20541
20543
20544
20545
20549
20550
20551
20554
20559
20560
20561
20563
20564
20566
20567
20569
20570
20571
20573
20578
20579
20581
20582
20584
20585
20586
20588
20589
20592
20593
20594
20595
20597
20600
20601
20602
20605
20606
20608
20609
20612
20617
20619
20621
20624
20625
20627
20628
20632
20634
20636
20637
20640
20642
20644
20645
20646
20647
20649
20650
20651
20652
20654
20655
20656
20658
20659
20661
20662
20663
20670
20671
20672
20673
20677
20683
20685
20687
20689
20690
20691
20692
20694
20695
20697
20698
20699
20701
20706
20707
20708
20709
20712
20713
20714
20715
20716
20717
20720
20722
20723
20724
20727
20729
20732
20733
20736
20737
20739
20741
20742
20745
20746
20748
20750
20751
20754
20755
20756
20757
20758
20760
20762
20763
20764
20765
20766
20767
20768
20772
20774
20779
20780
20782
20783
20784
20787
20789
20792
20793
20795
20796
20797
20799
20801
20803
20804
20805
20807
20810
20812
20816
20818
20819
20820
20821
20823
20825
20828
20829
20830
20831
20835
20836
20837
20843
20844
20845
20848
20849
20851
20854
20855
20860
20861
20862
20864
20865
20870
20871
20874
20877
20879
20882
20884
20886
20888
20889
20890
20891
20892
20893
20895
20899
20901
20904
20905
20906
20908
20913
20914
20915
20919
20921
20922
20926
20928
20930
20931
20932
20933
20934
20935
20938
20940
20941
20943
20944
20945
20947
20948
20950
20952
20955
20956
20957
20960
20961
20962
20963
20965
20966
20969
20971
20972
20973
20974
20975
20977
20978
20980
20981
20982
20983
20985
20986
20987
20988
20990
20991
20996
20998
20999
21001
21002
21004
21005
21006
21012
21013
21017
21025
21026
21028
21031
21033
21034
21035
21036
21037
21039
21042
21044
21045
21047
21049
21052
21053
21055
21057
21061
21064
21067
21068
21070
21071
21072
21079
21081
21083
21085
21087
21088
21090
21092
21093
21094
21095
21099
21101
21102
21103
21104
21106
21107
21108
21110
21111
21112
21116
21119
21120
21122
21123
21128
21130
21131
21132
21138
21140
21142
21144
21147
21149
21151
21154
21155
21156
21158
21159
21160
21165
21166
21167
21168
21169
21172
21173
21174
21176
21181
21184
21186
21187
21188
21189
21190
21192
21195
21197
21198
21201
21202
21206
21208
21209
21212
21213
21217
21221
21222
21223
21226
21229
21232
21234
21235
21239
21241
21243
21245
21248
21251
21254
21255
21257
21258
21260
21262
21263
21264
21267
21272
21273
21275
21276
21283
21286
21287
21292
21299
21301
21302
21305
21308
21312
21314
21318
21319
21320
21323
21324
21325
21327
21328
21333
21335
21336
21338
21339
21340
21341
21343
21345
21346
21347
21348
21353
21354
21356
21357
21359
21360
21361
21362
21364
21366
21367
21368
21371
21373
21375
21377
21379
21381
21386
21388
21389
21390
21391
21394
21395
21398
21399
21402
21404
21408
21410
21411
21412
21413
21415
21418
21422
21423
21424
21430
21431
21432
21434
21435
21437
21441
21443
21444
21445
21449
21451
21454
21456
21458
21461
21462
21463
21466
21467
21469
21475
21476
21477
21479
21483
21485
21488
21490
21491
21498
21499
21500
21501
21502
21507
21510
21513
21515
21517
21521
21525
21526
21534
21535
21536
21537
21538
21540
21542
21546
21547
21551
21555
21556
21558
21560
21561
21562
21566
21567
21568
21569
21571
21572
21573
21575
21576
21577
21578
21579
21582
21587
21589
21590
21592
21593
21594
21595
21596
21599
21600
21602
21606
21607
21608
21609
21612
21613
21614
21617
21618
21620
21625
21627
21628
21633
21636
21639
21640
21642
21644
21649
21650
21651
21652
21653
21654
21655
21656
21658
21662
21664
21665
21667
21668
21669
21671
21673
21674
21675
21676
21677
21678
21679
21682
21683
21684
21687
21688
21692
21696
21697
21698
21700
21701
21703
21704
21705
21707
21708
21710
21711
21715
21716
21717
21719
21720
21721
21722
21725
21726
21727
21728
21731
21732
21733
21734
21737
21738
21742
21743
21749
21753
21758
21759
21760
21761
21762
21763
21766
21768
21769
21771
21773
21777
21778
21781
21784
21786
21787
21789
21790
21795
21796
21799
21800
21801
21804
21805
21807
21809
21810
21813
21814
21815
21816
21820
21823
21824
21825
21826
21828
21829
21830
21831
21833
21834
21835
21836
21837
21838
21839
21843
21844
21845
21846
21847
21848
21851
21853
21854
21855
21856
21857
21862
21864
21866
21867
21870
21871
21876
21879
21880
21881
21884
21885
21886
21887
21892
21894
21896
21898
21899
21901
21903
21904
21905
21915
21917
21921
21923
21932
21934
21938
21939
21941
21942
21945
21947
21948
21949
21953
21954
21959
21961
21964
21965
21966
21967
21968
21969
21970
21973
21974
21976
21978
21979
21980
21981
21983
21985
21987
21988
21991
21992
21993
21996
21997
22000
22001
22002
22004
22006
22010
22011
22013
22014
22016
22019
22021
22025
22034
22036
22037
22039
22043
22045
22047
22049
22050
22051
22052
22056
22057
22058
22059
22062
22064
22065
22066
22071
22072
22073
22074
22078
22080
22082
22083
22084
22085
22089
22091
22092
22095
22096
22101
22102
22103
22105
22107
22109
22110
22112
22113
22114
22115
22116
22120
22125
22126
22130
22131
22132
22133
22137
22138
22139
22141
22144
22148
22153
22155
22156
22158
22159
22160
22161
22162
22171
22172
22175
22184
22186
22189
22191
22196
22197
22198
22204
22207
22209
22211
22215
22220
22223
22231
22234
22236
22239
22242
22243
22244
22245
22248
22255
22258
22261
22269
22273
22274
22276
22277
22281
22283
22285
22288
22293
22294
22295
22299
22302
22306
22307
22310
22313
22325
22327
22330
22332
22333
22334
22335
22336
22337
22340
22344
22345
22348
22349
22350
22352
22354
22356
22357
22359
22360
22361
22364
22367
22368
22369
22371
22372
22374
22375
22377
22378
22380
22384
22385
22387
22389
22391
22392
22396
22397
22398
22399
22402
22403
22404
22405
22409
22410
22413
22414
22415
22418
22419
22420
22421
22424
22426
22427
22428
22429
22432
22434
22441
22442
22443
22446
22449
22451
22454
22455
22456
22458
22459
22464
22465
22466
22467
22469
22472
22473
22475
22478
22479
22487
22488
22490
22492
22494
22495
22496
22497
22498
22499
22500
22501
22502
22503
22504
22508
22509
22513
22514
22515
22517
22518
22519
22522
22523
22528
22530
22532
22534
22541
22542
22545
22548
22551
22556
22559
22561
22564
22566
22567
22570
22577
22578
22580
22581
22583
22588
22589
22592
22593
22594
22595
22596
22602
22604
22605
22611
22612
22614
22615
22617
22618
22622
22624
22628
22630
22631
22635
22637
22639
22641
22642
22644
22645
22651
22653
22654
22655
22656
22657
22659
22667
22668
22671
22672
22673
22674
22678
22681
22682
22686
22687
22697
22698
22701
22708
22709
22710
22716
22717
22718
22719
22720
22721
22723
22724
22726
22727
22728
22732
22734
22735
22745
22749
22754
22757
22760
22763
22768
22771
22772
22774
22776
22777
22779
22781
22783
22785
22786
22787
22788
22790
22792
22795
22798
22802
22804
22808
22812
22813
22814
22815
22816
22818
22821
22824
22827
22828
22831
22833
22834
22835
22836
22837
22838
22842
22843
22844
22845
22846
22852
22854
22856
22858
22859
22860
22861
22864
22865
22866
22868
22872
22874
22875
22876
22878
22879
22880
22881
22882
22883
22884
22885
22889
22891
22894
22896
22897
22898
22901
22902
22903
22905
22906
22908
22910
22913
22914
22918
22919
22921
22923
22924
22925
22926
22928
22931
22935
22936
22938
22939
22942
22943
22946
22947
22949
22950
22952
22953
22954
22959
22961
22965
22967
22969
22970
22971
22973
22976
22978
22979
22980
22982
22986
22987
22992
22994
22996
22997
22999
23001
23002
23007
23009
23010
23011
23014
23019
23022
23025
23026
23028
23029
23031
23034
23036
23039
23041
23042
23046
23047
23049
23050
23054
23058
23059
23060
23061
23068
23071
23075
23078
23079
23081
23082
23085
23087
23089
23092
23093
23097
23099
23100
23105
23108
23109
23110
23112
23114
23117
23118
23119
23120
23122
23124
23125
23127
23128
23132
23133
23134
23136
23137
23138
23142
23145
23146
23148
23151
23153
23156
23157
23159
23161
23166
23167
23168
23169
23171
23174
23176
23183
23184
23185
23187
23188
23190
23193
23194
23195
23196
23201
23203
23206
23207
23208
23209
23213
23218
23219
23225
23228
23229
23232
23234
23237
23238
23240
23241
23245
23247
23252
23256
23257
23260
23262
23265
23267
23270
23272
23279
23280
23285
23286
23289
23290
23291
23292
23297
23298
23299
23302
23307
23311
23312
23313
23314
23316
23318
23319
23320
23323
23324
23325
23326
23328
23331
23332
23334
23336
23337
23338
23340
23341
23344
23346
23349
23350
23351
23352
23353
23355
23358
23360
23361
23363
23367
23370
23372
23374
23375
23382
23383
23385
23387
23393
23399
23400
23402
23407
23408
23409
23413
23422
23423
23427
23428
23429
23430
23431
23432
23435
23439
23440
23441
23443
23445
23447
23448
23450
23452
23455
23457
23459
23460
23464
23466
23468
23471
23473
23475
23477
23478
23479
23480
23482
23487
23491
23495
23496
23497
23498
23499
23501
23502
23504
23505
23506
23508
23511
23512
23515
23519
23520
23528
23532
23535
23536
23537
23538
23540
23545
23546
23547
23548
23549
23552
23554
23555
23556
23561
23562
23563
23564
23566
23567
23568
23573
23574
23576
23579
23582
23583
23586
23587
23590
23592
23593
23594
23596
23597
23599
23600
23601
23602
23605
23607
23608
23611
23613
23615
23619
23623
23627
23630
23631
23633
23634
23635
23636
23638
23640
23641
23642
23645
23648
23650
23651
23657
23658
23665
23667
23669
23670
23671
23673
23680
23681
23687
23688
23689
23691
23696
23697
23699
23700
23702
23704
23709
23711
23712
23714
23716
23720
23724
23726
23727
23728
23729
23730
23732
23734
23735
23737
23738
23744
23750
23751
23753
23756
23759
23764
23766
23768
23770
23772
23773
23775
23778
23780
23781
23782
23789
23790
23791
23792
23794
23795
23798
23801
23802
23805
23806
23808
23809
23810
23816
23819
23820
23821
23827
23828
23829
23830
23831
23836
23839
23840
23844
23846
23847
23848
23849
23850
23853
23855
23856
23860
23861
23862
23863
23869
23870
23873
23874
23878
23879
23880
23881
23884
23887
23890
23891
23893
23895
23896
23897
23898
23899
23901
23903
23904
23905
23909
23912
23913
23916
23917
23919
23920
23925
23926
23927
23928
23929
23931
23932
23933
23934
23935
23936
23938
23940
23942
23943
23945
23947
23948
23949
23951
23952
23955
23956
23957
23962
23963
23966
23968
23971
23973
23974
23977
23979
23982
23984
23985
23988
23993
23995
23996
24001
24003
24010
24016
24018
24020
24022
24025
24027
24029
24030
24031
24032
24035
24036
24037
24039
24040
24043
24045
24048
24050
24052
24054
24057
24058
24059
24061
24062
24065
24067
24068
24071
24073
24074
24075
24076
24078
24080
24085
24089
24094
24095
24096
24097
24103
24104
24105
24106
24108
24111
24112
24114
24118
24120
24124
24127
24128
24129
24130
24133
24134
24135
24136
24140
24141
24142
24145
24147
24149
24150
24155
24157
24161
24163
24165
24166
24167
24168
24170
24171
24175
24177
24179
24183
24188
24189
24195
24196
24197
24199
24201
24202
24203
24204
24210
24211
24214
24215
24216
24217
24218
24219
24220
24226
24230
24231
24233
24236
24239
24247
24250
24251
24254
24256
24257
24258
24260
24261
24262
24263
24266
24267
24268
24269
24275
24279
24280
24286
24287
24289
24290
24291
24293
24294
24295
24296
24297
24298
24302
24303
24304
24306
24307
24309
24311
24312
24314
24315
24316
24317
24318
24319
24320
24321
24322
24323
24325
24327
24337
24338
24340
24341
24343
24344
24345
24347
24348
24351
24354
24356
24357
24359
24360
24362
24363
24370
24372
24376
24379
24384
24387
24388
24389
24390
24392
24393
24397
24399
24401
24408
24410
24417
24419
24421
24426
24427
24430
24432
24436
24437
24438
24441
24443
24444
24445
24451
24452
24453
24454
24458
24461
24462
24463
24464
24471
24473
24476
24480
24481
24482
24487
24488
24489
24491
24495
24497
24498
24499
24501
24502
24505
24506
24508
24512
24514
24518
24520
24521
24524
24525
24528
24530
24532
24533
24537
24543
24548
24551
24554
24559
24560
24563
24564
24566
24567
24568
24572
24576
24577
24578
24579
24580
24581
24582
24585
24586
24587
24590
24592
24593
24596
24597
24601
24602
24603
24604
24606
24608
24610
24613
24617
24619
24621
24623
24629
24630
24631
24632
24633
24639
24641
24642
24644
24646
24649
24650
24652
24653
24657
24659
24666
24667
24668
24670
24671
24674
24675
24676
24677
24678
24679
24687
24689
24690
24691
24693
24696
24698
24705
24706
24708
24709
24711
24716
24718
24719
24720
24723
24724
24725
24727
24728
24729
24730
24731
24735
24736
24737
24741
24742
24744
24748
24751
24752
24755
24758
24759
24760
24762
24765
24766
24768
24769
24773
24776
24777
24778
24781
24782
24783
24785
24786
24787
24791
24793
24794
24795
24796
24798
24800
24802
24803
24804
24806
24807
24808
24809
24815
24818
24819
24820
24822
24825
24829
24830
24831
24833
24835
24836
24837
24838
24841
24842
24845
24846
24847
24848
24849
24850
24852
24855
24856
24859
24860
24861
24862
24865
24868
24872
24873
24876
24882
24883
24885
24889
24890
24895
24897
24900
24902
24903
24904
24905
24906
24907
24908
24909
24914
24921
24922
24923
24925
24927
24928
24929
24930
24935
24936
24938
24940
24942
24943
24948
24950
24952
24954
24957
24961
24962
24966
24967
24968
24970
24973
24976
24983
24984
24987
24988
24989
24990
24991
24992
24993
24994
24995
24996
24998
25001
25003
25004
25005
25006
25010
25012
25013
25014
25018
25019
25022
25024
25026
25028
25029
25032
25033
25034
25037
25038
25039
25043
25044
25048
25050
25051
25052
25054
25057
25061
25062
25064
25067
25068
25073
25075
25077
25080
25082
25086
25090
25093
25094
25096
25098
25099
25100
25101
25102
25106
25107
25109
25112
25113
25115
25117
25118
25120
25123
25125
25126
25129
25130
25133
25136
25137
25140
25142
25143
25144
25146
25148
25151
25152
25153
25154
25155
25156
25159
25160
25161
25162
25163
25164
25165
25167
25169
25171
25172
25173
25175
25176
25177
25178
25180
25183
25184
25186
25188
25190
25199
25200
25205
25214
25215
25216
25218
25225
25229
25230
25234
25236
25238
25240
25241
25242
25246
25250
25253
25254
25256
25257
25261
25262
25263
25264
25265
25266
25267
25269
25271
25273
25274
25281
25282
25283
25284
25285
25287
25290
25291
25292
25293
25294
25297
25299
25301
25304
25305
25306
25307
25309
25310
25312
25314
25315
25320
25325
25327
25328
25329
25332
25333
25335
25339
25341
25348
25349
25350
25353
25354
25356
25357
25358
25364
25365
25366
25368
25369
25370
25376
25377
25378
25380
25381
25382
25383
25384
25385
25387
25389
25390
25392
25394
25396
25397
25401
25403
25405
25407
25411
25412
25414
25418
25424
25425
25426
25427
25428
25433
25434
25435
25438
25441
25442
25444
25448
25453
25456
25459
25460
25463
25464
25465
25466
25467
25471
25472
25473
25475
25478
25479
25485
25487
25488
25491
25492
25494
25495
25496
25498
25500
25502
25503
25504
25505
25506
25509
25511
25513
25514
25515
25518
25521
25523
25526
25530
25531
25534
25538
25539
25541
25542
25544
25545
25549
25552
25553
25554
25556
25557
25558
25560
25563
25567
25569
25570
25571
25574
25576
25582
25583
25585
25587
25592
25595
25597
25602
25603
25605
25606
25607
25609
25610
25616
25619
25620
25621
25622
25623
25627
25629
25633
25636
25638
25639
25640
25641
25642
25643
25647
25648
25651
25652
25653
25655
25657
25660
25661
25662
25663
25669
25674
25681
25683
25687
25688
25691
25693
25697
25699
25700
25701
25702
25708
25709
25715
25716
25718
25720
25721
25729
25730
25733
25738
25742
25749
25750
25751
25752
25754
25756
25761
25764
25765
25766
25767
25768
25769
25770
25772
25773
25774
25776
25780
25782
25784
25785
25786
25787
25788
25789
25796
25798
25800
25810
25812
25817
25820
25821
25822
25823
25824
25825
25827
25829
25830
25831
25832
25833
25834
25836
25838
25841
25842
25849
25853
25854
25856
25860
25861
25862
25863
25867
25869
25872
25873
25876
25879
25880
25881
25882
25885
25897
25900
25902
25907
25910
25912
25914
25916
25918
25923
25927
25929
25931
25932
25933
25936
25937
25939
25941
25943
25944
25945
25946
25949
25951
25961
25962
25966
25970
25972
25974
25975
25980
25983
25984
25986
25987
25988
25990
25993
25994
25996
25997
26000
26003
26004
26007
26008
26009
26011
26012
26014
26016
26019
26021
26022
26028
26029
26032
26034
26040
26041
26046
26049
26051
26052
26055
26058
26060
26062
26064
26067
26068
26070
26072
26074
26075
26076
26078
26082
26084
26092
26094
26095
26096
26097
26100
26102
26103
26104
26105
26110
26116
26124
26127
26128
26130
26133
26139
26140
26143
26149
26151
26154
26156
26160
26162
26163
26169
26172
26177
26178
26179
26181
26182
26183
26184
26186
26189
26191
26193
26196
26198
26200
26201
26202
26203
26204
26205
26207
26209
26210
26212
26216
26217
26218
26222
26223
26225
26230
26233
26234
26235
26236
26240
26243
26246
26248
26249
26250
26254
26256
26264
26267
26268
26275
26276
26281
26283
26292
26294
26298
26301
26302
26303
26306
26307
26308
26309
26310
26313
26315
26319
26321
26324
26326
26327
26328
26333
26334
26335
26338
26339
26345
26346
26347
26350
26352
26356
26358
26359
26360
26361
26363
26364
26367
26368
26369
26373
26376
26378
26384
26393
26395
26396
26397
26398
26401
26403
26411
26412
26416
26418
26420
26423
26425
26431
26432
26435
26436
26438
26443
26444
26447
26449
26450
26452
26456
26457
26459
26463
26466
26467
26473
26475
26477
26480
26482
26483
26486
26487
26488
26492
26493
26497
26501
26503
26505
26506
26510
26511
26514
26515
26517
26518
26522
26523
26524
26528
26529
26532
26539
26541
26542
26543
26546
26552
26555
26556
26557
26560
26562
26564
26565
26570
26572
26573
26574
26575
26576
26577
26580
26582
26583
26585
26586
26588
26596
26598
26605
26608
26614
26616
26617
26621
26626
26629
26630
26632
26640
26645
26646
26648
26649
26651
26652
26653
26658
26662
26664
26668
26670
26671
26674
26675
26676
26680
26681
26682
26683
26686
26690
26691
26694
26695
26696
26699
26700
26703
26705
26706
26714
26718
26720
26721
26724
26726
26727
26730
26731
26733
26735
26742
26745
26748
26749
26751
26752
26753
26754
26755
26757
26758
26761
26764
26768
26769
26778
26782
26785
26788
26791
26793
26796
26805
26806
26808
26812
26819
26822
26825
26829
26832
26837
26838
26840
26842
26843
26844
26846
26849
26850
26852
26855
26857
26858
26861
26864
26865
26867
26868
26870
26873
26874
26877
26878
26882
26883
26884
26888
26889
26890
26891
26893
26894
26896
26898
26900
26901
26902
26906
26907
26908
26909
26912
26914
26916
26917
26918
26919
26921
26925
26926
26927
26930
26932
26934
26936
26937
26946
26952
26953
26957
26959
26960
26961
26962
26963
26965
26966
26971
26972
26973
26975
26976
26977
26978
26979
26980
26981
26994
26997
27003
27009
27013
27014
27016
27017
27018
27021
27023
27024
27027
27029
27030
27036
27042
27049
27050
27051
27053
27055
27057
27058
27060
27062
27065
27075
27076
27081
27083
27086
27087
27088
27094
27097
27098
27099
27100
27101
27104
27107
27110
27111
27112
27114
27115
27116
27118
27119
27122
27127
27129
27131
27132
27137
27139
27140
27141
27142
27151
27152
27154
27164
27165
27166
27167
27168
27170
27175
27176
27177
27181
27182
27183
27190
27191
27193
27194
27196
27197
27199
27200
27201
27208
27211
27213
27216
27217
27221
27222
27224
27227
27230
27231
27232
27233
27236
27243
27245
27246
27247
27248
27252
27253
27255
27261
27270
27271
27272
27274
27276
27278
27283
27287
27289
27292
27295
27296
27297
27300
27305
27308
27312
27314
27316
27317
27318
27321
27325
27326
27332
27336
27337
27338
27340
27342
27343
27345
27349
27350
27354
27355
27359
27367
27368
27370
27373
27374
27387
27388
27389
27393
27396
27397
27399
27401
27402
27411
27413
27414
27416
27417
27419
27420
27421
27422
27429
27431
27433
27434
27435
27448
27449
27451
27452
27454
27463
27465
27466
27471
27473
27474
27475
27477
27479
27480
27488
27491
27493
27496
27498
27507
27509
27515
27519
27523
27524
27526
27528
27529
27530
27531
27540
27541
27544
27545
27546
27550
27551
27553
27554
27560
27561
27565
27566
27567
27569
27570
27571
27574
27575
27576
27577
27579
27580
27581
27584
27587
27591
27593
27598
27599
27601
27602
27604
27605
27606
27607
27609
27611
27618
27620
27622
27623
27624
27626
27628
27632
27634
27636
27637
27638
27639
27642
27645
27648
27651
27656
27660
27664
27665
27668
27676
27678
27680
27685
27687
27689
27694
27695
27697
27698
27702
27706
27707
27710
27714
27716
27721
27725
27728
27730
27732
27733
27736
27737
27739
27745
27749
27750
27752
27753
27757
27760
27761
27762
27763
27765
27766
27769
27775
27776
27777
27778
27779
27781
27783
27785
27786
27788
27789
27790
27792
27793
27796
27798
27800
27801
27802
27805
27806
27807
27808
27809
27813
27815
27817
27820
27821
27822
27823
27824
27826
27828
27829
27831
27832
27834
27836
27837
27840
27842
27843
27845
27851
27855
27858
27859
27861
27862
27863
27864
27866
27868
27870
27871
27876
27881
27884
27891
27893
27894
27899
27901
27903
27908
27911
27913
27917
27918
27920
27921
27928
27929
27932
27934
27937
27941
27942
27944
27947
27948
27949
27950
27952
27954
27956
27957
27963
27965
27966
27967
27968
27969
27974
27976
27981
27982
27983
27984
27986
27987
27990
27995
27996
27998
27999
28005
28007
28008
28010
28011
28013
28014
28015
28016
28018
28020
28023
28025
28028
28029
28031
28035
28039
28040
28041
28043
28045
28048
28051
28052
28053
28055
28056
28062
28065
28066
28069
28074
28075
28076
28080
28082
28083
28084
28086
28088
28089
28090
28091
28094
28096
28098
28099
28101
28102
28103
28104
28105
28106
28109
28112
28115
28116
28118
28122
28123
28130
28133
28134
28136
28137
28143
28144
28146
28147
28148
28149
28151
28153
28156
28157
28158
28161
28162
28164
28169
28171
28174
28176
28181
28186
28194
28195
28196
28197
28198
28200
28203
28209
28214
28221
28223
28224
28225
28226
28229
28232
28234
28237
28238
28239
28240
28243
28246
28248
28249
28250
28251
28253
28254
28255
28260
28264
28268
28269
28275
28282
28284
28288
28289
28292
28294
28300
28303
28308
28309
28314
28316
28317
28318
28322
28323
28325
28329
28330
28331
28337
28339
28342
28344
28348
28352
28354
28355
28361
28364
28365
28368
28369
28370
28373
28377
28378
28379
28380
28381
28382
28383
28384
28386
28389
28390
28394
28395
28397
28399
28402
28403
28405
28406
28408
28410
28411
28414
28415
28421
28422
28426
28428
28429
28430
28432
28437
28439
28440
28443
28444
28446
28449
28453
28457
28458
28460
28461
28469
28470
28472
28477
28479
28480
28483
28485
28487
28488
28491
28495
28496
28499
28501
28502
28505
28506
28507
28510
28511
28512
28513
28514
28515
28518
28519
28521
28522
28528
28529
28531
28532
28533
28536
28542
28545
28546
28547
28551
28552
28554
28556
28557
28558
28559
28560
28562
28570
28577
28579
28583
28584
28585
28586
28587
28588
28592
28593
28596
28598
28599
28600
28613
28614
28618
28619
28620
28622
28623
28626
28630
28632
28633
28635
28640
28641
28642
28646
28647
28653
28654
28657
28659
28660
28662
28664
28666
28667
28672
28673
28677
28680
28681
28684
28687
28689
28691
28692
28693
28694
28696
28697
28699
28701
28702
28703
28705
28707
28710
28713
28714
28715
28716
28717
28718
28721
28726
28729
28731
28733
28734
28735
28737
28741
28745
28747
28750
28751
28752
28753
28754
28758
28760
28766
28768
28776
28777
28778
28782
28785
28788
28789
28792
28795
28797
28798
28799
28800
28801
28802
28803
28804
28806
28808
28809
28810
28811
28813
28817
28818
28825
28828
28830
28831
