15
17
20
24
30
46
51
53
65
72
79
83
100
102
104
112
114
116
123
127
132
135
140
143
156
158
159
161
164
165
174
182
183
194
198
204
205
208
223
239
245
246
247
248
266
268
272
273
278
283
295
311
313
314
315
322
337
340
344
347
349
356
358
364
370
382
384
393
410
432
434
451
457
464
474
480
487
495
497
499
500
502
508
510
516
528
531
538
540
542
543
546
557
570
581
582
586
590
593
596
597
598
600
601
602
611
612
615
619
620
631
633
634
635
638
639
642
651
654
673
676
681
684
694
706
718
729
732
740
747
757
765
767
789
793
794
802
803
811
816
824
826
829
833
839
840
841
842
850
859
868
872
874
875
884
886
887
888
891
896
909
910
919
926
927
941
942
955
972
984
986
993
995
996
1003
1013
1018
1021
1022
1024
1036
1038
1040
1054
1057
1058
1059
1063
1071
1073
1087
1088
1096
1101
1112
1113
1122
1123
1132
1146
1149
1154
1155
1165
1174
1177
1178
1185
1187
1190
1196
1197
1198
1201
1205
1209
1212
1218
1219
1222
1223
1233
1235
1236
1239
1240
1242
1247
1249
1250
1251
1257
1260
1261
1263
1266
1268
1270
1274
1278
1283
1290
1292
1298
1312
1313
1318
1320
1325
1331
1332
1336
1337
1338
1339
1346
1358
1363
1371
1380
1383
1400
1406
1408
1413
1417
1419
1424
1425
1444
1452
1460
1463
1475
1492
1499
1508
1510
1512
1514
1520
1522
1523
1530
1555
1561
1571
1573
1578
1598
1617
1625
1627
1629
1640
1646
1651
1663
1678
1684
1690
1696
1699
1701
1703
1707
1712
1716
1726
1735
1740
1744
1749
1761
1762
1782
1802
1807
1815
1816
1817
1823
1851
1859
1863
1869
1873
1894
1901
1906
1923
1928
1935
1946
1947
1949
1952
1954
1955
1960
1965
1972
1984
1998
2006
2007
2014
2016
2018
2019
2023
2033
2042
2045
2062
2073
2091
2092
2099
2103
2107
2112
2113
2119
2125
2128
2131
2144
2157
2169
2179
2183
2200
2203
2213
2224
2227
2235
2241
2261
2264
2266
2269
2273
2278
2281
2286
2288
2289
2297
2300
2314
2317
2329
2332
2334
2342
2348
2350
2353
2368
2383
2385
2389
2399
2406
2411
2412
2415
2416
2422
2425
2438
2445
2448
2451
2456
2458
2459
2461
2469
2470
2478
2483
2489
2493
2496
2499
2501
2509
2516
2518
2525
2533
2534
2539
2541
2557
2559
2569
2582
2597
2616
2628
2629
2630
2632
2636
2640
2642
2650
2656
2672
2677
2682
2684
2686
2701
2704
2714
2725
2731
2741
2755
2766
2768
2775
2778
2785
2791
2792
2793
2797
2800
2804
2808
2819
2821
2825
2830
2835
2842
2843
2846
2848
2851
2876
2880
2900
2904
2916
2924
2944
2954
2961
2969
2972
2976
2984
2988
3003
3005
3008
3011
3023
3026
3034
3038
3052
3062
3078
3082
3084
3109
3117
3120
3126
3136
3145
3154
3158
3165
3166
3171
3172
3174
3178
3183
3192
3193
3197
3200
3204
3220
3221
3225
3235
3236
3257
3261
3262
3282
3285
3292
3293
3299
3301
3310
3312
3317
3323
3325
3326
3343
3348
3349
3358
3365
3367
3373
3374
3375
3381
3382
3385
3394
3403
3404
3405
3406
3422
3423
3428
3430
3435
3438
3439
3449
3450
3453
3454
3486
3488
3491
3493
3505
3506
3509
3527
3529
3540
3548
3553
3558
3561
3568
3569
3579
3581
3591
3592
3607
3626
3633
3651
3660
3669
3679
3695
3697
3710
3711
3722
3730
3747
3749
3752
3765
3769
3771
3795
3801
3805
3813
3823
3826
3845
3858
3870
3875
3880
3890
3898
3904
3925
3929
3930
3943
3944
3949
3950
3955
3956
3962
3969
3983
3990
3992
3994
3998
4020
4038
4042
4045
4049
4069
4083
4086
4097
4105
4116
4127
4128
4132
4150
4152
4158
4163
4170
4171
4186
4190
4193
4195
4201
4246
4259
4262
4280
4282
4283
4308
4323
4341
4343
4361
4364
4368
4372
4376
4380
4396
4403
4412
4413
4421
4429
4432
4437
4438
4446
4475
4483
4484
4486
4498
4499
4501
4503
4504
4518
4521
4526
4540
4548
4553
4554
4574
4578
4579
4582
4591
4596
4601
4615
4620
4645
4654
4655
4724
4727
4728
4730
4737
4744
4746
4769
4778
4786
4788
4796
4808
4815
4816
4822
4833
4837
4840
4846
4848
4854
4856
4859
4863
4864
4883
4887
4890
4895
4904
4915
4924
4934
4953
4955
4956
4959
4971
4972
4978
4981
4982
4994
4995
5004
5006
5008
5013
5029
5032
5035
5037
5040
5043
5046
5049
5060
5073
5081
5086
5092
5096
5110
5126
5131
5132
5134
5144
5147
5149
5154
5158
5159
5175
5179
5181
5194
5195
5204
5231
5236
5275
5285
5293
5300
5305
5311
5312
5315
5317
5323
5328
5331
5332
5333
5334
5340
5346
5350
5359
5362
5366
5368
5378
5386
5411
5428
5437
5440
5445
5474
5485
5493
5495
5499
5501
5514
5527
5529
5533
5539
5540
5541
5543
5544
5552
5562
5563
5567
5574
5582
5584
5588
5589
5594
5598
5599
5611
5612
5614
5615
5620
5626
5630
5631
5632
5633
5643
5644
5646
5652
5653
5654
5656
5664
5669
5674
5675
5700
5704
5727
5728
5734
5738
5742
5746
5751
5758
5760
5763
5775
5777
5781
5784
5786
5793
5795
5801
5805
5807
5808
5813
5818
5820
5821
5828
5835
5837
5851
5861
5862
5867
5869
5870
5876
5883
5886
5890
5892
5898
5900
5908
5914
5916
5918
5939
5944
5947
5948
5952
5954
5955
5958
5970
5976
5981
5989
5990
5996
6007
6011
6015
6020
6023
6030
6036
6041
6042
6044
6048
6068
6071
6078
6079
6085
6091
6092
6097
6105
6107
6116
6118
6120
6122
6134
6136
6147
6150
6153
6168
6172
6177
6182
6190
6192
6194
6207
6208
6210
6218
6221
6229
6230
6232
6234
6246
6254
6255
6258
6260
6264
6265
6271
6273
6280
6297
6300
6302
6304
6311
6328
6334
6341
6342
6344
6346
6353
6358
6362
6366
6369
6380
6386
6393
6394
6402
6410
6417
6424
6426
6427
6429
6430
6432
6450
6453
6455
6464
6465
6469
6470
6478
6480
6482
6487
6492
6503
6506
6508
6520
6526
6532
6539
6551
6552
6558
6561
6563
6568
6580
6583
6584
6605
6606
6608
6613
6622
6627
6634
6635
6647
6650
6652
6653
6655
6656
6671
6674
6692
6693
6694
6697
6714
6721
6723
6724
6734
6735
6743
6749
6760
6764
6766
6792
6800
6804
6807
6808
6812
6818
6833
6840
6842
6855
6876
6881
6882
6886
6890
6891
6896
6900
6901
6902
6907
6911
6912
6915
6919
6921
6923
6932
6936
6945
6953
6954
6956
6963
6964
6965
6970
6973
6980
6996
7000
7001
7010
7017
7018
7024
7034
7036
7037
7041
7048
7053
7056
7057
7060
7062
7064
7070
7080
7082
7087
7091
7098
7106
7118
7124
7141
7146
7149
7165
7179
7188
7189
7192
7195
7198
7202
7205
7209
7210
7217
7219
7220
7248
7261
7279
7281
7284
7295
7296
7299
7304
7310
7311
7312
7320
7324
7333
7346
7353
7356
7359
7366
7376
7389
7391
7394
7398
7418
7422
7426
7430
7431
7442
7451
7462
7478
7485
7503
7505
7515
7521
7530
7532
7544
7546
7547
7562
7564
7568
7577
7586
7600
7601
7605
7617
7636
7638
7641
7654
7656
7657
7660
7663
7668
7673
7677
7680
7691
7695
7698
7710
7718
7724
7728
7729
7731
7737
7755
7758
7761
7765
7774
7777
7779
7792
7796
7802
7804
7811
7812
7815
7826
7830
7833
7837
7843
7848
7857
7861
7862
7867
7876
7884
7894
7897
7900
7903
7910
7915
7920
7927
7932
7935
7939
7954
7957
7958
7968
7980
7985
8002
8011
8013
8027
8028
8029
8036
8037
8038
8041
8045
8048
8057
8058
8059
8060
8061
8070
8078
8087
8088
8092
8093
8097
8110
8115
8117
8121
8132
8163
8169
8191
8195
8202
8203
8207
8208
8212
8239
8243
8245
8247
8258
8259
8287
8290
8294
8300
8302
8307
8308
8318
8321
8333
8348
8356
8363
8369
8393
8395
8401
8413
8415
8416
8426
8428
8433
8442
8446
8450
8451
8452
8455
8465
8466
8468
8473
8477
8484
8487
8492
8494
8504
8506
8509
8511
8513
8521
8523
8531
8534
8539
8544
8558
8560
8567
8570
8571
8583
8589
8593
8597
8601
8612
8631
8635
8636
8644
8649
8653
8660
8666
8667
8671
8673
8674
8680
8683
8687
8692
8694
8695
8698
8700
8708
8710
8711
8716
8718
8725
8726
8732
8740
8741
8745
8748
8758
8765
8783
8784
8788
8791
8792
8795
8799
8800
8816
8820
8822
8827
8829
8830
8833
8837
8840
8847
8848
8852
8855
8859
8866
8868
8875
8893
8902
8913
8914
8915
8933
8944
8946
8951
8953
8956
8958
8959
8963
8975
8981
8989
8996
9006
9014
9019
9021
9023
9026
9030
9034
9035
9044
9050
9054
9058
9061
9063
9076
9080
9084
9093
9095
9111
9126
9127
9130
9131
9147
9148
9149
9154
9156
9159
9164
9165
9172
9177
9192
9193
9194
9208
9212
9213
9216
9222
9225
9229
9237
9242
9247
9249
9259
9266
9269
9272
9282
9283
9293
9295
9301
9303
9305
9311
9315
9320
9322
9325
9327
9329
9330
9340
9343
9353
9357
9361
9362
9369
9376
9378
9382
9383
9390
9396
9397
9398
9399
9403
9404
9406
9407
9411
9418
9424
9442
9448
9450
9452
9454
9457
9466
9469
9474
9476
9477
9479
9492
9495
9501
9502
9509
9517
9526
9540
9549
9556
9562
9565
9571
9574
9576
9579
9581
9583
9589
9593
9613
9614
9620
9621
9622
9625
9632
9641
9643
9644
9645
9657
9669
9678
9679
9682
9683
9684
9691
9705
9715
9717
9723
9730
9731
9740
9744
9746
9763
9771
9781
9783
9796
9802
9804
9808
9809
9817
9818
9822
9827
9852
9856
9865
9868
9870
9876
9909
9910
9911
9920
9934
9947
9960
9970
9972
9974
9976
9983
9988
10000
10001
10034
10044
10049
10059
10102
10124
10127
10129
10136
10159
10168
10173
10185
10186
10190
10200
10205
10206
10209
10212
10217
10221
10226
10228
10232
10233
10234
10241
10244
10262
10268
10281
10301
10302
10316
10323
10328
10329
10331
10333
10336
10353
10362
10365
10368
10388
10392
10396
10397
10408
10409
10412
10413
10417
10425
10431
10434
10438
10440
10445
10449
10459
10471
10473
10475
10489
10496
10498
10504
10511
10529
10532
10534
10542
10559
10564
10567
10572
10582
10591
10593
10594
10611
10617
10623
10633
10634
10635
10655
10656
10690
10703
10713
10720
10723
10728
10735
10737
10742
10745
10747
10750
10751
10756
10771
10774
10777
10778
10780
10787
10792
10796
10806
10807
10811
10819
10825
10827
10833
10834
10838
10839
10852
10861
10863
10866
10874
10878
10884
10885
10890
10894
10906
10909
10916
10921
10926
10944
10951
10969
10979
10982
10988
10990
10997
11001
11006
11017
11025
11036
11041
11050
11055
11064
11067
11070
11080
11083
11088
11093
11099
11107
11111
11113
11118
11126
11127
11130
11135
11137
11148
11162
11169
11172
11176
11183
11190
11192
11193
11196
11203
11206
11209
11211
11224
11228
11229
11230
11231
11235
11237
11242
11250
11260
11268
11276
11282
11299
11301
11309
11316
11318
11322
11329
11330
11333
11337
11343
11345
11357
11359
11370
11374
11381
11388
11399
11400
11403
11406
11413
11415
11433
11438
11442
11448
11451
11454
11457
11460
11462
11469
11471
11472
11475
11478
11482
11483
11487
11495
11498
11501
11503
11504
11506
11512
11514
11515
11519
11521
11524
11530
11533
11540
11541
11547
11549
11557
11560
11569
11571
11573
11578
11585
11588
11589
11591
11594
11599
11602
11605
11607
11609
11612
11617
11619
11621
11623
11624
11627
11628
11633
11634
11635
11636
11638
11655
11661
11668
11670
11675
11676
11687
11695
11700
11708
11719
11725
11728
11736
11746
11754
11755
11765
11776
11782
11785
11788
11804
11806
11809
11813
11815
11818
11823
11824
11829
11832
11834
11839
11846
11852
11877
11878
11879
11882
11884
11891
11893
11898
11903
11914
11915
11918
11927
11935
11984
11991
12017
12025
12042
12050
12054
12055
12057
12059
12066
12104
12105
12116
12135
12139
12142
12166
12197
12218
12233
12240
12246
12281
12282
12287
12291
12296
12298
12309
12313
12321
12324
12331
12357
12360
12365
12376
12388
12406
12419
12422
12425
12430
12440
12460
12464
12469
12472
12474
12487
12490
12496
12499
12502
12512
12519
12521
12524
12527
12528
12534
12538
12553
12576
12581
12583
12589
12597
12604
12636
12647
12661
12662
12667
12672
12688
12700
12705
12707
12723
12725
12726
12728
12729
12731
12732
12760
12768
12770
12772
12773
12775
12780
12784
12787
12792
12793
12795
12808
12810
12817
12820
12850
12852
12855
12856
12863
12869
12871
12876
12879
12884
12887
12888
12895
12903
12907
12913
12919
12922
12927
12930
12932
12945
12946
12953
12954
12955
12959
12968
12979
12980
12990
12991
12997
13002
13005
13015
13021
13026
13037
13038
13047
13048
13058
13067
13075
13089
13090
13101
13105
13108
13116
13129
13130
13135
13138
13145
13150
13153
13160
13162
13170
13174
13179
13194
13197
13209
13211
13223
13224
13228
13234
13235
13236
13265
13272
13278
13284
13299
13305
13308
13311
13316
13325
13326
13329
13330
13332
13336
13340
13341
13344
13350
13356
13367
13369
13377
13379
13385
13390
13391
13400
13404
13410
13415
13425
13437
13442
13443
13451
13452
13453
13455
13461
13464
13467
13469
13470
13480
13483
13484
13488
13489
13493
13495
13501
13504
13511
13513
13520
13526
13528
13535
13536
13540
13553
13557
13562
13567
13569
13590
13600
13608
13623
13625
13630
13632
13634
13647
13659
13662
13676
13678
13684
13705
13711
13714
13726
13729
13735
13741
13742
13761
13773
13791
13793
13795
13797
13798
13802
13808
13809
13812
13818
13837
13844
13852
13862
13870
13891
13895
13902
13906
13908
13923
13934
13935
13936
13939
13947
13948
13978
13981
13997
14000
14002
14015
14024
14032
14038
14042
14047
14050
14054
14061
14064
14065
14071
14074
14077
14078
14080
14081
14086
14087
14090
14091
14095
14096
14100
14105
14119
14130
14131
14145
14157
14162
14164
14194
14195
14202
14208
14218
14223
14224
14254
14258
14261
14264
14268
14289
14293
14294
14299
14312
14314
14317
14323
14327
14333
14343
14350
14354
14358
14362
14367
14369
14393
14394
14400
14403
14406
14414
14418
14419
14436
14442
14445
14446
14463
14468
14469
14480
14486
14494
14495
14501
14504
14511
14519
14521
14524
14526
14531
14535
14548
14550
14551
14559
14561
14565
14566
14570
14576
14584
14585
14590
14597
14603
14611
14625
14631
14637
14642
14648
14650
14656
14713
14717
14743
14745
14768
14770
14772
14786
14792
14817
14818
14819
14826
14831
14836
14860
14863
14866
14868
14893
14901
14923
14935
14955
14961
14975
14994
15015
15017
15025
15026
15027
15028
15029
15037
15047
15048
15056
15058
15060
15070
15072
15081
15086
15093
15113
15121
15123
15134
15136
15141
15146
15148
15155
15158
15172
15177
15181
15192
15204
15216
15220
15221
15222
15250
15271
15284
15291
15294
15307
15308
15327
15347
15349
15351
15356
15357
15360
15366
15369
15383
15396
15398
15405
15410
15421
15422
15424
15428
15431
15436
15460
15472
15488
15500
15502
15507
15525
15527
15536
15554
15560
15561
15565
15567
15568
15569
15570
15571
15573
15574
15581
15591
15597
15607
15608
15611
15622
15629
15636
15641
15645
15652
15653
15666
15670
15679
15687
15696
15703
15707
15711
15720
15730
15732
15734
15737
15742
15744
15749
15750
15752
15753
15756
15760
15761
15770
15772
15783
15785
15788
15790
15797
15799
15804
15806
15810
15819
15829
15831
15832
15834
15844
15845
15849
15852
15853
15855
15861
15862
15865
15869
15881
15894
15896
15899
15901
15905
15906
15907
15908
15909
15910
15929
15931
15937
15939
15941
15943
15945
15952
15954
15956
15968
15970
15971
15974
15983
15985
15986
15989
15994
15996
15998
15999
16002
16003
16004
16013
16014
16015
16019
16022
16026
16027
16039
16042
16048
16049
16051
16053
16059
16061
16073
16081
16087
16100
16105
16106
16117
16118
16125
16126
16127
16129
16130
16132
16133
16138
16144
16152
16163
16167
16169
16178
16181
16183
16188
16199
16201
16203
16204
16206
16208
16215
16216
16218
16222
16226
16229
16231
16232
16235
16236
16242
16248
16265
16277
16280
16289
16292
16293
16309
16315
16325
16326
16337
16342
16344
16347
16351
16353
16356
16364
16369
16371
16374
16375
16396
16397
16399
16402
16413
16420
16421
16424
16430
16438
16451
16453
16459
16462
16463
16468
16472
16495
16507
16512
16513
16514
16516
16523
16543
16545
16552
16553
16560
16566
16569
16574
16578
16584
16590
16594
16615
16622
16627
16630
16638
16642
16648
16650
16657
16658
16664
16681
16687
16692
16693
16710
16711
16722
16725
16727
16733
16738
16753
16754
16755
16766
16771
16773
16818
16819
16822
16830
16835
16839
16848
16864
16867
16875
16878
16885
16899
16902
16904
16905
16915
16918
16921
16924
16936
16937
16946
16954
16961
16963
16966
16976
16985
16995
16996
17004
17014
17022
17053
17055
17057
17058
17061
17077
17081
17084
17096
17097
17099
17103
17106
17110
17113
17126
17127
17145
17157
17160
17161
17174
17180
17182
17192
17194
17199
17214
17217
17225
17229
17233
17241
17244
17245
17246
17247
17252
17253
17257
17260
17261
17265
17267
17268
17269
17270
17288
17296
17308
17319
17336
17342
17343
17349
17357
17358
17366
17369
17374
17378
17385
17390
17394
17395
17401
17405
17412
17418
17419
17427
17430
17435
17436
17439
17441
17442
17445
17450
17461
17464
17466
17478
17496
17497
17504
17508
17511
17515
17521
17532
17536
17558
17572
17576
17583
17590
17595
17599
17604
17609
17629
17630
17632
17638
17653
17659
17666
17680
17683
17685
17687
17697
17698
17702
17713
17716
17720
17724
17726
17735
17736
17738
17745
17766
17769
17773
17774
17778
17781
17789
17796
17802
17812
17818
17826
17827
17829
17840
17843
17845
17846
17853
17860
17866
17869
17874
17881
17889
17893
17901
17903
17904
17907
17913
17915
17924
17925
17930
17933
17934
17937
17947
17951
17962
17966
17968
17969
17973
17978
17986
17988
18005
18006
18017
18019
18030
18032
18033
18037
18046
18050
18052
18061
18063
18070
18072
18080
18086
18088
18095
18109
18119
18134
18160
18167
18168
18169
18172
18189
18203
18240
18244
18245
18247
18263
18277
18281
18282
18285
18286
18287
18288
18290
18295
18303
18306
18308
18311
18327
18331
18340
18345
18351
18352
18358
18359
18360
18362
18369
18370
18373
18375
18376
18396
18398
18408
18409
18428
18450
18454
18468
18471
18482
18504
18512
18513
18520
18524
18526
18527
18529
18530
18539
18543
18544
18546
18549
18551
18554
18558
18559
18560
18566
18567
18570
18572
18577
18580
18583
18586
18588
18591
18595
18604
18605
18615
18616
18619
18630
18635
18636
18638
18640
18643
18650
18652
18660
18667
18675
18676
18678
18698
18699
18723
18738
18741
18746
18754
18756
18757
18765
18773
18774
18775
18776
18780
18785
18792
18798
18816
18820
18822
18829
18832
18835
18843
18844
18847
18855
18863
18874
18881
18884
18892
18900
18904
18908
18913
18923
18924
18926
18927
18929
18930
18943
18947
18956
18961
18974
18977
18981
18992
19009
19012
19018
19022
19024
19028
19049
19053
19059
19063
19076
19080
19081
19097
19105
19107
19110
19122
19125
19146
19154
19155
19156
19162
19166
19167
19179
19186
19188
19191
19196
19198
19199
19201
19209
19215
19226
19231
19238
19242
19246
19247
19250
19253
19262
19272
19273
19276
19278
19279
19283
19286
19288
19292
19293
19296
19297
19305
19306
19307
19312
19313
19318
19321
19324
19349
19350
19353
19361
19363
19365
19367
19369
19374
19377
19383
19396
19398
19404
19410
19415
19419
19426
19427
19436
19439
19442
19462
19467
19468
19480
19486
19493
19494
19496
19503
19506
19512
19513
19521
19525
19530
19540
19545
19548
19566
19567
19592
19595
19596
19609
19612
19621
19623
19637
19640
19641
19642
19645
19650
19654
19657
19664
19672
19680
19684
19687
19692
19700
19704
19715
19718
19721
19722
19735
19736
19738
19743
19753
19764
19769
19770
19778
19779
19781
19784
19786
19787
19788
19801
19803
19818
19827
19828
19829
19833
19839
19840
19842
19863
19864
19865
19869
19870
19873
19877
19878
19883
19891
19896
19909
19919
19921
19927
19928
19935
19938
19944
19947
19950
19957
19965
19966
19971
19976
19979
19981
19985
19986
19993
19999
20002
20009
20011
20016
20017
20025
20030
20034
20040
20053
20079
20087
20092
20093
20098
20105
20108
20117
20124
20137
20138
20140
20141
20142
20147
20149
20150
20152
20159
20171
20180
20182
20186
20192
20201
20217
20219
20222
20227
20230
20239
20240
20243
20248
20250
20251
20252
20261
20268
20284
20287
20290
20298
20305
20306
20309
20322
20329
20333
20337
20344
20345
20346
20358
20382
20417
20426
20427
20428
20430
20432
20439
20445
20457
20467
20468
20470
20471
20479
20483
20485
20489
20490
20498
20499
20500
20509
20510
20513
20522
20524
20526
20533
20535
20546
20547
20559
20573
20576
20577
20579
20591
20593
20598
20607
20610
20611
20618
20628
20631
20636
20639
20645
20655
20660
20665
20668
20673
20674
20679
20682
20684
20686
20690
20703
20704
20710
20713
20717
20718
20719
20724
20742
20743
20753
20757
20769
20771
20774
20777
20798
20803
20805
20814
20815
20822
20827
20838
20853
20855
20861
20873
20881
20884
20890
20892
20925
20952
20964
20968
20970
20972
20984
20985
20987
21000
21002
21003
21005
21006
21008
21013
21023
21029
21038
21039
21044
21046
21047
21051
21052
21056
21064
21066
21074
21078
21101
21114
21116
21124
21127
21139
21142
21144
21154
21155
21156
21177
21181
21182
21196
21203
21229
21233
21252
21277
21279
21280
21303
21313
21314
21322
21341
21349
21350
21356
21358
21365
21378
21383
21389
21390
21397
21400
21407
21409
21414
21415
21417
21423
21425
21433
21451
21455
21456
21457
21458
21461
21477
21479
21481
21486
21492
21503
21504
21506
21510
21515
21516
21521
21522
21529
21536
21539
21541
21547
21548
21549
21551
21555
21562
21566
21568
21572
21584
21603
21625
21629
21631
21637
21639
21641
21644
21652
21658
21695
21698
21701
21710
21712
21733
21743
21745
21746
21755
21756
21764
21772
21796
21802
21807
21813
21824
21830
21831
21832
21845
21852
21853
21866
21875
21876
21878
21886
21891
21895
21904
21905
21910
21918
21919
21920
21925
21933
21941
21952
21960
21967
21968
21985
21988
21990
21994
22005
22012
22014
22027
22036
22039
22054
22059
22066
22068
22072
22086
22089
22091
22093
22111
22118
22120
22128
22132
22138
22152
22154
22178
22188
22193
22199
22200
22201
22207
22212
22222
22228
22229
22230
22235
22238
22241
22242
22245
22252
22258
22271
22273
22274
22275
22282
22284
22288
22291
22300
22309
22322
22333
22334
22346
22358
22359
22363
22368
22376
22377
22378
22385
22395
22412
22433
22439
22443
22449
22450
22452
22453
22455
22459
22460
22463
22470
22471
22484
22491
22507
22515
22520
22522
22525
22545
22549
22550
22554
22560
22563
22570
22579
22585
22587
22595
22603
22611
22620
22621
22623
22624
22625
22631
22632
22635
22637
22641
22642
22647
22648
22652
22654
22665
22672
22675
22677
22678
22688
22689
22717
22719
22730
22735
22737
22742
22747
22748
22751
22777
22787
22797
22798
22810
22816
22818
22822
22824
22826
22838
22847
22849
22851
22863
22875
22876
22877
22878
22882
22887
22901
22904
22908
22916
22932
22933
22943
22947
22950
22965
22973
22983
23006
23013
23016
23018
23040
23046
23052
23053
23061
23062
23070
23077
23078
23079
23083
23086
23088
23091
23099
23100
23103
23109
23114
23115
23122
23126
23145
23147
23149
23153
23158
23159
23162
23170
23173
23175
23177
23194
23200
23201
23203
23204
23205
23214
23222
23224
23230
23244
23247
23248
23252
23254
23261
23269
23275
23285
23287
23295
23296
23299
23305
23310
23315
23317
23319
23322
23323
23332
23336
23341
23352
23353
23358
23367
23368
23373
23380
23386
23387
23388
23390
23393
23394
23396
23413
23418
23420
23421
23427
23428
23430
23440
23444
23445
23454
23459
23469
23474
23479
23492
23496
23497
23498
23505
23517
23521
23525
23528
23541
23545
23553
23561
23562
23571
23579
23591
23594
23626
23629
23638
23648
23652
23653
23658
23666
23680
23687
23692
23703
23707
23727
23728
23729
23730
23734
23738
23740
23750
23758
23761
23765
23766
23768
23769
23770
23774
23777
23778
23779
23781
23786
23789
23800
23813
23822
23824
23832
23839
23845
23853
23872
23877
23879
23915
23919
23920
23922
23923
23927
23939
23941
23948
23960
23962
23965
23978
23982
23983
23986
23990
23991
23996
24010
24038
24042
24047
24049
24054
24064
24067
24072
24082
24084
24093
24106
24111
24115
24116
24120
24122
24123
24125
24126
24141
24146
24147
24152
24158
24172
24177
24178
24179
24183
24184
24187
24211
24215
24225
24227
24234
24238
24242
24247
24253
24278
24281
24283
24296
24305
24312
24331
24332
24336
24342
24349
24352
24353
24357
24358
24362
24363
24366
24381
24385
24396
24428
24435
24459
24464
24468
24470
24472
24477
24482
24484
24486
24494
24519
24521
24523
24524
24529
24535
24536
24539
24541
24549
24550
24559
24573
24575
24593
24594
24598
24610
24616
24626
24638
24643
24645
24646
24654
24660
24665
24669
24685
24688
24715
24717
24722
24726
24728
24733
24735
24740
24752
24754
24755
24762
24763
24775
24780
24795
24798
24799
24811
24824
24831
24837
24842
24848
24853
24856
24859
24862
24875
24881
24882
24885
24897
24905
24918
24924
24927
24928
24930
24932
24933
24946
24949
24951
24977
24987
24998
25007
25011
25015
25022
25023
25027
25035
25053
25060
25063
25064
25070
25072
25080
25082
25090
25091
25103
25111
25112
25118
25119
25122
25124
25142
25149
25151
25170
25174
25195
25199
25203
25216
25218
25247
25261
25269
25278
25281
25296
25297
25301
25303
25326
25329
25333
25338
25369
25372
25381
25400
25406
25410
25414
25422
25425
25426
25438
25442
25444
25446
25452
25457
25466
25477
25479
25484
25487
25490
25495
25509
25512
25529
25534
25540
25549
25550
25563
25572
25582
25584
25588
25599
25603
25617
25618
25626
25645
25654
25655
25668
25686
25689
25691
25693
25699
25705
25706
25723
25729
25733
25738
25744
25750
25767
25779
25782
25789
25795
25828
25829
25833
25835
25849
25864
25872
25884
25886
25891
25895
25896
25903
25910
25911
25916
25924
25933
25939
25952
25956
25958
25963
25964
25967
25968
25970
25980
25991
26006
26009
26013
26017
26019
26026
26038
26043
26044
26049
26051
26057
26072
26077
26082
26087
26098
26101
26111
26112
26117
26121
26123
26131
26135
26138
26152
26155
26164
26179
26181
26184
26193
26198
26199
26219
26225
26230
26270
26271
26276
26282
26293
26295
26306
26320
26325
26339
26344
26347
26353
26368
26372
26383
26385
26391
26392
26405
26407
26415
26435
26442
26446
26450
26455
26470
26474
26475
26478
26481
26484
26489
26491
26494
26495
26498
26500
26504
26507
26513
26520
26521
26522
26528
26537
26539
26543
26551
26558
26559
26568
26571
26580
26582
26603
26635
26638
26646
26648
26649
26657
26660
26665
26666
26672
26675
26686
26689
26697
26702
26705
26721
26747
26766
26778
26790
26791
26794
26797
26802
26806
26807
26810
26814
26821
26831
26832
26847
26861
26872
26882
26884
26893
26904
26911
26918
26939
26941
26943
26951
26962
26968
26971
27001
27007
27019
27020
27036
27037
27039
27040
27044
27050
27057
27060
27066
27071
27074
27083
27085
27087
27095
27112
27115
27121
27124
27126
27136
27161
27166
27174
27180
27184
27188
27200
27207
27208
27209
27225
27230
27241
27254
27256
27259
27282
27286
27289
27291
27293
27294
27302
27307
27309
27311
27315
27316
27323
27330
27341
27351
27352
27361
27362
27363
27365
27381
27382
27384
27397
27401
27403
27404
27426
27427
27439
27442
27443
27461
27465
27466
27469
27485
27490
27495
27504
27512
27513
27514
27531
27532
27537
27543
27554
27558
27568
27576
27579
27597
27615
27616
27617
27628
27634
27647
27649
27652
27655
27668
27673
27691
27693
27697
27705
27717
27722
27725
27734
27741
27754
27759
27772
27777
27780
27795
27803
27819
27824
27842
27846
27849
27850
27852
27855
27857
27865
27868
27869
27872
27879
27882
27883
27892
27894
27895
27897
27899
27903
27917
27922
27924
27931
27945
27946
27948
27953
27955
27975
27982
27989
27991
27993
27994
27999
28003
28004
28030
28037
28038
28042
28049
28063
28064
28065
28067
28070
28072
28077
28083
28093
28094
28098
28100
28110
28111
28116
28118
28125
28138
28140
28143
28149
28150
28155
28160
28167
28168
28181
28183
28185
28187
28189
28192
28205
28207
28210
28222
28228
28236
28239
28259
28261
28267
28274
28285
28286
28291
28302
28310
28311
28314
28322
28324
28326
28346
28350
28358
28362
28369
28370
28376
28379
28396
28406
28407
28416
28418
28422
28423
28433
28441
28447
28448
28454
28457
28464
28465
28474
28482
28489
28501
28509
28511
28513
28514
28515
28516
28519
28527
28543
28568
28571
28572
28574
28575
28578
28580
28589
28600
28601
28606
28612
28615
28629
28631
28635
28637
28644
28665
28666
28668
28673
28679
28681
28704
28708
28723
28727
28740
28744
28745
28746
28749
28755
28758
28759
28761
28763
28765
28768
28769
28770
28774
28781
28786
28791
28796
28799
28813
28823
28824
28827
28829
