59803
59818
59831
59839
59893
59926
59927
59938
59943
59944
59951
59965
59977
59999
60018
60042
60055
60064
60065
60067
60074
60085
60087
60209
60230
60237
60277
60282
60293
60300
60311
60342
60348
60383
60402
60408
60415
60419
60420
60421
60425
60437
60455
60473
60523
60544
60550
60560
60562
60564
60570
60576
60603
60608
60624
60633
60643
60648
60687
60691
60698
60713
60725
60767
60776
60778
60785
60789
60792
60793
60796
60801
60821
60833
60850
60862
60927
60928
60932
60942
60964
60978
60987
61001
61020
61024
61045
61078
61103
61104
61118
61160
61161
61173
61179
61182
61205
61215
61227
61235
61272
61295
61322
61327
61357
61361
61364
61386
61393
61397
61400
61401
61404
61405
61408
61414
61422
61433
61435
61438
61440
61444
61445
61447
61448
61453
61459
61461
61466
61468
61475
61517
61522
61532
61546
61547
61558
61598
61605
61624
61634
61636
61652
61656
61676
61723
61726
61756
61794
61829
61833
61849
61853
61854
61869
61888
61891
61892
61910
61912
61913
61954
61974
61976
62017
62033
62065
62075
62081
62094
62110
62123
62124
62157
62160
62176
62204
62220
62236
62286
62288
62295
62319
62342
62380
62381
62382
62398
62408
62416
62426
62430
62431
62439
62454
62456
62469
62475
62476
62517
62520
62545
62575
62578
62586
62626
62659
62685
62691
62728
62800
62820
62868
62922
62926
62927
62932
62945
62946
62958
62965
62972
62974
62990
63006
63012
63015
63037
63066
63087
63089
63122
63135
63164
63206
63226
63280
63328
63341
63388
63400
63418
63419
63438
63468
63492
63518
63520
63523
63545
63547
63548
63558
63565
63566
63595
63606
63649
63666
63671
63676
63683
63714
63768
63804
63806
63843
63864
63865
63867
63875
63878
63882
63910
63928
64009
64010
64029
64032
64037
64054
64089
64114
64119
64124
64133
64136
64139
64146
64167
64191
64193
64194
64210
64212
64214
64220
64245
64252
64259
64265
64267
64268
64272
64278
64284
64287
64292
64304
64305
64318
64320
64332
64345
64352
64355
64361
64366
64372
64374
64378
64383
64386
64388
64391
64397
64404
64408
64409
64411
64439
64461
64467
64470
64475
64492
64499
64503
64505
64507
64509
64511
64524
64542
64555
64557
64558
64565
64572
64582
64592
64604
64607
64610
64617
64628
64635
64696
64705
64707
64736
64738
64742
64743
64757
64764
64767
64770
64775
64824
64825
64830
64833
64838
64839
64854
64860
64895
64932
64945
64949
64950
64998
64999
65003
65006
65039
65051
65090
65095
65114
65119
65121
65124
65140
65174
65185
65206
65260
65269
65272
65279
65323
65379
65419
65442
65509
65523
65564
65605
65651
65655
65664
65677
65681
65683
65684
65686
65687
65693
65702
65704
65708
65722
65739
65765
65766
65773
65776
65793
65794
65804
65809
65828
65873
65911
65918
65924
65944
65985
65993
66006
66013
66026
66030
66041
66047
66053
66059
66066
66085
66089
66101
66105
66106
66116
66149
66153
66170
66176
66178
66182
66183
66190
66232
66238
66240
66247
66248
66254
66262
66268
66283
66288
66291
66296
66305
66311
66315
66324
66328
66329
66332
66341
66348
66352
66353
66368
66369
66372
66375
66382
66402
66407
66410
66417
66436
66447
66453
66456
66457
66460
66469
66476
66480
66481
66496
66497
66498
66500
66501
66502
66505
66506
66513
66521
66534
66540
66541
66546
66549
66550
66573
66594
66595
66601
66602
66604
66606
66610
66613
66622
66634
66638
66644
66655
66681
66683
66684
66712
66720
66743
66746
66756
66758
66770
66772
66775
66780
66790
66800
66813
66818
66821
66822
66826
66895
66912
66918
66934
66948
66962
66967
66973
66985
66986
66998
67013
67022
67026
67030
67043
67053
67056
67086
67099
67107
67113
67124
67130
67133
67157
67161
67162
67176
67249
67266
67269
67272
67298
67309
67313
67321
67351
67392
67452
67455
67487
67500
67558
67573
67624
67637
67640
67676
67723
67728
67774
67775
67822
67887
67933
67957
67982
67992
67997
68008
68014
68028
68078
68090
68096
68105
68121
68124
68126
68158
68185
68223
68240
68250
68257
68269
68306
68310
68312
68381
68397
68415
68445
68489
68501
68502
68506
68507
68525
68539
68547
68548
68550
68567
68648
68672
68676
68716
68822
68892
68917
68921
68964
68984
68993
68999
69096
69107
69124
69165
69224
69225
69269
69282
69310
69315
69317
69327
69364
69369
69381
69426
69458
69468
69493
69591
69599
69600
69684
69761
69780
69797
69807
69863
69918
69960
70012
70030
70038
70058
70062
70157
70192
70202
70255
70270
70276
70290
70291
70292
70295
70306
70366
70406
70422
70423
70459
70482
70494
70496
70564
70566
70636
70640
70709
70763
70808
70843
70858
70866
70875
70884
70924
70937
70940
70943
70963
70965
70974
70976
70984
71005
71009
71013
71026
71029
71045
71049
71052
71063
71081
71088
71129
71158
71223
71244
71255
71274
71287
71294
71299
71304
71333
71338
71342
71362
71409
71427
71429
71436
71452
71453
71487
71504
71505
71533
71539
71548
71563
71588
71609
71620
71635
71638
71667
71680
71704
71713
71722
71731
71734
71759
71763
71779
71826
71836
71844
71845
71849
71856
71869
71876
71911
71918
71920
71954
71988
71994
71997
72032
72043
72059
72075
72119
72132
72135
72138
72143
72151
72154
72155
72159
72194
72241
72256
72271
72277
72289
72290
72299
72312
72314
72316
72353
72380
72399
72426
72434
72456
72474
72477
72482
72525
72534
72563
72565
72622
72651
72669
72695
72701
72704
72712
72739
72746
72758
72788
72811
72833
72866
72878
72898
72907
72937
72946
72995
73017
73065
73067
73091
73106
73116
73130
73137
73147
73177
73193
73198
73204
73209
73264
73270
73276
73284
73294
73334
73352
73357
73380
73402
73420
73428
73435
73443
73475
73548
73585
73599
73602
73639
73660
73668
73680
73702
73734
73740
73741
73749
73787
73808
73837
73838
73848
73868
73873
73875
73881
73882
73887
73911
73919
73970
73982
73992
74034
74067
74087
74094
74120
74134
74165
74166
74189
74199
74218
74300
74328
74359
74372
74392
74399
74404
74410
74423
74443
74460
74463
74479
74495
74501
74507
74528
74550
74554
74557
74560
74568
74612
74614
74616
74656
74661
74666
74684
74711
74718
74730
74778
74790
74805
74810
74837
74881
74885
74931
74946
74994
75022
75084
75091
75116
75125
75157
75174
75175
75194
75287
75293
75361
75374
75429
75434
75485
75512
75515
75518
75542
75561
75613
75617
75621
75663
75672
75682
75685
75715
75736
75745
75765
75767
75783
75786
75788
75793
75796
75834
75862
75869
75877
75897
75942
75959
75972
75976
75995
76008
76018
76027
76031
76058
76060
76065
76183
76192
76207
76215
76229
76237
76247
76254
76273
76274
76277
76285
76288
76291
76300
76302
76338
76362
76392
76394
76395
76405
76417
76436
76441
76457
76470
76529
76552
76558
76562
76568
76612
76621
76637
76654
76682
76691
76709
76759
76778
76781
76831
76846
76859
76876
76885
76900
76912
76919
76920
76940
76985
77004
77029
77058
77080
77086
77136
77138
77155
77168
77183
77198
77212
77241
77296
77316
77350
77361
77388
77396
77418
77422
77434
77458
77484
77525
77526
77572
77576
77583
77598
77600
77601
77609
77615
77650
77678
77679
77698
77700
77709
77803
77812
77834
77853
77900
77947
77956
77987
77996
78003
78016
78025
78069
78077
78097
78098
78107
78112
78118
78135
78139
78141
78142
78165
78203
78213
78229
78250
78272
78274
78305
78325
78336
78382
78388
78419
78421
78434
78440
78471
78473
78478
78481
78482
78483
78485
78494
78502
78507
78515
78531
78542
78562
78580
78583
78590
78631
78650
78656
78662
78668
78718
78771
78835
78889
78924
78930
78984
78995
79034
79087
79093
79120
79122
79126
79144
79163
79168
79183
79187
79194
79199
79201
79211
79219
79233
79236
79248
79270
79302
79317
79330
79356
79362
79365
79422
79428
79441
79465
79471
79475
79530
79540
79552
79553
79571
79581
79594
79602
79624
79629
79653
79667
79682
79690
79704
79718
79723
79741
79752
79760
79778
79779
79785
79870
79875
79879
79896
79900
79939
79953
79955
79961
79984
79994
80008
80014
80023
80026
80094
80100
80105
80125
80143
80162
80205
80219
80252
80278
80279
80291
80307
80519
80523
80528
80605
80672
80692
80727
80805
80884
80914
80925
80952
81004
81040
81042
81061
81178
81179
81207
81217
81262
81282
81288
81308
81327
81339
81340
81348
81358
81371
81376
81380
81396
81406
81473
81481
81518
81532
81539
81547
81558
81568
81570
81576
81578
81589
81590
81594
81603
81638
81642
81686
81692
81698
81704
81726
81742
81748
81756
81757
81762
81785
81789
81801
81808
81812
81813
81830
81845
81900
81942
81946
81966
81979
82028
82035
82067
82068
82087
82088
82119
82124
82131
82177
82189
82233
82244
82282
82288
82291
82297
82299
82304
82307
82318
82331
82345
82384
82489
82500
82513
82519
82524
82543
82563
82576
82604
82652
82730
82784
82818
82822
82844
82874
82879
82893
82894
82905
82914
82937
82950
82952
82977
82978
82984
83055
83064
83073
83088
83091
83102
83114
83127
83143
83145
83152
83174
83186
83188
83213
83222
83227
83239
83252
83259
83274
83285
83313
83335
83339
83353
83356
83381
83441
83493
83501
83551
83554
83577
83590
83728
83765
83779
83783
83786
83812
83828
83847
83862
83879
83893
83910
83911
83926
83933
83939
83942
83970
83971
83972
83978
83992
84005
84019
84024
84044
84046
84049
84063
84082
84103
84127
84129
84133
84147
84149
84152
84161
84166
84182
84186
84200
84206
84210
84228
84249
84307
84312
84323
84336
84348
84357
84381
84396
84405
84410
84411
84424
84431
84439
84451
84478
84491
84513
84528
84553
84585
84616
84628
84655
84656
84673
84686
84693
84697
84719
84748
84753
84771
84780
84787
84796
84797
84802
84829
84836
84839
84852
84870
84873
84877
84888
84901
84920
84961
84966
84977
85013
85019
85029
85044
85072
85075
85081
85082
85120
85191
85205
85209
85257
85282
85287
85311
85314
85336
85343
85360
85370
85372
85463
85504
85537
85550
85551
85560
85574
85579
85602
85617
85690
85699
85712
85727
85732
85749
85813
85856
85861
85871
85882
85927
85931
85962
85966
85977
85996
86024
86034
86048
86059
86102
86136
86147
86158
86206
86210
86230
86266
86296
86297
86303
86306
86328
86345
86383
86386
86403
86409
86411
86428
86432
86448
86464
86530
86537
86553
86568
86633
86666
86671
86678
86707
86740
86754
86767
86805
86812
86834
86853
86919
86926
86937
86945
86989
86992
86996
87007
87012
87125
87158
87171
87177
87187
87207
87241
87288
87330
87344
87348
87377
87386
87393
87472
87485
87521
87529
87548
87566
87579
87606
87645
87654
87658
87670
87683
87744
87757
87781
87790
87803
87806
87829
87847
87863
87912
87937
87938
87951
87992
88001
88004
88015
88022
88061
88070
88102
88147
88151
88155
88191
88238
88286
88293
88309
88316
88321
88342
88349
88379
88433
88445
88454
88457
88463
88510
88536
88584
88603
88620
88651
88656
88711
88718
88745
88766
88929
88950
88965
88981
89007
89014
89030
89035
89080
89125
89177
89180
89247
89276
89284
89319
89338
89370
89417
89425
89459
89490
89505
89506
89593
89605
89692
89696
89700
89737
89742
89769
89777
89814
89868
89871
89897
89942
89949
89999
90058
90066
90072
90076
90115
90139
90179
90182
90184
90206
90236
90271
90276
90300
90313
90317
90335
90341
90372
90383
90393
90395
90460
90465
90483
90495
90513
90524
90525
90534
90556
90612
90631
90634
90638
90685
90687
90727
90737
90739
90744
90757
90765
90779
90790
90796
90804
90812
90836
90852
90865
90869
90878
90900
90903
90905
90925
90928
90936
90957
90960
90966
90994
90998
91008
91011
91032
91034
91040
91043
91044
91054
91060
91074
91075
91090
91095
91097
91098
91114
91115
91119
91132
91140
91144
91155
91159
91175
91177
91187
91191
91196
91218
91229
91260
91272
91316
91317
91318
91330
91331
91348
91353
91354
91373
91378
91387
91402
91413
91448
91452
91454
91494
91504
91511
91516
91524
91538
91552
91560
91567
91571
91572
