1
5
10
13
15
17
18
19
23
24
28
29
30
39
41
45
46
47
48
49
50
51
53
61
64
65
69
71
72
78
79
80
82
83
85
86
91
93
96
100
102
103
104
107
110
112
113
114
115
119
123
126
127
129
133
134
135
140
141
142
156
158
159
160
161
162
163
164
165
167
169
170
173
175
176
178
181
182
183
186
188
189
191
192
195
198
202
203
204
205
206
208
209
210
218
219
223
224
225
227
228
244
246
252
254
259
262
265
266
268
272
273
275
278
280
284
291
295
304
305
310
311
313
314
322
323
326
328
331
337
338
340
342
344
347
349
357
358
364
370
374
377
382
384
387
388
393
396
400
401
410
413
418
424
431
432
434
440
441
444
450
451
454
455
457
464
473
474
480
483
487
488
490
495
496
497
499
500
502
503
508
510
514
516
518
519
522
524
527
528
531
538
540
542
543
545
546
547
557
560
561
564
566
567
570
571
577
581
582
583
586
588
589
590
593
594
596
597
598
600
601
602
605
607
611
612
615
618
619
620
621
623
624
630
631
632
633
635
638
639
641
642
643
644
654
656
667
670
673
675
676
678
681
684
686
688
692
694
695
698
701
702
703
704
705
706
712
713
714
715
717
719
724
729
732
734
740
743
747
748
752
755
757
759
760
763
765
767
772
783
789
790
793
794
802
803
804
806
811
814
816
819
824
825
826
829
833
838
839
840
841
842
843
844
848
850
857
859
864
866
867
868
872
874
875
881
884
886
887
888
891
893
896
902
904
905
906
911
912
918
919
924
926
928
931
934
937
940
941
942
949
954
955
956
957
964
967
970
972
975
977
980
984
985
986
988
990
992
993
995
996
1000
1003
1013
1017
1018
1021
1023
1024
1033
1034
1036
1038
1039
1040
1041
1043
1047
1051
1052
1054
1056
1057
1058
1059
1062
1063
1066
1067
1071
1073
1078
1081
1085
1086
1087
1088
1091
1096
1098
1099
1101
1107
1112
1113
1114
1115
1116
1117
1122
1123
1125
1127
1130
1131
1132
1133
1135
1143
1146
1149
1150
1154
1155
1161
1164
1165
1166
1167
1174
1175
1177
1178
1180
1182
1184
1185
1187
1190
1191
1194
1195
1196
1197
1198
1201
1202
1205
1206
1209
1210
1212
1213
1214
1215
1217
1218
1219
1220
1222
1223
1224
1227
1229
1233
1234
1235
1236
1237
1239
1241
1242
1245
1247
1249
1250
1251
1255
1257
1260
1261
1264
1266
1269
1270
1272
1273
1274
1278
1280
1282
1283
1288
1289
1290
1292
1293
1297
1298
1301
1304
1305
1309
1311
1312
1313
1316
1318
1320
1324
1325
1328
1331
1332
1336
1337
1338
1345
1346
1351
1352
1355
1363
1368
1371
1376
1379
1382
1383
1385
1388
1392
1396
1401
1403
1404
1405
1406
1408
1409
1411
1413
1416
1417
1419
1424
1425
1426
1430
1434
1441
1444
1446
1452
1455
1456
1457
1460
1461
1463
1466
1468
1471
1475
1479
1483
1487
1488
1492
1493
1499
1500
1502
1505
1507
1508
1509
1510
1512
1514
1516
1519
1520
1522
1523
1525
1527
1530
1532
1533
1534
1535
1536
1541
1543
1545
1549
1550
1551
1555
1556
1558
1560
1561
1563
1564
1566
1568
1572
1573
1576
1578
1587
1593
1594
1598
1607
1615
1617
1618
1619
1625
1627
1629
1631
1639
1640
1643
1646
1651
1654
1656
1658
1663
1667
1677
1679
1680
1684
1685
1689
1690
1696
1699
1701
1707
1709
1712
1716
1721
1724
1726
1727
1735
1738
1740
1744
1749
1760
1761
1765
1769
1770
1772
1776
1778
1782
1789
1790
1791
1793
1795
1802
1806
1807
1814
1815
1816
1817
1822
1823
1824
1827
1838
1848
1851
1854
1859
1862
1863
1865
1869
1870
1871
1873
1879
1883
1890
1893
1894
1895
1898
1900
1901
1905
1906
1912
1917
1923
1928
1935
1942
1945
1946
1948
1949
1954
1955
1965
1970
1972
1976
1979
1984
1989
1991
1995
1998
2002
2006
2007
2010
2012
2014
2015
2016
2018
2019
2020
2021
2023
2024
2029
2030
2033
2034
2035
2042
2043
2045
2046
2050
2053
2054
2055
2058
2062
2064
2068
2072
2073
2076
2077
2081
2085
2092
2095
2097
2099
2101
2107
2110
2112
2113
2119
2120
2122
2125
2126
2128
2131
2135
2138
2141
2144
2145
2146
2150
2164
2166
2168
2173
2176
2179
2181
2183
2188
2200
2203
2205
2206
2213
2214
2217
2218
2220
2224
2227
2228
2234
2235
2241
2245
2250
2253
2261
2263
2264
2266
2275
2278
2281
2288
2289
2290
2294
2300
2301
2308
2309
2314
2315
2316
2318
2325
2329
2331
2333
2334
2342
2348
2350
2351
2352
2353
2354
2360
2362
2367
2376
2377
2379
2380
2381
2383
2385
2386
2394
2395
2396
2397
2403
2406
2412
2414
2416
2422
2423
2425
2426
2430
2431
2443
2445
2448
2451
2456
2458
2459
2460
2462
2469
2470
2471
2473
2475
2477
2478
2479
2480
2481
2483
2487
2488
2489
2490
2492
2493
2496
2498
2499
2504
2505
2506
2509
2514
2516
2517
2518
2521
2523
2525
2527
2533
2534
2536
2539
2540
2541
2542
2554
2555
2557
2560
2568
2569
2570
2575
2577
2582
2585
2586
2590
2597
2598
2600
2606
2608
2610
2616
2617
2618
2624
2628
2630
2631
2632
2633
2635
2636
2637
2642
2646
2648
2650
2652
2656
2657
2659
2661
2664
2672
2673
2675
2676
2682
2684
2686
2689
2692
2693
2701
2704
2706
2710
2714
2716
2723
2725
2726
2730
2731
2732
2734
2736
2741
2750
2753
2755
2757
2758
2761
2766
2768
2769
2771
2775
2777
2778
2779
2785
2786
2790
2791
2792
2793
2797
2800
2801
2804
2808
2818
2819
2821
2823
2825
2826
2830
2832
2835
2836
2841
2842
2843
2844
2845
2847
2849
2851
2852
2860
2861
2863
2869
2873
2874
2876
2877
2884
2899
2900
2903
2904
2906
2916
2920
2922
2923
2924
2927
2933
2940
2944
2947
2954
2955
2962
2963
2966
2967
2969
2970
2972
2975
2976
2984
2985
2987
2988
2989
2997
3003
3005
3007
3008
3009
3010
3016
3017
3022
3023
3025
3026
3034
3035
3038
3043
3044
3047
3049
3050
3051
3052
3059
3060
3062
3065
3070
3075
3076
3078
3082
3084
3089
3093
3094
3108
3109
3110
3113
3115
3120
3121
3123
3126
3127
3128
3129
3134
3136
3138
3139
3143
3144
3145
3148
3151
3153
3154
3156
3164
3165
3166
3167
3169
3171
3172
3174
3176
3177
3178
3182
3192
3193
3194
3197
3200
3201
3203
3208
3216
3217
3220
3221
3222
3225
3226
3229
3230
3235
3236
3239
3240
3241
3246
3248
3253
3254
3255
3257
3261
3262
3265
3272
3273
3278
3282
3284
3285
3290
3292
3293
3296
3299
3301
3303
3304
3305
3310
3311
3312
3317
3324
3325
3326
3331
3333
3340
3343
3344
3347
3348
3351
3352
3354
3356
3358
3360
3361
3365
3366
3367
3368
3370
3374
3378
3382
3389
3393
3394
3400
3403
3404
3405
3406
3407
3409
3411
3417
3420
3422
3423
3424
3425
3428
3430
3432
3438
3439
3440
3445
3447
3448
3449
3450
3451
3452
3453
3454
3455
3458
3459
3462
3463
3465
3470
3471
3473
3484
3486
3488
3490
3491
3492
3493
3497
3500
3502
3503
3505
3506
3507
3509
3515
3516
3518
3520
3522
3525
3529
3538
3540
3542
3543
3549
3555
3556
3557
3558
3559
3561
3563
3566
3568
3569
3571
3572
3573
3576
3579
3581
3586
3591
3592
3593
3595
3605
3607
3614
3617
3619
3620
3626
3631
3633
3638
3640
3644
3645
3651
3653
3660
3661
3663
3669
3670
3678
3679
3684
3688
3693
3695
3697
3698
3704
3705
3710
3711
3712
3713
3715
3716
3720
3721
3722
3725
3726
3727
3730
3732
3733
3735
3738
3740
3745
3747
3748
3751
3752
3754
3755
3757
3760
3761
3765
3767
3769
3771
3775
3776
3777
3783
3787
3790
3795
3797
3800
3801
3803
3805
3813
3816
3817
3818
3821
3822
3823
3825
3827
3830
3833
3836
3839
3845
3853
3854
3857
3858
3861
3864
3866
3870
3873
3874
3875
3880
3881
3888
3890
3891
3895
3898
3904
3909
3910
3912
3913
3914
3918
3929
3930
3931
3934
3938
3939
3943
3944
3945
3946
3949
3950
3951
3952
3955
3956
3962
3965
3967
3968
3969
3971
3980
3981
3983
3984
3985
3990
3992
3994
3998
4008
4020
4031
4032
4035
4037
4038
4041
4042
4043
4046
4049
4052
4055
4058
4060
4062
4063
4064
4068
4069
4076
4080
4082
4083
4084
4086
4087
4089
4090
4092
4093
4097
4099
4102
4103
4105
4109
4115
4120
4128
4129
4132
4135
4136
4138
4140
4145
4150
4151
4152
4153
4154
4157
4158
4159
4162
4163
4164
4170
4171
4173
4174
4177
4182
4183
4186
4188
4190
4192
4197
4198
4199
4201
4208
4209
4212
4213
4223
4227
4233
4234
4238
4242
4244
4246
4252
4253
4255
4258
4264
4265
4267
4268
4269
4279
4280
4283
4285
4286
4291
4294
4298
4300
4301
4304
4305
4308
4315
4317
4318
4319
4323
4329
4330
4332
4336
4337
4340
4341
4343
4344
4345
4348
4355
4359
4361
4364
4365
4367
4368
4371
4372
4376
4380
4381
4382
4386
4390
4392
4396
4400
4403
4404
4406
4407
4409
4410
4412
4413
4414
4415
4421
4426
4428
4429
4430
4431
4432
4434
4436
4437
4438
4439
4450
4451
4458
4462
4463
4466
4469
4471
4472
4474
4475
4476
4481
4482
4483
4486
4489
4490
4492
4495
4498
4501
4503
4504
4505
4515
4517
4518
4519
4521
4524
4526
4528
4529
4533
4534
4539
4540
4552
4553
4554
4555
4563
4565
4568
4574
4578
4579
4582
4585
4591
4593
4598
4601
4602
4604
4608
4615
4616
4618
4619
4620
4623
4626
4631
4633
4639
4645
4646
4648
4650
4653
4654
4655
4656
4668
4672
4674
4683
4688
4691
4692
4699
4707
4710
4715
4717
4718
4724
4727
4728
4730
4734
4735
4737
4738
4740
4741
4744
4750
4754
4755
4769
4770
4773
4774
4775
4778
4783
4785
4786
4788
4796
4798
4804
4805
4808
4809
4813
4815
4816
4818
4822
4827
4828
4830
4835
4837
4838
4840
4842
4843
4846
4848
4850
4854
4856
4859
4860
4862
4863
4865
4871
4883
4884
4887
4890
4892
4895
4898
4900
4904
4908
4909
4911
4914
4915
4916
4921
4922
4924
4926
4927
4928
4931
4932
4933
4934
4935
4938
4939
4942
4943
4947
4950
4953
4955
4956
4959
4961
4963
4970
4971
4972
4978
4980
4981
4982
4985
4986
4987
4992
4994
4998
5003
5004
5005
5006
5008
5011
5012
5013
5020
5027
5029
5032
5035
5036
5037
5038
5039
5040
5042
5043
5045
5046
5048
5049
5056
5071
5075
5079
5081
5085
5086
5087
5091
5092
5093
5096
5107
5110
5111
5114
5115
5123
5124
5126
5129
5130
5131
5132
5134
5146
5147
5149
5152
5154
5158
5159
5170
5179
5180
5182
5183
5186
5187
5194
5195
5197
5198
5199
5203
5204
5205
5206
5207
5208
5209
5210
5213
5215
5217
5220
5222
5225
5226
5229
5230
5231
5236
5240
5242
5244
5246
5249
5250
5254
5255
5257
5262
5264
5265
5268
5270
5271
5273
5275
5280
5285
5287
5291
5293
5307
5311
5312
5313
5315
5316
5317
5318
5320
5322
5323
5325
5327
5328
5329
5331
5332
5333
5340
5343
5344
5345
5346
5350
5353
5357
5358
5359
5360
5361
5362
5364
5367
5368
5372
5374
5378
5379
5383
5384
5386
5387
5388
5390
5391
5398
5399
5400
5401
5405
5406
5407
5410
5411
5415
5416
5421
5423
5424
5428
5429
5430
5431
5433
5435
5440
5441
5445
5447
5449
5451
5452
5455
5457
5458
5459
5460
5461
5466
5468
5471
5473
5474
5477
5478
5481
5485
5486
5493
5495
5496
5497
5498
5501
5503
5506
5507
5508
5514
5516
5519
5521
5522
5523
5527
5530
5531
5533
5537
5539
5541
5543
5544
5551
5552
5555
5557
5561
5562
5563
5564
5565
5566
5567
5573
5574
5580
5581
5582
5583
5588
5589
5591
5594
5599
5602
5604
5610
5611
5612
5615
5617
5620
5623
5624
5628
5631
5633
5635
5640
5644
5646
5648
5652
5653
5654
5655
5656
5660
5661
5664
5665
5674
5675
5676
5677
5678
5679
5680
5684
5687
5690
5694
5696
5697
5700
5705
5707
5708
5709
5711
5712
5714
5715
5718
5724
5725
5726
5728
5729
5734
5738
5740
5741
5742
5743
5744
5747
5751
5753
5755
5758
5760
5761
5763
5764
5766
5767
5769
5773
5777
5780
5781
5783
5784
5785
5786
5792
5795
5797
5798
5801
5803
5804
5805
5807
5808
5811
5812
5813
5815
5818
5820
5821
5828
5835
5837
5838
5839
5840
5844
5851
5855
5856
5860
5861
5864
5867
5868
5869
5870
5872
5876
5879
5883
5884
5890
5891
5892
5898
5900
5902
5908
5913
5914
5915
5916
5917
5918
5919
5932
5935
5936
5939
5944
5947
5948
5952
5954
5955
5958
5959
5963
5970
5971
5972
5976
5977
5985
5989
5990
5991
5992
5994
5996
5997
6002
6003
6007
6008
6009
6012
6015
6020
6023
6030
6033
6036
6038
6039
6040
6041
6044
6049
6050
6052
6057
6058
6060
6061
6062
6063
6068
6071
6074
6075
6078
6079
6081
6082
6085
6086
6092
6098
6100
6102
6103
6105
6106
6107
6108
6118
6120
6122
6124
6135
6136
6138
6146
6147
6150
6154
6160
6161
6166
6168
6169
6170
6172
6177
6182
6190
6192
6193
6194
6196
6203
6207
6208
6209
6211
6216
6218
6221
6228
6230
6232
6234
6235
6237
6240
6241
6246
6253
6254
6258
6259
6260
6264
6265
6267
6271
6272
6280
6281
6282
6290
6296
6297
6298
6300
6301
6302
6304
6311
6312
6317
6319
6323
6327
6328
6329
6336
6341
6342
6343
6344
6345
6346
6353
6354
6355
6362
6366
6368
6372
6378
6380
6381
6382
6383
6384
6386
6387
6392
6393
6394
6399
6400
6402
6409
6410
6413
6416
6417
6418
6424
6429
6430
6432
6433
6439
6443
6450
6453
6454
6455
6462
6463
6464
6465
6467
6469
6470
6472
6474
6475
6476
6478
6479
6480
6484
6485
6487
6492
6494
6497
6503
6506
6508
6512
6517
6519
6520
6526
6527
6528
6532
6535
6539
6540
6542
6551
6552
6557
6558
6560
6561
6563
6564
6565
6566
6568
6572
6580
6583
6584
6586
6588
6591
6598
6599
6605
6606
6608
6613
6616
6619
6622
6627
6632
6634
6635
6639
6641
6645
6647
6649
6650
6652
6653
6654
6655
6656
6658
6666
6669
6671
6674
6675
6676
6679
6692
6693
6694
6695
6697
6703
6704
6706
6713
6721
6723
6724
6730
6732
6734
6735
6742
6747
6748
6749
6757
6760
6764
6766
6768
6771
6772
6775
6785
6786
6792
6799
6800
6804
6807
6808
6810
6812
6815
6818
6824
6825
6827
6832
6833
6838
6842
6855
6856
6861
6863
6870
6872
6875
6876
6881
6882
6886
6890
6896
6900
6901
6902
6907
6911
6912
6915
6917
6919
6921
6923
6924
6931
6932
6936
6944
6945
6946
6949
6953
6954
6955
6956
6957
6963
6964
6965
6968
6970
6973
6979
6980
6985
6988
6989
6991
6996
7001
7002
7006
7010
7012
7013
7015
7016
7018
7019
7023
7029
7032
7034
7035
7036
7037
7040
7041
7042
7048
7053
7056
7057
7060
7061
7062
7064
7067
7068
7069
7070
7073
7076
7080
7082
7083
7085
7087
7088
7091
7092
7097
7098
7099
7102
7106
7108
7109
7110
7112
7115
7118
7123
7124
7132
7140
7141
7143
7146
7148
7149
7154
7155
7157
7158
7159
7165
7170
7172
7177
7179
7180
7186
7188
7189
7191
7192
7194
7195
7196
7198
7202
7203
7204
7205
7209
7210
7211
7214
7215
7217
7219
7220
7227
7235
7240
7247
7248
7249
7253
7258
7259
7261
7262
7267
7271
7272
7273
7275
7276
7279
7280
7281
7284
7286
7289
7295
7296
7298
7299
7300
7301
7302
7304
7310
7311
7313
7315
7318
7319
7320
7324
7328
7332
7333
7335
7346
7353
7356
7358
7359
7373
7376
7379
7381
7389
7391
7393
7394
7396
7398
7404
7407
7408
7410
7417
7418
7422
7423
7425
7427
7431
7432
7433
7438
7442
7447
7449
7451
7456
7458
7461
7462
7463
7474
7476
7478
7482
7485
7487
7489
7492
7493
7496
7497
7499
7502
7503
7505
7506
7507
7511
7513
7515
7520
7521
7525
7530
7532
7537
7539
7540
7541
7544
7546
7547
7549
7559
7562
7564
7568
7569
7574
7576
7577
7578
7580
7581
7583
7584
7585
7586
7587
7591
7592
7597
7598
7599
7600
7601
7602
7605
7610
7611
7612
7617
7621
7628
7633
7636
7637
7641
7643
7647
7649
7652
7654
7656
7657
7658
7660
7663
7668
7673
7677
7678
7679
7680
7689
7690
7691
7695
7697
7698
7701
7702
7710
7717
7718
7721
7722
7724
7727
7728
7729
7731
7733
7737
7740
7743
7744
7748
7751
7752
7753
7754
7755
7758
7761
7765
7771
7772
7774
7775
7777
7779
7781
7788
7792
7793
7795
7796
7798
7800
7802
7804
7805
7806
7808
7811
7812
7815
7817
7822
7826
7827
7830
7833
7836
7837
7839
7841
7843
7846
7848
7856
7857
7859
7861
7862
7865
7866
7867
7868
7869
7870
7876
7879
7881
7884
7886
7888
7889
7892
7894
7897
7900
7902
7907
7910
7911
7914
7915
7920
7921
7922
7927
7931
7932
7933
7934
7935
7937
7939
7942
7944
7946
7954
7956
7957
7958
7961
7962
7966
7967
7968
7975
7980
7984
7986
7990
7995
7996
8002
8003
8008
8009
8011
8013
8017
8018
8019
8020
8026
8027
8028
8029
8034
8036
8037
8038
8039
8041
8045
8046
8048
8057
8058
8059
8060
8061
8064
8065
8066
8068
8070
8073
8074
8077
8078
8084
8085
8087
8088
8090
8092
8093
8097
8098
8102
8103
8104
8105
8106
8110
8112
8113
8114
8115
8117
8119
8120
8121
8122
8124
8126
8127
8128
8129
8131
8132
8134
8135
8138
8142
8145
8147
8150
8152
8153
8163
8169
8175
8187
8189
8191
8193
8195
8197
8202
8203
8205
8207
8208
8212
8214
8219
8220
8221
8224
8225
8227
8229
8231
8232
8234
8238
8239
8241
8242
8243
8245
8247
8249
8252
8255
8257
8258
8259
8267
8271
8274
8275
8277
8278
8279
8281
8282
8283
8284
8285
8287
8290
8291
8294
8295
8298
8300
8301
8302
8307
8308
8309
8310
8313
8318
8321
8323
8325
8327
8333
8334
8338
8343
8348
8350
8351
8356
8361
8362
8363
8366
8369
8373
8375
8376
8382
8383
8384
8385
8388
8390
8393
8395
8398
8401
8405
8406
8410
8411
8413
8414
8415
8416
8420
8423
8424
8426
8428
8430
8431
8432
8433
8440
8442
8444
8446
8450
8451
8452
8455
8465
8466
8468
8471
8472
8473
8474
8475
8477
8478
8482
8484
8489
8492
8494
8495
8504
8506
8509
8511
8513
8516
8517
8521
8523
8530
8531
8532
8534
8536
8539
8544
8545
8553
8558
8559
8560
8564
8570
8571
8572
8573
8576
8583
8586
8589
8592
8593
8595
8597
8599
8601
8602
8606
8612
8617
8618
8620
8623
8628
8629
8631
8635
8636
8637
8644
8649
8650
8660
8666
8667
8671
8673
8674
8675
8676
8683
8686
8691
8693
8694
8695
8698
8700
8703
8704
8705
8707
8708
8709
8711
8712
8713
8716
8718
8720
8722
8725
8726
8730
8732
8734
8736
8738
8740
8741
8745
8746
8747
8748
8750
8752
8753
8756
8758
8761
8765
8775
8780
8781
8782
8783
8784
8788
8795
8796
8798
8799
8800
8814
8816
8818
8819
8820
8827
8829
8830
8833
8834
8837
8838
8840
8841
8844
8847
8848
8849
8852
8854
8855
8857
8859
8863
8866
8867
8868
8875
8880
8883
8885
8891
8892
8893
8895
8898
8901
8902
8909
8913
8914
8915
8917
8919
8925
8931
8933
8944
8946
8951
8952
8953
8956
8958
8959
8963
8965
8968
8972
8974
8975
8976
8977
8981
8989
8994
8996
8999
9000
9006
9008
9012
9014
9016
9017
9019
9020
9021
9023
9025
9026
9029
9030
9031
9033
9034
9035
9042
9044
9045
9046
9049
9050
9054
9055
9058
9060
9063
9067
9068
9074
9076
9079
9080
9081
9084
9091
9093
9095
9098
9099
9106
9110
9111
9114
9115
9116
9122
9125
9126
9127
9128
9129
9130
9131
9132
9136
9138
9142
9144
9147
9148
9149
9150
9153
9154
9156
9158
9160
9162
9164
9165
9170
9171
9172
9173
9177
9180
9182
9185
9187
9192
9193
9194
9196
9198
9199
9201
9204
9205
9208
9210
9212
9213
9215
9222
9225
9226
9229
9236
9237
9238
9242
9243
9244
9247
9249
9251
9253
9259
9260
9265
9266
9267
9269
9271
9272
9273
9274
9278
9282
9283
9285
9287
9289
9290
9291
9292
9293
9296
9297
9298
9300
9301
9303
9304
9305
9311
9313
9314
9315
9316
9318
9320
9322
9324
9325
9326
9327
9328
9329
9330
9331
9336
9338
9339
9340
9343
9346
9351
9355
9357
9361
9362
9364
9367
9369
9375
9376
9377
9378
9381
9382
9383
9390
9391
9393
9396
9397
9398
9399
9403
9404
9405
9406
9407
9408
9411
9416
9417
9418
9424
9431
9436
9437
9438
9442
9448
9449
9450
9452
9454
9457
9458
9461
9468
9469
9472
9474
9475
9476
9477
9479
9483
9486
9489
9492
9493
9495
9500
9501
9502
9509
9512
9513
9514
9515
9517
9518
9520
9533
9536
9540
9549
9552
9556
9560
9562
9564
9565
9574
9579
9581
9587
9589
9592
9593
9597
9602
9609
9611
9612
9613
9614
9621
9622
9623
9624
9625
9627
9632
9633
9634
9641
9643
9644
9645
9655
9656
9662
9663
9664
9667
9669
9671
9675
9678
9679
9680
9682
9684
9689
9690
9691
9695
9705
9706
9707
9715
9717
9719
9723
9726
9730
9731
9732
9734
9735
9737
9740
9744
9746
9747
9756
9759
9760
9763
9764
9765
9767
9770
9771
9772
9776
9777
9780
9783
9787
9791
9792
9795
9796
9797
9798
9799
9801
9802
9803
9804
9805
9808
9809
9810
9813
9822
9825
9827
9829
9839
9840
9841
9843
9845
9849
9850
9851
9852
9853
9854
9856
9860
9865
9867
9868
9869
9870
9874
9876
9879
9880
9887
9888
9889
9890
9891
9894
9898
9900
9901
9902
9903
9909
9910
9911
9915
9917
9920
9921
9923
9928
9931
9932
9934
9937
9938
9940
9941
9943
9945
9946
9947
9948
9949
9955
9960
9962
9963
9964
9968
9969
9970
9972
9976
9978
9979
9981
9983
9984
9988
9993
9998
9999
10000
10005
10009
10016
10018
10019
10020
10021
10024
10030
10032
10033
10034
10035
10039
10040
10043
10044
10047
10050
10054
10056
10059
10063
10066
10068
10070
10079
10081
10082
10087
10088
10096
10100
10101
10102
10104
10106
10107
10108
10112
10113
10119
10122
10124
10125
10127
10139
10149
10152
10154
10155
10158
10159
10162
10166
10170
10172
10173
10174
10177
10179
10181
10182
10185
10186
10190
10192
10193
10194
10200
10204
10205
10206
10209
10212
10216
10217
10220
10221
10226
10228
10232
10233
10234
10235
10236
10244
10245
10247
10250
10259
10262
10263
10268
10278
10281
10282
10284
10286
10287
10289
10296
10297
10300
10301
10302
10305
10306
10307
10309
10312
10313
10314
10315
10316
10320
10321
10322
10323
10324
10326
10327
10328
10329
10331
10332
10334
10336
10341
10342
10343
10344
10345
10347
10348
10349
10350
10353
10354
10355
10356
10358
10359
10362
10363
10365
10369
10371
10375
10376
10379
10383
10386
10388
10390
10391
10392
10393
10395
10396
10400
10408
10409
10411
10412
10413
10415
10420
10425
10426
10428
10431
10432
10434
10437
10438
10440
10441
10445
10448
10450
10455
10459
10462
10463
10466
10468
10471
10472
10475
10476
10477
10478
10493
10495
10496
10497
10498
10503
10506
10512
10514
10515
10516
10517
10519
10521
10524
10529
10530
10532
10533
10534
10538
10540
10543
10544
10550
10551
10555
10557
10558
10559
10560
10564
10567
10571
10572
10574
10578
10579
10582
10585
10588
10590
10591
10594
10598
10600
10602
10603
10605
10608
10610
10611
10613
10615
10616
10617
10621
10623
10624
10626
10627
10629
10631
10633
10634
10635
10636
10638
10639
10640
10641
10643
10644
10645
10646
10647
10648
10649
10650
10652
10654
10656
10662
10674
10680
10683
10688
10690
10692
10693
10694
10697
10701
10702
10703
10705
10708
10716
10720
10721
10722
10723
10728
10730
10732
10735
10736
10737
10745
10747
10750
10751
10757
10758
10760
10764
10765
10767
10770
10771
10773
10774
10776
10777
10778
10780
10781
10782
10783
10784
10785
10787
10789
10790
10792
10796
10804
10806
10807
10809
10810
10811
10813
10816
10819
10821
10822
10823
10825
10827
10829
10832
10833
10834
10838
10839
10843
10845
10848
10856
10857
10861
10863
10866
10868
10869
10874
10876
10881
10882
10884
10885
10886
10888
10889
10890
10894
10901
10904
10906
10907
10908
10909
10913
10916
10917
10918
10920
10921
10922
10926
10927
10929
10936
10939
10944
10948
10951
10953
10957
10961
10963
10965
10967
10969
10973
10979
10980
10981
10990
10993
10994
10995
11001
11005
11006
11011
11012
11017
11018
11025
11026
11031
11034
11036
11037
11038
11041
11043
11050
11055
11056
11058
11063
11065
11069
11070
11072
11073
11074
11081
11083
11084
11087
11088
11089
11090
11093
11095
11099
11102
11107
11108
11109
11111
11113
11118
11121
11125
11126
11127
11130
11131
11134
11135
11138
11140
11143
11144
11145
11148
11151
11158
11159
11161
11162
11167
11168
11169
11171
11172
11174
11176
11177
11186
11188
11190
11191
11193
11195
11196
11198
11206
11208
11209
11211
11212
11223
11224
11228
11230
11231
11235
11237
11242
11248
11250
11253
11257
11258
11260
11261
11268
11270
11273
11274
11275
11276
11277
11282
11285
11289
11294
11301
11307
11309
11312
11313
11316
11318
11322
11325
11327
11329
11331
11337
11340
11341
11343
11344
11345
11349
11355
11357
11359
11361
11367
11374
11378
11380
11381
11382
11384
11388
11390
11395
11399
11400
11401
11402
11411
11413
11415
11419
11427
11428
11433
11434
11438
11442
11446
11448
11451
11452
11454
11458
11460
11462
11468
11471
11475
11482
11483
11484
11485
11487
11493
11495
11498
11501
11503
11506
11511
11512
11514
11515
11516
11517
11518
11519
11521
11524
11526
11530
11533
11539
11544
11547
11548
11549
11556
11560
11565
11569
11571
11573
11578
11579
11585
11588
11589
11591
11594
11595
11597
11599
11602
11605
11607
11609
11610
11612
11617
11619
11622
11623
11624
11626
11627
11628
11633
11634
11635
11636
11638
11647
11654
11655
11661
11664
11666
11668
11670
11675
11676
11687
11689
11695
11697
11699
11700
11703
11708
11711
11719
11724
11725
11728
11735
11736
11739
11740
11746
11754
11755
11758
11762
11764
11765
11766
11767
11770
11776
11777
11781
11782
11785
11788
11796
11804
11806
11809
11813
11815
11823
11825
11829
11832
11834
11835
11838
11839
11841
11843
11845
11846
11852
11853
11859
11877
11878
11879
11882
11884
11890
11891
11892
11893
11894
11897
11898
11902
11903
11904
11905
11909
11910
11914
11915
11916
11918
11922
11927
11930
11931
11934
11937
11938
11940
11942
11943
11948
11957
11959
11965
11977
11982
11985
11986
11991
11992
12002
12005
12007
12011
12015
12017
12018
12024
12025
12028
12033
12035
12036
12038
12040
12041
12042
12044
12050
12052
12053
12054
12055
12057
12058
12066
12067
12068
12072
12074
12076
12081
12085
12089
12092
12093
12095
12100
12102
12105
12110
12112
12114
12118
12121
12123
12124
12127
12131
12133
12135
12141
12142
12145
12150
12156
12162
12166
12171
12175
12179
12184
12188
12190
12197
12202
12204
12207
12209
12212
12215
12219
12222
12224
12233
12234
12238
12244
12251
12252
12260
12261
12263
12266
12267
12268
12270
12271
12272
12281
12282
12285
12287
12289
12290
12293
12295
12296
12297
12298
12300
12309
12313
12321
12322
12324
12326
12331
12335
12342
12346
12348
12360
12365
12371
12375
12376
12383
12388
12389
12391
12395
12396
12398
12401
12402
12404
12406
12411
12414
12416
12419
12422
12425
12430
12432
12439
12440
12441
12448
12460
12464
12465
12468
12469
12472
12473
12474
12475
12477
12479
12484
12485
12487
12490
12492
12495
12496
12497
12498
12499
12501
12502
12504
12506
12510
12512
12519
12521
12524
12527
12528
12529
12531
12534
12538
12548
12551
12553
12564
12571
12575
12576
12577
12580
12581
12582
12587
12589
12590
12595
12597
12599
12602
12604
12605
12609
12612
12614
12625
12628
12630
12632
12634
12637
12639
12650
12651
12652
12658
12659
12661
12662
12664
12665
12667
12671
12673
12676
12677
12684
12688
12690
12691
12693
12700
12702
12705
12707
12709
12720
12723
12725
12726
12728
12729
12731
12732
12735
12737
12742
12752
12753
12755
12756
12757
12758
12760
12761
12763
12768
12770
12772
12773
12780
12784
12785
12789
12793
12794
12795
12796
12797
12804
12806
12808
12809
12810
12813
12816
12817
12820
12822
12826
12827
12833
12837
12843
12855
12856
12857
12863
12869
12871
12876
12879
12881
12884
12887
12888
12891
12895
12896
12905
12907
12913
12914
12919
12921
12926
12927
12931
12932
12934
12935
12939
12945
12946
12947
12948
12953
12954
12955
12959
12960
12964
12965
12966
12979
12980
12990
12991
12992
12994
12995
13001
13002
13008
13009
13010
13012
13015
13016
13021
13026
13032
13037
13038
13040
13048
13050
13051
13058
13059
13061
13062
13065
13067
13069
13071
13075
13078
13082
13087
13089
13090
13091
13095
13101
13102
13105
13108
13109
13112
13116
13126
13129
13130
13131
13134
13135
13138
13145
13150
13153
13156
13160
13162
13163
13169
13174
13179
13189
13192
13193
13194
13195
13196
13199
13200
13204
13207
13209
13213
13218
13220
13223
13224
13228
13232
13233
13234
13235
13236
13237
13240
13243
13245
13250
13254
13260
13263
13265
13266
13271
13276
13278
13280
13281
13282
13284
13287
13291
13295
13297
13299
13303
13304
13305
13307
13308
13311
13313
13325
13326
13327
13328
13329
13330
13331
13332
13333
13336
13340
13341
13344
13349
13350
13351
13352
13353
13354
13355
13356
13357
13362
13363
13366
13367
13369
13370
13375
13376
13377
13379
13380
13382
13384
13385
13390
13391
13398
13400
13404
13405
13409
13410
13415
13425
13437
13442
13443
13451
13452
13453
13455
13457
13461
13464
13467
13469
13470
13477
13480
13483
13484
13488
13489
13493
13501
13504
13511
13512
13513
13520
13526
13528
13530
13532
13533
13534
13535
13536
13539
13543
13550
13553
13555
13556
13557
13560
13562
13567
13569
13570
13576
13577
13583
13586
13590
13598
13599
13600
13608
13610
13611
13613
13614
13619
13623
13625
13630
13633
13634
13636
13639
13645
13654
13656
13657
13659
13662
13663
13667
13676
13678
13684
13687
13696
13705
13708
13711
13713
13714
13716
13721
13723
13727
13728
13730
13731
13735
13737
13738
13739
13740
13741
13742
13747
13748
13750
13754
13755
13756
13757
13759
13762
13764
13765
13766
13773
13776
13777
13779
13782
13783
13784
13786
13789
13791
13793
13795
13796
13797
13798
13802
13803
13808
13809
13810
13812
13813
13814
13818
13826
13831
13837
13839
13844
13846
13852
13856
13858
13861
13862
13867
13870
13871
13889
13891
13905
13906
13908
13915
13917
13919
13923
13925
13928
13929
13931
13933
13935
13939
13947
13949
13955
13956
13964
13965
13978
13980
13985
13989
13997
14002
14006
14008
14015
14019
14024
14029
14032
14038
14042
14046
14047
14050
14051
14054
14055
14059
14061
14064
14065
14071
14072
14074
14077
14078
14080
14081
14085
14087
14091
14095
14096
14098
14103
14105
14107
14116
14118
14119
14121
14125
14127
14130
14131
14143
14145
14150
14157
14160
14162
14164
14175
14176
14180
14182
14192
14195
14201
14208
14214
14215
14218
14223
14224
14243
14246
14254
14255
14258
14260
14261
14264
14268
14270
14272
14286
14290
14293
14294
14296
14299
14304
14312
14313
14317
14325
14327
14343
14350
14358
14359
14360
14362
14367
14369
14370
14383
14384
14389
14394
14395
14396
14397
14402
14403
14405
14408
14409
14414
14417
14418
14419
14426
14428
14429
14433
14436
14439
14440
14442
14445
14446
14449
14450
14463
14465
14468
14469
14474
14480
14481
14485
14486
14494
14495
14496
14497
14499
14503
14504
14508
14509
14511
14515
14517
14519
14521
14525
14526
14528
14529
14531
14533
14535
14537
14544
14548
14550
14551
14558
14559
14563
14565
14570
14575
14576
14582
14585
14589
14597
14600
14603
14611
14618
14622
14625
14631
14635
14639
14641
14642
14648
14649
14650
14656
14659
14665
14679
14681
14682
14684
14691
14700
14703
14709
14711
14712
14713
14715
14717
14724
14729
14734
14738
14743
14744
14745
14753
14756
14760
14765
14768
14770
14772
14778
14785
14786
14792
14803
14813
14817
14818
14821
14826
14830
14831
14832
14835
14836
14844
14852
14859
14860
14863
14866
14868
14878
14879
14882
14884
14896
14898
14906
14908
14909
14910
14914
14916
14917
14923
14927
14935
14937
14939
14945
14948
14957
14961
14964
14967
14971
14972
14974
14975
14981
14994
15015
15017
15018
15020
15023
15032
15033
15037
15038
15047
15048
15054
15056
15060
15063
15064
15069
15070
15071
15072
15078
15081
15086
15106
15121
15128
15134
15144
15146
15148
15151
15152
15153
15154
15155
15158
15166
15172
15173
15180
15181
15190
15192
15195
15196
15199
15201
15202
15204
15207
15209
15212
15214
15216
15221
15222
15229
15230
15237
15247
15250
15251
15254
15270
15271
15275
15277
15278
15282
15284
15286
15294
15296
15297
15298
15307
15313
15324
15327
15347
15349
15350
15351
15352
15354
15356
15357
15358
15360
15366
15367
15369
15376
15377
15383
15384
15388
15390
15396
15398
15403
15404
15413
15414
15415
15421
15422
15424
15427
15428
15430
15431
15439
15441
15449
15453
15458
15460
15464
15476
15484
15488
15498
15499
15501
15516
15525
15531
15532
15554
15561
15562
15565
15569
15570
15571
15573
15581
15588
15590
15597
15604
15607
15608
15614
15616
15622
15629
15636
15638
15641
15645
15648
15664
15666
15670
15673
15674
15688
15696
15704
15707
15711
15716
15720
15723
15730
15734
15735
15741
15744
15750
15752
15753
15754
15755
15756
15759
15760
15761
15766
15768
15770
15772
15773
15776
15783
15785
15787
15788
15792
15797
15798
15799
15803
15806
15810
15816
15818
15829
15831
15834
15835
15839
15841
15844
15845
15846
15849
15853
15861
15862
15863
15869
15870
15872
15873
15881
15887
15894
15896
15897
15901
15905
15906
15907
15908
15909
15910
15911
15918
15929
15931
15934
15937
15939
15941
15943
15944
15945
15948
15952
15954
15955
15956
15966
15968
15970
15971
15974
15977
15979
15983
15986
15987
15989
15994
15996
15998
15999
16002
16003
16004
16005
16009
16013
16014
16015
16017
16019
16020
16026
16027
16029
16033
16037
16039
16041
16042
16047
16048
16049
16051
16053
16054
16059
16068
16073
16079
16090
16091
16093
16100
16105
16106
16107
16116
16117
16118
16123
16125
16126
16127
16129
16130
16133
16136
16138
16144
16149
16150
16160
16163
16167
16168
16169
16170
16181
16183
16187
16198
16199
16201
16203
16204
16206
16207
16208
16209
16213
16215
16216
16217
16218
16225
16229
16231
16232
16235
16236
16242
16245
16250
16257
16265
16273
16274
16277
16282
16283
16289
16292
16293
16301
16304
16309
16312
16315
16318
16321
16324
16325
16326
16332
16334
16337
16344
16347
16348
16351
16353
16356
16358
16362
16364
16367
16369
16371
16382
16390
16392
16393
16396
16397
16402
16403
16413
16420
16421
16424
16426
16430
16431
16438
16444
16449
16453
16459
16460
16461
16462
16463
16466
16478
16485
16489
16490
16503
16505
16507
16512
16513
16514
16515
16516
16519
16522
16523
16526
16532
16535
16539
16541
16545
16552
16553
16559
16560
16563
16566
16568
16569
16574
16578
16580
16584
16594
16600
16603
16612
16616
16617
16622
16627
16630
16632
16638
16640
16642
16650
16652
16658
16664
16666
16672
16681
16687
16688
16692
16693
16700
16702
16704
16706
16710
16711
16713
16723
16733
16738
16742
16746
16754
16755
16760
16766
16768
16770
16771
16773
16777
16784
16786
16793
16798
16802
16812
16814
16815
16817
16818
16819
16830
16836
16840
16848
16855
16856
16862
16864
16867
16870
16874
16875
16878
16883
16885
16889
16891
16893
16896
16899
16900
16902
16904
16905
16909
16913
16917
16918
16920
16924
16930
16936
16937
16940
16941
16942
16945
16946
16948
16950
16951
16954
16959
16961
16963
16966
16967
16968
16969
16971
16972
16976
16978
16983
16989
16991
16995
16996
16999
17000
17001
17004
17006
17010
17014
17017
17022
17024
17038
17043
17049
17053
17054
17057
17058
17064
17065
17069
17070
17072
17074
17075
17077
17078
17081
17084
17088
17091
17100
17103
17106
17108
17110
17111
17113
17117
17120
17126
17127
17129
17135
17137
17145
17146
17148
17150
17154
17155
17156
17157
17160
17161
17165
17166
17171
17174
17180
17182
17188
17191
17192
17193
17194
17199
17204
17206
17208
17210
17214
17215
17217
17222
17224
17225
17228
17229
17233
17235
17239
17241
17244
17249
17253
17257
17261
17267
17268
17269
17270
17274
17284
17286
17288
17289
17291
17293
17296
17297
17299
17302
17304
17305
17307
17308
17309
17318
17319
17320
17329
17332
17340
17342
17343
17351
17356
17357
17358
17360
17362
17366
17368
17369
17375
17378
17379
17385
17388
17390
17394
17402
17403
17405
17411
17415
17418
17420
17426
17427
17435
17439
17442
17444
17445
17450
17458
17461
17463
17464
17478
17480
17496
17497
17502
17504
17505
17508
17511
17513
17515
17519
17521
17524
17526
17527
17528
17532
17535
17536
17540
17547
17549
17550
17551
17553
17557
17558
17562
17563
17572
17573
17574
17575
17576
17579
17583
17590
17592
17595
17604
17607
17609
17619
17625
17627
17629
17630
17632
17638
17642
17649
17653
17655
17656
17659
17661
17663
17666
17674
17676
17679
17683
17684
17685
17687
17690
17697
17698
17702
17710
17714
17716
17723
17724
17731
17736
17738
17742
17744
17745
17746
17750
17754
17756
17762
17766
17773
17774
17776
17777
17778
17784
17788
17792
17796
17797
17800
17802
17806
17809
17812
17820
17826
17829
17831
17840
17843
17846
17853
17860
17866
17867
17869
17874
17884
17893
17898
17901
17903
17904
17907
17910
17915
17924
17925
17930
17932
17934
17937
17944
17947
17951
17952
17954
17958
17962
17966
17968
17972
17973
17978
17981
17984
17986
17988
17989
17991
17995
17998
18000
18001
18004
18006
18014
18017
18019
18020
18021
18023
18024
18026
18030
18043
18046
18050
18059
18066
18070
18072
18074
18078
18080
18086
18088
18090
18091
18095
18102
18113
18117
18119
18124
18125
18127
18138
18151
18159
18175
18189
18190
18194
18197
18203
18208
18209
18217
18221
18222
18223
18224
18236
18242
18244
18245
18247
18248
18249
18260
18261
18263
18264
18276
18281
18282
18285
18288
18290
18292
18295
18296
18300
18302
18306
18308
18311
18318
18319
18325
18331
18342
18343
18345
18346
18351
18352
18353
18354
18359
18360
18362
18363
18369
18370
18373
18375
18392
18396
18398
18401
18402
18408
18409
18412
18423
18427
18428
18437
18450
18454
18459
18460
18461
18471
18473
18480
18483
18488
18489
18496
18499
18507
18509
18510
18511
18512
18513
18515
18520
18523
18524
18526
18527
18528
18529
18537
18539
18544
18546
18547
18549
18551
18552
18554
18555
18556
18558
18560
18564
18566
18570
18572
18573
18574
18580
18582
18585
18586
18588
18590
18591
18592
18595
18601
18604
18605
18610
18614
18616
18634
18635
18636
18637
18640
18641
18648
18650
18652
18655
18658
18660
18667
18675
18676
18678
18681
18699
18708
18712
18713
18717
18721
18723
18731
18741
18746
18754
18755
18757
18760
18765
18767
18768
18771
18773
18774
18775
18776
18779
18780
18785
18789
18792
18794
18798
18799
18804
18805
18808
18810
18812
18814
18818
18820
18822
18827
18829
18832
18835
18838
18843
18847
18855
18857
18859
18862
18863
18867
18874
18877
18879
18881
18883
18884
18891
18892
18895
18897
18898
18900
18902
18904
18915
18923
18929
18930
18932
18934
18936
18939
18950
18953
18956
18960
18961
18965
18967
18971
18972
18974
18981
18982
18984
18986
18988
18992
18997
18999
19006
19007
19011
19014
19016
19018
19020
19022
19024
19028
19029
19030
19035
19037
19044
19047
19049
19052
19063
19065
19072
19073
19079
19080
19081
19083
19091
19097
19101
19104
19107
19110
19112
19116
19127
19128
19129
19137
19153
19154
19155
19164
19165
19166
19170
19173
19176
19179
19181
19183
19186
19190
19191
19198
19199
19203
19206
19208
19209
19211
19215
19221
19222
19226
19229
19238
19240
19242
19243
19249
19252
19253
19255
19256
19257
19259
19262
19267
19272
19276
19278
19283
19292
19296
19297
19298
19305
19306
19307
19311
19313
19321
19325
19332
19333
19334
19335
19350
19353
19359
19361
19363
19365
19366
19367
19374
19377
19382
19383
19389
19393
19394
19396
19397
19398
19400
19402
19404
19414
19415
19418
19419
19424
19427
19429
19436
19439
19442
19443
19445
19448
19450
19452
19459
19461
19464
19467
19468
19474
19476
19480
19482
19483
19486
19488
19490
19493
19494
19496
19497
19501
19503
19505
19506
19512
19513
19516
19521
19525
19530
19534
19535
19539
19543
19544
19545
19546
19548
19561
19567
19573
19575
19579
19585
19586
19587
19592
19595
19600
19604
19609
19611
19612
19618
19621
19630
19631
19633
19637
19640
19641
19642
19645
19646
19650
19652
19654
19655
19657
19660
19661
19664
19665
19669
19670
19671
19672
19676
19679
19680
19682
19684
19687
19689
19690
19692
19700
19704
19715
19718
19721
19722
19730
19733
19735
19736
19737
19738
19739
19744
19745
19749
19750
19753
19758
19761
19764
19765
19766
19769
19772
19779
19781
19784
19788
19793
19801
19802
19803
19806
19807
19813
19818
19819
19822
19824
19826
19827
19828
19829
19833
19835
19836
19837
19840
19842
19848
19860
19863
19864
19869
19870
19873
19875
19877
19878
19885
19889
19891
19893
19896
19898
19899
19905
19909
19911
19912
19934
19935
19944
19945
19947
19950
19957
19965
19966
19971
19976
19978
19979
19981
19983
19985
19986
19987
20002
20009
20016
20020
20022
20024
20025
20027
20030
20034
20048
20049
20053
20057
20059
20060
20066
20075
20079
20084
20087
20092
20093
20098
20104
20105
20108
20109
20110
20111
20112
20113
20116
20121
20124
20128
20132
20137
20138
20141
20142
20147
20150
20152
20159
20165
20170
20172
20175
20177
20180
20183
20184
20186
20190
20195
20201
20215
20219
20222
20225
20227
20228
20230
20231
20233
20238
20239
20240
20243
20248
20250
20251
20252
20255
20256
20260
20261
20265
20268
20279
20283
20284
20287
20288
20290
20294
20295
20297
20298
20300
20305
20306
20309
20313
20316
20322
20323
20324
20329
20333
20334
20338
20339
20346
20351
20355
20358
20364
20368
20371
20401
20407
20423
20424
20431
20432
20434
20436
20439
20452
20457
20465
20466
20467
20468
20470
20471
20472
20476
20479
20480
20481
20483
20485
20486
20489
20490
20492
20493
20494
20499
20500
20501
20513
20516
20524
20526
20527
20535
20546
20547
20552
20562
20565
20570
20576
20577
20587
20589
20590
20591
20592
20593
20598
20607
20610
20611
20612
20614
20617
20618
20628
20631
20633
20635
20636
20639
20645
20657
20658
20660
20663
20665
20668
20669
20670
20674
20675
20679
20680
20682
20684
20686
20688
20690
20695
20700
20703
20704
20710
20713
20716
20717
20718
20719
20723
20724
20730
20740
20741
20743
20748
20750
20752
20753
20757
20759
20765
20769
20771
20773
20774
20777
20782
20788
20790
20794
20798
20799
20800
20803
20805
20808
20809
20813
20814
20815
20822
20827
20832
20834
20836
20838
20841
20846
20852
20853
20855
20857
20858
20860
20868
20872
20873
20878
20881
20883
20884
20887
20892
20896
20900
20907
20911
20914
20916
20919
20920
20924
20925
20952
20954
20958
20959
20962
20964
20968
20969
20970
20972
20984
20989
21000
21002
21003
21006
21008
21009
21011
21013
21017
21018
21021
21023
21027
21029
21033
21038
21044
21045
21046
21048
21051
21052
21053
21056
21066
21069
21071
21074
21078
21082
21089
21090
21091
21100
21114
21115
21116
21124
21127
21128
21129
21137
21139
21146
21148
21152
21160
21176
21177
21180
21181
21182
21192
21196
21200
21203
21205
21210
21218
21223
21225
21227
21229
21232
21233
21236
21237
21239
21240
21243
21249
21252
21259
21262
21266
21277
21278
21279
21280
21282
21284
21291
21294
21297
21303
21308
21313
21315
21317
21322
21323
21329
21331
21339
21341
21342
21346
21349
21350
21351
21358
21365
21368
21370
21375
21377
21378
21382
21383
21385
21391
21392
21397
21400
21405
21407
21409
21414
21416
21417
21418
21420
21423
21425
21430
21431
21433
21436
21438
21440
21446
21449
21452
21454
21455
21457
21459
21462
21467
21481
21484
21486
21488
21491
21492
21494
21500
21503
21504
21506
21516
21519
21521
21522
21528
21529
21536
21539
21540
21541
21543
21548
21549
21551
21559
21560
21567
21572
21583
21584
21585
21586
21587
21598
21602
21603
21604
21606
21608
21629
21631
21634
21637
21639
21640
21641
21643
21645
21646
21649
21655
21657
21659
21663
21674
21682
21688
21690
21694
21695
21701
21710
21712
21713
21716
21722
21723
21726
21733
21735
21741
21745
21746
21747
21749
21752
21755
21756
21760
21762
21763
21764
21772
21773
21797
21798
21802
21810
21811
21815
21822
21829
21831
21832
21840
21850
21852
21853
21860
21862
21864
21875
21877
21878
21891
21892
21895
21897
21898
21899
21905
21907
21908
21910
21911
21918
21919
21920
21925
21926
21933
21935
21936
21941
21948
21951
21952
21956
21960
21966
21967
21968
21969
21972
21975
21983
21990
21993
21994
22001
22005
22006
22012
22016
22024
22025
22026
22027
22028
22030
22034
22037
22038
22039
22042
22044
22054
22059
22064
22066
22068
22072
22073
22083
22086
22093
22104
22107
22111
22112
22118
22123
22128
22132
22138
22143
22144
22152
22154
22155
22161
22163
22170
22175
22178
22181
22188
22189
22193
22199
22200
22201
22202
22205
22212
22222
22228
22229
22230
22235
22236
22238
22241
22243
22245
22251
22252
22257
22258
22259
22261
22267
22268
22271
22274
22275
22280
22282
22284
22291
22294
22299
22300
22307
22309
22314
22316
22318
22322
22323
22328
22333
22334
22335
22338
22341
22345
22346
22348
22358
22363
22376
22380
22387
22392
22395
22404
22410
22412
22413
22433
22435
22437
22439
22449
22450
22452
22453
22460
22463
22467
22468
22470
22471
22473
22479
22484
22486
22491
22493
22506
22507
22512
22514
22520
22525
22528
22531
22536
22539
22549
22550
22554
22560
22563
22564
22576
22579
22585
22587
22588
22590
22593
22595
22596
22601
22603
22604
22606
22610
22614
22620
22621
22623
22625
22626
22632
22634
22647
22648
22652
22655
22660
22664
22665
22675
22677
22688
22689
22699
22705
22707
22711
22715
22717
22719
22720
22723
22726
22730
22736
22737
22738
22740
22742
22747
22748
22751
22756
22757
22765
22770
22784
22789
22791
22793
22797
22798
22799
22803
22804
22806
22810
22812
22816
22818
22819
22820
22821
22822
22826
22830
22839
22847
22849
22851
22853
22863
22873
22877
22879
22882
22887
22892
22898
22899
22904
22908
22909
22911
22916
22918
22919
22920
22932
22933
22940
22942
22950
22956
22965
22966
22978
22980
22981
22983
22984
22994
23000
23001
23003
23004
23005
23006
23007
23012
23013
23015
23016
23017
23018
23020
23025
23026
23027
23031
23037
23040
23041
23047
23048
23052
23053
23062
23063
23064
23070
23073
23074
23077
23083
23086
23088
23090
23091
23097
23098
23099
23102
23103
23104
23113
23114
23115
23122
23126
23131
23134
23145
23147
23149
23152
23156
23158
23162
23163
23164
23170
23173
23175
23177
23182
23185
23186
23200
23201
23203
23204
23205
23207
23210
23212
23214
23217
23220
23222
23223
23224
23230
23231
23235
23241
23244
23248
23251
23252
23253
23254
23258
23259
23261
23267
23269
23273
23275
23280
23281
23287
23293
23294
23295
23296
23299
23301
23304
23305
23306
23308
23310
23315
23316
23317
23319
23322
23330
23332
23336
23338
23341
23347
23358
23366
23367
23368
23372
23373
23379
23380
23381
23386
23387
23388
23390
23391
23394
23395
23396
23400
23401
23407
23418
23419
23420
23421
23427
23428
23430
23433
23434
23437
23440
23444
23445
23446
23447
23450
23454
23463
23465
23466
23469
23474
23477
23479
23492
23498
23503
23505
23513
23514
23515
23516
23517
23521
23522
23525
23535
23539
23541
23544
23545
23550
23553
23554
23555
23560
23565
23567
23571
23574
23575
23578
23584
23591
23605
23621
23625
23626
23628
23629
23636
23637
23638
23642
23645
23648
23652
23653
23658
23659
23663
23666
23667
23668
23677
23690
23692
23703
23705
23707
23708
23711
23714
23715
23719
23722
23727
23731
23735
23738
23740
23742
23747
23751
23754
23757
23758
23761
23765
23769
23774
23775
23776
23777
23779
23781
23783
23785
23786
23789
23790
23796
23800
23805
23813
23815
23819
23822
23824
23827
23832
23843
23844
23845
23846
23847
23852
23853
23856
23857
23858
23862
23872
23877
23879
23882
23883
23891
23892
23896
23899
23902
23907
23911
23912
23914
23915
23918
23920
23922
23923
23926
23927
23928
23930
23939
23941
23942
23944
23946
23954
23958
23960
23964
23965
23968
23969
23972
23974
23978
23982
23983
23986
23989
23990
23991
23992
23998
23999
24004
24012
24021
24028
24034
24037
24038
24042
24043
24047
24049
24051
24053
24061
24064
24068
24070
24072
24076
24079
24082
24084
24086
24087
24088
24090
24093
24098
24106
24113
24115
24116
24117
24122
24123
24125
24126
24131
24136
24138
24139
24141
24146
24147
24151
24152
24154
24158
24159
24172
24176
24178
24180
24181
24182
24183
24184
24187
24191
24200
24206
24207
24209
24213
24215
24218
24223
24225
24226
24227
24228
24234
24237
24238
24242
24243
24245
24249
24251
24253
24255
24262
24273
24278
24280
24281
24282
24283
24284
24288
24299
24301
24305
24306
24308
24326
24329
24331
24332
24336
24341
24342
24345
24349
24351
24352
24353
24355
24358
24364
24366
24381
24383
24385
24387
24396
24399
24409
24417
24419
24420
24422
24428
24435
24447
24453
24459
24462
24467
24468
24470
24472
24477
24478
24484
24486
24493
24494
24513
24514
24516
24519
24523
24524
24528
24529
24532
24534
24535
24536
24539
24541
24544
24545
24549
24550
24553
24561
24567
24569
24573
24575
24583
24584
24589
24594
24598
24599
24606
24608
24609
24616
24618
24625
24626
24632
24634
24638
24641
24643
24645
24649
24651
24654
24660
24661
24662
24663
24665
24667
24668
24669
24672
24673
24676
24684
24685
24686
24688
24690
24691
24695
24701
24705
24712
24713
24715
24717
24722
24723
24726
24728
24729
24730
24731
24732
24733
24738
24740
24745
24746
24752
24754
24755
24762
24763
24766
24775
24778
24780
24784
24790
24798
24799
24809
24811
24812
24820
24824
24836
24839
24853
24856
24875
24880
24881
24882
24883
24892
24896
24897
24899
24901
24902
24908
24912
24918
24919
24921
24923
24924
24926
24932
24933
24939
24944
24946
24949
24951
24963
24977
24984
24985
24987
24988
24998
25002
25006
25007
25008
25011
25015
25017
25020
25022
25023
25025
25027
25030
25035
25042
25045
25047
25049
25053
25060
25063
25066
25068
25070
25072
25081
25091
25097
25103
25105
25111
25118
25119
25122
25124
25125
25134
25135
25149
25160
25170
25174
25181
25182
25184
25195
25199
25201
25203
25207
25211
25216
25228
25229
25231
25247
25249
25259
25264
25266
25269
25276
25278
25280
25285
25290
25291
25296
25303
25311
25323
25326
25334
25337
25338
25340
25342
25343
25347
25367
25369
25372
25375
25377
25386
25388
25389
25398
25399
25400
25406
25410
25412
25414
25419
25421
25422
25425
25434
25435
25437
25438
25440
25442
25444
25446
25447
25451
25452
25457
25466
25469
25474
25477
25479
25484
25490
25492
25495
25499
25510
25512
25514
25523
25529
25540
25546
25548
25549
25550
25553
25556
25561
25563
25566
25572
25576
25577
25578
25580
25584
25588
25597
25599
25600
25604
25606
25613
25615
25617
25618
25620
25624
25626
25628
25630
25631
25645
25650
25654
25659
25664
25666
25668
25678
25680
25686
25689
25690
25691
25692
25705
25706
25707
25710
25711
25712
25722
25723
25729
25737
25744
25746
25747
25758
25773
25779
25781
25788
25790
25791
25792
25793
25794
25795
25806
25813
25819
25828
25830
25833
25835
25847
25855
25864
25865
25871
25875
25878
25884
25886
25890
25891
25895
25896
25899
25903
25911
25912
25919
25921
25922
25924
25926
25931
25934
25952
25956
25957
25958
25963
25964
25967
25968
25969
25970
25973
25988
25990
25991
26002
26006
26009
26013
26017
26019
26022
26023
26026
26030
26038
26039
26041
26042
26043
26044
26047
26057
26070
26075
26077
26082
26087
26088
26091
26092
26093
26094
26097
26098
26099
26101
26105
26108
26109
26110
26111
26112
26117
26118
26120
26121
26123
26131
26132
26135
26138
26146
26151
26152
26155
26156
26159
26164
26167
26169
26171
26175
26176
26177
26184
26187
26190
26192
26194
26195
26197
26198
26199
26206
26207
26208
26213
26219
26221
26227
26229
26230
26245
26251
26252
26253
26255
26257
26259
26260
26263
26265
26270
26271
26272
26274
26276
26278
26282
26292
26293
26295
26296
26298
26306
26310
26311
26314
26317
26318
26320
26323
26324
26325
26337
26342
26343
26344
26349
26353
26366
26371
26372
26374
26375
26379
26383
26385
26389
26391
26392
26393
26394
26396
26400
26404
26405
26407
26409
26410
26415
26424
26426
26429
26430
26434
26442
26446
26451
26454
26455
26468
26470
26471
26472
26474
26478
26481
26484
26489
26491
26494
26495
26498
26500
26504
26507
26513
26516
26520
26521
26524
26526
26527
26531
26537
26538
26540
26543
26547
26551
26553
26558
26559
26561
26568
26569
26571
26580
26581
26584
26589
26590
26594
26600
26602
26603
26607
26610
26613
26614
26620
26624
26625
26633
26635
26638
26640
26643
26644
26646
26647
26652
26656
26657
26658
26660
26665
26666
26667
26672
26673
26679
26685
26689
26692
26694
26697
26698
26702
26711
26712
26713
26720
26721
26727
26731
26734
26737
26740
26741
26744
26747
26748
26750
26752
26759
26760
26766
26767
26770
26771
26778
26782
26784
26788
26790
26791
26794
26797
26798
26801
26802
26805
26807
26810
26811
26814
26817
26821
26829
26831
26834
26847
26848
26850
26856
26864
26866
26872
26876
26880
26881
26882
26883
26887
26888
26895
26897
26904
26905
26911
26917
26918
26922
26928
26929
26931
26935
26939
26940
26941
26943
26945
26951
26955
26956
26957
26964
26968
26970
26971
26973
26982
26985
26987
26992
26995
26996
27000
27001
27007
27019
27020
27028
27031
27032
27037
27039
27040
27043
27044
27046
27048
27051
27054
27056
27063
27066
27068
27070
27071
27074
27080
27085
27095
27096
27115
27121
27123
27124
27125
27126
27135
27136
27143
27146
27149
27161
27166
27173
27174
27180
27184
27188
27189
27192
27198
27202
27204
27207
27209
27210
27211
27212
27218
27223
27225
27226
27235
27238
27241
27242
27254
27255
27256
27259
27267
27269
27273
27275
27280
27282
27286
27288
27289
27290
27291
27293
27294
27299
27301
27302
27307
27308
27309
27311
27315
27320
27321
27322
27323
27329
27330
27338
27340
27341
27351
27352
27353
27359
27361
27362
27363
27365
27373
27374
27376
27378
27381
27382
27384
27391
27392
27396
27397
27401
27403
27404
27405
27412
27420
27426
27427
27437
27439
27441
27442
27443
27444
27446
27447
27453
27461
27462
27465
27469
27470
27472
27481
27482
27485
27486
27489
27490
27491
27495
27502
27503
27504
27510
27512
27513
27514
27517
27520
27521
27527
27528
27532
27536
27537
27543
27545
27548
27557
27558
27562
27563
27564
27568
27576
27581
27585
27586
27590
27592
27596
27597
27602
27614
27615
27616
27617
27622
27626
27630
27631
27632
27633
27634
27635
27637
27640
27643
27647
27649
27652
27653
27654
27655
27658
27659
27665
27667
27670
27673
27677
27679
27682
27686
27688
27690
27691
27693
27695
27696
27697
27699
27705
27707
27708
27709
27717
27719
27722
27724
27729
27733
27734
27741
27746
27752
27753
27754
27756
27759
27768
27769
27772
27774
27780
27788
27791
27795
27797
27803
27806
27811
27812
27814
27815
27816
27819
27827
27830
27831
27836
27842
27846
27847
27849
27850
27851
27852
27853
27855
27857
27858
27862
27865
27869
27872
27878
27879
27880
27882
27883
27888
27889
27890
27892
27895
27897
27898
27901
27903
27905
27907
27915
27921
27922
27923
27924
27925
27927
27929
27931
27943
27945
27946
27951
27953
27955
27956
27967
27975
27980
27981
27989
27991
27992
27993
27994
28001
28003
28004
28006
28014
28025
28029
28030
28037
28038
28039
28042
28049
28063
28064
28067
28070
28072
28077
28079
28093
28098
28100
28101
28110
28111
28113
28115
28116
28117
28124
28125
28132
28134
28138
28140
28143
28145
28149
28150
28152
28154
28155
28160
28161
28166
28167
28168
28169
28170
28183
28185
28187
28188
28189
28192
28193
28196
28198
28202
28205
28207
28210
28215
28219
28222
28227
28228
28233
28236
28239
28241
28242
28249
28259
28261
28267
28271
28272
28274
28275
28276
28285
28286
28288
28290
28291
28301
28302
28303
28306
28309
28310
28311
28323
28324
28326
28337
28340
28346
28350
28353
28358
28362
28366
28370
28375
28376
28379
28382
28385
28390
28394
28396
28401
28402
28407
28409
28416
28418
28423
28426
28427
28429
28433
28437
28441
28442
28447
28448
28452
28454
28456
28458
28464
28465
28468
28474
28477
28478
28482
28484
28487
28488
28489
28492
28507
28509
28510
28516
28519
28524
28526
28527
28535
28539
28543
28547
28548
28549
28554
28568
28571
28572
28573
28574
28575
28576
28578
28580
28581
28585
28588
28589
28594
28600
28601
28605
28606
28608
28612
28615
28624
28625
28627
28629
28631
28634
28635
28637
28639
28642
28644
28647
28648
28652
28655
28656
28665
28668
28673
28674
28679
28682
28684
28687
28692
28696
28697
28704
28708
28710
28719
28723
28727
28728
28733
28740
28742
28743
28744
28745
28746
28747
28748
28749
28755
28759
28761
28763
28765
28769
28770
28774
28779
28781
28782
28786
28791
28792
28794
28796
28807
28810
28812
28823
28824
28826
28827
28829
28830
