13
23
42
54
58
62
81
82
95
98
99
109
115
195
199
218
220
222
279
289
297
326
328
339
354
368
377
398
404
407
416
419
439
454
455
473
475
483
492
496
505
517
527
549
552
569
588
595
613
614
622
624
625
636
649
650
662
671
707
709
712
714
744
753
776
778
785
795
801
809
814
817
825
827
828
831
832
836
837
846
871
879
889
894
901
920
921
931
935
945
950
958
981
999
1001
1017
1049
1050
1056
1060
1100
1104
1114
1128
1136
1142
1151
1153
1157
1159
1164
1188
1192
1253
1271
1303
1328
1333
1342
1353
1354
1362
1370
1402
1421
1432
1439
1440
1441
1472
1473
1505
1519
1524
1526
1528
1537
1538
1543
1546
1565
1576
1585
1604
1630
1636
1644
1661
1666
1670
1691
1702
1713
1754
1756
1758
1767
1840
1848
1878
1883
1895
1922
1931
1961
1964
2013
2072
2085
2086
2098
2105
2108
2121
2147
2155
2173
2174
2178
2191
2194
2208
2211
2215
2246
2279
2296
2308
2318
2321
2336
2362
2367
2369
2380
2396
2397
2401
2403
2419
2474
2491
2519
2535
2547
2552
2556
2560
2563
2572
2574
2577
2585
2602
2604
2610
2626
2635
2648
2653
2655
2659
2680
2696
2707
2715
2716
2717
2723
2746
2749
2810
2817
2838
2844
2889
2891
2918
2934
2936
2951
2956
2964
2965
2979
2982
3009
3013
3017
3066
3069
3091
3095
3127
3130
3133
3137
3140
3163
3180
3206
3218
3234
3237
3242
3268
3271
3288
3294
3297
3321
3334
3363
3364
3372
3391
3417
3418
3434
3448
3456
3462
3520
3530
3532
3533
3564
3571
3573
3574
3577
3585
3587
3594
3598
3600
3629
3649
3655
3665
3692
3699
3700
3701
3708
3719
3744
3773
3778
3780
3796
3807
3837
3847
3869
3871
3883
3899
3900
3911
3916
3918
3926
3928
3931
3932
3948
3954
3958
3961
3973
3975
3997
4005
4006
4009
4019
4096
4100
4108
4120
4122
4126
4131
4141
4149
4165
4187
4188
4194
4209
4211
4218
4229
4241
4248
4256
4268
4300
4309
4321
4335
4356
4367
4378
4387
4401
4414
4427
4433
4459
4460
4494
4508
4523
4527
4528
4537
4543
4560
4561
4569
4577
4590
4594
4603
4609
4626
4634
4636
4662
4671
4674
4675
4689
4701
4716
4722
4745
4751
4754
4768
4776
4777
4780
4802
4805
4811
4834
4836
4845
4851
4868
4893
4894
4906
4940
4941
4993
5001
5002
5024
5027
5042
5061
5072
5078
5082
5112
5114
5119
5120
5133
5142
5145
5151
5161
5164
5176
5192
5214
5241
5243
5253
5255
5259
5272
5274
5279
5281
5284
5314
5316
5325
5330
5337
5344
5348
5365
5379
5383
5392
5396
5401
5414
5415
5432
5438
5454
5472
5483
5487
5490
5510
5535
5542
5546
5564
5572
5583
5610
5613
5622
5623
5641
5647
5648
5650
5655
5679
5685
5708
5729
5731
5747
5752
5753
5754
5759
5762
5772
5836
5859
5901
5904
5919
5934
5935
5937
5951
5969
5973
5977
5980
5983
5992
5999
6001
6016
6026
6034
6035
6037
6058
6065
6066
6070
6072
6083
6084
6106
6108
6131
6140
6142
6157
6166
6179
6191
6199
6200
6217
6219
6272
6275
6327
6338
6351
6355
6373
6376
6390
6395
6411
6419
6435
6443
6451
6476
6491
6494
6515
6517
6531
6541
6545
6569
6573
6576
6597
6607
6611
6638
6639
6646
6658
6660
6663
6668
6672
6673
6676
6677
6691
6739
6754
6757
6773
6776
6781
6786
6826
6829
6841
6851
6858
6875
6879
6885
6887
6895
6910
6913
6914
6924
6948
6969
6982
6984
6989
6992
7005
7015
7047
7055
7061
7067
7068
7073
7077
7083
7084
7092
7096
7097
7103
7108
7111
7112
7120
7123
7137
7140
7155
7158
7167
7170
7172
7175
7190
7194
7199
7201
7208
7211
7216
7218
7230
7236
7246
7247
7252
7283
7308
7313
7321
7325
7343
7349
7357
7364
7371
7379
7405
7410
7424
7425
7437
7448
7459
7461
7465
7470
7488
7492
7501
7506
7507
7533
7545
7569
7572
7595
7603
7611
7613
7614
7618
7625
7627
7630
7637
7643
7645
7648
7661
7662
7687
7688
7690
7711
7726
7742
7746
7751
7770
7775
7787
7789
7791
7800
7817
7825
7834
7841
7844
7849
7853
7854
7855
7866
7869
7875
7877
7879
7883
7907
7911
7916
7922
7928
7944
7961
7963
7974
7981
7982
8001
8008
8009
8010
8018
8023
8047
8050
8054
8063
8067
8068
8082
8083
8084
8085
8094
8095
8104
8106
8113
8116
8122
8125
8127
8135
8136
8142
8143
8175
8177
8184
8192
8197
8199
8200
8204
8210
8219
8223
8224
8228
8229
8230
8236
8238
8244
8253
8254
8264
8265
8268
8272
8279
8284
8298
8313
8332
8339
8343
8366
8373
8380
8383
8394
8397
8405
8407
8411
8501
8518
8526
8533
8540
8545
8551
8553
8557
8573
8575
8578
8588
8591
8606
8616
8641
8646
8693
8704
8712
8722
8734
8738
8739
8742
8747
8768
8771
8782
8812
8819
8821
8828
8850
8853
8860
8861
8864
8882
8888
8906
8923
8934
8961
8973
8979
8993
9004
9009
9027
9038
9039
9066
9075
9081
9082
9091
9100
9108
9117
9123
9129
9143
9144
9150
9166
9167
9174
9195
9199
9200
9209
9214
9220
9228
9234
9241
9248
9252
9255
9262
9265
9268
9314
9332
9335
9342
9348
9355
9387
9389
9429
9443
9462
9464
9467
9478
9480
9481
9503
9505
9530
9531
9538
9566
9570
9572
9584
9586
9590
9595
9603
9607
9618
9629
9637
9646
9649
9693
9702
9724
9750
9756
9765
9767
9778
9793
9803
9830
9831
9837
9850
9860
9862
9863
9881
9889
9898
9899
9901
9926
9930
9935
9941
9961
9975
9985
9986
9999
10010
10015
10017
10029
10031
10038
10042
10054
10074
10083
10097
10098
10110
10111
10130
10137
10140
10151
10172
10191
10195
10196
10214
10222
10238
10242
10251
10267
10272
10287
10294
10299
10314
10320
10327
10341
10342
10345
10350
10351
10372
10398
10403
10447
10461
10463
10468
10477
10486
10491
10494
10500
10508
10512
10531
10541
10554
10561
10590
10605
10615
10645
10662
10670
10674
10689
10692
10696
10704
10714
10718
10719
10736
10743
10755
10761
10762
10764
10766
10776
10786
10791
10794
10813
10815
10823
10853
10860
10864
10891
10901
10907
10908
10927
10936
10939
10961
10986
10992
10995
11020
11056
11074
11092
11103
11138
11140
11150
11157
11165
11178
11180
11184
11252
11253
11254
11257
11264
11269
11308
11313
11315
11332
11335
11350
11366
11371
11375
11385
11392
11396
11425
11431
11437
11439
11440
11450
11461
11467
11489
11500
11531
11535
11536
11542
11553
11570
11580
11583
11586
11593
11611
11615
11637
11641
11644
11648
11653
11658
11659
11663
11665
11667
11669
11671
11679
11682
11685
11694
11696
11709
11712
11721
11722
11727
11730
11737
11742
11743
11747
11749
11753
11756
11757
11761
11778
11786
11790
11794
11797
11799
11807
11808
11814
11816
11817
11826
11827
11836
11844
11845
11849
11854
11857
11863
11869
11873
11875
11880
11885
11886
11888
11906
11910
11911
11920
11923
11924
11926
11930
11938
11954
11958
11968
11976
11977
11978
11993
11995
12000
12001
12022
12027
12043
12045
12058
12067
12082
12084
12086
12108
12112
12114
12118
12121
12130
12134
12143
12148
12162
12167
12172
12176
12182
12183
12185
12188
12192
12198
12204
12205
12208
12210
12221
12226
12241
12254
12256
12260
12265
12278
12284
12315
12333
12340
12348
12352
12387
12393
12398
12400
12412
12418
12426
12453
12455
12462
12463
12470
12471
12480
12483
12493
12518
12530
12531
12550
12552
12555
12587
12599
12607
12622
12639
12642
12644
12655
12677
12678
12685
12694
12696
12708
12713
12727
12736
12740
12751
12754
12776
12786
12789
12794
12796
12804
12821
12829
12831
12839
12844
12846
12857
12878
12894
12899
12909
12916
12917
12923
12939
12940
12949
12950
12960
12964
12965
12969
12974
12975
12984
12996
13007
13012
13022
13028
13045
13046
13049
13066
13072
13073
13080
13100
13113
13118
13128
13176
13182
13187
13198
13205
13207
13212
13213
13218
13220
13227
13233
13237
13245
13249
13255
13259
13277
13280
13285
13295
13306
13315
13319
13382
13386
13397
13405
13426
13427
13438
13439
13456
13472
13492
13533
13542
13568
13575
13579
13584
13585
13591
13593
13594
13605
13673
13680
13687
13689
13708
13718
13733
13739
13740
13748
13757
13770
13771
13783
13805
13811
13813
13816
13825
13832
13853
13864
13865
13869
13871
13872
13874
13875
13887
13904
13920
13953
13965
13973
13989
14028
14045
14075
14138
14151
14154
14155
14217
14227
14234
14235
14257
14260
14292
14309
14319
14320
14328
14338
14381
14383
14398
14405
14415
14423
14427
14438
14460
14461
14483
14484
14491
14498
14506
14510
14534
14538
14540
14557
14558
14563
14564
14588
14602
14604
14608
14614
14629
14630
14638
14641
14644
14654
14660
14667
14686
14688
14707
14709
14710
14718
14727
14728
14742
14751
14764
14771
14775
14780
14790
14791
14795
14801
14802
14810
14811
14815
14820
14835
14839
14846
14861
14867
14869
14872
14875
14887
14889
14902
14910
14911
14919
14920
14925
14926
14949
14963
14974
14981
14987
14999
15020
15030
15049
15063
15065
15066
15075
15082
15094
15099
15101
15106
15138
15150
15156
15191
15213
15224
15235
15240
15253
15264
15273
15287
15292
15299
15300
15302
15306
15310
15348
15364
15365
15367
15371
15374
15380
15419
15434
15454
15466
15487
15497
15522
15539
15566
15582
15586
15600
15637
15649
15655
15658
15677
15685
15708
15710
15716
15721
15729
15745
15774
15775
15787
15813
15820
15828
15867
15891
15921
15930
15959
15984
15990
16021
16034
16038
16044
16057
16086
16107
16116
16128
16210
16219
16261
16269
16300
16317
16360
16363
16377
16381
16385
16403
16404
16425
16428
16435
16446
16466
16469
16475
16491
16506
16520
16533
16538
16551
16561
16564
16575
16576
16577
16585
16596
16601
16624
16625
16649
16667
16671
16679
16686
16691
16698
16701
16703
16704
16730
16731
16734
16735
16741
16744
16760
16761
16786
16790
16793
16814
16821
16845
16846
16856
16859
16863
16871
16894
16896
16901
16906
16910
16939
16952
16967
16972
16977
16981
16983
16986
17007
17027
17031
17043
17049
17050
17054
17066
17070
17075
17078
17079
17080
17122
17134
17141
17170
17171
17175
17220
17232
17234
17255
17256
17264
17266
17272
17281
17295
17300
17330
17334
17377
17382
17383
17389
17416
17422
17425
17469
17477
17488
17493
17518
17525
17540
17548
17552
17617
17649
17652
17665
17675
17686
17696
17699
17705
17721
17750
17751
17756
17768
17776
17784
17817
17849
17891
17941
17957
17959
17961
17967
17976
17983
17984
17991
17996
18000
18018
18020
18023
18025
18028
18039
18103
18107
18130
18143
18152
18161
18173
18179
18190
18227
18232
18233
18239
18265
18289
18307
18312
18319
18341
18357
18382
18394
18405
18413
18426
18430
18435
18438
18445
18446
18448
18457
18475
18479
18492
18515
18536
18538
18565
18581
18600
18618
18625
18633
18659
18661
18662
18669
18687
18695
18728
18742
18749
18753
18758
18764
18766
18777
18781
18801
18808
18828
18889
18912
18916
18939
18945
18968
18970
18980
18984
18985
19021
19023
19027
19031
19039
19041
19047
19062
19069
19078
19079
19124
19189
19194
19200
19204
19224
19263
19268
19280
19281
19287
19314
19336
19360
19375
19400
19423
19437
19438
19449
19475
19483
19485
19507
19514
19520
19524
19528
19538
19547
19550
19555
19557
19571
19572
19577
19581
19605
19630
19633
19635
19655
19663
19679
19694
19695
19712
19719
19723
19741
19749
19765
19789
19791
19794
19802
19806
19808
19811
19823
19831
19834
19872
19894
19901
19937
19939
19956
19962
19963
19968
19969
19974
19977
19980
19983
19989
19990
19996
20000
20012
20020
20032
20047
20054
20055
20056
20071
20073
20083
20089
20099
20100
20102
20148
20153
20156
20178
20179
20221
20238
20249
20264
20270
20274
20289
20291
20292
20293
20307
20310
20342
20352
20363
20373
20379
20388
20391
20394
20397
20403
20404
20406
20434
20464
20508
20511
20516
20520
20538
20552
20580
20596
20630
20638
20641
20653
20676
20678
20693
20702
20711
20728
20749
20761
20770
20791
20806
20809
20811
20826
20832
20850
20866
20867
20880
20894
20903
20912
20917
20918
20923
20939
20942
20946
20949
20976
20997
21022
21040
21058
21060
21062
21075
21080
21084
21117
21157
21162
21185
21194
21220
21266
21271
21288
21295
21298
21307
21326
21401
21421
21427
21472
21474
21564
21570
21601
21630
21638
21666
21685
21693
21751
21765
21791
21858
21861
21890
21914
21922
21929
21931
21943
21946
21962
21971
21977
21984
21998
22007
22015
22020
22024
22040
22041
22055
22077
22079
22088
22094
22124
22129
22135
22143
22157
22163
22182
22195
22202
22210
22219
22227
22232
22237
22251
22253
22260
22263
22268
22272
22279
22287
22290
22308
22315
22316
22321
22324
22329
22373
22379
22394
22408
22430
22435
22457
22476
22481
22486
22489
22506
22537
22547
22552
22601
22613
22658
22705
22741
22769
22796
22801
22807
22825
22830
22853
22907
22927
22934
22937
22941
22945
22955
22956
22962
22975
22988
22989
22991
22993
23000
23023
23032
23044
23055
23123
23131
23179
23181
23216
23217
23220
23227
23235
23243
23246
23268
23294
23300
23321
23342
23348
23397
23401
23404
23405
23416
23426
23438
23467
23472
23481
23484
23500
23503
23510
23514
23518
23570
23585
23598
23609
23632
23656
23659
23663
23679
23698
23713
23718
23721
23723
23796
23797
23817
23837
23841
23876
23883
23888
23894
23914
23918
23959
23969
23980
24002
24009
24012
24017
24023
24026
24055
24083
24102
24117
24143
24164
24173
24192
24221
24224
24241
24243
24249
24270
24271
24276
24277
24299
24300
24301
24333
24335
24361
24383
24386
24391
24406
24423
24424
24442
24450
24465
24469
24474
24485
24496
24510
24538
24569
24570
24614
24628
24636
24651
24656
24697
24707
24710
24721
24739
24743
24745
24749
24757
24767
24784
24788
24801
24810
24814
24823
24827
24828
24832
24840
24858
24863
24864
24867
24892
24893
24901
24915
24916
24920
24959
24960
24969
24978
24997
25016
25031
25036
25040
25079
25084
25114
25127
25135
25139
25179
25181
25182
25194
25198
25202
25208
25210
25217
25220
25224
25239
25243
25248
25252
25258
25268
25270
25300
25308
25316
25319
25330
25331
25345
25346
25347
25351
25352
25355
25362
25373
25395
25408
25415
25439
25449
25461
25468
25481
25482
25483
25486
25489
25493
25522
25525
25528
25533
25535
25537
25543
25546
25562
25573
25589
25635
25646
25649
25656
25659
25665
25666
25670
25671
25672
25679
25684
25685
25703
25732
25739
25755
25759
25760
25763
25771
25775
25802
25807
25808
25809
25811
25816
25818
25844
25845
25846
25848
25894
25906
25915
25955
25959
25960
25976
25977
25992
26010
26015
26039
26045
26050
26059
26066
26071
26073
26079
26080
26093
26099
26106
26108
26118
26122
26125
26136
26141
26148
26166
26167
26190
26194
26208
26213
26221
26238
26247
26251
26274
26280
26286
26289
26296
26314
26316
26332
26341
26343
26348
26351
26354
26355
26382
26387
26408
26409
26413
26417
26421
26426
26434
26441
26458
26462
26469
26476
26479
26490
26499
26502
26519
26530
26533
26540
26544
26550
26566
26579
26587
26589
26592
26599
26611
26612
26618
26627
26631
26639
26659
26663
26667
26698
26729
26732
26740
26743
26767
26771
26774
26776
26777
26781
26809
26823
26824
26827
26833
26835
26886
26887
26913
26938
26945
26948
26954
26970
26986
26995
26996
27008
27041
27043
27059
27079
27084
27090
27093
27096
27128
27133
27144
27145
27146
27155
27189
27206
27212
27220
27238
27242
27249
27251
27262
27263
27264
27267
27281
27284
27285
27304
27324
27346
27357
27358
27364
27377
27409
27415
27418
27430
27432
27446
27447
27482
27494
27505
27522
27533
27539
27547
27549
27582
27619
27657
27666
27686
27690
27713
27718
27726
27727
27747
27755
27774
27825
27827
27839
27878
27880
27902
27910
27912
27930
27960
27971
27988
28002
28006
28017
28047
28050
28057
28124
28126
28128
28139
28141
28142
28154
28170
28182
28191
28202
28204
28212
28218
28220
28227
28230
28235
28312
28328
28336
28375
28419
28435
28436
28442
28445
28452
28455
28468
28494
28538
28553
28582
28590
28595
28602
28607
28624
28639
28648
28649
28650
28671
28678
28683
28690
28695
28706
28722
28738
28742
28757
28779
28780
28815
