88
146
339
354
398
405
409
448
449
471
613
614
662
677
691
700
779
876
961
976
999
1012
1020
1186
1267
1275
1450
1469
1481
1515
1582
1585
1611
1624
1650
1661
1695
1700
1718
1767
1825
1844
1857
1860
1922
1974
2039
2116
2186
2207
2229
2252
2321
2339
2355
2401
2409
2508
2544
2909
2960
3006
3057
3080
3092
3100
3111
3205
3207
3213
3233
3258
3280
3327
3338
3433
3495
3526
3611
3618
3627
3643
3665
3690
3699
3703
3746
3846
3897
3900
3948
4014
4098
4100
4122
4142
4187
4237
4254
4270
4312
4333
4335
4356
4433
4494
4522
4576
4634
4651
4678
4721
4723
4902
4966
5001
5080
5191
5192
5241
5259
5369
5385
5418
5510
5538
5556
5559
5569
5576
5613
5627
5693
5702
5731
5748
5810
5826
5836
5956
6001
6006
6035
6066
6084
6112
6117
6131
6164
6174
6191
6195
6287
6376
6411
6434
6438
6459
6498
6531
6541
6544
6567
6593
6615
6631
6667
6672
6700
6777
6784
6787
6802
6820
6982
6983
7047
7065
7213
7224
7303
7338
7512
7516
7565
7618
7770
7844
7853
7854
7916
8047
8136
8177
8209
8228
8265
8276
8337
8380
8557
8575
8634
8771
8850
8865
8905
9009
9048
9152
9228
9299
9319
9389
9414
9445
9480
9566
9590
9603
9702
9784
9814
9864
9907
10141
10146
10161
10191
10195
10198
10214
10222
10227
10243
10251
10272
10292
10299
10351
10366
10403
10670
10689
10815
10986
11028
11103
11252
11360
11366
11398
11437
11596
11784
11995
12082
12181
12183
12191
12193
12210
12227
12241
12254
12280
12284
12302
12311
12320
12328
12329
12339
12340
12344
12400
12459
12462
12470
12476
12515
12530
12550
12552
12555
12568
12610
12617
12638
12640
12642
12645
12698
12704
12730
12744
12782
12786
12824
12878
12909
12923
12928
12942
12952
12969
12975
12984
12996
13007
13018
13022
13044
13049
13072
13077
13079
13128
13164
13176
13257
13334
13396
13428
13436
13485
13490
13524
13644
13669
13686
13712
13720
13733
13768
13828
13849
13869
13932
13953
13987
14148
14169
14212
14311
14431
14522
14621
14672
14695
14767
14904
14949
15062
15109
15188
15239
15372
15373
15380
15411
15489
15504
15677
15684
15705
15708
15921
16001
16228
16340
16406
16588
16757
16763
16790
16799
16821
16863
16911
17019
17021
17068
17101
17115
17122
17167
17170
17181
17187
17196
17207
17218
17254
17300
17316
17334
17389
17437
17501
17578
17602
17611
17615
17689
17887
17908
18013
18022
18036
18065
18068
18103
18196
18239
18405
18457
18538
18751
18849
18938
18993
19027
19031
19213
19232
19233
19375
19481
19571
19663
19698
19723
19767
19904
19941
20019
20070
20103
20197
20220
20224
20289
20296
20360
20460
20542
20555
20630
20726
20728
20761
20833
20839
20929
21007
21015
21054
21062
21063
21075
21134
21406
21439
21468
21509
21552
21660
21751
21757
21765
21874
21929
21989
22055
22217
22253
22260
22287
22394
22457
22476
22643
22666
22743
22746
22759
22767
22794
22955
22962
22975
22995
23032
23051
23154
23165
23197
23271
23283
23342
23384
23398
23403
23405
23449
23509
23589
23609
23649
23685
23725
23807
23859
23871
23888
24008
24063
24148
24156
24162
24186
24222
24241
24333
24367
24374
24382
24402
24403
24407
24415
24466
24555
24627
24637
24805
24854
24894
24982
25016
25076
25092
25104
25313
25346
25393
25395
25409
25454
25596
25612
25646
25672
25724
25734
25755
25757
25762
25763
25804
25808
25845
25850
25959
25981
25992
26031
26125
26180
26269
26286
26322
26351
26357
26387
26402
26462
26465
26525
26663
26684
26701
26708
26823
26910
26983
26998
27035
27067
27103
27109
27128
27172
27186
27234
27324
27334
27386
27407
27409
27460
27522
27600
27681
27818
27886
27910
27926
27960
28002
28126
28182
28206
28220
28244
28245
28265
28277
28299
28357
28367
28388
28445
28455
28467
28611
28628
28649
28663
28688
28695
28709
28757
28767
28832
