2
9
26
32
34
36
37
44
56
59
60
68
73
74
75
76
77
84
87
94
106
108
117
128
130
138
139
147
148
149
150
151
153
154
157
166
185
187
196
197
213
214
215
216
217
230
231
232
233
234
236
240
249
250
256
260
263
269
274
276
277
282
285
287
292
293
296
298
299
306
308
309
316
317
319
321
330
333
336
343
351
352
355
361
362
363
365
367
369
371
376
378
379
380
385
390
392
394
395
397
399
406
408
411
412
414
415
423
425
427
429
435
436
443
445
453
456
460
465
466
467
469
477
478
479
481
489
491
493
494
498
501
506
507
525
529
534
535
536
537
539
541
544
548
551
555
556
558
562
563
572
573
579
580
585
587
592
603
604
606
608
609
610
616
628
637
640
645
647
648
652
653
655
661
665
666
668
669
674
679
683
690
693
696
708
711
720
721
723
733
735
738
739
741
745
749
750
751
754
758
761
764
768
769
775
777
780
781
782
787
792
799
800
805
808
810
812
815
820
822
830
834
835
852
853
854
855
862
863
869
870
873
878
890
897
898
899
900
903
907
915
916
917
922
930
933
936
939
944
946
952
960
962
965
969
979
982
987
989
991
994
998
1005
1007
1009
1010
1011
1014
1016
1028
1029
1068
1069
1072
1082
1089
1092
1095
1103
1111
1119
1121
1138
1140
1144
1145
1147
1152
1168
1169
1170
1171
1172
1179
1183
1193
1200
1207
1208
1211
1230
1231
1238
1243
1244
1246
1256
1258
1265
1277
1284
1286
1295
1296
1300
1302
1307
1319
1321
1323
1326
1327
1329
1330
1334
1335
1340
1341
1343
1349
1356
1361
1365
1367
1374
1384
1386
1389
1393
1395
1397
1398
1399
1407
1410
1412
1418
1420
1423
1427
1428
1431
1433
1436
1442
1443
1448
1451
1459
1462
1464
1465
1467
1470
1474
1477
1478
1484
1486
1489
1491
1494
1498
1503
1504
1511
1518
1531
1548
1557
1577
1584
1588
1591
1599
1606
1608
1612
1613
1622
1623
1626
1628
1633
1634
1635
1637
1648
1649
1657
1659
1664
1665
1673
1674
1686
1687
1692
1694
1706
1711
1715
1720
1722
1725
1736
1737
1742
1746
1748
1750
1752
1753
1759
1779
1787
1788
1792
1796
1797
1799
1801
1810
1819
1820
1826
1829
1843
1852
1861
1867
1868
1874
1876
1884
1886
1896
1903
1904
1911
1913
1916
1919
1921
1925
1929
1930
1933
1934
1936
1938
1943
1944
1953
1956
1958
1963
1969
1973
1975
1977
1980
1982
1985
1992
2005
2009
2028
2032
2037
2041
2047
2049
2051
2059
2060
2061
2070
2082
2088
2104
2106
2109
2115
2130
2132
2140
2149
2152
2156
2158
2160
2162
2167
2171
2177
2180
2185
2187
2192
2193
2199
2204
2216
2219
2221
2225
2233
2238
2248
2249
2254
2255
2256
2259
2265
2267
2271
2272
2291
2295
2307
2310
2326
2330
2337
2340
2370
2388
2392
2407
2408
2413
2417
2429
2434
2436
2441
2446
2450
2463
2468
2484
2510
2513
2522
2524
2528
2545
2558
2562
2565
2566
2571
2573
2580
2581
2589
2591
2592
2595
2596
2603
2609
2611
2613
2614
2619
2623
2625
2638
2641
2643
2645
2649
2654
2663
2681
2687
2688
2697
2698
2700
2705
2713
2719
2733
2739
2744
2745
2747
2748
2752
2756
2765
2773
2774
2780
2783
2784
2799
2805
2806
2807
2811
2812
2820
2822
2824
2828
2829
2833
2837
2839
2840
2850
2854
2858
2859
2862
2867
2871
2872
2881
2885
2887
2890
2894
2896
2910
2911
2912
2914
2915
2917
2925
2926
2928
2929
2930
2932
2935
2938
2942
2946
2949
2950
2952
2959
2973
2980
2983
2994
2999
3000
3004
3018
3019
3027
3033
3040
3041
3042
3048
3053
3067
3068
3072
3074
3083
3085
3086
3090
3097
3098
3099
3102
3104
3122
3124
3147
3149
3150
3155
3175
3181
3185
3186
3187
3189
3198
3199
3211
3214
3223
3224
3227
3231
3232
3238
3244
3245
3249
3256
3259
3269
3270
3276
3289
3291
3295
3298
3306
3309
3314
3315
3319
3330
3332
3335
3337
3339
3341
3353
3359
3362
3376
3379
3380
3386
3388
3398
3399
3412
3413
3415
3416
3427
3436
3441
3457
3461
3468
3477
3479
3480
3499
3504
3508
3511
3524
3528
3534
3535
3544
3547
3551
3583
3597
3599
3609
3610
3615
3616
3621
3622
3628
3630
3636
3641
3650
3656
3667
3671
3673
3676
3682
3683
3694
3696
3702
3706
3724
3729
3731
3742
3750
3756
3758
3763
3764
3770
3772
3779
3781
3782
3786
3789
3793
3798
3802
3809
3819
3824
3829
3842
3848
3851
3860
3868
3872
3877
3878
3879
3882
3885
3887
3892
3894
3908
3920
3921
3940
3941
3947
3957
3959
3966
3972
3978
3982
3988
3991
4000
4010
4012
4017
4021
4022
4023
4026
4029
4030
4040
4051
4053
4057
4067
4070
4073
4077
4078
4081
4091
4101
4104
4110
4111
4113
4118
4125
4133
4137
4139
4147
4148
4156
4161
4168
4172
4175
4181
4185
4191
4196
4200
4202
4221
4224
4225
4230
4231
4240
4245
4249
4251
4257
4260
4261
4272
4288
4293
4296
4297
4302
4320
4326
4327
4342
4346
4347
4352
4358
4374
4377
4385
4389
4402
4411
4416
4417
4419
4423
4435
4441
4442
4444
4448
4449
4452
4453
4454
4455
4457
4464
4468
4473
4479
4487
4491
4496
4506
4507
4509
4514
4516
4536
4541
4542
4546
4549
4559
4564
4566
4567
4570
4575
4583
4587
4588
4589
4595
4600
4606
4607
4612
4617
4622
4632
4637
4647
4652
4657
4664
4665
4667
4669
4673
4680
4684
4685
4686
4687
4690
4694
4695
4696
4700
4705
4706
4712
4714
4719
4729
4732
4733
4742
4758
4759
4760
4762
4765
4767
4771
4779
4784
4787
4793
4797
4803
4807
4812
4817
4824
4825
4829
4841
4849
4853
4855
4858
4866
4870
4876
4877
4878
4879
4882
4886
4888
4889
4891
4896
4901
4912
4919
4937
4944
4946
4948
4949
4952
4965
4968
4973
4984
4988
4990
4996
4999
5010
5014
5022
5025
5030
5033
5034
5041
5047
5050
5057
5062
5065
5068
5069
5077
5095
5099
5100
5101
5102
5105
5108
5113
5117
5125
5135
5136
5137
5138
5143
5148
5153
5157
5165
5168
5173
5178
5184
5185
5190
5193
5202
5212
5216
5218
5219
5221
5223
5228
5232
5235
5239
5252
5258
5261
5263
5266
5269
5278
5295
5298
5299
5301
5306
5308
5319
5335
5339
5341
5342
5347
5349
5352
5356
5363
5373
5381
5389
5393
5394
5402
5404
5409
5412
5413
5420
5422
5425
5427
5436
5446
5448
5462
5469
5470
5480
5488
5500
5502
5504
5515
5518
5526
5536
5547
5549
5553
5560
5568
5570
5578
5585
5586
5592
5605
5621
5629
5634
5651
5657
5662
5670
5673
5688
5689
5692
5698
5703
5713
5720
5722
5730
5735
5739
5750
5756
5768
5771
5782
5791
5796
5799
5814
5816
5822
5830
5842
5847
5848
5850
5865
5871
5877
5888
5889
5909
5911
5920
5925
5930
5933
5941
5942
5950
5965
5967
5979
5986
6022
6028
6032
6046
6047
6051
6053
6056
6069
6077
6088
6094
6095
6110
6113
6114
6123
6129
6132
6137
6141
6148
6151
6159
6162
6180
6181
6183
6184
6185
6187
6189
6198
6205
6220
6231
6236
6243
6251
6261
6262
6263
6268
6274
6277
6278
6283
6288
6291
6292
6293
6295
6303
6308
6309
6314
6315
6322
6330
6331
6339
6350
6352
6356
6360
6363
6365
6374
6375
6379
6388
6391
6397
6401
6405
6408
6414
6415
6420
6423
6441
6444
6452
6460
6466
6477
6486
6496
6500
6505
6511
6516
6521
6522
6524
6536
6538
6546
6554
6555
6562
6570
6578
6587
6594
6596
6600
6601
6604
6609
6612
6621
6624
6628
6630
6643
6657
6659
6670
6678
6681
6684
6686
6696
6708
6710
6715
6719
6720
6729
6733
6737
6740
6744
6751
6755
6758
6761
6765
6767
6774
6778
6782
6783
6791
6795
6798
6801
6803
6809
6813
6821
6822
6823
6830
6835
6843
6844
6848
6852
6854
6860
6862
6864
6866
6874
6889
6905
6909
6916
6918
6925
6926
6927
6929
6930
6933
6941
6950
6960
6972
6974
6977
6978
6986
6990
6994
6995
6999
7003
7007
7008
7026
7027
7039
7043
7044
7054
7063
7071
7075
7078
7079
7081
7086
7095
7105
7107
7114
7117
7119
7121
7122
7126
7129
7130
7133
7134
7135
7145
7147
7152
7162
7163
7166
7169
7174
7183
7185
7200
7207
7212
7231
7233
7239
7244
7245
7256
7260
7263
7264
7277
7282
7285
7287
7290
7293
7306
7307
7314
7316
7317
7334
7336
7339
7345
7361
7362
7365
7368
7374
7380
7382
7384
7386
7390
7397
7403
7409
7411
7413
7414
7428
7436
7439
7440
7443
7444
7445
7450
7464
7471
7472
7477
7479
7481
7483
7484
7490
7494
7495
7498
7508
7509
7514
7517
7518
7519
7526
7529
7531
7538
7542
7543
7548
7553
7554
7556
7558
7560
7567
7570
7573
7588
7594
7604
7609
7616
7620
7622
7624
7626
7634
7635
7642
7650
7651
7659
7672
7674
7676
7681
7683
7693
7696
7700
7705
7706
7708
7712
7713
7715
7716
7719
7720
7723
7730
7732
7734
7736
7741
7747
7757
7760
7763
7766
7767
7769
7778
7780
7784
7786
7797
7799
7810
7813
7819
7820
7823
7835
7838
7840
7851
7858
7864
7873
7882
7885
7887
7896
7904
7913
7925
7926
7930
7938
7945
7947
7948
7953
7955
7959
7964
7972
7976
7977
7979
7992
7994
8000
8005
8014
8015
8044
8056
8069
8076
8099
8118
8123
8140
8146
8148
8151
8156
8160
8166
8171
8173
8176
8179
8188
8194
8206
8215
8216
8217
8226
8235
8240
8251
8260
8262
8266
8273
8280
8293
8297
8304
8314
8320
8324
8328
8330
8340
8345
8347
8352
8354
8364
8365
8371
8372
8374
8378
8379
8387
8391
8400
8403
8417
8422
8427
8436
8437
8443
8445
8447
8448
8454
8456
8458
8459
8467
8469
8479
8485
8486
8498
8499
8502
8507
8510
8512
8524
8528
8535
8537
8538
8542
8547
8555
8561
8563
8569
8577
8580
8587
8590
8596
8598
8600
8607
8608
8621
8622
8625
8630
8633
8638
8640
8643
8645
8647
8654
8655
8656
8657
8658
8659
8661
8665
8668
8677
8681
8682
8685
8688
8696
8702
8715
8717
8719
8728
8729
8735
8743
8744
8749
8754
8757
8764
8769
8772
8778
8779
8785
8797
8802
8804
8808
8810
8811
8813
8815
8823
8825
8826
8831
8832
8836
8839
8851
8858
8870
8873
8874
8876
8877
8878
8879
8881
8886
8889
8894
8896
8897
8903
8904
8907
8911
8921
8922
8929
8937
8939
8940
8943
8947
8949
8954
8962
8966
8967
8984
8991
8995
8998
9005
9011
9013
9015
9028
9032
9040
9043
9051
9057
9059
9065
9073
9077
9078
9083
9092
9109
9113
9118
9124
9133
9135
9139
9140
9141
9145
9155
9157
9161
9168
9169
9176
9179
9183
9184
9189
9190
9197
9202
9206
9207
9223
9224
9235
9258
9261
9270
9275
9277
9281
9288
9307
9308
9309
9310
9312
9317
9321
9333
9334
9337
9345
9349
9352
9356
9368
9372
9385
9386
9392
9394
9409
9410
9413
9420
9426
9427
9430
9432
9433
9434
9440
9444
9447
9451
9463
9465
9484
9485
9498
9499
9506
9507
9508
9519
9521
9522
9524
9528
9529
9534
9537
9539
9541
9542
9543
9544
9555
9557
9559
9561
9573
9580
9585
9591
9596
9601
9604
9615
9617
9626
9630
9635
9642
9650
9651
9658
9659
9661
9665
9670
9672
9676
9677
9685
9686
9692
9694
9696
9697
9698
9710
9711
9716
9718
9727
9733
9738
9741
9748
9754
9755
9766
9768
9773
9788
9789
9794
9807
9812
9815
9821
9823
9826
9828
9838
9846
9855
9857
9858
9859
9866
9871
9872
9893
9895
9904
9905
9906
9908
9913
9919
9924
9925
9927
9944
9951
9953
9956
9957
9965
9967
9971
9973
9977
9982
9987
9990
9991
9997
10003
10007
10011
10022
10025
10036
10045
10046
10048
10057
10058
10062
10064
10065
10071
10073
10076
10080
10084
10091
10092
10103
10105
10116
10117
10123
10126
10128
10131
10135
10138
10142
10144
10145
10148
10150
10156
10157
10160
10169
10171
10175
10180
10183
10184
10187
10188
10189
10199
10202
10211
10215
10223
10225
10229
10230
10237
10239
10240
10249
10254
10258
10260
10261
10270
10276
10285
10298
10304
10308
10311
10318
10325
10330
10338
10339
10340
10352
10357
10361
10364
10367
10377
10382
10384
10394
10404
10405
10414
10416
10419
10424
10427
10436
10452
10454
10465
10467
10469
10470
10479
10480
10482
10483
10484
10485
10487
10488
10492
10502
10505
10509
10510
10513
10518
10525
10527
10536
10539
10546
10547
10548
10549
10553
10556
10563
10565
10569
10576
10581
10586
10592
10595
10597
10599
10601
10604
10612
10618
10619
10622
10657
10659
10660
10665
10666
10667
10668
10672
10673
10675
10676
10678
10685
10686
10700
10707
10712
10717
10725
10729
10731
10734
10738
10739
10746
10749
10752
10753
10754
10763
10793
10797
10799
10801
10802
10803
10805
10808
10818
10826
10828
10835
10836
10841
10846
10847
10851
10854
10855
10858
10862
10865
10867
10871
10872
10875
10880
10883
10887
10892
10893
10895
10899
10900
10910
10911
10914
10919
10923
10928
10930
10932
10934
10935
10937
10941
10949
10952
10956
10962
10968
10970
10972
10975
10978
10983
10984
11000
11008
11015
11019
11024
11027
11029
11033
11039
11042
11045
11046
11047
11048
11052
11053
11060
11062
11066
11068
11075
11082
11091
11094
11097
11100
11110
11115
11116
11117
11120
11122
11129
11132
11133
11136
11139
11142
11147
11149
11154
11166
11170
11173
11175
11179
11182
11185
11194
11197
11200
11201
11207
11213
11214
11218
11220
11222
11225
11226
11227
11232
11236
11239
11241
11243
11244
11259
11262
11263
11265
11266
11279
11280
11281
11283
11286
11290
11291
11295
11300
11303
11305
11306
11310
11314
11320
11321
11323
11324
11326
11328
11334
11336
11339
11342
11348
11351
11352
11354
11358
11362
11363
11368
11372
11373
11376
11383
11389
11391
11394
11407
11410
11416
11418
11420
11421
11422
11423
11424
11426
11429
11432
11435
11436
11441
11443
11445
11447
11449
11453
11456
11463
11465
11473
11474
11477
11480
11481
11488
11490
11492
11494
11497
11502
11505
11509
11513
11522
11523
11525
11527
11538
11543
11545
11546
11550
11552
11554
11555
11558
11559
11561
11562
11563
11564
11567
11581
11590
11600
11601
11604
11616
11640
11642
11645
11656
11674
11678
11681
11683
11691
11705
11713
11714
11715
11717
11729
11731
11732
11733
11752
11759
11763
11779
11783
11787
11791
11793
11798
11803
11805
11810
11811
11812
11819
11820
11821
11830
11837
11842
11850
11855
11860
11881
11895
11896
11899
11907
11913
11919
11928
11929
11932
11944
11947
11949
11950
11951
11953
11955
11960
11967
11969
11970
11981
11983
11987
11994
11998
11999
12006
12008
12010
12012
12013
12014
12016
12020
12026
12029
12032
12034
12039
12047
12083
12088
12094
12099
12101
12106
12107
12109
12111
12113
12115
12117
12122
12125
12129
12137
12144
12153
12154
12155
12160
12163
12165
12174
12178
12186
12187
12194
12196
12220
12223
12225
12229
12236
12237
12239
12243
12249
12253
12255
12257
12258
12262
12264
12274
12275
12277
12286
12288
12304
12305
12307
12316
12327
12332
12334
12338
12343
12345
12347
12349
12350
12354
12362
12364
12366
12367
12369
12373
12374
12377
12379
12381
12384
12392
12405
12407
12408
12409
12421
12423
12429
12437
12438
12447
12449
12457
12466
12478
12482
12486
12511
12520
12522
12523
12526
12533
12536
12540
12542
12543
12544
12546
12554
12557
12558
12562
12563
12567
12569
12573
12578
12586
12591
12592
12596
12600
12603
12608
12611
12613
12615
12618
12619
12621
12626
12629
12633
12635
12643
12648
12668
12670
12682
12697
12699
12701
12710
12714
12715
12716
12718
12722
12746
12764
12765
12774
12781
12800
12801
12814
12815
12819
12823
12825
12828
12830
12834
12838
12840
12841
12845
12851
12853
12858
12859
12860
12861
12862
12864
12865
12872
12883
12885
12898
12900
12901
12902
12906
12908
12910
12911
12912
12915
12918
12920
12924
12937
12941
12943
12944
12951
12956
12958
12962
12967
12970
12971
12973
12978
12981
12982
12983
12987
12988
12998
13000
13004
13014
13017
13025
13027
13029
13039
13042
13043
13053
13054
13070
13074
13076
13081
13083
13084
13086
13088
13092
13094
13096
13107
13114
13117
13122
13123
13124
13125
13133
13136
13141
13142
13143
13146
13154
13155
13157
13159
13161
13167
13177
13180
13183
13184
13186
13190
13201
13206
13210
13214
13215
13217
13219
13225
13226
13229
13231
13238
13239
13241
13242
13253
13264
13275
13286
13288
13290
13293
13294
13310
13312
13342
13347
13348
13358
13359
13361
13364
13365
13371
13372
13373
13378
13387
13395
13401
13407
13411
13414
13420
13421
13430
13432
13434
13440
13445
13446
13447
13463
13468
13471
13473
13475
13476
13478
13486
13491
13494
13497
13499
13502
13503
13506
13507
13508
13510
13514
13518
13519
13521
13522
13529
13531
13544
13546
13551
13558
13559
13561
13566
13571
13581
13587
13592
13595
13596
13601
13602
13612
13615
13618
13622
13624
13628
13635
13638
13641
13646
13649
13655
13660
13661
13666
13668
13670
13671
13675
13688
13691
13693
13695
13700
13702
13703
13704
13707
13709
13722
13724
13736
13751
13752
13753
13769
13772
13778
13781
13792
13794
13799
13800
13829
13833
13834
13835
13836
13838
13841
13843
13848
13857
13866
13868
13880
13881
13882
13884
13886
13888
13893
13894
13896
13897
13898
13900
13903
13907
13909
13912
13916
13918
13921
13922
13930
13937
13940
13941
13942
13944
13950
13951
13952
13954
13960
13961
13962
13969
13972
13975
13982
13984
13986
13991
13999
14004
14005
14007
14010
14011
14013
14017
14018
14022
14026
14027
14031
14034
14036
14037
14040
14048
14049
14052
14053
14060
14062
14068
14073
14079
14092
14097
14101
14102
14108
14110
14113
14115
14120
14123
14126
14128
14134
14142
14147
14152
14153
14156
14158
14165
14172
14174
14177
14181
14185
14187
14190
14193
14207
14210
14213
14219
14220
14221
14225
14228
14231
14232
14239
14242
14247
14248
14253
14256
14259
14265
14266
14267
14269
14271
14273
14278
14280
14284
14287
14291
14297
14301
14305
14307
14322
14324
14326
14332
14336
14344
14352
14355
14363
14373
14374
14375
14376
14379
14387
14391
14399
14401
14407
14424
14430
14437
14443
14453
14458
14473
14478
14487
14488
14490
14513
14516
14523
14527
14541
14542
14546
14549
14552
14560
14569
14571
14573
14578
14579
14583
14586
14591
14594
14596
14605
14607
14609
14613
14615
14617
14619
14623
14624
14626
14633
14634
14647
14653
14655
14657
14658
14662
14663
14669
14676
14683
14685
14694
14696
14708
14719
14720
14726
14740
14748
14750
14752
14755
14759
14766
14774
14777
14783
14784
14788
14793
14796
14797
14799
14806
14808
14812
14823
14829
14833
14834
14837
14842
14843
14850
14851
14854
14858
14871
14873
14874
14876
14877
14881
14890
14892
14895
14900
14912
14930
14931
14932
14933
14941
14942
14943
14951
14953
14956
14958
14962
14970
14973
14976
14978
14980
14983
14985
14988
14990
14991
14998
15002
15004
15006
15022
15031
15035
15040
15043
15046
15080
15087
15090
15100
15107
15108
15114
15118
15122
15124
15126
15137
15145
15159
15160
15165
15171
15176
15215
15219
15248
15267
15314
15316
15319
15328
15330
15331
15333
15334
15337
15343
15344
15382
15402
15418
15423
15435
15438
15444
15448
15455
15457
15467
15469
15480
15494
15495
15496
15503
15509
15512
15519
15521
15523
15533
15541
15545
15555
15572
15577
15580
15583
15587
15589
15594
15598
15599
15610
15612
15620
15631
15635
15659
15671
15672
15693
15701
15706
15715
15717
15719
15724
15726
15736
15738
15739
15748
15765
15782
15793
15794
15796
15801
15809
15838
15842
15847
15851
15854
15858
15877
15879
15880
15892
15927
15942
15946
15951
15961
15962
15963
15972
15978
16012
16025
16035
16036
16089
16101
16103
16111
16131
16134
16139
16142
16146
16157
16158
16161
16166
16172
16176
16186
16192
16193
16195
16196
16205
16214
16237
16238
16243
16246
16258
16271
16285
16288
16294
16295
16303
16305
16306
16307
16310
16316
16323
16328
16330
16338
16345
16350
16359
16368
16372
16373
16388
16391
16398
16409
16414
16417
16418
16427
16429
16433
16437
16442
16447
16454
16465
16467
16470
16476
16479
16480
16482
16483
16484
16486
16493
16494
16496
16497
16501
16502
16518
16527
16529
16531
16534
16554
16556
16558
16565
16570
16571
16579
16582
16586
16593
16595
16597
16604
16605
16609
16610
16611
16614
16618
16626
16629
16635
16644
16645
16646
16651
16653
16659
16662
16663
16665
16669
16683
16697
16699
16708
16721
16729
16740
16759
16764
16776
16780
16781
16791
16792
16794
16796
16797
16800
16803
16804
16820
16826
16831
16833
16837
16849
16860
16861
16877
16879
16881
16882
16886
16903
16908
16912
16914
16922
16927
16931
16934
16944
16958
16964
16965
16970
16973
16974
16992
17002
17005
17012
17015
17018
17020
17035
17036
17040
17046
17063
17076
17082
17085
17092
17094
17114
17118
17131
17143
17152
17158
17159
17164
17172
17186
17195
17198
17200
17202
17213
17223
17236
17240
17243
17251
17273
17275
17279
17282
17306
17311
17312
17313
17315
17325
17326
17331
17337
17338
17341
17345
17350
17355
17359
17361
17363
17364
17380
17387
17393
17397
17417
17421
17429
17431
17433
17434
17446
17448
17455
17456
17467
17468
17471
17474
17482
17483
17490
17491
17494
17499
17503
17507
17514
17520
17522
17529
17530
17541
17545
17554
17559
17561
17565
17566
17567
17577
17580
17585
17587
17593
17597
17598
17606
17612
17613
17614
17616
17618
17620
17622
17623
17624
17626
17634
17635
17641
17643
17646
17648
17651
17654
17667
17668
17669
17672
17673
17678
17682
17708
17722
17727
17730
17737
17749
17757
17758
17760
17764
17772
17780
17791
17799
17801
17803
17807
17828
17830
17834
17842
17848
17850
17852
17861
17862
17863
17864
17871
17872
17875
17880
17892
17899
17900
17912
17914
17923
17926
17928
17931
17935
17942
17946
17948
17955
17964
17971
17975
17980
17982
17985
17994
18007
18010
18031
18040
18042
18047
18051
18054
18062
18067
18069
18076
18082
18093
18105
18121
18122
18126
18128
18133
18140
18142
18148
18150
18153
18154
18162
18170
18180
18182
18185
18199
18201
18202
18205
18215
18219
18226
18228
18229
18237
18238
18253
18254
18255
18262
18267
18270
18278
18280
18283
18291
18293
18294
18305
18309
18310
18316
18322
18324
18332
18335
18336
18337
18348
18349
18356
18367
18372
18381
18386
18387
18391
18407
18415
18416
18420
18421
18425
18431
18432
18434
18436
18440
18441
18443
18447
18451
18458
18463
18464
18469
18470
18474
18481
18484
18490
18500
18502
18503
18514
18516
18517
18521
18522
18531
18542
18545
18553
18568
18569
18575
18578
18594
18598
18603
18607
18608
18611
18622
18628
18631
18639
18644
18646
18649
18653
18668
18674
18677
18680
18683
18684
18690
18691
18692
18697
18700
18703
18706
18707
18709
18711
18715
18718
18719
18720
18725
18730
18732
18735
18736
18743
18744
18748
18750
18759
18762
18769
18770
18772
18782
18783
18784
18790
18796
18809
18815
18823
18825
18837
18842
18850
18851
18854
18860
18865
18869
18876
18880
18882
18885
18886
18893
18905
18919
18933
18949
18951
18954
18955
18957
18958
18962
18964
18969
18975
18978
18979
18983
18989
18991
18996
19002
19008
19034
19048
19054
19067
19071
19075
19077
19082
19085
19086
19090
19093
19094
19106
19115
19119
19123
19130
19131
19132
19147
19151
19158
19160
19172
19174
19175
19178
19185
19216
19227
19230
19236
19237
19239
19245
19254
19261
19282
19284
19285
19290
19295
19299
19301
19303
19319
19322
19339
19340
19345
19346
19348
19368
19371
19373
19378
19399
19401
19406
19407
19413
19416
19430
19433
19440
19447
19453
19477
19484
19487
19489
19495
19508
19510
19515
19517
19527
19533
19536
19549
19563
19569
19580
19584
19591
19599
19601
19603
19607
19615
19616
19619
19620
19624
19629
19634
19636
19639
19647
19648
19653
19667
19675
19677
19685
19688
19699
19701
19702
19716
19717
19720
19724
19725
19731
19734
19746
19748
19755
19759
19763
19773
19776
19777
19796
19809
19812
19815
19816
19817
19825
19832
19838
19843
19852
19856
19857
19859
19861
19876
19884
19890
19892
19895
19915
19916
19925
19931
19940
19951
19960
19973
19991
20005
20008
20014
20026
20029
20038
20042
20043
20045
20050
20064
20068
20081
20085
20086
20107
20129
20131
20136
20144
20145
20155
20157
20198
20205
20207
20211
20218
20237
20244
20246
20247
20253
20259
20282
20321
20326
20327
20328
20335
20336
20362
20366
20370
20376
20381
20386
20392
20395
20408
20409
20411
20413
20414
20419
20425
20435
20442
20449
20453
20461
20463
20475
20482
20496
20497
20506
20514
20517
20519
20521
20530
20534
20540
20553
20557
20558
20568
20574
20575
20599
20604
20613
20615
20620
20622
20626
20643
20648
20664
20666
20681
20705
20721
20731
20738
20744
20778
20781
20786
20802
20824
20840
20842
20856
20859
20869
20875
20876
20885
20897
20898
20902
20910
20927
20936
20951
20953
20979
20993
20994
20995
21010
21014
21019
21020
21030
21032
21050
21059
21065
21073
21077
21098
21109
21113
21118
21125
21126
21133
21135
21136
21141
21143
21145
21150
21161
21163
21164
21170
21171
21191
21193
21199
21207
21211
21214
21215
21216
21219
21224
21228
21230
21231
21238
21242
21244
21246
21247
21250
21253
21256
21261
21265
21269
21270
21285
21289
21293
21296
21306
21311
21316
21330
21332
21334
21344
21355
21363
21369
21372
21374
21376
21384
21387
21393
21396
21403
21419
21426
21429
21448
21450
21453
21460
21464
21465
21470
21471
21478
21480
21482
21487
21489
21495
21505
21508
21511
21512
21518
21520
21523
21524
21527
21532
21545
21550
21553
21554
21557
21563
21565
21574
21580
21588
21591
21597
21611
21615
21623
21624
21626
21632
21635
21647
21648
21672
21680
21681
21686
21689
21691
21699
21702
21706
21709
21718
21724
21729
21736
21739
21740
21744
21748
21750
21754
21767
21770
21774
21776
21779
21780
21782
21783
21785
21788
21793
21794
21806
21808
21817
21818
21819
21821
21841
21849
21859
21863
21865
21868
21869
21872
21888
21893
21900
21902
21906
21909
21912
21913
21916
21924
21928
21937
21940
21950
21955
21957
21958
21963
21982
21986
21999
22008
22009
22017
22018
22022
22023
22029
22031
22033
22035
22048
22053
22061
22063
22070
22076
22081
22097
22099
22100
22106
22108
22117
22119
22121
22122
22127
22134
22136
22142
22146
22149
22150
22151
22165
22166
22168
22169
22173
22176
22177
22180
22183
22185
22190
22192
22194
22203
22206
22208
22213
22214
22216
22221
22224
22225
22233
22240
22247
22250
22254
22262
22266
22270
22289
22292
22297
22298
22301
22303
22305
22312
22331
22343
22353
22370
22381
22382
22386
22388
22393
22400
22401
22407
22416
22417
22431
22436
22438
22440
22444
22445
22447
22461
22462
22474
22477
22480
22482
22505
22510
22511
22521
22524
22527
22529
22535
22540
22544
22546
22553
22555
22557
22558
22565
22568
22572
22575
22582
22584
22586
22608
22609
22616
22629
22633
22636
22638
22640
22646
22649
22661
22662
22669
22670
22679
22685
22690
22694
22695
22696
22700
22702
22704
22712
22713
22722
22739
22744
22750
22752
22758
22761
22773
22775
22780
22782
22805
22809
22811
22817
22829
22832
22840
22850
22855
22857
22862
22867
22888
22890
22893
22895
22900
22912
22915
22917
22944
22948
22951
22958
22964
22968
22972
22974
22977
22985
23008
23021
23024
23030
23033
23035
23043
23045
23056
23065
23066
23067
23069
23072
23076
23094
23095
23096
23101
23111
23116
23121
23130
23135
23139
23141
23143
23144
23150
23155
23160
23172
23180
23192
23198
23199
23202
23211
23221
23226
23233
23236
23242
23249
23250
23255
23264
23266
23274
23276
23277
23278
23282
23284
23288
23327
23329
23339
23343
23354
23359
23362
23364
23365
23369
23371
23376
23378
23389
23392
23406
23410
23411
23415
23417
23424
23436
23442
23453
23456
23458
23462
23470
23485
23488
23489
23493
23494
23507
23523
23524
23526
23527
23529
23530
23531
23533
23534
23542
23551
23557
23558
23569
23572
23577
23580
23581
23588
23595
23603
23604
23606
23612
23614
23616
23618
23620
23622
23639
23643
23646
23647
23654
23655
23660
23661
23662
23664
23674
23675
23676
23682
23683
23684
23686
23694
23695
23701
23710
23717
23733
23739
23741
23743
23746
23749
23752
23755
23762
23763
23767
23771
23784
23787
23788
23793
23799
23803
23811
23812
23814
23818
23823
23833
23834
23835
23838
23842
23851
23854
23865
23868
23875
23886
23889
23906
23910
23921
23924
23950
23961
23976
23981
23987
23994
23997
24005
24006
24007
24011
24015
24019
24033
24041
24044
24046
24060
24066
24069
24077
24081
24100
24107
24109
24110
24121
24132
24153
24160
24169
24174
24185
24190
24193
24198
24205
24208
24212
24235
24240
24248
24264
24265
24272
24292
24310
24313
24324
24328
24330
24334
24339
24346
24350
24369
24371
24375
24378
24380
24395
24400
24405
24413
24414
24416
24425
24429
24431
24433
24434
24439
24440
24446
24449
24456
24475
24479
24483
24492
24500
24503
24507
24509
24511
24517
24522
24527
24540
24552
24556
24557
24562
24565
24574
24588
24595
24600
24605
24607
24612
24615
24620
24624
24640
24647
24655
24658
24680
24681
24682
24692
24694
24699
24700
24702
24703
24704
24714
24750
24753
24756
24761
24764
24770
24772
24774
24779
24789
24792
24797
24816
24817
24821
24834
24843
24844
24851
24857
24866
24869
24871
24874
24877
24879
24884
24886
24898
24910
24911
24931
24934
24953
24955
24964
24965
24971
24972
24974
24975
24979
24980
24986
24999
25000
25009
25021
25046
25056
25058
25059
25065
25069
25074
25078
25083
25085
25121
25128
25132
25138
25145
25147
25166
25168
25185
25187
25189
25191
25192
25193
25196
25197
25204
25213
25219
25221
25222
25223
25227
25235
25237
25244
25255
25260
25272
25277
25286
25288
25289
25302
25317
25318
25321
25324
25336
25344
25359
25360
25361
25371
25374
25379
25402
25404
25417
25423
25429
25430
25431
25432
25436
25443
25445
25455
25458
25462
25470
25497
25501
25507
25508
25516
25517
25519
25524
25527
25536
25547
25551
25555
25564
25565
25568
25575
25579
25581
25586
25590
25593
25594
25598
25611
25614
25625
25634
25644
25667
25673
25675
25676
25682
25695
25698
25704
25713
25714
25717
25726
25727
25731
25735
25741
25753
25778
25797
25799
25801
25803
25805
25814
25826
25837
25839
25840
25843
25851
25852
25857
25858
25859
25866
25870
25874
25877
25883
25888
25889
25893
25898
25905
25908
25909
25913
25917
25920
25928
25930
25935
25938
25940
25947
25950
25953
25954
25978
25979
25982
25985
25995
25998
25999
26001
26005
26018
26024
26025
26027
26033
26035
26037
26048
26053
26061
26063
26065
26081
26085
26086
26090
26107
26113
26115
26119
26126
26129
26134
26137
26142
26144
26153
26158
26165
26168
26170
26173
26174
26188
26211
26214
26220
26226
26228
26231
26232
26237
26239
26241
26242
26244
26258
26261
26266
26273
26279
26285
26287
26288
26290
26291
26297
26299
26300
26304
26305
26329
26330
26377
26380
26388
26390
26399
26414
26419
26422
26428
26433
26437
26439
26440
26445
26448
26461
26464
26496
26509
26534
26535
26548
26554
26563
26567
26593
26597
26601
26604
26615
26619
26622
26623
26628
26634
26637
26641
26642
26650
26655
26661
26669
26677
26687
26688
26693
26707
26710
26715
26716
26717
26719
26722
26723
26728
26736
26738
26739
26756
26763
26772
26773
26779
26780
26786
26787
26792
26795
26799
26800
26816
26818
26820
26826
26828
26836
26839
26841
26845
26851
26853
26854
26859
26860
26862
26869
26875
26879
26885
26892
26899
26915
26920
26924
26933
26942
26944
26947
26949
26950
26958
26967
26969
26974
26984
26990
26991
26993
26999
27005
27006
27011
27012
27022
27025
27026
27033
27034
27038
27045
27052
27061
27069
27072
27077
27078
27092
27105
27106
27108
27113
27117
27120
27130
27134
27138
27147
27148
27150
27153
27156
27157
27158
27159
27160
27162
27163
27169
27178
27179
27185
27187
27203
27205
27214
27215
27219
27228
27229
27239
27240
27244
27250
27257
27258
27260
27265
27268
27277
27279
27298
27303
27313
27319
27327
27331
27335
27339
27344
27347
27348
27356
27360
27371
27372
27375
27379
27380
27385
27394
27395
27423
27424
27425
27428
27436
27438
27440
27445
27450
27456
27457
27464
27478
27483
27484
27492
27497
27499
27501
27506
27508
27511
27516
27525
27535
27538
27555
27556
27559
27578
27583
27588
27589
27595
27603
27608
27610
27612
27613
27621
27625
27627
27629
27641
27646
27650
27662
27671
27674
27675
27684
27692
27700
27703
27704
27711
27712
27715
27720
27731
27735
27738
27740
27742
27743
27744
27748
27751
27764
27767
27770
27773
27782
27784
27787
27794
27810
27833
27835
27838
27844
27848
27854
27856
27860
27867
27874
27877
27885
27900
27904
27906
27909
27914
27916
27919
27933
27935
27936
27938
27939
27958
27959
27961
27962
27970
27972
27973
27977
27978
27985
28009
28019
28022
28024
28026
28027
28032
28033
28036
28044
28046
28054
28058
28059
28060
28061
28068
28071
28073
28078
28085
28087
28092
28097
28108
28114
28120
28121
28129
28131
28163
28165
28172
28175
28177
28179
28180
28184
28199
28201
28208
28211
28213
28216
28217
28231
28252
28256
28258
28262
28263
28266
28270
28273
28279
28280
28281
28295
28296
28297
28298
28304
28305
28307
28313
28315
28319
28321
28332
28333
28334
28335
28338
28343
28349
28351
28356
28360
28363
28371
28372
28374
28387
28392
28393
28398
28400
28404
28412
28413
28417
28424
28425
28431
28434
28438
28450
28451
28462
28466
28481
28493
28497
28498
28500
28503
28508
28517
28523
28525
28530
28534
28537
28540
28541
28555
28561
28563
28564
28565
28566
28567
28569
28609
28610
28616
28621
28636
28643
28645
28658
28661
28669
28670
28675
28685
28686
28700
28711
28712
28720
28724
28730
28736
28756
28762
28771
28772
28775
28783
28790
28793
28816
28821
28822
