28836
28841
28845
28846
28854
28873
28875
28876
28878
28890
28893
28898
28901
28912
28920
28922
28927
28928
28933
28938
28942
28945
28951
28957
28958
28959
28960
28988
28992
29002
29003
29006
29008
29010
29016
29017
29024
29025
29052
29055
29060
29065
29078
29084
29085
29093
29098
29109
29110
29115
29117
29118
29129
29135
29146
29147
29152
29154
29163
29171
29172
29197
29204
29206
29213
29218
29225
29228
29230
29232
29235
29240
29241
29243
29246
29249
29251
29254
29255
29259
29260
29261
29262
29263
29278
29283
29284
29285
29288
29289
29290
29296
29300
29306
29316
29319
29337
29341
29343
29355
29356
29361
29362
29371
29372
29373
29380
29381
29396
29401
29410
29411
29432
29434
29446
29451
29472
29474
29480
29485
29494
29530
29548
29549
29557
29591
29596
29597
29600
29601
29605
29618
29626
29629
29638
29648
29653
29658
29660
29670
29671
29673
29674
29689
29693
29699
29709
29715
29717
29723
29726
29730
29733
29736
29737
29743
29749
29750
29752
29755
29759
29765
29766
29768
29769
29774
29781
29783
29788
29790
29793
29796
29802
29803
29807
29808
29811
29812
29820
29824
29825
29830
29843
29848
29861
29872
29876
29877
29889
29895
29910
29913
29929
29932
29934
29942
29950
29976
29979
29982
29985
29994
30011
30021
30042
30049
30050
30052
30056
30057
30058
30067
30084
30093
30095
30100
30104
30109
30119
30123
30137
30138
30143
30147
30154
30156
30163
30164
30182
30184
30195
30198
30203
30213
30215
30220
30222
30223
30235
30236
30237
30238
30239
30245
30247
30250
30256
30258
30260
30261
30267
30271
30275
30276
30283
30284
30289
30292
30301
30319
30323
30325
30326
30329
30331
30336
30341
30346
30349
30350
30351
30363
30368
30384
30389
30396
30408
30412
30422
30425
30431
30443
30446
30453
30455
30464
30468
30474
30480
30489
30491
30492
30497
30498
30512
30515
30519
30522
30526
30531
30535
30540
30544
30546
30548
30558
30559
30561
30563
30570
30573
30583
30595
30598
30603
30611
30614
30617
30619
30621
30627
30628
30630
30636
30646
30654
30659
30662
30664
30665
30672
30677
30679
30682
30689
30706
30720
30729
30742
30748
30751
30753
30765
30768
30769
30770
30805
30810
30814
30828
30834
30840
30852
30863
30864
30868
30876
30877
30881
30882
30888
30894
30898
30908
30909
30914
30915
30917
30920
30922
30927
30928
30934
30938
30939
30941
30945
30950
30958
30970
30978
30982
31003
31011
31022
31023
31026
31033
31045
31050
31054
31055
31057
31066
31069
31071
31076
31094
31100
31103
31106
31109
31112
31113
31131
31139
31150
31153
31163
31166
31169
31176
31179
31189
31198
31199
31200
31204
31205
31223
31224
31227
31229
31232
31235
31236
31239
31252
31256
31263
31268
31284
31286
31293
31295
31306
31310
31312
31313
31314
31315
31321
31324
31327
31329
31335
31339
31345
31347
31348
31349
31351
31356
31358
31365
31371
31372
31377
31385
31386
31387
31388
31390
31402
31409
31415
31421
31424
31427
31431
31434
31445
31447
31452
31460
31464
31472
31479
31481
31485
31486
31492
31493
31498
31502
31508
31511
31517
31518
31528
31531
31533
31534
31537
31552
31555
31560
31562
31563
31566
31567
31569
31576
31579
31585
31589
31591
31594
31611
31615
31623
31626
31637
31638
31643
31647
31648
31652
31660
31663
31674
31687
31690
31692
31696
31699
31702
31705
31706
31707
31715
31720
31727
31729
31740
31747
31752
31754
31758
31780
31786
31795
31802
31806
31812
31816
31848
31849
31855
31856
31871
31880
31884
31887
31898
31918
31922
31924
31935
31937
31946
31947
31954
31955
31970
31973
31982
31985
31989
32002
32023
32026
32042
32047
32059
32065
32069
32072
32074
32075
32076
32086
32093
32095
32096
32106
32108
32116
32124
32128
32135
32140
32141
32153
32158
32165
32177
32192
32194
32208
32214
32224
32225
32230
32237
32241
32250
32268
32276
32283
32290
32293
32302
32308
32312
32323
32336
32337
32339
32344
32350
32351
32353
32354
32357
32368
32375
32376
32388
32390
32392
32393
32394
32414
32436
32458
32479
32481
32486
32493
32499
32500
32514
32519
32520
32522
32542
32545
32547
32550
32556
32561
32563
32565
32566
32579
32580
32593
32595
32604
32626
32635
32646
32647
32649
32653
32656
32660
32662
32665
32672
32674
32675
32677
32682
32692
32694
32698
32706
32713
32715
32721
32723
32739
32750
32762
32770
32772
32780
32787
32796
32810
32818
32819
32824
32829
32831
32836
32845
32852
32857
32868
32869
32875
32887
32895
32898
32901
32904
32915
32918
32927
32930
32936
32938
32947
32954
32957
32960
32963
32970
32976
32980
32989
33001
33003
33017
33027
33028
33036
33037
33038
33039
33041
33043
33047
33064
33067
33069
33081
33084
33085
33090
33092
33094
33095
33098
33101
33106
33113
33121
33122
33123
33124
33127
33128
33129
33133
33141
33153
33157
33161
33162
33166
33169
33171
33185
33189
33194
33204
33206
33236
33255
33262
33268
33274
33279
33288
33294
33297
33298
33313
33315
33320
33325
33344
33354
33367
33370
33377
33383
33395
33422
33425
33429
33430
33432
33433
33437
33441
33446
33447
33448
33453
33454
33456
33461
33464
33477
33481
33493
33504
33512
33514
33515
33516
33520
33522
33530
33542
33553
33559
33565
33572
33573
33581
33584
33589
33610
33611
33618
33625
33626
33630
33654
33659
33663
33671
33676
33677
33689
33690
33703
33705
33707
33708
33711
33715
33733
33744
33745
33754
33780
33784
33785
33787
33793
33795
33796
33801
33821
33827
33863
33864
33868
33882
33889
33890
33908
33913
33921
33922
33928
33938
33944
33954
33955
33957
33962
33967
33985
33987
33999
34022
34029
34033
34041
34042
34080
34097
34098
34103
34115
34119
34122
34131
34134
34138
34140
34146
34149
34159
34161
34162
34173
34176
34204
34205
34206
34209
34215
34236
34241
34254
34257
34266
34279
34286
34287
34295
34298
34299
34312
34323
34326
34328
34338
34355
34391
34393
34397
34400
34403
34404
34405
34414
34416
34421
34423
34429
34430
34432
34451
34453
34455
34457
34461
34466
34470
34490
34494
34499
34517
34522
34524
34533
34546
34547
34551
34552
34553
34556
34557
34561
34563
34569
34580
34587
34589
34593
34595
34600
34604
34620
34624
34626
34645
34661
34664
34676
34682
34688
34704
34712
34723
34728
34742
34745
34748
34758
34760
34762
34771
34777
34781
34784
34787
34788
34799
34807
34814
34815
34824
34833
34838
34839
34847
34874
34881
34888
34893
34899
34905
34910
34911
34919
34920
34922
34932
34936
34940
34941
34944
34951
34955
34956
34959
34970
34977
34978
34983
34984
34986
34991
34997
35007
35008
35009
35011
35017
35021
35027
35034
35035
35037
35041
35046
35047
35051
35053
35054
35056
35060
35061
35071
35077
35079
35081
35087
35093
35095
35097
35105
35111
35117
35119
35120
35130
35133
35136
35137
35138
35146
35155
35156
35161
35168
35169
35175
35186
35190
35200
35202
35208
35209
35210
35212
35222
35224
35230
35237
35244
35248
35254
35255
35261
35271
35283
35293
35295
35300
35304
35307
35310
35313
35315
35318
35328
35331
35335
35344
35345
35348
35355
35356
35363
35367
35370
35372
35375
35380
35381
35391
35392
35395
35398
35399
35402
35414
35415
35417
35422
35426
35427
35437
35438
35439
35444
35446
35448
35449
35450
35451
35456
35464
35468
35470
35472
35473
35492
35502
35505
35514
35515
35517
35520
35524
35529
35530
35531
35532
35539
35547
35558
35563
35575
35580
35584
35593
35594
35603
35624
35628
35638
35644
35653
35654
35657
35663
35669
35682
35689
35696
35698
35699
35715
35722
35723
35726
35729
35736
35738
35739
35752
35766
35768
35770
35778
35811
35822
35826
35827
35828
35838
35844
35848
35857
35859
35868
35873
35877
35880
35890
35891
35892
35894
35895
35904
35911
35927
35930
35937
35942
35952
35964
35972
36006
36011
36021
36028
36040
36042
36046
36049
36056
36070
36095
36098
36104
36113
36126
36130
36134
36139
36157
36158
36176
36182
36187
36194
36195
36203
36204
36208
36213
36221
36229
36230
36232
36249
36250
36252
36256
36270
36280
36305
36306
36312
36317
36321
36328
36330
36338
36348
36354
36356
36359
36374
36375
36382
36386
36396
36402
36404
36408
36418
36419
36429
36439
36450
36457
36458
36460
36465
36470
36477
36480
36485
36489
36490
36493
36496
36502
36503
36504
36505
36515
36517
36519
36521
36526
36534
36541
36549
36560
36569
36577
36585
36607
36624
36627
36629
36633
36647
36651
36660
36661
36668
36669
36671
36676
36680
36685
36689
36703
36705
36713
36714
36720
36721
36724
36728
36732
36741
36752
36761
36762
36763
36764
36775
36778
36781
36787
36788
36791
36793
36796
36808
36811
36818
36824
36832
36835
36842
36843
36850
36854
36858
36860
36866
36869
36876
36878
36881
36883
36889
36896
36901
36915
36926
36952
36955
36962
36967
36972
36973
36982
36988
36991
36999
37001
37003
37010
37013
37014
37027
37028
37042
37043
37049
37052
37058
37059
37061
37080
37083
37085
37086
37094
37095
37107
37108
37111
37116
37119
37121
37123
37125
37126
37129
37130
37133
37140
37141
37142
37154
37155
37159
37164
37167
37170
37173
37186
37187
37195
37197
37199
37203
37204
37208
37210
37213
37218
37226
37231
37236
37240
37241
37245
37250
37260
37270
37280
37283
37284
37285
37288
37292
37296
37307
37311
37325
37326
37337
37345
37355
37356
37357
37359
37373
37382
37387
37391
37395
37414
37415
37433
37450
37454
37455
37461
37463
37467
37468
37470
37472
37473
37474
37486
37487
37503
37504
37507
37510
37511
37516
37521
37523
37525
37528
37530
37531
37535
37536
37537
37549
37554
37560
37573
37588
37599
37611
37613
37617
37618
37624
37632
37635
37647
37649
37650
37658
37659
37662
37663
37674
37675
37678
37684
37689
37691
37695
37698
37702
37704
37706
37709
37725
37726
37738
37741
37754
37765
37769
37772
37774
37777
37793
37807
37808
37819
37845
37849
37866
37868
37882
37903
37910
37915
37924
37927
37933
37935
37941
37945
37950
37956
37957
37958
37976
37982
37991
38002
38003
38009
38013
38022
38024
38027
38035
38038
38043
38048
38054
38062
38065
38073
38090
38097
38099
38102
38106
38108
38109
38111
38113
38118
38130
38133
38136
38150
38152
38159
38162
38166
38171
38172
38175
38184
38205
38209
38213
38218
38225
38227
38238
38241
38247
38248
38251
38254
38264
38268
38282
38289
38299
38308
38317
38363
38371
38374
38377
38383
38384
38385
38405
38408
38414
38418
38425
38430
38440
38459
38470
38477
38492
38501
38524
38529
38532
38538
38555
38556
38564
38565
38579
38586
38597
38601
38602
38609
38612
38633
38635
38641
38644
38645
38654
38659
38661
38672
38673
38676
38682
38684
38687
38692
38698
38699
38712
38717
38724
38728
38734
38735
38737
38742
38748
38749
38750
38751
38753
38757
38762
38773
38775
38779
38780
38783
38785
38789
38797
38807
38808
38814
38816
38818
38820
38824
38827
38828
38832
38837
38844
38845
38851
38859
38865
38867
38872
38874
38877
38878
38881
38885
38888
38894
38897
38898
38901
38911
38933
38940
38945
38960
38980
38983
39007
39012
39014
39019
39022
39028
39031
39032
39036
39052
39053
39060
39089
39094
39098
39101
39116
39117
39118
39127
39130
39135
39148
39156
39159
39162
39169
39177
39180
39183
39189
39208
39210
39212
39215
39218
39221
39226
39227
39233
39237
39243
39254
39256
39260
39264
39265
39278
39280
39290
39296
39297
39320
39330
39332
39334
39335
39337
39338
39340
39358
39359
39361
39371
39400
39401
39406
39413
39414
39433
39440
39443
39448
39456
39466
39475
39489
39496
39499
39508
39517
39520
39521
39527
39532
39535
39554
39556
39569
39573
39580
39582
39583
39586
39600
39616
39617
39632
39633
39637
39638
39642
39648
39656
39665
39668
39678
39683
39686
39694
39697
39701
39702
39709
39712
39719
39724
39732
39733
39735
39739
39752
39753
39758
39769
39774
39775
39798
39802
39803
39814
39815
39819
39835
39848
39856
39857
39872
39883
39889
39895
39902
39903
39907
39910
39915
39927
39943
39947
39969
39977
39992
39997
40016
40021
40034
40049
40063
40072
40073
40092
40093
40099
40100
40101
40104
40107
40115
40121
40122
40126
40127
40138
40139
40141
40151
40152
40154
40157
40159
40169
40170
40171
40173
40175
40176
40180
40183
40184
40188
40204
40207
40208
40209
40220
40228
40232
40247
40253
40255
40259
40261
40265
40266
40276
40283
40284
40287
40288
40291
40292
40294
40298
40305
40312
40319
40325
40336
40339
40342
40347
40348
40368
40380
40382
40387
40394
40396
40397
40400
40428
40436
40437
40440
40445
40448
40449
40455
40462
40463
40470
40478
40484
40492
40508
40512
40514
40521
40522
40523
40525
40526
40530
40532
40533
40538
40542
40543
40548
40554
40555
40558
40559
40564
40565
40568
40581
40582
40595
40597
40601
40603
40608
40617
40618
40626
40629
40634
40637
40638
40654
40659
40666
40668
40669
40670
40673
40680
40681
40687
40689
40695
40705
40714
40716
40723
40724
40728
40739
40746
40750
40755
40758
40761
40764
40769
40780
40790
40799
40814
40823
40831
40853
40859
40865
40868
40887
40895
40897
40899
40904
40911
40914
40917
40919
40921
40922
40924
40934
40945
40950
40951
40953
40954
40970
40974
40985
40989
40996
41006
41010
41013
41017
41028
41032
41036
41042
41043
41059
41065
41074
41079
41083
41085
41087
41089
41113
41123
41135
41153
41159
41165
41166
41175
41178
41182
41188
41194
41200
41217
41224
41232
41241
41244
41252
41262
41265
41266
41275
41280
41281
41282
41283
41301
41309
41312
41316
41320
41323
41334
41335
41336
41339
41340
41344
41345
41346
41348
41351
41354
41355
41357
41360
41386
41404
41410
41417
41422
41456
41458
41467
41469
41471
41474
41478
41484
41485
41487
41488
41526
41527
41546
41577
41581
41584
41585
41589
41591
41604
41615
41625
41627
41628
41629
41630
41642
41646
41671
41684
41687
41689
41691
41692
41694
41696
41702
41714
41716
41730
41732
41733
41737
41745
41756
41766
41777
41783
41788
41790
41795
41800
41809
41818
41819
41824
41825
41828
41832
41839
41846
41849
41855
41856
41858
41866
41867
41868
41874
41875
41882
41886
41897
41904
41906
41912
41916
41919
41924
41929
41961
41980
41982
41983
41985
41986
41994
42009
42012
42015
42019
42027
42030
42037
42054
42060
42061
42067
42073
42075
42080
42082
42086
42090
42093
42101
42104
42109
42116
42124
42128
42132
42151
42153
42158
42162
42168
42178
42179
42185
42186
42187
42194
42204
42207
42213
42227
42233
42235
42237
42240
42247
42249
42255
42259
42273
42278
42281
42301
42303
42305
42309
42310
42314
42317
42318
42319
42320
42322
42328
42338
42340
42353
42362
42370
42374
42381
42384
42385
42390
42391
42393
42394
42399
42407
42408
42411
42424
42428
42429
42430
42433
42434
42436
42437
42441
42443
42447
42452
42460
42461
42465
42467
42468
42469
42470
42474
42476
42481
42487
42488
42494
42504
42506
42522
42523
42527
42528
42529
42534
42537
42538
42540
42541
42545
42548
42549
42551
42556
42558
42559
42569
42572
42575
42581
42587
42588
42589
42593
42599
42601
42602
42604
42611
42614
42619
42620
42624
42627
42628
42631
42632
42636
42638
42639
42641
42642
42646
42648
42649
42655
42656
42660
42677
42678
42697
42704
42711
42716
42723
42726
42727
42729
42749
42750
42754
42755
42765
42772
42780
42804
42809
42811
42814
42816
42829
42836
42848
42849
42850
42853
42857
42858
42883
42888
42889
42890
42905
42907
42920
42927
42930
42931
42943
42947
42960
42963
42967
42975
42977
42979
42981
42986
42989
42992
42994
42997
42998
43022
43031
43034
43037
43054
43063
43070
43074
43076
43084
43100
43101
43102
43106
43108
43118
43119
43127
43130
43137
43141
43152
43156
43163
43174
43175
43187
43191
43193
43194
43199
43202
43217
43221
43236
43239
43255
43256
43259
43273
43288
43301
43304
43307
43311
43326
43329
43337
43339
43347
43349
43351
43352
43366
43368
43369
43374
43380
43381
43385
43414
43427
43432
43436
43437
43439
43440
43444
43453
43466
43470
43480
43485
43507
43515
43517
43518
43523
43524
43530
43541
43542
43545
43548
43557
43558
43564
43571
43575
43576
43578
43591
43600
43601
43610
43612
43619
43620
43631
43632
43636
43638
43642
43644
43652
43672
43673
43676
43677
43678
43685
43686
43689
43701
43715
43723
43725
43747
43748
43754
43756
43761
43769
43783
43785
43786
43788
43795
43797
43802
43812
43816
43817
43820
43825
43829
43837
43847
43855
43856
43859
43865
43866
43868
43870
43883
43906
43921
43935
43940
43941
43946
43948
43955
43956
43962
43963
43976
43984
43996
43999
44003
44011
44017
44021
44023
44043
44045
44046
44051
44057
44061
44071
44078
44079
44084
44090
44092
44101
44105
44107
44110
44112
44115
44118
44131
44134
44141
44148
44156
44158
44164
44165
44167
44169
44176
44177
44188
44202
44207
44218
44223
44228
44234
44239
44244
44245
44246
44248
44258
44259
44260
44264
44273
44275
44280
44281
44288
44289
44292
44300
44305
44312
44319
44325
44334
44337
44339
44342
44360
44361
44367
44369
44373
44391
44402
44406
44407
44428
44430
44434
44435
44457
44458
44479
44485
44497
44504
44505
44509
44511
44513
44515
44522
44528
44543
44554
44556
44560
44561
44562
44563
44566
44568
44585
44586
44589
44610
44614
44644
44658
44666
44672
44679
44685
44690
44702
44709
44714
44715
44717
44719
44721
44722
44723
44724
44727
44728
44729
44734
44735
44739
44751
44752
44754
44757
44758
44759
44766
44767
44770
44780
44781
44784
44795
44796
44803
44821
44830
44837
44852
44853
44868
44869
44870
44871
44875
44888
44889
44890
44896
44906
44910
44920
44921
44927
44929
44944
44951
44959
45007
45009
45010
45034
45035
45043
45047
45053
45065
45071
45074
45085
45097
45103
45105
45119
45123
45124
45129
45130
45131
45134
45142
45157
45158
45161
45167
45183
45189
45192
45198
45210
45232
45237
45247
45253
45254
45257
45261
45264
45267
45280
45288
45289
45290
45295
45307
45309
45312
45322
45330
45334
45336
45346
45348
45352
45355
45359
45364
45366
45369
45372
45378
45380
45390
45395
45396
45397
45398
45401
45406
45414
45422
45426
45430
45433
45437
45438
45439
45450
45456
45460
45462
45466
45473
45481
45484
45491
45497
45498
45500
45506
45513
45515
45517
45520
45529
45531
45535
45538
45548
45556
45562
45568
45573
45578
45586
45597
45604
45612
45617
45628
45630
45636
45651
45652
45655
45674
45675
45677
45699
45700
45705
45716
45722
45726
45731
45736
45738
45740
45742
45745
45751
45752
45755
45759
45761
45762
45764
45773
45787
45788
45790
45796
45801
45805
45808
45813
45816
45818
45819
45821
45824
45827
45829
45833
45837
45838
45842
45845
45851
45852
45858
45862
45866
45869
45871
45886
45898
45902
45908
45913
45914
45918
45921
45929
45933
45941
45950
45952
45955
45960
45962
45971
45985
45993
45998
46000
46005
46019
46020
46021
46025
46029
46043
46045
46056
46069
46076
46084
46085
46090
46098
46122
46147
46150
46161
46167
46168
46172
46180
46182
46186
46195
46202
46226
46246
46254
46259
46280
46287
46300
46302
46321
46322
46328
46350
46353
46354
46357
46362
46365
46376
46377
46383
46386
46392
46409
46410
46411
46415
46416
46421
46440
46443
46464
46475
46495
46496
46501
46509
46510
46516
46520
46521
46527
46543
46549
46551
46555
46557
46571
46578
46589
46592
46597
46601
46607
46610
46616
46622
46629
46631
46641
46648
46659
46660
46661
46699
46705
46723
46725
46739
46750
46762
46763
46767
46776
46777
46806
46821
46822
46823
46828
46831
46838
46857
46866
46868
46869
46891
46893
46905
46910
46925
46932
46935
46940
46942
46949
46956
46963
46968
46969
46970
46975
46984
46989
46992
47007
47008
47015
47022
47025
47035
47051
47052
47080
47086
47093
47098
47112
47120
47138
47139
47170
47187
47200
47205
47207
47219
47224
47226
47227
47230
47231
47233
47244
47255
47272
47276
47301
47308
47317
47326
47333
47337
47364
47371
47374
47376
47385
47389
47420
47423
47438
47444
47447
47450
47451
47453
47466
47468
47469
47476
47479
47484
47485
47486
47493
47497
47502
47504
47505
47507
47514
47520
47521
47522
47526
47536
47539
47549
47557
47575
47578
47579
47581
47585
47594
47601
47603
47606
47621
47661
47678
47682
47689
47724
47726
47736
47742
47744
47753
47754
47763
47765
47767
47769
47781
47782
47788
47807
47819
47824
47829
47832
47838
47841
47851
47852
47863
47872
47873
47889
47893
47896
47898
47902
47903
47909
47910
47912
47913
47932
47934
47941
47943
47952
47968
47974
47975
47976
47988
47999
48002
48010
48012
48017
48031
48038
48045
48048
48058
48059
48069
48070
48076
48078
48080
48093
48101
48111
48121
48122
48155
48160
48165
48176
48180
48187
48196
48212
48214
48215
48225
48235
48239
48241
48244
48250
48251
48253
48254
48263
48273
48284
48285
48288
48292
48301
48304
48305
48307
48310
48323
48325
48339
48341
48342
48343
48344
48347
48357
48364
48368
48371
48372
48377
48380
48390
48391
48392
48394
48399
48413
48415
48427
48430
48437
48441
48443
48455
48456
48462
48471
48477
48480
48486
48493
48504
48510
48516
48528
48541
48555
48559
48574
48575
48578
48581
48588
48590
48596
48601
48603
48615
48622
48627
48629
48630
48631
48639
48644
48648
48661
48662
48665
48669
48673
48680
48687
48691
48698
48702
48703
48707
48712
48717
48726
48732
48735
48742
48747
48755
48760
48761
48774
48778
48779
48780
48789
48803
48809
48813
48816
48827
48829
48831
48838
48844
48850
48853
48857
48860
48865
48872
48873
48881
48884
48885
48895
48899
48900
48907
48908
48912
48929
48932
48934
48936
48939
48949
48955
48956
48972
48977
48980
48981
48983
48987
48994
49012
49013
49019
49022
49027
49040
49041
49046
49050
49057
49063
49071
49078
49082
49084
49094
49111
49130
49132
49133
49135
49136
49152
49153
49154
49164
49165
49173
49179
49181
49185
49189
49192
49193
49196
49201
49207
49211
49212
49223
49227
49237
49240
49245
49247
49253
49259
49265
49272
49273
49275
49276
49277
49283
49287
49294
49296
49302
49305
49312
49319
49325
49333
49336
49344
49346
49349
49352
49353
49362
49372
49377
49410
49413
49423
49424
49430
49439
49445
49453
49454
49473
49479
49484
49487
49492
49493
49497
49499
49500
49501
49514
49515
49516
49524
49534
49545
49551
49564
49575
49579
49581
49591
49592
49597
49608
49610
49614
49616
49627
49632
49633
49642
49647
49654
49666
49669
49671
49688
49691
49693
49695
49716
49717
49733
49735
49739
49740
49742
49746
49747
49748
49751
49752
49753
49760
49763
49784
49794
49806
49807
49814
49816
49818
49819
49820
49822
49823
49824
49826
49828
49829
49833
49842
49843
49846
49863
49867
49870
49897
49910
49915
49918
49921
49923
49931
49934
49947
49958
49964
49970
49971
49973
49979
49993
50016
50018
50022
50029
50031
50037
50039
50041
50049
50063
50071
50073
50089
50094
50114
50118
50134
50163
50173
50182
50201
50203
50211
50214
50223
50231
50234
50244
50253
50256
50260
50261
50270
50274
50286
50288
50290
50318
50319
50323
50331
50333
50335
50347
50374
50417
50422
50429
50432
50444
50461
50469
50471
50476
50480
50486
50499
50501
50521
50525
50531
50533
50537
50538
50539
50552
50562
50568
50580
50581
50588
50594
50606
50615
50621
50628
50634
50654
50656
50657
50659
50665
50674
50681
50682
50692
50699
50715
50722
50729
50743
50745
50749
50750
50755
50756
50759
50782
50794
50798
50812
50834
50840
50843
50846
50863
50866
50867
50871
50882
50890
50898
50904
50908
50913
50920
50925
50930
50932
50938
50941
50945
50946
50965
50966
50973
50982
50997
51010
51011
51024
51025
51037
51039
51045
51057
51066
51071
51078
51096
51108
51109
51113
51117
51118
51127
51133
51136
51145
51151
51155
51169
51186
51196
51199
51219
51220
51224
51246
51260
51263
51267
51269
51270
51274
51275
51276
51294
51296
51304
51307
51311
51312
51313
51320
51321
51329
51331
51333
51340
51344
51354
51356
51358
51360
51362
51370
51376
51380
51395
51405
51420
51429
51438
51451
51457
51461
51464
51469
51485
51509
51512
51514
51518
51529
51537
51542
51546
51548
51549
51556
51562
51564
51576
51579
51585
51586
51591
51595
51610
51613
51617
51621
51627
51628
51629
51631
51639
51650
51662
51665
51667
51676
51679
51682
51690
51691
51717
51731
51732
51734
51751
51757
51766
51782
51792
51793
51811
51816
51827
51847
51854
51855
51869
51873
51896
51901
51903
51911
51917
51922
51925
51960
51970
51973
51980
51981
51983
51987
51993
51997
52008
52012
52018
52020
52022
52030
52031
52040
52052
52056
52060
52065
52079
52083
52094
52099
52113
52115
52135
52141
52147
52156
52158
52163
52164
52166
52175
52216
52218
52241
52242
52243
52246
52247
52249
52255
52263
52271
52290
52296
52305
52306
52310
52311
52320
52338
52357
52365
52395
52396
52401
52403
52408
52409
52411
52416
52421
52467
52476
52488
52490
52497
52500
52509
52519
52521
52529
52539
52543
52544
52566
52571
52577
52578
52579
52586
52601
52604
52615
52616
52628
52650
52663
52670
52673
52681
52682
52687
52695
52707
52711
52712
52729
52734
52742
52750
52758
52763
52772
52775
52777
52786
52792
52794
52796
52800
52805
52812
52824
52826
52832
52833
52846
52849
52850
52851
52852
52864
52866
52869
52871
52872
52874
52877
52882
52906
52908
52918
52945
52952
52953
52959
52970
52973
52988
52989
53006
53009
53019
53021
53024
53025
53038
53045
53050
53063
53088
53092
53095
53100
53109
53124
53129
53131
53136
53139
53146
53159
53170
53171
53185
53188
53198
53199
53203
53206
53211
53212
53221
53239
53248
53270
53271
53273
53274
53280
53286
53299
53310
53317
53319
53328
53330
53336
53340
53341
53374
53384
53387
53391
53394
53395
53396
53405
53422
53423
53426
53438
53443
53452
53455
53459
53466
53501
53503
53504
53544
53548
53553
53555
53565
53570
53576
53579
53590
53592
53599
53600
53606
53610
53621
53632
53636
53647
53649
53662
53668
53672
53678
53690
53693
53694
53707
53715
53724
53725
53726
53734
53740
53743
53749
53758
53763
53765
53768
53789
53796
53810
53823
53825
53826
53828
53837
53838
53853
53858
53859
53862
53880
53882
53885
53888
53889
53895
53897
53907
53911
53915
53916
53920
53922
53923
53925
53926
53928
53930
53933
53951
53953
53954
53958
53963
53964
53966
53970
53971
53979
53986
53992
53993
53999
54001
54009
54026
54030
54044
54048
54049
54053
54057
54068
54070
54074
54075
54076
54078
54083
54084
54088
54094
54096
54097
54100
54105
54108
54110
54114
54121
54125
54132
54147
54176
54177
54180
54182
54189
54195
54201
54209
54210
54226
54228
54229
54248
54262
54264
54269
54287
54295
54300
54302
54317
54322
54324
54330
54332
54345
54356
54359
54372
54376
54380
54395
54415
54420
54421
54430
54446
54448
54454
54456
54459
54461
54463
54468
54472
54483
54485
54490
54499
54501
54502
54504
54521
54528
54530
54534
54535
54547
54548
54550
54552
54555
54563
54578
54587
54590
54608
54616
54628
54636
54637
54638
54648
54661
54665
54676
54681
54683
54685
54686
54688
54691
54701
54705
54711
54716
54720
54726
54737
54739
54744
54752
54757
54761
54765
54771
54772
54774
54776
54778
54779
54782
54791
54792
54793
54794
54804
54808
54810
54828
54830
54836
54846
54847
54852
54861
54873
54875
54876
54897
54905
54907
54920
54935
54943
54945
54952
54963
54965
54979
54982
54999
55005
55009
55014
55020
55026
55039
55046
55049
55057
55059
55062
55072
55076
55087
55094
55096
55098
55099
55109
55114
55124
55126
55146
55149
55150
55160
55162
55166
55171
55172
55179
55185
55192
55198
55206
55218
55224
55235
55239
55249
55259
55270
55275
55277
55287
55290
55291
55300
55310
55313
55335
55336
55341
55353
55355
55363
55370
55387
55391
55397
55398
55404
55407
55410
55422
55425
55429
55432
55440
55449
55455
55459
55475
55478
55480
55482
55483
55485
55486
55487
55490
55491
55501
55503
55504
55509
55533
55538
55553
55554
55562
55565
55568
55575
55576
55577
55579
55581
55590
55592
55599
55614
55620
55634
55637
55639
55641
55646
55653
55663
55664
55667
55669
55681
55697
55698
55720
55726
55729
55733
55740
55741
55750
55755
55770
55771
55776
55793
55798
55801
55802
55810
55821
55823
55828
55830
55836
55837
55849
55858
55859
55866
55871
55872
55876
55881
55882
55883
55884
55892
55912
55913
55923
55957
55964
55984
55985
55991
55992
55993
56001
56008
56013
56021
56027
56028
56030
56033
56035
56038
56039
56050
56058
56064
56070
56076
56086
56090
56092
56098
56103
56107
56110
56111
56113
56114
56119
56123
56128
56129
56131
56133
56136
56139
56140
56141
56143
56146
56147
56151
56153
56157
56161
56162
56167
56192
56196
56214
56216
56217
56223
56226
56254
56267
56272
56281
56284
56285
56288
56300
56308
56310
56314
56322
56323
56327
56341
56348
56350
56357
56368
56374
56377
56378
56386
56395
56402
56403
56412
56416
56417
56426
56431
56436
56438
56445
56446
56453
56455
56461
56472
56476
56478
56488
56490
56496
56502
56506
56522
56525
56550
56552
56585
56590
56597
56599
56608
56609
56615
56623
56646
56661
56669
56670
56679
56683
56688
56699
56712
56714
56716
56717
56719
56725
56728
56753
56766
56768
56775
56778
56780
56787
56788
56791
56794
56802
56807
56813
56815
56823
56826
56833
56835
56840
56848
56853
56858
56862
56866
56871
56875
56885
56889
56890
56895
56898
56905
56906
56909
56916
56927
56928
56938
56943
56944
56945
56949
56950
56964
56973
56976
56979
56982
56983
56984
56989
56998
57001
57002
57012
57015
57018
57019
57024
57028
57030
57032
57040
57041
57042
57051
57062
57073
57088
57090
57091
57100
57101
57110
57119
57123
57145
57151
57156
57162
57172
57173
57177
57183
57190
57191
57194
57213
57230
57235
57246
57252
57266
57269
57274
57278
57279
57281
57296
57300
57304
57323
57325
57334
57335
57336
57337
57348
57356
57359
57362
57377
57389
57390
57394
57395
57396
57398
57402
57407
57418
57424
57428
57432
57434
57437
57443
57450
57454
57471
57478
57490
57498
57500
57501
57503
57504
57506
57510
57511
57523
57527
57532
57539
57549
57550
57552
57555
57557
57559
57561
57565
57569
57570
57571
57575
57580
57597
57599
57612
57619
57620
57621
57622
57625
57628
57635
57640
57641
57647
57653
57654
57657
57665
57670
57674
57675
57678
57681
57682
57686
57691
57693
57698
57703
57712
57713
57719
57723
57727
57735
57739
57740
57743
57749
57753
57754
57761
57770
57778
57786
57787
57789
57797
57815
57820
57834
57836
57838
57841
57844
57851
57859
57860
57868
57872
57886
57889
57891
57902
57915
57916
57922
57923
57931
57937
57939
57948
57952
57955
57961
57964
57968
57978
57979
57982
57984
57994
58010
58014
58016
58019
58027
58029
58032
58033
58044
58048
58050
58055
58066
58070
58072
58075
58076
58084
58089
58094
58107
58113
58122
58123
58130
58134
58140
58142
58143
58147
58151
58160
58168
58170
58179
58182
58188
58191
58202
58216
58218
58228
58232
58233
58235
58238
58242
58245
58247
58263
58265
58272
58273
58275
58276
58284
58287
58290
58299
58302
58310
58312
58313
58314
58317
58320
58324
58345
58346
58348
58358
58362
58378
58383
58398
58399
58402
58405
58420
58424
58429
58444
58463
58483
58489
58491
58496
58497
58508
58515
58518
58519
58527
58535
58539
58540
58541
58547
58550
58561
58575
58580
58587
58603
58605
58618
58626
58628
58637
58645
58651
58659
58685
58700
58704
58705
58711
58714
58733
58734
58742
58743
58744
58745
58754
58756
58758
58767
58771
58774
58775
58777
58793
58796
58807
58812
58820
58822
58831
58849
58851
58856
58880
58881
58903
58905
58919
58923
58925
58941
58942
58943
58946
58947
58956
58959
58961
58967
58969
58970
58974
58980
58983
58984
58986
58987
58991
58993
58995
59002
59005
59008
59013
59019
59029
59032
59033
59034
59042
59047
59053
59054
59056
59057
59059
59066
59080
59091
59097
59101
59103
59104
59109
59142
59153
59157
59161
59162
59165
59167
59168
59179
59185
59192
59193
59194
59201
59202
59204
59221
59223
59225
59232
59233
59241
59248
59256
59260
59269
59273
59279
59281
59285
59290
59293
59295
59300
59303
59315
59317
59318
59321
59322
59330
59341
59343
59349
59353
59363
59369
59377
59380
59392
59400
59402
59412
59415
59417
59420
59422
59432
59437
59438
59439
59443
59457
59461
59465
59467
59480
59483
59484
59493
59501
59502
59503
59506
59512
59523
59527
59529
59531
59536
59541
59543
59545
59552
59554
59559
59562
59567
59569
59606
59610
59611
59615
59623
59624
59627
59628
59638
59642
59644
59645
59649
59659
59668
59672
59680
59682
59683
59693
59701
59718
59726
59728
59747
59762
59763
59770
59773
59777
59782
59783
59791
59793
