88
146
291
409
413
567
677
700
779
876
961
976
1012
1020
1186
1267
1275
1450
1469
1481
1527
1533
1564
1582
1611
1624
1650
1695
1700
1825
1844
1857
1860
1974
2039
2186
2207
2229
2252
2339
2355
2409
2414
2909
3006
3057
3080
3100
3205
3207
3213
3233
3246
3258
3280
3327
3338
3433
3458
3526
3611
3618
3627
3643
3690
3703
3746
3846
4014
4098
4142
4254
4270
4522
4576
4678
4723
4902
5080
5191
5385
5418
5538
5556
5559
5569
5576
5627
5693
5702
5748
5810
5826
5956
6006
6112
6164
6195
6287
6392
6434
6498
6544
6567
6593
6615
6631
6700
6777
6784
6802
7065
7213
7224
7303
7338
7512
7516
7565
8337
8865
8905
9048
9182
9299
9319
9414
9486
9784
9805
9810
9839
9864
9998
10141
10146
10161
10198
10366
11028
11360
11398
11596
11784
12181
12191
12193
12227
12280
12302
12311
12320
12328
12329
12339
12344
12459
12476
12515
12610
12617
12638
12640
12645
12698
12704
12730
12782
12824
13077
13257
13334
13428
13436
13485
13490
13524
13644
13669
13712
13720
13768
13828
13849
14148
14621
14672
14767
14904
15062
15109
15188
15239
15372
15373
15411
15489
15504
15684
16001
16228
16340
16406
16588
16757
16763
16799
17021
17068
17101
17115
17167
17196
17316
17437
17501
18022
18036
18065
18196
18751
18849
19213
19232
19233
19481
19698
19767
19904
19941
20019
20103
20220
20296
20360
20460
20542
20555
20726
20839
20929
21007
21015
21054
21063
21134
21406
21439
21468
21509
21552
21660
21757
21874
22217
22666
22743
22746
22759
22794
22995
23165
23197
23271
23283
23384
23398
23403
23449
23509
23589
23685
23725
23807
23859
23871
24008
24063
24148
24156
24162
24186
24222
24374
24382
24402
24403
24407
24415
24466
24555
24627
24637
24805
24854
24894
24982
25076
25092
25104
25313
25409
25454
25596
25612
25724
25734
25757
25762
25804
25850
25981
26031
26180
26269
26322
26357
26402
26465
26525
26684
26701
26708
26910
26983
26998
27035
27067
27103
27172
27186
27334
27386
27407
27460
27600
27681
27818
27886
27926
28206
28244
28245
28265
28277
28299
28357
28388
28611
28628
28663
28688
28709
28767
28832
