1
19
28
29
47
48
64
80
83
86
103
113
114
140
142
156
170
183
186
189
202
223
224
246
265
273
280
305
310
314
322
342
349
358
370
384
388
396
431
434
441
474
522
528
542
545
566
571
589
602
607
631
635
644
675
688
698
713
724
732
734
743
748
752
755
763
772
783
848
857
881
904
906
918
926
940
949
956
964
970
984
1034
1047
1051
1052
1088
1101
1107
1115
1116
1130
1132
1135
1150
1154
1161
1165
1180
1187
1194
1206
1212
1214
1215
1222
1233
1236
1251
1255
1270
1280
1289
1304
1336
1338
1345
1371
1382
1403
1444
1452
1461
1466
1468
1471
1475
1487
1510
1520
1536
1541
1549
1550
1551
1561
1572
1593
1615
1667
1677
1679
1684
1690
1772
1776
1791
1816
1869
1873
1894
1900
1935
1945
1949
1970
1995
2024
2053
2077
2113
2128
2166
2168
2205
2206
2235
2261
2264
2266
2278
2288
2289
2290
2315
2333
2342
2354
2377
2379
2385
2394
2406
2412
2458
2459
2471
2473
2478
2488
2509
2514
2518
2541
2570
2575
2600
2608
2617
2618
2631
2632
2642
2650
2661
2672
2673
2689
2755
2758
2768
2790
2791
2808
2818
2821
2825
2842
2845
2869
2884
2944
2963
2967
2972
2987
2997
3022
3026
3035
3044
3062
3075
3094
3128
3134
3138
3139
3153
3154
3156
3167
3182
3208
3226
3229
3254
3265
3290
3301
3311
3324
3354
3361
3366
3368
3438
3445
3459
3484
3486
3503
3507
3516
3518
3525
3556
3559
3576
3595
3619
3631
3638
3640
3661
3684
3698
3705
3715
3720
3725
3726
3735
3751
3755
3757
3769
3775
3776
3787
3818
3822
3823
3854
3857
3861
3891
3895
3909
3910
3913
3951
3952
3965
3967
3981
3985
4008
4020
4035
4060
4062
4064
4080
4090
4102
4103
4135
4136
4150
4153
4198
4201
4212
4234
4253
4258
4269
4329
4340
4359
4386
4400
4413
4426
4436
4466
4469
4481
4489
4498
4515
4517
4524
4533
4539
4552
4555
4568
4593
4604
4615
4619
4620
4655
4668
4672
4727
4737
4740
4750
4773
4775
4783
4796
4804
4808
4809
4816
4827
4835
4837
4838
4859
4860
4871
4898
4911
4914
4927
4931
4932
4933
4934
4935
4961
4971
4972
4986
5012
5035
5037
5038
5087
5091
5096
5111
5147
5152
5179
5180
5186
5198
5199
5209
5210
5220
5222
5230
5249
5250
5254
5257
5262
5270
5293
5313
5315
5350
5368
5374
5387
5400
5406
5421
5424
5433
5455
5458
5460
5468
5471
5478
5497
5506
5516
5523
5531
5537
5543
5544
5589
5612
5628
5631
5654
5660
5664
5665
5697
5714
5741
5751
5763
5764
5784
5785
5795
5797
5798
5808
5812
5818
5837
5855
5860
5861
5864
5872
5876
5900
5913
5914
5915
5947
5976
6002
6008
6009
6038
6039
6060
6061
6074
6082
6085
6100
6147
6154
6160
6170
6172
6192
6193
6196
6203
6221
6296
6301
6304
6311
6319
6336
6345
6368
6410
6424
6429
6432
6450
6463
6467
6478
6512
6520
6532
6542
6560
6654
6656
6674
6692
6697
6713
6764
6772
6775
6792
6827
6863
6944
7002
7029
7032
7040
7069
7098
7102
7143
7154
7159
7180
7198
7249
7258
7276
7289
7298
7301
7318
7319
7333
7393
7408
7422
7438
7463
7489
7493
7497
7520
7525
7539
7559
7584
7585
7597
7602
7617
7658
7689
7697
7721
7724
7727
7806
7826
7833
7862
7886
7892
7931
7986
7990
8019
8045
8046
8066
8078
8087
8093
8098
8103
8114
8115
8124
8131
8147
8150
8152
8191
8241
8257
8258
8267
8348
8350
8390
8398
8420
8446
8455
8473
8484
8504
8511
8539
8612
8618
8637
8666
8667
8673
8694
8708
8765
8775
8783
8829
8833
8847
8854
8880
8885
8893
8898
8902
8972
9042
9049
9055
9060
9068
9125
9128
9132
9158
9172
9198
9201
9204
9212
9215
9222
9237
9278
9289
9301
9303
9311
9320
9328
9336
9343
9378
9390
9399
9403
9404
9405
9417
9424
9437
9442
9468
9512
9513
9514
9520
9533
9540
9556
9592
9593
9597
9602
9611
9621
9623
9624
9633
9663
9667
9671
9680
9682
9690
9691
9695
9707
9715
9730
9764
9777
9791
9797
9840
9851
9868
9874
9900
9932
9946
9947
9960
9981
9984
9993
10019
10087
10122
10182
10216
10233
10247
10263
10268
10286
10307
10309
10312
10359
10369
10391
10412
10420
10431
10437
10441
10448
10450
10455
10459
10462
10472
10476
10496
10497
10498
10516
10519
10524
10540
10543
10555
10557
10560
10571
10578
10588
10610
10616
10626
10627
10629
10643
10647
10649
10650
10652
10680
10683
10688
10701
10723
10751
10765
10777
10784
10789
10816
10822
10833
10848
10857
10869
10876
10906
10918
10920
10969
10981
10993
10994
11006
11012
11017
11018
11025
11026
11031
11037
11043
11055
11081
11090
11095
11099
11125
11126
11134
11143
11145
11158
11159
11188
11206
11209
11261
11268
11282
11341
11357
11484
11493
11501
11526
11549
11589
11609
11635
11638
11675
11843
11859
11884
11909
11943
11957
12017
12066
12131
12234
12268
12271
12295
12322
12411
12439
12472
12473
12475
12495
12504
12506
12538
12548
12551
12577
12590
12597
12651
12671
12676
12702
12705
12707
12726
12728
12753
12758
12763
12772
12785
12795
12808
12810
12816
12827
12833
12843
12871
12879
12884
12888
12907
12914
12926
12927
12945
12954
12966
12992
12994
13008
13016
13032
13051
13062
13078
13089
13145
13169
13204
13209
13240
13243
13254
13260
13284
13291
13303
13311
13329
13332
13336
13344
13349
13353
13367
13370
13375
13377
13384
13391
13400
13425
13452
13455
13457
13520
13534
13555
13623
13633
13639
13654
13657
13662
13696
13714
13716
13747
13759
13764
13773
13795
13809
13826
13831
13858
13861
13889
13891
13915
13925
13928
13933
13949
13964
13978
13985
14006
14019
14051
14059
14103
14127
14150
14175
14180
14258
14317
14359
14428
14446
14504
14531
14537
14575
14576
14589
14603
14611
14625
14635
14648
14656
14681
14682
14715
14744
14778
14786
14792
14803
14817
14830
14852
14860
14908
14914
14917
14937
15038
15047
15054
15060
15069
15071
15072
15190
15199
15237
15298
15313
15351
15352
15357
15366
15398
15403
15441
15449
15460
15488
15499
15501
15525
15561
15565
15573
15604
15614
15664
15741
15768
15773
15785
15788
15816
15818
15834
15844
15861
15863
15881
15894
15897
15905
15910
15956
15979
15994
16015
16019
16033
16039
16068
16091
16117
16149
16150
16168
16170
16207
16213
16215
16231
16236
16242
16250
16273
16274
16277
16293
16334
16364
16367
16390
16402
16420
16421
16430
16490
16505
16539
16553
16569
16603
16642
16652
16658
16706
16710
16738
16766
16770
16777
16815
16836
16855
16874
16891
16893
16909
16913
16930
16940
16941
16945
16950
16959
16971
16989
17000
17001
17017
17053
17058
17065
17103
17111
17120
17126
17155
17161
17166
17182
17193
17204
17267
17289
17293
17299
17302
17307
17309
17320
17368
17444
17445
17450
17458
17461
17463
17508
17519
17528
17535
17550
17553
17557
17563
17574
17592
17609
17632
17736
17744
17774
17788
17797
17809
17812
17820
17843
17874
17884
17903
17907
17915
17932
17944
17962
17966
17998
18001
18017
18019
18030
18072
18113
18117
18175
18189
18197
18203
18221
18222
18264
18288
18318
18343
18370
18396
18398
18409
18488
18523
18526
18529
18539
18544
18551
18554
18555
18560
18580
18588
18595
18636
18650
18660
18667
18676
18678
18713
18723
18746
18754
18757
18760
18773
18792
18829
18832
18843
18847
18855
18862
18874
18879
18881
18895
18900
18934
18971
18999
19007
19011
19014
19035
19052
19127
19164
19173
19181
19199
19252
19259
19267
19297
19332
19334
19361
19363
19394
19424
19427
19445
19461
19480
19521
19534
19543
19545
19573
19660
19718
19758
19766
19772
19864
19878
19893
19945
19981
19985
20002
20024
20048
20049
20230
20231
20294
20323
20351
20355
20368
20424
20485
20493
20587
20590
20618
20674
20700
20704
20740
20752
20769
20771
20773
20788
20794
20808
20827
20872
20954
20958
21008
21048
21051
21089
21137
21148
21200
21233
21280
21291
21297
21315
21349
21370
21382
21392
21405
21416
21417
21420
21425
21433
21446
21494
21516
21543
21559
21586
21603
21645
21663
21713
21723
21741
21752
21797
21840
21860
21875
21897
21911
21935
22028
22030
22042
22259
22267
22314
22322
22323
22328
22358
22412
22437
22450
22452
22453
22460
22463
22468
22471
22539
22560
22576
22585
22590
22621
22625
22652
22711
22715
22737
22747
22793
22806
22810
22822
22849
22899
22940
22984
23005
23006
23012
23017
23027
23040
23048
23083
23098
23147
23163
23173
23186
23214
23251
23295
23301
23305
23347
23386
23444
23465
23513
23550
23565
23578
23584
23621
23625
23628
23637
23666
23705
23715
23742
23757
23761
23783
23843
23882
23911
23930
23944
23958
23964
24028
24051
24053
24070
24079
24086
24131
24154
24159
24176
24180
24181
24182
24191
24206
24213
24225
24237
24242
24273
24284
24288
24326
24349
24353
24355
24420
24428
24447
24534
24561
24583
24589
24618
24634
24665
24672
24684
24686
24715
24717
24738
24812
24853
24896
24899
24919
24963
25030
25047
25049
25072
25081
25105
25211
25228
25231
25259
25280
25323
25375
25386
25437
25447
25474
25529
25578
25604
25686
25692
25711
25746
25747
25781
25793
25795
25813
25847
25871
25884
25890
25899
25921
25922
25926
25957
25963
25964
25969
26091
26109
26120
26132
26146
26175
26176
26187
26192
26195
26206
26229
26245
26252
26263
26270
26272
26295
26317
26320
26323
26342
26371
26372
26375
26385
26454
26470
26472
26495
26500
26513
26516
26527
26553
26569
26581
26584
26590
26594
26600
26602
26613
26624
26635
26657
26692
26697
26711
26737
26744
26760
26770
26784
26794
26798
26817
26821
26831
26847
26848
26872
26895
26905
26911
26922
26928
26964
26982
26987
27001
27044
27048
27056
27068
27070
27085
27125
27143
27161
27173
27180
27204
27226
27256
27293
27322
27329
27341
27351
27403
27412
27437
27441
27486
27510
27521
27536
27548
27562
27586
27592
27597
27615
27616
27630
27631
27643
27647
27654
27677
27682
27688
27693
27699
27705
27708
27724
27795
27811
27812
27814
27816
27847
27852
27853
27889
27897
27898
27923
27943
27989
28042
28064
28113
28132
28145
28152
28168
28193
28215
28219
28276
28290
28301
28311
28340
28366
28396
28407
28409
28433
28441
28456
28464
28489
28526
28535
28539
28581
28605
28608
28612
28629
28634
28652
28656
28682
28719
28748
28807
28823
28829
