59800
59803
59807
59808
59812
59815
59817
59818
59819
59821
59823
59826
59827
59828
59829
59830
59831
59832
59833
59834
59835
59836
59838
59839
59840
59841
59843
59847
59848
59850
59857
59858
59860
59862
59863
59864
59865
59869
59870
59873
59880
59882
59885
59888
59891
59892
59893
59896
59898
59899
59901
59902
59903
59905
59906
59908
59910
59917
59918
59925
59926
59927
59930
59935
59941
59944
59947
59948
59951
59955
59958
59962
59963
59964
59965
59966
59971
59975
59977
59978
59984
59985
59988
59990
59994
59995
59996
59998
59999
60000
60009
60011
60014
60015
60021
60022
60023
60024
60025
60030
60036
60040
60041
60044
60045
60046
60048
60053
60054
60059
60061
60069
60071
60072
60073
60078
60085
60086
60087
60088
60089
60091
60092
60096
60097
60098
60101
60102
60103
60104
60105
60106
60109
60112
60113
60124
60125
60126
60127
60128
60130
60136
60141
60145
60147
60152
60153
60155
60159
60165
60167
60174
60176
60177
60179
60180
60181
60183
60184
60193
60194
60201
60205
60207
60208
60209
60210
60215
60216
60222
60223
60224
60225
60230
60234
60235
60237
60239
60240
60243
60245
60247
60250
60258
60262
60264
60268
60272
60273
60276
60278
60279
60283
60284
60285
60289
60290
60291
60293
60294
60297
60302
60307
60308
60311
60312
60313
60316
60317
60318
60323
60324
60325
60333
60334
60336
60342
60346
60347
60350
60359
60365
60366
60367
60373
60374
60376
60377
60383
60386
60387
60388
60389
60390
60394
60395
60396
60402
60406
60415
60421
60423
60426
60427
60433
60441
60447
60452
60453
60457
60462
60463
60465
60472
60473
60477
60478
60484
60487
60489
60492
60493
60497
60499
60504
60507
60509
60512
60517
60519
60524
60526
60528
60531
60535
60541
60542
60543
60547
60557
60558
60560
60563
60566
60567
60575
60578
60582
60583
60584
60585
60586
60599
60600
60603
60610
60611
60612
60613
60615
60616
60626
60632
60638
60639
60642
60643
60646
60648
60649
60650
60651
60653
60656
60664
60669
60673
60681
60683
60685
60687
60695
60701
60704
60705
60708
60711
60712
60714
60716
60725
60726
60733
60735
60737
60741
60747
60749
60753
60756
60759
60763
60767
60769
60770
60771
60776
60779
60781
60782
60783
60786
60789
60791
60792
60796
60797
60799
60800
60803
60815
60817
60820
60823
60826
60832
60833
60834
60836
60846
60853
60854
60856
60867
60874
60875
60876
60881
60882
60884
60887
60890
60892
60898
60900
60908
60910
60913
60914
60917
60920
60922
60925
60926
60927
60929
60935
60941
60943
60944
60947
60952
60962
60968
60971
60973
60977
60987
60995
60996
60998
61005
61006
61008
61012
61017
61019
61023
61024
61027
61028
61029
61032
61034
61035
61036
61037
61041
61045
61057
61059
61060
61066
61073
61085
61087
61091
61093
61094
61099
61107
61108
61111
61113
61114
61116
61118
61120
61122
61123
61127
61137
61139
61141
61144
61153
61162
61163
61168
61170
61174
61175
61183
61184
61190
61191
61192
61195
61196
61202
61207
61210
61214
61226
61233
61234
61236
61243
61244
61247
61249
61262
61264
61265
61267
61270
61272
61277
61278
61287
61293
61297
61299
61302
61304
61305
61307
61308
61316
61320
61327
61328
61329
61331
61337
61340
61342
61343
61346
61347
61350
61351
61353
61354
61366
61368
61372
61373
61377
61381
61384
61389
61403
61406
61413
61423
61429
61431
61432
61442
61446
61455
61460
61479
61481
61485
61486
61487
61488
61489
61490
61493
61501
61502
61505
61508
61511
61515
61516
61517
61521
61522
61527
61528
61529
61532
61533
61534
61537
61538
61541
61542
61543
61546
61549
61556
61559
61560
61562
61566
61568
61571
61572
61573
61578
61579
61581
61584
61585
61587
61592
61598
61599
61605
61608
61610
61611
61614
61619
61627
61628
61630
61634
61635
61638
61640
61641
61643
61645
61650
61652
61657
61660
61674
61676
61680
61686
61689
61692
61696
61700
61703
61706
61707
61710
61713
61714
61716
61722
61723
61726
61729
61732
61734
61738
61742
61751
61756
61757
61759
61760
61762
61764
61766
61767
61770
61771
61772
61778
61782
61783
61785
61789
61790
61791
61794
61795
61797
61801
61803
61804
61808
61810
61813
61814
61816
61820
61822
61824
61827
61828
61829
61835
61839
61840
61844
61845
61847
61851
61859
61861
61863
61864
61871
61878
61880
61884
61889
61891
61895
61896
61908
61909
61912
61914
61924
61931
61934
61936
61940
61942
61943
61945
61955
61956
61966
61971
61973
61974
61975
61976
61980
61983
61985
61987
61988
61990
61994
61995
61996
61997
61998
62002
62003
62004
62009
62010
62017
62025
62026
62032
62033
62034
62036
62042
62046
62049
62051
62052
62054
62059
62062
62065
62069
62071
62072
62073
62079
62080
62081
62090
62091
62094
62104
62106
62107
62110
62115
62118
62120
62123
62124
62128
62129
62130
62135
62136
62137
62142
62144
62145
62148
62151
62154
62156
62157
62159
62163
62167
62169
62172
62176
62177
62178
62181
62185
62187
62190
62194
62199
62202
62204
62211
62219
62222
62225
62229
62234
62236
62237
62239
62240
62242
62251
62256
62257
62261
62267
62270
62271
62273
62275
62277
62278
62280
62288
62289
62292
62294
62295
62298
62300
62314
62319
62323
62324
62333
62334
62340
62341
62342
62348
62349
62354
62357
62358
62359
62361
62368
62371
62377
62380
62381
62382
62384
62390
62391
62397
62398
62399
62401
62405
62408
62413
62417
62419
62423
62426
62427
62430
62431
62437
62440
62444
62445
62454
62456
62462
62464
62465
62469
62470
62474
62475
62476
62477
62480
62481
62484
62490
62491
62495
62498
62509
62510
62514
62515
62517
62519
62520
62522
62525
62526
62528
62530
62531
62533
62534
62536
62540
62545
62549
62557
62562
62570
62578
62582
62584
62585
62586
62590
62591
62599
62601
62612
62613
62625
62626
62633
62635
62637
62641
62642
62651
62655
62656
62657
62659
62662
62663
62671
62682
62684
62685
62700
62711
62712
62717
62728
62734
62735
62737
62742
62744
62745
62747
62750
62752
62758
62759
62765
62769
62770
62775
62780
62781
62785
62787
62790
62795
62799
62800
62801
62803
62806
62811
62819
62821
62825
62834
62843
62844
62846
62852
62853
62857
62858
62861
62863
62864
62871
62872
62873
62875
62884
62886
62889
62891
62893
62895
62904
62907
62910
62912
62913
62914
62917
62918
62919
62927
62928
62931
62932
62935
62945
62946
62951
62955
62958
62960
62962
62965
62966
62972
62979
62991
62993
62995
62999
63003
63004
63006
63010
63011
63012
63013
63018
63025
63026
63027
63028
63030
63031
63032
63033
63035
63038
63042
63044
63049
63050
63058
63062
63063
63068
63071
63076
63078
63081
63083
63084
63085
63086
63088
63089
63090
63092
63095
63099
63111
63113
63115
63116
63118
63121
63122
63123
63128
63131
63135
63136
63137
63141
63144
63146
63151
63156
63159
63161
63162
63175
63176
63177
63181
63183
63185
63187
63192
63197
63198
63200
63201
63202
63203
63204
63206
63207
63216
63217
63218
63219
63224
63226
63228
63231
63233
63237
63239
63245
63246
63249
63251
63254
63258
63260
63263
63265
63266
63267
63274
63280
63281
63284
63286
63291
63294
63298
63303
63305
63316
63318
63319
63320
63327
63333
63334
63341
63342
63348
63351
63354
63359
63360
63362
63363
63367
63370
63374
63377
63380
63382
63385
63393
63398
63402
63403
63404
63406
63407
63412
63413
63418
63419
63423
63428
63433
63441
63443
63446
63458
63459
63473
63474
63484
63487
63488
63490
63491
63497
63499
63503
63505
63506
63510
63515
63516
63518
63523
63531
63534
63536
63542
63551
63558
63561
63565
63568
63572
63579
63582
63588
63591
63592
63606
63607
63613
63614
63616
63621
63626
63629
63630
63636
63642
63644
63651
63652
63658
63663
63666
63668
63670
63671
63673
63677
63683
63688
63692
63702
63709
63710
63715
63718
63722
63727
63730
63736
63737
63741
63746
63748
63749
63765
63768
63778
63780
63781
63788
63789
63792
63794
63800
63802
63809
63817
63818
63822
63824
63829
63834
63837
63839
63854
63860
63868
63875
63877
63879
63883
63888
63891
63893
63895
63897
63902
63904
63906
63908
63912
63915
63918
63919
63925
63931
63933
63934
63936
63937
63938
63939
63940
63942
63945
63948
63950
63951
63956
63957
63960
63962
63965
63967
63971
63973
63976
63979
63993
63996
63998
63999
64006
64007
64009
64011
64012
64013
64014
64016
64019
64020
64024
64026
64027
64031
64035
64037
64038
64043
64045
64047
64051
64054
64057
64061
64062
64068
64071
64072
64075
64076
64077
64079
64083
64086
64090
64098
64099
64109
64118
64122
64123
64124
64126
64127
64128
64131
64135
64138
64142
64151
64160
64166
64167
64172
64186
64190
64191
64194
64197
64208
64210
64211
64212
64214
64216
64219
64220
64224
64225
64229
64231
64234
64242
64245
64252
64255
64259
64262
64265
64266
64267
64268
64270
64272
64273
64278
64279
64282
64284
64285
64286
64287
64292
64293
64295
64296
64297
64298
64300
64301
64303
64304
64305
64306
64310
64318
64320
64322
64324
64326
64332
64334
64337
64340
64345
64351
64352
64363
64366
64368
64370
64371
64372
64375
64376
64378
64381
64383
64384
64385
64386
64387
64388
64390
64396
64399
64401
64404
64405
64411
64414
64415
64417
64420
64421
64424
64425
64426
64428
64429
64432
64434
64437
64439
64442
64445
64446
64447
64450
64451
64455
64457
64460
64461
64463
64464
64466
64468
64473
64474
64479
64480
64483
64486
64487
64488
64491
64492
64498
64502
64503
64504
64505
64506
64507
64508
64509
64511
64512
64513
64519
64531
64539
64540
64548
64550
64552
64564
64565
64567
64569
64572
64573
64575
64576
64578
64581
64582
64585
64586
64587
64588
64589
64594
64596
64597
64598
64600
64601
64603
64610
64611
64612
64614
64615
64616
64620
64621
64625
64629
64633
64634
64636
64637
64638
64639
64640
64642
64643
64644
64646
64650
64653
64654
64659
64663
64665
64667
64670
64675
64678
64679
64680
64682
64683
64684
64686
64687
64692
64694
64695
64699
64701
64702
64703
64706
64709
64717
64719
64722
64723
64729
64730
64731
64732
64733
64735
64739
64740
64741
64745
64750
64753
64754
64755
64757
64758
64759
64762
64768
64769
64772
64776
64777
64778
64780
64781
64782
64784
64786
64787
64792
64793
64795
64796
64799
64801
64803
64804
64807
64808
64809
64811
64814
64818
64819
64826
64827
64830
64831
64832
64835
64837
64841
64844
64845
64852
64856
64858
64860
64861
64864
64873
64876
64877
64878
64879
64881
64887
64891
64895
64896
64899
64903
64904
64905
64909
64911
64913
64914
64915
64916
64918
64925
64930
64932
64943
64944
64945
64949
64950
64958
64960
64962
64972
64980
64982
64985
64992
64997
64999
65006
65016
65017
65019
65020
65023
65024
65030
65031
65033
65036
65037
65039
65041
65042
65045
65046
65049
65053
65055
65059
65065
65067
65073
65078
65079
65081
65083
65089
65090
65091
65093
65095
65096
65098
65102
65105
65110
65114
65119
65124
65128
65129
65130
65131
65134
65136
65137
65140
65143
65146
65151
65154
65156
65170
65171
65172
65173
65174
65182
65186
65190
65191
65192
65195
65197
65199
65202
65203
65205
65206
65207
65212
65215
65216
65217
65219
65222
65224
65229
65232
65234
65236
65238
65239
65247
65250
65253
65254
65255
65259
65260
65261
65266
65270
65271
65277
65278
65279
65281
65282
65288
65293
65294
65297
65304
65305
65306
65307
65308
65309
65310
65312
65314
65315
65317
65322
65323
65325
65326
65327
65329
65331
65333
65336
65337
65338
65339
65353
65358
65359
65365
65366
65368
65369
65370
65372
65373
65374
65375
65377
65379
65382
65385
65386
65389
65390
65392
65394
65405
65407
65408
65409
65410
65412
65413
65414
65416
65417
65419
65423
65425
65426
65428
65429
65430
65431
65432
65433
65434
65435
65436
65438
65441
65444
65448
65451
65454
65460
65462
65464
65466
65468
65469
65470
65473
65479
65480
65481
65482
65483
65485
65488
65490
65493
65494
65495
65496
65500
65505
65509
65513
65515
65516
65518
65520
65525
65527
65529
65531
65535
65537
65539
65541
65542
65543
65544
65548
65549
65553
65555
65557
65559
65560
65561
65562
65564
65566
65567
65569
65578
65581
65585
65588
65589
65591
65592
65593
65594
65595
65601
65602
65604
65606
65610
65612
65613
65615
65617
65620
65625
65628
65634
65637
65640
65641
65642
65644
65645
65646
65651
65653
65654
65655
65658
65659
65662
65664
65669
65670
65674
65677
65678
65681
65683
65684
65686
65687
65689
65691
65692
65693
65695
65696
65699
65700
65702
65704
65708
65709
65715
65718
65719
65721
65722
65728
65729
65733
65735
65736
65739
65742
65743
65746
65750
65752
65753
65755
65757
65759
65764
65765
65766
65771
65773
65776
65777
65781
65782
65784
65785
65786
65789
65790
65792
65793
65794
65796
65798
65800
65801
65802
65803
65804
65805
65806
65809
65810
65812
65813
65816
65818
65820
65824
65828
65835
65836
65837
65839
65842
65843
65848
65849
65851
65855
65856
65857
65858
65862
65863
65864
65866
65867
65870
65871
65873
65875
65876
65879
65881
65886
65890
65891
65893
65896
65897
65900
65901
65902
65909
65911
65915
65916
65918
65919
65924
65925
65928
65940
65942
65944
65945
65954
65960
65961
65966
65968
65977
65985
65990
65995
66000
66001
66002
66003
66005
66006
66007
66011
66012
66016
66017
66021
66024
66026
66030
66032
66035
66036
66038
66040
66041
66042
66044
66046
66047
66050
66052
66053
66054
66059
66060
66062
66064
66066
66068
66071
66073
66076
66077
66079
66081
66085
66086
66089
66091
66094
66099
66100
66101
66103
66104
66105
66106
66108
66109
66111
66113
66114
66116
66118
66121
66123
66125
66136
66140
66142
66149
66150
66153
66156
66157
66161
66163
66165
66166
66167
66170
66171
66172
66173
66174
66176
66177
66178
66182
66183
66192
66193
66194
66197
66205
66209
66216
66217
66218
66219
66224
66228
66229
66230
66232
66234
66237
66238
66239
66240
66247
66248
66249
66253
66254
66256
66257
66259
66261
66262
66264
66265
66268
66269
66270
66271
66272
66283
66285
66286
66288
66290
66291
66292
66294
66296
66299
66301
66305
66309
66311
66312
66313
66314
66315
66318
66319
66320
66321
66324
66327
66328
66329
66331
66332
66333
66336
66337
66341
66343
66346
66347
66348
66352
66353
66354
66355
66357
66358
66359
66361
66363
66366
66367
66368
66369
66370
66372
66375
66376
66377
66382
66384
66388
66389
66391
66394
66396
66397
66401
66402
66403
66407
66408
66409
66410
66417
66418
66419
66422
66423
66426
66427
66429
66435
66438
66439
66441
66447
66449
66453
66455
66456
66457
66459
66460
66464
66467
66469
66472
66473
66476
66478
66479
66480
66481
66482
66490
66493
66494
66496
66497
66498
66500
66501
66502
66505
66507
66512
66514
66519
66521
66522
66524
66527
66528
66529
66534
66538
66540
66541
66544
66546
66547
66548
66549
66550
66553
66557
66559
66560
66562
66566
66572
66573
66575
66577
66581
66584
66587
66589
66590
66591
66594
66595
66596
66597
66599
66601
66602
66603
66604
66605
66606
66607
66610
66611
66613
66614
66615
66624
66631
66633
66635
66636
66638
66640
66641
66642
66643
66644
66645
66646
66648
66649
66650
66658
66661
66664
66665
66668
66669
66672
66679
66681
66683
66684
66685
66686
66688
66691
66692
66695
66698
66705
66706
66710
66711
66712
66713
66717
66720
66725
66728
66729
66732
66734
66738
66740
66743
66746
66748
66749
66751
66756
66757
66768
66770
66772
66775
66777
66778
66780
66782
66783
66789
66790
66797
66800
66804
66813
66814
66815
66816
66818
66819
66822
66823
66826
66827
66829
66830
66832
66833
66835
66843
66847
66850
66854
66856
66861
66863
66864
66866
66867
66868
66870
66874
66875
66876
66882
66883
66884
66886
66887
66891
66893
66894
66895
66910
66912
66918
66920
66927
66929
66930
66933
66934
66936
66945
66947
66949
66953
66960
66965
66966
66967
66969
66970
66971
66973
66974
66975
66979
66981
66983
66985
66986
66989
66993
66994
66997
67005
67006
67007
67017
67021
67026
67027
67028
67030
67032
67036
67042
67046
67051
67053
67054
67055
67056
67058
67061
67062
67074
67078
67079
67082
67085
67086
67088
67089
67090
67093
67097
67099
67102
67105
67113
67117
67119
67124
67126
67128
67129
67130
67132
67133
67134
67143
67146
67147
67151
67161
67162
67165
67166
67167
67169
67171
67176
67178
67183
67187
67189
67197
67200
67202
67205
67206
67207
67212
67213
67216
67218
67221
67223
67225
67227
67230
67232
67234
67237
67244
67252
67255
67260
67261
67262
67263
67266
67267
67269
67273
67277
67281
67285
67286
67296
67297
67302
67303
67305
67306
67308
67309
67311
67313
67314
67317
67319
67320
67321
67324
67325
67327
67335
67337
67338
67340
67341
67342
67343
67351
67352
67353
67356
67357
67358
67359
67362
67365
67370
67371
67374
67375
67378
67381
67390
67392
67395
67400
67402
67404
67407
67408
67412
67414
67415
67416
67417
67418
67421
67424
67427
67428
67429
67430
67431
67434
67435
67438
67443
67448
67449
67452
67454
67455
67458
67460
67462
67463
67464
67465
67467
67468
67471
67476
67477
67480
67481
67484
67486
67487
67488
67489
67490
67491
67494
67496
67498
67502
67507
67510
67511
67512
67515
67519
67523
67527
67532
67537
67540
67541
67543
67545
67547
67549
67550
67551
67552
67553
67556
67557
67558
67560
67561
67562
67563
67566
67568
67569
67572
67573
67575
67576
67577
67578
67581
67582
67585
67590
67592
67595
67596
67597
67602
67606
67608
67611
67613
67615
67617
67618
67620
67621
67623
67624
67628
67629
67630
67632
67633
67635
67637
67640
67643
67644
67645
67647
67648
67649
67650
67652
67653
67656
67658
67661
67664
67667
67668
67669
67671
67672
67673
67680
67683
67684
67685
67686
67687
67692
67693
67696
67700
67703
67706
67710
67711
67713
67714
67717
67718
67723
67724
67728
67733
67737
67746
67748
67753
67757
67765
67769
67770
67772
67773
67774
67775
67776
67777
67779
67780
67782
67783
67786
67788
67789
67790
67791
67792
67795
67796
67801
67802
67816
67820
67822
67823
67824
67826
67830
67831
67832
67836
67837
67843
67845
67848
67849
67850
67851
67853
67854
67855
67859
67862
67863
67864
67865
67866
67870
67872
67876
67878
67882
67883
67884
67886
67888
67889
67890
67891
67892
67893
67900
67902
67903
67905
67906
67907
67908
67914
67915
67920
67923
67924
67926
67928
67931
67932
67933
67936
67941
67942
67944
67945
67947
67950
67956
67957
67959
67960
67962
67963
67964
67970
67971
67972
67975
67976
67978
67979
67980
67982
67983
67987
67988
67990
67992
67995
67996
68002
68003
68005
68007
68009
68013
68014
68015
68018
68020
68021
68023
68024
68025
68026
68028
68029
68030
68031
68032
68035
68037
68038
68039
68040
68042
68043
68044
68048
68049
68050
68051
68052
68059
68060
68061
68062
68063
68067
68072
68073
68075
68081
68088
68093
68095
68097
68098
68099
68104
68106
68107
68111
68117
68118
68122
68130
68131
68132
68134
68138
68139
68141
68143
68150
68151
68153
68154
68157
68160
68161
68163
68171
68176
68177
68180
68183
68186
68187
68194
68195
68197
68199
68200
68202
68203
68204
68212
68213
68217
68221
68223
68224
68226
68227
68228
68229
68230
68231
68232
68234
68241
68245
68246
68250
68254
68256
68263
68267
68272
68275
68278
68279
68287
68294
68299
68300
68301
68307
68310
68316
68318
68319
68323
68336
68338
68342
68343
68345
68347
68350
68351
68352
68355
68356
68357
68358
68361
68367
68369
68370
68371
68375
68376
68377
68379
68381
68385
68389
68390
68399
68400
68401
68404
68405
68406
68409
68412
68413
68418
68420
68421
68423
68426
68427
68429
68432
68434
68436
68437
68438
68439
68440
68441
68444
68446
68447
68448
68453
68457
68459
68460
68461
68465
68466
68469
68471
68472
68473
68474
68475
68477
68478
68481
68483
68489
68494
68496
68501
68505
68506
68509
68512
68514
68515
68519
68522
68525
68527
68532
68533
68535
68537
68541
68543
68545
68548
68549
68550
68554
68555
68558
68562
68564
68566
68569
68573
68575
68576
68579
68581
68582
68586
68588
68589
68591
68592
68593
68596
68597
68599
68605
68608
68611
68614
68617
68619
68622
68626
68627
68632
68633
68634
68635
68637
68639
68640
68641
68643
68644
68645
68648
68662
68664
68666
68667
68670
68674
68676
68677
68679
68683
68687
68689
68691
68693
68698
68701
68704
68706
68708
68713
68716
68723
68730
68733
68734
68735
68736
68741
68744
68745
68749
68760
68763
68764
68766
68768
68769
68771
68778
68784
68789
68790
68791
68793
68795
68796
68799
68802
68805
68806
68808
68813
68814
68819
68821
68826
68827
68828
68829
68834
68839
68843
68846
68847
68848
68852
68854
68857
68859
68864
68866
68867
68868
68873
68875
68877
68878
68879
68880
68882
68883
68884
68885
68888
68891
68893
68894
68897
68898
68900
68902
68903
68906
68907
68910
68912
68913
68914
68919
68922
68924
68926
68928
68933
68935
68940
68943
68949
68950
68952
68953
68954
68963
68965
68970
68971
68973
68974
68977
68980
68981
68983
68986
68988
68990
68993
68994
68999
69000
69001
69003
69005
69006
69007
69008
69014
69016
69017
69018
69025
69033
69037
69040
69041
69045
69046
69054
69055
69057
69058
69060
69064
69065
69067
69069
69071
69081
69085
69088
69091
69093
69096
69097
69098
69100
69102
69106
69107
69110
69112
69114
69119
69123
69124
69125
69127
69128
69129
69131
69135
69136
69137
69141
69146
69150
69153
69155
69164
69166
69167
69169
69172
69174
69185
69192
69194
69197
69198
69200
69204
69205
69206
69213
69216
69221
69222
69223
69224
69226
69227
69230
69232
69233
69238
69242
69245
69247
69250
69252
69253
69256
69264
69265
69267
69273
69284
69285
69287
69289
69292
69293
69299
69305
69307
69309
69311
69315
69317
69324
69325
69328
69333
69334
69335
69338
69340
69342
69343
69345
69349
69353
69354
69357
69360
69363
69364
69366
69371
69373
69375
69380
69382
69383
69384
69386
69388
69393
69394
69406
69407
69408
69409
69413
69415
69416
69420
69423
69425
69426
69429
69430
69435
69437
69438
69440
69441
69446
69453
69455
69456
69457
69458
69459
69464
69465
69466
69467
69468
69471
69472
69474
69476
69479
69481
69483
69491
69504
69513
69515
69516
69523
69525
69536
69538
69540
69543
69547
69548
69558
69559
69560
69562
69563
69565
69569
69570
69571
69572
69573
69575
69577
69583
69587
69588
69590
69591
69594
69595
69598
69599
69600
69602
69603
69604
69609
69612
69613
69615
69617
69622
69625
69628
69629
69639
69642
69644
69646
69647
69648
69653
69654
69659
69661
69668
69669
69672
69678
69680
69684
69685
69688
69689
69692
69694
69697
69698
69704
69705
69708
69709
69713
69720
69727
69728
69730
69732
69733
69735
69746
69751
69752
69754
69755
69757
69759
69761
69762
69763
69764
69770
69772
69780
69781
69783
69785
69786
69787
69789
69795
69797
69802
69804
69811
69812
69818
69820
69824
69827
69831
69832
69837
69838
69839
69840
69842
69844
69851
69857
69866
69869
69871
69875
69878
69879
69880
69884
69886
69887
69889
69890
69891
69894
69895
69896
69900
69901
69902
69907
69909
69910
69912
69915
69919
69926
69927
69929
69933
69935
69942
69944
69945
69947
69954
69955
69957
69959
69961
69962
69963
69965
69966
69968
69971
69981
69984
69985
69987
69990
69994
69997
69998
69999
70002
70003
70005
70012
70016
70020
70024
70025
70029
70030
70032
70036
70038
70041
70043
70046
70047
70048
70049
70050
70053
70055
70057
70058
70062
70063
70064
70065
70066
70069
70070
70074
70082
70085
70086
70089
70091
70093
70095
70096
70097
70098
70103
70106
70109
70113
70114
70115
70118
70119
70120
70122
70124
70127
70131
70132
70134
70135
70138
70146
70150
70152
70155
70158
70159
70161
70167
70169
70170
70179
70180
70183
70186
70187
70190
70191
70201
70202
70206
70207
70208
70210
70211
70212
70214
70215
70218
70220
70224
70227
70232
70233
70234
70239
70241
70242
70243
70244
70246
70250
70253
70256
70260
70266
70270
70272
70273
70275
70276
70277
70280
70285
70288
70290
70291
70295
70298
70299
70302
70304
70305
70308
70315
70316
70317
70321
70327
70328
70329
70330
70331
70332
70339
70341
70342
70346
70355
70356
70360
70362
70364
70366
70367
70370
70371
70377
70379
70380
70382
70387
70388
70389
70396
70401
70406
70407
70408
70411
70413
70415
70418
70423
70427
70431
70439
70441
70445
70448
70449
70453
70454
70457
70459
70466
70467
70468
70470
70472
70473
70482
70488
70492
70493
70499
70500
70508
70509
70514
70516
70521
70522
70529
70530
70533
70536
70539
70548
70549
70550
70551
70553
70558
70563
70564
70565
70566
70567
70568
70570
70575
70576
70577
70580
70585
70587
70589
70598
70599
70608
70611
70613
70617
70619
70620
70627
70628
70630
70632
70636
70638
70640
70641
70646
70650
70651
70656
70657
70658
70659
70660
70664
70669
70671
70678
70683
70684
70687
70699
70703
70705
70707
70708
70710
70714
70719
70720
70723
70728
70729
70736
70737
70738
70739
70742
70743
70745
70746
70747
70752
70754
70763
70772
70775
70780
70781
70782
70783
70785
70786
70788
70789
70790
70795
70801
70803
70805
70811
70812
70818
70819
70820
70821
70822
70824
70828
70829
70834
70840
70843
70845
70851
70856
70857
70861
70865
70874
70875
70879
70882
70883
70884
70888
70897
70900
70903
70904
70905
70910
70913
70914
70915
70917
70918
70919
70924
70925
70927
70931
70936
70940
70942
70943
70946
70947
70954
70962
70965
70968
70969
70971
70976
70978
70980
70982
70984
70990
70992
70995
70996
70998
71001
71003
71005
71007
71009
71010
71011
71013
71017
71018
71019
71026
71027
71035
71036
71039
71041
71046
71049
71056
71060
71063
71066
71073
71077
71081
71086
71088
71091
71096
71098
71099
71107
71109
71117
71118
71119
71120
71121
71125
71126
71129
71131
71135
71138
71139
71142
71145
71149
71150
71154
71155
71156
71157
71158
71159
71163
71164
71175
71178
71183
71184
71194
71195
71209
71210
71212
71214
71216
71219
71220
71221
71222
71223
71224
71234
71237
71241
71246
71248
71252
71258
71259
71260
71261
71268
71274
71275
71277
71278
71281
71283
71284
71287
71288
71289
71291
71294
71301
71303
71305
71306
71310
71311
71312
71317
71318
71319
71321
71325
71330
71333
71336
71337
71338
71340
71341
71342
71343
71346
71351
71359
71361
71370
71373
71375
71376
71380
71381
71387
71388
71389
71394
71396
71401
71407
71409
71413
71418
71420
71424
71425
71426
71427
71428
71429
71433
71436
71437
71442
71447
71450
71453
71454
71456
71459
71461
71463
71464
71466
71469
71471
71472
71475
71477
71478
71479
71480
71482
71484
71486
71487
71490
71496
71497
71498
71500
71502
71503
71504
71506
71510
71513
71518
71519
71521
71532
71535
71536
71538
71539
71540
71541
71543
71547
71548
71558
71559
71562
71566
71567
71570
71571
71573
71576
71580
71582
71585
71596
71602
71608
71609
71611
71613
71618
71619
71620
71624
71626
71627
71630
71632
71635
71640
71642
71648
71650
71651
71653
71658
71659
71662
71664
71670
71671
71673
71674
71675
71677
71679
71680
71687
71689
71692
71694
71698
71706
71710
71713
71714
71715
71728
71730
71731
71732
71734
71736
71740
71742
71745
71751
71755
71756
71762
71765
71766
71767
71770
71772
71777
71778
71779
71782
71783
71785
71790
71792
71794
71796
71798
71800
71802
71804
71806
71809
71810
71811
71815
71817
71819
71821
71823
71824
71826
71827
71829
71835
71845
71849
71850
71851
71854
71855
71856
71860
71862
71864
71865
71869
71877
71879
71888
71889
71891
71893
71894
71896
71897
71898
71910
71911
71913
71917
71918
71920
71922
71927
71929
71931
71933
71934
71936
71943
71946
71949
71950
71953
71954
71957
71960
71961
71962
71966
71969
71974
71983
71984
71987
71988
71991
71992
71995
71997
72001
72003
72004
72005
72009
72010
72013
72018
72023
72025
72036
72039
72045
72050
72053
72054
72060
72062
72064
72067
72070
72071
72074
72075
72077
72078
72079
72083
72088
72090
72097
72098
72099
72100
72102
72103
72110
72111
72112
72120
72124
72127
72130
72131
72132
72136
72138
72140
72143
72145
72146
72153
72154
72155
72157
72159
72163
72164
72175
72176
72182
72188
72192
72194
72196
72199
72201
72203
72207
72211
72219
72222
72228
72230
72234
72235
72237
72241
72242
72243
72245
72246
72249
72256
72263
72271
72278
72279
72280
72285
72286
72287
72289
72290
72294
72299
72302
72304
72308
72309
72310
72312
72315
72316
72318
72322
72323
72326
72327
72330
72331
72334
72335
72337
72340
72342
72344
72346
72353
72358
72362
72363
72369
72371
72372
72375
72376
72388
72390
72391
72392
72394
72397
72399
72401
72406
72409
72414
72422
72424
72426
72427
72432
72433
72434
72437
72441
72445
72446
72449
72450
72453
72454
72457
72460
72463
72465
72467
72468
72469
72471
72474
72476
72477
72478
72479
72480
72482
72488
72489
72491
72492
72494
72495
72496
72497
72503
72505
72506
72507
72510
72515
72516
72517
72518
72519
72522
72524
72525
72530
72537
72538
72543
72545
72546
72547
72548
72556
72557
72559
72561
72565
72567
72568
72572
72578
72579
72585
72587
72593
72594
72596
72597
72598
72603
72604
72608
72611
72615
72617
72618
72620
72628
72634
72640
72641
72644
72645
72647
72648
72649
72651
72652
72655
72656
72657
72659
72664
72667
72669
72673
72678
72684
72687
72688
72689
72690
72694
72696
72698
72705
72708
72710
72715
72719
72720
72722
72733
72737
72738
72748
72759
72760
72761
72762
72763
72764
72765
72770
72771
72774
72776
72780
72783
72785
72787
72788
72790
72792
72794
72798
72800
72802
72806
72813
72814
72819
72823
72825
72828
72829
72833
72835
72841
72843
72847
72850
72853
72856
72858
72859
72863
72867
72868
72869
72870
72873
72874
72876
72881
72882
72884
72887
72888
72891
72896
72897
72901
72902
72904
72905
72908
72913
72919
72920
72921
72922
72926
72930
72937
72939
72941
72943
72945
72956
72957
72961
72964
72966
72968
72972
72976
72977
72978
72979
72984
72985
72986
72995
72997
72998
72999
73003
73004
73006
73007
73011
73013
73014
73018
73023
73024
73025
73030
73041
73042
73049
73051
73053
73055
73059
73062
73064
73067
73072
73077
73083
73085
73087
73089
73090
73091
73093
73097
73098
73101
73103
73106
73110
73114
73117
73120
73121
73122
73124
73126
73127
73128
73131
73133
73143
73144
73145
73148
73149
73157
73158
73159
73160
73162
73165
73170
73173
73178
73179
73184
73185
73186
73193
73200
73207
73222
73223
73226
73228
73230
73233
73237
73241
73244
73246
73250
73251
73254
73257
73258
73260
73263
73266
73267
73272
73279
73283
73288
73290
73292
73295
73296
73299
73300
73303
73305
73311
73312
73316
73318
73322
73326
73328
73333
73334
73338
73340
73341
73342
73345
73346
73348
73349
73350
73352
73358
73359
73360
73362
73363
73364
73365
73367
73373
73380
73383
73385
73386
73393
73395
73396
73397
73398
73400
73402
73405
73406
73409
73410
73413
73414
73417
73419
73422
73424
73425
73428
73429
73432
73433
73434
73436
73438
73440
73441
73443
73444
73445
73446
73447
73449
73450
73458
73460
73463
73465
73472
73473
73476
73478
73479
73481
73487
73489
73498
73500
73503
73505
73515
73527
73529
73530
73532
73537
73538
73546
73548
73551
73552
73554
73556
73560
73563
73566
73568
73570
73574
73578
73579
73584
73585
73590
73593
73594
73599
73600
73603
73604
73607
73612
73615
73626
73630
73633
73636
73639
73641
73643
73648
73653
73655
73657
73660
73664
73668
73670
73671
73675
73677
73679
73681
73684
73688
73690
73691
73698
73702
73708
73711
73712
73726
73733
73735
73736
73737
73739
73740
73747
73749
73750
73752
73753
73754
73759
73760
73762
73763
73770
73771
73774
73775
73777
73783
73785
73786
73792
73797
73802
73805
73806
73811
73813
73824
73826
73827
73828
73831
73832
73838
73842
73846
73847
73848
73854
73856
73858
73861
73868
73869
73870
73871
73872
73875
73881
73882
73887
73888
73892
73894
73896
73902
73903
73905
73907
73912
73915
73919
73922
73928
73931
73937
73938
73940
73950
73951
73954
73958
73959
73960
73962
73963
73965
73970
73971
73975
73978
73984
73986
73989
73990
73991
73993
73995
73999
74000
74002
74005
74007
74009
74014
74018
74019
74027
74030
74031
74032
74034
74036
74041
74046
74047
74048
74050
74055
74057
74058
74063
74064
74067
74068
74069
74070
74073
74083
74085
74087
74088
74089
74092
74094
74095
74096
74106
74107
74112
74116
74117
74119
74120
74127
74131
74134
74135
74136
74142
74147
74149
74156
74157
74159
74160
74161
74164
74165
74166
74170
74195
74196
74197
74198
74199
74200
74206
74207
74208
74211
74212
74218
74220
74222
74225
74230
74232
74241
74247
74250
74254
74255
74257
74259
74261
74262
74263
74265
74268
74269
74272
74273
74276
74281
74283
74284
74287
74292
74298
74300
74301
74304
74309
74313
74315
74316
74317
74318
74320
74321
74323
74325
74327
74328
74329
74334
74335
74338
74340
74345
74346
74349
74353
74358
74359
74362
74363
74366
74369
74374
74377
74378
74384
74386
74390
74391
74395
74396
74397
74400
74403
74404
74409
74420
74421
74423
74429
74436
74438
74439
74443
74447
74448
74456
74460
74461
74465
74473
74476
74477
74478
74479
74483
74485
74487
74492
74493
74504
74507
74510
74514
74521
74522
74524
74526
74531
74533
74534
74535
74540
74543
74545
74552
74553
74554
74556
74557
74558
74559
74560
74561
74562
74564
74565
74566
74568
74572
74573
74575
74576
74577
74580
74585
74586
74588
74593
74597
74602
74604
74606
74608
74609
74614
74616
74617
74628
74631
74633
74634
74636
74637
74638
74639
74653
74654
74655
74661
74663
74664
74670
74674
74675
74679
74683
74684
74694
74696
74698
74700
74710
74713
74714
74716
74717
74721
74727
74728
74733
74738
74748
74749
74756
74762
74763
74765
74767
74769
74772
74773
74776
74778
74783
74785
74786
74788
74790
74793
74797
74801
74805
74807
74812
74813
74814
74817
74820
74821
74823
74826
74828
74832
74833
74834
74838
74843
74844
74848
74849
74853
74854
74856
74860
74861
74865
74866
74872
74877
74880
74884
74888
74898
74911
74913
74916
74917
74918
74923
74926
74929
74933
74935
74938
74939
74942
74946
74948
74956
74958
74959
74964
74965
74967
74971
74974
74976
74984
74985
74988
74995
75002
75003
75005
75006
75007
75009
75015
75016
75018
75020
75022
75024
75026
75027
75028
75038
75039
75043
75044
75045
75048
75049
75050
75051
75057
75058
75059
75065
75066
75077
75080
75084
75085
75087
75091
75092
75096
75098
75109
75112
75113
75115
75116
75121
75137
75153
75159
75162
75163
75166
75169
75170
75171
75174
75178
75179
75181
75183
75186
75189
75192
75193
75194
75195
75197
75200
75210
75216
75217
75222
75225
75228
75232
75251
75263
75266
75273
75276
75285
75286
75293
75299
75302
75304
75305
75315
75316
75321
75322
75324
75325
75326
75330
75342
75349
75353
75361
75364
75368
75372
75373
75374
75378
75379
75382
75392
75394
75397
75398
75405
75410
75412
75413
75422
75434
75442
75444
75445
75446
75449
75453
75454
75455
75458
75460
75464
75465
75467
75468
75471
75480
75483
75485
75486
75488
75490
75492
75496
75499
75500
75504
75511
75517
75518
75521
75526
75528
75529
75532
75534
75535
75539
75542
75545
75546
75549
75552
75553
75555
75556
75557
75558
75562
75563
75569
75575
75581
75584
75586
75587
75589
75590
75591
75598
75599
75600
75609
75620
75623
75626
75632
75634
75635
75647
75649
75651
75653
75654
75657
75659
75660
75671
75672
75676
75677
75678
75681
75682
75685
75690
75693
75698
75701
75703
75704
75707
75711
75713
75715
75718
75719
75725
75726
75730
75737
75740
75741
75747
75756
75758
75763
75767
75768
75770
75771
75773
75779
75780
75783
75784
75787
75788
75789
75790
75791
75792
75795
75803
75804
75807
75808
75809
75815
75816
75821
75822
75825
75828
75829
75830
75834
75835
75843
75847
75856
75857
75862
75863
75865
75872
75875
75877
75879
75882
75886
75893
75895
75897
75901
75903
75908
75912
75914
75921
75922
75929
75930
75933
75934
75940
75946
75948
75949
75953
75954
75958
75959
75966
75967
75968
75969
75972
75978
75982
75988
75993
75996
75998
76002
76003
76004
76009
76010
76013
76014
76015
76017
76024
76027
76029
76030
76032
76033
76035
76037
76038
76043
76045
76046
76051
76058
76060
76063
76071
76074
76075
76082
76086
76087
76091
76092
76095
76098
76101
76102
76109
76113
76114
76117
76124
76129
76137
76139
76141
76142
76148
76149
76150
76155
76157
76159
76160
76164
76166
76168
76172
76175
76192
76194
76196
76197
76202
76207
76209
76215
76216
76218
76219
76221
76223
76228
76229
76234
76238
76247
76254
76263
76264
76266
76271
76273
76274
76282
76284
76288
76290
76293
76296
76302
76303
76307
76310
76314
76315
76322
76324
76326
76329
76334
76343
76344
76350
76352
76360
76363
76364
76371
76374
76379
76381
76384
76389
76390
76393
76394
76395
76397
76400
76404
76411
76415
76416
76417
76418
76424
76425
76436
76442
76443
76445
76448
76452
76453
76454
76463
76473
76475
76476
76478
76490
76491
76497
76499
76508
76509
76511
76518
76519
76528
76529
76533
76535
76538
76548
76550
76551
76555
76556
76559
76562
76563
76567
76570
76571
76572
76578
76579
76584
76586
76592
76593
76596
76598
76602
76614
76617
76624
76627
76640
76641
76648
76649
76658
76660
76669
76672
76674
76675
76678
76679
76684
76694
76699
76700
76701
76704
76708
76710
76714
76715
76718
76722
76726
76728
76732
76733
76734
76737
76738
76739
76746
76748
76750
76751
76759
76760
76767
76770
76773
76774
76779
76788
76792
76795
76796
76803
76809
76813
76819
76828
76830
76833
76835
76836
76838
76839
76840
76846
76847
76848
76852
76855
76857
76860
76861
76864
76869
76873
76878
76883
76885
76886
76889
76896
76899
76900
76902
76906
76909
76915
76917
76919
76922
76924
76931
76939
76944
76946
76955
76960
76962
76963
76964
76967
76969
76970
76972
76977
76978
76979
76980
76981
76984
76986
76987
76989
76994
76996
77006
77008
77011
77013
77024
77025
77026
77027
77034
77042
77043
77047
77049
77050
77052
77053
77054
77060
77061
77067
77071
77072
77073
77074
77076
77078
77081
77083
77085
77088
77089
77090
77091
77093
77098
77100
77102
77108
77112
77119
77121
77132
77136
77137
77139
77140
77143
77157
77161
77163
77167
77172
77174
77175
77176
77177
77182
77184
77186
77191
77195
77196
77197
77204
77206
77210
77212
77214
77217
77218
77223
77228
77230
77231
77233
77234
77236
77237
77239
77242
77245
77248
77249
77251
77254
77256
77261
77264
77267
77270
77271
77273
77276
77278
77293
77297
77303
77307
77308
77311
77313
77315
77318
77319
77321
77322
77323
77324
77330
77336
77340
77344
77345
77348
77351
77352
77359
77363
77364
77367
77370
77371
77375
77381
77388
77390
77399
77402
77403
77406
77411
77413
77418
77423
77424
77427
77428
77429
77433
77434
77435
77436
77439
77449
77458
77464
77468
77476
77481
77484
77487
77494
77495
77496
77500
77501
77503
77513
77514
77516
77521
77522
77526
77530
77531
77532
77535
77536
77537
77538
77539
77543
77545
77547
77548
77554
77556
77557
77563
77564
77566
77567
77568
77570
77572
77577
77582
77585
77589
77592
77593
77594
77601
77602
77609
77611
77614
77615
77620
77621
77622
77626
77633
77638
77651
77652
77653
77654
77660
77661
77665
77669
77671
77672
77677
77678
77679
77681
77685
77687
77689
77690
77691
77692
77695
77698
77700
77708
77712
77714
77715
77719
77720
77721
77725
77726
77727
77728
77729
77731
77732
77737
77738
77740
77745
77748
77749
77750
77751
77759
77762
77763
77764
77768
77773
77778
77781
77782
77783
77789
77790
77791
77794
77800
77801
77802
77803
77806
77809
77810
77812
77813
77819
77823
77825
77835
77837
77839
77841
77842
77845
77846
77848
77850
77851
77852
77854
77856
77858
77861
77864
77866
77868
77872
77874
77876
77879
77881
77882
77883
77884
77885
77889
77893
77903
77905
77916
77918
77921
77923
77924
77929
77930
77931
77933
77934
77937
77938
77941
77947
77951
77955
77960
77967
77970
77973
77979
77982
77984
77987
77989
77990
77992
77994
77996
77998
78006
78008
78010
78015
78017
78023
78028
78029
78030
78031
78032
78034
78039
78041
78042
78044
78045
78047
78050
78065
78072
78073
78075
78076
78077
78078
78079
78081
78085
78086
78088
78089
78091
78095
78098
78101
78105
78106
78115
78118
78120
78121
78127
78128
78132
78133
78135
78136
78137
78140
78141
78145
78146
78147
78150
78157
78159
78164
78166
78169
78172
78173
78175
78178
78186
78194
78198
78200
78201
78202
78203
78208
78212
78216
78218
78220
78222
78227
78228
78229
78231
78232
78233
78234
78236
78237
78239
78249
78250
78254
78255
78256
78257
78262
78264
78265
78268
78272
78276
78279
78281
78283
78284
78294
78296
78300
78301
78302
78305
78314
78315
78316
78327
78328
78332
78333
78340
78342
78344
78345
78351
78358
78360
78362
78365
78369
78371
78372
78374
78376
78377
78380
78381
78385
78390
78392
78395
78399
78402
78410
78412
78414
78418
78419
78421
78426
78432
78436
78438
78439
78440
78444
78454
78455
78456
78457
78458
78466
78468
78471
78473
78474
78476
78478
78479
78482
78486
78489
78493
78498
78500
78502
78503
78507
78509
78515
78519
78521
78523
78525
78531
78533
78534
78536
78541
78543
78544
78546
78549
78562
78573
78575
78576
78578
78580
78583
78585
78592
78594
78595
78601
78603
78604
78611
78616
78618
78620
78622
78623
78625
78628
78630
78631
78635
78643
78644
78646
78647
78648
78656
78661
78668
78674
78683
78693
78696
78699
78700
78702
78708
78709
78710
78713
78716
78717
78722
78730
78732
78733
78737
78738
78739
78741
78742
78749
78751
78756
78759
78760
78761
78762
78763
78765
78771
78773
78778
78783
78786
78790
78792
78798
78799
78801
78804
78809
78813
78814
78818
78821
78822
78828
78832
78833
78837
78840
78845
78849
78852
78854
78857
78859
78867
78870
78873
78876
78878
78882
78890
78895
78896
78898
78905
78908
78909
78914
78919
78923
78928
78930
78934
78939
78941
78943
78948
78951
78952
78960
78965
78966
78968
78969
78971
78992
78994
78997
78998
78999
79000
79006
79007
79009
79016
79017
79018
79019
79020
79021
79023
79025
79027
79029
79033
79037
79038
79051
79055
79058
79059
79062
79068
79070
79074
79075
79083
79084
79085
79087
79091
79093
79094
79095
79098
79100
79101
79107
79118
79120
79123
79125
79126
79136
79142
79153
79158
79159
79161
79164
79168
79169
79170
79172
79174
79181
79182
79189
79198
79199
79200
79201
79202
79208
79211
79213
79214
79219
79220
79223
79229
79232
79233
79238
79242
79250
79251
79254
79257
79258
79260
79269
79274
79275
79276
79277
79278
79279
79282
79288
79289
79293
79294
79297
79302
79303
79305
79307
79309
79311
79312
79317
79318
79319
79323
79324
79325
79330
79332
79334
79342
79346
79347
79351
79353
79354
79356
79357
79365
79367
79370
79373
79384
79386
79394
79395
79403
79405
79408
79412
79426
79430
79432
79435
79441
79444
79445
79447
79451
79452
79455
79461
79462
79464
79466
79471
79472
79473
79477
79478
79481
79484
79489
79491
79495
79496
79497
79499
79500
79501
79503
79506
79516
79518
79519
79526
79529
79533
79535
79539
79540
79542
79543
79554
79555
79558
79560
79566
79567
79570
79571
79572
79573
79575
79576
79582
79586
79587
79591
79607
79613
79623
79633
79636
79640
79643
79645
79646
79647
79650
79651
79652
79660
79662
79663
79664
79668
79679
79683
79686
79688
79689
79690
79691
79696
79697
79700
79713
79716
79718
79722
79725
79728
79735
79736
79737
79739
79740
79741
79743
79744
79746
79751
79752
79756
79759
79764
79769
79770
79775
79777
79778
79782
79789
79793
79799
79803
79811
79813
79825
79830
79831
79832
79836
79840
79842
79847
79850
79854
79856
79859
79860
79861
79863
79865
79867
79870
79872
79874
79875
79876
79877
79879
79880
79886
79887
79890
79892
79893
79895
79896
79897
79898
79900
79902
79903
79907
79910
79917
79921
79923
79927
79928
79929
79931
79935
79939
79941
79946
79951
79952
79954
79955
79958
79959
79960
79961
79964
79966
79967
79971
79972
79973
79974
79979
79980
79983
79984
79986
79989
79992
79993
79996
79997
79998
80002
80004
80005
80007
80008
80010
80013
80014
80018
80023
80024
80026
80028
80029
80035
80039
80046
80049
80050
80051
80053
80054
80055
80056
80062
80063
80064
80071
80073
80076
80079
80081
80083
80084
80085
80088
80091
80092
80093
80097
80099
80100
80102
80106
80109
80112
80113
80119
80124
80125
80134
80137
80139
80140
80141
80143
80144
80147
80151
80157
80158
80159
80160
80161
80164
80174
80176
80179
80180
80182
80193
80198
80201
80202
80205
80206
80210
80212
80214
80216
80220
80221
80222
80224
80225
80226
80248
80250
80258
80261
80262
80264
80267
80268
80269
80273
80278
80279
80285
80298
80299
80300
80305
80308
80312
80321
80323
80325
80326
80331
80332
80339
80344
80346
80348
80355
80360
80361
80363
80373
80377
80381
80383
80384
80388
80391
80394
80395
80396
80398
80399
80407
80409
80411
80414
80415
80417
80419
80420
80422
80423
80424
80425
80427
80428
80429
80432
80434
80435
80437
80438
80440
80441
80442
80443
80448
80450
80451
80453
80454
80457
80460
80463
80464
80465
80467
80468
80469
80470
80472
80473
80474
80476
80479
80480
80485
80488
80489
80495
80502
80505
80510
80511
80512
80521
80522
80523
80524
80525
80527
80528
80530
80534
80535
80536
80537
80539
80541
80544
80545
80546
80547
80548
80552
80554
80556
80559
80564
80565
80570
80571
80573
80576
80577
80578
80579
80581
80585
80587
80588
80589
80592
80595
80596
80597
80599
80603
80604
80605
80606
80607
80609
80618
80624
80626
80627
80629
80630
80631
80632
80633
80638
80640
80643
80644
80647
80649
80652
80653
80654
80657
80661
80662
80665
80666
80667
80669
80675
80678
80680
80683
80684
80690
80694
80701
80704
80706
80708
80712
80716
80717
80719
80722
80724
80729
80731
80744
80747
80749
80752
80753
80756
80760
80762
80764
80765
80767
80770
80773
80775
80778
80779
80785
80791
80792
80793
80796
80797
80801
80802
80805
80810
80816
80817
80820
80824
80828
80835
80837
80839
80842
80843
80848
80849
80854
80857
80861
80862
80865
80872
80874
80877
80887
80888
80889
80893
80896
80899
80905
80908
80911
80913
80914
80916
80917
80925
80931
80932
80937
80938
80940
80942
80945
80947
80952
80954
80959
80961
80962
80964
80966
80968
80970
80972
80973
80974
80975
80976
80978
80981
80983
80988
80991
80993
80996
81002
81006
81007
81011
81015
81017
81022
81023
81024
81025
81027
81035
81036
81037
81044
81045
81046
81047
81048
81049
81051
81052
81057
81060
81061
81065
81066
81070
81077
81078
81081
81082
81083
81084
81094
81098
81099
81100
81103
81106
81108
81109
81110
81113
81114
81117
81126
81129
81130
81132
81133
81135
81143
81146
81148
81150
81151
81154
81155
81156
81159
81165
81167
81168
81170
81172
81176
81177
81182
81183
81186
81187
81188
81192
81194
81195
81197
81198
81203
81204
81207
81208
81213
81217
81223
81229
81231
81233
81236
81237
81238
81240
81243
81244
81246
81248
81258
81260
81261
81269
81270
81283
81285
81286
81288
81289
81291
81298
81299
81303
81306
81308
81311
81312
81327
81342
81348
81349
81351
81356
81365
81370
81373
81374
81375
81379
81380
81383
81388
81391
81401
81402
81409
81410
81414
81417
81420
81426
81428
81429
81431
81435
81440
81441
81442
81444
81446
81454
81456
81458
81461
81465
81468
81469
81473
81474
81475
81476
81477
81480
81481
81485
81486
81487
81488
81489
81491
81494
81504
81509
81511
81517
81518
81521
81524
81529
81530
81532
81538
81539
81541
81544
81545
81547
81553
81558
81563
81564
81570
81571
81574
81576
81577
81578
81579
81581
81582
81585
81586
81590
81594
81600
81601
81603
81609
81612
81616
81619
81621
81622
81627
81628
81630
81631
81638
81640
81641
81645
81646
81649
81651
81654
81655
81656
81658
81660
81662
81665
81668
81675
81677
81679
81681
81686
81690
81696
81697
81698
81700
81701
81702
81704
81709
81710
81714
81716
81718
81719
81729
81731
81735
81737
81740
81742
81747
81748
81751
81752
81753
81755
81756
81757
81760
81761
81766
81767
81768
81771
81773
81774
81775
81782
81783
81785
81787
81788
81792
81794
81801
81807
81808
81809
81811
81812
81814
81817
81820
81824
81828
81829
81830
81831
81833
81836
81839
81843
81844
81846
81849
81856
81861
81864
81865
81867
81870
81872
81879
81881
81882
81885
81887
81890
81895
81896
81898
81902
81917
81925
81927
81929
81931
81932
81937
81938
81941
81942
81943
81946
81948
81951
81953
81956
81964
81966
81969
81972
81973
81975
81976
81977
81980
81982
81983
81984
81985
81991
81992
81997
82001
82002
82004
82005
82007
82011
82012
82015
82019
82028
82029
82035
82037
82044
82049
82052
82060
82064
82065
82067
82076
82077
82085
82087
82088
82094
82096
82097
82098
82099
82102
82103
82110
82112
82119
82121
82124
82125
82126
82127
82129
82137
82138
82145
82147
82148
82152
82153
82159
82166
82170
82173
82177
82181
82184
82186
82189
82196
82197
82199
82200
82202
82205
82208
82209
82211
82212
82216
82217
82224
82226
82229
82233
82240
82242
82244
82246
82250
82252
82253
82257
82258
82260
82263
82265
82270
82272
82273
82279
82282
82288
82291
82292
82300
82303
82304
82306
82307
82308
82311
82313
82315
82317
82318
82322
82327
82328
82330
82339
82340
82341
82342
82346
82348
82351
82358
82359
82366
82370
82371
82372
82374
82375
82376
82379
82381
82384
82385
82388
82391
82392
82395
82396
82398
82399
82403
82407
82408
82410
82414
82415
82417
82419
82429
82432
82434
82437
82441
82442
82444
82450
82451
82455
82457
82458
82461
82462
82463
82464
82471
82472
82474
82476
82477
82482
82488
82489
82492
82494
82497
82499
82500
82501
82504
82505
82509
82512
82514
82515
82516
82522
82525
82528
82529
82535
82536
82537
82538
82541
82542
82543
82545
82549
82552
82555
82558
82559
82561
82563
82569
82573
82581
82583
82586
82587
82594
82595
82596
82601
82608
82609
82612
82617
82622
82624
82626
82628
82630
82632
82643
82646
82649
82652
82653
82654
82655
82658
82661
82662
82664
82667
82674
82676
82678
82679
82680
82681
82683
82684
82685
82688
82694
82695
82702
82705
82709
82711
82716
82717
82718
82719
82720
82724
82726
82730
82733
82735
82738
82741
82744
82746
82750
82755
82757
82762
82763
82766
82768
82771
82773
82774
82775
82776
82781
82783
82784
82786
82788
82790
82791
82796
82800
82802
82807
82810
82811
82812
82813
82816
82818
82824
82825
82827
82831
82837
82842
82846
82847
82848
82851
82853
82855
82860
82864
82866
82869
82874
82876
82877
82882
82883
82884
82887
82890
82894
82897
82900
82907
82909
82911
82918
82919
82921
82923
82931
82940
82941
82946
82949
82950
82951
82953
82958
82961
82965
82968
82973
82975
82977
82978
82980
82981
82983
82984
82989
82992
82994
83000
83001
83004
83007
83010
83018
83024
83026
83028
83029
83034
83038
83052
83053
83054
83055
83059
83061
83073
83075
83076
83079
83083
83085
83088
83089
83093
83098
83101
83102
83105
83111
83114
83115
83123
83128
83131
83136
83139
83140
83143
83145
83146
83148
83152
83153
83154
83156
83163
83173
83174
83175
83177
83180
83181
83184
83186
83187
83188
83189
83191
83193
83195
83196
83199
83204
83210
83213
83215
83218
83224
83227
83232
83233
83236
83238
83239
83241
83242
83243
83244
83246
83247
83251
83253
83255
83258
83261
83264
83265
83267
83268
83269
83270
83272
83274
83276
83279
83282
83283
83288
83291
83292
83294
83295
83296
83300
83301
83304
83305
83307
83311
83312
83314
83315
83316
83320
83324
83327
83330
83331
83333
83334
83335
83339
83343
83348
83353
83355
83357
83362
83364
83366
83367
83371
83372
83373
83374
83377
83383
83386
83388
83391
83398
83401
83403
83408
83414
83415
83420
83421
83423
83424
83427
83432
83433
83434
83441
83442
83443
83446
83451
83453
83459
83460
83467
83472
83473
83474
83475
83480
83485
83499
83501
83502
83505
83508
83510
83511
83512
83521
83532
83534
83535
83539
83542
83546
83550
83551
83555
83557
83559
83564
83566
83569
83574
83575
83577
83579
83581
83584
83585
83586
83588
83591
83594
83601
83609
83611
83612
83615
83624
83625
83627
83628
83629
83631
83634
83637
83640
83644
83647
83651
83653
83660
83667
83669
83670
83673
83674
83679
83680
83682
83683
83687
83688
83689
83693
83694
83695
83697
83701
83703
83704
83708
83715
83716
83721
83722
83723
83726
83727
83731
83735
83739
83741
83742
83745
83748
83758
83759
83760
83761
83766
83778
83779
83783
83784
83786
83788
83790
83791
83793
83794
83797
83799
83808
83810
83811
83812
83813
83817
83818
83819
83821
83824
83827
83828
83829
83831
83835
83837
83838
83847
83851
83858
83862
83864
83873
83877
83878
83879
83880
83884
83887
83888
83892
83894
83896
83902
83906
83911
83914
83916
83919
83924
83926
83927
83929
83932
83941
83942
83944
83947
83949
83950
83951
83955
83958
83959
83961
83963
83972
83975
83978
83979
83981
83983
83984
83992
83998
84000
84002
84008
84010
84012
84015
84020
84021
84022
84023
84024
84026
84028
84029
84033
84037
84049
84052
84054
84058
84060
84062
84063
84068
84069
84072
84081
84082
84083
84087
84088
84092
84097
84101
84102
84104
84107
84109
84115
84118
84119
84122
84123
84124
84126
84128
84129
84131
84132
84133
84137
84140
84148
84152
84153
84158
84161
84162
84166
84168
84170
84174
84176
84179
84184
84185
84191
84192
84193
84194
84198
84202
84205
84211
84212
84213
84214
84215
84217
84224
84226
84228
84231
84240
84249
84252
84253
84257
84259
84262
84263
84264
84267
84271
84275
84276
84286
84291
84293
84299
84305
84307
84308
84310
84311
84313
84316
84318
84319
84322
84325
84326
84328
84329
84331
84333
84336
84339
84341
84345
84348
84351
84357
84359
84364
84367
84368
84369
84370
84372
84373
84374
84378
84392
84399
84402
84403
84407
84409
84410
84413
84415
84417
84418
84426
84433
84435
84439
84440
84444
84449
84450
84451
84459
84471
84476
84478
84482
84483
84491
84492
84493
84496
84498
84499
84505
84510
84512
84516
84518
84521
84522
84525
84526
84528
84532
84541
84542
84544
84547
84552
84565
84569
84570
84582
84583
84585
84586
84592
84595
84600
84606
84614
84615
84619
84623
84627
84628
84633
84634
84638
84645
84646
84647
84651
84653
84655
84659
84670
84673
84690
84691
84702
84708
84709
84712
84734
84735
84736
84741
84743
84744
84745
84747
84748
84749
84751
84752
84753
84754
84756
84759
84761
84769
84771
84773
84777
84780
84781
84789
84790
84796
84797
84798
84802
84803
84804
84806
84810
84823
84825
84827
84828
84829
84836
84839
84844
84845
84847
84849
84853
84856
84861
84869
84870
84871
84873
84877
84883
84887
84895
84896
84899
84901
84908
84910
84913
84915
84918
84919
84920
84921
84933
84938
84941
84945
84946
84949
84951
84954
84956
84960
84963
84965
84966
84972
84977
84978
84980
84981
84982
84985
84988
84995
84996
85002
85005
85006
85010
85013
85014
85016
85017
85018
85019
85022
85026
85029
85032
85034
85036
85037
85044
85045
85049
85051
85056
85064
85068
85069
85070
85075
85079
85082
85086
85090
85091
85094
85098
85099
85101
85106
85113
85115
85118
85120
85123
85125
85133
85134
85142
85149
85151
85159
85170
85173
85185
85187
85189
85192
85195
85205
85206
85207
85209
85215
85216
85217
85222
85223
85224
85227
85228
85231
85232
85236
85239
85241
85245
85247
85249
85257
85258
85282
85289
85293
85295
85296
85307
85308
85309
85311
85312
85314
85319
85323
85327
85328
85333
85344
85345
85346
85351
85355
85356
85363
85365
85366
85370
85375
85378
85381
85385
85387
85388
85393
85394
85397
85398
85399
85409
85410
85413
85417
85418
85421
85434
85439
85444
85451
85452
85454
85455
85460
85463
85464
85466
85470
85479
85486
85489
85490
85493
85499
85501
85504
85509
85513
85514
85521
85522
85524
85526
85529
85532
85533
85534
85535
85536
85541
85545
85549
85550
85556
85558
85560
85563
85566
85568
85569
85570
85571
85572
85574
85577
85580
85582
85585
85587
85589
85597
85598
85601
85602
85603
85606
85607
85613
85615
85619
85624
85628
85633
85646
85647
85652
85658
85665
85666
85672
85680
85684
85685
85689
85692
85696
85701
85706
85707
85709
85720
85724
85727
85728
85731
85732
85735
85740
85741
85742
85744
85745
85751
85753
85763
85770
85771
85773
85774
85775
85779
85785
85787
85799
85802
85809
85816
85821
85824
85828
85830
85837
85838
85842
85847
85849
85850
85851
85854
85858
85859
85861
85864
85873
85879
85880
85884
85888
85893
85895
85897
85898
85900
85903
85905
85908
85913
85915
85919
85922
85927
85928
85929
85933
85934
85935
85939
85940
85943
85944
85946
85958
85959
85961
85962
85965
85966
85973
85974
85977
85981
85984
85986
85988
85989
85990
85992
85994
85996
85997
86002
86010
86011
86012
86014
86016
86017
86018
86023
86024
86026
86035
86036
86043
86045
86046
86048
86053
86055
86057
86058
86063
86065
86079
86082
86084
86088
86093
86096
86102
86106
86107
86108
86111
86115
86117
86118
86122
86130
86135
86146
86150
86151
86154
86156
86158
86162
86178
86179
86186
86191
86192
86198
86200
86201
86203
86206
86222
86227
86228
86231
86236
86244
86265
86268
86273
86275
86277
86279
86288
86290
86291
86292
86293
86295
86297
86298
86308
86311
86313
86318
86322
86323
86327
86328
86331
86334
86336
86337
86343
86350
86361
86362
86366
86368
86369
86370
86373
86376
86380
86382
86383
86387
86388
86392
86396
86402
86404
86405
86406
86407
86409
86410
86412
86413
86416
86420
86421
86422
86423
86425
86437
86438
86441
86442
86447
86448
86451
86453
86455
86456
86458
86460
86461
86464
86465
86467
86470
86471
86473
86475
86478
86481
86484
86485
86487
86488
86489
86490
86493
86498
86499
86500
86501
86503
86505
86507
86509
86518
86523
86527
86530
86542
86545
86552
86561
86562
86564
86569
86571
86573
86577
86579
86581
86582
86583
86584
86587
86596
86599
86603
86607
86610
86613
86617
86618
86620
86621
86626
86627
86631
86633
86634
86636
86638
86645
86649
86650
86651
86658
86659
86660
86661
86666
86667
86671
86672
86674
86675
86679
86682
86684
86685
86686
86688
86690
86691
86696
86698
86699
86700
86702
86707
86710
86712
86720
86723
86724
86728
86744
86746
86748
86750
86753
86755
86759
86767
86771
86772
86774
86776
86779
86786
86791
86801
86804
86805
86806
86809
86812
86815
86816
86818
86819
86824
86827
86832
86838
86844
86845
86846
86849
86853
86857
86858
86859
86864
86867
86868
86873
86874
86877
86878
86879
86880
86884
86885
86886
86890
86893
86895
86897
86898
86899
86901
86903
86904
86905
86910
86911
86916
86918
86919
86926
86928
86930
86935
86941
86945
86946
86953
86954
86955
86958
86964
86978
86982
86983
86984
86986
86989
86990
86991
86993
86994
86998
87004
87006
87009
87010
87011
87015
87018
87021
87022
87030
87031
87036
87037
87039
87040
87042
87043
87046
87048
87049
87055
87056
87058
87060
87069
87075
87079
87082
87084
87086
87087
87089
87090
87091
87093
87094
87099
87103
87104
87106
87112
87113
87115
87129
87138
87139
87143
87144
87149
87154
87155
87161
87165
87166
87170
87172
87174
87178
87182
87184
87185
87189
87191
87195
87199
87201
87202
87204
87213
87215
87218
87219
87221
87222
87224
87225
87229
87230
87234
87235
87237
87238
87242
87250
87254
87258
87259
87260
87261
87265
87267
87269
87270
87274
87282
87285
87288
87290
87291
87298
87307
87310
87313
87314
87316
87317
87319
87322
87326
87328
87331
87332
87335
87338
87339
87346
87356
87358
87361
87362
87364
87365
87367
87368
87375
87377
87381
87383
87384
87388
87393
87395
87398
87399
87402
87404
87407
87409
87411
87415
87416
87418
87421
87424
87433
87436
87437
87439
87441
87443
87444
87447
87453
87455
87458
87460
87461
87462
87463
87466
87467
87468
87472
87473
87478
87480
87483
87486
87494
87497
87499
87501
87512
87516
87518
87519
87521
87522
87524
87525
87527
87533
87534
87538
87539
87542
87543
87545
87547
87548
87549
87551
87560
87562
87568
87571
87572
87574
87575
87579
87580
87582
87584
87585
87589
87591
87592
87596
87597
87599
87602
87606
87611
87614
87625
87631
87635
87641
87644
87645
87646
87648
87651
87654
87655
87658
87659
87660
87663
87673
87676
87677
87683
87686
87688
87690
87693
87699
87700
87707
87711
87717
87719
87722
87723
87727
87728
87729
87738
87746
87747
87748
87753
87756
87757
87759
87760
87763
87766
87768
87775
87776
87786
87787
87788
87792
87794
87796
87807
87809
87811
87821
87824
87825
87831
87833
87834
87836
87839
87844
87848
87852
87853
87856
87857
87860
87862
87865
87867
87874
87875
87878
87883
87884
87887
87892
87896
87905
87907
87909
87911
87912
87915
87919
87925
87927
87930
87931
87934
87937
87943
87948
87950
87951
87958
87974
87975
87976
87978
87984
87994
87997
88003
88007
88015
88025
88026
88029
88034
88035
88038
88041
88053
88062
88065
88071
88072
88075
88081
88084
88088
88091
88098
88099
88103
88104
88108
88109
88114
88118
88119
88120
88124
88129
88133
88143
88150
88151
88160
88164
88166
88171
88175
88176
88179
88184
88186
88188
88190
88191
88193
88196
88197
88203
88204
88206
88210
88214
88215
88218
88221
88231
88235
88236
88239
88240
88242
88252
88253
88256
88257
88260
88267
88270
88273
88274
88277
88282
88285
88288
88292
88293
88294
88299
88300
88302
88304
88307
88311
88312
88313
88317
88319
88321
88322
88324
88326
88329
88339
88341
88345
88346
88348
88350
88355
88356
88357
88358
88362
88363
88366
88368
88372
88373
88378
88381
88383
88384
88385
88386
88387
88389
88393
88394
88396
88404
88421
88422
88426
88427
88429
88432
88433
88444
88449
88458
88459
88460
88461
88463
88465
88466
88467
88468
88469
88470
88473
88475
88476
88477
88478
88483
88484
88492
88493
88494
88502
88506
88507
88508
88509
88511
88515
88522
88525
88528
88532
88533
88534
88535
88542
88543
88547
88551
88562
88563
88566
88567
88568
88570
88574
88578
88582
88585
88592
88597
88601
88608
88611
88613
88617
88619
88620
88626
88629
88631
88635
88636
88640
88645
88647
88651
88653
88654
88655
88659
88660
88665
88667
88671
88673
88675
88676
88678
88682
88691
88692
88694
88696
88707
88710
88711
88716
88719
88727
88729
88739
88740
88743
88750
88753
88766
88775
88776
88784
88790
88796
88806
88807
88808
88809
88816
88819
88821
88830
88831
88838
88842
88843
88847
88849
88858
88860
88861
88869
88870
88882
88886
88888
88893
88895
88899
88902
88905
88906
88907
88908
88912
88914
88915
88917
88918
88919
88925
88926
88927
88928
88936
88945
88946
88957
88958
88960
88965
88969
88971
88973
88974
88978
88981
88982
88983
88988
88990
88991
88992
88995
89003
89004
89007
89011
89012
89013
89016
89017
89018
89020
89024
89029
89030
89031
89035
89036
89042
89043
89060
89062
89063
89065
89071
89078
89080
89084
89092
89093
89094
89099
89100
89108
89110
89113
89114
89118
89120
89127
89132
89134
89143
89146
89147
89152
89153
89154
89155
89158
89160
89163
89165
89168
89171
89175
89177
89179
89180
89181
89182
89186
89194
89195
89199
89200
89206
89208
89211
89213
89218
89221
89225
89232
89235
89236
89237
89239
89240
89242
89246
89258
89263
89266
89269
89271
89275
89277
89280
89283
89284
89286
89290
89302
89306
89308
89312
89314
89317
89320
89321
89324
89328
89330
89331
89333
89335
89338
89339
89343
89344
89346
89361
89366
89373
89376
89379
89380
89383
89386
89392
89394
89395
89398
89401
89402
89404
89406
89407
89409
89411
89415
89417
89420
89422
89423
89425
89427
89428
89431
89433
89436
89440
89444
89460
89467
89468
89469
89471
89472
89473
89478
89483
89490
89494
89496
89498
89500
89504
89505
89509
89512
89517
89521
89524
89526
89527
89529
89531
89533
89534
89535
89537
89550
89552
89557
89561
89571
89573
89576
89579
89582
89585
89588
89591
89593
89595
89600
89603
89604
89605
89607
89609
89610
89614
89615
89617
89622
89624
89638
89645
89647
89653
89661
89662
89663
89665
89666
89675
89676
89679
89680
89684
89685
89690
89692
89693
89695
89698
89702
89703
89706
89710
89712
89713
89714
89715
89716
89718
89735
89739
89740
89741
89742
89743
89744
89746
89749
89752
89756
89762
89764
89766
89769
89770
89777
89778
89781
89789
89798
89799
89800
89804
89808
89813
89814
89817
89819
89822
89824
89827
89832
89834
89839
89840
89846
89847
89851
89852
89857
89862
89864
89865
89866
89867
89869
89871
89877
89880
89881
89882
89888
89890
89891
89894
89897
89898
89901
89903
89907
89909
89911
89914
89915
89919
89922
89923
89924
89926
89927
89930
89932
89933
89940
89942
89949
89958
89960
89961
89963
89967
89969
89972
89974
89975
89976
89982
89985
89986
89989
89991
89992
89998
90004
90010
90011
90016
90017
90018
90019
90022
90023
90024
90027
90029
90037
90040
90041
90048
90049
90054
90055
90056
90058
90061
90063
90065
90066
90067
90068
90069
90070
90072
90075
90081
90084
90085
90088
90089
90097
90100
90102
90107
90108
90114
90115
90117
90118
90122
90123
90125
90126
90130
90131
90135
90136
90138
90139
90142
90143
90144
90147
90152
90153
90154
90157
90164
90167
90168
90176
90177
90179
90180
90182
90183
90184
90186
90187
90189
90194
90196
90199
90200
90203
90204
90205
90206
90212
90213
90217
90218
90221
90224
90227
90232
90233
90234
90236
90245
90250
90253
90256
90257
90268
90269
90273
90278
90279
90280
90282
90290
90291
90303
90304
90308
90311
90313
90314
90323
90325
90328
90331
90332
90339
90341
90344
90347
90348
90350
90352
90353
90355
90361
90364
90365
90367
90368
90369
90375
90388
90391
90393
90399
90400
90401
90402
90403
90404
90408
90411
90418
90419
90422
90424
90436
90440
90442
90445
90450
90455
90458
90462
90465
90471
90472
90473
90474
90477
90481
90482
90484
90485
90487
90491
90493
90495
90498
90501
90502
90504
90508
90509
90513
90518
90522
90523
90526
90527
90529
90530
90531
90533
90534
90536
90537
90543
90544
90547
90548
90549
90552
90554
90555
90556
90559
90560
90562
90563
90566
90569
90570
90571
90572
90574
90575
90576
90580
90583
90587
90589
90591
90592
90595
90597
90599
90602
90604
90610
90616
90620
90621
90624
90625
90629
90630
90634
90635
90637
90641
90649
90652
90653
90658
90659
90660
90662
90666
90668
90670
90676
90679
90680
90681
90682
90683
90685
90692
90694
90695
90699
90704
90707
90708
90710
90711
90714
90716
90717
90718
90721
90724
90726
90730
90732
90733
90735
90736
90737
90740
90741
90742
90743
90744
90746
90749
90750
90751
90753
90756
90757
90759
90762
90766
90767
90769
90771
90774
90776
90777
90779
90781
90786
90788
90791
90792
90795
90796
90797
90798
90799
90810
90815
90818
90822
90823
90825
90832
90834
90836
90840
90841
90842
90850
90854
90856
90858
90859
90869
90870
90872
90877
90878
90882
90885
90887
90888
90889
90890
90899
90900
90901
90903
90905
90906
90911
90914
90916
90923
90925
90927
90928
90932
90936
90942
90943
90945
90950
90953
90961
90965
90966
90981
90983
90984
90988
90989
90994
91000
91001
91007
91008
91012
91015
91017
91018
91022
91023
91031
91032
91034
91038
91039
91040
91041
91042
91044
91046
91047
91049
91050
91053
91056
91058
91060
91062
91064
91065
91066
91073
91074
91075
91077
91079
91081
91084
91086
91088
91089
91090
91092
91093
91094
91095
91097
91102
91104
91106
91109
91110
91111
91113
91114
91115
91118
91119
91121
91126
91127
91132
91134
91135
91137
91140
91141
91142
91144
91148
91149
91151
91154
91155
91157
91158
91159
91160
91161
91165
91166
91167
91169
91170
91171
91174
91175
91177
91182
91185
91186
91188
91191
91193
91195
91196
91198
91199
91200
91202
91203
91205
91207
91208
91217
91218
91223
91225
91229
91230
91233
91235
91237
91240
91245
91246
91247
91248
91249
91252
91253
91255
91257
91259
91260
91262
91263
91265
91271
91277
91278
91279
91285
91287
91288
91295
91296
91299
91302
91306
91307
91310
91315
91316
91319
91320
91322
91323
91324
91326
91327
91330
91335
91339
91340
91346
91348
91352
91355
91358
91366
91367
91368
91369
91373
91374
91387
91395
91396
91398
91400
91401
91404
91405
91406
91408
91409
91410
91412
91417
91418
91419
91420
91422
91431
91432
91438
91440
91441
91442
91444
91445
91446
91452
91453
91454
91455
91462
91464
91475
91479
91481
91482
91487
91492
91495
91498
91501
91512
91513
91514
91515
91517
91521
91528
91530
91533
91539
91540
91542
91545
91547
91549
91554
91555
91560
91562
91565
91566
91570
91571
91572
91573
