323	29	1	0
505	29	1	0
382	36	1	0
30	37	1	0
352	37	1	0
16	39	1	0
132	39	1	0
176	60	1	0
250	146	1	0
321	146	1	0
231	169	1	0
236	169	1	0
265	169	1	0
326	169	1	0
466	169	1	0
505	169	1	0
191	204	1	0
452	204	1	0
534	204	1	0
326	242	1	0
352	242	1	0
358	242	1	0
534	242	1	0
60	246	1	0
282	246	1	0
358	246	1	0
227	292	1	0
382	292	1	0
257	311	1	0
100	315	1	0
264	315	1	0
282	315	1	0
358	315	1	0
263	360	1	0
282	360	1	0
358	360	1	0
534	360	1	0
103	449	1	0
137	449	1	0
244	449	1	0
396	449	1	0
133	451	1	0
217	451	1	0
264	451	1	0
396	451	1	0
556	451	1	0
101	468	1	0
203	468	1	0
257	468	1	0
295	468	1	0
434	468	1	0
543	468	1	0
543	489	1	0
253	496	1	0
258	496	1	0
305	496	1	0
447	496	1	0
475	496	1	0
496	496	1	0
525	496	1	0
530	496	1	0
552	496	1	0
197	515	1	0
235	515	1	0
321	515	1	0
190	559	1	0
394	559	1	0
513	559	1	0
273	632	1	0
397	632	1	0
411	632	1	0
496	640	1	0
559	640	1	0
521	664	1	0
546	664	1	0
321	667	1	0
203	692	1	0
321	692	1	0
394	692	1	0
490	692	1	0
546	692	1	0
109	707	1	0
317	707	1	0
321	707	1	0
388	707	1	0
169	710	1	0
342	710	1	0
359	710	1	0
406	710	1	0
549	710	1	0
16	728	1	0
207	728	1	0
247	728	1	0
453	728	1	0
229	842	1	0
476	842	1	0
497	842	1	0
527	842	1	0
541	842	1	0
121	854	1	0
257	854	1	0
3	873	1	0
433	873	1	0
200	910	1	0
527	910	1	0
12	929	1	0
40	929	1	0
181	929	1	0
248	929	1	0
326	929	1	0
394	929	1	0
496	929	1	0
511	929	1	0
528	929	1	0
534	929	1	0
345	966	1	0
433	966	1	0
496	966	1	0
528	966	1	0
537	966	2	0
75	975	1	0
207	975	1	0
343	975	1	0
396	975	1	0
537	975	1	0
433	1246	1	0
501	1246	1	0
503	1246	1	0
521	1246	1	0
541	1246	1	0
81	1268	1	0
151	1268	1	0
233	1287	1	0
433	1287	1	0
496	1287	1	0
233	1290	1	0
433	1290	1	0
496	1290	1	0
233	1293	1	0
433	1293	1	0
496	1293	1	0
257	1303	1	0
298	1303	1	0
327	1303	1	0
44	1307	1	0
228	1307	1	0
257	1307	1	0
172	1314	1	0
496	1314	1	0
531	1314	1	0
132	1320	1	0
141	1320	1	0
240	1320	1	0
404	1320	1	0
51	1340	1	0
176	1340	2	0
427	1340	2	0
257	1371	1	0
310	1371	1	0
311	1371	1	0
369	1371	1	0
464	1371	1	0
10	1396	1	0
209	1396	1	0
297	1396	1	0
321	1396	1	0
508	1396	1	0
165	1399	1	0
481	1399	1	0
132	1412	1	0
141	1412	1	0
404	1412	1	0
511	1412	1	0
227	1415	1	0
317	1415	1	0
326	1415	1	0
336	1415	1	0
106	1432	1	0
102	1442	1	0
132	1442	1	0
206	1442	1	0
213	1442	1	0
516	1442	1	0
132	1465	1	0
141	1465	1	0
148	1465	1	0
404	1465	1	0
516	1465	2	0
15	1579	1	0
132	1678	1	0
329	1678	1	0
466	1678	1	0
132	1706	2	0
141	1706	1	0
228	1706	1	0
329	1706	1	0
404	1706	1	0
466	1706	1	0
105	1707	1	0
141	1707	1	0
215	1707	1	0
264	1707	1	0
404	1707	1	0
344	1709	1	0
181	1710	1	0
132	1715	1	0
134	1715	1	0
135	1715	1	0
136	1715	1	0
141	1715	1	0
404	1715	1	0
141	1745	1	0
404	1745	1	0
132	1746	1	0
329	1746	1	0
200	1747	1	0
218	1747	1	0
521	1747	1	0
541	1747	1	0
547	1747	1	0
169	1748	1	0
461	1748	1	0
7	1754	1	0
41	1754	1	0
109	1754	1	0
120	1754	1	0
124	1754	1	0
132	1754	1	0
141	1754	1	0
329	1754	1	0
404	1754	1	0
109	1767	1	0
145	1767	1	0
257	1767	1	0
345	1767	1	0
355	1767	1	0
109	1769	1	0
120	1769	1	0
132	1769	1	0
141	1769	1	0
404	1769	1	0
342	1779	1	0
3	1786	1	0
272	1786	1	0
91	1853	1	0
132	1853	2	0
141	1853	1	0
404	1853	1	0
456	1853	1	0
132	1858	1	0
141	1858	1	0
150	1858	1	0
404	1858	1	0
456	1858	1	0
203	1943	1	0
257	1943	1	0
369	1943	1	0
387	1943	1	0
226	1957	1	0
257	1957	1	0
301	1957	1	0
226	1960	1	0
257	1960	1	0
301	1960	1	0
169	2012	1	0
181	2012	1	0
198	2012	1	0
511	2012	1	0
162	2093	1	0
228	2093	1	0
257	2093	1	0
257	2170	1	0
386	2170	1	0
399	2170	1	0
257	2185	1	0
447	2212	1	0
218	2214	1	0
327	2214	1	0
342	2214	1	0
347	2214	1	0
482	2214	1	0
525	2214	1	0
325	2259	1	0
132	2309	2	0
141	2309	1	0
404	2309	1	0
132	2416	1	0
141	2416	1	0
228	2416	1	0
404	2416	1	0
64	2599	1	0
137	2599	1	0
496	2599	1	0
516	2599	1	0
560	2599	1	0
1	2607	1	0
175	2607	1	0
188	2607	2	0
516	2607	1	0
321	2688	1	0
444	2688	1	0
517	2688	1	0
558	2688	1	0
215	2696	1	0
225	2696	1	0
264	2696	1	0
304	2696	1	0
358	2696	1	0
401	2696	1	0
501	2696	1	0
502	2696	1	0
527	2696	1	0
527	1	1	4
176	5	1	4
448	5	1	4
126	17	1	4
162	17	1	4
208	17	1	4
326	17	1	4
338	17	1	4
505	17	1	4
535	17	1	4
26	19	1	4
96	19	1	4
126	19	1	4
253	19	1	4
313	19	1	4
337	19	1	4
505	19	1	4
528	19	1	4
27	24	1	4
126	24	1	4
370	24	1	4
415	24	1	4
505	24	1	4
527	24	1	4
528	24	1	4
35	35	1	4
84	35	1	4
100	35	1	4
195	35	1	4
384	35	1	4
481	35	1	4
448	38	1	4
463	38	1	4
20	47	1	4
327	47	1	4
220	63	1	4
482	63	1	4
94	71	1	4
17	134	1	4
175	134	1	4
257	134	1	4
412	134	1	4
541	134	1	4
30	154	1	4
192	154	1	4
206	154	1	4
147	170	1	4
433	170	1	4
438	170	1	4
87	176	1	4
148	189	1	4
456	189	2	4
474	189	1	4
246	190	1	4
326	190	1	4
28	197	1	4
158	197	1	4
257	197	1	4
40	203	1	4
143	203	1	4
523	203	1	4
229	222	1	4
342	222	1	4
34	227	1	4
221	227	2	4
394	227	2	4
556	227	1	4
239	234	1	4
400	234	1	4
72	238	1	4
385	238	1	4
388	238	1	4
16	239	1	4
72	239	1	4
161	239	1	4
246	239	1	4
254	239	1	4
385	239	1	4
72	240	1	4
333	240	1	4
382	240	1	4
385	240	1	4
466	240	1	4
11	255	1	4
259	255	1	4
143	273	1	4
224	273	1	4
313	273	1	4
326	273	1	4
363	273	1	4
156	290	1	4
257	290	1	4
453	290	1	4
463	290	1	4
486	290	1	4
38	304	1	4
169	304	2	4
382	304	1	4
118	310	1	4
221	310	1	4
135	314	1	4
200	314	1	4
125	369	1	4
198	369	1	4
313	369	1	4
169	373	1	4
321	373	1	4
356	373	1	4
496	373	1	4
521	376	1	4
125	400	1	4
445	400	1	4
140	408	1	4
457	408	1	4
38	411	1	4
519	411	1	4
551	411	1	4
312	415	1	4
504	415	1	4
516	415	1	4
83	447	1	4
257	447	1	4
100	453	1	4
515	453	1	4
198	458	2	4
257	458	1	4
407	458	1	4
39	459	1	4
143	459	1	4
144	459	1	4
313	459	1	4
466	459	1	4
541	463	1	4
122	482	1	4
257	482	1	4
326	487	1	4
343	487	1	4
312	517	2	4
507	517	1	4
272	529	1	4
342	529	1	4
10	530	1	4
218	530	1	4
486	530	1	4
228	557	1	4
230	557	2	4
451	557	1	4
475	557	1	4
12	620	1	4
272	620	1	4
326	620	1	4
496	620	1	4
293	630	1	4
496	630	1	4
515	630	1	4
326	637	1	4
24	647	1	4
218	647	1	4
248	647	1	4
24	653	1	4
457	653	1	4
155	654	1	4
176	654	1	4
496	654	2	4
506	654	1	4
70	655	2	4
168	655	1	4
212	655	1	4
24	659	1	4
496	659	1	4
516	659	1	4
29	699	1	4
24	714	1	4
182	714	1	4
463	714	1	4
517	714	1	4
523	714	1	4
18	716	1	4
24	755	1	4
166	755	1	4
516	755	1	4
293	764	1	4
520	786	1	4
176	793	1	4
227	793	1	4
232	793	1	4
337	793	1	4
338	793	1	4
342	793	1	4
496	793	1	4
506	793	1	4
24	794	1	4
337	794	1	4
420	794	1	4
421	794	1	4
174	796	1	4
176	796	1	4
344	796	1	4
527	796	1	4
196	814	1	4
410	814	1	4
257	816	1	4
257	855	1	4
200	856	1	4
209	856	1	4
398	856	1	4
488	856	1	4
136	862	1	4
486	862	1	4
525	862	1	4
546	862	1	4
496	863	1	4
541	863	1	4
84	868	1	4
84	875	1	4
180	875	1	4
188	875	1	4
257	875	1	4
399	878	1	4
495	878	1	4
519	878	1	4
528	878	1	4
539	878	1	4
250	896	1	4
325	896	1	4
352	901	1	4
527	901	1	4
111	905	1	4
244	905	1	4
546	914	1	4
218	919	1	4
261	919	1	4
30	920	1	4
504	920	1	4
123	936	1	4
326	936	1	4
444	936	1	4
551	936	1	4
231	1051	1	4
341	1051	1	4
478	1269	1	4
501	1269	1	4
527	1269	1	4
30	1274	1	4
165	1274	1	4
221	1274	1	4
83	1281	1	4
246	1281	1	4
257	1281	1	4
448	1281	1	4
501	1281	1	4
545	1281	1	4
232	1297	1	4
501	1297	1	4
98	1300	1	4
151	1301	1	4
193	1301	1	4
408	1305	1	4
421	1305	1	4
457	1305	1	4
486	1305	1	4
527	1305	1	4
560	1305	1	4
216	1316	1	4
108	1326	1	4
157	1326	1	4
349	1326	1	4
366	1326	1	4
295	1334	1	4
349	1334	1	4
501	1334	1	4
532	1334	1	4
547	1334	1	4
253	1569	1	4
496	1569	1	4
498	1569	1	4
329	1737	1	4
564	1737	3	4
208	1874	1	4
257	1874	1	4
308	1874	1	4
459	1874	1	4
83	1894	1	4
257	1894	1	4
387	1894	1	4
501	1894	1	4
562	1894	1	4
39	1912	1	4
257	1912	1	4
501	1912	1	4
342	2045	1	4
385	2062	1	4
449	2062	1	4
521	2062	1	4
107	2063	1	4
385	2063	1	4
537	2063	1	4
496	2067	1	4
531	2067	1	4
303	2082	1	4
473	2082	1	4
20	2103	1	4
321	2103	1	4
558	2103	1	4
367	2107	1	4
426	2107	1	4
243	2119	1	4
457	2119	1	4
502	2119	1	4
40	2121	1	4
426	2121	2	4
527	2121	1	4
555	2121	1	4
257	2125	1	4
321	2125	1	4
384	2125	1	4
405	2125	1	4
426	2125	1	4
376	2132	1	4
538	2132	1	4
367	2137	2	4
426	2137	3	4
37	2141	1	4
173	2141	1	4
198	2141	1	4
227	2141	1	4
426	2141	1	4
15	2152	1	4
176	2152	1	4
382	2152	1	4
517	2152	1	4
176	2160	1	4
179	2160	1	4
319	2160	1	4
323	2160	1	4
367	2160	1	4
514	2160	1	4
120	2162	1	4
205	2162	1	4
321	2162	1	4
426	2162	1	4
473	2162	1	4
553	2162	1	4
96	2165	1	4
426	2165	1	4
497	2165	1	4
516	2165	2	4
321	2166	1	4
367	2166	1	4
534	2166	1	4
64	2169	1	4
496	2169	1	4
357	2192	1	4
383	2192	1	4
419	2192	1	4
456	2192	1	4
188	2230	1	4
176	2334	1	4
291	2334	1	4
95	2495	1	4
195	2495	1	4
257	2495	1	4
36	2534	1	4
228	2534	1	4
257	2572	1	4
33	2584	1	4
257	2584	1	4
369	2584	1	4
374	2584	1	4
130	2586	1	4
254	2586	1	4
264	2586	2	4
303	2586	1	4
504	2586	1	4
550	1005	1	5
194	1007	1	5
495	1007	1	5
527	1011	1	5
29	1424	1	5
85	2	1	6
257	2	1	6
423	2	1	6
69	3	1	6
85	4	1	6
231	4	1	6
257	4	1	6
423	4	1	6
123	6	1	6
530	6	1	6
243	8	1	6
433	8	1	6
79	9	1	6
240	9	1	6
41	11	1	6
165	11	1	6
46	12	1	6
206	12	2	6
355	12	1	6
487	12	1	6
542	12	1	6
105	13	1	6
496	13	1	6
84	16	1	6
317	16	1	6
65	18	1	6
96	18	1	6
196	18	1	6
14	20	1	6
113	20	1	6
299	20	1	6
541	20	1	6
39	21	2	6
291	21	1	6
321	21	1	6
448	21	2	6
504	21	1	6
452	22	1	6
257	26	1	6
272	26	1	6
496	26	1	6
257	32	1	6
221	33	1	6
231	33	1	6
191	34	1	6
382	34	1	6
478	34	1	6
534	34	1	6
181	40	1	6
205	40	1	6
539	40	1	6
228	41	1	6
326	42	1	6
181	43	1	6
201	43	1	6
246	43	1	6
82	44	1	6
373	51	1	6
541	51	1	6
53	54	1	6
174	54	1	6
561	59	1	6
120	64	1	6
256	64	1	6
321	64	1	6
365	64	1	6
530	64	1	6
312	65	2	6
326	65	1	6
455	65	2	6
38	66	1	6
53	66	1	6
72	66	1	6
409	66	1	6
496	66	1	6
89	68	1	6
90	70	1	6
114	70	1	6
209	70	1	6
274	70	1	6
303	70	1	6
321	70	1	6
237	74	1	6
246	74	1	6
109	75	1	6
170	75	1	6
448	75	1	6
326	76	1	6
520	76	1	6
110	81	1	6
257	81	1	6
129	82	1	6
448	83	1	6
216	85	1	6
72	86	2	6
109	86	1	6
321	86	1	6
315	87	1	6
321	87	1	6
525	87	1	6
79	88	1	6
188	88	1	6
427	88	1	6
46	89	2	6
396	89	1	6
503	89	1	6
535	89	1	6
103	90	1	6
215	91	1	6
347	91	1	6
499	91	1	6
502	91	1	6
527	91	1	6
528	91	1	6
153	92	1	6
257	92	1	6
464	92	1	6
246	93	1	6
446	93	1	6
29	94	1	6
336	94	1	6
391	94	1	6
257	95	1	6
369	95	1	6
461	95	1	6
52	96	1	6
321	96	1	6
135	98	1	6
76	102	1	6
443	102	1	6
453	102	1	6
205	107	1	6
504	107	1	6
29	111	1	6
461	111	1	6
77	112	1	6
326	112	1	6
443	112	1	6
218	113	1	6
30	114	1	6
326	114	1	6
382	114	1	6
451	114	1	6
453	114	1	6
54	115	1	6
254	115	1	6
257	115	1	6
369	115	1	6
407	115	1	6
391	116	1	6
246	117	1	6
261	117	1	6
220	118	1	6
401	118	1	6
110	120	1	6
188	121	1	6
517	121	1	6
321	122	1	6
363	124	1	6
55	128	1	6
185	128	2	6
353	128	1	6
491	128	1	6
535	128	1	6
94	132	1	6
203	132	1	6
222	132	1	6
227	132	1	6
321	132	1	6
460	132	1	6
490	132	1	6
17	135	1	6
150	135	1	6
264	135	1	6
353	135	1	6
491	135	1	6
535	135	1	6
6	137	1	6
56	137	1	6
306	137	1	6
365	137	1	6
5	139	1	6
17	139	1	6
272	139	1	6
289	139	1	6
283	140	1	6
527	140	1	6
135	147	1	6
12	148	1	6
42	148	1	6
112	148	1	6
499	148	1	6
528	148	1	6
63	149	1	6
64	150	1	6
133	150	1	6
320	150	1	6
174	151	1	6
247	151	1	6
272	151	1	6
312	151	1	6
326	151	1	6
455	151	1	6
541	151	1	6
30	159	1	6
328	159	1	6
490	159	1	6
362	162	1	6
21	164	1	6
136	164	1	6
165	164	1	6
258	164	1	6
382	164	1	6
451	164	1	6
530	164	1	6
207	168	1	6
247	168	1	6
257	168	1	6
401	168	1	6
496	168	1	6
113	171	1	6
250	171	1	6
327	171	1	6
554	171	1	6
41	172	1	6
257	172	1	6
288	172	1	6
210	173	1	6
496	173	1	6
535	173	1	6
453	174	1	6
544	174	1	6
410	177	1	6
528	177	1	6
544	177	1	6
258	181	1	6
222	184	1	6
347	184	1	6
378	184	1	6
496	184	1	6
537	184	1	6
220	185	1	6
512	186	1	6
288	188	1	6
494	188	1	6
496	188	1	6
498	191	1	6
527	191	1	6
4	194	1	6
75	194	1	6
418	194	1	6
441	194	1	6
496	194	2	6
541	194	1	6
257	198	1	6
260	198	1	6
93	201	1	6
155	201	1	6
197	201	1	6
441	201	1	6
537	201	1	6
512	207	1	6
192	208	1	6
352	208	1	6
326	210	1	6
126	211	1	6
347	211	1	6
461	211	1	6
472	211	1	6
514	211	1	6
257	214	1	6
407	214	1	6
411	214	1	6
96	215	1	6
55	220	1	6
72	220	1	6
111	220	1	6
343	220	1	6
305	221	1	6
257	224	1	6
369	224	1	6
407	224	1	6
541	225	1	6
109	228	1	6
406	237	1	6
453	237	1	6
53	241	1	6
101	241	1	6
434	241	1	6
528	241	1	6
11	244	1	6
467	244	1	6
528	244	1	6
243	247	1	6
501	247	1	6
525	247	1	6
535	251	1	6
257	253	1	6
326	253	1	6
496	253	1	6
496	254	1	6
18	256	2	6
32	256	1	6
231	256	1	6
249	256	1	6
317	256	1	6
453	256	1	6
463	256	1	6
528	256	1	6
247	257	1	6
503	257	1	6
529	257	1	6
530	258	1	6
541	258	1	6
551	258	1	6
18	260	2	6
32	260	1	6
231	260	1	6
249	260	1	6
317	260	1	6
453	260	1	6
463	260	1	6
528	260	1	6
12	262	1	6
96	262	1	6
157	262	1	6
220	262	1	6
272	262	1	6
554	262	1	6
57	263	1	6
317	263	1	6
545	263	1	6
289	265	1	6
384	265	1	6
399	265	1	6
445	265	1	6
165	266	1	6
298	266	1	6
312	266	1	6
520	266	1	6
278	267	1	6
137	268	1	6
433	268	1	6
554	269	1	6
53	271	1	6
352	271	1	6
246	272	1	6
257	272	1	6
461	272	1	6
482	272	1	6
486	274	1	6
379	276	1	6
136	277	1	6
382	277	1	6
453	277	1	6
476	277	2	6
272	278	1	6
470	278	1	6
547	278	1	6
228	279	1	6
250	279	1	6
478	279	1	6
523	279	1	6
554	279	1	6
12	281	1	6
377	281	1	6
203	282	1	6
382	282	1	6
394	282	1	6
203	283	1	6
394	283	1	6
245	293	1	6
330	293	1	6
396	297	1	6
398	297	1	6
198	299	1	6
527	302	1	6
257	303	1	6
498	303	1	6
504	305	1	6
293	306	1	6
385	312	1	6
257	317	1	6
241	318	1	6
257	318	1	6
182	320	1	6
496	320	1	6
60	322	1	6
157	322	1	6
250	322	1	6
326	322	1	6
342	322	1	6
171	323	1	6
394	323	1	6
496	323	1	6
541	323	1	6
474	328	1	6
91	330	1	6
257	330	1	6
294	330	1	6
477	330	1	6
384	331	1	6
494	335	1	6
496	335	1	6
171	337	1	6
395	337	1	6
549	337	1	6
63	338	1	6
246	338	1	6
257	338	1	6
342	338	1	6
459	338	1	6
528	338	1	6
55	339	1	6
109	340	1	6
216	340	1	6
325	340	1	6
326	340	1	6
342	340	1	6
363	340	1	6
496	340	1	6
506	341	1	6
544	341	1	6
111	342	1	6
171	342	1	6
203	342	1	6
181	343	1	6
384	343	1	6
486	343	1	6
257	348	1	6
41	350	1	6
203	350	1	6
412	350	1	6
427	350	1	6
496	350	1	6
541	350	1	6
264	351	1	6
410	351	1	6
187	352	1	6
257	352	1	6
369	352	1	6
293	354	1	6
228	359	1	6
135	361	1	6
517	361	1	6
140	364	1	6
85	366	1	6
227	366	1	6
363	366	1	6
484	366	1	6
527	366	1	6
165	368	1	6
189	368	1	6
224	368	1	6
272	368	1	6
473	368	1	6
238	370	1	6
257	370	1	6
319	370	2	6
424	370	1	6
293	371	1	6
333	371	1	6
288	372	1	6
441	372	1	6
504	372	1	6
487	378	1	6
476	383	1	6
22	387	1	6
98	387	1	6
182	387	1	6
222	387	1	6
257	387	1	6
359	387	1	6
387	387	1	6
407	387	1	6
195	390	1	6
238	390	1	6
318	390	1	6
349	390	1	6
418	390	1	6
424	390	1	6
500	390	1	6
527	390	1	6
206	391	1	6
414	391	1	6
257	392	1	6
326	392	1	6
238	397	1	6
318	397	1	6
411	397	1	6
424	397	1	6
449	397	1	6
496	397	1	6
527	397	1	6
530	397	1	6
14	398	1	6
448	398	1	6
257	401	1	6
326	401	1	6
254	403	1	6
416	403	1	6
533	403	1	6
203	404	1	6
209	410	2	6
255	410	1	6
293	410	1	6
363	410	1	6
484	410	1	6
120	412	1	6
321	412	1	6
293	413	1	6
553	413	1	6
60	414	1	6
262	414	1	6
294	414	1	6
486	414	1	6
257	416	1	6
527	416	1	6
128	418	1	6
235	418	3	6
238	418	1	6
318	418	1	6
424	418	1	6
527	418	1	6
555	418	1	6
324	419	1	6
490	419	1	6
496	419	1	6
72	421	1	6
117	421	1	6
343	421	1	6
388	421	1	6
321	423	1	6
14	427	1	6
248	427	1	6
329	427	1	6
128	432	1	6
189	432	1	6
234	432	1	6
238	432	1	6
321	432	1	6
424	432	2	6
496	432	1	6
135	436	1	6
218	436	1	6
222	436	1	6
362	438	1	6
541	438	1	6
293	439	1	6
258	441	1	6
408	441	1	6
464	441	1	6
6	443	1	6
344	443	1	6
514	443	1	6
106	446	1	6
152	446	1	6
257	446	1	6
293	448	1	6
369	448	1	6
406	448	1	6
430	448	1	6
453	448	1	6
490	448	1	6
525	450	1	6
128	457	1	6
238	457	1	6
321	457	1	6
407	457	1	6
424	457	1	6
498	457	1	6
533	457	1	6
187	460	1	6
254	460	1	6
257	460	1	6
425	460	1	6
444	460	1	6
496	460	1	6
515	460	1	6
366	462	1	6
203	465	1	6
394	465	1	6
218	467	1	6
297	467	1	6
53	469	1	6
147	469	1	6
266	469	1	6
326	469	1	6
385	469	1	6
438	469	2	6
495	469	1	6
30	472	1	6
333	474	1	6
551	474	1	6
115	477	1	6
119	478	1	6
297	478	1	6
433	478	1	6
478	478	1	6
529	478	1	6
530	478	1	6
541	478	1	6
171	485	1	6
434	485	1	6
490	485	1	6
496	485	1	6
527	485	1	6
171	488	1	6
434	488	1	6
490	488	1	6
496	488	1	6
527	488	1	6
16	491	1	6
167	491	1	6
330	491	1	6
495	491	1	6
516	491	1	6
319	494	1	6
411	494	1	6
293	495	1	6
193	497	1	6
220	497	1	6
237	502	1	6
543	502	1	6
128	503	1	6
201	503	1	6
216	503	1	6
238	503	1	6
320	503	1	6
424	503	1	6
551	503	1	6
46	504	1	6
326	504	1	6
198	506	1	6
527	506	1	6
7	508	1	6
70	508	1	6
128	508	1	6
201	508	1	6
207	508	1	6
238	508	1	6
319	508	1	6
424	508	1	6
181	511	1	6
203	511	1	6
218	511	1	6
490	511	1	6
496	511	1	6
34	512	1	6
218	512	1	6
255	512	1	6
377	512	1	6
413	512	1	6
527	512	1	6
46	513	1	6
111	514	1	6
133	514	1	6
365	514	1	6
373	514	1	6
521	514	1	6
216	516	1	6
496	516	1	6
32	519	1	6
117	519	2	6
27	520	1	6
319	520	1	6
496	520	1	6
527	520	1	6
382	521	1	6
453	521	1	6
489	521	1	6
495	521	1	6
113	522	1	6
382	522	1	6
495	522	1	6
49	528	1	6
321	528	1	6
90	532	1	6
503	532	1	6
379	533	1	6
496	535	1	6
537	535	1	6
538	535	1	6
30	539	1	6
257	539	1	6
524	539	1	6
203	551	1	6
237	551	1	6
321	551	1	6
486	552	1	6
46	553	1	6
326	553	2	6
426	553	1	6
201	554	1	6
387	554	1	6
451	554	1	6
321	555	1	6
560	556	1	6
146	558	1	6
157	558	1	6
466	558	1	6
496	558	1	6
81	565	1	6
557	565	1	6
379	566	1	6
325	569	1	6
561	569	1	6
233	571	1	6
326	571	1	6
109	572	1	6
203	572	1	6
496	572	1	6
291	574	1	6
559	574	1	6
27	575	1	6
208	579	1	6
507	579	1	6
233	583	1	6
289	583	1	6
496	583	1	6
558	583	1	6
319	584	1	6
396	584	1	6
514	587	1	6
257	588	1	6
455	588	1	6
496	588	1	6
541	588	1	6
67	590	1	6
66	591	1	6
433	591	1	6
174	592	1	6
361	592	1	6
257	593	1	6
363	593	1	6
370	593	1	6
14	595	1	6
139	600	1	6
291	600	2	6
312	600	1	6
321	600	1	6
365	600	1	6
410	600	1	6
455	600	1	6
517	600	1	6
559	600	1	6
79	601	1	6
525	601	1	6
52	606	1	6
342	606	2	6
15	607	1	6
326	608	1	6
206	609	1	6
302	611	1	6
375	611	1	6
557	611	1	6
450	612	1	6
165	613	1	6
355	613	1	6
209	615	1	6
224	615	1	6
308	615	1	6
377	615	1	6
406	615	1	6
465	615	1	6
63	619	1	6
511	623	1	6
76	627	14	6
41	628	1	6
460	628	1	6
291	634	1	6
559	634	1	6
72	639	1	6
343	639	1	6
59	643	1	6
60	645	1	6
558	645	1	6
343	646	1	6
502	646	1	6
75	648	1	6
216	648	1	6
390	648	1	6
257	650	1	6
369	650	1	6
176	651	1	6
257	651	1	6
382	656	1	6
458	656	1	6
11	657	1	6
209	657	1	6
210	657	1	6
234	657	1	6
291	657	1	6
454	657	1	6
496	657	1	6
559	657	1	6
70	663	1	6
257	663	1	6
361	663	1	6
537	663	1	6
247	666	1	6
285	669	1	6
33	672	1	6
257	672	1	6
86	677	1	6
434	677	1	6
285	678	1	6
209	681	1	6
496	681	1	6
252	683	1	6
135	688	1	6
289	690	1	6
527	690	1	6
207	694	1	6
375	694	1	6
315	695	1	6
20	696	1	6
198	698	1	6
229	698	1	6
231	698	1	6
244	698	1	6
412	698	1	6
541	698	1	6
315	700	1	6
321	700	1	6
351	700	1	6
527	700	2	6
538	700	1	6
42	701	1	6
170	701	1	6
293	701	1	6
326	702	1	6
176	703	1	6
180	703	1	6
127	705	1	6
246	705	1	6
315	705	1	6
351	705	1	6
430	705	1	6
463	705	1	6
465	705	1	6
325	711	1	6
176	712	1	6
210	712	1	6
220	712	2	6
291	712	1	6
326	712	1	6
473	712	1	6
496	712	1	6
559	712	1	6
441	713	1	6
496	713	1	6
456	715	1	6
257	717	1	6
312	717	1	6
92	719	1	6
246	719	1	6
321	719	1	6
465	719	1	6
538	719	1	6
411	720	1	6
50	721	1	6
64	721	1	6
257	721	1	6
524	721	1	6
516	722	1	6
37	723	1	6
465	723	1	6
541	723	1	6
545	723	1	6
246	724	1	6
315	724	1	6
443	724	1	6
531	724	1	6
44	725	1	6
257	725	1	6
352	725	1	6
556	726	1	6
229	730	1	6
465	730	1	6
485	730	1	6
517	730	1	6
61	731	1	6
315	731	1	6
321	731	1	6
314	736	1	6
315	736	1	6
486	736	1	6
531	736	1	6
81	738	1	6
453	739	1	6
257	740	1	6
503	740	1	6
8	742	1	6
60	742	1	6
98	742	1	6
281	742	1	6
326	742	1	6
541	742	1	6
298	743	1	6
38	744	1	6
498	744	1	6
198	745	1	6
527	745	1	6
485	748	1	6
11	749	1	6
257	749	1	6
313	749	1	6
376	749	1	6
528	749	1	6
203	750	1	6
293	750	1	6
398	750	1	6
250	754	1	6
496	754	1	6
537	754	2	6
315	758	1	6
96	759	1	6
257	759	1	6
13	760	1	6
117	760	1	6
245	760	1	6
274	762	1	6
13	763	1	6
117	763	1	6
245	763	1	6
382	765	1	6
207	766	1	6
274	766	1	6
486	766	1	6
88	767	1	6
356	767	1	6
257	768	1	6
326	768	1	6
441	768	1	6
227	769	1	6
294	769	1	6
303	769	1	6
490	769	1	6
504	769	1	6
321	771	1	6
356	771	1	6
562	771	1	6
486	772	1	6
330	776	1	6
405	776	1	6
463	776	1	6
246	777	1	6
264	777	1	6
342	777	1	6
293	778	1	6
150	782	1	6
274	782	1	6
274	784	1	6
321	784	1	6
293	785	1	6
127	787	1	6
453	787	1	6
44	788	1	6
88	788	1	6
190	788	1	6
209	788	1	6
12	789	1	6
48	789	1	6
73	789	1	6
162	789	1	6
382	789	1	6
496	789	1	6
215	790	1	6
465	790	1	6
180	792	1	6
200	792	1	6
209	792	1	6
342	792	1	6
456	792	1	6
527	792	1	6
90	795	1	6
503	795	1	6
419	797	1	6
127	799	1	6
188	799	2	6
268	799	1	6
382	799	1	6
517	799	1	6
183	801	1	6
531	801	1	6
257	803	1	6
317	805	1	6
557	805	1	6
37	806	1	6
89	806	1	6
257	806	1	6
321	807	1	6
303	809	1	6
379	809	1	6
422	809	1	6
41	812	1	6
220	812	1	6
243	812	1	6
441	812	1	6
496	812	1	6
198	817	2	6
246	817	1	6
326	817	1	6
337	817	1	6
538	817	1	6
14	818	1	6
29	818	1	6
63	818	1	6
426	818	1	6
541	818	1	6
557	818	1	6
478	820	1	6
528	820	1	6
15	821	1	6
96	822	1	6
176	822	1	6
250	822	1	6
327	822	1	6
443	822	1	6
503	822	1	6
485	823	1	6
527	823	1	6
41	824	1	6
46	824	1	6
535	824	1	6
541	824	1	6
146	828	1	6
203	828	1	6
202	829	1	6
343	829	1	6
169	830	1	6
382	830	1	6
476	830	1	6
504	831	1	6
98	835	1	6
135	836	1	6
363	836	1	6
383	836	1	6
456	836	1	6
478	836	1	6
551	836	1	6
501	838	1	6
202	839	1	6
541	839	1	6
202	840	1	6
14	841	1	6
135	841	1	6
257	841	1	6
202	843	1	6
202	846	1	6
213	846	1	6
260	846	1	6
541	846	1	6
202	847	1	6
290	847	1	6
94	848	1	6
361	848	1	6
217	849	1	6
448	850	1	6
472	850	1	6
531	850	2	6
257	852	1	6
252	853	1	6
326	853	1	6
41	860	1	6
46	860	1	6
541	860	1	6
33	864	1	6
240	864	1	6
413	864	1	6
486	864	1	6
207	865	1	6
322	865	1	6
496	865	1	6
519	865	1	6
537	865	1	6
29	866	1	6
203	870	1	6
218	870	1	6
326	870	1	6
394	870	1	6
176	872	1	6
309	874	1	6
340	876	1	6
409	876	1	6
118	880	2	6
326	880	1	6
455	880	1	6
519	880	1	6
541	880	1	6
240	881	1	6
60	882	1	6
351	884	1	6
410	884	1	6
240	886	1	6
337	886	1	6
79	887	1	6
168	889	1	6
396	889	1	6
14	891	1	6
183	891	1	6
246	891	1	6
419	891	1	6
488	891	1	6
45	892	1	6
308	892	1	6
29	895	1	6
109	895	1	6
118	895	1	6
145	895	1	6
498	895	1	6
541	895	1	6
14	898	1	6
113	898	1	6
541	898	1	6
26	902	1	6
29	902	1	6
101	902	1	6
122	902	1	6
209	902	2	6
228	902	1	6
343	902	1	6
19	903	1	6
98	903	1	6
321	903	1	6
88	906	1	6
527	906	1	6
25	907	1	6
254	907	1	6
276	907	1	6
283	908	1	6
316	908	1	6
478	908	1	6
273	909	1	6
400	911	1	6
463	912	1	6
516	913	1	6
225	915	1	6
257	917	1	6
369	917	1	6
407	917	1	6
39	918	1	6
176	918	1	6
252	918	1	6
362	918	1	6
231	923	1	6
326	923	1	6
382	923	1	6
384	923	1	6
246	924	1	6
248	924	1	6
419	924	1	6
496	924	1	6
531	924	1	6
111	925	1	6
203	925	1	6
234	925	1	6
93	927	1	6
144	930	1	6
200	932	1	6
555	933	1	6
295	935	1	6
317	935	1	6
446	935	1	6
12	937	3	6
193	937	1	6
199	937	1	6
257	937	1	6
441	937	1	6
528	937	1	6
545	937	1	6
226	939	1	6
326	939	1	6
41	940	1	6
170	940	1	6
476	940	1	6
26	947	1	6
84	947	1	6
272	947	1	6
317	947	1	6
496	947	1	6
511	947	1	6
44	949	1	6
228	949	1	6
335	949	1	6
206	950	1	6
250	950	1	6
326	950	1	6
84	951	1	6
272	951	1	6
317	951	1	6
496	951	1	6
511	951	1	6
26	953	1	6
238	953	1	6
272	953	1	6
344	953	1	6
409	953	1	6
496	953	1	6
553	953	1	6
557	953	1	6
56	956	1	6
305	956	1	6
466	956	1	6
208	958	1	6
212	958	1	6
327	958	1	6
78	959	1	6
210	959	1	6
221	959	1	6
158	960	1	6
268	960	1	6
187	961	1	6
257	961	1	6
369	961	1	6
370	961	1	6
86	962	1	6
356	962	1	6
496	962	1	6
326	967	1	6
554	967	1	6
44	969	1	6
80	969	1	6
271	970	1	6
398	970	1	6
457	970	1	6
411	972	1	6
398	974	1	6
413	974	1	6
456	974	1	6
302	978	1	6
317	978	1	6
326	978	1	6
398	978	1	6
549	978	1	6
321	979	1	6
527	979	1	6
90	980	1	6
303	980	1	6
422	980	1	6
503	980	1	6
532	980	1	6
192	981	1	6
257	982	1	6
297	982	1	6
498	982	1	6
21	983	1	6
504	983	1	6
532	983	1	6
248	984	1	6
300	984	1	6
326	984	1	6
382	984	1	6
342	985	1	6
353	987	1	6
491	987	1	6
516	987	1	6
300	988	1	6
321	988	1	6
30	989	1	6
14	991	1	6
60	991	1	6
71	991	1	6
555	991	1	6
353	992	1	6
491	992	1	6
14	993	1	6
113	993	1	6
231	993	1	6
496	993	1	6
541	993	1	6
216	994	1	6
240	994	1	6
543	994	1	6
257	1000	1	6
540	1000	1	6
326	1002	1	6
342	1002	1	6
14	1006	1	6
416	1006	1	6
496	1006	1	6
541	1006	1	6
17	1009	1	6
209	1009	1	6
104	1016	1	6
115	1016	1	6
66	1021	1	6
324	1021	1	6
363	1021	1	6
82	1023	1	6
164	1023	1	6
412	1023	1	6
541	1023	1	6
440	1024	1	6
326	1025	1	6
346	1025	1	6
477	1026	1	6
501	1026	1	6
53	1027	1	6
193	1027	1	6
257	1027	1	6
501	1027	1	6
196	1028	1	6
252	1028	1	6
363	1028	1	6
504	1028	1	6
527	1028	2	6
49	1031	1	6
66	1031	1	6
330	1031	1	6
496	1031	3	6
534	1031	1	6
541	1031	1	6
541	1033	1	6
550	1033	1	6
496	1036	1	6
243	1038	1	6
541	1038	1	6
305	1040	1	6
527	1040	1	6
252	1043	1	6
35	1045	1	6
96	1045	1	6
184	1045	1	6
530	1045	2	6
485	1046	1	6
228	1049	1	6
257	1049	1	6
556	1049	1	6
312	1054	1	6
447	1054	1	6
553	1054	1	6
234	1056	1	6
322	1056	1	6
403	1056	1	6
89	1062	1	6
87	1065	1	6
257	1065	1	6
276	1065	1	6
369	1065	1	6
342	1078	1	6
395	1078	1	6
413	1078	1	6
455	1078	1	6
496	1078	1	6
192	1080	1	6
382	1080	1	6
12	1081	1	6
257	1081	1	6
198	1083	1	6
257	1083	1	6
239	1103	1	6
40	1109	1	6
72	1109	1	6
111	1109	1	6
123	1109	1	6
385	1109	1	6
447	1109	1	6
560	1109	1	6
304	1112	1	6
343	1112	1	6
499	1120	1	6
170	1122	1	6
206	1122	1	6
363	1122	1	6
402	1122	1	6
169	1126	1	6
231	1126	1	6
343	1126	1	6
541	1126	1	6
146	1130	1	6
326	1131	1	6
146	1132	1	6
246	1136	1	6
463	1136	1	6
465	1136	1	6
504	1136	1	6
3	1138	1	6
68	1138	1	6
76	1138	1	6
324	1138	1	6
453	1138	1	6
486	1138	1	6
507	1138	1	6
104	1141	1	6
118	1141	1	6
201	1141	1	6
288	1141	1	6
321	1141	1	6
415	1141	1	6
527	1141	3	6
534	1141	1	6
58	1143	1	6
60	1144	1	6
304	1144	1	6
329	1144	1	6
343	1144	1	6
233	1145	1	6
410	1145	1	6
264	1146	1	6
481	1146	1	6
549	1146	1	6
36	1147	1	6
257	1147	1	6
326	1147	1	6
29	1151	1	6
111	1151	1	6
240	1151	1	6
541	1151	1	6
33	1156	1	6
313	1156	1	6
407	1156	1	6
443	1156	1	6
496	1156	1	6
2	1158	1	6
190	1158	1	6
556	1158	1	6
49	1159	1	6
199	1159	1	6
514	1159	1	6
542	1159	2	6
284	1160	1	6
425	1160	1	6
492	1160	1	6
528	1160	2	6
246	1161	1	6
137	1164	1	6
206	1164	1	6
412	1164	1	6
541	1164	1	6
139	1167	1	6
189	1167	1	6
407	1167	1	6
497	1167	1	6
314	1170	1	6
391	1170	1	6
496	1170	1	6
90	1171	1	6
168	1171	1	6
503	1171	1	6
531	1171	1	6
516	1174	1	6
527	1177	1	6
537	1177	2	6
550	1177	1	6
314	1178	1	6
187	1179	1	6
257	1179	1	6
369	1179	1	6
233	1181	1	6
262	1181	1	6
340	1181	1	6
233	1182	1	6
262	1182	1	6
340	1182	1	6
130	1183	1	6
187	1183	1	6
95	1186	1	6
187	1186	1	6
257	1186	1	6
349	1186	1	6
369	1186	1	6
10	1208	1	6
224	1208	1	6
392	1208	1	6
433	1237	1	6
519	1237	1	6
196	1241	1	6
349	1245	1	6
470	1245	1	6
155	1247	1	6
496	1247	1	6
538	1247	1	6
529	1255	1	6
39	1256	1	6
541	1256	1	6
216	1257	1	6
326	1257	1	6
355	1257	1	6
135	1258	1	6
257	1258	1	6
365	1258	1	6
486	1258	1	6
90	1259	1	6
303	1262	1	6
145	1266	1	6
153	1266	1	6
257	1266	1	6
464	1266	1	6
465	1266	1	6
499	1266	1	6
500	1266	1	6
506	1266	1	6
90	1270	1	6
501	1270	1	6
531	1270	1	6
72	1275	1	6
206	1275	1	6
257	1275	1	6
304	1282	1	6
409	1282	1	6
516	1282	1	6
8	1284	1	6
49	1284	1	6
96	1284	2	6
541	1284	1	6
561	1284	1	6
499	1285	1	6
528	1285	1	6
95	1288	1	6
183	1288	1	6
250	1288	1	6
321	1288	1	6
345	1288	1	6
349	1288	1	6
463	1288	1	6
496	1288	1	6
150	1289	1	6
226	1289	1	6
496	1289	1	6
532	1289	3	6
536	1289	1	6
352	1291	1	6
237	1298	1	6
96	1306	1	6
160	1306	1	6
168	1309	1	6
48	1312	2	6
74	1312	1	6
224	1312	1	6
277	1312	1	6
401	1312	1	6
409	1312	1	6
349	1315	1	6
463	1315	1	6
299	1317	1	6
442	1317	1	6
90	1318	2	6
176	1318	1	6
222	1318	1	6
382	1318	1	6
406	1318	1	6
535	1318	1	6
257	1321	1	6
321	1321	1	6
299	1324	1	6
326	1324	1	6
199	1325	1	6
231	1325	1	6
433	1325	1	6
537	1325	1	6
252	1327	1	6
433	1327	1	6
534	1327	1	6
90	1328	1	6
496	1328	1	6
541	1328	1	6
35	1329	1	6
84	1329	1	6
233	1329	1	6
297	1329	1	6
474	1329	1	6
498	1329	1	6
519	1329	1	6
527	1329	1	6
130	1330	1	6
176	1332	1	6
541	1336	1	6
257	1337	1	6
383	1337	1	6
455	1337	1	6
501	1337	1	6
198	1339	1	6
486	1339	1	6
525	1339	1	6
3	1341	1	6
254	1341	1	6
96	1342	1	6
245	1342	1	6
326	1342	1	6
231	1346	1	6
382	1346	1	6
176	1347	1	6
496	1347	1	6
538	1347	1	6
231	1349	1	6
345	1349	1	6
187	1352	1	6
257	1352	1	6
369	1352	1	6
462	1352	1	6
527	1352	1	6
114	1354	1	6
156	1354	1	6
383	1354	1	6
547	1354	1	6
65	1355	1	6
427	1355	1	6
121	1356	1	6
137	1356	1	6
284	1356	1	6
298	1356	1	6
242	1357	1	6
534	1357	1	6
209	1358	1	6
297	1358	1	6
354	1358	1	6
433	1358	1	6
354	1359	1	6
433	1361	1	6
257	1365	1	6
276	1365	1	6
369	1365	1	6
469	1365	1	6
152	1370	1	6
151	1377	1	6
312	1377	1	6
496	1377	1	6
218	1380	1	6
221	1380	1	6
323	1380	1	6
46	1381	3	6
68	1381	1	6
116	1381	1	6
228	1381	1	6
257	1381	1	6
479	1381	1	6
535	1381	1	6
257	1385	1	6
98	1386	1	6
187	1386	1	6
257	1386	1	6
369	1386	1	6
407	1386	1	6
187	1387	1	6
257	1387	1	6
369	1387	1	6
152	1389	1	6
231	1389	1	6
396	1390	1	6
486	1390	1	6
499	1390	1	6
257	1391	1	6
23	1392	1	6
342	1392	1	6
369	1392	1	6
525	1392	1	6
67	1393	1	6
229	1393	1	6
330	1393	1	6
348	1395	1	6
349	1395	1	6
355	1395	1	6
515	1395	1	6
257	1401	1	6
440	1401	1	6
56	1402	1	6
66	1402	1	6
111	1402	1	6
151	1402	1	6
555	1402	2	6
220	1405	1	6
321	1405	1	6
558	1405	1	6
8	1406	1	6
137	1406	1	6
439	1407	1	6
555	1407	1	6
229	1409	1	6
380	1409	1	6
541	1409	1	6
188	1410	1	6
527	1410	1	6
541	1410	1	6
313	1411	1	6
257	1413	1	6
345	1413	1	6
203	1414	1	6
216	1414	1	6
289	1414	1	6
96	1418	1	6
196	1418	1	6
501	1418	1	6
562	1418	1	6
130	1420	1	6
370	1420	1	6
382	1420	1	6
465	1420	1	6
532	1420	1	6
39	1422	1	6
196	1422	1	6
349	1422	1	6
496	1422	1	6
527	1422	1	6
95	1423	1	6
244	1423	1	6
257	1423	1	6
326	1423	1	6
349	1423	1	6
487	1423	1	6
221	1427	1	6
349	1427	1	6
494	1427	1	6
496	1427	1	6
352	1428	1	6
96	1429	1	6
257	1429	1	6
326	1429	1	6
536	1429	1	6
327	1431	1	6
285	1434	1	6
58	1436	1	6
234	1437	1	6
418	1437	1	6
496	1437	1	6
96	1438	1	6
221	1438	1	6
326	1438	3	6
535	1438	1	6
151	1440	1	6
226	1440	1	6
290	1440	1	6
359	1440	1	6
466	1440	1	6
496	1440	1	6
374	1441	1	6
377	1441	1	6
501	1441	1	6
56	1443	1	6
330	1443	1	6
514	1443	1	6
29	1444	1	6
219	1444	1	6
452	1444	1	6
501	1444	1	6
410	1445	1	6
453	1445	1	6
553	1445	1	6
333	1446	1	6
514	1446	1	6
29	1448	1	6
57	1448	1	6
219	1448	1	6
265	1448	1	6
321	1448	1	6
541	1448	1	6
216	1449	1	6
144	1452	1	6
254	1452	1	6
257	1452	1	6
386	1452	1	6
29	1454	1	6
219	1454	1	6
248	1454	1	6
500	1454	1	6
39	1455	1	6
59	1455	1	6
151	1455	1	6
265	1455	1	6
42	1459	1	6
98	1459	1	6
151	1459	1	6
303	1459	1	6
412	1459	1	6
529	1459	1	6
17	1460	1	6
90	1460	1	6
250	1460	1	6
342	1460	1	6
436	1460	1	6
496	1460	1	6
95	1461	1	6
528	1461	1	6
534	1461	1	6
29	1463	1	6
203	1463	1	6
219	1463	1	6
70	1464	1	6
351	1464	1	6
503	1464	1	6
290	1466	1	6
471	1467	1	6
90	1468	1	6
130	1468	1	6
188	1468	1	6
216	1471	1	6
257	1471	1	6
232	1472	1	6
312	1472	1	6
134	1473	2	6
558	1473	1	6
264	1474	1	6
381	1474	1	6
259	1475	1	6
93	1477	1	6
228	1477	1	6
540	1477	1	6
29	1479	1	6
219	1479	1	6
257	1480	1	6
276	1480	1	6
283	1480	1	6
369	1480	1	6
461	1480	1	6
252	1482	1	6
353	1482	1	6
422	1482	1	6
491	1482	1	6
270	1483	1	6
484	1483	1	6
500	1483	1	6
11	1488	1	6
153	1488	1	6
208	1488	1	6
466	1488	1	6
287	1489	1	6
93	1491	1	6
257	1491	1	6
542	1494	1	6
221	1497	1	6
323	1497	1	6
389	1497	1	6
496	1497	1	6
57	1498	1	6
216	1498	1	6
229	1498	1	6
368	1498	1	6
413	1498	1	6
488	1498	1	6
496	1498	1	6
313	1501	1	6
433	1501	1	6
530	1501	1	6
49	1503	1	6
496	1503	1	6
95	1507	1	6
266	1507	1	6
494	1507	1	6
253	1509	1	6
448	1509	1	6
561	1509	1	6
1	1511	1	6
326	1511	1	6
317	1513	1	6
343	1513	1	6
372	1513	1	6
521	1513	1	6
211	1514	1	6
231	1514	1	6
496	1515	1	6
500	1515	1	6
74	1516	1	6
90	1516	1	6
401	1516	1	6
90	1518	1	6
69	1519	1	6
84	1519	1	6
340	1519	1	6
139	1522	1	6
250	1522	1	6
67	1525	1	6
318	1526	1	6
401	1526	1	6
355	1527	1	6
330	1528	1	6
287	1529	1	6
555	1529	1	6
12	1532	1	6
90	1532	1	6
156	1532	1	6
207	1532	1	6
231	1532	1	6
401	1532	1	6
496	1532	1	6
521	1532	1	6
257	1534	1	6
90	1535	1	6
528	1535	1	6
61	1538	1	6
125	1538	1	6
289	1538	1	6
445	1538	1	6
152	1539	1	6
448	1539	1	6
528	1539	1	6
129	1540	1	6
197	1540	1	6
281	1540	1	6
496	1541	1	6
543	1541	1	6
281	1542	1	6
436	1542	1	6
231	1543	1	6
371	1543	1	6
525	1543	1	6
231	1544	1	6
366	1544	1	6
501	1544	1	6
532	1544	1	6
39	1546	1	6
488	1546	1	6
21	1552	1	6
41	1552	1	6
45	1552	1	6
143	1552	1	6
431	1552	1	6
95	1554	1	6
166	1554	1	6
462	1554	1	6
525	1554	1	6
68	1555	1	6
257	1555	1	6
19	1556	1	6
38	1556	2	6
113	1556	1	6
206	1556	2	6
257	1556	1	6
400	1556	1	6
475	1556	1	6
59	1557	1	6
193	1557	1	6
326	1558	1	6
20	1560	1	6
257	1562	1	6
369	1562	2	6
257	1563	1	6
369	1563	1	6
390	1563	1	6
257	1564	1	6
501	1564	1	6
187	1566	1	6
257	1566	1	6
369	1566	1	6
419	1567	1	6
240	1568	1	6
257	1568	1	6
472	1568	1	6
498	1568	1	6
516	1568	1	6
517	1568	1	6
527	1568	1	6
541	1568	1	6
126	1570	1	6
257	1570	2	6
302	1570	1	6
326	1570	1	6
51	1571	1	6
90	1571	1	6
450	1571	1	6
474	1571	1	6
496	1571	1	6
64	1572	1	6
205	1573	1	6
217	1573	1	6
501	1573	1	6
115	1574	1	6
287	1574	1	6
442	1574	1	6
327	1575	6	6
345	1575	1	6
101	1578	1	6
90	1581	1	6
262	1582	1	6
321	1582	1	6
502	1582	1	6
385	1583	1	6
133	1584	1	6
252	1584	1	6
541	1584	1	6
471	1585	1	6
511	1585	1	6
542	1585	1	6
287	1586	1	6
326	1586	1	6
321	1587	1	6
419	1587	1	6
209	1588	1	6
443	1588	1	6
90	1589	1	6
313	1589	1	6
496	1589	1	6
287	1590	1	6
486	1590	1	6
243	1591	1	6
257	1591	1	6
454	1591	1	6
467	1591	1	6
120	1592	1	6
90	1593	1	6
302	1593	1	6
326	1593	1	6
496	1593	1	6
90	1595	1	6
174	1595	1	6
410	1595	1	6
441	1595	1	6
460	1595	1	6
534	1595	1	6
310	1596	1	6
519	1596	1	6
541	1596	1	6
24	1597	1	6
227	1597	1	6
516	1597	1	6
287	1598	1	6
35	1600	1	6
61	1600	1	6
133	1601	1	6
391	1601	1	6
427	1603	1	6
63	1604	1	6
196	1604	1	6
422	1604	1	6
231	1605	1	6
257	1606	1	6
155	1607	1	6
163	1607	1	6
514	1607	1	6
318	1608	1	6
88	1609	1	6
355	1609	1	6
450	1610	1	6
91	1611	1	6
264	1611	1	6
528	1611	1	6
430	1615	1	6
496	1615	1	6
536	1615	1	6
541	1615	1	6
143	1617	1	6
426	1617	1	6
525	1617	1	6
180	1619	1	6
537	1619	1	6
82	1620	1	6
90	1620	1	6
501	1620	1	6
257	1621	1	6
276	1621	1	6
283	1621	1	6
369	1621	1	6
461	1621	1	6
321	1623	1	6
130	1624	1	6
241	1624	1	6
501	1624	1	6
541	1624	1	6
40	1625	1	6
306	1625	1	6
326	1625	1	6
209	1626	1	6
501	1626	1	6
526	1626	1	6
22	1628	1	6
90	1628	1	6
137	1628	1	6
353	1628	1	6
491	1628	1	6
407	1629	1	6
501	1629	1	6
519	1629	1	6
82	1630	1	6
96	1630	1	6
369	1630	1	6
414	1630	1	6
516	1630	1	6
527	1630	1	6
253	1633	1	6
453	1634	1	6
338	1635	1	6
90	1636	1	6
101	1638	1	6
117	1638	1	6
59	1640	1	6
257	1640	1	6
501	1640	1	6
253	1642	1	6
264	1642	1	6
317	1642	1	6
448	1642	1	6
176	1643	1	6
396	1644	1	6
466	1644	1	6
74	1648	1	6
257	1648	1	6
349	1648	1	6
90	1651	1	6
209	1651	1	6
252	1651	1	6
288	1651	1	6
389	1651	1	6
447	1651	1	6
496	1651	1	6
527	1651	1	6
207	1654	1	6
218	1654	1	6
116	1656	1	6
257	1656	1	6
243	1662	1	6
264	1662	1	6
369	1662	1	6
514	1662	1	6
537	1662	1	6
221	1664	1	6
324	1664	1	6
405	1664	1	6
501	1664	1	6
32	1669	1	6
41	1669	1	6
73	1669	1	6
86	1669	1	6
496	1669	1	6
218	1670	2	6
224	1670	1	6
257	1670	1	6
326	1670	1	6
223	1671	1	6
257	1671	1	6
152	1672	1	6
234	1672	1	6
244	1672	1	6
90	1674	1	6
301	1674	1	6
368	1674	1	6
58	1675	1	6
152	1676	1	6
343	1676	1	6
495	1676	1	6
27	1677	1	6
388	1679	1	6
526	1680	1	6
288	1681	1	6
170	1682	1	6
259	1682	1	6
222	1684	1	6
534	1684	1	6
537	1684	1	6
166	1685	1	6
342	1685	1	6
73	1686	1	6
496	1686	1	6
1	1687	1	6
180	1687	1	6
257	1687	1	6
349	1687	1	6
401	1687	1	6
432	1687	1	6
448	1690	1	6
16	1691	1	6
166	1691	1	6
409	1691	1	6
495	1691	1	6
516	1691	1	6
523	1691	1	6
173	1693	1	6
210	1693	1	6
447	1693	1	6
541	1693	1	6
90	1695	1	6
142	1695	1	6
496	1695	1	6
535	1695	1	6
257	1700	1	6
65	1711	1	6
151	1711	1	6
257	1711	1	6
349	1711	1	6
354	1711	1	6
466	1711	1	6
72	1712	1	6
205	1712	1	6
321	1712	1	6
341	1712	1	6
501	1712	1	6
76	1713	1	6
166	1713	1	6
216	1713	1	6
313	1713	1	6
382	1713	1	6
413	1713	1	6
433	1713	1	6
488	1713	1	6
96	1714	1	6
254	1714	1	6
314	1714	1	6
496	1714	1	6
188	1716	1	6
323	1716	1	6
501	1716	1	6
541	1716	1	6
551	1716	1	6
82	1718	1	6
85	1718	1	6
208	1718	1	6
254	1718	1	6
304	1718	1	6
485	1718	1	6
241	1719	1	6
433	1719	1	6
438	1719	1	6
37	1720	1	6
209	1720	1	6
321	1720	1	6
413	1720	1	6
507	1720	1	6
124	1721	1	6
127	1721	1	6
283	1721	1	6
461	1721	1	6
558	1721	1	6
71	1722	1	6
257	1722	1	6
141	1726	1	6
257	1726	1	6
137	1728	1	6
146	1728	1	6
401	1728	2	6
442	1728	1	6
486	1728	1	6
496	1728	1	6
541	1728	2	6
70	1729	1	6
230	1729	1	6
523	1729	1	6
540	1729	1	6
562	1729	1	6
257	1730	1	6
264	1730	1	6
383	1730	1	6
257	1732	1	6
313	1732	1	6
90	1733	1	6
208	1733	1	6
313	1733	2	6
385	1733	1	6
447	1733	1	6
138	1736	1	6
149	1736	1	6
265	1736	1	6
314	1736	1	6
321	1736	1	6
368	1736	1	6
525	1736	1	6
537	1736	1	6
22	1738	1	6
272	1738	1	6
355	1738	1	6
394	1738	1	6
401	1738	1	6
465	1738	1	6
44	1739	1	6
146	1739	1	6
228	1739	1	6
231	1740	1	6
260	1749	1	6
261	1749	1	6
268	1749	1	6
444	1749	1	6
527	1749	1	6
414	1751	1	6
206	1753	1	6
330	1753	1	6
38	1756	1	6
48	1756	1	6
230	1756	1	6
326	1756	1	6
475	1756	1	6
503	1756	1	6
3	1757	1	6
198	1757	1	6
347	1757	1	6
382	1757	1	6
486	1757	1	6
551	1757	1	6
37	1758	1	6
107	1758	1	6
203	1758	1	6
293	1758	1	6
363	1758	1	6
394	1758	1	6
417	1758	1	6
484	1758	1	6
534	1758	1	6
50	1759	1	6
385	1759	1	6
431	1760	1	6
345	1762	1	6
349	1762	1	6
466	1762	1	6
486	1762	1	6
542	1762	1	6
61	1763	1	6
215	1763	1	6
243	1763	1	6
264	1763	1	6
321	1763	1	6
532	1764	1	6
64	1765	1	6
496	1765	1	6
532	1765	1	6
109	1766	1	6
321	1766	1	6
200	1768	1	6
317	1768	1	6
344	1768	1	6
466	1768	1	6
90	1770	1	6
151	1770	1	6
366	1772	1	6
326	1775	1	6
370	1775	1	6
107	1777	1	6
142	1777	1	6
174	1777	1	6
245	1777	1	6
383	1777	1	6
455	1777	1	6
498	1777	1	6
516	1777	1	6
24	1780	1	6
496	1780	1	6
21	1782	1	6
558	1782	1	6
23	1784	1	6
61	1784	1	6
243	1784	1	6
176	1787	1	6
558	1787	1	6
23	1788	1	6
263	1788	1	6
356	1788	1	6
84	1790	1	6
90	1790	1	6
302	1790	1	6
501	1790	1	6
527	1790	1	6
547	1790	1	6
215	1791	1	6
257	1792	1	6
319	1792	1	6
496	1792	1	6
516	1792	1	6
23	1793	1	6
215	1793	1	6
136	1794	1	6
531	1794	1	6
84	1795	1	6
90	1795	1	6
302	1795	1	6
501	1795	1	6
527	1795	1	6
547	1795	1	6
257	1796	1	6
326	1796	1	6
345	1796	1	6
355	1796	1	6
558	1797	1	6
198	1801	1	6
326	1801	1	6
96	1802	1	6
433	1803	1	6
86	1804	1	6
271	1804	1	6
176	1805	1	6
463	1805	1	6
84	1806	1	6
123	1806	1	6
218	1808	1	6
349	1808	1	6
414	1808	1	6
462	1808	1	6
496	1808	1	6
317	1809	1	6
555	1809	1	6
257	1811	1	6
301	1811	1	6
326	1811	1	6
381	1811	1	6
433	1811	1	6
472	1811	1	6
129	1812	1	6
135	1813	1	6
141	1813	1	6
170	1813	1	6
294	1813	2	6
457	1813	1	6
530	1813	1	6
161	1814	1	6
382	1814	1	6
328	1815	1	6
331	1815	1	6
216	1816	1	6
362	1816	1	6
231	1817	1	6
294	1817	1	6
382	1817	1	6
60	1818	1	6
76	1818	1	6
298	1818	1	6
479	1818	1	6
549	1818	1	6
109	1820	1	6
123	1820	2	6
426	1820	1	6
545	1820	1	6
16	1821	1	6
321	1821	1	6
198	1823	1	6
516	1823	1	6
2	1827	1	6
61	1827	1	6
6	1828	1	6
130	1829	1	6
109	1833	1	6
211	1833	1	6
486	1834	1	6
527	1834	1	6
163	1835	1	6
496	1835	1	6
90	1836	1	6
427	1836	1	6
462	1836	1	6
90	1837	1	6
142	1837	1	6
194	1837	1	6
257	1837	1	6
320	1837	1	6
104	1840	1	6
223	1840	1	6
246	1840	2	6
342	1840	1	6
328	1841	1	6
551	1841	1	6
32	1842	1	6
165	1842	1	6
385	1842	1	6
80	1843	1	6
495	1844	1	6
86	1845	1	6
90	1845	2	6
137	1845	1	6
426	1845	1	6
501	1845	1	6
531	1845	1	6
97	1847	1	6
257	1847	2	6
440	1847	1	6
382	1848	1	6
539	1848	1	6
97	1849	1	6
225	1849	1	6
257	1849	1	6
97	1850	1	6
257	1850	1	6
97	1851	1	6
257	1851	1	6
556	1854	1	6
215	1855	1	6
227	1855	1	6
207	1856	1	6
213	1862	1	6
116	1863	1	6
257	1863	1	6
326	1864	1	6
319	1865	1	6
231	1866	1	6
90	1867	1	6
257	1867	1	6
28	1868	1	6
90	1868	1	6
496	1868	1	6
16	1869	1	6
72	1869	1	6
114	1869	1	6
368	1869	1	6
60	1870	1	6
62	1870	1	6
440	1870	1	6
72	1871	1	6
257	1871	1	6
433	1871	1	6
172	1873	1	6
218	1873	1	6
169	1875	1	6
228	1881	1	6
477	1881	1	6
84	1885	1	6
465	1885	1	6
176	1887	1	6
326	1887	1	6
198	1888	1	6
342	1888	1	6
257	1889	1	6
472	1889	1	6
12	1891	1	6
27	1891	1	6
501	1891	1	6
44	1892	1	6
558	1895	1	6
326	1897	1	6
248	1899	1	6
434	1899	1	6
441	1899	1	6
525	1899	1	6
534	1899	1	6
42	1900	1	6
306	1900	1	6
317	1900	1	6
415	1900	1	6
552	1900	1	6
108	1902	1	6
152	1902	1	6
176	1902	1	6
253	1902	1	6
494	1902	1	6
496	1902	1	6
342	1904	1	6
458	1904	1	6
516	1904	1	6
541	1904	1	6
90	1905	1	6
531	1905	1	6
90	1906	1	6
345	1906	1	6
478	1906	1	6
515	1906	1	6
30	1908	1	6
90	1908	1	6
138	1908	1	6
149	1908	1	6
304	1908	1	6
35	1909	2	6
75	1909	1	6
209	1909	1	6
400	1909	1	6
531	1909	1	6
152	1913	1	6
127	1914	1	6
501	1914	1	6
261	1916	1	6
316	1916	1	6
533	1916	1	6
252	1917	1	6
401	1917	1	6
432	1917	1	6
436	1917	1	6
446	1917	1	6
496	1917	1	6
198	1919	1	6
257	1919	1	6
496	1919	1	6
541	1919	1	6
7	1920	1	6
198	1920	1	6
176	1922	1	6
198	1926	1	6
556	1926	1	6
155	1929	1	6
222	1929	1	6
321	1930	1	6
495	1930	2	6
241	1931	1	6
321	1931	1	6
257	1932	1	6
343	1933	1	6
494	1934	1	6
86	1935	1	6
90	1935	1	6
116	1935	1	6
182	1935	1	6
528	1935	1	6
111	1938	1	6
264	1938	2	6
307	1938	1	6
101	1940	1	6
228	1940	1	6
307	1940	1	6
313	1940	1	6
105	1942	1	6
389	1942	1	6
496	1942	1	6
472	1944	1	6
3	1945	1	6
29	1945	1	6
209	1945	1	6
307	1945	2	6
383	1945	1	6
67	1946	1	6
257	1947	1	6
326	1948	1	6
455	1948	1	6
16	1951	1	6
355	1951	1	6
385	1952	1	6
449	1952	1	6
53	1953	1	6
552	1953	1	6
496	1955	1	6
254	1959	1	6
317	1959	1	6
220	1961	1	6
257	1962	1	6
326	1963	1	6
352	1963	1	6
395	1963	1	6
195	1964	1	6
390	1964	1	6
453	1964	1	6
499	1964	1	6
284	1967	1	6
496	1967	1	6
501	1967	1	6
417	1968	1	6
448	1968	1	6
454	1968	1	6
11	1969	1	6
383	1969	1	6
503	1969	2	6
135	1971	1	6
289	1971	1	6
541	1971	1	6
49	1973	1	6
496	1973	1	6
537	1973	1	6
216	1975	2	6
501	1975	1	6
152	1976	1	6
498	1976	1	6
527	1976	1	6
288	1977	1	6
231	1980	1	6
316	1980	1	6
382	1980	1	6
406	1980	1	6
409	1980	1	6
521	1980	1	6
541	1980	2	6
257	1981	1	6
321	1982	1	6
346	1982	1	6
514	1982	1	6
558	1982	1	6
227	1983	1	6
341	1987	1	6
534	1987	1	6
537	1987	1	6
188	1988	1	6
321	1988	1	6
65	1989	1	6
187	1989	1	6
257	1989	1	6
354	1989	1	6
369	1989	1	6
92	1993	1	6
231	1993	1	6
396	1993	1	6
453	1993	1	6
496	1993	1	6
264	1994	1	6
348	1994	1	6
501	1994	1	6
539	1994	1	6
187	1995	1	6
257	1995	1	6
369	1995	1	6
3	1997	1	6
109	1997	1	6
220	1997	1	6
282	1997	1	6
400	1997	1	6
60	1998	1	6
105	1999	1	6
206	2002	1	6
441	2002	1	6
496	2002	1	6
96	2003	1	6
258	2003	1	6
496	2003	1	6
536	2003	1	6
547	2007	1	6
3	2014	1	6
164	2014	1	6
258	2014	1	6
325	2015	1	6
346	2015	1	6
459	2015	1	6
473	2015	1	6
496	2015	1	6
535	2015	1	6
123	2016	1	6
231	2016	1	6
433	2016	1	6
40	2022	1	6
84	2022	1	6
382	2022	1	6
198	2023	1	6
325	2023	1	6
382	2023	1	6
122	2025	1	6
251	2025	1	6
257	2025	1	6
407	2025	1	6
562	2025	1	6
321	2026	1	6
203	2029	1	6
314	2029	1	6
490	2029	1	6
532	2029	1	6
314	2032	1	6
490	2032	1	6
532	2032	1	6
22	2033	1	6
163	2033	1	6
223	2033	1	6
257	2033	1	6
283	2033	1	6
321	2033	1	6
461	2033	1	6
558	2038	1	6
556	2039	1	6
209	2046	1	6
313	2046	1	6
433	2046	1	6
504	2046	1	6
551	2046	1	6
246	2048	1	6
253	2048	1	6
281	2048	1	6
313	2048	1	6
382	2048	2	6
451	2048	1	6
324	2051	1	6
342	2054	1	6
516	2054	1	6
217	2055	1	6
350	2055	1	6
433	2055	1	6
236	2057	1	6
260	2057	1	6
496	2057	1	6
496	2060	1	6
536	2060	1	6
251	2065	1	6
495	2065	1	6
40	2066	1	6
496	2068	1	6
12	2069	1	6
38	2069	1	6
257	2069	1	6
385	2070	1	6
497	2070	1	6
206	2071	1	6
216	2071	1	6
422	2071	1	6
197	2072	1	6
432	2072	1	6
436	2072	1	6
58	2076	1	6
257	2076	1	6
298	2083	1	6
466	2083	1	6
515	2083	1	6
44	2087	1	6
228	2087	1	6
321	2088	1	6
497	2088	1	6
218	2089	1	6
236	2089	1	6
248	2089	1	6
385	2089	1	6
389	2089	1	6
29	2091	1	6
136	2091	1	6
387	2091	1	6
302	2096	1	6
418	2096	1	6
116	2097	1	6
395	2097	1	6
166	2098	1	6
184	2098	1	6
203	2098	1	6
341	2098	1	6
394	2098	1	6
530	2098	1	6
63	2100	1	6
257	2100	1	6
326	2100	1	6
438	2100	1	6
44	2104	1	6
228	2104	1	6
33	2105	1	6
19	2106	1	6
195	2106	1	6
257	2106	2	6
270	2106	1	6
90	2108	1	6
396	2108	1	6
453	2108	1	6
496	2108	1	6
90	2109	1	6
496	2109	2	6
19	2110	1	6
195	2110	1	6
257	2110	2	6
270	2110	1	6
448	2111	1	6
208	2112	1	6
342	2112	1	6
459	2112	1	6
496	2112	1	6
538	2112	1	6
231	2115	1	6
326	2115	1	6
87	2116	1	6
124	2116	1	6
252	2116	1	6
471	2117	1	6
207	2118	1	6
382	2118	1	6
398	2123	1	6
458	2123	1	6
553	2123	1	6
72	2124	1	6
200	2124	1	6
257	2124	1	6
290	2124	1	6
441	2124	1	6
534	2124	1	6
206	2126	1	6
180	2127	1	6
522	2127	1	6
30	2129	1	6
176	2129	1	6
218	2130	1	6
246	2130	1	6
350	2130	1	6
528	2130	1	6
145	2131	1	6
246	2131	1	6
351	2133	1	6
376	2133	1	6
145	2134	1	6
323	2134	1	6
507	2134	1	6
137	2135	1	6
185	2136	1	6
206	2136	1	6
450	2136	1	6
496	2136	1	6
535	2136	1	6
536	2136	1	6
541	2136	1	6
396	2138	1	6
288	2139	1	6
307	2139	1	6
378	2139	1	6
427	2139	1	6
431	2139	1	6
527	2139	1	6
250	2140	1	6
288	2140	1	6
468	2140	1	6
527	2140	2	6
84	2142	1	6
307	2142	1	6
347	2142	1	6
26	2143	1	6
66	2143	1	6
27	2144	1	6
257	2144	1	6
399	2145	1	6
257	2146	1	6
27	2148	1	6
257	2148	1	6
76	2150	1	6
241	2150	1	6
515	2150	1	6
298	2151	1	6
371	2151	1	6
510	2151	1	6
88	2153	1	6
257	2153	1	6
433	2153	1	6
257	2154	1	6
257	2157	1	6
370	2157	1	6
418	2157	1	6
321	2158	1	6
362	2158	1	6
380	2158	3	6
528	2158	1	6
15	2159	1	6
24	2161	1	6
79	2161	1	6
216	2161	1	6
217	2161	1	6
252	2161	1	6
337	2161	1	6
355	2161	1	6
487	2161	1	6
535	2161	1	6
546	2161	1	6
137	2163	1	6
206	2163	1	6
313	2163	1	6
521	2163	1	6
30	2164	1	6
365	2164	1	6
509	2164	1	6
531	2164	1	6
342	2167	1	6
172	2168	1	6
48	2171	1	6
159	2171	1	6
322	2171	1	6
403	2171	1	6
487	2171	1	6
257	2172	1	6
363	2172	1	6
368	2172	1	6
369	2172	1	6
408	2172	2	6
464	2172	1	6
503	2172	1	6
159	2173	1	6
322	2173	1	6
403	2173	1	6
159	2175	1	6
322	2175	1	6
403	2175	1	6
159	2176	1	6
326	2176	1	6
333	2176	1	6
403	2176	1	6
159	2177	1	6
403	2177	1	6
457	2177	1	6
159	2178	1	6
381	2178	1	6
403	2178	1	6
515	2178	1	6
159	2179	1	6
322	2179	1	6
333	2179	1	6
403	2179	1	6
214	2180	4	6
200	2184	1	6
257	2184	1	6
496	2186	1	6
314	2188	1	6
357	2188	1	6
224	2189	1	6
257	2189	1	6
541	2189	1	6
257	2190	1	6
380	2190	1	6
90	2191	1	6
289	2191	1	6
496	2191	1	6
17	2194	1	6
160	2194	1	6
309	2194	1	6
531	2194	1	6
116	2195	1	6
116	2196	1	6
290	2196	1	6
392	2196	1	6
472	2197	1	6
501	2197	1	6
257	2198	1	6
496	2198	1	6
430	2199	1	6
46	2202	1	6
209	2202	1	6
411	2202	1	6
463	2202	1	6
520	2202	1	6
16	2204	1	6
90	2204	1	6
151	2204	1	6
275	2204	1	6
317	2204	1	6
527	2204	1	6
541	2204	1	6
90	2205	1	6
357	2205	1	6
530	2205	1	6
550	2205	1	6
12	2206	1	6
246	2206	1	6
257	2206	1	6
90	2207	1	6
283	2207	1	6
461	2207	1	6
160	2209	1	6
436	2209	1	6
166	2211	1	6
462	2211	1	6
436	2213	1	6
541	2213	1	6
44	2216	1	6
228	2216	1	6
370	2216	1	6
90	2219	1	6
113	2219	1	6
447	2219	1	6
257	2220	1	6
276	2220	1	6
283	2220	1	6
369	2220	1	6
461	2220	1	6
257	2221	1	6
283	2221	1	6
321	2221	1	6
401	2221	1	6
461	2221	1	6
12	2222	1	6
206	2222	1	6
256	2223	1	6
257	2223	1	6
372	2223	1	6
227	2224	1	6
209	2227	1	6
430	2227	1	6
433	2227	1	6
526	2227	1	6
257	2228	1	6
496	2228	1	6
208	2231	1	6
220	2231	1	6
471	2231	1	6
17	2232	1	6
124	2232	1	6
64	2236	1	6
153	2236	1	6
308	2236	1	6
355	2236	1	6
396	2236	2	6
469	2236	1	6
223	2239	1	6
257	2239	1	6
288	2240	1	6
466	2240	1	6
486	2240	1	6
539	2240	1	6
382	2243	1	6
28	2244	1	6
100	2244	1	6
303	2244	1	6
546	2244	1	6
82	2246	1	6
250	2246	1	6
3	2247	1	6
92	2247	1	6
96	2247	1	6
170	2247	1	6
496	2247	1	6
535	2247	1	6
536	2247	1	6
325	2248	1	6
541	2249	1	6
90	2253	1	6
250	2253	1	6
436	2253	1	6
133	2254	1	6
313	2254	1	6
385	2254	1	6
439	2254	1	6
486	2254	1	6
313	2256	1	6
385	2256	1	6
394	2256	1	6
486	2256	1	6
317	2258	1	6
439	2258	1	6
530	2258	1	6
38	2260	1	6
206	2260	2	6
252	2260	1	6
477	2260	1	6
527	2260	1	6
290	2261	1	6
382	2261	1	6
133	2271	1	6
209	2271	1	6
135	2272	1	6
343	2272	1	6
528	2272	1	6
541	2272	2	6
257	2273	1	6
4	2276	1	6
34	2276	1	6
106	2276	1	6
361	2276	1	6
527	2276	1	6
147	2280	1	6
209	2280	1	6
496	2280	1	6
537	2280	1	6
552	2280	1	6
209	2281	1	6
321	2281	1	6
378	2281	1	6
422	2281	1	6
526	2281	1	6
530	2281	1	6
37	2282	1	6
257	2282	1	6
318	2282	1	6
257	2285	1	6
125	2286	1	6
233	2286	1	6
133	2288	1	6
496	2288	1	6
537	2288	1	6
551	2290	1	6
90	2291	1	6
141	2291	1	6
218	2291	1	6
501	2291	1	6
539	2291	1	6
390	2292	1	6
541	2292	1	6
116	2297	1	6
203	2297	1	6
410	2297	1	6
422	2297	1	6
504	2297	1	6
415	2299	1	6
500	2299	1	6
56	2304	1	6
121	2304	1	6
125	2304	1	6
176	2305	1	6
176	2307	1	6
193	2307	1	6
539	2307	1	6
528	2308	1	6
534	2308	1	6
223	2313	1	6
237	2313	1	6
283	2313	1	6
461	2313	1	6
90	2316	1	6
151	2316	1	6
214	2316	5	6
341	2316	1	6
357	2319	1	6
17	2327	1	6
348	2327	1	6
496	2327	1	6
550	2327	1	6
348	2328	1	6
398	2328	1	6
496	2328	1	6
96	2331	1	6
257	2333	1	6
301	2333	1	6
123	2335	1	6
470	2335	1	6
530	2335	1	6
53	2337	1	6
153	2337	1	6
264	2337	1	6
308	2337	3	6
312	2337	1	6
500	2337	1	6
176	2341	1	6
195	2341	1	6
215	2342	1	6
317	2342	1	6
90	2343	2	6
166	2343	1	6
222	2343	1	6
253	2343	1	6
326	2343	1	6
407	2343	1	6
527	2343	1	6
223	2344	1	6
257	2344	1	6
369	2344	1	6
407	2344	1	6
461	2344	1	6
148	2347	1	6
382	2347	1	6
85	2348	1	6
300	2348	1	6
336	2348	1	6
496	2348	1	6
195	2349	1	6
363	2349	1	6
470	2349	1	6
499	2349	1	6
503	2349	1	6
528	2349	1	6
244	2351	1	6
275	2355	1	6
411	2357	1	6
414	2357	1	6
526	2357	1	6
84	2358	1	6
325	2358	1	6
382	2358	1	6
165	2360	1	6
299	2360	1	6
275	2361	1	6
528	2361	1	6
275	2362	1	6
317	2362	1	6
337	2362	1	6
187	2363	1	6
257	2363	1	6
369	2363	1	6
179	2364	1	6
187	2365	1	6
257	2365	1	6
369	2365	1	6
87	2366	1	6
252	2366	1	6
343	2366	1	6
554	2366	1	6
275	2368	1	6
317	2368	1	6
357	2368	1	6
519	2368	1	6
265	2370	1	6
321	2370	1	6
307	2372	1	6
515	2372	1	6
119	2373	1	6
496	2373	1	6
88	2374	1	6
207	2374	1	6
355	2374	1	6
446	2374	1	6
463	2374	1	6
168	2375	1	6
250	2375	1	6
496	2375	1	6
119	2378	1	6
541	2378	1	6
257	2381	1	6
257	2382	1	6
261	2382	1	6
245	2383	1	6
350	2383	1	6
541	2383	1	6
270	2385	2	6
517	2385	1	6
264	2386	1	6
326	2386	1	6
544	2386	2	6
420	2387	1	6
525	2387	1	6
527	2387	1	6
192	2390	1	6
227	2390	1	6
135	2395	1	6
206	2395	1	6
121	2396	1	6
197	2396	1	6
455	2396	1	6
496	2396	1	6
520	2396	1	6
541	2396	1	6
3	2397	1	6
380	2397	1	6
402	2397	1	6
492	2397	1	6
479	2399	1	6
180	2402	1	6
232	2405	1	6
246	2405	1	6
301	2405	1	6
351	2405	1	6
407	2405	1	6
433	2405	1	6
130	2407	1	6
535	2407	1	6
536	2407	1	6
62	2411	1	6
195	2411	1	6
180	2413	1	6
250	2413	1	6
283	2413	1	6
461	2413	1	6
496	2413	1	6
525	2413	1	6
371	2418	1	6
496	2418	1	6
74	2420	1	6
257	2420	1	6
440	2420	1	6
141	2421	1	6
257	2421	1	6
300	2423	1	6
317	2423	1	6
57	2428	1	6
340	2428	1	6
96	2430	1	6
130	2430	1	6
257	2430	1	6
260	2430	1	6
462	2430	1	6
536	2430	1	6
22	2432	1	6
215	2432	1	6
348	2433	1	6
433	2433	1	6
458	2437	1	6
505	2437	1	6
188	2439	1	6
384	2439	1	6
517	2439	1	6
433	2442	1	6
458	2442	1	6
525	2442	1	6
90	2443	1	6
528	2443	1	6
55	2444	1	6
174	2444	1	6
492	2444	1	6
90	2445	1	6
96	2445	1	6
341	2445	1	6
505	2445	1	6
530	2445	1	6
215	2460	1	6
235	2460	1	6
228	2462	1	6
345	2462	1	6
496	2462	1	6
283	2464	1	6
401	2464	1	6
461	2464	1	6
525	2464	1	6
90	2466	2	6
288	2466	1	6
303	2466	1	6
398	2466	1	6
433	2466	1	6
446	2466	1	6
521	2466	1	6
96	2467	1	6
257	2467	1	6
283	2467	1	6
461	2467	1	6
30	2470	1	6
426	2470	1	6
41	2471	1	6
501	2471	1	6
543	2471	1	6
147	2473	1	6
277	2473	1	6
322	2473	1	6
528	2475	1	6
545	2475	1	6
144	2480	1	6
316	2480	1	6
423	2480	1	6
112	2481	1	6
257	2481	1	6
345	2481	1	6
172	2484	1	6
253	2484	1	6
341	2484	1	6
504	2487	1	6
506	2487	1	6
90	2489	1	6
303	2489	1	6
384	2489	1	6
44	2491	1	6
228	2491	1	6
39	2492	1	6
207	2492	1	6
326	2494	1	6
549	2494	1	6
173	2498	1	6
511	2498	1	6
257	2499	1	6
119	2502	1	6
123	2502	1	6
397	2502	1	6
299	2503	1	6
466	2503	1	6
319	2505	1	6
468	2505	1	6
511	2505	1	6
512	2505	1	6
119	2510	1	6
397	2510	1	6
496	2510	1	6
44	2511	1	6
228	2511	1	6
242	2512	1	6
486	2512	1	6
220	2516	1	6
342	2516	1	6
512	2516	1	6
253	2518	1	6
333	2518	1	6
225	2522	1	6
254	2522	1	6
512	2522	1	6
242	2524	1	6
486	2524	1	6
67	2527	1	6
355	2527	1	6
422	2527	1	6
433	2527	1	6
487	2527	1	6
525	2527	1	6
165	2528	1	6
72	2531	1	6
116	2531	1	6
135	2531	1	6
316	2531	1	6
423	2531	1	6
257	2532	1	6
321	2532	1	6
6	2537	1	6
42	2537	1	6
322	2537	1	6
411	2537	1	6
96	2538	1	6
375	2538	1	6
416	2538	1	6
550	2538	1	6
203	2547	1	6
34	2548	1	6
90	2550	1	6
397	2550	2	6
430	2550	1	6
519	2550	1	6
543	2551	1	6
83	2553	1	6
251	2553	1	6
257	2553	1	6
276	2553	1	6
369	2553	1	6
407	2553	1	6
196	2560	1	6
257	2560	1	6
264	2560	1	6
496	2560	1	6
535	2560	1	6
541	2560	1	6
486	2562	1	6
496	2562	1	6
522	2562	1	6
35	2563	1	6
321	2563	1	6
383	2563	1	6
551	2563	1	6
75	2565	1	6
283	2565	1	6
461	2565	1	6
558	2566	1	6
227	2571	1	6
432	2571	1	6
496	2571	1	6
527	2571	1	6
188	2574	1	6
220	2574	1	6
375	2574	1	6
523	2574	1	6
30	2575	1	6
44	2575	1	6
198	2575	1	6
366	2575	1	6
415	2575	1	6
456	2575	1	6
541	2575	1	6
198	2578	1	6
368	2578	1	6
179	2580	1	6
388	2580	1	6
501	2580	1	6
419	2582	1	6
257	2587	1	6
262	2587	1	6
266	2587	1	6
89	2589	1	6
94	2589	1	6
109	2589	1	6
257	2589	1	6
363	2589	1	6
527	2589	1	6
531	2589	1	6
61	2590	1	6
264	2590	1	6
288	2590	1	6
109	2592	1	6
14	2593	1	6
242	2593	1	6
419	2593	1	6
397	2594	1	6
176	2595	1	6
375	2595	1	6
61	2597	1	6
90	2597	1	6
257	2597	1	6
501	2597	1	6
123	2601	1	6
289	2601	1	6
363	2602	1	6
61	2608	1	6
133	2608	1	6
527	2608	1	6
105	2612	1	6
215	2612	1	6
241	2612	1	6
433	2612	1	6
12	2613	1	6
496	2613	1	6
457	2614	1	6
496	2615	1	6
558	2615	1	6
330	2616	1	6
11	2618	1	6
153	2618	1	6
503	2618	1	6
119	2627	1	6
262	2627	1	6
307	2627	1	6
363	2627	1	6
430	2627	1	6
516	2627	1	6
533	2627	1	6
541	2627	1	6
83	2629	1	6
94	2629	1	6
203	2629	1	6
257	2629	1	6
457	2629	1	6
199	2631	1	6
434	2631	1	6
558	2634	1	6
199	2636	1	6
207	2636	1	6
240	2636	1	6
434	2636	1	6
34	2639	1	6
199	2639	1	6
527	2639	1	6
541	2639	1	6
443	2640	1	6
123	2643	1	6
234	2643	1	6
414	2643	1	6
29	2647	1	6
342	2647	1	6
453	2648	1	6
518	2648	1	6
521	2648	1	6
102	2651	1	6
107	2651	1	6
206	2651	1	6
102	2652	1	6
308	2652	1	6
537	2652	1	6
96	2654	1	6
245	2654	1	6
181	2659	1	6
257	2659	1	6
353	2659	1	6
491	2659	1	6
272	2660	1	6
525	2660	1	6
418	2662	1	6
44	2663	1	6
228	2663	1	6
36	2664	1	6
117	2664	1	6
503	2664	1	6
4	2666	1	6
242	2666	1	6
382	2666	1	6
527	2666	2	6
33	2669	1	6
218	2669	1	6
257	2670	1	6
496	2670	1	6
528	2670	1	6
230	2672	1	6
300	2672	1	6
475	2672	1	6
496	2672	1	6
498	2672	1	6
46	2677	1	6
396	2677	1	6
433	2677	1	6
466	2677	1	6
15	2678	1	6
321	2678	1	6
505	2683	1	6
537	2683	1	6
46	2685	1	6
73	2685	1	6
264	2685	2	6
313	2685	1	6
402	2685	1	6
8	2686	1	6
76	2686	1	6
80	2686	1	6
221	2686	1	6
257	2686	1	6
166	2690	1	6
200	2690	1	6
158	2691	1	6
325	2691	1	6
212	2692	1	6
289	2692	1	6
246	2695	1	6
207	2697	1	6
317	2697	1	6
431	2697	2	6
533	2697	1	6
192	2700	1	6
246	2700	1	6
310	2700	1	6
45	2701	1	6
268	2701	1	6
352	2701	1	6
431	2701	1	6
527	2703	1	6
234	2705	1	6
326	2705	2	6
497	2705	1	6
558	2705	1	6
153	2706	1	6
321	2706	1	6
257	2707	1	6
78	2708	1	6
338	2708	1	6
319	2711	1	6
326	2711	1	6
44	2715	1	6
228	2715	1	6
59	2718	1	6
209	2718	1	6
246	2718	1	6
402	2718	1	6
496	2718	1	6
362	2719	1	6
400	2719	1	6
321	2721	1	6
248	2722	1	6
392	2722	1	6
453	2722	1	6
382	2725	1	6
472	2725	1	6
521	2725	1	6
547	2725	1	6
363	2726	1	6
246	2727	1	6
326	2727	1	6
456	2727	1	6
206	2728	1	6
220	2728	1	6
433	2728	1	6
496	2728	1	6
16	2729	1	6
192	2729	1	6
231	2729	1	6
382	2729	1	6
495	2729	1	6
257	10	1	7
276	10	1	7
369	10	1	7
346	15	1	7
9	23	1	7
257	23	1	7
280	23	1	7
386	23	1	7
399	23	1	7
562	23	1	7
419	25	1	7
30	27	1	7
201	27	1	7
326	27	1	7
352	27	1	7
19	28	1	7
45	28	1	7
270	28	1	7
333	28	1	7
355	28	1	7
385	28	1	7
342	31	1	7
363	31	1	7
284	45	1	7
527	45	1	7
392	46	1	7
498	48	1	7
504	48	1	7
534	48	1	7
254	49	1	7
257	49	1	7
281	49	1	7
283	49	1	7
314	49	1	7
155	52	1	7
15	53	2	7
123	53	1	7
152	53	1	7
422	53	1	7
2	55	1	7
139	55	1	7
398	55	1	7
456	55	1	7
527	55	3	7
145	56	1	7
407	56	1	7
176	57	1	7
492	57	1	7
518	57	1	7
527	57	1	7
209	62	1	7
321	62	1	7
495	62	1	7
527	62	1	7
111	67	1	7
328	72	1	7
26	73	1	7
257	73	1	7
100	77	1	7
102	77	1	7
143	77	1	7
428	77	1	7
534	100	1	7
134	101	1	7
176	101	1	7
227	101	1	7
273	101	1	7
317	101	2	7
503	101	1	7
56	106	1	7
19	110	1	7
410	119	1	7
448	119	1	7
257	126	1	7
157	130	1	7
257	130	1	7
264	130	1	7
203	131	1	7
207	131	1	7
341	131	1	7
450	131	1	7
527	136	1	7
504	144	1	7
546	144	1	7
248	153	1	7
257	153	1	7
47	155	1	7
220	158	1	7
282	158	1	7
352	158	1	7
481	158	1	7
563	158	1	7
96	160	1	7
250	160	1	7
321	160	1	7
347	160	1	7
496	160	1	7
546	160	1	7
257	163	1	7
360	163	1	7
96	175	1	7
210	175	1	7
6	179	1	7
52	179	1	7
320	179	1	7
321	179	2	7
483	179	1	7
184	187	2	7
273	187	1	7
280	187	1	7
522	187	1	7
48	192	2	7
60	192	1	7
254	192	1	7
504	192	1	7
345	195	1	7
503	195	1	7
203	200	1	7
406	200	1	7
503	202	1	7
320	205	1	7
483	205	1	7
257	206	1	7
324	209	1	7
284	213	1	7
252	217	1	7
47	218	1	7
556	218	1	7
47	233	1	7
214	235	1	7
280	235	1	7
154	243	1	7
52	245	1	7
210	245	1	7
257	245	1	7
363	245	1	7
496	245	1	7
352	248	1	7
483	248	1	7
496	248	1	7
534	248	1	7
31	250	1	7
231	250	1	7
481	250	1	7
231	252	1	7
561	252	1	7
90	259	1	7
241	259	1	7
257	259	1	7
433	259	1	7
36	261	1	7
115	261	1	7
227	261	1	7
257	261	1	7
336	261	1	7
351	261	1	7
504	261	1	7
161	264	2	7
483	264	1	7
164	270	1	7
220	270	1	7
304	270	1	7
426	270	1	7
31	280	1	7
144	286	1	7
544	286	1	7
321	288	1	7
483	288	1	7
210	289	1	7
321	291	1	7
382	291	1	7
481	291	1	7
517	291	1	7
154	294	1	7
321	294	1	7
455	294	1	7
474	295	1	7
246	296	1	7
318	301	1	7
474	301	1	7
483	301	1	7
31	308	1	7
326	308	1	7
21	316	1	7
113	316	1	7
221	316	1	7
228	321	1	7
327	321	1	7
347	321	1	7
154	329	1	7
455	329	1	7
109	333	1	7
47	334	1	7
321	345	1	7
348	345	1	7
152	347	1	7
321	349	1	7
170	356	1	7
265	356	1	7
344	356	1	7
47	357	1	7
321	365	1	7
330	365	1	7
483	365	1	7
192	367	1	7
326	367	1	7
47	380	1	7
206	381	1	7
257	381	1	7
363	381	1	7
41	382	1	7
192	382	1	7
441	382	1	7
47	385	1	7
38	386	1	7
188	386	1	7
47	393	1	7
8	395	1	7
154	395	1	7
264	395	1	7
420	395	1	7
321	396	1	7
441	396	1	7
483	396	1	7
486	396	1	7
497	396	1	7
534	396	1	7
47	399	1	7
259	399	1	7
326	399	1	7
527	407	1	7
362	417	1	7
466	420	1	7
321	422	3	7
483	422	1	7
534	422	1	7
542	422	1	7
321	426	1	7
483	426	1	7
29	429	1	7
326	429	1	7
391	430	1	7
235	431	1	7
455	431	1	7
321	433	1	7
483	433	1	7
497	433	1	7
111	435	1	7
257	435	1	7
264	435	1	7
391	437	1	7
321	440	1	7
483	440	1	7
314	452	2	7
382	452	1	7
384	452	1	7
518	452	1	7
521	452	1	7
257	454	1	7
493	454	1	7
60	455	1	7
164	455	1	7
178	455	1	7
220	455	1	7
317	455	1	7
342	455	1	7
364	455	1	7
528	455	1	7
555	455	1	7
150	461	1	7
349	461	1	7
496	461	1	7
321	464	1	7
35	466	1	7
220	466	1	7
364	466	1	7
415	466	1	7
510	466	1	7
47	471	1	7
276	473	1	7
342	473	1	7
351	473	1	7
115	475	1	7
143	475	1	7
220	475	1	7
321	475	1	7
364	475	1	7
367	475	1	7
426	475	1	7
78	476	1	7
483	480	1	7
11	481	1	7
48	481	1	7
67	481	1	7
150	481	1	7
553	481	1	7
37	483	1	7
115	483	1	7
143	483	1	7
220	483	2	7
233	483	1	7
364	483	1	7
426	483	1	7
443	483	1	7
450	483	1	7
564	483	1	7
105	484	1	7
81	490	1	7
154	490	1	7
441	490	1	7
525	490	1	7
558	490	1	7
134	492	1	7
290	492	1	7
326	492	1	7
218	499	1	7
527	500	1	7
47	501	1	7
407	501	1	7
314	505	1	7
483	505	1	7
257	509	1	7
326	509	1	7
387	509	1	7
482	509	1	7
38	518	1	7
352	525	1	7
468	525	1	7
505	525	1	7
192	526	1	7
326	526	1	7
369	526	2	7
382	526	1	7
426	526	1	7
71	534	1	7
154	534	1	7
317	534	1	7
351	534	1	7
18	536	1	7
135	536	1	7
553	536	1	7
426	537	1	7
533	537	1	7
123	538	1	7
203	538	1	7
484	538	1	7
496	538	1	7
530	538	1	7
534	538	1	7
209	540	1	7
246	540	1	7
292	540	1	7
304	540	1	7
527	540	1	7
155	542	1	7
352	542	1	7
483	542	1	7
557	542	1	7
208	544	1	7
212	544	1	7
243	544	1	7
370	544	1	7
500	544	1	7
509	544	1	7
321	546	1	7
368	546	1	7
76	547	1	7
200	547	1	7
552	547	1	7
3	548	1	7
154	548	1	7
183	548	1	7
181	549	1	7
321	549	1	7
352	549	1	7
483	549	1	7
257	550	1	7
276	550	1	7
369	550	1	7
246	561	1	7
255	561	1	7
363	561	1	7
377	561	1	7
382	563	1	7
363	567	1	7
321	568	1	7
405	605	1	7
181	570	1	7
216	570	1	7
394	570	1	7
483	577	1	7
14	594	2	7
79	594	1	7
486	598	1	7
321	602	1	7
483	602	1	7
77	614	1	7
176	614	1	7
289	614	1	7
539	614	1	7
195	617	1	7
17	621	1	7
533	621	1	7
246	622	1	7
361	622	1	7
414	622	1	7
544	622	1	7
188	624	1	7
257	624	1	7
359	625	1	7
541	625	1	7
123	626	1	7
246	626	1	7
530	626	1	7
534	626	1	7
84	629	1	7
313	633	1	7
343	633	1	7
419	633	1	7
246	635	1	7
361	635	1	7
414	635	1	7
544	635	1	7
257	636	1	7
465	636	1	7
541	636	1	7
183	641	1	7
257	641	1	7
123	649	1	7
173	649	1	7
504	649	1	7
85	658	1	7
188	658	1	7
387	658	1	7
330	660	1	7
257	661	1	7
369	661	1	7
374	661	1	7
407	661	1	7
534	665	1	7
228	668	1	7
231	671	1	7
443	671	1	7
140	673	1	7
193	676	1	7
385	676	1	7
495	676	1	7
107	680	1	7
383	680	1	7
501	680	1	7
317	684	1	7
466	684	1	7
558	684	1	7
59	685	1	7
246	685	1	7
531	685	1	7
38	689	1	7
174	689	1	7
206	689	1	7
74	691	1	7
112	691	1	7
244	691	1	7
321	691	1	7
326	691	1	7
343	691	1	7
437	691	1	7
495	691	2	7
519	691	1	7
527	691	1	7
31	693	1	7
207	727	1	7
228	727	2	7
382	727	1	7
77	729	1	7
326	729	1	7
207	733	1	7
228	733	2	7
382	733	1	7
135	737	1	7
176	737	1	7
449	737	1	7
501	737	1	7
541	737	1	7
257	741	1	7
396	741	1	7
426	741	1	7
455	752	1	7
270	753	2	7
314	753	1	7
426	753	1	7
206	770	1	7
426	770	2	7
517	770	1	7
373	775	1	7
241	781	1	7
323	783	1	7
363	791	1	7
441	791	1	7
231	802	1	7
326	808	1	7
396	808	1	7
43	810	1	7
104	810	1	7
247	811	1	7
378	811	1	7
397	811	1	7
77	813	1	7
209	813	1	7
437	813	1	7
519	813	1	7
7	815	1	7
72	815	1	7
496	815	1	7
508	815	1	7
342	819	1	7
560	825	1	7
62	826	1	7
145	832	1	7
203	832	1	7
450	832	1	7
486	832	1	7
543	832	1	7
57	833	1	7
257	834	1	7
364	834	1	7
511	834	1	7
326	837	1	7
396	837	1	7
161	844	1	7
214	844	1	7
186	845	1	7
217	845	1	7
257	845	1	7
43	851	1	7
60	851	1	7
234	851	1	7
437	851	1	7
499	851	1	7
528	851	1	7
77	858	1	7
136	858	1	7
527	858	1	7
44	859	1	7
160	859	1	7
129	867	1	7
340	867	1	7
325	869	1	7
342	869	1	7
528	869	1	7
421	877	1	7
504	877	1	7
216	879	1	7
289	893	1	7
531	897	1	7
476	899	1	7
43	900	1	7
218	916	1	7
270	916	1	7
496	916	1	7
25	926	1	7
181	926	1	7
250	926	1	7
321	926	1	7
350	926	1	7
555	926	1	7
188	934	1	7
421	938	1	7
504	938	1	7
519	941	1	7
216	942	1	7
277	942	1	7
497	943	1	7
13	944	1	7
257	944	1	7
360	944	1	7
526	944	1	7
540	944	1	7
562	944	1	7
140	946	1	7
411	946	1	7
426	946	1	7
466	946	1	7
206	948	1	7
263	948	1	7
359	948	1	7
406	948	1	7
96	952	1	7
231	952	1	7
111	955	1	7
463	955	1	7
486	955	1	7
196	965	1	7
188	968	1	7
225	968	1	7
257	968	1	7
426	968	2	7
556	968	1	7
50	971	1	7
78	971	1	7
184	971	1	7
216	971	1	7
246	971	1	7
257	976	1	7
437	976	1	7
562	976	1	7
64	977	1	7
503	977	1	7
6	986	1	7
114	986	1	7
203	986	1	7
330	986	1	7
546	986	1	7
448	990	1	7
355	998	1	7
419	998	1	7
309	1003	1	7
218	1004	1	7
365	1004	1	7
433	1010	1	7
503	1010	1	7
257	1012	1	7
372	1012	1	7
478	1012	1	7
246	1013	1	7
503	1014	1	7
178	1018	1	7
367	1018	1	7
385	1018	1	7
257	1022	1	7
385	1029	1	7
528	1029	1	7
110	1032	1	7
257	1032	1	7
346	1032	1	7
2	1034	1	7
245	1034	1	7
450	1034	1	7
520	1035	1	7
541	1035	1	7
36	1039	1	7
115	1039	1	7
227	1039	1	7
257	1039	1	7
336	1039	1	7
351	1039	1	7
321	1042	1	7
326	1048	1	7
426	1048	1	7
469	1048	1	7
426	1052	1	7
342	1053	1	7
453	1053	1	7
539	1053	1	7
458	1055	1	7
527	1055	1	7
207	1057	1	7
453	1057	1	7
541	1057	1	7
257	1058	1	7
2	1059	1	7
346	1059	1	7
69	1060	1	7
430	1060	1	7
537	1060	1	7
39	1061	1	7
92	1061	1	7
363	1061	1	7
503	1061	1	7
362	1063	1	7
527	1063	1	7
385	1064	1	7
75	1067	1	7
257	1067	1	7
494	1068	1	7
525	1068	1	7
257	1070	1	7
276	1070	1	7
369	1070	1	7
26	1071	1	7
30	1071	2	7
112	1071	1	7
239	1071	1	7
326	1071	1	7
502	1071	1	7
527	1071	1	7
558	1071	1	7
350	1072	1	7
257	1074	1	7
218	1075	2	7
496	1075	1	7
250	1076	1	7
258	1076	1	7
326	1076	1	7
513	1076	1	7
416	1077	1	7
115	1079	1	7
218	1082	1	7
222	1082	1	7
387	1082	1	7
321	1084	1	7
463	1084	1	7
465	1084	1	7
481	1084	1	7
486	1084	1	7
11	1085	1	7
105	1085	1	7
107	1085	1	7
86	1088	1	7
195	1088	1	7
411	1088	1	7
529	1089	1	7
143	1090	1	7
168	1090	1	7
326	1090	1	7
448	1090	1	7
529	1090	1	7
186	1091	1	7
496	1092	1	7
541	1092	1	7
186	1093	1	7
362	1093	1	7
477	1093	1	7
527	1093	1	7
109	1095	1	7
186	1095	1	7
252	1095	1	7
321	1095	2	7
548	1095	1	7
552	1095	1	7
37	1096	1	7
82	1096	1	7
456	1096	1	7
518	1096	1	7
227	1097	1	7
340	1097	1	7
496	1097	1	7
510	1097	1	7
170	1098	1	7
355	1098	1	7
33	1099	1	7
541	1100	1	7
110	1101	1	7
121	1101	1	7
214	1101	2	7
216	1101	1	7
382	1101	1	7
110	1102	1	7
186	1102	1	7
321	1102	1	7
363	1102	1	7
548	1102	1	7
206	1104	1	7
321	1104	1	7
241	1105	1	7
321	1105	1	7
411	1105	1	7
531	1105	1	7
548	1105	1	7
406	1106	1	7
476	1106	1	7
60	1107	1	7
516	1107	1	7
548	1107	1	7
183	1110	1	7
558	1110	1	7
518	1111	1	7
37	1114	1	7
506	1114	1	7
181	1115	1	7
344	1115	1	7
383	1115	1	7
37	1117	1	7
109	1118	1	7
210	1118	1	7
227	1118	1	7
262	1118	1	7
337	1119	1	7
444	1119	1	7
422	1121	1	7
363	1123	1	7
72	1125	1	7
244	1127	1	7
246	1128	1	7
528	1128	1	7
79	1129	1	7
185	1135	1	7
389	1135	1	7
515	1135	1	7
546	1135	1	7
547	1135	1	7
61	1137	1	7
388	1137	1	7
471	1137	1	7
520	1137	1	7
231	1140	1	7
317	1140	1	7
391	1140	1	7
486	1140	1	7
527	1140	1	7
321	1142	1	7
389	1142	1	7
528	1142	1	7
89	1148	1	7
210	1148	1	7
321	1148	1	7
548	1149	1	7
213	1150	1	7
123	1153	1	7
246	1153	1	7
527	1153	1	7
91	1154	1	7
236	1154	1	7
295	1154	1	7
305	1154	1	7
372	1154	1	7
176	1155	1	7
500	1155	1	7
206	1157	1	7
321	1157	1	7
337	1162	1	7
200	1163	1	7
415	1163	1	7
218	1166	1	7
239	1166	1	7
321	1168	1	7
200	1169	1	7
415	1169	1	7
41	1172	1	7
78	1172	1	7
134	1172	1	7
176	1173	1	7
220	1173	1	7
411	1173	1	7
452	1173	1	7
486	1173	1	7
548	1173	1	7
555	1173	1	7
20	1175	1	7
489	1175	1	7
59	1176	1	7
254	1176	1	7
283	1176	1	7
461	1176	1	7
76	1184	1	7
214	1184	2	7
76	1185	1	7
11	1187	2	7
76	1187	1	7
166	1187	1	7
527	1187	2	7
546	1187	1	7
548	1187	1	7
56	1189	1	7
76	1189	1	7
243	1189	1	7
322	1189	1	7
326	1189	1	7
546	1189	1	7
548	1189	1	7
376	1190	1	7
394	1190	1	7
548	1190	1	7
11	1191	1	7
76	1191	1	7
229	1191	1	7
362	1191	1	7
527	1191	3	7
114	1193	1	7
120	1193	1	7
220	1193	1	7
411	1193	1	7
527	1193	1	7
541	1193	1	7
548	1193	1	7
169	1194	1	7
208	1194	1	7
264	1194	1	7
351	1194	1	7
51	1195	1	7
123	1195	1	7
418	1195	1	7
548	1195	1	7
11	1197	1	7
84	1197	1	7
203	1197	1	7
229	1197	1	7
496	1197	1	7
527	1197	1	7
533	1197	1	7
548	1197	1	7
207	1199	1	7
342	1199	1	7
363	1199	1	7
376	1199	2	7
441	1199	1	7
455	1199	2	7
548	1199	1	7
11	1200	2	7
76	1200	1	7
344	1200	1	7
376	1200	2	7
455	1200	1	7
527	1200	3	7
548	1200	1	7
11	1201	1	7
76	1201	1	7
249	1201	1	7
546	1201	1	7
257	1202	1	7
280	1202	1	7
369	1202	1	7
407	1202	1	7
257	1203	1	7
351	1203	1	7
130	1204	1	7
257	1204	1	7
423	1206	1	7
556	1206	1	7
89	1207	1	7
228	1207	1	7
233	1207	1	7
246	1207	1	7
303	1207	1	7
496	1207	1	7
257	1209	1	7
276	1209	1	7
369	1209	1	7
134	1210	1	7
129	1212	1	7
209	1212	1	7
471	1212	1	7
501	1212	1	7
530	1212	1	7
68	1215	1	7
209	1215	1	7
323	1215	1	7
13	1220	1	7
257	1220	1	7
276	1220	1	7
369	1220	1	7
256	1222	1	7
448	1222	1	7
9	1224	1	7
257	1224	1	7
262	1224	1	7
541	1224	1	7
54	1225	1	7
62	1225	1	7
257	1225	1	7
281	1225	1	7
384	1225	1	7
206	1226	1	7
260	1226	1	7
515	1226	1	7
96	1227	1	7
75	1229	1	7
111	1229	1	7
185	1229	1	7
463	1229	1	7
264	1230	1	7
453	1230	1	7
257	1231	1	7
369	1231	1	7
30	1232	1	7
44	1232	1	7
228	1232	1	7
327	1232	1	7
23	1235	1	7
71	1235	1	7
264	1235	1	7
303	1235	1	7
541	1235	1	7
163	1236	2	7
253	1236	2	7
433	1236	1	7
119	1239	1	7
164	1239	1	7
245	1239	1	7
372	1239	1	7
419	1239	1	7
516	1239	1	7
529	1239	1	7
541	1239	1	7
117	1240	1	7
184	1240	1	7
256	1240	1	7
527	1240	2	7
117	1242	1	7
253	1242	1	7
266	1242	1	7
489	1242	1	7
143	1243	1	7
406	1243	1	7
412	1243	1	7
418	1243	1	7
466	1243	1	7
527	1243	1	7
82	1244	1	7
170	1244	1	7
207	1244	1	7
209	1244	1	7
321	1244	1	7
527	1244	3	7
221	1252	1	7
314	1252	1	7
321	1252	1	7
257	1253	1	7
336	1253	1	7
531	1253	1	7
176	1263	1	7
349	1263	1	7
430	1263	1	7
560	1263	1	7
37	1264	1	7
76	1264	1	7
142	1264	1	7
166	1264	1	7
229	1264	1	7
257	1267	1	7
276	1267	1	7
369	1267	1	7
349	1271	1	7
496	1273	1	7
536	1273	1	7
96	1277	1	7
551	1277	1	7
210	1278	1	7
257	1278	1	7
496	1278	1	7
529	1278	2	7
297	1280	1	7
151	1283	1	7
163	1283	1	7
209	1283	1	7
246	1283	1	7
331	1283	1	7
429	1283	1	7
501	1283	1	7
528	1283	1	7
130	1286	1	7
196	1286	1	7
85	1292	1	7
257	1292	1	7
496	1292	1	7
179	1294	1	7
333	1294	1	7
349	1294	1	7
496	1294	1	7
509	1294	1	7
331	1295	1	7
429	1295	1	7
508	1295	1	7
38	1296	1	7
387	1296	1	7
496	1296	1	7
182	1299	1	7
331	1299	1	7
429	1299	1	7
3	1302	1	7
440	1302	1	7
496	1302	1	7
536	1302	1	7
182	1304	1	7
321	1304	1	7
331	1304	1	7
429	1304	1	7
463	1304	1	7
1	1308	1	7
257	1308	1	7
496	1308	1	7
303	1310	1	7
317	1310	1	7
321	1310	1	7
331	1310	1	7
429	1310	1	7
38	1311	1	7
257	1311	1	7
314	1311	1	7
190	1319	1	7
453	1319	1	7
136	1322	1	7
236	1322	1	7
438	1322	1	7
547	1322	1	7
136	1323	1	7
236	1323	1	7
438	1323	1	7
547	1323	1	7
259	1333	1	7
504	1333	1	7
5	1335	1	7
96	1335	1	7
139	1343	1	7
188	1343	1	7
387	1343	1	7
525	1348	1	7
321	1360	1	7
547	1360	1	7
38	1362	1	7
96	1362	2	7
257	1362	1	7
345	1362	1	7
349	1362	1	7
496	1362	1	7
527	1362	1	7
349	1363	1	7
48	1364	1	7
314	1364	1	7
329	1364	1	7
349	1364	1	7
416	1364	1	7
496	1364	1	7
527	1364	1	7
175	1368	1	7
455	1368	1	7
175	1374	1	7
382	1374	1	7
412	1374	1	7
445	1374	2	7
553	1374	1	7
257	1376	1	7
276	1376	1	7
369	1376	1	7
493	1376	1	7
127	1379	1	7
158	1379	1	7
261	1379	1	7
534	1379	1	7
48	1388	1	7
321	1388	1	7
350	1388	1	7
257	1394	1	7
276	1394	2	7
310	1394	1	7
311	1394	1	7
369	1394	1	7
464	1394	1	7
183	1397	1	7
280	1397	1	7
288	1397	1	7
343	1397	1	7
382	1397	1	7
391	1397	1	7
162	1398	1	7
210	1398	1	7
257	1398	1	7
354	1398	1	7
103	1400	1	7
198	1400	1	7
290	1400	1	7
486	1400	1	7
207	1404	1	7
314	1404	1	7
209	1416	1	7
4	1417	1	7
253	1417	1	7
527	1417	1	7
529	1417	1	7
228	1419	2	7
209	1421	1	7
463	1421	1	7
220	1425	1	7
437	1425	1	7
284	1430	1	7
391	1430	1	7
496	1430	1	7
496	1433	1	7
537	1433	1	7
134	1435	1	7
88	1450	1	7
216	1450	1	7
366	1450	1	7
466	1450	1	7
65	1451	1	7
83	1451	1	7
257	1451	1	7
276	1451	2	7
369	1451	1	7
493	1451	1	7
302	1457	1	7
333	1457	1	7
431	1457	1	7
489	1457	1	7
96	1458	1	7
349	1481	1	7
483	1484	1	7
541	1484	1	7
298	1485	1	7
148	1487	1	7
297	1487	1	7
104	1490	1	7
321	1490	1	7
531	1490	1	7
108	1492	1	7
257	1492	1	7
333	1492	1	7
432	1492	1	7
496	1492	1	7
537	1492	1	7
463	1493	1	7
492	1493	1	7
157	1495	1	7
167	1495	1	7
258	1495	1	7
549	1495	1	7
1	1496	1	7
396	1496	1	7
437	1496	1	7
516	1496	1	7
227	1499	1	7
317	1499	1	7
170	1502	1	7
176	1502	1	7
244	1502	1	7
455	1502	1	7
503	1502	1	7
257	1504	1	7
382	1504	1	7
409	1504	1	7
90	1505	1	7
101	1505	1	7
341	1505	1	7
474	1505	1	7
551	1505	1	7
19	1506	1	7
85	1506	1	7
257	1506	1	7
359	1506	1	7
360	1506	1	7
496	1506	1	7
536	1506	1	7
490	1508	1	7
95	1510	1	7
281	1510	1	7
294	1510	1	7
448	1510	1	7
52	1517	1	7
212	1517	1	7
95	1524	1	7
260	1524	1	7
191	1530	1	7
218	1533	1	7
257	1533	1	7
318	1533	1	7
321	1533	1	7
345	1533	2	7
349	1533	1	7
451	1533	1	7
537	1533	1	7
254	1547	1	7
207	1551	1	7
426	1551	1	7
453	1551	1	7
466	1551	1	7
314	1565	1	7
227	1576	1	7
527	1576	1	7
48	1594	1	7
157	1594	1	7
207	1594	1	7
250	1594	1	7
381	1594	1	7
465	1594	1	7
173	1613	1	7
321	1613	1	7
352	1613	1	7
405	1613	1	7
515	1613	1	7
41	1614	1	7
130	1614	1	7
191	1614	1	7
342	1614	1	7
525	1614	1	7
29	1618	2	7
56	1618	1	7
72	1618	2	7
206	1618	1	7
138	1627	1	7
149	1627	1	7
257	1627	1	7
369	1627	1	7
402	1627	1	7
243	1631	2	7
262	1631	1	7
407	1632	1	7
59	1641	1	7
547	1641	1	7
564	1641	1	7
257	1645	1	7
308	1645	1	7
333	1645	1	7
338	1645	1	7
426	1645	1	7
192	1646	1	7
321	1647	1	7
541	1647	1	7
184	1649	1	7
347	1649	1	7
476	1650	1	7
496	1650	1	7
527	1652	1	7
227	1657	1	7
39	1658	1	7
233	1658	1	7
243	1658	1	7
314	1658	1	7
443	1658	1	7
251	1659	1	7
292	1659	1	7
496	1659	1	7
527	1659	1	7
335	1661	1	7
109	1666	1	7
257	1666	1	7
333	1666	1	7
382	1666	1	7
257	1668	1	7
333	1668	1	7
339	1668	1	7
382	1668	1	7
428	1668	1	7
157	1673	1	7
257	1673	1	7
449	1673	1	7
257	1692	1	7
369	1692	1	7
246	1696	1	7
463	1696	1	7
43	1699	1	7
297	1699	1	7
317	1699	1	7
497	1699	1	7
321	1701	1	7
335	1701	1	7
167	1702	1	7
257	1704	1	7
276	1704	1	7
369	1704	1	7
493	1704	1	7
257	1705	1	7
276	1705	1	7
354	1705	1	7
369	1705	1	7
461	1705	1	7
164	1717	1	7
257	1717	1	7
276	1717	1	7
310	1717	1	7
311	1717	1	7
464	1717	1	7
90	1723	1	7
164	1723	1	7
43	1724	1	7
321	1724	1	7
547	1724	1	7
257	1727	1	7
296	1727	1	7
467	1727	1	7
501	1727	1	7
3	1731	1	7
5	1731	1	7
307	1731	1	7
233	1743	1	7
257	1744	1	7
369	1744	1	7
507	1744	1	7
69	1750	1	7
450	1750	1	7
454	1750	1	7
563	1750	2	7
564	1750	1	7
178	1752	2	7
367	1752	1	7
563	1752	1	7
106	1755	1	7
136	1755	1	7
541	1755	1	7
562	1755	1	7
40	1774	1	7
335	1774	1	7
321	1776	1	7
335	1776	1	7
553	1776	1	7
29	1778	1	7
136	1778	1	7
496	1778	1	7
12	1789	2	7
76	1789	1	7
334	1789	1	7
373	1789	1	7
417	1789	1	7
479	1789	1	7
527	1789	1	7
40	1800	1	7
190	1800	1	7
333	1800	1	7
173	1807	1	7
317	1810	1	7
450	1810	1	7
257	1819	1	7
496	1819	1	7
498	1819	1	7
426	1822	1	7
72	1824	1	7
176	1824	1	7
220	1824	1	7
241	1824	1	7
359	1824	1	7
426	1824	1	7
433	1824	1	7
450	1824	1	7
257	1825	1	7
296	1825	1	7
501	1825	1	7
167	1826	1	7
188	1830	1	7
236	1830	1	7
330	1831	1	7
277	1832	1	7
447	1832	1	7
501	1832	1	7
129	1839	1	7
176	1839	1	7
216	1839	1	7
362	1839	1	7
382	1839	1	7
527	1839	1	7
246	1852	1	7
60	1857	1	7
321	1857	1	7
44	1859	1	7
186	1859	1	7
218	1859	1	7
551	1859	1	7
214	1860	1	7
257	1860	1	7
370	1860	1	7
210	1861	1	7
388	1861	1	7
407	1878	1	7
94	1879	1	7
8	1880	1	7
257	1880	1	7
493	1880	1	7
562	1880	1	7
201	1882	1	7
183	1890	1	7
280	1890	1	7
296	1890	1	7
509	1890	1	7
155	1896	1	7
304	1896	1	7
347	1896	1	7
253	1898	1	7
337	1898	1	7
496	1898	1	7
278	1901	1	7
546	1901	1	7
560	1901	1	7
20	1907	1	7
60	1907	1	7
363	1907	1	7
479	1907	1	7
12	1918	1	7
257	1918	1	7
326	1918	1	7
363	1918	1	7
445	1918	1	7
455	1918	1	7
456	1918	1	7
496	1918	1	7
105	1921	1	7
411	1927	1	7
56	1928	1	7
113	1928	1	7
145	1928	1	7
246	1928	1	7
180	1936	1	7
307	1936	1	7
339	1936	1	7
374	1936	1	7
73	1939	1	7
81	1939	1	7
257	1939	1	7
283	1939	1	7
461	1939	1	7
467	1939	1	7
503	1939	1	7
36	1941	1	7
230	1941	2	7
475	1941	1	7
515	1941	1	7
523	1941	2	7
535	1941	1	7
148	1949	1	7
152	1949	2	7
473	1949	1	7
31	1956	1	7
97	1966	1	7
180	1966	1	7
257	1966	1	7
467	1966	1	7
197	1972	1	7
318	1972	1	7
249	1978	1	7
326	1978	1	7
504	1978	1	7
501	1979	1	7
532	1979	1	7
83	1984	1	7
251	1984	1	7
253	1984	1	7
257	1984	1	7
276	1984	1	7
257	1986	1	7
369	1986	1	7
387	1986	1	7
556	1990	1	7
466	1996	1	7
257	2000	1	7
60	2001	1	7
549	2001	1	7
257	2005	1	7
333	2005	1	7
402	2005	1	7
204	2006	1	7
257	2006	1	7
276	2006	1	7
369	2006	1	7
198	2008	1	7
308	2008	1	7
257	2009	1	7
390	2009	1	7
90	2010	1	7
243	2010	1	7
357	2010	1	7
496	2010	1	7
59	2011	1	7
178	2011	1	7
408	2017	1	7
455	2017	1	7
529	2017	1	7
318	2019	1	7
130	2021	1	7
496	2021	1	7
312	2030	1	7
408	2030	1	7
257	2034	1	7
276	2034	1	7
369	2034	1	7
493	2034	1	7
96	2036	1	7
176	2036	1	7
296	2036	1	7
19	2040	1	7
82	2040	2	7
498	2040	1	7
517	2040	1	7
527	2040	1	7
181	2042	1	7
426	2042	1	7
464	2042	1	7
469	2042	1	7
288	2043	1	7
426	2043	1	7
60	2047	1	7
178	2047	1	7
426	2047	1	7
427	2047	1	7
564	2047	1	7
64	2049	1	7
115	2049	1	7
143	2049	1	7
426	2049	1	7
549	2049	1	7
357	2052	1	7
115	2074	1	7
120	2074	1	7
143	2074	1	7
257	2074	1	7
411	2074	1	7
395	2075	1	7
183	2079	1	7
410	2079	1	7
55	2084	1	7
119	2084	1	7
257	2084	1	7
313	2084	1	7
314	2084	1	7
427	2084	1	7
538	2084	1	7
246	2085	1	7
327	2090	1	7
482	2090	1	7
135	2094	1	7
248	2094	1	7
289	2094	1	7
450	2094	1	7
169	2095	1	7
41	2099	1	7
144	2099	1	7
189	2099	1	7
257	2099	1	7
370	2099	1	7
496	2101	1	7
383	2120	1	7
411	2120	1	7
527	2120	1	7
549	2120	1	7
257	2122	1	7
277	2122	1	7
322	2122	1	7
527	2128	1	7
528	2128	2	7
415	2149	1	7
118	2155	1	7
176	2155	1	7
303	2155	1	7
504	2155	1	7
13	2156	1	7
184	2156	1	7
309	2156	1	7
355	2156	1	7
394	2156	1	7
496	2156	1	7
194	2200	1	7
342	2200	1	7
525	2200	1	7
255	2201	1	7
327	2201	1	7
29	2203	1	7
207	2203	1	7
326	2203	1	7
184	2210	1	7
188	2210	1	7
349	2210	1	7
496	2210	1	7
527	2210	1	7
546	2210	1	7
155	2229	1	7
257	2229	1	7
370	2229	1	7
407	2229	1	7
115	2237	1	7
257	2237	1	7
420	2237	1	7
448	2237	1	7
504	2238	1	7
161	2245	1	7
30	2251	1	7
348	2251	1	7
228	2257	1	7
257	2257	1	7
369	2257	1	7
505	2257	1	7
325	2263	1	7
355	2263	1	7
496	2263	1	7
534	2263	1	7
41	2264	1	7
164	2264	1	7
257	2264	1	7
233	2266	1	7
246	2266	1	7
257	2266	1	7
276	2266	1	7
280	2266	1	7
464	2266	1	7
133	2267	1	7
176	2267	1	7
137	2274	1	7
248	2274	1	7
262	2274	1	7
38	2278	1	7
554	2278	1	7
71	2279	2	7
264	2279	1	7
378	2284	1	7
482	2284	1	7
257	2287	1	7
426	2287	1	7
257	2296	1	7
276	2296	1	7
369	2296	1	7
183	2301	1	7
253	2301	1	7
313	2301	1	7
511	2302	1	7
321	2303	1	7
53	2306	1	7
227	2306	1	7
257	2306	1	7
426	2306	1	7
115	2312	1	7
257	2312	1	7
276	2312	1	7
342	2312	1	7
407	2312	1	7
444	2312	1	7
281	2320	1	7
321	2320	1	7
480	2320	1	7
263	2321	1	7
57	2322	1	7
206	2322	1	7
218	2322	1	7
398	2322	1	7
164	2324	1	7
231	2324	1	7
262	2324	1	7
382	2324	1	7
541	2324	1	7
80	2338	1	7
221	2338	2	7
415	2338	1	7
453	2338	1	7
502	2338	1	7
527	2338	1	7
321	2339	1	7
342	2339	1	7
480	2339	1	7
513	2339	1	7
555	2340	1	7
65	2345	1	7
113	2345	1	7
140	2345	1	7
295	2345	1	7
563	2345	1	7
564	2345	1	7
144	2350	1	7
321	2350	1	7
541	2350	1	7
241	2354	1	7
264	2354	1	7
64	2356	1	7
257	2356	1	7
492	2356	1	7
130	2367	1	7
206	2367	1	7
257	2367	1	7
496	2367	1	7
257	2371	1	7
435	2371	1	7
493	2371	2	7
35	2377	1	7
196	2377	1	7
313	2377	1	7
367	2377	1	7
496	2377	1	7
563	2377	1	7
263	2384	1	7
480	2384	1	7
44	2388	1	7
52	2388	1	7
346	2388	1	7
480	2388	1	7
515	2388	1	7
430	2389	1	7
453	2389	1	7
257	2392	1	7
504	2392	1	7
257	2393	1	7
314	2393	1	7
504	2393	1	7
46	2398	1	7
321	2400	1	7
389	2400	1	7
437	2400	1	7
541	2400	1	7
59	2401	1	7
93	2401	1	7
321	2401	1	7
480	2401	1	7
40	2406	1	7
152	2406	1	7
181	2406	1	7
229	2406	1	7
480	2408	1	7
397	2409	1	7
407	2409	1	7
95	2410	1	7
522	2410	1	7
527	2410	1	7
382	2412	1	7
495	2412	1	7
173	2414	1	7
531	2414	1	7
109	2415	1	7
209	2415	1	7
264	2415	1	7
480	2415	1	7
160	2417	1	7
257	2417	1	7
314	2417	1	7
493	2417	1	7
489	2424	1	7
240	2425	1	7
496	2427	1	7
541	2427	1	7
442	2429	1	7
189	2431	1	7
325	2431	1	7
453	2431	1	7
486	2431	1	7
442	2434	1	7
257	2436	1	7
390	2436	1	7
60	2446	1	7
188	2446	1	7
173	2447	1	7
173	2449	1	7
157	2450	1	7
263	2450	1	7
326	2450	1	7
363	2450	1	7
417	2450	1	7
480	2450	1	7
549	2450	1	7
326	2452	1	7
264	2454	1	7
60	2455	2	7
60	2459	1	7
188	2459	1	7
281	2461	1	7
503	2461	1	7
198	2465	1	7
232	2465	1	7
240	2465	1	7
241	2465	1	7
433	2465	1	7
32	2469	1	7
527	2469	1	7
108	2474	1	7
161	2474	1	7
166	2474	1	7
377	2474	1	7
453	2474	1	7
521	2476	1	7
92	2477	1	7
261	2477	2	7
309	2477	1	7
453	2477	1	7
177	2478	1	7
60	2479	1	7
206	2485	3	7
231	2485	1	7
400	2485	1	7
450	2485	1	7
119	2488	1	7
246	2488	1	7
326	2490	2	7
177	2493	1	7
263	2493	1	7
321	2493	1	7
357	2493	1	7
433	2493	1	7
503	2493	1	7
198	2496	1	7
321	2496	1	7
65	2497	1	7
216	2497	1	7
496	2497	1	7
541	2497	1	7
99	2506	1	7
524	2506	1	7
177	2507	1	7
320	2507	1	7
330	2507	1	7
453	2507	1	7
177	2508	1	7
321	2508	1	7
379	2508	1	7
76	2513	1	7
155	2513	1	7
382	2513	1	7
68	2514	1	7
99	2514	1	7
340	2514	1	7
425	2514	1	7
524	2514	1	7
314	2515	1	7
90	2519	1	7
177	2519	1	7
263	2519	1	7
317	2519	1	7
448	2519	1	7
99	2520	1	7
201	2520	1	7
425	2520	1	7
524	2520	1	7
177	2523	1	7
317	2523	1	7
321	2523	1	7
528	2523	1	7
38	2525	1	7
326	2526	3	7
99	2529	1	7
192	2529	1	7
216	2529	1	7
284	2529	1	7
425	2529	1	7
524	2529	1	7
59	2533	1	7
176	2533	1	7
453	2533	1	7
87	2535	1	7
149	2535	1	7
252	2535	1	7
346	2535	1	7
496	2535	1	7
44	2536	1	7
108	2536	1	7
136	2536	1	7
177	2536	1	7
321	2536	1	7
198	2539	1	7
382	2539	1	7
108	2541	1	7
137	2541	1	7
177	2541	1	7
257	2542	1	7
276	2542	2	7
310	2542	1	7
311	2542	1	7
369	2542	1	7
464	2542	1	7
148	2543	1	7
177	2545	1	7
214	2545	2	7
321	2545	1	7
326	2546	1	7
7	2549	1	7
177	2549	1	7
321	2549	1	7
330	2549	1	7
363	2552	1	7
176	2554	1	7
326	2554	1	7
231	2555	1	7
382	2555	1	7
138	2556	1	7
254	2556	1	7
35	2561	1	7
257	2564	1	7
276	2564	2	7
310	2564	1	7
311	2564	1	7
369	2564	1	7
464	2564	1	7
306	2567	1	7
3	2568	1	7
136	2568	1	7
142	2568	1	7
317	2568	2	7
555	2568	2	7
127	2569	1	7
253	2569	1	7
455	2569	1	7
470	2569	1	7
177	2570	1	7
498	2576	1	7
156	2579	1	7
297	2579	1	7
184	2600	1	7
257	2600	1	7
280	2600	1	7
464	2600	1	7
496	2600	1	7
97	2606	1	7
181	2606	1	7
396	2606	1	7
525	2606	1	7
97	2609	1	7
355	2609	1	7
213	2610	1	7
216	2610	1	7
292	2610	1	7
496	2610	1	7
225	2617	1	7
123	2620	1	7
176	2620	1	7
381	2621	1	7
383	2621	1	7
417	2621	1	7
486	2622	1	7
514	2622	1	7
122	2623	1	7
184	2626	1	7
256	2626	1	7
257	2626	1	7
176	2628	1	7
206	2628	1	7
520	2628	1	7
527	2628	1	7
501	2630	1	7
527	2630	1	7
60	2633	1	7
105	2633	1	7
72	2635	1	7
176	2637	1	7
307	2637	1	7
496	2637	1	7
508	2637	1	7
59	2642	1	7
382	2642	1	7
511	2642	1	7
167	2646	3	7
382	2646	1	7
45	2649	1	7
257	2649	1	7
151	2655	1	7
163	2655	1	7
303	2655	1	7
309	2655	1	7
493	2655	1	7
509	2655	1	7
527	2655	1	7
16	2657	1	7
188	2658	1	7
455	2658	1	7
137	2661	1	7
175	2661	1	7
184	2661	1	7
204	2661	2	7
399	2661	1	7
515	2661	1	7
385	2667	1	7
439	2667	1	7
38	2671	1	7
326	2671	1	7
257	2674	1	7
276	2674	1	7
369	2674	1	7
368	2675	1	7
50	2693	1	7
280	2693	1	7
220	2694	1	7
527	2694	1	7
528	2694	1	7
199	2698	1	7
257	2702	1	7
276	2702	1	7
369	2702	1	7
469	2702	1	7
9	2712	1	7
204	2712	1	7
257	2712	1	7
269	2712	1	7
279	2712	1	7
280	2712	1	7
493	2712	1	7
99	2717	1	7
321	2717	1	7
425	2717	1	7
524	2717	1	7
449	2723	1	7
496	2723	1	7
490	7	1	8
279	14	1	8
296	14	1	8
399	14	1	8
482	14	1	8
528	14	1	8
543	14	1	8
546	14	1	8
536	30	1	8
17	58	1	8
371	58	1	8
517	58	1	8
498	61	1	8
511	61	1	8
523	61	1	8
51	69	1	8
108	69	1	8
206	69	1	8
211	69	1	8
216	69	1	8
496	69	1	8
56	84	1	8
496	84	1	8
352	97	1	8
496	97	1	8
51	99	1	8
108	99	1	8
206	99	1	8
211	99	1	8
27	103	1	8
45	103	1	8
131	103	1	8
182	103	1	8
184	103	1	8
203	103	1	8
273	103	1	8
280	103	1	8
515	103	1	8
211	104	1	8
325	104	1	8
382	104	1	8
9	123	1	8
246	123	2	8
257	123	1	8
269	123	1	8
280	123	1	8
283	123	1	8
286	123	1	8
482	123	1	8
162	127	1	8
38	129	1	8
9	141	1	8
257	141	1	8
269	141	1	8
276	141	1	8
280	141	1	8
283	141	1	8
286	141	1	8
369	141	1	8
347	142	1	8
370	142	1	8
9	145	1	8
257	145	1	8
269	145	1	8
280	145	1	8
283	145	1	8
286	145	1	8
370	145	1	8
540	145	1	8
246	152	1	8
257	152	1	8
386	152	1	8
399	152	1	8
59	156	1	8
319	156	1	8
370	157	1	8
418	157	1	8
530	157	1	8
490	161	1	8
296	166	1	8
370	166	1	8
496	166	1	8
528	166	1	8
537	166	1	8
98	178	1	8
257	178	1	8
368	178	2	8
198	180	1	8
303	180	1	8
503	180	1	8
528	180	1	8
9	182	1	8
388	182	1	8
3	183	1	8
198	183	1	8
342	183	1	8
378	183	1	8
537	183	1	8
253	193	1	8
168	196	1	8
257	196	1	8
538	196	1	8
254	212	1	8
257	212	1	8
280	212	1	8
509	212	1	8
50	216	1	8
100	216	1	8
184	216	1	8
194	216	1	8
257	216	1	8
510	216	1	8
528	216	1	8
547	216	1	8
27	219	1	8
257	223	1	8
281	223	1	8
325	223	1	8
184	231	1	8
9	232	1	8
184	232	1	8
257	232	1	8
269	232	1	8
280	232	1	8
283	232	1	8
286	232	1	8
558	232	1	8
80	236	1	8
257	236	1	8
369	236	1	8
387	236	1	8
407	236	1	8
18	284	1	8
250	284	1	8
334	284	1	8
124	300	1	8
126	300	1	8
184	300	1	8
257	300	1	8
280	300	1	8
314	300	1	8
345	300	1	8
430	300	1	8
526	300	1	8
562	300	1	8
326	307	1	8
264	309	1	8
363	309	1	8
6	313	1	8
234	313	1	8
496	313	1	8
134	324	1	8
525	324	1	8
496	325	1	8
9	326	2	8
280	326	1	8
332	326	1	8
400	326	1	8
326	327	2	8
169	332	1	8
192	332	1	8
68	336	1	8
124	336	1	8
229	336	1	8
140	344	1	8
157	344	1	8
317	344	1	8
328	344	1	8
105	346	1	8
169	346	2	8
541	346	1	8
124	355	1	8
200	355	1	8
9	362	1	8
113	362	1	8
216	362	1	8
496	362	1	8
41	374	2	8
93	374	1	8
170	374	1	8
228	374	1	8
278	374	3	8
28	375	1	8
103	375	1	8
206	375	1	8
422	375	1	8
101	377	1	8
257	377	1	8
428	377	1	8
501	377	1	8
359	379	1	8
9	384	1	8
257	384	1	8
269	384	1	8
276	384	1	8
280	384	1	8
283	384	1	8
286	384	1	8
369	384	1	8
171	389	1	8
188	389	1	8
248	389	1	8
268	389	1	8
490	389	1	8
516	389	1	8
122	394	1	8
321	394	1	8
534	394	1	8
541	394	1	8
326	402	1	8
350	402	1	8
143	425	1	8
171	428	1	8
172	428	1	8
191	428	1	8
334	428	1	8
370	428	1	8
427	428	1	8
490	428	1	8
501	428	1	8
45	434	1	8
70	434	1	8
537	434	1	8
9	444	1	8
183	444	1	8
257	444	1	8
269	444	1	8
280	444	1	8
283	444	1	8
286	444	1	8
387	444	1	8
453	445	1	8
486	445	2	8
317	470	1	8
196	479	1	8
257	479	1	8
280	479	1	8
435	479	1	8
504	479	1	8
9	493	1	8
246	493	2	8
257	493	1	8
269	493	1	8
280	493	1	8
283	493	1	8
286	493	1	8
482	493	1	8
496	498	1	8
41	510	1	8
157	510	1	8
184	510	1	8
337	510	1	8
4	527	1	8
5	527	1	8
131	527	2	8
250	527	1	8
297	527	1	8
183	543	1	8
216	543	1	8
257	543	1	8
341	543	1	8
393	543	1	8
447	543	1	8
82	560	1	8
317	560	1	8
326	560	1	8
32	564	1	8
527	564	1	8
131	578	1	8
396	578	1	8
516	578	1	8
137	580	4	8
228	580	1	8
383	580	1	8
451	580	1	8
69	581	1	8
293	581	1	8
321	581	1	8
396	581	1	8
228	582	1	8
292	582	1	8
527	582	1	8
302	585	1	8
9	589	1	8
71	589	1	8
257	589	1	8
269	589	1	8
280	589	1	8
283	589	1	8
286	589	1	8
393	589	1	8
160	596	1	8
541	596	1	8
107	597	1	8
296	597	1	8
333	597	1	8
369	597	1	8
527	597	1	8
228	599	1	8
338	599	1	8
517	599	1	8
63	603	1	8
541	603	1	8
543	603	1	8
9	610	1	8
158	610	1	8
497	618	1	8
504	631	1	8
515	631	1	8
8	638	1	8
9	638	2	8
257	638	1	8
269	638	1	8
280	638	2	8
283	638	1	8
286	638	1	8
370	638	1	8
508	638	1	8
53	642	1	8
65	642	1	8
496	642	1	8
504	642	1	8
515	642	1	8
56	652	1	8
175	652	1	8
246	652	1	8
257	652	1	8
399	652	1	8
450	652	1	8
9	662	1	8
246	662	1	8
257	662	1	8
269	662	1	8
280	662	1	8
283	662	1	8
286	662	1	8
387	662	1	8
562	662	1	8
9	670	1	8
257	670	1	8
269	670	1	8
280	670	1	8
283	670	1	8
286	670	1	8
6	675	1	8
134	675	1	8
203	675	2	8
555	675	1	8
139	679	1	8
400	679	1	8
426	679	1	8
426	682	1	8
257	686	1	8
9	687	1	8
257	687	1	8
269	687	1	8
280	687	1	8
283	687	1	8
286	687	1	8
9	697	1	8
257	697	1	8
269	697	1	8
280	697	1	8
283	697	1	8
286	697	1	8
562	697	2	8
9	706	1	8
257	706	1	8
269	706	1	8
276	706	1	8
280	706	1	8
283	706	1	8
286	706	1	8
369	706	1	8
252	709	1	8
261	709	1	8
468	709	1	8
257	735	1	8
493	735	1	8
9	747	1	8
257	747	1	8
269	747	1	8
276	747	1	8
280	747	1	8
283	747	1	8
286	747	1	8
369	747	1	8
9	751	1	8
257	751	1	8
269	751	1	8
276	751	1	8
280	751	1	8
283	751	1	8
286	751	1	8
369	751	1	8
30	757	2	8
135	757	1	8
195	757	1	8
218	757	1	8
32	761	1	8
112	761	1	8
241	761	1	8
243	761	1	8
264	761	1	8
285	761	1	8
395	761	1	8
433	761	1	8
545	761	1	8
515	773	1	8
123	774	1	8
530	774	1	8
146	779	1	8
330	779	1	8
486	779	1	8
496	779	1	8
206	857	1	8
486	857	1	8
496	857	1	8
9	890	1	8
257	890	1	8
269	890	1	8
280	890	2	8
283	890	1	8
286	890	1	8
147	894	1	8
184	894	1	8
209	894	1	8
247	894	1	8
496	894	1	8
503	894	1	8
30	904	1	8
346	904	1	8
370	921	1	8
411	921	1	8
317	922	1	8
496	922	1	8
123	928	1	8
257	928	1	8
264	928	1	8
362	928	1	8
448	928	1	8
497	928	1	8
394	963	1	8
460	963	1	8
46	973	1	8
119	973	1	8
231	973	1	8
431	973	1	8
56	995	1	8
555	995	1	8
9	996	1	8
246	996	1	8
257	996	1	8
269	996	1	8
280	996	1	8
283	996	1	8
286	996	1	8
196	997	1	8
370	997	1	8
56	1001	1	8
472	1001	1	8
61	1015	1	8
189	1015	1	8
195	1015	1	8
393	1015	1	8
515	1015	1	8
239	1050	1	8
262	1050	1	8
496	1050	1	8
525	1050	1	8
257	1066	1	8
257	1073	1	8
249	1094	1	8
393	1094	1	8
9	1124	1	8
184	1124	1	8
257	1124	1	8
269	1124	1	8
280	1124	1	8
283	1124	1	8
286	1124	1	8
9	1192	1	8
151	1192	1	8
257	1192	1	8
269	1192	1	8
280	1192	1	8
283	1192	1	8
285	1192	1	8
286	1192	1	8
9	1196	1	8
246	1196	1	8
257	1196	1	8
269	1196	1	8
280	1196	1	8
283	1196	1	8
286	1196	1	8
9	1198	1	8
257	1198	1	8
269	1198	1	8
280	1198	1	8
283	1198	1	8
286	1198	1	8
215	1205	1	8
546	1205	1	8
9	1211	1	8
257	1211	1	8
269	1211	1	8
280	1211	1	8
283	1211	1	8
286	1211	1	8
257	1213	1	8
370	1213	1	8
513	1213	1	8
539	1213	1	8
85	1214	1	8
135	1214	1	8
280	1214	1	8
305	1214	1	8
309	1214	1	8
422	1214	1	8
435	1214	1	8
103	1216	1	8
257	1216	1	8
453	1216	1	8
111	1217	1	8
185	1217	1	8
463	1217	1	8
5	1218	1	8
164	1218	1	8
360	1218	1	8
414	1218	1	8
541	1218	1	8
9	1219	1	8
257	1219	1	8
269	1219	1	8
276	1219	1	8
280	1219	1	8
283	1219	1	8
286	1219	1	8
369	1219	1	8
9	1221	1	8
257	1221	1	8
269	1221	1	8
280	1221	1	8
283	1221	1	8
286	1221	1	8
496	1221	1	8
540	1221	1	8
562	1221	1	8
138	1228	1	8
149	1228	1	8
271	1228	1	8
527	1228	1	8
9	1233	1	8
255	1233	1	8
257	1233	1	8
269	1233	1	8
280	1233	1	8
283	1233	1	8
286	1233	1	8
9	1238	1	8
257	1238	1	8
269	1238	1	8
280	1238	1	8
283	1238	1	8
286	1238	1	8
562	1238	1	8
9	1248	1	8
257	1248	1	8
269	1248	1	8
280	1248	1	8
283	1248	1	8
286	1248	1	8
427	1248	1	8
9	1249	1	8
257	1249	1	8
269	1249	1	8
280	1249	1	8
283	1249	1	8
286	1249	1	8
370	1249	1	8
9	1250	1	8
13	1250	1	8
279	1250	1	8
280	1250	1	8
349	1250	1	8
496	1250	1	8
525	1250	1	8
527	1250	1	8
93	1251	1	8
131	1251	1	8
257	1251	1	8
280	1251	1	8
9	1254	1	8
257	1254	1	8
269	1254	1	8
276	1254	1	8
280	1254	1	8
283	1254	1	8
286	1254	1	8
369	1254	1	8
264	1260	1	8
58	1261	1	8
50	1265	1	8
59	1265	1	8
189	1265	1	8
218	1265	1	8
253	1272	1	8
421	1272	1	8
9	1276	1	8
257	1276	1	8
269	1276	1	8
280	1276	1	8
283	1276	1	8
286	1276	1	8
332	1276	1	8
370	1276	1	8
257	1313	1	8
280	1331	1	8
333	1331	1	8
207	1338	1	8
279	1338	1	8
388	1338	1	8
541	1338	1	8
9	1344	2	8
257	1344	1	8
269	1344	1	8
280	1344	1	8
283	1344	1	8
286	1344	1	8
349	1344	1	8
90	1345	1	8
184	1345	1	8
209	1345	1	8
253	1345	1	8
233	1350	1	8
246	1350	1	8
257	1350	1	8
460	1350	1	8
562	1350	1	8
252	1351	1	8
257	1351	1	8
9	1353	1	8
257	1353	1	8
269	1353	1	8
276	1353	1	8
280	1353	1	8
283	1353	1	8
286	1353	1	8
369	1353	1	8
257	1366	1	8
326	1366	1	8
72	1367	1	8
257	1367	1	8
283	1367	1	8
296	1367	1	8
392	1367	1	8
477	1367	1	8
547	1367	1	8
9	1373	1	8
257	1373	1	8
269	1373	1	8
276	1373	1	8
280	1373	1	8
283	1373	1	8
286	1373	1	8
369	1373	1	8
9	1375	1	8
257	1375	1	8
269	1375	1	8
276	1375	1	8
280	1375	1	8
283	1375	1	8
286	1375	1	8
369	1375	1	8
28	1378	1	8
130	1378	1	8
292	1378	1	8
344	1378	1	8
394	1378	1	8
412	1378	1	8
555	1378	1	8
228	1382	1	8
257	1382	1	8
283	1382	1	8
286	1382	1	8
360	1382	1	8
370	1382	1	8
100	1384	1	8
380	1384	1	8
447	1384	1	8
448	1384	1	8
556	1384	1	8
9	1408	1	8
180	1408	1	8
246	1408	1	8
257	1408	1	8
269	1408	1	8
280	1408	1	8
283	1408	1	8
286	1408	1	8
70	1453	1	8
204	1453	1	8
257	1453	1	8
370	1453	1	8
387	1453	1	8
257	1462	1	8
269	1462	1	8
283	1462	1	8
286	1462	1	8
366	1462	1	8
410	1462	1	8
169	1478	1	8
280	1478	1	8
350	1478	1	8
509	1478	1	8
326	1500	1	8
454	1500	1	8
542	1500	2	8
9	1512	1	8
228	1512	1	8
257	1512	1	8
360	1512	1	8
370	1512	1	8
257	1520	1	8
276	1520	1	8
369	1520	1	8
493	1520	1	8
386	1523	1	8
9	1531	1	8
257	1531	1	8
269	1531	1	8
280	1531	1	8
283	1531	1	8
286	1531	1	8
333	1531	1	8
461	1531	1	8
466	1531	1	8
496	1531	1	8
537	1531	1	8
9	1548	1	8
156	1548	1	8
234	1548	1	8
257	1548	1	8
269	1548	1	8
280	1548	1	8
283	1548	1	8
286	1548	1	8
528	1548	1	8
9	1549	1	8
156	1549	1	8
234	1549	1	8
257	1549	1	8
269	1549	1	8
280	1549	1	8
283	1549	1	8
286	1549	1	8
528	1549	1	8
83	1553	1	8
184	1553	1	8
257	1553	1	8
280	1553	1	8
9	1559	1	8
194	1559	1	8
257	1559	1	8
283	1559	1	8
286	1559	1	8
370	1559	1	8
257	1561	1	8
276	1561	1	8
369	1561	1	8
493	1561	1	8
95	1577	1	8
135	1577	1	8
340	1577	1	8
463	1577	1	8
499	1577	1	8
68	1599	1	8
272	1599	1	8
279	1599	1	8
337	1599	1	8
246	1612	1	8
68	1616	1	8
75	1616	1	8
76	1616	1	8
107	1616	1	8
279	1616	1	8
321	1616	1	8
337	1616	1	8
342	1616	1	8
9	1622	1	8
257	1622	1	8
269	1622	1	8
276	1622	1	8
280	1622	1	8
283	1622	1	8
286	1622	1	8
369	1622	1	8
96	1639	1	8
166	1639	1	8
229	1639	1	8
257	1663	1	8
334	1663	1	8
370	1663	1	8
463	1663	1	8
206	1665	1	8
234	1665	1	8
257	1665	1	8
496	1665	1	8
531	1665	1	8
209	1689	1	8
257	1689	1	8
342	1689	1	8
369	1689	1	8
496	1689	1	8
9	1694	1	8
257	1694	1	8
269	1694	1	8
280	1694	1	8
283	1694	1	8
286	1694	1	8
370	1694	1	8
9	1697	1	8
257	1697	1	8
269	1697	1	8
276	1697	1	8
280	1697	1	8
283	1697	1	8
286	1697	1	8
369	1697	1	8
9	1698	1	8
257	1698	1	8
269	1698	1	8
280	1698	1	8
283	1698	1	8
286	1698	1	8
369	1698	1	8
9	1703	1	8
257	1703	1	8
269	1703	1	8
276	1703	1	8
280	1703	1	8
283	1703	1	8
286	1703	1	8
369	1703	1	8
9	1708	1	8
257	1708	1	8
269	1708	1	8
280	1708	1	8
283	1708	1	8
286	1708	1	8
342	1708	1	8
370	1708	1	8
131	1725	1	8
257	1725	1	8
369	1725	1	8
407	1725	1	8
9	1734	1	8
27	1734	1	8
141	1734	1	8
233	1734	1	8
279	1734	1	8
280	1734	1	8
70	1741	2	8
196	1741	1	8
562	1741	1	8
9	1781	1	8
257	1781	1	8
269	1781	1	8
280	1781	1	8
283	1781	1	8
286	1781	1	8
562	1781	1	8
33	1783	1	8
257	1783	1	8
276	1783	1	8
278	1783	1	8
369	1783	1	8
493	1783	1	8
54	1785	1	8
204	1785	1	8
257	1785	1	8
369	1785	1	8
407	1785	1	8
493	1785	1	8
8	1798	1	8
184	1798	1	8
321	1798	1	8
394	1798	1	8
496	1798	1	8
509	1798	1	8
9	1838	1	8
257	1838	1	8
269	1838	1	8
280	1838	1	8
283	1838	1	8
286	1838	1	8
9	1846	1	8
257	1846	1	8
269	1846	1	8
280	1846	1	8
283	1846	1	8
286	1846	1	8
333	1846	1	8
461	1846	1	8
466	1846	1	8
496	1846	1	8
537	1846	1	8
9	1872	1	8
257	1872	1	8
269	1872	1	8
280	1872	2	8
283	1872	1	8
286	1872	1	8
370	1872	1	8
9	1876	1	8
246	1876	2	8
257	1876	1	8
269	1876	1	8
280	1876	1	8
283	1876	1	8
286	1876	1	8
482	1876	1	8
9	1877	1	8
257	1877	1	8
269	1877	1	8
280	1877	1	8
283	1877	1	8
286	1877	1	8
36	1884	1	8
160	1884	1	8
461	1884	1	8
503	1884	1	8
280	1903	1	8
296	1903	1	8
379	1911	1	8
131	1923	1	8
204	1923	1	8
257	1923	1	8
280	1923	1	8
369	1923	1	8
510	1923	1	8
528	1923	1	8
35	1925	1	8
55	1925	1	8
206	1925	1	8
317	1925	1	8
496	1925	1	8
523	1925	1	8
530	1925	1	8
215	1937	1	8
448	1937	1	8
529	1937	1	8
539	1937	1	8
257	1950	1	8
496	1950	1	8
528	1950	1	8
9	1958	1	8
257	1958	1	8
269	1958	1	8
276	1958	1	8
280	1958	1	8
283	1958	1	8
286	1958	1	8
369	1958	1	8
257	1970	1	8
496	1970	1	8
539	1970	1	8
189	1974	1	8
271	1974	1	8
249	1985	1	8
280	1985	1	8
10	1991	1	8
195	1991	1	8
246	1991	1	8
296	1991	1	8
522	1991	1	8
9	1992	1	8
257	1992	1	8
269	1992	1	8
276	1992	1	8
280	1992	1	8
283	1992	1	8
286	1992	1	8
369	1992	1	8
555	1992	1	8
9	2004	1	8
257	2004	1	8
269	2004	1	8
276	2004	1	8
280	2004	1	8
283	2004	1	8
286	2004	1	8
369	2004	1	8
46	2013	1	8
321	2013	1	8
356	2013	1	8
9	2020	1	8
70	2020	1	8
89	2020	1	8
257	2020	1	8
269	2020	1	8
280	2020	1	8
283	2020	1	8
286	2020	1	8
562	2020	1	8
9	2027	1	8
257	2027	1	8
269	2027	1	8
276	2027	1	8
280	2027	1	8
283	2027	1	8
286	2027	1	8
369	2027	1	8
257	2028	1	8
280	2028	1	8
369	2028	1	8
407	2028	1	8
493	2028	1	8
320	2031	1	8
539	2031	1	8
9	2035	1	8
257	2035	1	8
269	2035	1	8
276	2035	1	8
280	2035	1	8
283	2035	1	8
286	2035	1	8
369	2035	1	8
9	2041	1	8
246	2041	2	8
257	2041	1	8
269	2041	1	8
280	2041	1	8
283	2041	1	8
286	2041	1	8
482	2041	1	8
9	2056	1	8
70	2056	1	8
141	2056	1	8
257	2056	1	8
269	2056	1	8
280	2056	1	8
283	2056	1	8
286	2056	1	8
9	2058	1	8
41	2058	1	8
257	2058	1	8
269	2058	1	8
280	2058	1	8
283	2058	1	8
286	2058	1	8
9	2059	1	8
257	2059	1	8
269	2059	1	8
276	2059	1	8
280	2059	1	8
283	2059	1	8
286	2059	1	8
369	2059	1	8
9	2061	1	8
257	2061	1	8
269	2061	1	8
276	2061	1	8
280	2061	1	8
283	2061	1	8
286	2061	1	8
369	2061	1	8
257	2064	1	8
326	2064	1	8
373	2064	1	8
496	2064	1	8
257	2073	1	8
280	2073	1	8
296	2073	1	8
441	2073	1	8
503	2073	1	8
504	2073	1	8
9	2078	1	8
257	2078	1	8
269	2078	1	8
280	2078	1	8
283	2078	1	8
286	2078	1	8
527	2081	1	8
136	2113	1	8
521	2113	1	8
9	2174	1	8
257	2174	1	8
269	2174	1	8
280	2174	1	8
283	2174	1	8
286	2174	1	8
9	2181	2	8
257	2181	1	8
269	2181	1	8
279	2181	1	8
280	2181	1	8
283	2181	1	8
286	2181	1	8
493	2181	2	8
257	2182	1	8
369	2182	1	8
562	2182	2	8
9	2183	1	8
257	2183	1	8
269	2183	1	8
276	2183	1	8
280	2183	1	8
283	2183	1	8
286	2183	1	8
369	2183	1	8
326	2187	1	8
370	2187	1	8
9	2208	1	8
257	2208	1	8
269	2208	1	8
280	2208	1	8
283	2208	1	8
286	2208	1	8
387	2208	1	8
9	2215	1	8
257	2215	1	8
269	2215	1	8
276	2215	1	8
280	2215	1	8
283	2215	1	8
286	2215	1	8
369	2215	1	8
9	2218	1	8
257	2218	1	8
269	2218	1	8
280	2218	1	8
283	2218	1	8
286	2218	1	8
9	2226	1	8
91	2226	1	8
257	2226	1	8
269	2226	1	8
280	2226	1	8
283	2226	1	8
286	2226	1	8
10	2233	1	8
53	2233	1	8
200	2233	1	8
409	2233	1	8
16	2234	1	8
76	2234	1	8
85	2234	1	8
175	2234	1	8
317	2234	2	8
385	2234	1	8
517	2234	1	8
9	2235	1	8
257	2235	1	8
269	2235	1	8
276	2235	1	8
280	2235	1	8
283	2235	1	8
286	2235	1	8
369	2235	1	8
528	2241	1	8
257	2250	1	8
435	2250	1	8
493	2250	1	8
9	2255	1	8
118	2255	1	8
257	2255	1	8
269	2255	1	8
280	2255	1	8
283	2255	1	8
286	2255	1	8
442	2255	1	8
9	2262	1	8
257	2262	1	8
269	2262	1	8
276	2262	1	8
280	2262	1	8
283	2262	1	8
286	2262	1	8
369	2262	1	8
9	2268	1	8
118	2268	1	8
257	2268	1	8
269	2268	1	8
280	2268	1	8
283	2268	1	8
286	2268	1	8
442	2268	1	8
102	2270	1	8
371	2270	1	8
459	2270	1	8
562	2270	1	8
384	2275	1	8
518	2275	1	8
562	2275	1	8
9	2277	1	8
222	2277	1	8
253	2277	1	8
257	2277	1	8
269	2277	1	8
280	2277	1	8
283	2277	1	8
286	2277	1	8
9	2283	1	8
257	2283	1	8
269	2283	1	8
276	2283	1	8
280	2283	1	8
283	2283	1	8
286	2283	1	8
369	2283	1	8
183	2289	1	8
189	2289	1	8
246	2289	1	8
257	2289	1	8
306	2293	1	8
9	2294	1	8
257	2294	1	8
269	2294	1	8
280	2294	1	8
283	2294	1	8
286	2294	1	8
370	2294	1	8
387	2294	1	8
321	2295	1	8
414	2295	1	8
486	2295	1	8
9	2298	1	8
257	2298	1	8
269	2298	1	8
276	2298	1	8
280	2298	1	8
283	2298	1	8
286	2298	1	8
369	2298	1	8
9	2310	1	8
257	2310	1	8
269	2310	1	8
280	2310	1	8
283	2310	1	8
286	2310	1	8
257	2311	1	8
562	2311	1	8
184	2314	1	8
279	2314	1	8
385	2314	1	8
515	2314	1	8
9	2315	1	8
257	2315	1	8
269	2315	1	8
280	2315	1	8
283	2315	1	8
286	2315	1	8
89	2317	1	8
257	2317	1	8
369	2317	1	8
407	2317	1	8
562	2317	1	8
257	2318	1	8
278	2318	1	8
280	2318	1	8
369	2318	1	8
407	2318	1	8
131	2323	1	8
257	2323	1	8
280	2323	1	8
85	2330	1	8
309	2330	1	8
435	2330	1	8
444	2330	1	8
528	2330	2	8
13	2332	1	8
555	2332	1	8
15	2336	1	8
466	2336	1	8
9	2346	1	8
107	2346	1	8
266	2346	1	8
346	2346	1	8
380	2346	1	8
382	2346	1	8
257	2353	1	8
50	2359	1	8
204	2359	1	8
246	2359	1	8
257	2359	1	8
280	2359	1	8
393	2359	1	8
257	2369	1	8
452	2369	1	8
527	2369	1	8
320	2376	1	8
59	2379	1	8
93	2379	1	8
131	2379	1	8
257	2379	1	8
340	2380	1	8
9	2404	1	8
246	2404	1	8
257	2404	1	8
269	2404	1	8
280	2404	1	8
283	2404	1	8
286	2404	1	8
9	2419	1	8
257	2419	1	8
269	2419	1	8
280	2419	1	8
283	2419	1	8
286	2419	1	8
9	2422	1	8
233	2422	1	8
257	2422	1	8
528	2422	1	8
194	2438	1	8
9	2440	1	8
257	2440	1	8
269	2440	1	8
280	2440	1	8
283	2440	1	8
286	2440	1	8
9	2451	1	8
257	2451	1	8
269	2451	1	8
280	2451	1	8
283	2451	1	8
286	2451	1	8
369	2451	1	8
9	2453	1	8
257	2453	1	8
269	2453	1	8
280	2453	1	8
283	2453	1	8
286	2453	1	8
527	2456	1	8
9	2458	1	8
257	2458	1	8
269	2458	1	8
280	2458	1	8
283	2458	1	8
286	2458	1	8
75	2463	1	8
180	2463	1	8
257	2463	1	8
280	2463	1	8
527	2463	1	8
144	2472	1	8
257	2472	1	8
387	2472	1	8
9	2482	1	8
235	2482	1	8
257	2482	1	8
269	2482	1	8
280	2482	1	8
283	2482	1	8
286	2482	1	8
503	2482	1	8
257	2486	1	8
493	2486	1	8
280	2501	1	8
385	2501	1	8
447	2501	1	8
25	2504	1	8
200	2504	1	8
216	2504	1	8
374	2504	1	8
501	2504	1	8
216	2509	1	8
257	2509	1	8
326	2509	1	8
370	2509	1	8
459	2509	1	8
496	2509	1	8
538	2509	1	8
133	2517	1	8
493	2517	1	8
496	2517	1	8
27	2521	1	8
59	2521	1	8
179	2521	1	8
209	2521	1	8
213	2521	1	8
350	2521	1	8
534	2521	1	8
257	2530	1	8
41	2540	1	8
124	2540	1	8
54	2557	1	8
188	2557	1	8
267	2557	1	8
268	2557	1	8
516	2557	1	8
9	2558	1	8
257	2558	1	8
269	2558	1	8
276	2558	1	8
280	2558	1	8
283	2558	1	8
286	2558	1	8
369	2558	1	8
53	2559	1	8
55	2559	1	8
280	2559	1	8
394	2559	1	8
439	2559	1	8
490	2559	1	8
528	2559	1	8
38	2577	1	8
41	2577	1	8
96	2577	1	8
267	2577	1	8
271	2577	1	8
325	2577	1	8
332	2577	1	8
527	2577	1	8
54	2581	1	8
62	2581	1	8
182	2581	1	8
267	2581	1	8
339	2581	1	8
376	2581	1	8
463	2581	1	8
527	2581	1	8
9	2583	1	8
41	2583	1	8
257	2583	1	8
269	2583	1	8
280	2583	1	8
283	2583	1	8
286	2583	1	8
537	2583	1	8
267	2588	1	8
339	2588	1	8
407	2588	1	8
527	2588	1	8
334	2591	1	8
402	2591	1	8
428	2591	1	8
441	2591	1	8
527	2591	1	8
25	2598	1	8
267	2598	1	8
332	2598	1	8
333	2598	1	8
382	2598	1	8
461	2598	2	8
527	2598	1	8
9	2604	1	8
246	2604	1	8
257	2604	1	8
269	2604	1	8
280	2604	1	8
283	2604	1	8
286	2604	1	8
106	2605	1	8
235	2605	1	8
267	2605	1	8
394	2605	1	8
481	2605	1	8
527	2605	1	8
229	2619	1	8
257	2619	1	8
9	2624	1	8
214	2624	1	8
257	2624	1	8
269	2624	1	8
280	2624	1	8
283	2624	1	8
286	2624	1	8
363	2624	1	8
466	2624	1	8
509	2624	1	8
25	2625	1	8
235	2625	1	8
267	2625	1	8
332	2625	1	8
373	2625	1	8
374	2625	1	8
527	2625	1	8
182	2632	1	8
267	2632	1	8
333	2632	1	8
339	2632	1	8
374	2632	1	8
527	2632	1	8
257	2641	1	8
267	2641	1	8
428	2641	1	8
184	2644	1	8
246	2644	1	8
257	2644	1	8
283	2644	1	8
286	2644	1	8
342	2644	1	8
410	2644	1	8
496	2644	1	8
9	2650	1	8
257	2650	1	8
269	2650	1	8
276	2650	1	8
280	2650	1	8
283	2650	1	8
286	2650	1	8
369	2650	1	8
216	2653	1	8
321	2653	1	8
513	2653	1	8
9	2656	1	8
85	2656	1	8
257	2656	1	8
269	2656	1	8
280	2656	1	8
283	2656	1	8
286	2656	1	8
370	2656	1	8
555	2656	1	8
241	2673	1	8
257	2673	1	8
9	2679	1	8
257	2679	1	8
269	2679	1	8
276	2679	1	8
280	2679	1	8
283	2679	1	8
286	2679	1	8
369	2679	1	8
384	2680	1	8
547	2680	1	8
257	2681	1	8
420	2681	1	8
493	2681	1	8
9	2682	1	8
257	2682	1	8
269	2682	1	8
280	2682	1	8
283	2682	1	8
286	2682	1	8
528	2682	1	8
9	2684	1	8
75	2684	1	8
262	2684	1	8
405	2684	2	8
527	2684	1	8
9	2687	1	8
257	2687	1	8
269	2687	1	8
276	2687	1	8
280	2687	1	8
283	2687	1	8
286	2687	1	8
369	2687	1	8
280	2689	1	8
496	2689	1	8
525	2689	1	8
203	2709	1	8
326	2709	1	8
75	2710	1	8
9	2713	1	8
324	2713	1	8
414	2713	1	8
542	2713	1	8
184	2716	1	8
246	2716	1	8
253	2716	1	8
303	2716	1	8
341	2716	1	8
9	2720	1	8
246	2720	1	8
257	2720	1	8
269	2720	1	8
280	2720	1	8
283	2720	1	8
286	2720	1	8
257	2724	1	8
277	2724	1	8
409	2724	1	8
451	2724	1	8
455	2724	1	8
468	2724	1	8
496	2724	1	8
9	2730	1	8
216	2730	1	8
257	2730	1	8
269	2730	1	8
280	2730	1	8
283	2730	1	8
286	2730	1	8
326	2730	1	8
387	2730	1	8
