64	417	1	0
190	417	1	0
208	420	1	0
5	670	1	0
149	12	1	4
6	13	1	4
138	13	1	4
38	14	1	4
53	26	1	4
91	56	1	4
117	56	1	4
82	69	1	4
86	69	1	4
119	69	1	4
182	69	1	4
213	83	1	4
119	101	1	4
138	101	1	4
140	101	1	4
213	101	1	4
18	104	1	4
140	104	1	4
79	120	1	4
149	120	1	4
95	129	1	4
98	131	1	4
140	131	1	4
97	152	1	4
140	152	1	4
213	152	1	4
42	193	1	4
157	193	1	4
98	194	1	4
157	194	1	4
223	194	1	4
69	201	1	4
95	201	1	4
217	201	1	4
217	212	1	4
93	216	1	4
173	216	1	4
191	216	1	4
207	216	1	4
211	216	1	4
85	224	1	4
117	224	1	4
156	243	1	4
200	243	1	4
162	281	1	4
191	286	1	4
205	295	1	4
218	295	1	4
117	297	1	4
69	314	1	4
117	314	1	4
156	314	1	4
188	314	1	4
218	314	1	4
31	319	1	4
115	319	1	4
117	319	1	4
153	319	1	4
49	321	1	4
130	321	1	4
141	321	1	4
160	321	1	4
221	321	1	4
72	323	1	4
176	323	1	4
81	358	1	4
192	358	1	4
208	358	1	4
216	358	1	4
95	362	1	4
1	368	1	4
169	368	1	4
68	379	1	4
208	379	1	4
56	385	1	4
90	385	1	4
119	385	1	4
156	385	1	4
191	385	1	4
199	385	1	4
209	385	1	4
213	385	1	4
132	399	1	4
169	399	1	4
191	399	1	4
209	399	1	4
214	399	2	4
22	403	1	4
72	403	1	4
157	403	1	4
214	403	1	4
169	580	1	4
194	580	1	4
195	580	1	4
205	580	1	4
216	580	1	4
83	605	1	4
169	605	1	4
191	605	1	4
83	606	1	4
169	606	1	4
191	606	1	4
83	608	1	4
169	608	1	4
191	608	1	4
95	614	1	4
120	614	1	4
12	616	1	4
80	616	1	4
95	616	1	4
191	621	1	4
212	621	1	4
38	623	1	4
43	623	1	4
159	623	1	4
53	630	2	4
166	630	2	4
95	645	1	4
112	645	1	4
113	645	1	4
146	645	1	4
181	645	1	4
73	657	1	4
109	657	1	4
117	657	1	4
197	657	1	4
184	660	1	4
38	664	1	4
43	664	1	4
159	664	1	4
199	664	1	4
79	665	1	4
115	665	1	4
119	665	1	4
38	676	1	4
71	676	1	4
202	676	1	4
38	684	1	4
43	684	1	4
159	684	1	4
202	684	2	4
38	756	1	4
121	756	1	4
182	756	1	4
38	771	2	4
43	771	1	4
80	771	1	4
121	771	1	4
159	771	1	4
182	771	1	4
28	772	1	4
43	772	1	4
98	772	1	4
159	772	1	4
131	774	1	4
56	775	1	4
38	776	1	4
39	776	1	4
40	776	1	4
41	776	1	4
43	776	1	4
159	776	1	4
43	788	1	4
159	788	1	4
38	789	1	4
121	789	1	4
68	790	1	4
77	790	1	4
205	790	1	4
216	790	1	4
219	790	1	4
49	791	1	4
179	791	1	4
10	794	1	4
31	794	1	4
35	794	1	4
38	794	1	4
43	794	1	4
121	794	1	4
159	794	1	4
31	796	1	4
95	796	1	4
132	796	1	4
139	796	1	4
31	797	1	4
38	797	1	4
43	797	1	4
159	797	1	4
130	801	1	4
1	805	1	4
38	823	2	4
43	823	1	4
159	823	1	4
178	823	1	4
38	825	1	4
43	825	1	4
159	825	1	4
178	825	1	4
69	856	1	4
95	856	1	4
146	856	1	4
152	856	1	4
95	860	1	4
95	862	1	4
49	885	1	4
56	885	1	4
67	885	1	4
199	885	1	4
80	922	1	4
95	922	1	4
95	934	1	4
158	934	1	4
95	939	1	4
173	946	1	4
77	947	1	4
120	947	1	4
130	947	1	4
134	947	1	4
185	947	1	4
207	947	1	4
118	964	1	4
38	992	2	4
43	992	1	4
159	992	1	4
38	1044	1	4
43	1044	1	4
80	1044	1	4
159	1044	1	4
42	1144	1	4
191	1144	1	4
202	1144	1	4
52	1150	1	4
61	1150	2	4
202	1150	1	4
117	1194	1	4
203	1194	1	4
224	1194	1	4
98	1198	1	4
140	1198	1	4
194	1198	1	4
208	1198	1	4
95	2	1	6
101	2	1	6
146	2	1	6
133	4	1	6
2	5	1	6
95	5	1	6
103	5	1	6
158	5	1	6
225	5	1	6
6	7	1	6
119	7	1	6
138	7	1	6
125	8	1	6
139	8	1	6
151	8	1	6
130	11	1	6
144	11	1	6
208	15	1	6
193	17	1	6
196	17	1	6
213	17	1	6
94	18	1	6
95	18	1	6
104	18	1	6
105	18	1	6
114	18	1	6
46	20	1	6
34	21	1	6
178	22	1	6
208	22	3	6
161	23	1	6
53	24	1	6
204	24	1	6
208	24	1	6
73	28	1	6
117	28	1	6
190	28	1	6
208	28	1	6
32	29	1	6
95	32	1	6
44	33	1	6
167	33	1	6
213	37	1	6
39	38	1	6
53	38	1	6
79	38	1	6
115	38	2	6
195	38	1	6
16	41	1	6
174	43	1	6
95	45	1	6
47	48	1	6
95	48	1	6
98	48	1	6
69	49	1	6
72	49	1	6
175	49	1	6
208	50	1	6
196	54	1	6
218	54	1	6
90	58	1	6
95	58	1	6
13	59	1	6
78	62	1	6
138	62	1	6
184	62	1	6
226	62	1	6
26	63	1	6
91	63	1	6
117	63	1	6
134	63	1	6
191	63	1	6
218	63	1	6
95	65	1	6
142	65	1	6
26	70	1	6
74	70	1	6
116	72	1	6
117	72	2	6
186	72	1	6
59	76	2	6
103	76	1	6
14	77	2	6
18	77	1	6
94	77	1	6
196	77	1	6
132	79	1	6
195	79	1	6
69	81	1	6
160	81	1	6
195	82	1	6
116	84	1	6
186	84	1	6
95	85	1	6
92	90	1	6
13	91	1	6
223	91	1	6
13	98	1	6
75	99	1	6
103	99	1	6
45	102	1	6
74	103	1	6
95	103	1	6
144	103	1	6
191	103	1	6
138	105	1	6
186	105	1	6
191	105	1	6
213	105	1	6
7	107	1	6
82	107	1	6
184	107	1	6
82	108	1	6
25	109	1	6
87	109	1	6
95	109	1	6
169	109	1	6
33	110	1	6
79	110	1	6
95	110	1	6
137	110	1	6
196	110	1	6
186	111	1	6
48	112	1	6
78	112	1	6
165	112	1	6
7	113	1	6
117	117	1	6
186	117	1	6
74	118	1	6
117	119	1	6
149	119	1	6
184	119	1	6
203	119	1	6
45	121	1	6
117	121	1	6
177	121	1	6
89	123	1	6
186	125	1	6
7	127	1	6
119	127	1	6
80	134	1	6
120	134	1	6
134	134	1	6
45	139	1	6
177	139	1	6
31	141	1	6
13	142	1	6
117	145	1	6
117	148	1	6
50	150	1	6
131	150	1	6
13	151	1	6
117	154	1	6
122	154	1	6
186	154	1	6
63	155	1	6
119	155	1	6
13	160	1	6
71	161	1	6
95	161	1	6
144	161	1	6
10	162	1	6
63	162	1	6
172	162	1	6
13	164	1	6
9	165	1	6
61	165	1	6
13	167	1	6
45	169	1	6
98	169	1	6
117	170	1	6
172	170	1	6
186	170	1	6
187	170	1	6
192	170	1	6
213	170	1	6
13	171	1	6
119	171	1	6
208	174	1	6
143	176	1	6
182	177	1	6
117	178	3	6
186	178	1	6
213	178	1	6
117	180	1	6
186	180	1	6
5	182	1	6
119	182	1	6
154	183	1	6
85	184	1	6
177	184	1	6
117	185	1	6
186	185	1	6
192	185	1	6
32	187	1	6
95	187	1	6
98	187	1	6
154	188	1	6
117	189	1	6
186	189	1	6
114	195	2	6
149	195	1	6
204	195	1	6
205	195	1	6
95	196	1	6
189	196	1	6
18	197	1	6
48	197	1	6
55	197	1	6
78	197	1	6
115	197	1	6
130	197	1	6
145	197	1	6
209	197	1	6
222	197	1	6
135	198	1	6
191	198	1	6
117	199	1	6
78	200	1	6
145	200	1	6
164	200	1	6
13	203	1	6
101	204	1	6
130	204	1	6
137	204	1	6
33	205	1	6
44	205	1	6
78	205	1	6
117	205	1	6
145	205	1	6
165	205	1	6
186	208	1	6
3	209	1	6
14	209	1	6
8	210	1	6
33	210	1	6
44	210	1	6
78	210	2	6
83	210	1	6
145	210	1	6
165	210	1	6
175	210	1	6
227	210	1	6
28	211	1	6
45	213	1	6
172	213	1	6
207	213	1	6
224	213	1	6
39	214	1	6
119	214	1	6
77	218	1	6
208	219	1	6
13	220	1	6
161	220	1	6
114	221	1	6
186	221	1	6
95	222	1	6
119	222	1	6
152	222	1	6
185	222	1	6
9	225	1	6
138	227	1	6
63	228	1	6
119	228	1	6
146	228	2	6
149	228	1	6
165	228	1	6
45	230	1	6
115	230	1	6
137	230	1	6
40	231	1	6
165	232	1	6
34	233	1	6
69	233	1	6
191	233	1	6
211	233	1	6
213	233	1	6
73	234	1	6
89	234	1	6
107	234	1	6
208	234	1	6
46	235	1	6
138	235	1	6
186	235	1	6
88	237	1	6
147	237	1	6
198	237	1	6
117	238	1	6
23	239	1	6
68	239	1	6
1	240	1	6
45	240	1	6
58	240	1	6
56	241	1	6
117	241	1	6
138	241	1	6
186	241	1	6
95	242	1	6
101	242	1	6
146	242	1	6
89	245	1	6
144	245	1	6
149	246	1	6
144	248	1	6
117	249	1	6
56	250	1	6
76	250	1	6
156	250	1	6
186	252	1	6
187	263	1	6
117	265	1	6
186	265	1	6
53	270	1	6
215	270	1	6
65	272	1	6
89	275	1	6
163	275	1	6
61	276	1	6
95	276	1	6
141	277	1	6
216	277	1	6
34	278	1	6
89	278	1	6
211	278	1	6
213	278	1	6
89	283	1	6
163	283	1	6
95	284	1	6
216	284	1	6
58	287	1	6
95	287	1	6
34	289	1	6
51	289	1	6
196	289	1	6
24	291	1	6
61	291	1	6
152	291	1	6
122	292	1	6
95	293	1	6
146	293	1	6
148	293	1	6
161	293	1	6
213	296	1	6
80	298	1	6
82	300	1	6
151	304	1	6
190	304	1	6
29	306	1	6
150	306	1	6
194	306	1	6
115	308	1	6
182	308	1	6
224	308	1	6
17	309	1	6
89	309	1	6
212	309	1	6
9	312	1	6
71	312	1	6
117	313	1	6
119	313	1	6
171	313	1	6
190	313	2	6
208	313	1	6
7	315	1	6
72	322	1	6
80	322	2	6
149	322	1	6
119	324	1	6
72	325	1	6
80	325	2	6
149	325	1	6
40	327	1	6
53	327	1	6
194	327	1	6
216	327	1	6
95	328	1	6
157	328	1	6
165	328	1	6
177	331	1	6
114	332	1	6
165	332	1	6
71	335	1	6
165	335	2	6
203	335	1	6
87	341	1	6
144	343	1	6
172	343	1	6
82	345	1	6
119	346	1	6
157	346	1	6
11	347	1	6
73	349	1	6
171	349	1	6
21	350	1	6
191	350	1	6
197	350	1	6
130	351	1	6
69	354	1	6
175	354	1	6
187	354	1	6
217	354	1	6
95	356	1	6
145	356	1	6
199	356	1	6
119	357	1	6
157	357	1	6
75	359	1	6
60	360	1	6
95	360	1	6
11	361	1	6
18	361	1	6
84	361	1	6
171	361	1	6
209	361	1	6
41	364	1	6
208	364	1	6
12	365	1	6
129	366	1	6
118	367	1	6
130	367	1	6
209	367	1	6
196	369	1	6
76	370	1	6
212	375	1	6
11	377	1	6
77	380	1	6
191	380	1	6
56	383	1	6
91	383	1	6
117	383	1	6
136	383	1	6
222	383	1	6
61	386	1	6
196	387	1	6
76	389	1	6
192	390	1	6
4	391	1	6
95	391	1	6
142	391	1	6
225	391	1	6
162	392	1	6
165	392	1	6
182	392	1	6
71	393	1	6
97	393	1	6
141	393	1	6
160	393	1	6
26	394	1	6
82	394	1	6
32	395	1	6
180	395	1	6
187	395	1	6
66	398	1	6
61	400	1	6
95	400	1	6
165	400	2	6
223	400	1	6
15	401	1	6
59	401	1	6
76	401	1	6
89	401	1	6
95	404	1	6
171	404	1	6
225	404	1	6
195	405	1	6
69	406	1	6
122	406	1	6
218	406	1	6
174	407	1	6
139	411	1	6
111	414	1	6
77	415	1	6
169	419	1	6
195	419	1	6
95	421	1	6
89	422	1	6
195	423	1	6
55	426	1	6
151	426	1	6
95	427	1	6
151	428	1	6
209	428	1	6
95	430	1	6
133	430	1	6
175	431	1	6
216	432	1	6
33	433	1	6
79	433	1	6
95	433	1	6
137	433	1	6
117	434	1	6
119	436	1	6
165	436	1	6
165	438	1	6
130	439	1	6
176	439	1	6
215	439	1	6
208	440	1	6
72	441	1	6
176	441	1	6
216	441	1	6
95	442	1	6
133	443	1	6
214	444	1	6
144	445	1	6
195	445	1	6
143	446	1	6
208	446	1	6
151	447	1	6
22	449	1	6
95	449	1	6
207	450	1	6
95	452	1	6
101	452	1	6
146	452	1	6
6	453	2	6
119	453	1	6
208	453	1	6
224	453	1	6
136	454	1	6
95	456	1	6
77	457	2	6
191	457	1	6
91	458	1	6
119	458	1	6
200	458	1	6
33	460	1	6
77	461	1	6
152	461	1	6
117	462	1	6
180	462	1	6
184	462	1	6
187	462	1	6
3	463	1	6
28	463	1	6
29	463	1	6
65	466	1	6
162	466	1	6
210	467	1	6
44	468	1	6
119	468	1	6
174	468	1	6
210	468	1	6
60	469	1	6
191	470	1	6
216	470	1	6
60	471	1	6
143	471	1	6
208	471	1	6
31	473	1	6
60	473	1	6
92	473	1	6
117	473	2	6
220	473	1	6
8	474	1	6
178	474	1	6
204	474	1	6
79	475	1	6
129	475	1	6
191	475	1	6
50	476	1	6
139	476	1	6
216	478	1	6
75	479	2	6
76	479	1	6
149	479	1	6
60	480	1	6
117	480	1	6
144	480	1	6
220	480	1	6
71	481	1	6
117	481	1	6
87	482	1	6
117	482	1	6
162	482	1	6
212	482	1	6
220	482	1	6
160	483	1	6
18	484	1	6
202	484	1	6
220	484	1	6
58	486	1	6
224	486	1	6
204	487	1	6
8	489	1	6
56	490	1	6
131	490	1	6
150	490	1	6
8	492	1	6
31	493	1	6
74	493	1	6
79	493	1	6
96	493	1	6
127	494	1	6
144	496	1	6
21	498	1	6
89	500	1	6
209	500	1	6
201	503	1	6
218	503	1	6
219	503	1	6
153	504	1	6
82	505	1	6
115	505	1	6
154	505	1	6
187	505	1	6
208	505	1	6
117	506	1	6
209	506	1	6
74	507	1	6
117	507	1	6
220	508	1	6
34	510	1	6
89	510	1	6
208	510	1	6
86	511	1	6
53	512	1	6
71	513	1	6
117	513	1	6
127	514	1	6
68	515	1	6
164	515	1	6
77	516	1	6
117	517	1	6
68	518	1	6
164	518	1	6
10	519	1	6
39	519	1	6
53	520	1	6
78	520	1	6
162	520	1	6
187	520	1	6
220	520	1	6
222	520	1	6
17	522	1	6
94	522	1	6
105	522	1	6
179	522	1	6
23	524	1	6
75	524	2	6
23	525	1	6
3	526	2	6
23	526	1	6
208	526	2	6
218	526	1	6
220	526	1	6
16	528	1	6
23	528	1	6
88	528	1	6
119	528	1	6
218	528	1	6
220	528	1	6
156	529	1	6
220	529	1	6
3	530	1	6
23	530	1	6
81	530	1	6
143	530	1	6
208	530	3	6
78	532	1	6
162	532	1	6
208	532	1	6
216	532	1	6
220	532	1	6
49	533	1	6
98	533	1	6
137	533	1	6
34	534	1	6
220	534	1	6
3	536	1	6
69	536	1	6
81	536	1	6
191	536	1	6
208	536	1	6
220	536	1	6
72	538	1	6
130	538	1	6
144	538	1	6
172	538	1	6
177	538	2	6
220	538	1	6
3	539	2	6
23	539	1	6
131	539	1	6
177	539	1	6
208	539	3	6
220	539	1	6
3	540	1	6
23	540	1	6
218	540	1	6
95	541	1	6
103	541	1	6
146	541	1	6
161	541	1	6
95	542	1	6
137	542	1	6
36	543	1	6
95	543	1	6
223	545	1	6
80	546	1	6
83	546	1	6
89	546	1	6
110	546	1	6
191	546	1	6
95	547	1	6
101	547	1	6
146	547	1	6
39	548	1	6
73	550	1	6
194	550	1	6
211	550	1	6
19	553	1	6
73	553	1	6
4	558	1	6
95	558	1	6
101	558	1	6
146	558	1	6
174	560	1	6
2	561	1	6
95	561	1	6
96	561	1	6
216	561	1	6
95	562	1	6
104	562	1	6
71	563	1	6
201	563	1	6
26	564	1	6
22	566	1	6
32	566	1	6
180	566	1	6
98	567	1	6
176	567	1	6
95	568	1	6
146	568	1	6
6	569	1	6
12	569	1	6
80	569	1	6
120	569	1	6
98	572	1	6
110	572	1	6
216	572	1	6
93	573	2	6
169	573	1	6
48	575	1	6
202	575	1	6
210	575	1	6
216	575	1	6
59	576	1	6
208	576	2	6
93	577	1	6
44	578	1	6
160	578	1	6
182	578	1	6
208	578	1	6
50	579	1	6
72	579	1	6
73	579	1	6
117	579	1	6
208	579	3	6
114	585	1	6
117	585	1	6
95	586	1	6
212	586	1	6
53	590	1	6
135	590	1	6
8	591	1	6
23	591	1	6
81	591	1	6
95	593	1	6
101	593	1	6
146	593	1	6
135	595	1	6
191	597	1	6
26	599	1	6
74	600	1	6
95	600	1	6
191	600	1	6
210	600	2	6
109	602	1	6
73	603	1	6
89	603	1	6
123	603	1	6
168	603	1	6
194	603	1	6
209	603	1	6
36	604	1	6
66	604	1	6
24	607	1	6
95	607	1	6
191	607	1	6
125	609	1	6
135	609	1	6
191	609	1	6
198	609	1	6
123	610	1	6
168	610	1	6
197	610	1	6
9	611	1	6
152	611	1	6
191	611	1	6
57	612	1	6
123	612	1	6
168	612	1	6
1	613	1	6
191	613	1	6
57	615	1	6
117	615	1	6
123	615	1	6
168	615	1	6
180	615	1	6
95	617	1	6
191	617	1	6
110	618	1	6
115	618	1	6
117	618	1	6
123	618	1	6
168	618	1	6
9	619	1	6
95	619	1	6
114	619	1	6
176	622	1	6
41	624	1	6
86	624	1	6
219	624	1	6
41	625	1	6
86	625	1	6
219	625	1	6
196	627	1	6
26	628	1	6
61	631	1	6
152	631	1	6
207	634	1	6
117	638	1	6
219	638	1	6
9	639	1	6
26	639	2	6
95	639	1	6
132	639	1	6
135	639	1	6
191	639	1	6
208	639	1	6
135	640	1	6
14	641	1	6
114	641	1	6
121	641	1	6
135	641	1	6
191	641	1	6
208	641	1	6
52	644	1	6
177	644	1	6
52	647	1	6
149	647	1	6
95	649	1	6
101	649	1	6
146	649	1	6
189	649	1	6
213	651	1	6
14	655	1	6
117	655	1	6
136	655	1	6
95	656	1	6
101	656	2	6
112	656	1	6
113	656	1	6
146	656	1	6
181	656	1	6
58	658	1	6
103	658	1	6
149	658	1	6
154	658	1	6
74	659	1	6
95	659	1	6
67	661	1	6
187	661	1	6
72	662	1	6
114	662	1	6
73	666	1	6
93	667	1	6
208	667	1	6
210	667	1	6
80	668	2	6
73	669	1	6
180	669	1	6
78	671	1	6
171	671	1	6
154	672	1	6
191	672	1	6
191	674	1	6
214	674	1	6
39	675	1	6
76	678	1	6
182	678	1	6
95	679	1	6
101	679	2	6
146	679	1	6
189	679	1	6
125	681	1	6
26	682	1	6
135	686	1	6
186	687	1	6
216	687	1	6
109	690	1	6
117	691	1	6
212	691	1	6
30	692	1	6
95	692	1	6
125	692	1	6
191	692	1	6
214	692	1	6
180	693	1	6
47	694	1	6
221	694	1	6
157	695	1	6
171	695	1	6
202	695	1	6
79	696	1	6
115	696	1	6
50	698	1	6
53	698	1	6
177	698	1	6
195	698	1	6
95	699	1	6
149	699	1	6
25	700	1	6
24	701	1	6
95	701	1	6
141	701	1	6
142	701	1	6
191	701	1	6
188	702	1	6
104	703	1	6
174	703	1	6
77	711	1	6
95	711	1	6
117	711	1	6
132	711	2	6
135	711	1	6
214	711	1	6
94	713	1	6
72	717	1	6
165	717	1	6
176	717	1	6
182	717	1	6
114	721	1	6
79	722	1	6
208	722	1	6
14	726	1	6
47	726	1	6
72	726	1	6
91	726	1	6
51	729	1	6
117	729	1	6
138	729	1	6
201	729	1	6
10	730	1	6
36	730	1	6
130	730	1	6
207	730	1	6
5	732	2	6
16	732	1	6
21	732	2	6
71	732	1	6
95	734	1	6
146	734	1	6
88	735	2	6
96	735	1	6
161	736	1	6
17	738	1	6
219	738	1	6
227	738	1	6
95	739	1	6
125	739	1	6
165	739	1	6
63	740	1	6
117	741	1	6
216	741	1	6
59	742	1	6
134	742	1	6
191	743	1	6
208	744	1	6
79	745	1	6
83	746	1	6
88	746	1	6
114	746	1	6
107	747	1	6
191	747	1	6
208	747	1	6
31	752	1	6
95	752	1	6
125	752	1	6
149	752	1	6
95	754	1	6
125	754	1	6
128	754	1	6
149	754	1	6
167	754	1	6
47	755	1	6
95	755	1	6
95	760	1	6
146	760	1	6
89	762	1	6
180	762	1	6
11	765	1	6
109	765	1	6
115	765	1	6
192	765	1	6
117	766	1	6
95	769	1	6
101	769	1	6
146	769	1	6
189	769	1	6
95	770	1	6
101	770	1	6
146	770	1	6
179	770	1	6
48	777	1	6
95	777	1	6
101	777	1	6
112	777	1	6
113	777	1	6
181	777	1	6
25	778	1	6
48	778	1	6
11	779	1	6
117	779	1	6
219	779	1	6
95	781	1	6
108	781	1	6
194	781	1	6
1	782	1	6
83	786	1	6
95	787	1	6
146	787	1	6
175	792	1	6
226	792	2	6
227	792	1	6
55	793	2	6
226	793	1	6
41	795	1	6
216	795	1	6
225	795	1	6
117	799	1	6
5	800	1	6
41	800	1	6
191	800	1	6
23	806	1	6
126	806	1	6
208	806	1	6
125	808	1	6
51	809	1	6
115	810	1	6
175	810	1	6
95	811	1	6
191	811	1	6
193	811	1	6
165	812	1	6
21	813	1	6
53	813	1	6
78	813	1	6
87	813	1	6
141	813	1	6
165	813	1	6
169	813	1	6
175	813	1	6
95	814	1	6
108	814	1	6
194	814	1	6
61	816	1	6
86	816	1	6
122	817	1	6
173	818	1	6
194	818	1	6
53	820	1	6
76	820	1	6
143	820	1	6
149	820	1	6
208	820	1	6
89	822	1	6
18	824	1	6
117	824	1	6
12	826	1	6
60	826	1	6
77	826	1	6
75	827	1	6
95	827	1	6
147	827	1	6
74	828	1	6
153	828	1	6
161	832	1	6
95	834	1	6
189	834	1	6
225	834	1	6
58	838	1	6
103	838	1	6
108	838	1	6
198	838	1	6
46	839	1	6
134	839	1	6
93	840	1	6
127	840	1	6
191	840	1	6
218	841	1	6
18	843	1	6
144	843	1	6
95	845	1	6
119	845	1	6
144	845	1	6
177	845	1	6
178	845	1	6
191	845	1	6
28	846	1	6
162	850	1	6
16	851	1	6
89	851	1	6
128	852	1	6
148	852	1	6
95	854	1	6
105	854	1	6
179	854	1	6
195	854	1	6
201	855	1	6
7	859	1	6
95	863	1	6
119	867	1	6
196	867	1	6
194	868	1	6
93	869	1	6
95	869	1	6
101	869	1	6
95	871	1	6
146	871	1	6
152	871	1	6
223	872	1	6
182	875	1	6
95	876	1	6
18	877	1	6
221	877	1	6
95	879	1	6
125	879	1	6
70	880	1	6
95	880	1	6
101	880	1	6
146	880	1	6
67	881	1	6
95	882	1	6
25	883	1	6
88	883	1	6
191	883	1	6
17	884	1	6
55	884	1	6
177	887	1	6
210	887	1	6
36	891	1	6
191	891	1	6
95	897	1	6
101	897	1	6
146	897	1	6
189	897	1	6
26	899	1	6
53	899	1	6
108	899	1	6
193	900	1	6
203	900	1	6
208	900	1	6
56	902	1	6
165	902	1	6
181	902	1	6
165	903	1	6
18	904	1	6
55	904	1	6
165	904	1	6
166	904	1	6
227	904	1	6
33	905	1	6
44	905	1	6
165	905	1	6
221	905	1	6
33	913	1	6
44	913	1	6
95	913	1	6
162	913	1	6
58	917	1	6
95	919	1	6
114	919	1	6
166	919	1	6
89	920	1	6
120	921	1	6
185	921	1	6
40	923	1	6
90	923	1	6
175	923	1	6
49	924	1	6
10	925	1	6
62	925	1	6
95	925	1	6
147	925	1	6
191	926	1	6
150	928	1	6
162	928	1	6
208	928	1	6
221	928	1	6
95	929	1	6
208	930	1	6
209	930	2	6
164	931	1	6
53	932	1	6
110	932	1	6
196	932	1	6
4	933	1	6
59	933	1	6
111	933	1	6
139	933	1	6
156	933	1	6
191	933	1	6
64	941	1	6
130	941	1	6
207	941	1	6
120	942	1	6
5	943	1	6
72	943	1	6
119	943	1	6
59	945	1	6
61	945	1	6
135	945	1	6
191	945	1	6
208	945	1	6
218	945	1	6
46	952	1	6
95	952	1	6
147	952	1	6
161	952	1	6
33	956	1	6
95	956	1	6
174	956	1	6
196	957	1	6
6	961	1	6
80	963	1	6
95	963	1	6
146	963	1	6
118	966	1	6
139	966	1	6
191	966	1	6
213	966	1	6
10	967	1	6
48	967	1	6
95	967	1	6
83	969	1	6
89	969	1	6
95	969	1	6
101	969	1	6
103	969	1	6
181	969	1	6
53	970	1	6
42	973	1	6
90	973	1	6
96	973	1	6
9	976	1	6
98	977	1	6
185	979	1	6
95	980	1	6
165	980	1	6
95	985	1	6
101	985	1	6
146	985	1	6
58	988	1	6
93	988	1	6
199	989	1	6
117	990	1	6
79	991	1	6
95	991	1	6
165	991	1	6
33	995	1	6
95	995	1	6
101	995	1	6
130	995	1	6
161	995	1	6
104	1000	1	6
117	1000	1	6
183	1000	1	6
97	1001	1	6
71	1002	1	6
77	1002	1	6
48	1004	1	6
82	1004	1	6
96	1004	1	6
149	1004	1	6
216	1004	1	6
164	1010	1	6
176	1010	1	6
208	1010	1	6
117	1011	1	6
130	1011	1	6
183	1011	1	6
200	1011	1	6
222	1012	1	6
226	1013	1	6
227	1013	1	6
117	1015	1	6
216	1015	1	6
87	1017	1	6
98	1017	1	6
95	1018	1	6
36	1020	1	6
71	1020	1	6
95	1020	1	6
191	1020	1	6
95	1022	1	6
170	1022	1	6
189	1022	2	6
66	1024	1	6
191	1024	1	6
226	1024	1	6
97	1027	1	6
183	1027	1	6
12	1028	1	6
133	1028	1	6
183	1028	1	6
201	1028	1	6
176	1029	1	6
95	1030	1	6
196	1030	1	6
95	1031	1	6
114	1031	1	6
196	1031	1	6
117	1033	1	6
171	1033	1	6
216	1033	1	6
17	1034	1	6
117	1034	1	6
183	1034	1	6
56	1037	1	6
81	1037	1	6
183	1038	1	6
161	1039	1	6
208	1040	1	6
149	1041	1	6
190	1041	1	6
51	1042	1	6
212	1042	1	6
31	1043	1	6
73	1043	1	6
98	1043	1	6
183	1043	1	6
95	1045	1	6
114	1045	1	6
189	1045	1	6
191	1050	1	6
216	1050	1	6
62	1052	1	6
118	1052	1	6
176	1052	1	6
187	1052	1	6
95	1055	1	6
18	1059	1	6
61	1059	1	6
51	1060	1	6
51	1061	1	6
47	1062	1	6
97	1062	1	6
119	1062	1	6
144	1062	1	6
183	1062	1	6
221	1062	1	6
119	1064	1	6
98	1066	1	6
18	1067	2	6
18	1071	1	6
61	1071	1	6
104	1072	1	6
195	1072	1	6
67	1074	1	6
87	1074	1	6
169	1074	1	6
208	1076	1	6
30	1078	1	6
176	1078	1	6
205	1079	1	6
111	1080	1	6
176	1080	1	6
54	1081	1	6
18	1082	1	6
71	1085	3	6
82	1085	1	6
175	1085	1	6
89	1087	1	6
119	1088	2	6
54	1089	1	6
97	1089	1	6
117	1089	1	6
169	1089	1	6
195	1089	1	6
67	1090	1	6
117	1090	1	6
76	1091	1	6
191	1091	1	6
216	1091	1	6
27	1094	1	6
206	1094	1	6
54	1095	1	6
116	1095	1	6
122	1095	1	6
176	1095	1	6
54	1096	1	6
117	1096	1	6
23	1098	1	6
46	1098	1	6
149	1098	1	6
19	1099	1	6
27	1099	1	6
129	1099	1	6
206	1099	1	6
114	1100	1	6
25	1102	1	6
54	1102	1	6
97	1102	1	6
115	1102	1	6
174	1102	1	6
27	1103	1	6
206	1103	1	6
54	1105	1	6
115	1105	1	6
117	1105	1	6
209	1105	1	6
9	1106	1	6
119	1107	3	6
27	1108	1	6
63	1108	1	6
76	1108	1	6
206	1108	1	6
17	1110	1	6
53	1110	1	6
176	1110	1	6
92	1111	1	6
133	1111	1	6
191	1111	1	6
12	1112	1	6
30	1112	1	6
41	1112	1	6
54	1112	1	6
117	1112	1	6
67	1113	1	6
149	1113	1	6
30	1115	1	6
42	1115	1	6
54	1115	1	6
95	1116	1	6
101	1116	2	6
112	1116	1	6
113	1116	1	6
146	1116	1	6
181	1116	1	6
54	1119	1	6
75	1119	2	6
117	1119	1	6
119	1120	1	6
54	1121	1	6
117	1121	1	6
122	1121	1	6
144	1122	1	6
53	1123	1	6
119	1123	1	6
82	1124	1	6
149	1124	1	6
94	1125	1	6
95	1130	1	6
101	1130	2	6
112	1130	1	6
113	1130	1	6
146	1130	1	6
181	1130	1	6
1	1132	1	6
41	1132	1	6
115	1132	2	6
222	1132	2	6
93	1133	1	6
177	1133	1	6
54	1134	1	6
193	1135	1	6
109	1137	1	6
59	1145	1	6
95	1145	1	6
103	1145	1	6
181	1145	1	6
191	1145	1	6
56	1149	1	6
157	1149	1	6
207	1149	1	6
139	1151	1	6
76	1152	1	6
107	1152	1	6
191	1152	1	6
34	1155	1	6
53	1155	1	6
150	1156	1	6
187	1157	1	6
59	1161	1	6
95	1161	1	6
53	1162	1	6
71	1162	1	6
208	1162	1	6
194	1163	1	6
208	1163	1	6
18	1165	1	6
28	1165	1	6
21	1166	1	6
53	1167	1	6
191	1167	1	6
197	1167	1	6
17	1170	1	6
149	1170	1	6
199	1170	1	6
149	1172	1	6
95	1173	1	6
110	1176	1	6
111	1176	1	6
189	1176	1	6
198	1176	1	6
208	1176	1	6
61	1179	1	6
177	1179	1	6
42	1180	1	6
52	1180	1	6
59	1180	1	6
70	1180	2	6
158	1180	1	6
201	1180	1	6
151	1181	1	6
9	1183	1	6
119	1183	1	6
95	1185	1	6
101	1185	1	6
146	1185	1	6
15	1196	1	6
103	1196	1	6
78	1197	1	6
208	1197	1	6
209	1197	1	6
95	1200	1	6
101	1200	1	6
146	1200	1	6
2	1203	1	6
70	1203	1	6
95	1203	1	6
100	1203	1	6
102	1203	1	6
103	1203	1	6
189	1203	1	6
27	1207	1	6
117	1207	1	6
206	1207	1	6
191	1209	1	6
188	1	1	7
102	3	1	7
108	3	1	7
158	3	1	7
185	3	1	7
209	3	1	7
217	3	1	7
218	3	1	7
203	25	1	7
193	27	1	7
199	27	1	7
30	30	1	7
71	30	1	7
76	30	1	7
191	30	1	7
16	34	1	7
191	34	1	7
138	35	1	7
191	35	1	7
30	36	1	7
71	36	1	7
37	39	1	7
57	39	1	7
59	39	1	7
69	39	1	7
103	39	1	7
201	39	1	7
118	40	1	7
149	40	1	7
2	44	1	7
89	44	2	7
95	44	1	7
100	44	1	7
103	44	1	7
105	44	1	7
106	44	1	7
185	44	1	7
9	47	1	7
2	51	1	7
95	51	1	7
100	51	1	7
101	51	1	7
103	51	1	7
105	51	1	7
106	51	1	7
146	51	1	7
134	52	1	7
147	52	1	7
2	55	1	7
95	55	1	7
100	55	1	7
103	55	1	7
105	55	1	7
106	55	1	7
147	55	1	7
89	57	1	7
95	57	1	7
158	57	1	7
17	60	1	7
147	61	1	7
211	61	1	7
188	64	1	7
108	67	1	7
147	67	1	7
191	67	1	7
209	67	1	7
214	67	1	7
95	71	1	7
67	73	1	7
110	73	1	7
195	73	1	7
209	73	1	7
2	74	1	7
153	74	1	7
1	75	1	7
67	75	1	7
130	75	1	7
214	75	1	7
93	78	1	7
95	80	1	7
94	87	1	7
95	87	1	7
103	87	1	7
198	87	1	7
15	89	1	7
59	89	1	7
64	89	1	7
95	89	1	7
209	89	1	7
219	89	1	7
95	93	1	7
104	93	1	7
118	93	1	7
59	96	1	7
2	97	1	7
59	97	1	7
95	97	1	7
100	97	1	7
103	97	1	7
105	97	1	7
106	97	1	7
224	97	1	7
95	100	1	7
146	100	1	7
152	100	1	7
161	100	1	7
91	114	1	7
126	114	1	7
35	124	1	7
59	124	1	7
95	124	1	7
103	124	1	7
114	124	1	7
132	124	1	7
225	124	1	7
119	126	1	7
98	128	1	7
144	128	1	7
84	130	1	7
191	130	1	7
39	135	1	7
207	135	1	7
191	136	1	7
2	137	2	7
103	137	1	7
124	137	1	7
119	138	2	7
49	140	1	7
63	140	1	7
19	143	1	7
35	143	1	7
81	143	1	7
47	144	1	7
115	144	1	7
28	146	1	7
49	146	2	7
216	146	1	7
35	149	1	7
68	149	1	7
2	153	1	7
76	153	1	7
191	153	1	7
10	156	2	7
50	156	1	7
80	156	1	7
71	157	1	7
95	158	1	7
167	158	1	7
194	158	1	7
141	159	1	7
2	163	1	7
95	163	1	7
100	163	1	7
101	163	1	7
103	163	1	7
105	163	1	7
106	163	1	7
146	163	1	7
61	166	1	7
90	166	1	7
188	166	1	7
202	166	1	7
117	168	1	7
213	168	1	7
216	168	1	7
119	172	1	7
136	172	1	7
44	179	1	7
126	181	1	7
147	181	1	7
166	181	1	7
188	181	1	7
194	181	1	7
20	186	1	7
214	186	1	7
2	191	1	7
58	191	1	7
95	191	1	7
100	191	1	7
103	191	1	7
105	191	1	7
106	191	1	7
152	191	1	7
176	192	1	7
187	192	2	7
115	202	1	7
66	207	1	7
95	207	1	7
103	207	1	7
170	207	1	7
196	207	1	7
2	215	1	7
89	215	2	7
95	215	1	7
100	215	1	7
103	215	1	7
105	215	1	7
106	215	1	7
185	215	1	7
191	217	1	7
10	223	1	7
47	223	1	7
59	223	1	7
127	223	1	7
37	229	2	7
91	229	1	7
109	229	1	7
58	236	1	7
76	236	1	7
95	236	1	7
155	236	1	7
173	236	1	7
115	244	1	7
119	244	1	7
208	247	1	7
37	253	1	7
157	253	1	7
202	253	1	7
42	254	4	7
80	254	1	7
150	254	1	7
117	255	1	7
157	255	1	7
80	256	1	7
107	256	1	7
208	256	1	7
2	259	1	7
95	259	1	7
100	259	1	7
103	259	1	7
105	259	1	7
106	259	1	7
155	259	1	7
216	261	1	7
29	262	1	7
108	262	1	7
125	262	1	7
146	262	1	7
208	262	1	7
80	264	1	7
203	264	1	7
216	266	1	7
217	266	1	7
2	269	1	7
192	273	1	7
196	280	1	7
201	280	1	7
2	285	2	7
95	285	1	7
100	285	1	7
103	285	2	7
105	285	1	7
106	285	1	7
147	285	1	7
197	285	1	7
191	288	1	7
196	288	1	7
201	288	1	7
16	290	1	7
52	290	1	7
89	290	1	7
95	290	1	7
158	290	1	7
175	290	1	7
2	294	1	7
89	294	1	7
95	294	1	7
100	294	1	7
103	294	1	7
105	294	1	7
106	294	1	7
152	294	1	7
225	294	1	7
2	299	1	7
95	299	1	7
100	299	1	7
103	299	1	7
105	299	1	7
106	299	1	7
39	303	1	7
69	303	2	7
222	303	1	7
165	305	1	7
165	307	1	7
95	310	1	7
2	311	1	7
95	311	1	7
100	311	1	7
103	311	1	7
105	311	1	7
106	311	1	7
2	316	1	7
95	316	1	7
100	316	1	7
103	316	1	7
105	316	1	7
106	316	1	7
225	316	2	7
2	318	1	7
95	318	1	7
100	318	1	7
101	318	1	7
103	318	1	7
105	318	1	7
106	318	1	7
146	318	1	7
92	320	1	7
95	326	1	7
189	326	1	7
2	329	1	7
95	329	1	7
100	329	1	7
101	329	1	7
103	329	1	7
105	329	1	7
106	329	1	7
146	329	1	7
2	330	1	7
95	330	1	7
100	330	1	7
101	330	1	7
103	330	1	7
105	330	1	7
106	330	1	7
146	330	1	7
6	333	2	7
40	333	1	7
65	333	1	7
77	333	1	7
87	334	1	7
88	334	1	7
98	334	1	7
169	334	1	7
201	336	1	7
34	337	1	7
211	337	1	7
122	339	1	7
187	339	1	7
191	339	1	7
71	363	1	7
187	363	1	7
191	363	1	7
2	372	1	7
95	372	1	7
100	372	1	7
103	372	2	7
105	372	1	7
106	372	1	7
59	374	1	7
73	374	1	7
191	374	1	7
195	374	1	7
6	378	1	7
133	378	1	7
147	381	1	7
162	381	1	7
115	382	1	7
191	382	1	7
34	384	1	7
95	384	1	7
98	384	1	7
143	384	1	7
174	384	1	7
192	384	1	7
156	397	1	7
82	402	1	7
16	408	1	7
222	408	1	7
2	409	1	7
89	409	1	7
95	409	1	7
100	409	1	7
103	409	1	7
105	409	1	7
106	409	1	7
66	410	1	7
147	410	1	7
16	413	1	7
62	424	1	7
65	424	1	7
155	424	1	7
201	424	1	7
96	437	1	7
191	437	1	7
207	437	1	7
95	448	1	7
95	455	1	7
155	472	1	7
2	497	1	7
59	497	1	7
95	497	1	7
100	497	1	7
103	497	1	7
105	497	1	7
106	497	1	7
2	531	1	7
95	531	1	7
100	531	1	7
103	531	1	7
105	531	1	7
106	531	1	7
2	535	1	7
89	535	1	7
95	535	1	7
100	535	1	7
103	535	1	7
105	535	1	7
106	535	1	7
2	537	1	7
95	537	1	7
100	537	1	7
103	537	1	7
105	537	1	7
106	537	1	7
218	544	1	7
2	549	1	7
95	549	1	7
100	549	1	7
103	549	1	7
105	549	1	7
106	549	1	7
95	551	1	7
147	551	1	7
200	551	1	7
215	551	1	7
24	552	1	7
40	552	1	7
103	552	1	7
111	552	1	7
170	552	1	7
95	554	1	7
176	554	1	7
32	555	1	7
180	555	1	7
48	556	1	7
142	556	1	7
163	556	1	7
216	556	1	7
2	557	1	7
95	557	1	7
100	557	1	7
101	557	1	7
103	557	1	7
105	557	1	7
106	557	1	7
146	557	1	7
2	559	1	7
95	559	1	7
100	559	1	7
103	559	1	7
105	559	1	7
106	559	1	7
191	559	1	7
225	559	1	7
208	565	1	7
2	570	1	7
95	570	1	7
100	570	1	7
103	570	1	7
105	570	1	7
106	570	1	7
2	574	1	7
95	574	1	7
100	574	1	7
103	574	1	7
105	574	1	7
106	574	1	7
225	574	1	7
2	581	1	7
95	581	1	7
100	581	1	7
103	581	1	7
105	581	1	7
106	581	1	7
166	581	1	7
2	582	1	7
95	582	1	7
100	582	1	7
103	582	1	7
105	582	1	7
106	582	1	7
147	582	1	7
2	583	1	7
4	583	1	7
102	583	1	7
103	583	1	7
135	583	1	7
191	583	1	7
207	583	1	7
208	583	1	7
37	584	1	7
95	584	1	7
103	584	1	7
2	587	1	7
95	587	1	7
100	587	1	7
101	587	1	7
103	587	1	7
105	587	1	7
106	587	1	7
146	587	1	7
98	588	1	7
15	592	1	7
17	592	1	7
62	592	1	7
77	592	1	7
93	596	1	7
2	598	1	7
95	598	1	7
100	598	1	7
103	598	1	7
105	598	1	7
106	598	1	7
124	598	1	7
147	598	1	7
95	620	1	7
103	626	1	7
125	626	1	7
72	629	1	7
102	629	1	7
153	629	1	7
216	629	1	7
2	632	2	7
95	632	1	7
100	632	1	7
103	632	1	7
105	632	1	7
106	632	1	7
135	632	1	7
25	633	1	7
59	633	1	7
73	633	1	7
93	633	1	7
83	635	1	7
89	635	1	7
95	635	1	7
225	635	1	7
92	636	1	7
95	636	1	7
2	637	1	7
95	637	1	7
100	637	1	7
101	637	1	7
103	637	1	7
105	637	1	7
106	637	1	7
146	637	1	7
95	642	1	7
119	642	1	7
21	643	1	7
95	643	1	7
105	643	1	7
108	643	1	7
219	643	1	7
2	646	1	7
95	646	1	7
100	646	1	7
101	646	1	7
103	646	1	7
105	646	1	7
106	646	1	7
146	646	1	7
2	648	1	7
95	648	1	7
100	648	1	7
101	648	1	7
103	648	1	7
105	648	1	7
106	648	1	7
146	648	1	7
36	650	1	7
107	650	1	7
131	650	1	7
156	650	1	7
222	650	1	7
80	652	1	7
95	652	1	7
105	652	1	7
106	652	1	7
142	652	1	7
147	652	1	7
173	654	1	7
174	654	1	7
223	654	1	7
2	663	1	7
89	663	1	7
95	663	1	7
100	663	1	7
103	663	1	7
105	663	1	7
106	663	1	7
20	680	1	7
70	680	1	7
95	680	1	7
147	680	1	7
152	680	1	7
95	683	1	7
100	683	1	7
105	683	1	7
106	683	1	7
49	685	1	7
103	685	1	7
136	685	1	7
198	685	1	7
119	697	1	7
2	704	1	7
80	704	1	7
95	704	1	7
142	704	1	7
147	704	1	7
95	706	1	7
101	706	1	7
146	706	1	7
189	706	1	7
2	710	1	7
95	710	1	7
100	710	1	7
103	710	1	7
105	710	1	7
106	710	1	7
125	710	1	7
179	710	1	7
182	710	1	7
191	710	1	7
214	710	1	7
2	714	1	7
84	714	1	7
95	714	1	7
100	714	1	7
103	714	1	7
105	714	1	7
106	714	1	7
209	714	1	7
2	715	1	7
84	715	1	7
95	715	1	7
100	715	1	7
103	715	1	7
105	715	1	7
106	715	1	7
209	715	1	7
59	718	1	7
95	718	1	7
103	718	1	7
2	719	1	7
64	719	1	7
95	719	1	7
105	719	1	7
106	719	1	7
147	719	1	7
95	720	1	7
101	720	1	7
146	720	1	7
189	720	1	7
40	723	1	7
129	723	1	7
180	723	1	7
19	727	1	7
102	727	1	7
127	727	1	7
89	728	1	7
19	731	1	7
22	731	1	7
23	731	1	7
29	731	1	7
102	731	1	7
117	731	1	7
127	731	1	7
130	731	1	7
2	733	1	7
95	733	1	7
100	733	1	7
101	733	1	7
103	733	1	7
105	733	1	7
106	733	1	7
146	733	1	7
26	737	1	7
81	737	1	7
95	750	1	7
126	750	1	7
147	750	1	7
180	750	1	7
71	751	1	7
84	751	1	7
95	751	1	7
191	751	1	7
212	751	1	7
73	759	1	7
95	759	1	7
130	759	1	7
146	759	1	7
191	759	1	7
2	761	1	7
95	761	1	7
100	761	1	7
103	761	1	7
105	761	1	7
106	761	1	7
147	761	1	7
2	763	1	7
95	763	1	7
100	763	1	7
101	763	1	7
103	763	1	7
105	763	1	7
106	763	1	7
146	763	1	7
2	764	1	7
95	764	1	7
100	764	1	7
103	764	1	7
105	764	1	7
106	764	1	7
146	764	1	7
2	768	1	7
95	768	1	7
100	768	1	7
101	768	1	7
103	768	1	7
105	768	1	7
106	768	1	7
146	768	1	7
2	773	1	7
95	773	1	7
100	773	1	7
103	773	1	7
105	773	1	7
106	773	1	7
130	773	1	7
147	773	1	7
37	780	1	7
95	780	1	7
146	780	1	7
161	780	1	7
2	783	1	7
43	783	1	7
83	783	1	7
102	783	1	7
103	783	1	7
20	784	2	7
66	784	1	7
225	784	1	7
2	802	1	7
95	802	1	7
100	802	1	7
103	802	1	7
105	802	1	7
106	802	1	7
225	802	1	7
95	803	1	7
101	803	1	7
146	803	1	7
189	803	1	7
70	804	1	7
95	804	1	7
146	804	1	7
161	804	1	7
189	804	1	7
59	807	1	7
117	807	1	7
156	807	1	7
191	807	1	7
198	807	1	7
2	819	1	7
95	819	1	7
100	819	1	7
103	819	1	7
105	819	1	7
106	819	1	7
2	821	1	7
95	821	1	7
100	821	1	7
103	821	1	7
105	821	1	7
106	821	1	7
125	821	1	7
179	821	1	7
182	821	1	7
191	821	1	7
214	821	1	7
2	829	1	7
95	829	1	7
100	829	1	7
103	829	2	7
105	829	1	7
106	829	1	7
147	829	1	7
2	830	1	7
89	830	2	7
95	830	1	7
100	830	1	7
103	830	1	7
105	830	1	7
106	830	1	7
185	830	1	7
2	831	1	7
95	831	1	7
100	831	1	7
103	831	1	7
105	831	1	7
106	831	1	7
179	837	1	7
195	837	1	7
103	842	1	7
108	842	1	7
37	847	1	7
70	847	1	7
95	847	1	7
103	847	1	7
146	847	1	7
209	847	1	7
71	849	1	7
115	849	1	7
191	849	1	7
211	849	1	7
174	853	1	7
210	853	1	7
215	853	1	7
95	858	1	7
191	858	1	7
209	858	1	7
2	861	1	7
95	861	1	7
100	861	1	7
101	861	1	7
103	861	1	7
105	861	1	7
106	861	1	7
146	861	1	7
95	864	1	7
191	864	1	7
215	864	1	7
62	866	1	7
103	870	1	7
65	873	1	7
89	873	1	7
108	873	1	7
2	874	1	7
95	874	1	7
100	874	1	7
101	874	1	7
103	874	1	7
105	874	1	7
106	874	1	7
146	874	1	7
222	874	1	7
2	878	1	7
95	878	1	7
100	878	1	7
101	878	1	7
103	878	1	7
105	878	1	7
106	878	1	7
146	878	1	7
117	886	1	7
2	890	1	7
20	890	1	7
95	890	1	7
100	890	1	7
103	890	1	7
105	890	1	7
106	890	1	7
225	890	1	7
2	893	1	7
95	893	1	7
100	893	1	7
101	893	1	7
103	893	1	7
105	893	1	7
106	893	1	7
146	893	1	7
95	894	1	7
103	894	1	7
146	894	1	7
161	894	1	7
189	894	1	7
116	896	1	7
215	896	1	7
2	898	1	7
95	898	1	7
100	898	1	7
101	898	1	7
103	898	1	7
105	898	1	7
106	898	1	7
146	898	1	7
2	901	1	7
89	901	2	7
95	901	1	7
100	901	1	7
103	901	1	7
105	901	1	7
106	901	1	7
185	901	1	7
2	907	1	7
20	907	1	7
43	907	1	7
95	907	1	7
100	907	1	7
103	907	1	7
105	907	1	7
106	907	1	7
2	908	1	7
10	908	1	7
95	908	1	7
100	908	1	7
103	908	1	7
105	908	1	7
106	908	1	7
2	909	1	7
95	909	1	7
100	909	1	7
101	909	1	7
103	909	1	7
105	909	1	7
106	909	1	7
146	909	1	7
2	910	1	7
95	910	1	7
100	910	1	7
101	910	1	7
103	910	1	7
105	910	1	7
106	910	1	7
146	910	1	7
95	911	1	7
119	911	1	7
191	911	1	7
95	912	1	7
103	912	1	7
108	912	1	7
172	912	1	7
195	912	1	7
196	912	1	7
2	916	1	7
95	916	1	7
100	916	1	7
103	916	1	7
105	916	1	7
106	916	1	7
208	918	1	7
41	927	1	7
205	927	1	7
2	935	1	7
95	935	1	7
100	935	1	7
103	935	1	7
105	935	1	7
106	935	1	7
2	936	2	7
95	936	1	7
100	936	1	7
102	936	1	7
103	936	1	7
105	936	1	7
106	936	1	7
189	936	2	7
95	937	1	7
146	937	1	7
225	937	2	7
2	938	1	7
95	938	1	7
100	938	1	7
101	938	1	7
103	938	1	7
105	938	1	7
106	938	1	7
146	938	1	7
119	940	1	7
147	940	1	7
2	944	1	7
95	944	1	7
100	944	1	7
103	944	1	7
105	944	1	7
106	944	1	7
152	944	1	7
2	948	1	7
95	948	1	7
100	948	1	7
101	948	1	7
103	948	1	7
105	948	1	7
106	948	1	7
146	948	1	7
2	949	1	7
95	949	1	7
100	949	1	7
103	949	1	7
105	949	1	7
106	949	1	7
2	951	1	7
95	951	1	7
100	951	1	7
103	951	1	7
105	951	1	7
106	951	1	7
68	953	1	7
23	954	1	7
24	954	1	7
52	954	1	7
115	954	2	7
151	954	1	7
203	954	1	7
2	955	1	7
95	955	1	7
100	955	1	7
101	955	1	7
103	955	1	7
105	955	1	7
106	955	1	7
146	955	1	7
209	958	1	7
95	960	1	7
170	960	1	7
189	960	1	7
2	962	1	7
95	962	1	7
100	962	1	7
103	962	1	7
105	962	1	7
106	962	1	7
2	965	1	7
95	965	1	7
100	965	1	7
101	965	1	7
103	965	1	7
105	965	1	7
106	965	1	7
146	965	1	7
2	971	1	7
95	971	1	7
100	971	1	7
103	971	1	7
105	971	1	7
106	971	1	7
225	972	1	7
204	974	1	7
225	974	1	7
2	975	1	7
93	975	1	7
95	975	1	7
100	975	1	7
103	975	1	7
105	975	1	7
106	975	1	7
2	978	1	7
95	978	1	7
100	978	1	7
101	978	1	7
103	978	1	7
105	978	1	7
106	978	1	7
146	978	1	7
58	981	1	7
62	981	1	7
89	981	1	7
95	981	1	7
2	983	1	7
95	983	1	7
100	983	1	7
103	983	1	7
105	983	1	7
106	983	1	7
147	983	1	7
152	983	1	7
117	984	1	7
163	984	1	7
187	984	1	7
2	986	1	7
95	986	1	7
100	986	1	7
101	986	1	7
103	986	1	7
105	986	1	7
106	986	1	7
146	986	1	7
2	993	1	7
95	993	1	7
100	993	1	7
103	993	1	7
105	993	1	7
106	993	1	7
95	994	1	7
225	994	1	7
59	996	1	7
102	996	1	7
151	996	1	7
201	996	1	7
2	997	1	7
95	997	1	7
100	997	1	7
103	997	1	7
105	997	1	7
106	997	1	7
95	998	1	7
146	998	1	7
161	998	1	7
225	998	1	7
95	999	1	7
103	999	1	7
146	999	1	7
161	999	1	7
37	1003	1	7
95	1003	1	7
103	1003	1	7
24	1007	1	7
111	1007	1	7
170	1007	1	7
209	1007	2	7
4	1008	1	7
222	1008	1	7
182	1009	1	7
2	1014	1	7
29	1014	1	7
133	1014	1	7
149	1014	1	7
95	1016	1	7
15	1019	1	7
70	1019	1	7
89	1019	1	7
95	1019	1	7
103	1019	1	7
155	1019	1	7
95	1021	1	7
208	1021	1	7
116	1023	1	7
17	1025	1	7
37	1025	1	7
95	1025	1	7
129	1026	1	7
2	1036	1	7
89	1036	1	7
95	1036	1	7
100	1036	1	7
103	1036	1	7
105	1036	1	7
106	1036	1	7
2	1046	1	7
95	1046	1	7
100	1046	1	7
103	1046	1	7
105	1046	1	7
106	1046	1	7
2	1047	1	7
83	1047	1	7
95	1047	1	7
209	1047	1	7
64	1056	1	7
2	1057	1	7
95	1057	1	7
100	1057	1	7
103	1057	1	7
105	1057	1	7
106	1057	1	7
2	1063	1	7
95	1063	1	7
100	1063	1	7
103	1063	1	7
105	1063	1	7
106	1063	1	7
146	1063	1	7
2	1065	1	7
95	1065	1	7
100	1065	1	7
103	1065	1	7
105	1065	1	7
106	1065	1	7
208	1068	1	7
2	1070	1	7
95	1070	1	7
100	1070	1	7
103	1070	1	7
105	1070	1	7
106	1070	1	7
22	1073	1	7
95	1073	1	7
103	1073	1	7
208	1073	1	7
95	1077	1	7
152	1077	1	7
2	1083	1	7
85	1083	1	7
95	1083	1	7
100	1083	1	7
103	1083	1	7
105	1083	1	7
106	1083	1	7
195	1083	1	7
95	1086	1	7
189	1086	1	7
103	1092	1	7
151	1092	1	7
173	1092	1	7
68	1093	1	7
76	1093	1	7
148	1093	1	7
194	1093	1	7
76	1097	1	7
95	1097	1	7
119	1097	1	7
147	1097	1	7
191	1097	1	7
189	1101	1	7
191	1101	1	7
17	1104	1	7
73	1104	1	7
136	1104	1	7
213	1104	1	7
95	1109	1	7
10	1114	1	7
35	1114	1	7
61	1126	1	7
99	1126	1	7
202	1126	1	7
2	1127	1	7
95	1127	1	7
100	1127	1	7
101	1127	1	7
103	1127	1	7
105	1127	1	7
106	1127	1	7
146	1127	1	7
103	1128	1	7
156	1128	1	7
188	1128	1	7
209	1128	1	7
9	1136	1	7
10	1136	1	7
26	1136	1	7
99	1136	1	7
118	1136	1	7
124	1136	1	7
208	1136	1	7
57	1138	1	7
99	1138	1	7
128	1138	1	7
180	1138	1	7
208	1138	1	7
2	1139	1	7
10	1139	1	7
95	1139	1	7
100	1139	1	7
103	1139	1	7
105	1139	1	7
106	1139	1	7
214	1139	1	7
99	1141	1	7
128	1141	1	7
161	1141	1	7
208	1141	1	7
126	1142	1	7
167	1142	1	7
172	1142	1	7
208	1142	1	7
99	1143	1	7
124	1143	1	7
125	1143	1	7
149	1143	1	7
179	1143	2	7
208	1143	1	7
2	1147	1	7
89	1147	1	7
95	1147	1	7
100	1147	1	7
103	1147	1	7
105	1147	1	7
106	1147	1	7
85	1148	1	7
99	1148	1	7
156	1148	1	7
184	1148	1	7
208	1148	1	7
81	1154	1	7
95	1154	1	7
2	1159	1	7
75	1159	1	7
95	1159	1	7
100	1159	1	7
103	1159	1	7
105	1159	1	7
106	1159	1	7
144	1159	1	7
182	1159	1	7
198	1159	1	7
85	1160	1	7
99	1160	1	7
124	1160	1	7
148	1160	1	7
208	1160	1	7
57	1164	1	7
99	1164	1	7
125	1164	1	7
128	1164	1	7
148	1164	1	7
208	1164	1	7
95	1169	1	7
99	1169	1	7
167	1169	1	7
59	1171	1	7
89	1171	1	7
95	1171	1	7
105	1171	1	7
106	1171	1	7
130	1171	1	7
191	1171	1	7
2	1174	1	7
95	1174	1	7
100	1174	1	7
101	1174	1	7
103	1174	1	7
105	1174	1	7
106	1174	1	7
146	1174	1	7
76	1175	1	7
117	1175	1	7
200	1175	1	7
2	1177	1	7
24	1177	1	7
95	1177	1	7
100	1177	1	7
103	1177	1	7
105	1177	1	7
106	1177	1	7
147	1177	1	7
222	1177	1	7
87	1184	1	7
95	1184	1	7
2	1188	1	7
95	1188	1	7
100	1188	1	7
101	1188	1	7
103	1188	1	7
105	1188	1	7
106	1188	1	7
146	1188	1	7
219	1189	1	7
95	1190	1	7
189	1190	1	7
2	1191	1	7
95	1191	1	7
100	1191	1	7
103	1191	1	7
105	1191	1	7
106	1191	1	7
209	1191	1	7
2	1192	1	7
22	1192	1	7
96	1192	1	7
208	1192	1	7
2	1193	1	7
95	1193	1	7
100	1193	1	7
101	1193	1	7
103	1193	1	7
105	1193	1	7
106	1193	1	7
146	1193	1	7
103	1195	1	7
191	1195	1	7
207	1195	1	7
69	1201	1	7
119	1201	1	7
22	1202	1	7
2	1204	1	7
163	1204	1	7
59	1206	1	7
89	1206	1	7
93	1206	1	7
110	1206	1	7
2	1208	1	7
89	1208	1	7
95	1208	1	7
100	1208	1	7
103	1208	1	7
105	1208	1	7
106	1208	1	7
95	1210	1	7
177	1210	1	7
191	1210	1	7
2	1211	1	7
76	1211	1	7
95	1211	1	7
100	1211	1	7
103	1211	1	7
105	1211	1	7
106	1211	1	7
119	1211	1	7
152	1211	1	7
