266	7	1	0
111	8	1	0
246	8	1	0
13	10	1	0
20	10	1	0
107	10	1	0
230	10	1	0
245	10	1	0
69	11	1	0
119	11	1	0
92	32	1	0
152	32	1	0
238	32	1	0
114	38	1	0
127	38	1	0
221	38	1	0
222	38	1	0
92	44	1	0
125	44	1	0
189	44	1	0
266	44	1	0
273	44	1	0
37	49	1	0
180	49	1	0
245	49	1	0
221	52	1	0
78	64	1	0
107	64	1	0
210	64	1	0
245	64	1	0
20	66	1	0
105	66	1	0
126	66	1	0
165	66	1	0
190	66	1	0
42	73	1	0
197	73	1	0
160	80	1	0
154	99	1	0
157	99	1	0
211	99	1	0
235	99	1	0
104	113	1	0
279	113	1	0
262	114	1	0
265	114	1	0
273	114	1	0
112	117	1	0
178	118	1	0
2	131	1	0
180	131	2	0
13	143	1	0
121	143	1	0
156	143	1	0
162	143	1	0
250	143	1	0
252	143	1	0
12	146	1	0
83	146	1	0
205	146	1	0
266	146	1	0
50	152	1	0
98	152	1	0
103	152	1	0
113	152	2	0
70	156	1	0
162	156	1	0
119	159	1	0
245	161	1	0
24	162	1	0
66	162	1	0
70	162	1	0
114	162	1	0
23	177	1	0
145	177	1	0
140	186	1	0
119	199	1	0
166	199	1	0
195	201	1	0
263	201	1	0
156	203	1	0
49	211	2	0
246	211	1	0
263	211	1	0
31	226	1	0
117	226	1	0
119	226	1	0
64	228	1	0
89	228	1	0
266	228	1	0
119	241	1	0
130	241	1	0
181	241	1	0
232	241	1	0
87	246	1	0
161	246	1	0
266	246	1	0
23	261	1	0
239	261	1	0
250	261	1	0
160	265	1	0
79	269	1	0
125	269	1	0
160	269	1	0
273	269	2	0
81	281	1	0
191	281	1	0
107	282	1	0
157	285	1	0
261	285	1	0
146	290	1	0
157	290	1	0
32	291	1	0
34	291	1	0
264	295	1	0
107	296	1	0
203	296	1	0
272	296	1	0
107	298	1	0
203	298	1	0
272	298	1	0
91	299	1	0
186	299	1	0
252	299	1	0
269	299	1	0
160	300	1	0
70	308	1	0
273	308	1	0
50	319	1	0
160	322	1	0
263	328	1	0
273	328	1	0
119	330	1	0
224	330	1	0
245	330	1	0
68	335	1	0
17	343	1	0
119	343	1	0
29	350	1	0
58	350	1	0
72	351	1	0
151	351	1	0
59	358	1	0
82	358	1	0
197	358	1	0
59	360	1	0
82	360	1	0
197	360	1	0
60	367	1	0
197	367	1	0
59	368	1	0
60	368	1	0
110	368	1	0
197	368	1	0
59	372	1	0
60	372	1	0
197	372	1	0
157	374	1	0
60	378	1	0
245	378	1	0
59	381	1	0
60	381	1	0
197	381	1	0
59	382	1	0
60	382	1	0
197	382	1	0
59	383	1	0
60	383	1	0
59	385	1	0
60	385	1	0
197	385	1	0
59	387	1	0
60	387	1	0
82	387	2	0
245	387	2	0
59	389	1	0
60	389	1	0
82	389	1	0
59	390	1	0
60	390	1	0
82	390	1	0
7	391	1	0
59	391	1	0
60	391	1	0
59	393	1	0
60	393	1	0
82	393	1	0
59	395	1	0
60	395	1	0
82	395	2	0
59	397	1	0
60	397	1	0
59	399	1	0
60	399	1	0
82	399	1	0
59	400	1	0
60	400	1	0
82	400	1	0
59	401	1	0
60	401	1	0
92	401	1	0
59	402	1	0
60	402	1	0
59	403	1	0
60	403	1	0
93	403	1	0
59	404	1	0
60	404	1	0
59	411	1	0
60	411	1	0
260	411	1	0
13	412	1	0
59	412	1	0
60	412	1	0
82	412	1	0
120	412	1	0
154	412	1	0
197	412	1	0
60	414	1	0
82	414	1	0
160	414	1	0
197	414	1	0
59	415	1	0
60	415	1	0
82	415	1	0
197	415	1	0
59	416	1	0
60	416	1	0
154	416	1	0
273	416	1	0
59	419	1	0
60	419	1	0
278	419	2	0
59	423	1	0
60	423	1	0
154	423	1	0
59	425	1	0
60	425	1	0
197	425	2	0
59	428	1	0
60	428	1	0
107	428	1	0
59	429	1	0
60	429	1	0
82	429	1	0
97	429	1	0
158	429	1	0
159	429	1	0
162	429	1	0
245	429	1	0
59	433	1	0
60	433	1	0
82	433	1	0
59	434	1	0
60	434	1	0
48	435	1	0
59	439	1	0
60	439	1	0
59	440	1	0
60	440	1	0
59	450	1	0
60	450	1	0
245	450	1	0
258	450	1	0
59	452	1	0
60	452	1	0
82	452	2	0
59	453	1	0
60	453	1	0
59	457	1	0
60	457	1	0
59	458	1	0
60	458	1	0
59	460	1	0
60	460	1	0
197	460	1	0
245	460	1	0
59	467	1	0
60	467	1	0
117	467	1	0
203	467	1	0
59	469	1	0
60	469	1	0
283	469	1	0
9	470	1	0
174	470	1	0
7	471	1	0
54	471	1	0
259	471	1	0
265	471	1	0
89	474	1	0
91	474	1	0
235	477	1	0
172	479	1	0
245	479	1	0
220	480	1	0
251	480	1	0
2	494	1	0
221	494	1	0
224	494	1	0
253	494	1	0
41	498	1	0
150	498	1	0
271	512	1	0
272	512	1	0
2	516	1	0
180	516	1	0
221	516	1	0
229	516	1	0
34	518	1	0
87	518	1	0
243	518	2	0
281	518	1	0
19	522	1	0
18	527	1	0
202	527	1	0
62	530	1	0
96	530	2	0
119	530	1	0
206	530	1	0
89	532	1	0
180	532	1	0
252	532	1	0
264	532	1	0
89	536	2	0
93	536	1	0
106	536	1	0
156	536	1	0
250	536	1	0
139	538	1	0
17	541	1	0
51	541	1	0
98	541	1	0
119	541	1	0
245	541	1	0
242	544	1	0
266	544	1	0
81	546	1	0
127	546	1	0
160	546	1	0
238	546	1	0
18	559	1	0
175	572	1	0
64	576	1	0
127	576	1	0
75	577	1	0
119	577	1	0
263	578	1	0
9	590	1	0
78	590	1	0
107	590	1	0
74	591	1	0
7	592	1	0
165	592	1	0
189	592	1	0
224	592	1	0
13	596	1	0
65	596	1	0
221	596	1	0
235	596	1	0
266	596	1	0
35	597	1	0
107	597	1	0
262	597	1	0
64	599	1	0
170	600	1	0
53	601	1	0
127	601	1	0
103	605	1	0
127	605	1	0
215	606	1	0
64	607	1	0
210	607	1	0
74	608	1	0
34	613	1	0
174	613	1	0
245	613	1	0
126	615	1	0
170	615	1	0
56	619	1	0
64	619	1	0
95	619	1	0
174	619	1	0
99	621	1	0
160	621	1	0
263	621	1	0
279	621	1	0
256	622	1	0
58	623	1	0
276	623	1	0
12	625	1	0
49	625	1	0
64	625	1	0
109	625	1	0
187	625	1	0
230	626	1	0
9	630	1	0
62	630	1	0
102	630	1	0
104	630	1	0
130	630	1	0
232	630	1	0
245	630	1	0
273	630	1	0
149	632	1	0
234	632	1	0
262	632	1	0
92	633	1	0
209	633	1	0
245	633	1	0
56	634	1	0
80	634	1	0
96	634	99	0
113	636	1	0
273	640	1	0
149	649	1	0
32	659	1	0
178	659	1	0
64	665	1	0
110	665	1	0
64	666	1	0
110	666	1	0
245	671	1	0
275	671	1	0
245	672	1	0
270	672	1	0
170	674	1	0
92	675	1	0
127	680	1	0
166	680	1	0
45	681	1	0
166	681	1	0
107	716	1	0
81	719	1	0
14	720	1	0
68	720	1	0
173	720	1	0
15	721	1	0
221	721	1	0
160	727	1	0
186	727	1	0
169	730	1	0
205	730	1	0
51	731	1	0
171	731	1	0
36	732	1	0
269	732	1	0
13	733	1	0
189	733	1	0
142	742	1	0
270	742	1	0
198	743	1	0
211	743	1	0
252	743	1	0
2	751	1	0
85	751	1	0
87	753	1	0
187	753	1	0
206	753	1	0
211	753	1	0
263	753	1	0
158	755	1	0
160	755	1	0
18	758	2	0
150	758	1	0
2	760	1	0
118	760	1	0
6	761	1	0
160	761	1	0
105	765	1	0
172	765	1	0
20	768	1	0
105	768	1	0
258	769	1	0
260	769	1	0
2	786	1	0
85	786	1	0
228	792	1	0
205	798	1	0
19	799	1	0
123	799	1	0
245	799	1	0
275	799	1	0
57	801	1	0
91	801	1	0
273	801	1	0
26	803	1	0
273	805	1	0
124	806	1	0
43	807	1	0
224	807	1	0
26	809	1	0
189	810	1	0
230	812	1	0
221	814	2	0
55	816	1	0
245	816	1	0
45	817	1	0
64	818	1	0
95	818	1	0
119	820	1	0
197	820	1	0
229	820	1	0
10	823	1	0
65	823	1	0
127	823	1	0
245	823	1	0
282	823	1	0
39	825	1	0
164	825	1	0
32	827	1	0
156	827	1	0
157	827	1	0
164	827	1	0
171	827	1	0
244	827	1	0
12	832	1	0
45	832	1	0
173	832	1	0
188	833	1	0
211	833	1	0
42	837	1	0
85	837	1	0
205	837	1	0
245	838	1	0
107	845	2	0
153	845	1	0
219	845	1	0
245	845	1	0
276	845	3	0
229	846	1	0
230	846	1	0
245	846	1	0
237	847	1	0
62	849	1	0
104	849	1	0
119	849	1	0
123	849	1	0
245	849	1	0
273	849	1	0
52	850	1	0
151	850	1	0
63	852	1	0
97	852	1	0
245	852	2	0
20	855	1	0
245	855	1	0
272	855	2	0
119	856	1	0
160	856	1	0
139	857	1	0
148	857	1	0
153	857	1	0
245	857	1	0
78	862	1	0
173	862	1	0
154	863	1	0
161	863	2	0
234	863	1	0
12	870	1	0
209	870	1	0
264	870	1	0
192	875	1	0
43	882	1	0
245	882	1	0
171	886	1	0
189	886	1	0
263	886	1	0
257	888	1	0
245	890	1	0
8	892	1	0
224	892	1	0
138	893	1	0
139	893	1	0
235	893	1	0
245	893	1	0
157	894	1	0
8	896	1	0
35	898	1	0
91	898	1	0
206	898	1	0
245	898	1	0
273	898	1	0
272	899	1	0
138	900	1	0
235	900	1	0
92	901	1	0
93	901	1	0
231	902	1	0
107	904	1	0
189	904	1	0
201	904	1	0
242	904	1	0
58	907	1	0
192	907	1	0
202	907	1	0
273	907	1	0
281	908	1	0
148	909	1	0
78	913	1	0
154	913	1	0
43	916	1	0
46	916	1	0
113	916	1	0
191	916	1	0
263	916	1	0
101	924	1	0
204	924	1	0
78	936	1	0
119	939	1	0
160	939	1	0
55	941	1	0
273	943	1	0
113	945	1	0
114	945	1	0
234	945	1	0
119	948	1	0
124	948	1	0
245	948	1	0
276	948	1	0
45	951	1	0
117	951	1	0
160	951	1	0
211	951	1	0
107	953	1	0
230	953	1	0
93	956	1	0
250	956	1	0
252	956	1	0
273	957	1	0
245	961	1	0
20	966	1	0
105	966	1	0
231	967	1	0
197	968	1	0
224	968	1	0
269	968	1	0
91	970	1	0
74	974	1	0
196	974	1	0
273	974	1	0
274	974	1	0
12	978	1	0
211	978	1	0
264	978	1	0
31	981	1	0
69	981	1	0
175	1000	1	0
191	1000	1	0
245	1000	1	0
34	1002	1	0
156	1002	1	0
230	1002	1	0
107	1006	1	0
7	1009	1	0
153	1009	1	0
138	1019	1	0
64	1024	1	0
245	1024	1	0
260	1024	1	0
84	1038	1	0
138	1038	1	0
142	1038	1	0
243	1038	1	0
102	1040	1	0
117	1040	1	0
3	1041	1	0
128	1041	1	0
170	1041	1	0
185	1048	1	0
2	1049	1	0
122	1049	1	0
245	1049	1	0
264	1049	1	0
149	1051	1	0
84	1053	1	0
104	1053	1	0
119	1056	1	0
190	1056	1	0
119	1065	1	0
13	1074	1	0
139	1074	1	0
245	1074	1	0
273	1074	1	0
51	1075	1	0
160	1075	1	0
217	1075	1	0
56	1079	1	0
67	1079	1	0
227	1079	1	0
245	1079	2	0
214	1081	1	0
266	1083	1	0
119	1085	1	0
132	1088	1	0
235	1088	1	0
99	1089	1	0
245	1089	1	0
119	1094	1	0
245	1094	1	0
119	1095	1	0
139	1100	1	0
245	1100	1	0
283	1103	1	0
45	1105	1	0
250	1105	1	0
2	1108	1	0
44	1108	1	0
171	1108	1	0
20	1109	1	0
26	1109	1	0
105	1109	1	0
68	1110	1	0
172	1110	1	0
1	1116	1	0
66	1116	1	0
277	1116	1	0
66	1117	1	0
114	1117	1	0
52	1120	1	0
217	1120	1	0
98	1122	1	0
103	1122	1	0
221	1123	1	0
40	1124	1	0
144	1124	1	0
245	1125	1	0
51	1130	1	0
74	1130	1	0
171	1130	1	0
187	1130	1	0
217	1130	2	0
190	1132	1	0
97	1136	1	0
226	1138	1	0
157	1139	1	0
187	1143	1	0
250	1143	1	0
93	1144	1	0
130	1147	1	0
232	1147	1	0
83	1149	1	0
130	1151	1	0
232	1151	1	0
21	1152	1	0
93	1152	1	0
181	1157	1	0
263	1166	1	0
157	1169	1	0
273	1172	1	0
81	1174	1	0
224	1174	1	0
96	1175	1	0
101	1176	1	0
245	1176	1	0
270	1176	1	0
37	1178	1	0
134	1178	1	0
98	1181	1	0
125	1181	1	0
160	1181	1	0
226	1181	1	0
227	1181	1	0
273	1181	1	0
2	1182	1	0
86	1182	1	0
91	1182	2	0
98	1182	1	0
186	1182	1	0
227	1182	1	0
241	1182	1	0
16	1184	1	0
62	1184	1	0
19	1185	1	0
98	1185	1	0
91	1186	1	0
98	1186	2	0
260	1186	1	0
86	1187	1	0
98	1187	2	0
227	1187	1	0
21	1189	1	0
82	1189	1	0
91	1189	1	0
98	1189	1	0
162	1189	1	0
81	1198	1	0
91	1198	1	0
98	1198	1	0
162	1198	1	0
196	1198	1	0
241	1198	1	0
117	1208	1	0
13	1221	1	0
53	1221	1	0
119	1221	1	0
160	1221	1	0
175	1221	1	0
156	1222	1	0
66	1231	1	0
107	1231	1	0
24	1233	1	0
85	1233	1	0
207	1234	1	0
23	1252	1	0
49	1253	1	0
170	1253	1	0
180	1253	1	0
266	1253	1	0
224	1257	1	0
119	1261	1	0
130	1261	1	0
181	1261	1	0
232	1261	1	0
58	1274	1	0
62	1274	1	0
192	1274	2	0
214	1274	1	0
245	1274	1	0
204	1277	1	0
262	1281	1	0
62	1283	1	0
119	1284	1	0
211	1285	1	0
160	1286	1	0
160	1287	1	0
119	1288	1	0
214	1288	1	0
77	1290	1	0
119	1290	1	0
245	1290	1	0
52	1294	1	0
68	1294	1	0
93	1294	1	0
160	1294	1	0
245	1294	1	0
85	1298	1	0
276	1298	1	0
18	1301	1	0
205	1301	1	0
27	1302	1	0
29	1302	1	0
119	1302	1	0
245	1302	1	0
119	1303	1	0
211	1303	1	0
224	1303	1	0
41	1307	1	0
78	1307	1	0
171	1307	1	0
189	1307	1	0
78	1320	1	0
45	1337	1	0
275	1337	1	0
118	1341	1	0
126	1346	1	0
98	1347	1	0
171	1347	1	0
245	1347	1	0
204	1356	1	0
140	1373	1	0
224	1373	1	0
132	1381	1	0
273	1381	1	0
89	1382	1	0
82	1386	1	0
197	1386	1	0
72	1395	2	0
256	1395	1	0
170	1403	1	0
205	1403	1	0
160	1404	1	0
149	1425	1	0
119	1430	1	0
263	1430	1	0
223	1457	1	0
212	1459	1	0
123	1460	1	0
223	1460	1	0
231	1460	1	0
223	1461	1	0
157	1464	1	0
223	1464	1	0
199	1468	1	0
281	1468	1	0
100	1469	1	0
263	1469	1	0
281	1469	1	0
45	1482	1	0
127	1482	1	0
245	1485	1	0
264	1485	1	0
272	1485	1	0
50	6	1	1
241	6	1	1
50	9	1	1
199	13	1	1
161	16	1	1
199	16	1	1
54	24	1	1
199	24	1	1
189	25	1	1
241	25	1	1
7	28	1	1
130	28	1	1
180	45	1	1
238	45	1	1
239	45	1	1
91	108	1	1
148	108	1	1
217	108	1	1
245	108	1	1
23	110	1	1
117	110	1	1
127	128	2	1
160	128	1	1
264	129	1	1
275	129	1	1
195	148	1	1
119	150	1	1
2	151	1	1
88	151	1	1
107	151	1	1
156	153	1	1
86	158	1	1
98	158	1	1
152	158	1	1
4	163	1	1
76	163	1	1
91	163	1	1
98	163	1	1
121	163	1	1
157	163	1	1
160	163	1	1
240	163	1	1
139	165	1	1
261	176	1	1
102	181	1	1
160	181	1	1
240	181	1	1
92	182	1	1
108	182	1	1
78	190	1	1
31	249	1	1
20	277	1	1
105	277	1	1
18	279	1	1
192	279	1	1
201	279	1	1
105	283	1	1
240	283	1	1
92	294	1	1
264	294	1	1
149	344	1	1
13	346	1	1
78	346	1	1
66	348	1	1
160	353	1	1
165	353	1	1
84	365	1	1
111	365	1	1
127	365	1	1
195	365	1	1
211	365	1	1
273	365	1	1
89	421	1	1
143	421	1	1
245	421	1	1
158	463	1	1
91	475	1	1
202	475	1	1
211	475	1	1
111	487	1	1
241	500	1	1
107	501	1	1
277	501	1	1
36	510	1	1
13	517	1	1
36	517	1	1
78	517	1	1
143	531	1	1
39	547	1	1
161	547	1	1
39	548	1	1
161	548	1	1
9	555	1	1
161	555	1	1
178	555	1	1
241	555	1	1
245	558	1	1
21	566	1	1
119	566	1	1
133	566	1	1
244	567	1	1
241	571	1	1
160	573	1	1
241	579	1	1
241	581	1	1
17	583	1	1
39	585	1	1
18	627	1	1
175	627	1	1
78	628	1	1
189	628	1	1
127	643	1	1
160	643	1	1
16	648	1	1
89	648	1	1
195	648	1	1
94	697	1	1
119	715	1	1
230	715	1	1
48	740	1	1
92	740	1	1
172	740	1	1
273	740	1	1
22	741	1	1
29	741	1	1
160	741	1	1
219	741	1	1
245	741	1	1
256	741	1	1
45	745	1	1
50	745	1	1
220	745	1	1
65	750	1	1
98	750	1	1
99	750	1	1
132	750	1	1
189	750	1	1
245	750	1	1
18	752	1	1
279	756	1	1
101	759	1	1
169	770	2	1
128	780	1	1
196	780	1	1
41	783	1	1
160	783	2	1
189	783	1	1
13	785	1	1
67	785	1	1
183	785	1	1
189	785	1	1
195	785	1	1
227	785	1	1
245	785	1	1
78	834	1	1
180	834	1	1
185	834	1	1
21	839	1	1
117	839	2	1
182	839	1	1
194	839	1	1
211	839	1	1
250	839	1	1
114	841	1	1
119	841	1	1
130	841	1	1
181	841	1	1
232	841	1	1
43	848	1	1
69	848	1	1
185	848	1	1
191	848	1	1
245	915	1	1
42	921	1	1
250	921	1	1
43	959	1	1
273	959	1	1
192	971	1	1
230	971	1	1
117	972	1	1
250	972	1	1
250	999	1	1
92	1003	1	1
156	1003	1	1
197	1003	1	1
283	1003	1	1
2	1004	1	1
197	1004	1	1
236	1004	1	1
44	1017	1	1
62	1023	1	1
245	1023	1	1
260	1023	1	1
262	1023	1	1
134	1027	1	1
225	1027	1	1
226	1027	1	1
20	1028	1	1
105	1028	1	1
41	1037	1	1
128	1044	1	1
171	1044	1	1
64	1047	1	1
128	1047	1	1
206	1047	1	1
273	1047	1	1
282	1047	1	1
3	1052	1	1
128	1052	1	1
282	1052	2	1
3	1058	1	1
62	1058	1	1
128	1058	1	1
245	1058	1	1
162	1076	1	1
98	1134	1	1
269	1134	1	1
9	1142	1	1
179	1142	1	1
245	1142	1	1
42	1161	1	1
96	1161	1	1
119	1161	1	1
86	1190	1	1
88	1190	1	1
215	1190	1	1
9	1192	1	1
86	1192	1	1
180	1192	1	1
238	1192	1	1
263	1192	1	1
136	1202	1	1
81	1207	1	1
91	1207	1	1
98	1207	1	1
96	1209	1	1
13	1216	2	1
23	1216	1	1
63	1220	1	1
191	1220	1	1
112	1241	1	1
153	1241	1	1
179	1241	1	1
2	1242	1	1
157	1242	1	1
222	1242	1	1
220	1248	1	1
255	1248	1	1
277	1248	1	1
8	1259	1	1
157	1259	1	1
123	1262	1	1
284	1262	1	1
130	1317	1	1
162	1317	1	1
245	1317	1	1
260	1344	1	1
273	1344	1	1
150	1378	1	1
253	1378	1	1
99	1391	1	1
210	1391	1	1
228	1391	1	1
119	1397	1	1
163	1397	1	1
115	1398	1	1
20	1399	1	1
105	1399	1	1
115	1399	1	1
201	1431	1	1
224	1431	1	1
229	1431	1	1
6	1432	1	1
47	1432	1	1
81	1432	1	1
123	1432	1	1
226	1432	1	1
63	1434	1	1
156	1436	1	1
224	1436	1	1
82	1438	1	1
107	1438	1	1
237	1438	1	1
250	1438	1	1
42	1448	1	1
119	1448	1	1
163	1448	1	1
230	1448	1	1
73	1474	1	1
180	1474	1	1
230	1474	1	1
160	2	1	4
220	2	1	4
107	3	1	4
108	3	1	4
234	3	1	4
246	3	1	4
179	14	1	4
183	14	1	4
283	14	1	4
33	20	1	4
107	20	1	4
273	20	1	4
155	22	1	4
137	31	1	4
190	31	1	4
137	33	1	4
15	34	1	4
137	34	1	4
142	35	1	4
218	35	1	4
225	35	1	4
263	35	1	4
42	36	1	4
160	36	1	4
182	36	1	4
81	37	1	4
87	37	1	4
160	37	1	4
252	37	1	4
2	40	1	4
157	40	1	4
245	40	1	4
28	42	2	4
134	42	2	4
193	42	1	4
228	42	1	4
40	47	1	4
144	47	1	4
268	47	1	4
279	47	1	4
28	53	1	4
77	53	1	4
100	53	1	4
134	53	1	4
263	53	1	4
40	54	1	4
69	54	1	4
144	54	1	4
268	54	1	4
34	55	1	4
106	55	1	4
187	55	1	4
263	55	1	4
39	56	1	4
178	56	1	4
268	56	1	4
282	56	1	4
125	58	1	4
189	60	1	4
241	60	1	4
34	61	1	4
40	61	1	4
144	61	1	4
237	61	1	4
268	61	1	4
170	63	1	4
243	67	1	4
128	68	1	4
149	68	1	4
164	68	1	4
243	68	1	4
263	68	1	4
81	70	1	4
82	70	1	4
84	70	1	4
179	70	1	4
243	70	1	4
49	71	1	4
127	71	1	4
2	72	1	4
40	72	1	4
113	72	1	4
144	72	1	4
234	72	1	4
237	72	2	4
268	72	1	4
98	74	1	4
40	75	1	4
93	75	1	4
144	75	2	4
268	75	1	4
3	76	1	4
13	76	1	4
104	76	1	4
128	76	1	4
120	79	1	4
29	81	1	4
40	81	2	4
144	81	2	4
237	81	1	4
268	81	1	4
40	82	1	4
180	82	1	4
40	87	1	4
144	87	1	4
268	87	1	4
28	88	1	4
134	88	1	4
176	88	1	4
199	88	1	4
208	88	1	4
262	88	1	4
121	90	1	4
49	91	1	4
127	91	1	4
164	92	1	4
246	92	1	4
92	93	1	4
28	104	1	4
89	104	1	4
134	104	1	4
271	104	1	4
9	105	1	4
92	105	1	4
165	105	1	4
179	116	1	4
247	116	1	4
37	133	1	4
163	133	1	4
182	133	1	4
160	135	1	4
27	137	1	4
37	137	1	4
119	137	1	4
163	137	1	4
182	137	2	4
254	137	1	4
27	139	1	4
37	139	1	4
119	139	1	4
163	139	1	4
182	139	1	4
254	139	1	4
98	149	1	4
242	149	1	4
54	154	1	4
97	154	1	4
180	154	1	4
265	154	1	4
267	154	1	4
78	164	1	4
221	164	1	4
239	167	1	4
57	168	1	4
100	169	1	4
160	169	1	4
247	169	1	4
77	173	1	4
95	173	1	4
160	173	1	4
9	178	2	4
92	178	1	4
105	178	1	4
2	180	1	4
7	180	1	4
189	180	1	4
148	183	1	4
271	183	1	4
10	185	1	4
50	185	1	4
42	187	1	4
115	187	1	4
261	187	1	4
1	204	1	4
13	204	1	4
124	204	1	4
99	217	1	4
183	217	1	4
245	217	1	4
212	220	1	4
124	222	1	4
188	222	1	4
160	224	1	4
148	227	1	4
261	227	1	4
19	234	1	4
160	235	1	4
214	235	1	4
256	235	1	4
98	253	1	4
158	253	1	4
275	254	1	4
2	263	1	4
91	272	1	4
98	272	1	4
112	272	1	4
119	272	1	4
180	272	1	4
263	272	1	4
231	276	1	4
274	276	1	4
135	278	1	4
170	284	1	4
263	284	1	4
44	293	1	4
228	293	1	4
102	297	1	4
10	301	1	4
262	301	1	4
263	301	1	4
46	304	1	4
57	304	1	4
77	304	2	4
263	304	1	4
89	305	1	4
245	305	1	4
267	305	1	4
17	309	1	4
157	309	1	4
135	314	1	4
108	315	1	4
98	316	1	4
99	316	1	4
135	316	1	4
254	316	1	4
7	333	1	4
34	333	1	4
82	333	2	4
189	333	1	4
217	333	1	4
259	333	1	4
70	337	1	4
171	337	1	4
91	354	1	4
175	354	1	4
267	354	1	4
273	354	1	4
104	355	1	4
132	361	1	4
26	362	1	4
119	370	1	4
142	370	1	4
156	370	1	4
245	370	1	4
247	371	1	4
160	373	1	4
263	375	1	4
138	380	1	4
193	380	1	4
206	380	1	4
239	380	1	4
271	380	1	4
201	388	1	4
213	388	1	4
273	388	1	4
160	392	1	4
107	394	1	4
154	394	1	4
225	396	1	4
247	396	1	4
235	398	1	4
95	405	1	4
160	406	1	4
245	406	1	4
137	410	1	4
12	420	1	4
247	426	1	4
12	430	1	4
16	430	1	4
137	432	1	4
119	437	1	4
92	438	1	4
13	443	1	4
210	443	1	4
158	449	1	4
245	449	1	4
97	461	1	4
164	461	1	4
33	462	1	4
84	462	1	4
135	462	1	4
260	462	1	4
245	464	1	4
115	476	1	4
160	485	1	4
33	488	1	4
195	490	1	4
48	497	1	4
63	497	1	4
74	497	1	4
184	497	1	4
226	497	1	4
278	497	1	4
13	507	2	4
65	523	1	4
95	523	1	4
127	523	1	4
159	523	1	4
245	528	1	4
100	529	1	4
247	529	1	4
43	533	1	4
202	533	1	4
203	533	1	4
248	533	1	4
252	533	1	4
80	534	1	4
122	534	1	4
101	535	1	4
40	537	1	4
144	537	1	4
170	537	1	4
52	540	1	4
119	540	1	4
89	542	1	4
189	542	1	4
253	542	1	4
259	542	1	4
20	545	1	4
48	545	1	4
170	545	1	4
50	550	1	4
137	550	1	4
99	553	1	4
180	553	1	4
155	554	1	4
151	556	1	4
157	560	1	4
195	560	1	4
69	562	1	4
283	562	1	4
46	564	1	4
29	565	1	4
88	565	1	4
99	565	1	4
180	565	1	4
191	565	1	4
199	565	1	4
245	565	1	4
146	569	1	4
40	574	1	4
144	574	1	4
241	574	1	4
165	575	1	4
33	580	1	4
46	580	1	4
140	587	1	4
98	593	1	4
242	593	1	4
86	594	1	4
88	594	1	4
277	594	1	4
62	604	1	4
40	609	1	4
55	609	1	4
144	609	1	4
205	609	1	4
241	609	1	4
266	609	1	4
155	620	1	4
185	620	1	4
260	620	1	4
74	631	1	4
184	631	1	4
162	637	1	4
195	637	1	4
131	641	1	4
280	641	1	4
284	641	1	4
119	644	1	4
3	645	1	4
128	645	1	4
164	645	1	4
262	645	1	4
58	646	1	4
109	646	1	4
63	647	1	4
147	647	1	4
62	650	2	4
110	650	1	4
128	650	1	4
198	650	1	4
243	650	1	4
42	652	1	4
235	652	1	4
238	652	1	4
253	652	1	4
70	653	1	4
83	653	1	4
147	653	1	4
157	653	1	4
224	653	1	4
241	653	1	4
274	653	1	4
58	655	1	4
109	655	1	4
147	655	1	4
284	655	1	4
91	656	1	4
142	656	1	4
147	656	1	4
273	656	1	4
99	661	1	4
112	661	1	4
147	661	1	4
156	661	1	4
234	661	1	4
62	662	1	4
70	662	1	4
180	662	1	4
189	662	1	4
220	662	1	4
267	662	1	4
73	667	1	4
94	667	1	4
147	667	1	4
157	667	1	4
180	667	1	4
221	667	1	4
252	667	1	4
208	668	1	4
74	677	1	4
160	677	1	4
219	677	1	4
175	683	1	4
175	684	1	4
30	685	1	4
49	685	1	4
74	685	1	4
175	685	1	4
187	685	2	4
245	685	1	4
263	685	1	4
61	686	1	4
175	686	1	4
61	688	1	4
77	688	1	4
160	688	1	4
162	688	1	4
175	688	1	4
236	688	1	4
61	689	1	4
109	689	1	4
120	689	1	4
221	689	1	4
30	690	1	4
140	690	1	4
6	691	1	4
28	691	1	4
61	691	1	4
134	691	1	4
160	691	1	4
175	691	1	4
30	693	1	4
79	693	1	4
175	693	1	4
236	693	1	4
263	693	1	4
115	695	1	4
22	696	1	4
96	696	1	4
131	696	1	4
142	696	1	4
245	696	1	4
263	696	1	4
280	696	1	4
30	698	1	4
118	698	1	4
131	699	1	4
245	699	1	4
280	699	1	4
22	701	1	4
61	701	1	4
131	701	1	4
175	701	1	4
280	701	1	4
30	702	1	4
79	702	1	4
131	702	1	4
193	702	1	4
280	702	1	4
94	717	1	4
119	724	1	4
92	729	1	4
245	729	1	4
271	729	1	4
85	734	1	4
250	735	1	4
252	735	1	4
137	736	1	4
190	736	1	4
80	737	1	4
186	737	1	4
261	737	1	4
34	744	1	4
263	744	1	4
273	744	1	4
276	767	1	4
255	789	1	4
45	791	1	4
107	791	1	4
27	793	1	4
127	793	1	4
145	793	1	4
161	793	1	4
174	793	1	4
245	793	2	4
255	793	1	4
80	797	1	4
93	811	1	4
186	811	1	4
1	830	1	4
105	835	1	4
172	835	1	4
160	836	1	4
79	866	1	4
119	866	1	4
136	866	1	4
175	891	1	4
237	897	1	4
78	918	1	4
195	918	1	4
130	927	1	4
232	927	1	4
255	927	1	4
43	932	1	4
230	933	1	4
170	938	1	4
228	938	1	4
238	1014	1	4
245	1014	1	4
180	1018	1	4
29	1020	1	4
273	1020	1	4
212	1030	1	4
83	1032	1	4
119	1033	1	4
210	1045	1	4
109	1064	1	4
160	1064	1	4
50	1071	1	4
91	1086	1	4
49	1090	2	4
54	1092	1	4
105	1092	1	4
139	1092	1	4
170	1092	1	4
179	1092	1	4
277	1092	1	4
99	1106	1	4
225	1106	1	4
58	1126	1	4
230	1126	1	4
93	1127	1	4
156	1127	1	4
220	1127	1	4
269	1127	1	4
156	1133	1	4
184	1133	1	4
282	1133	1	4
208	1140	1	4
107	1153	1	4
157	1163	1	4
273	1163	1	4
119	1177	1	4
189	1177	1	4
246	1177	1	4
263	1177	2	4
273	1177	1	4
262	1180	1	4
140	1188	1	4
281	1191	1	4
284	1191	1	4
245	1194	1	4
250	1201	1	4
235	1217	1	4
255	1235	1	4
18	1236	1	4
119	1236	1	4
245	1279	1	4
249	1279	1	4
53	1282	1	4
266	1282	1	4
245	1324	1	4
51	1332	1	4
224	1332	1	4
51	1333	1	4
224	1333	1	4
271	1333	1	4
74	1334	1	4
45	1335	1	4
245	1335	1	4
263	1338	1	4
197	1345	1	4
83	1349	1	4
170	1349	1	4
171	1349	1	4
45	1351	1	4
127	1351	2	4
45	1353	1	4
119	1353	1	4
127	1353	1	4
249	1353	1	4
87	1367	1	4
43	1394	1	4
253	1394	1	4
16	1401	1	4
162	1401	1	4
203	1401	1	4
209	1401	1	4
214	1401	1	4
115	1406	1	4
118	1413	1	4
275	1420	1	4
126	1426	1	4
221	1426	1	4
90	1445	1	4
90	1453	1	4
180	1453	1	4
235	1453	1	4
90	1454	1	4
91	1454	1	4
273	1458	1	4
98	1462	1	4
176	1462	1	4
245	1470	1	4
247	1475	1	4
263	1475	1	4
43	1480	1	4
130	1480	1	4
232	1480	1	4
234	1480	1	4
35	1492	1	4
63	1492	1	4
86	1492	1	4
148	1492	1	4
235	1492	1	4
119	23	1	6
130	23	1	6
181	23	1	6
232	23	1	6
65	27	1	6
76	27	1	6
80	27	1	6
160	27	1	6
83	29	1	6
184	29	1	6
194	29	1	6
235	51	1	6
6	57	1	6
119	57	1	6
130	57	1	6
163	57	1	6
181	57	1	6
191	57	1	6
232	57	1	6
271	57	1	6
58	85	1	6
115	85	1	6
162	85	1	6
119	89	1	6
161	89	1	6
235	89	1	6
215	100	1	6
179	106	1	6
215	106	1	6
258	109	1	6
31	120	1	6
119	120	1	6
201	120	1	6
212	120	1	6
12	121	1	6
98	121	1	6
195	121	1	6
130	123	1	6
232	123	1	6
72	124	1	6
91	126	1	6
211	126	1	6
282	126	1	6
93	130	1	6
169	130	1	6
245	130	1	6
264	130	1	6
93	132	1	6
148	132	1	6
170	132	1	6
6	134	1	6
205	136	1	6
266	136	1	6
175	160	1	6
201	160	1	6
75	171	1	6
119	171	1	6
127	171	1	6
214	171	1	6
64	188	1	6
258	189	1	6
112	191	1	6
235	191	1	6
92	196	1	6
244	196	1	6
119	198	1	6
157	205	1	6
157	209	1	6
186	210	2	6
253	213	1	6
264	215	1	6
86	216	1	6
47	221	1	6
74	221	1	6
89	221	1	6
171	221	1	6
263	223	1	6
107	229	1	6
98	230	1	6
143	230	1	6
1	231	1	6
20	232	1	6
117	232	1	6
254	232	1	6
119	233	1	6
130	233	1	6
181	233	1	6
182	233	1	6
232	233	1	6
143	237	1	6
228	237	1	6
243	239	1	6
245	239	1	6
187	243	1	6
36	248	1	6
119	248	1	6
274	248	1	6
54	250	1	6
146	250	1	6
155	250	1	6
245	250	1	6
253	250	1	6
265	250	1	6
221	251	1	6
241	251	1	6
264	251	1	6
249	252	1	6
47	259	1	6
98	259	1	6
178	259	1	6
220	262	1	6
24	267	1	6
278	267	1	6
9	271	1	6
20	271	1	6
197	271	1	6
109	286	1	6
185	286	1	6
12	302	1	6
34	302	1	6
127	302	1	6
150	306	1	6
175	306	1	6
222	306	1	6
267	306	1	6
109	312	1	6
210	312	2	6
253	312	1	6
266	312	1	6
109	318	1	6
210	318	2	6
253	318	1	6
266	318	1	6
36	320	1	6
54	320	1	6
102	320	1	6
143	320	1	6
156	320	1	6
245	320	1	6
265	320	1	6
217	321	1	6
139	325	1	6
31	332	1	6
119	332	1	6
107	340	1	6
180	340	1	6
239	340	1	6
35	356	1	6
171	356	1	6
94	359	1	6
189	377	1	6
133	413	1	6
143	413	1	6
39	431	1	6
157	431	1	6
91	441	1	6
278	441	1	6
269	444	1	6
206	445	1	6
220	445	1	6
251	445	1	6
136	447	1	6
191	447	1	6
206	447	1	6
220	447	1	6
9	448	1	6
54	448	1	6
241	448	1	6
15	451	1	6
263	451	1	6
93	455	1	6
217	455	1	6
269	455	1	6
10	473	1	6
98	473	1	6
119	473	1	6
122	478	1	6
141	478	1	6
216	478	1	6
143	484	1	6
195	484	1	6
263	484	1	6
93	486	1	6
141	489	1	6
156	489	1	6
188	489	1	6
216	489	1	6
235	489	1	6
263	489	2	6
78	495	1	6
89	495	1	6
141	495	1	6
216	495	1	6
257	495	1	6
141	502	1	6
157	502	1	6
167	502	1	6
216	502	1	6
77	503	1	6
99	503	1	6
141	508	1	6
157	508	1	6
216	508	1	6
53	521	1	6
189	521	1	6
245	521	1	6
260	521	1	6
190	543	1	6
201	543	1	6
64	561	1	6
245	561	1	6
251	561	1	6
96	582	4	6
134	582	1	6
187	586	1	6
283	586	1	6
62	588	1	6
93	588	1	6
253	588	1	6
88	598	1	6
175	598	2	6
44	610	1	6
105	610	1	6
225	611	1	6
115	617	1	6
105	618	1	6
145	618	1	6
260	618	1	6
262	618	1	6
115	651	1	6
117	654	1	6
173	654	1	6
139	692	1	6
68	722	2	6
119	722	1	6
130	722	1	6
245	723	1	6
76	725	1	6
45	726	1	6
245	726	1	6
257	739	1	6
35	748	1	6
166	748	1	6
211	749	2	6
222	762	1	6
243	762	1	6
245	762	1	6
189	764	1	6
243	764	1	6
263	764	1	6
273	764	1	6
119	766	1	6
245	774	1	6
249	774	1	6
75	781	1	6
78	781	1	6
157	781	1	6
43	782	1	6
78	782	1	6
161	782	1	6
45	784	1	6
245	784	1	6
263	784	1	6
107	800	1	6
180	813	1	6
189	813	1	6
271	813	1	6
108	819	1	6
120	819	1	6
241	819	1	6
241	821	1	6
7	822	1	6
86	822	1	6
189	822	1	6
15	824	1	6
75	824	1	6
112	824	1	6
140	824	1	6
203	824	1	6
251	824	1	6
262	824	1	6
105	828	1	6
9	843	1	6
29	843	1	6
219	851	1	6
262	851	1	6
263	851	1	6
207	853	1	6
241	853	1	6
91	858	1	6
245	858	1	6
78	859	1	6
17	864	1	6
76	864	1	6
152	864	1	6
119	867	1	6
207	867	1	6
240	867	1	6
79	868	1	6
159	868	1	6
78	871	1	6
13	873	1	6
157	873	1	6
176	873	1	6
57	876	1	6
224	876	1	6
266	876	1	6
66	877	1	6
211	877	1	6
19	881	1	6
208	881	1	6
104	883	1	6
124	883	1	6
166	884	1	6
276	884	1	6
279	884	1	6
78	895	1	6
125	895	1	6
127	895	1	6
176	895	1	6
259	895	1	6
19	905	1	6
114	905	1	6
120	906	1	6
235	906	1	6
43	910	1	6
148	910	1	6
200	910	1	6
215	910	1	6
194	911	1	6
115	912	1	6
153	912	1	6
95	917	1	6
159	917	1	6
189	917	2	6
241	917	1	6
245	917	1	6
225	919	1	6
146	920	1	6
238	920	1	6
125	922	1	6
139	923	1	6
15	925	1	6
117	925	1	6
200	925	1	6
241	925	1	6
245	925	1	6
78	928	1	6
95	928	1	6
160	931	1	6
224	931	1	6
109	934	1	6
169	934	1	6
194	934	1	6
173	935	1	6
245	940	1	6
215	942	1	6
229	942	1	6
127	944	1	6
231	944	1	6
266	944	1	6
157	946	1	6
161	949	1	6
177	949	1	6
67	952	1	6
160	952	1	6
176	952	1	6
273	954	1	6
20	955	1	6
73	955	1	6
107	955	1	6
177	955	1	6
230	955	1	6
263	955	2	6
273	955	1	6
202	958	1	6
269	958	1	6
278	958	1	6
32	962	1	6
55	962	1	6
93	963	1	6
180	963	1	6
234	963	1	6
209	964	1	6
253	964	1	6
119	965	1	6
251	965	1	6
262	965	1	6
119	969	1	6
251	969	1	6
262	969	1	6
160	973	1	6
243	975	1	6
12	976	1	6
119	976	1	6
98	977	2	6
3	979	1	6
110	979	1	6
128	979	1	6
73	980	1	6
160	980	1	6
161	980	1	6
177	980	1	6
250	982	1	6
31	983	1	6
91	983	1	6
119	984	1	6
152	985	1	6
26	986	1	6
31	986	1	6
91	986	1	6
107	986	1	6
193	986	1	6
31	987	1	6
181	987	1	6
31	988	1	6
112	988	1	6
224	988	1	6
266	988	1	6
231	989	1	6
36	990	1	6
118	990	1	6
177	990	1	6
177	991	1	6
178	991	1	6
78	993	1	6
177	993	1	6
224	993	1	6
267	993	1	6
273	993	1	6
91	994	1	6
43	996	1	6
161	996	1	6
245	996	1	6
177	997	1	6
151	998	1	6
156	998	1	6
204	998	1	6
235	998	1	6
139	1001	1	6
3	1005	1	6
82	1005	1	6
128	1005	1	6
158	1005	1	6
208	1005	1	6
220	1005	1	6
88	1007	1	6
273	1008	1	6
119	1010	2	6
145	1010	1	6
91	1011	1	6
4	1012	1	6
104	1012	1	6
117	1012	1	6
119	1013	1	6
130	1013	1	6
133	1013	2	6
181	1013	1	6
232	1013	1	6
233	1013	1	6
78	1015	1	6
174	1015	1	6
264	1015	1	6
277	1015	1	6
134	1021	1	6
160	1021	1	6
4	1025	1	6
102	1025	1	6
225	1025	1	6
259	1025	1	6
3	1029	1	6
128	1029	1	6
208	1029	1	6
25	1034	1	6
38	1034	1	6
116	1034	1	6
119	1034	1	6
129	1034	1	6
130	1034	1	6
133	1034	1	6
181	1034	1	6
232	1034	1	6
233	1034	1	6
116	1036	1	6
121	1039	1	6
254	1039	1	6
263	1039	2	6
2	1042	1	6
188	1042	1	6
245	1042	1	6
46	1043	1	6
109	1043	2	6
119	1043	1	6
184	1043	1	6
11	1054	1	6
71	1054	1	6
98	1054	1	6
156	1054	1	6
267	1054	1	6
250	1055	1	6
274	1055	1	6
11	1057	1	6
71	1057	1	6
168	1057	1	6
25	1059	1	6
38	1059	1	6
116	1059	1	6
119	1059	1	6
129	1059	1	6
130	1059	1	6
133	1059	2	6
181	1059	1	6
232	1059	1	6
233	1059	1	6
119	1060	1	6
263	1060	1	6
265	1060	1	6
43	1061	1	6
91	1061	1	6
139	1061	1	6
154	1061	1	6
189	1061	1	6
229	1061	1	6
245	1061	2	6
11	1068	1	6
71	1068	1	6
168	1068	1	6
11	1069	1	6
71	1069	1	6
72	1070	1	6
168	1070	1	6
149	1072	1	6
168	1072	1	6
245	1072	1	6
263	1072	1	6
271	1072	1	6
168	1077	1	6
11	1091	1	6
67	1091	1	6
71	1091	1	6
218	1091	1	6
245	1091	1	6
25	1096	1	6
38	1096	1	6
116	1096	1	6
119	1096	1	6
129	1096	1	6
130	1096	1	6
133	1096	1	6
181	1096	1	6
232	1096	1	6
233	1096	1	6
204	1097	1	6
43	1099	1	6
46	1099	1	6
148	1099	1	6
187	1099	1	6
43	1101	1	6
117	1101	1	6
220	1101	1	6
25	1102	1	6
38	1102	1	6
47	1102	1	6
116	1102	1	6
119	1102	1	6
129	1102	1	6
130	1102	1	6
133	1102	1	6
181	1102	1	6
232	1102	1	6
233	1102	1	6
99	1104	1	6
165	1104	1	6
43	1107	1	6
234	1107	1	6
245	1107	1	6
25	1111	1	6
38	1111	1	6
116	1111	1	6
119	1111	1	6
129	1111	1	6
130	1111	1	6
133	1111	2	6
181	1111	1	6
232	1111	1	6
233	1111	1	6
1	1113	1	6
17	1113	1	6
211	1114	1	6
250	1114	1	6
43	1115	1	6
83	1115	1	6
156	1121	1	6
158	1121	1	6
169	1121	1	6
245	1121	1	6
14	1128	1	6
98	1128	1	6
174	1128	1	6
195	1128	1	6
273	1128	1	6
22	1129	1	6
89	1129	1	6
22	1131	1	6
63	1131	1	6
119	1131	1	6
155	1131	1	6
245	1131	1	6
172	1154	1	6
191	1154	1	6
76	1158	1	6
160	1158	1	6
277	1158	1	6
235	1159	1	6
196	1164	1	6
223	1164	1	6
258	1164	1	6
26	1165	1	6
209	1165	1	6
254	1170	1	6
75	1171	1	6
118	1171	1	6
209	1171	1	6
215	1173	1	6
41	1179	1	6
78	1179	1	6
157	1183	1	6
125	1195	1	6
224	1195	1	6
244	1195	1	6
245	1195	1	6
76	1211	1	6
119	1211	1	6
214	1211	1	6
133	1212	1	6
162	1214	1	6
211	1214	1	6
245	1214	1	6
12	1215	1	6
31	1215	1	6
93	1215	1	6
127	1215	1	6
224	1215	1	6
241	1218	2	6
43	1223	1	6
200	1223	2	6
250	1223	1	6
263	1223	1	6
43	1225	1	6
200	1225	2	6
250	1225	1	6
263	1225	1	6
160	1226	1	6
83	1227	1	6
160	1227	1	6
79	1229	1	6
119	1229	1	6
83	1230	1	6
243	1238	1	6
107	1239	1	6
245	1239	1	6
85	1243	1	6
249	1243	1	6
45	1244	1	6
4	1247	1	6
91	1247	1	6
156	1247	1	6
282	1247	2	6
225	1249	1	6
245	1249	1	6
253	1249	1	6
136	1250	1	6
64	1251	1	6
266	1251	1	6
156	1255	1	6
240	1255	1	6
245	1255	1	6
119	1256	1	6
89	1258	1	6
91	1258	1	6
20	1263	1	6
105	1263	1	6
20	1264	1	6
91	1264	1	6
105	1264	1	6
160	1264	1	6
95	1266	1	6
160	1266	1	6
161	1275	1	6
173	1275	1	6
245	1275	1	6
273	1275	1	6
79	1278	1	6
93	1278	1	6
189	1278	1	6
192	1278	1	6
284	1278	1	6
12	1291	1	6
170	1291	1	6
91	1292	1	6
111	1292	1	6
160	1292	1	6
119	1293	1	6
130	1293	1	6
181	1293	1	6
232	1293	1	6
243	1299	1	6
4	1304	1	6
188	1304	1	6
62	1309	1	6
132	1315	1	6
27	1316	1	6
45	1318	1	6
19	1319	1	6
50	1319	1	6
75	1319	1	6
254	1319	1	6
52	1321	1	6
107	1321	1	6
92	1322	1	6
211	1322	1	6
218	1327	1	6
74	1336	1	6
111	1339	1	6
269	1339	1	6
160	1340	1	6
24	1343	1	6
83	1348	1	6
146	1348	1	6
194	1348	1	6
156	1376	1	6
197	1376	1	6
99	1384	1	6
194	1384	1	6
101	1388	1	6
20	1392	1	6
72	1392	1	6
91	1392	1	6
105	1392	1	6
32	1393	1	6
101	1393	1	6
90	1396	1	6
235	1396	1	6
43	1405	1	6
52	1405	1	6
107	1405	1	6
245	1405	1	6
270	1407	1	6
103	1409	1	6
57	1412	1	6
200	1412	1	6
276	1412	1	6
171	1417	1	6
272	1417	1	6
22	1423	1	6
70	1423	1	6
83	1423	1	6
27	1424	1	6
221	1424	1	6
45	1427	1	6
107	1427	1	6
115	1428	1	6
249	1435	1	6
273	1435	1	6
160	1437	1	6
104	1439	1	6
115	1439	1	6
235	1439	1	6
44	1443	1	6
44	1444	1	6
119	1444	1	6
133	1446	1	6
136	1446	1	6
10	1449	1	6
90	1449	1	6
178	1449	1	6
235	1449	1	6
119	1451	1	6
181	1451	1	6
99	1463	1	6
169	1463	1	6
13	1478	1	6
47	1483	1	6
171	1483	1	6
83	1489	1	6
106	1489	1	6
282	1491	1	6
107	1494	1	6
139	1494	1	6
245	1494	1	6
158	1495	1	6
180	1495	1	6
234	1495	1	6
235	4	1	7
23	5	1	7
91	5	1	7
37	12	1	7
56	19	1	7
111	30	1	7
119	30	1	7
218	30	2	7
225	30	1	7
119	41	1	7
218	41	1	7
113	59	1	7
23	62	1	7
93	62	1	7
251	62	1	7
263	62	1	7
282	62	1	7
118	65	1	7
119	65	1	7
24	83	1	7
118	83	1	7
164	83	1	7
243	83	1	7
266	83	1	7
13	95	1	7
183	95	1	7
13	98	1	7
48	98	1	7
99	98	1	7
118	98	1	7
183	98	1	7
49	107	1	7
93	107	1	7
109	107	1	7
154	107	1	7
263	107	1	7
14	111	1	7
89	111	1	7
107	122	1	7
171	122	1	7
221	122	1	7
33	140	1	7
192	140	1	7
104	147	1	7
99	155	1	7
119	157	1	7
162	166	1	7
189	166	1	7
5	179	1	7
5	184	1	7
66	184	1	7
273	184	1	7
5	192	1	7
29	193	2	7
126	194	1	7
195	194	1	7
234	197	1	7
7	200	1	7
61	200	1	7
98	200	1	7
206	200	1	7
236	200	1	7
245	200	1	7
5	212	1	7
263	212	1	7
5	219	1	7
18	219	1	7
92	236	1	7
92	240	1	7
262	244	1	7
267	244	1	7
78	245	1	7
119	245	1	7
14	247	1	7
112	247	1	7
140	247	1	7
160	247	1	7
214	247	1	7
250	247	1	7
5	255	1	7
98	255	1	7
158	258	1	7
195	258	1	7
278	258	1	7
12	264	1	7
83	264	1	7
46	268	1	7
157	268	1	7
114	274	1	7
130	274	1	7
189	274	1	7
232	274	1	7
46	275	1	7
264	275	1	7
64	287	1	7
121	288	1	7
157	288	1	7
263	288	1	7
88	289	1	7
126	289	1	7
239	289	1	7
91	303	1	7
259	303	1	7
282	303	1	7
238	307	1	7
195	310	1	7
239	310	1	7
195	311	1	7
239	311	1	7
160	341	1	7
224	341	1	7
115	342	1	7
160	342	1	7
245	342	1	7
264	349	1	7
26	352	1	7
82	352	1	7
82	363	1	7
82	364	1	7
84	369	1	7
277	369	1	7
180	386	1	7
221	386	1	7
1	408	1	7
88	408	1	7
91	408	1	7
201	459	1	7
170	468	1	7
256	468	1	7
73	482	1	7
156	482	2	7
160	482	2	7
160	491	1	7
257	496	1	7
263	504	1	7
245	509	1	7
257	509	1	7
263	509	1	7
271	509	1	7
160	513	1	7
186	513	1	7
180	514	1	7
245	514	1	7
119	526	1	7
170	526	1	7
213	526	1	7
215	526	1	7
245	526	1	7
115	539	1	7
145	539	1	7
197	549	1	7
91	552	1	7
245	552	1	7
92	563	1	7
76	568	1	7
226	568	1	7
253	568	1	7
184	570	1	7
180	589	1	7
157	602	1	7
167	602	1	7
170	602	1	7
66	603	1	7
78	603	1	7
114	603	1	7
221	603	1	7
277	603	1	7
94	638	1	7
238	638	1	7
252	638	1	7
124	639	1	7
279	639	1	7
263	657	2	7
261	664	1	7
248	694	1	7
264	694	1	7
81	705	1	7
207	705	1	7
245	705	1	7
69	709	1	7
105	709	1	7
106	709	1	7
230	711	1	7
236	711	1	7
10	712	1	7
10	713	1	7
157	718	1	7
102	728	1	7
117	728	1	7
184	728	1	7
74	773	1	7
105	773	1	7
172	773	1	7
230	773	1	7
271	773	1	7
50	787	1	7
160	788	1	7
119	794	1	7
130	794	1	7
181	794	1	7
232	794	1	7
76	796	1	7
127	796	1	7
148	796	1	7
245	796	1	7
270	796	1	7
20	804	1	7
72	804	1	7
105	804	1	7
160	804	1	7
170	804	1	7
243	826	1	7
263	826	1	7
152	829	1	7
160	829	1	7
139	831	1	7
173	831	1	7
245	831	1	7
263	831	1	7
119	860	1	7
121	860	1	7
119	861	1	7
130	861	1	7
181	861	1	7
232	861	1	7
69	869	1	7
245	869	1	7
248	869	1	7
45	872	1	7
85	872	1	7
118	872	1	7
196	880	1	7
167	903	1	7
13	914	1	7
124	914	1	7
211	914	1	7
250	914	1	7
263	914	1	7
244	926	1	7
170	937	1	7
13	950	2	7
263	1031	1	7
27	1080	1	7
119	1080	1	7
262	1080	1	7
237	1082	1	7
84	1084	1	7
128	1084	1	7
78	1135	1	7
167	1148	1	7
191	1148	1	7
262	1148	1	7
103	1160	1	7
156	1167	1	7
118	1203	1	7
148	1203	1	7
115	1204	1	7
159	1204	1	7
245	1204	1	7
275	1204	1	7
83	1205	1	7
127	1205	1	7
244	1206	1	7
220	1224	1	7
264	1224	1	7
222	1245	1	7
154	1254	1	7
191	1254	1	7
82	1267	1	7
128	1271	1	7
119	1272	1	7
207	1272	1	7
15	1273	1	7
93	1273	1	7
128	1273	1	7
85	1296	1	7
265	1296	1	7
245	1306	1	7
51	1308	1	7
146	1308	1	7
242	1308	1	7
251	1308	1	7
89	1311	1	7
189	1311	1	7
107	1312	1	7
139	1326	1	7
245	1326	1	7
243	1328	1	7
7	1329	1	7
224	1358	1	7
106	1359	1	7
189	1359	1	7
192	1359	1	7
208	1359	1	7
259	1359	1	7
27	1361	1	7
157	1363	1	7
170	1363	1	7
235	1363	1	7
157	1369	1	7
119	1370	1	7
197	1370	1	7
245	1370	1	7
250	1372	1	7
273	1372	1	7
119	1374	1	7
124	1375	1	7
198	1375	1	7
213	1375	1	7
263	1375	1	7
248	1379	1	7
264	1379	1	7
124	1380	1	7
198	1380	1	7
213	1380	1	7
263	1380	1	7
107	1383	1	7
119	1385	1	7
284	1389	1	7
111	1390	1	7
122	1390	1	7
211	1390	1	7
263	1390	2	7
102	1400	1	7
110	1400	1	7
128	1400	2	7
149	1400	1	7
164	1400	1	7
245	1400	1	7
197	1402	1	7
77	1411	1	7
169	1411	1	7
225	1411	1	7
20	1414	1	7
105	1414	1	7
267	1418	1	7
97	1422	1	7
245	1422	1	7
96	1429	1	7
245	1429	1	7
254	1429	1	7
160	1433	1	7
84	1440	1	7
119	1440	1	7
2	1450	1	7
128	1450	1	7
167	1452	1	7
115	1465	1	7
72	1466	1	7
267	1466	1	7
175	1471	1	7
263	1471	1	7
283	1471	1	7
98	1472	1	7
29	1473	1	7
119	1473	1	7
189	1486	1	7
119	1490	1	7
130	1490	1	7
181	1490	1	7
232	1490	1	7
23	48	1	8
262	48	1	8
54	101	1	8
107	125	1	8
225	172	1	8
170	175	1	8
91	327	1	8
170	327	1	8
282	327	1	8
143	334	1	8
119	347	1	8
122	347	1	8
62	357	1	8
119	427	2	8
151	427	1	8
108	436	1	8
94	466	1	8
135	466	1	8
272	466	1	8
118	642	1	8
53	658	1	8
127	658	1	8
266	658	1	8
96	660	1	8
189	660	1	8
196	703	1	8
198	703	1	8
241	703	1	8
182	706	1	8
182	707	1	8
43	710	1	8
117	710	1	8
45	771	1	8
99	771	1	8
107	771	1	8
213	771	1	8
248	771	1	8
39	772	1	8
67	775	1	8
176	775	1	8
156	776	1	8
173	776	1	8
75	777	1	8
112	777	1	8
120	777	1	8
171	777	1	8
16	779	1	8
214	779	1	8
104	795	1	8
234	842	1	8
22	1146	1	8
13	1150	1	8
56	1156	1	8
140	1156	1	8
8	1196	1	8
26	1196	1	8
55	1196	1	8
219	1196	1	8
8	1197	1	8
14	1197	1	8
95	1197	1	8
188	1197	1	8
8	1200	1	8
195	1200	1	8
211	1200	1	8
8	1228	1	8
160	1228	1	8
192	1228	1	8
215	1237	1	8
241	1237	1	8
16	1240	1	8
210	1240	1	8
43	1260	1	8
277	1260	1	8
189	1268	1	8
208	1268	1	8
160	1269	1	8
245	1269	1	8
270	1269	1	8
224	1323	1	8
21	1325	1	8
69	1325	1	8
185	1325	1	8
201	1325	1	8
171	1330	1	8
193	1330	1	8
160	1331	1	8
107	1352	1	8
154	1352	1	8
45	1355	1	8
109	1355	1	8
150	1360	1	8
245	1360	1	8
114	1362	1	8
180	1362	1	8
91	1365	1	8
205	1365	1	8
245	1365	1	8
266	1365	1	8
212	1371	1	8
182	1416	1	8
100	1421	1	8
283	1421	1	8
235	1467	1	8
111	1477	1	8
230	1477	1	8
75	1479	1	8
184	1479	1	8
111	1481	1	8
230	1481	1	8
