21	6	1	0
51	6	1	0
14	14	1	0
21	14	1	0
63	30	1	0
66	30	1	0
14	35	1	0
40	35	1	0
65	35	2	0
12	38	1	0
21	46	1	0
56	82	1	0
62	84	1	0
7	107	1	0
29	107	2	0
54	112	1	0
68	112	1	0
7	113	1	0
40	117	2	0
50	117	1	0
18	200	1	0
15	210	1	0
37	210	1	0
66	210	1	0
53	220	1	0
14	223	1	0
50	223	1	0
56	223	1	0
5	227	1	0
67	230	1	0
28	240	1	0
60	240	1	0
61	254	1	0
66	254	1	0
3	281	1	0
21	285	1	0
38	285	1	0
21	286	1	0
38	286	1	0
76	286	1	0
35	330	1	0
16	380	1	0
21	380	1	0
60	380	1	0
12	408	1	0
22	408	1	0
53	429	1	0
14	430	1	0
62	455	1	0
71	455	1	0
72	458	1	0
21	460	1	0
36	461	1	0
9	463	1	0
21	465	1	0
28	465	1	0
1	507	1	0
47	36	1	4
21	40	1	4
38	40	1	4
60	41	1	4
66	41	1	4
34	127	1	4
21	132	1	4
15	152	1	4
58	155	1	4
34	160	1	4
50	160	2	4
60	160	1	4
21	162	1	4
33	162	1	4
60	162	1	4
61	162	1	4
22	211	1	4
21	250	1	4
38	250	1	4
39	250	1	4
21	255	1	4
5	276	1	4
9	277	1	4
42	277	1	4
50	277	1	4
9	278	1	4
27	278	1	4
42	278	1	4
50	278	3	4
13	287	1	4
23	287	1	4
68	287	1	4
21	359	1	4
19	360	1	4
60	369	1	4
17	379	1	4
60	379	1	4
70	379	1	4
21	451	1	4
38	451	1	4
39	451	1	4
76	451	1	4
21	484	1	4
38	484	1	4
39	484	1	4
22	1	1	6
28	1	1	6
2	8	1	6
21	8	1	6
47	8	1	6
60	8	1	6
60	34	1	6
2	45	1	6
21	45	1	6
38	45	1	6
51	47	1	6
22	54	1	6
2	56	1	6
21	56	1	6
38	56	1	6
20	59	1	6
21	59	1	6
35	59	1	6
47	59	1	6
52	59	1	6
60	59	1	6
41	60	1	6
44	60	1	6
21	61	1	6
47	61	1	6
48	61	1	6
60	61	1	6
15	62	1	6
21	62	1	6
47	62	1	6
60	62	1	6
15	67	1	6
2	69	1	6
21	69	1	6
38	69	1	6
18	71	1	6
66	71	1	6
18	72	1	6
45	72	1	6
32	73	1	6
52	73	1	6
56	75	1	6
69	75	1	6
2	77	1	6
21	77	1	6
38	77	1	6
44	85	1	6
64	85	1	6
44	86	1	6
40	89	1	6
51	89	1	6
60	89	1	6
28	91	1	6
44	91	1	6
21	98	1	6
24	98	1	6
21	119	1	6
39	119	1	6
46	119	1	6
34	126	1	6
60	126	1	6
2	128	2	6
6	128	1	6
21	128	1	6
38	128	1	6
2	131	1	6
21	131	1	6
55	131	1	6
57	131	1	6
21	136	1	6
39	136	1	6
37	151	1	6
4	168	1	6
53	168	1	6
27	172	1	6
32	172	1	6
54	172	2	6
2	173	1	6
6	173	1	6
21	173	1	6
1	182	1	6
68	184	1	6
13	198	1	6
55	198	1	6
21	208	1	6
21	209	1	6
50	221	1	6
62	221	1	6
2	225	1	6
21	225	1	6
51	225	1	6
2	229	1	6
6	229	1	6
21	229	1	6
38	229	1	6
21	242	1	6
38	242	1	6
27	245	1	6
48	249	1	6
13	251	1	6
16	251	1	6
55	251	1	6
56	253	1	6
22	264	1	6
21	289	1	6
20	294	1	6
74	294	1	6
19	295	1	6
20	295	1	6
31	295	1	6
74	295	1	6
12	296	1	6
11	299	1	6
21	299	1	6
37	299	1	6
43	299	1	6
60	299	1	6
66	299	1	6
44	301	1	6
48	301	1	6
60	301	1	6
71	301	1	6
26	303	1	6
31	303	1	6
21	305	1	6
31	305	1	6
60	305	1	6
15	312	1	6
21	312	1	6
60	312	1	6
29	314	5	6
8	319	1	6
1	321	1	6
2	325	1	6
21	325	1	6
38	325	1	6
13	327	1	6
31	327	1	6
21	328	1	6
24	328	1	6
28	328	1	6
67	331	1	6
8	333	1	6
71	333	1	6
12	339	1	6
27	342	1	6
15	351	1	6
44	351	1	6
56	351	1	6
1	353	1	6
56	354	1	6
67	354	1	6
47	362	1	6
69	362	1	6
18	366	1	6
60	366	1	6
71	366	1	6
27	370	1	6
56	370	1	6
67	370	1	6
2	377	1	6
12	377	1	6
21	377	1	6
60	377	1	6
21	388	1	6
21	393	1	6
74	395	1	6
33	397	1	6
31	398	1	6
56	398	1	6
69	398	1	6
75	398	1	6
56	422	1	6
60	422	1	6
21	433	1	6
21	441	1	6
43	441	1	6
63	443	1	6
2	444	1	6
11	444	2	6
39	444	1	6
37	446	1	6
42	450	1	6
65	450	1	6
2	452	1	6
21	452	1	6
38	452	1	6
17	453	1	6
21	453	1	6
28	453	1	6
33	453	1	6
2	454	1	6
21	454	1	6
38	454	1	6
48	457	1	6
11	462	1	6
21	462	1	6
41	462	1	6
2	473	1	6
21	473	1	6
38	473	1	6
43	474	1	6
12	476	1	6
21	476	1	6
60	476	1	6
2	483	1	6
21	483	1	6
38	483	1	6
21	488	1	6
21	491	1	6
21	499	1	6
71	4	2	7
21	5	1	7
26	5	1	7
63	5	1	7
12	15	1	7
61	15	1	7
26	16	1	7
49	16	1	7
18	17	1	7
28	17	1	7
49	17	1	7
17	18	1	7
49	18	1	7
49	19	1	7
49	20	1	7
14	21	1	7
48	21	1	7
49	21	1	7
73	22	1	7
31	23	1	7
54	23	1	7
73	23	1	7
53	24	1	7
73	24	1	7
31	25	1	7
37	25	1	7
73	25	1	7
4	26	1	7
73	26	1	7
73	27	1	7
53	28	1	7
54	28	1	7
73	28	1	7
73	29	1	7
11	31	1	7
73	31	1	7
14	32	2	7
73	32	1	7
20	52	2	7
69	52	1	7
52	55	1	7
40	74	1	7
8	78	1	7
21	78	1	7
1	80	1	7
60	80	1	7
11	81	1	7
21	81	1	7
58	81	1	7
69	81	1	7
18	103	1	7
42	103	1	7
21	116	1	7
76	116	1	7
34	123	1	7
34	124	1	7
66	124	1	7
34	125	1	7
56	134	1	7
66	134	1	7
28	137	1	7
52	138	1	7
45	139	1	7
52	140	1	7
20	141	1	7
52	141	1	7
65	142	1	7
42	143	1	7
14	145	1	7
21	145	1	7
21	146	1	7
37	146	1	7
21	147	1	7
51	147	1	7
6	149	1	7
21	149	1	7
72	149	1	7
21	154	1	7
38	154	1	7
39	154	1	7
46	154	1	7
60	164	1	7
35	174	1	7
72	174	1	7
35	175	1	7
72	175	1	7
28	176	1	7
75	176	1	7
21	177	1	7
43	177	1	7
45	177	1	7
61	180	1	7
73	180	1	7
21	183	1	7
71	185	1	7
21	186	1	7
24	186	1	7
21	201	1	7
43	201	1	7
74	201	1	7
9	203	2	7
18	203	1	7
19	203	1	7
25	205	1	7
26	205	2	7
62	205	1	7
21	206	1	7
35	206	1	7
13	213	1	7
23	213	1	7
37	214	1	7
40	214	1	7
28	235	1	7
60	235	1	7
36	262	1	7
66	262	1	7
21	272	1	7
1	273	1	7
21	275	1	7
21	280	1	7
62	282	1	7
21	283	1	7
3	290	1	7
60	293	1	7
55	300	1	7
60	300	1	7
13	302	1	7
62	302	1	7
27	306	1	7
66	308	1	7
23	311	1	7
57	311	1	7
35	313	1	7
60	315	1	7
31	326	1	7
18	336	1	7
28	341	2	7
21	358	1	7
66	358	1	7
45	386	1	7
62	386	1	7
5	396	1	7
21	396	2	7
36	396	1	7
25	407	1	7
25	410	1	7
46	436	1	7
71	436	1	7
15	438	1	7
67	449	1	7
28	464	1	7
27	468	1	7
27	469	1	7
74	469	1	7
27	470	1	7
32	470	1	7
66	470	1	7
60	471	1	7
42	472	1	7
31	478	1	7
42	479	1	7
67	479	1	7
25	480	1	7
31	480	1	7
42	481	1	7
57	481	1	7
14	487	1	7
21	487	1	7
28	490	1	7
29	490	2	7
33	490	1	7
60	490	2	7
52	501	1	7
57	501	1	7
68	501	1	7
17	9	1	8
76	11	1	8
14	39	1	8
50	39	1	8
21	42	1	8
21	43	1	8
63	43	1	8
66	44	1	8
22	50	1	8
41	50	1	8
63	50	1	8
66	50	1	8
3	65	1	8
41	68	1	8
69	68	2	8
8	70	1	8
21	70	1	8
21	76	1	8
21	79	1	8
21	83	1	8
46	83	1	8
10	87	1	8
13	87	1	8
36	87	1	8
66	87	1	8
10	88	1	8
72	88	2	8
61	90	1	8
10	92	1	8
10	93	1	8
10	94	1	8
12	94	1	8
55	94	2	8
53	95	1	8
66	95	1	8
13	96	1	8
26	96	1	8
37	96	1	8
48	96	1	8
62	96	1	8
21	97	1	8
28	97	1	8
7	99	1	8
57	99	1	8
14	100	1	8
14	101	1	8
31	102	1	8
21	104	1	8
27	104	1	8
50	104	2	8
16	105	1	8
60	106	1	8
14	110	1	8
26	110	1	8
14	115	1	8
24	115	1	8
21	118	1	8
38	118	1	8
39	118	1	8
46	118	1	8
34	120	1	8
6	121	1	8
21	121	1	8
45	121	1	8
27	122	1	8
34	122	1	8
28	130	1	8
76	156	1	8
6	159	1	8
58	159	1	8
17	163	1	8
56	163	1	8
12	165	1	8
29	165	1	8
28	166	1	8
60	166	1	8
25	167	1	8
48	170	1	8
7	171	1	8
30	178	1	8
12	187	1	8
28	188	1	8
8	191	1	8
53	191	2	8
65	191	1	8
27	192	1	8
28	192	1	8
65	193	1	8
9	194	1	8
22	196	1	8
3	197	1	8
17	197	1	8
45	202	1	8
58	202	1	8
45	204	1	8
28	212	1	8
50	216	1	8
75	216	1	8
21	218	1	8
50	218	3	8
60	218	1	8
21	222	1	8
35	222	1	8
58	222	1	8
12	224	1	8
14	226	1	8
30	226	1	8
71	226	1	8
45	231	1	8
60	231	1	8
71	231	1	8
66	234	1	8
26	236	1	8
75	236	1	8
5	237	1	8
21	237	1	8
5	239	1	8
21	239	1	8
21	241	1	8
64	241	1	8
43	243	1	8
9	244	1	8
56	244	1	8
66	246	1	8
3	256	1	8
21	265	1	8
24	265	2	8
38	265	1	8
21	267	1	8
25	270	1	8
41	270	1	8
64	271	1	8
21	284	1	8
21	291	1	8
22	291	1	8
23	297	1	8
74	298	1	8
21	304	1	8
9	316	1	8
13	322	1	8
23	322	1	8
21	329	1	8
18	334	1	8
28	334	1	8
22	337	1	8
28	337	1	8
51	337	1	8
3	343	1	8
40	345	1	8
70	345	1	8
30	346	1	8
40	346	1	8
70	346	1	8
70	347	2	8
19	348	1	8
68	348	1	8
70	348	1	8
75	349	1	8
56	352	1	8
60	352	1	8
62	352	1	8
64	355	1	8
21	356	1	8
19	357	1	8
42	357	1	8
64	357	1	8
60	361	1	8
45	363	1	8
16	367	1	8
54	367	1	8
22	371	1	8
28	371	1	8
4	372	1	8
53	372	1	8
4	373	1	8
7	374	1	8
21	374	1	8
21	376	1	8
57	378	1	8
21	382	1	8
21	384	1	8
59	385	1	8
59	387	1	8
14	392	2	8
50	392	1	8
12	402	1	8
3	403	1	8
14	403	2	8
15	403	1	8
17	403	1	8
21	403	1	8
4	404	1	8
48	404	1	8
21	405	1	8
64	405	1	8
12	406	1	8
21	406	1	8
59	409	1	8
59	413	1	8
25	414	1	8
27	414	1	8
60	414	1	8
27	417	2	8
59	417	1	8
61	417	1	8
66	417	1	8
30	418	1	8
36	418	1	8
21	421	1	8
60	421	1	8
19	423	1	8
27	423	1	8
27	424	1	8
59	424	1	8
27	426	1	8
28	426	1	8
8	428	1	8
22	428	1	8
3	431	1	8
17	431	1	8
12	432	1	8
9	434	1	8
30	434	1	8
21	435	1	8
76	437	1	8
60	439	1	8
60	440	1	8
32	466	1	8
42	466	1	8
71	466	1	8
29	489	1	8
1	493	1	8
22	493	1	8
29	493	1	8
28	495	1	8
24	496	1	8
62	496	1	8
66	496	2	8
33	498	1	8
21	502	1	8
47	502	1	8
16	503	1	8
27	504	2	8
33	504	2	8
32	505	1	8
21	506	1	8
3	509	1	8
27	509	1	8
