194	35	1	0
244	35	1	0
390	35	1	0
156	750	1	0
225	750	1	0
380	750	1	0
253	1099	1	0
29	1103	1	0
144	1103	1	0
216	1103	1	0
341	1103	1	0
411	1103	1	0
59	1104	1	0
136	1104	1	0
355	1104	1	0
383	1104	1	0
194	1410	1	0
231	1410	1	0
249	1443	1	0
436	1443	1	0
249	1481	1	0
162	2213	8	0
28	2	2	1
98	2	1	1
129	2	1	1
173	2	1	1
196	2	1	1
201	2	1	1
244	2	1	1
55	7	1	1
96	7	1	1
375	7	1	1
30	8	1	1
96	8	1	1
173	8	1	1
158	10	1	1
268	10	1	1
380	10	1	1
411	10	1	1
18	23	1	1
177	23	1	1
299	23	1	1
137	29	1	1
156	29	1	1
164	29	1	1
166	29	1	1
172	29	1	1
275	29	2	1
382	29	1	1
176	37	1	1
296	51	1	1
405	51	1	1
123	53	1	1
192	53	1	1
342	53	1	1
390	53	1	1
327	60	1	1
335	60	1	1
335	63	1	1
414	63	1	1
153	68	1	1
240	68	1	1
274	68	1	1
314	68	1	1
144	78	1	1
326	78	1	1
365	78	1	1
377	78	1	1
411	78	1	1
418	78	1	1
63	83	1	1
157	83	1	1
240	83	1	1
434	84	1	1
47	86	1	1
37	91	1	1
176	91	1	1
210	91	1	1
361	91	1	1
399	91	1	1
37	101	1	1
38	101	1	1
193	101	1	1
210	101	1	1
216	101	1	1
323	101	1	1
381	101	1	1
37	124	1	1
210	124	1	1
225	124	1	1
253	124	1	1
410	124	1	1
37	127	1	1
154	127	1	1
210	127	1	1
253	127	1	1
37	129	1	1
210	129	1	1
244	129	1	1
154	130	1	1
37	138	1	1
178	138	1	1
210	138	1	1
26	139	1	1
135	139	1	1
342	139	1	1
438	139	1	1
123	142	1	1
192	142	1	1
296	142	1	1
406	142	1	1
135	147	1	1
286	147	1	1
405	147	1	1
188	150	1	1
317	150	1	1
156	158	1	1
309	158	1	1
380	158	1	1
33	160	1	1
111	160	1	1
201	160	1	1
105	166	1	1
164	173	1	1
359	173	1	1
361	173	1	1
28	175	1	1
301	175	1	1
347	175	1	1
111	177	1	1
120	177	1	1
320	177	1	1
327	177	1	1
188	181	1	1
414	181	1	1
149	183	1	1
152	183	1	1
173	183	1	1
239	183	1	1
26	185	1	1
120	185	1	1
296	185	1	1
311	185	1	1
8	192	1	1
247	192	1	1
239	194	1	1
138	196	1	1
158	196	1	1
331	196	1	1
380	196	1	1
413	196	1	1
213	198	1	1
378	198	1	1
18	200	2	1
196	201	1	1
360	201	1	1
361	202	1	1
398	202	1	1
157	203	1	1
389	203	1	1
14	204	1	1
177	204	1	1
196	204	1	1
213	204	1	1
220	204	1	1
323	204	2	1
360	204	1	1
18	212	1	1
30	212	1	1
173	212	1	1
237	212	1	1
244	212	1	1
28	223	1	1
98	223	1	1
172	223	1	1
380	223	1	1
199	232	1	1
268	232	1	1
320	232	1	1
411	232	1	1
329	241	1	1
403	241	1	1
336	255	1	1
371	255	1	1
380	255	1	1
406	281	1	1
17	358	1	1
55	375	1	1
50	406	1	1
173	406	1	1
19	426	1	1
164	426	1	1
3	427	1	1
128	427	1	1
186	427	1	1
225	427	1	1
320	427	1	1
397	427	1	1
277	518	1	1
14	555	1	1
220	555	1	1
323	555	1	1
108	557	1	1
234	557	1	1
293	557	1	1
30	559	1	1
96	559	1	1
173	559	1	1
194	559	1	1
36	560	1	1
93	560	1	1
329	560	1	1
342	560	1	1
96	563	1	1
258	563	1	1
108	564	1	1
400	564	1	1
96	565	1	1
233	565	1	1
368	579	1	1
111	593	1	1
173	593	1	1
213	593	1	1
247	593	1	1
421	593	1	1
126	598	1	1
293	598	1	1
32	599	1	1
239	599	1	1
20	626	1	1
168	626	1	1
194	626	1	1
239	626	1	1
30	632	1	1
120	632	1	1
156	632	1	1
173	632	1	1
23	650	1	1
194	650	1	1
231	650	2	1
261	650	1	1
176	653	1	1
331	653	1	1
380	653	1	1
415	653	1	1
23	658	1	1
194	658	1	1
231	658	2	1
261	658	1	1
160	662	1	1
171	662	1	1
198	666	1	1
225	666	1	1
283	666	1	1
387	666	1	1
128	674	1	1
244	674	1	1
423	674	1	1
24	675	1	1
88	675	1	1
244	676	1	1
260	677	1	1
194	679	1	1
239	679	1	1
72	681	1	1
252	682	1	1
267	682	1	1
252	683	2	1
402	683	1	1
316	687	1	1
350	687	1	1
380	687	1	1
60	688	1	1
188	688	1	1
231	688	1	1
233	688	1	1
296	690	1	1
265	695	1	1
380	695	1	1
108	697	1	1
69	698	1	1
160	698	1	1
194	698	1	1
237	698	1	1
323	698	1	1
30	701	1	1
158	701	1	1
290	701	1	1
293	701	1	1
76	702	1	1
188	704	1	1
410	704	1	1
258	705	1	1
266	705	1	1
120	706	1	1
144	706	1	1
147	706	1	1
194	706	1	1
365	706	1	1
143	707	1	1
179	707	1	1
233	708	1	1
263	708	1	1
96	709	1	1
237	709	1	1
201	710	1	1
375	710	1	1
99	712	1	1
158	713	1	1
239	713	1	1
347	713	1	1
23	717	1	1
173	717	1	1
271	717	1	1
341	717	1	1
380	717	1	1
415	717	1	1
421	717	1	1
42	719	1	1
126	719	1	1
193	719	1	1
347	719	1	1
380	719	1	1
108	727	1	1
194	727	1	1
233	727	1	1
258	727	1	1
265	727	1	1
380	727	1	1
405	727	1	1
420	727	1	1
120	732	1	1
135	732	1	1
194	732	1	1
277	737	1	1
368	737	1	1
412	737	1	1
191	738	1	1
405	739	1	1
174	740	1	1
371	740	1	1
176	745	1	1
244	745	1	1
70	751	1	1
160	751	1	1
149	752	2	1
178	752	1	1
186	752	1	1
233	752	1	1
263	752	1	1
375	752	1	1
423	752	1	1
30	753	1	1
57	753	1	1
70	753	1	1
199	753	1	1
30	754	1	1
380	755	1	1
29	761	1	1
30	761	2	1
52	761	1	1
70	761	1	1
155	761	1	1
233	761	1	1
275	761	1	1
6	764	1	1
188	764	1	1
380	764	1	1
414	764	1	1
415	764	1	1
30	766	1	1
41	766	1	1
294	766	1	1
223	767	1	1
264	767	1	1
302	767	1	1
303	769	1	1
95	773	1	1
139	773	1	1
149	773	1	1
193	773	1	1
235	773	1	1
342	773	3	1
145	780	1	1
211	780	1	1
293	780	1	1
347	780	1	1
415	783	1	1
63	784	1	1
157	784	1	1
194	784	1	1
293	784	1	1
30	786	1	1
52	786	1	1
122	786	1	1
171	786	1	1
155	787	1	1
202	795	1	1
286	795	1	1
295	797	1	1
378	797	1	1
60	803	1	1
126	803	1	1
163	803	1	1
293	803	1	1
330	803	1	1
405	803	1	1
42	805	1	1
156	805	1	1
244	805	1	1
409	805	1	1
239	807	1	1
242	807	1	1
375	807	1	1
76	814	1	1
134	814	1	1
248	814	1	1
338	814	1	1
380	814	1	1
390	820	1	1
406	820	1	1
230	824	1	1
255	824	1	1
117	831	1	1
214	831	1	1
194	854	1	1
380	854	1	1
194	860	1	1
244	860	1	1
22	862	1	1
194	862	1	1
277	866	1	1
426	866	1	1
162	867	3	1
4	871	1	1
117	871	1	1
214	871	1	1
399	871	1	1
81	872	1	1
117	872	1	1
214	872	1	1
239	872	1	1
117	877	1	1
214	877	1	1
117	879	1	1
214	879	1	1
117	881	1	1
214	881	1	1
47	885	1	1
117	885	1	1
214	885	1	1
314	888	1	1
45	895	1	1
117	895	1	1
214	895	1	1
426	895	1	1
14	896	1	1
194	896	1	1
213	896	1	1
220	896	1	1
224	896	1	1
239	896	1	1
314	896	1	1
323	896	2	1
342	896	1	1
361	896	1	1
26	898	2	1
133	898	1	1
166	898	1	1
380	898	1	1
414	898	1	1
245	902	3	1
338	902	1	1
386	906	1	1
4	910	1	1
158	910	1	1
194	912	1	1
380	912	1	1
98	913	1	1
296	913	1	1
344	913	1	1
87	914	1	1
175	914	1	1
228	914	1	1
291	914	1	1
294	914	1	1
315	914	1	1
369	914	1	1
411	914	1	1
176	923	1	1
293	923	1	1
296	923	1	1
18	924	1	1
41	924	1	1
87	924	1	1
209	924	1	1
310	924	1	1
411	924	1	1
87	925	1	1
194	925	1	1
194	936	1	1
153	960	1	1
411	960	1	1
60	967	1	1
87	967	1	1
100	967	1	1
158	967	2	1
333	967	1	1
389	967	1	1
240	969	1	1
377	969	1	1
1	976	1	1
157	976	1	1
277	976	1	1
28	981	1	1
48	981	1	1
171	981	1	1
380	981	1	1
405	981	1	1
242	982	1	1
332	982	2	1
380	982	1	1
398	982	1	1
239	986	1	1
240	986	1	1
274	986	1	1
390	986	1	1
410	986	1	1
333	997	1	1
334	1004	1	1
414	1004	1	1
47	1009	1	1
239	1009	1	1
361	1009	1	1
213	1014	1	1
239	1014	1	1
260	1016	1	1
380	1016	1	1
103	1026	1	1
37	1029	1	1
210	1029	1	1
160	1031	1	1
244	1031	1	1
83	1035	1	1
26	1036	1	1
194	1036	1	1
239	1036	1	1
151	1054	1	1
188	1054	1	1
234	1054	1	1
394	1054	1	1
43	1059	1	1
92	1062	1	1
290	1062	1	1
331	1062	1	1
410	1062	1	1
336	1063	1	1
411	1063	1	1
413	1063	1	1
427	1063	1	1
141	1065	1	1
156	1065	1	1
400	1065	1	1
415	1065	1	1
99	1068	1	1
429	1068	1	1
194	1088	1	1
49	1098	1	1
194	1098	1	1
280	1098	1	1
188	1107	1	1
241	1107	1	1
268	1107	1	1
305	1107	1	1
361	1107	1	1
411	1107	1	1
233	1120	1	1
72	1144	1	1
158	1144	1	1
188	1144	1	1
296	1144	1	1
26	1148	1	1
213	1148	1	1
224	1148	1	1
226	1148	1	1
302	1151	1	1
194	1177	1	1
262	1179	1	1
423	1179	1	1
45	1183	1	1
86	1183	1	1
87	1183	1	1
137	1183	1	1
174	1183	1	1
248	1183	1	1
310	1183	1	1
402	1183	1	1
405	1183	1	1
411	1183	1	1
131	1187	1	1
194	1187	1	1
208	1191	1	1
326	1191	1	1
361	1199	1	1
405	1199	1	1
331	1208	1	1
92	1232	1	1
106	1232	1	1
289	1232	1	1
322	1232	1	1
350	1243	1	1
59	1293	1	1
150	1305	1	1
200	1317	1	1
216	1317	1	1
336	1317	1	1
188	1334	1	1
260	1334	1	1
389	1334	1	1
129	1341	1	1
290	1341	1	1
373	1341	1	1
373	1359	1	1
409	1359	1	1
129	1383	1	1
256	1383	1	1
6	1394	1	1
194	1415	1	1
281	1415	1	1
208	1418	1	1
261	1418	1	1
418	1418	1	1
425	1418	1	1
317	1423	1	1
36	1431	1	1
47	1431	1	1
253	1431	1	1
60	1433	1	1
158	1433	1	1
188	1433	1	1
347	1433	1	1
380	1439	1	1
167	1448	1	1
41	1455	1	1
144	1455	1	1
239	1455	1	1
274	1469	1	1
194	1474	1	1
319	1474	1	1
85	1478	1	1
241	1478	1	1
423	1478	1	1
14	1479	1	1
213	1479	1	1
220	1479	1	1
323	1479	2	1
345	1479	1	1
403	1488	1	1
311	1489	1	1
345	1489	1	1
361	1489	1	1
19	1491	1	1
367	1491	1	1
137	1494	1	1
351	1494	1	1
356	1494	1	1
358	1494	1	1
399	1494	1	1
36	1496	1	1
143	1496	1	1
217	1499	1	1
131	1503	1	1
40	1504	1	1
322	1504	1	1
356	1504	1	1
358	1504	2	1
418	1504	1	1
337	1506	1	1
356	1506	1	1
368	1506	1	1
177	1511	1	1
356	1511	1	1
400	1511	1	1
402	1511	1	1
47	1512	1	1
114	1512	1	1
239	1512	1	1
365	1512	1	1
158	1514	1	1
192	1514	1	1
86	1516	1	1
380	1516	1	1
130	1520	2	1
318	1520	1	1
394	1520	1	1
411	1520	1	1
47	1526	1	1
130	1526	1	1
302	1526	1	1
318	1526	1	1
413	1526	1	1
153	1528	1	1
274	1528	1	1
143	1529	1	1
288	1529	1	1
315	1537	1	1
380	1537	1	1
114	1541	1	1
153	1541	1	1
261	1541	1	1
387	1541	1	1
405	1541	1	1
60	1557	1	1
164	1557	1	1
242	1557	1	1
380	1557	1	1
188	1559	1	1
380	1559	1	1
414	1559	1	1
30	1561	1	1
42	1561	1	1
60	1561	1	1
70	1561	1	1
215	1561	1	1
266	1561	1	1
45	1562	1	1
188	1562	1	1
239	1562	1	1
244	1562	1	1
181	1565	1	1
375	1565	1	1
405	1565	1	1
332	1566	1	1
390	1566	1	1
4	1568	1	1
378	1568	1	1
194	1581	1	1
293	1582	1	1
72	1594	1	1
189	1594	1	1
192	1594	1	1
427	1594	1	1
117	1606	1	1
214	1606	1	1
235	1606	1	1
274	1620	1	1
380	1640	1	1
390	1640	1	1
136	1662	1	1
162	1662	3	1
300	1662	1	1
76	1684	1	1
126	1684	1	1
194	1684	1	1
158	1727	1	1
244	1767	1	1
305	1767	1	1
377	1767	1	1
213	1768	1	1
293	1768	1	1
323	1768	1	1
378	1768	1	1
162	1772	1	1
170	1772	1	1
194	1772	1	1
216	1772	1	1
286	1772	1	1
33	1779	1	1
60	1779	1	1
64	1779	2	1
240	1779	1	1
410	1779	1	1
405	1780	1	1
169	1785	1	1
298	1785	1	1
307	1785	1	1
314	1785	2	1
51	1787	1	1
334	1787	1	1
194	1808	1	1
103	1838	1	1
186	1870	1	1
383	1870	1	1
131	1882	1	1
380	1891	1	1
387	1891	1	1
194	1904	1	1
298	1904	1	1
380	1904	2	1
399	1904	1	1
415	1904	1	1
213	1910	1	1
295	1910	1	1
323	1910	1	1
26	1930	1	1
120	1930	1	1
277	1930	1	1
277	1932	1	1
149	1949	1	1
176	1949	1	1
188	1949	1	1
286	1949	1	1
144	1962	1	1
377	1962	1	1
389	1962	1	1
411	1962	1	1
418	1962	1	1
233	1964	1	1
239	1964	1	1
293	1964	1	1
247	1978	1	1
399	1978	1	1
280	1986	1	1
47	1989	2	1
47	1998	2	1
239	1998	1	1
435	1998	2	1
51	2006	1	1
180	2006	1	1
413	2006	1	1
428	2006	1	1
239	2009	1	1
305	2015	1	1
19	2033	1	1
84	2033	1	1
410	2038	1	1
305	2039	1	1
425	2039	1	1
430	2050	1	1
324	2054	1	1
157	2058	1	1
188	2058	1	1
122	2089	1	1
130	2089	1	1
293	2089	1	1
439	2089	1	1
122	2099	1	1
130	2099	1	1
293	2099	1	1
439	2099	1	1
176	2108	1	1
194	2140	1	1
19	2142	1	1
173	2142	1	1
264	2142	1	1
309	2142	1	1
390	2142	1	1
415	2142	1	1
90	2145	1	1
173	2145	1	1
194	2145	1	1
264	2156	1	1
277	2156	1	1
380	2156	1	1
405	2156	1	1
377	2170	1	1
2	2173	1	1
179	2173	1	1
201	2177	1	1
207	2177	1	1
264	2178	1	1
415	2178	1	1
244	2182	1	1
433	2182	1	1
70	2184	1	1
131	2184	1	1
216	2184	1	1
2	2187	1	1
17	2187	1	1
55	2187	1	1
207	2187	1	1
231	2187	1	1
347	2187	1	1
8	2188	1	1
398	2188	1	1
424	2188	1	1
198	2190	1	1
380	2190	1	1
398	2190	1	1
20	2200	1	1
260	2200	1	1
288	2200	1	1
361	2200	1	1
375	2200	1	1
380	2200	1	1
26	2203	1	1
128	2203	1	1
407	2203	1	1
408	2203	1	1
228	2204	1	1
291	2204	1	1
311	2204	1	1
315	2204	1	1
166	2206	1	1
193	2206	1	1
342	2206	1	1
380	2206	1	1
386	2206	1	1
38	2216	1	1
63	2216	1	1
194	2216	1	1
375	2216	1	1
423	2216	2	1
171	2219	1	1
226	2219	1	1
415	2221	1	1
98	2224	1	1
219	2224	1	1
226	2224	1	1
231	2224	1	1
244	2224	1	1
405	2224	1	1
413	2224	1	1
199	2227	1	1
239	2227	1	1
398	2227	1	1
195	2237	1	1
121	2241	1	1
195	2241	1	1
26	2250	1	1
143	2250	1	1
195	2250	1	1
224	2250	1	1
177	2255	1	1
240	2255	1	1
428	2255	1	1
14	2257	1	1
157	2257	1	1
220	2257	1	1
347	2257	1	1
398	2257	1	1
158	2260	1	1
411	2260	1	1
153	1638	2	2
188	1638	2	2
380	1638	1	2
119	1644	1	2
158	1644	1	2
275	1644	1	2
300	1644	1	2
408	1646	1	2
174	1654	1	2
411	1654	1	2
415	1657	1	2
194	1659	1	2
236	1659	1	2
331	1659	1	2
389	1659	1	2
25	1667	1	2
194	1668	1	2
372	1668	1	2
180	1674	1	2
180	1677	1	2
361	1680	1	2
125	1682	1	2
156	1682	1	2
194	1682	1	2
305	1682	1	2
380	1682	1	2
194	1693	1	2
331	1693	1	2
389	1693	1	2
433	1693	1	2
87	1702	1	2
379	1702	1	2
382	1723	1	2
153	1735	1	2
180	1735	1	2
390	1735	1	2
411	1735	1	2
125	1737	2	2
158	1737	1	2
201	1737	1	2
373	1737	1	2
19	1740	1	2
233	1740	1	2
239	1740	1	2
410	1740	1	2
158	1744	1	2
223	1744	1	2
233	1744	1	2
236	1744	1	2
239	1744	1	2
125	1750	1	2
410	1750	1	2
194	1756	1	2
194	1762	1	2
380	1762	1	2
194	1955	1	2
252	1955	1	2
280	1955	1	2
64	1	1	3
244	39	1	3
194	62	1	3
86	103	1	3
244	103	1	3
50	162	1	3
84	162	1	3
277	162	1	3
297	170	1	3
15	178	1	3
26	178	1	3
298	178	1	3
313	178	1	3
341	178	1	3
398	178	1	3
402	178	1	3
411	178	1	3
132	182	1	3
170	189	1	3
194	189	1	3
298	189	1	3
376	189	1	3
385	189	1	3
152	209	1	3
153	209	1	3
242	209	1	3
279	209	1	3
397	217	1	3
55	221	1	3
183	239	1	3
412	240	1	3
366	245	1	3
347	246	1	3
299	250	1	3
377	250	1	3
436	250	1	3
61	252	1	3
342	252	1	3
28	259	1	3
174	259	1	3
209	259	1	3
339	259	1	3
405	259	1	3
434	259	1	3
194	382	1	3
376	382	1	3
385	382	1	3
194	383	1	3
376	383	1	3
385	383	1	3
194	394	1	3
297	394	1	3
307	394	1	3
376	394	1	3
385	394	1	3
194	396	1	3
245	396	1	3
376	396	1	3
385	396	1	3
194	399	1	3
297	399	1	3
307	399	1	3
376	399	1	3
385	399	1	3
194	400	1	3
297	400	1	3
307	400	1	3
376	400	1	3
385	400	1	3
194	401	1	3
297	401	1	3
307	401	1	3
376	401	1	3
385	401	1	3
194	403	1	3
297	403	1	3
307	403	1	3
376	403	1	3
385	403	1	3
5	413	1	3
26	413	1	3
277	413	1	3
95	416	1	3
193	416	1	3
194	416	1	3
277	416	1	3
427	416	1	3
152	441	1	3
246	441	1	3
380	441	1	3
89	449	1	3
194	449	1	3
244	449	1	3
399	449	1	3
244	453	1	3
265	453	1	3
395	453	1	3
2	456	1	3
151	456	1	3
395	456	1	3
405	456	1	3
395	457	1	3
402	457	1	3
414	457	1	3
173	464	1	3
244	464	1	3
246	464	1	3
332	464	1	3
141	467	1	3
24	477	1	3
97	477	1	3
395	477	1	3
56	484	1	3
194	484	1	3
422	484	1	3
156	488	1	3
390	488	1	3
406	488	1	3
251	507	1	3
28	509	1	3
121	509	1	3
156	509	1	3
251	509	1	3
390	509	1	3
40	515	1	3
69	515	1	3
75	515	1	3
40	519	2	3
167	519	1	3
436	519	1	3
191	521	1	3
244	521	1	3
245	521	2	3
251	521	1	3
260	521	1	3
106	522	2	3
239	522	1	3
127	523	1	3
194	523	1	3
280	523	1	3
106	524	2	3
25	527	1	3
244	527	1	3
294	527	1	3
299	527	1	3
18	528	1	3
149	528	1	3
277	528	1	3
302	528	1	3
405	528	1	3
139	532	1	3
177	532	1	3
164	542	1	3
178	542	1	3
245	542	1	3
251	542	1	3
260	542	1	3
382	542	1	3
402	542	1	3
406	542	1	3
412	542	1	3
239	544	1	3
167	545	1	3
279	545	1	3
395	545	1	3
121	550	2	3
244	567	1	3
194	568	1	3
273	568	1	3
290	568	1	3
167	581	1	3
411	581	1	3
167	596	1	3
244	635	1	3
145	657	1	3
169	657	1	3
192	657	1	3
153	661	1	3
194	661	1	3
277	661	1	3
281	661	1	3
187	663	1	3
407	663	1	3
87	694	1	3
244	694	1	3
204	696	1	3
411	696	1	3
406	711	1	3
172	716	1	3
313	716	1	3
359	716	1	3
371	716	2	3
402	716	1	3
18	718	1	3
86	718	1	3
171	718	1	3
135	724	1	3
356	724	1	3
267	742	1	3
314	742	1	3
324	742	1	3
331	758	1	3
389	758	1	3
43	763	1	3
75	763	1	3
194	763	1	3
334	763	1	3
156	765	1	3
123	778	1	3
414	778	1	3
170	796	1	3
194	796	1	3
92	829	1	3
144	882	1	3
358	882	1	3
342	889	1	3
32	897	1	3
271	897	1	3
416	897	1	3
71	907	1	3
140	907	1	3
194	907	1	3
280	907	1	3
356	907	1	3
258	916	1	3
260	916	1	3
271	916	1	3
320	916	1	3
1	922	1	3
244	922	1	3
271	922	1	3
380	922	1	3
284	940	1	3
192	945	1	3
309	945	1	3
2	946	1	3
239	946	1	3
309	946	1	3
351	946	1	3
71	948	1	3
78	948	1	3
194	948	1	3
231	948	1	3
31	949	1	3
169	949	1	3
267	949	1	3
405	949	1	3
415	950	1	3
22	951	1	3
136	951	1	3
153	951	1	3
193	951	1	3
322	951	1	3
404	951	1	3
76	953	1	3
118	953	2	3
180	953	1	3
226	953	1	3
31	954	1	3
42	954	1	3
73	954	1	3
87	954	1	3
302	954	1	3
405	954	1	3
31	956	1	3
128	956	1	3
405	956	1	3
76	958	1	3
294	958	1	3
72	959	1	3
156	959	1	3
177	959	1	3
239	959	1	3
410	959	1	3
144	962	1	3
164	962	1	3
372	962	1	3
375	962	1	3
31	964	1	3
239	964	1	3
241	964	1	3
405	964	1	3
19	966	1	3
149	966	1	3
236	966	1	3
286	966	1	3
350	966	1	3
140	971	2	3
194	971	1	3
280	971	2	3
108	979	1	3
347	979	1	3
362	1011	1	3
411	1011	1	3
47	1018	1	3
85	1018	1	3
183	1018	1	3
303	1018	1	3
387	1018	1	3
153	1037	1	3
183	1037	1	3
387	1037	1	3
183	1040	1	3
208	1040	1	3
92	1045	1	3
208	1045	1	3
44	1052	1	3
164	1052	1	3
55	1053	1	3
236	1053	1	3
44	1055	1	3
177	1055	1	3
186	1055	1	3
406	1055	1	3
131	1066	1	3
135	1066	1	3
420	1066	1	3
62	1075	1	3
68	1075	1	3
110	1075	1	3
155	1075	1	3
194	1075	1	3
73	1082	1	3
241	1082	1	3
19	1084	1	3
44	1084	1	3
383	1084	1	3
208	1085	1	3
131	1094	1	3
217	1094	1	3
435	1094	1	3
140	1101	1	3
194	1101	1	3
294	1101	1	3
372	1101	1	3
114	1106	1	3
128	1106	1	3
303	1106	1	3
59	1109	1	3
198	1112	1	3
247	1112	1	3
260	1112	1	3
262	1112	1	3
415	1112	1	3
207	1114	1	3
76	1121	1	3
361	1121	1	3
26	1122	1	3
158	1122	1	3
359	1122	1	3
433	1122	1	3
140	1136	1	3
194	1136	1	3
280	1136	1	3
319	1136	1	3
189	1139	1	3
380	1139	1	3
387	1139	1	3
411	1139	1	3
84	1149	1	3
153	1149	1	3
193	1149	1	3
208	1149	1	3
215	1149	1	3
19	1166	1	3
141	1166	1	3
233	1166	1	3
315	1166	2	3
433	1166	1	3
41	1193	1	3
88	1194	1	3
95	1194	1	3
168	1194	1	3
366	1194	1	3
9	1210	1	3
124	1210	1	3
148	1210	1	3
428	1212	1	3
6	1213	1	3
55	1213	1	3
247	1213	1	3
257	1213	1	3
375	1213	1	3
405	1213	1	3
12	1217	1	3
131	1217	1	3
260	1217	1	3
338	1217	1	3
380	1217	1	3
405	1217	1	3
9	1218	1	3
155	1218	1	3
177	1218	1	3
361	1218	1	3
260	1219	1	3
303	1219	1	3
333	1219	1	3
338	1220	1	3
24	1221	1	3
359	1221	1	3
12	1229	1	3
260	1229	1	3
380	1229	1	3
405	1229	2	3
218	1231	1	3
95	1237	1	3
105	1237	1	3
168	1237	1	3
194	1237	1	3
12	1251	1	3
19	1251	1	3
66	1251	1	3
68	1251	1	3
133	1251	1	3
151	1251	1	3
9	1256	1	3
361	1256	1	3
119	1259	1	3
169	1259	1	3
302	1259	1	3
332	1259	1	3
387	1259	1	3
405	1259	1	3
419	1259	1	3
427	1259	1	3
168	1261	1	3
72	1264	1	3
194	1264	1	3
9	1268	1	3
436	1268	1	3
176	1269	1	3
260	1269	1	3
439	1269	1	3
153	1273	1	3
140	1275	1	3
194	1275	1	3
280	1275	1	3
224	1277	1	3
372	1277	1	3
140	1279	1	3
194	1279	1	3
280	1279	1	3
313	1279	1	3
103	1280	1	3
183	1280	1	3
419	1280	1	3
9	1284	1	3
427	1284	1	3
22	1285	1	3
104	1285	1	3
106	1285	1	3
216	1285	1	3
408	1285	1	3
411	1285	1	3
88	1289	1	3
168	1289	1	3
176	1289	1	3
209	1289	1	3
293	1289	1	3
396	1289	1	3
2	1291	1	3
72	1291	1	3
177	1291	1	3
193	1291	1	3
225	1291	1	3
415	1291	1	3
135	1296	1	3
221	1296	1	3
260	1296	1	3
15	1298	1	3
199	1298	1	3
382	1298	1	3
415	1298	1	3
362	1301	1	3
404	1301	1	3
87	1307	1	3
239	1307	1	3
176	1326	1	3
255	1326	1	3
293	1326	1	3
352	1326	1	3
52	1328	1	3
223	1328	1	3
239	1328	1	3
290	1328	1	3
380	1328	1	3
336	1333	1	3
152	1349	1	3
186	1349	1	3
405	1349	1	3
54	1354	1	3
194	1354	1	3
168	1355	1	3
88	1365	1	3
168	1365	1	3
88	1380	1	3
168	1380	1	3
176	1391	1	3
168	1395	1	3
199	1396	1	3
361	1396	1	3
415	1396	1	3
290	1397	1	3
157	1406	1	3
179	1406	1	3
387	1406	1	3
119	1408	1	3
153	1408	1	3
411	1408	1	3
186	1420	1	3
188	1420	1	3
149	1428	1	3
188	1428	1	3
224	1428	1	3
208	1429	1	3
85	1432	1	3
208	1432	1	3
418	1432	2	3
314	1454	1	3
356	1454	1	3
168	1470	1	3
55	1480	1	3
83	1480	1	3
24	1483	1	3
79	1483	1	3
122	1483	1	3
281	1483	1	3
293	1483	1	3
295	1483	1	3
24	1490	1	3
79	1490	1	3
137	1490	1	3
293	1490	1	3
295	1490	1	3
89	1505	1	3
76	1515	1	3
41	1519	1	3
88	1519	1	3
177	1519	1	3
219	1519	1	3
260	1519	1	3
388	1519	1	3
5	1534	1	3
85	1534	1	3
153	1534	1	3
258	1534	1	3
405	1534	1	3
168	1544	1	3
115	1549	1	3
166	1549	1	3
284	1549	1	3
25	1550	1	3
87	1550	1	3
415	1550	1	3
371	1556	1	3
41	1567	1	3
135	1567	1	3
380	1567	2	3
418	1567	1	3
148	1569	1	3
194	1569	1	3
406	1569	1	3
16	1572	1	3
215	1572	1	3
236	1572	1	3
148	1573	1	3
194	1573	1	3
374	1573	1	3
194	1574	1	3
380	1574	1	3
166	1580	1	3
194	1580	1	3
309	1585	1	3
435	1585	1	3
172	1588	1	3
361	1588	1	3
380	1588	1	3
394	1588	1	3
406	1588	1	3
65	1590	1	3
247	1590	1	3
347	1590	1	3
378	1590	1	3
377	1591	1	3
398	1591	1	3
5	1592	1	3
120	1592	1	3
131	1592	1	3
135	1592	1	3
188	1592	1	3
194	1592	1	3
7	1596	1	3
253	1596	1	3
165	1600	2	3
279	1600	1	3
378	1600	1	3
41	1602	1	3
162	1602	5	3
219	1602	1	3
114	1604	1	3
315	1604	1	3
244	1614	1	3
268	1614	1	3
174	1615	1	3
259	1615	1	3
138	1634	1	3
185	1634	1	3
208	1634	1	3
259	1642	1	3
364	1642	1	3
259	1645	1	3
392	1645	1	3
98	1648	2	3
103	1648	1	3
373	1648	1	3
123	1652	1	3
139	1652	1	3
392	1652	1	3
176	1653	1	3
139	1656	1	3
206	1656	1	3
246	1656	1	3
33	1658	1	3
130	1658	1	3
244	1658	1	3
341	1661	1	3
149	1672	1	3
150	1672	1	3
194	1672	1	3
301	1672	1	3
347	1672	1	3
91	1687	1	3
166	1687	1	3
288	1687	1	3
53	1689	1	3
98	1689	1	3
124	1689	1	3
126	1689	1	3
150	1689	1	3
194	1689	1	3
405	1689	1	3
56	1696	1	3
222	1696	1	3
233	1696	2	3
316	1696	1	3
114	1698	1	3
259	1698	1	3
405	1698	1	3
219	1703	1	3
410	1703	2	3
153	1706	1	3
428	1706	1	3
24	1709	1	3
358	1709	1	3
377	1709	1	3
196	1710	1	3
205	1710	1	3
153	1714	1	3
259	1714	1	3
188	1716	1	3
258	1716	1	3
277	1716	1	3
314	1716	1	3
419	1716	1	3
431	1716	1	3
166	1718	1	3
185	1718	1	3
295	1718	1	3
156	1719	1	3
251	1719	1	3
59	1721	1	3
131	1721	1	3
147	1725	1	3
175	1725	1	3
369	1725	1	3
115	1726	1	3
143	1726	1	3
176	1726	1	3
239	1726	1	3
293	1726	1	3
336	1726	1	3
380	1726	1	3
410	1726	1	3
411	1726	1	3
414	1731	1	3
206	1742	1	3
259	1742	1	3
60	1752	1	3
131	1752	1	3
177	1752	1	3
380	1752	1	3
149	1755	1	3
63	1826	1	3
130	1826	1	3
131	1826	1	3
274	1826	1	3
380	1826	1	3
418	1826	1	3
194	1856	1	3
319	1856	1	3
369	1856	1	3
194	1931	1	3
170	1942	1	3
68	1956	1	3
194	1956	1	3
195	1956	1	3
247	1956	2	3
324	1965	1	3
361	1965	1	3
380	1965	1	3
160	1987	1	3
244	1987	1	3
264	2001	1	3
349	2001	1	3
286	2027	1	3
111	2029	1	3
167	2029	1	3
194	2029	1	3
312	2029	1	3
328	2029	1	3
244	2031	1	3
253	2031	1	3
293	2031	1	3
120	2044	1	3
268	2044	1	3
351	2044	1	3
367	2044	1	3
411	2044	1	3
104	2057	1	3
263	2057	1	3
350	2057	1	3
412	2064	1	3
133	2101	1	3
302	2101	1	3
380	2101	1	3
403	2101	1	3
423	2101	1	3
143	2115	2	3
319	2115	1	3
273	2116	1	3
361	2116	1	3
30	2122	1	3
173	2122	1	3
193	2122	1	3
194	2122	1	3
32	2158	1	3
164	2158	1	3
244	2158	2	3
412	2158	1	3
194	2162	1	3
160	2164	1	3
187	2164	2	3
296	2164	1	3
131	2169	1	3
218	2169	1	3
194	2174	2	3
390	2174	1	3
131	2180	1	3
7	2181	1	3
194	2181	1	3
7	2185	1	3
105	2185	1	3
7	2245	1	3
410	2247	1	3
337	2252	1	3
258	11	1	4
405	12	1	4
60	14	1	4
240	14	1	4
33	15	1	4
277	15	1	4
389	16	2	4
157	17	1	4
418	17	1	4
60	18	1	4
172	19	1	4
240	19	1	4
405	19	1	4
24	20	1	4
179	20	1	4
361	20	1	4
239	21	1	4
302	21	1	4
112	24	1	4
17	30	1	4
357	31	1	4
397	32	1	4
418	34	1	4
156	40	1	4
244	40	1	4
323	40	1	4
344	40	1	4
258	41	1	4
137	44	1	4
153	44	1	4
233	44	1	4
265	44	1	4
380	44	1	4
129	45	1	4
231	49	1	4
41	50	1	4
60	50	1	4
347	50	1	4
388	50	1	4
171	57	1	4
311	57	1	4
409	57	1	4
302	58	1	4
105	64	1	4
380	65	1	4
410	67	1	4
41	69	1	4
60	69	1	4
105	69	1	4
158	69	1	4
201	69	1	4
258	69	1	4
425	69	1	4
257	71	1	4
55	72	1	4
163	72	1	4
201	72	1	4
279	72	1	4
163	73	1	4
244	73	1	4
60	74	1	4
160	74	1	4
19	75	1	4
131	75	1	4
149	75	1	4
164	75	1	4
176	75	1	4
244	75	1	4
378	75	1	4
178	76	1	4
233	76	1	4
279	76	1	4
277	77	1	4
302	77	1	4
389	77	1	4
191	79	1	4
138	80	1	4
194	80	1	4
380	80	1	4
406	80	1	4
239	81	1	4
256	81	1	4
201	82	2	4
176	88	1	4
176	89	1	4
390	89	1	4
20	90	1	4
194	90	1	4
221	90	1	4
280	90	1	4
288	90	1	4
381	90	1	4
95	93	1	4
430	94	1	4
335	95	3	4
201	96	1	4
294	96	1	4
394	97	1	4
415	97	1	4
233	98	1	4
244	98	1	4
112	99	1	4
157	99	1	4
239	99	1	4
265	99	1	4
105	100	1	4
239	102	1	4
162	104	3	4
414	104	1	4
47	105	1	4
174	105	1	4
201	106	1	4
398	106	2	4
80	107	1	4
399	107	1	4
410	107	1	4
80	108	1	4
295	108	1	4
380	108	1	4
399	108	1	4
239	109	1	4
194	110	1	4
427	110	1	4
174	112	1	4
201	112	2	4
211	112	1	4
223	112	2	4
239	112	1	4
65	113	1	4
105	113	1	4
160	113	1	4
293	113	1	4
378	113	1	4
151	115	1	4
322	115	1	4
111	116	1	4
8	119	1	4
105	119	1	4
173	119	1	4
201	123	2	4
330	123	1	4
430	123	1	4
300	125	1	4
347	125	1	4
73	126	1	4
105	126	1	4
223	131	1	4
257	131	1	4
193	132	1	4
194	132	1	4
247	132	1	4
283	132	1	4
354	132	1	4
87	134	1	4
288	135	1	4
202	137	1	4
302	137	1	4
389	137	1	4
131	140	1	4
242	140	1	4
244	140	1	4
347	140	1	4
105	144	1	4
229	145	1	4
18	149	1	4
196	149	1	4
388	149	1	4
36	151	1	4
244	151	1	4
380	151	1	4
244	152	1	4
380	152	1	4
56	154	2	4
105	154	1	4
87	155	1	4
201	156	1	4
284	156	1	4
373	156	1	4
157	159	1	4
56	161	1	4
105	161	1	4
244	161	1	4
196	163	1	4
18	164	1	4
250	164	1	4
26	165	1	4
131	165	1	4
320	165	1	4
311	167	1	4
427	167	1	4
24	186	1	4
174	188	1	4
293	188	1	4
396	188	1	4
403	188	1	4
244	191	1	4
433	191	1	4
244	193	1	4
234	195	1	4
375	197	1	4
437	197	1	4
28	199	1	4
105	199	1	4
303	199	1	4
375	199	1	4
244	205	1	4
431	205	1	4
18	206	1	4
117	206	1	4
214	206	1	4
188	208	1	4
109	210	1	4
375	211	1	4
359	213	1	4
64	215	1	4
193	215	1	4
258	216	1	4
217	218	1	4
242	218	1	4
194	220	1	4
359	220	1	4
244	222	1	4
197	225	1	4
433	225	1	4
197	226	1	4
176	227	1	4
179	227	1	4
128	228	1	4
131	228	1	4
317	231	1	4
64	234	1	4
255	234	1	4
375	234	1	4
433	234	1	4
118	235	1	4
131	236	1	4
149	236	1	4
273	238	1	4
380	238	1	4
57	242	1	4
405	242	1	4
149	247	1	4
151	247	1	4
156	247	1	4
194	247	1	4
277	247	1	4
405	247	1	4
392	248	1	4
424	248	1	4
41	251	1	4
131	253	1	4
166	253	1	4
41	256	1	4
233	256	1	4
396	256	1	4
244	257	1	4
380	257	1	4
408	257	1	4
201	258	1	4
387	258	1	4
405	258	1	4
406	260	1	4
105	261	1	4
157	261	1	4
303	261	1	4
410	261	1	4
36	262	1	4
255	262	1	4
52	264	1	4
153	264	1	4
380	264	1	4
141	265	1	4
149	265	1	4
60	266	1	4
131	266	1	4
330	266	1	4
162	267	7	4
60	268	1	4
119	268	1	4
229	268	1	4
233	268	2	4
244	268	2	4
30	269	1	4
406	269	1	4
21	270	1	4
77	272	1	4
189	275	1	4
230	275	1	4
281	275	1	4
41	280	1	4
64	282	1	4
105	284	1	4
176	284	1	4
188	284	1	4
324	284	2	4
105	286	1	4
156	286	2	4
433	286	1	4
105	290	1	4
215	290	1	4
244	290	1	4
257	290	1	4
357	290	1	4
157	293	1	4
244	293	1	4
230	296	1	4
153	301	1	4
194	301	2	4
299	306	1	4
162	307	1	4
389	308	2	4
172	309	1	4
240	309	1	4
405	309	1	4
24	311	1	4
179	311	1	4
255	311	1	4
361	311	2	4
397	311	1	4
24	314	1	4
281	314	1	4
41	320	1	4
194	320	1	4
201	325	1	4
398	325	1	4
57	326	1	4
149	326	1	4
413	327	1	4
53	328	1	4
108	328	1	4
194	328	1	4
280	328	1	4
119	336	1	4
134	336	2	4
149	338	1	4
156	338	1	4
433	338	2	4
60	339	1	4
156	339	1	4
294	343	1	4
57	349	1	4
403	349	1	4
129	350	1	4
332	350	1	4
380	350	1	4
149	351	1	4
115	355	1	4
243	378	2	4
277	378	1	4
26	379	1	4
135	379	1	4
194	379	1	4
30	380	1	4
102	380	1	4
147	380	2	4
244	380	1	4
280	380	1	4
336	380	1	4
397	380	1	4
194	381	1	4
354	381	1	4
281	384	1	4
49	385	1	4
194	385	1	4
280	385	1	4
156	390	1	4
59	391	1	4
387	391	1	4
20	425	1	4
188	425	1	4
201	425	1	4
344	425	1	4
61	428	1	4
285	428	1	4
405	428	1	4
18	429	1	4
194	429	1	4
7	431	1	4
230	431	1	4
194	433	1	4
250	433	1	4
356	433	1	4
233	435	1	4
357	435	1	4
18	437	1	4
64	437	1	4
84	437	1	4
341	437	1	4
342	437	1	4
420	437	1	4
38	438	1	4
60	438	1	4
73	438	1	4
315	438	1	4
347	438	1	4
375	438	1	4
407	438	1	4
60	439	1	4
331	440	1	4
359	440	1	4
265	444	1	4
372	444	1	4
323	446	1	4
400	446	1	4
25	450	1	4
314	450	1	4
380	450	1	4
22	460	1	4
71	460	1	4
135	460	1	4
188	460	1	4
302	460	1	4
308	480	1	4
340	480	1	4
377	480	1	4
260	482	1	4
308	482	1	4
340	482	1	4
377	482	1	4
380	482	1	4
194	508	1	4
333	508	1	4
153	520	1	4
160	520	1	4
186	520	2	4
222	520	1	4
233	520	1	4
286	520	1	4
434	530	1	4
166	531	1	4
239	531	1	4
330	531	1	4
406	531	1	4
418	531	1	4
36	533	1	4
244	534	1	4
265	534	1	4
2	536	1	4
342	536	1	4
344	536	1	4
405	536	1	4
192	538	1	4
277	538	1	4
344	538	1	4
295	539	1	4
336	539	1	4
118	540	1	4
30	543	1	4
173	543	1	4
3	549	1	4
99	549	1	4
41	551	1	4
228	551	1	4
244	551	1	4
248	551	1	4
291	551	1	4
310	551	1	4
315	551	1	4
18	552	1	4
71	553	1	4
258	553	1	4
265	553	1	4
380	553	1	4
420	553	1	4
270	554	1	4
18	556	1	4
387	556	1	4
431	556	1	4
49	558	1	4
194	558	1	4
280	558	1	4
30	561	1	4
193	561	1	4
201	561	1	4
358	561	1	4
387	561	1	4
431	561	1	4
375	562	1	4
387	566	1	4
431	566	1	4
124	576	1	4
162	576	5	4
223	576	1	4
345	576	2	4
403	576	1	4
128	577	1	4
244	577	1	4
277	577	1	4
36	578	1	4
18	580	1	4
244	580	1	4
30	582	1	4
230	582	1	4
353	582	1	4
25	589	2	4
30	589	1	4
33	589	1	4
173	589	1	4
194	589	1	4
300	589	1	4
97	594	1	4
156	594	1	4
188	594	1	4
194	594	1	4
254	594	1	4
277	594	1	4
374	594	1	4
416	594	1	4
97	601	1	4
156	601	1	4
188	601	1	4
194	601	1	4
277	601	1	4
416	601	1	4
265	603	1	4
244	606	1	4
270	612	1	4
244	614	1	4
60	616	1	4
66	616	1	4
158	616	1	4
194	616	1	4
93	617	1	4
329	617	1	4
244	623	1	4
329	623	1	4
18	625	1	4
193	625	1	4
244	625	1	4
258	625	1	4
265	629	1	4
88	633	1	4
146	633	1	4
168	633	1	4
3	634	1	4
39	634	1	4
176	636	1	4
193	636	1	4
407	636	1	4
380	638	1	4
30	639	1	4
146	639	1	4
146	641	1	4
270	642	1	4
33	643	1	4
265	643	1	4
347	644	1	4
30	645	1	4
173	645	1	4
192	648	1	4
342	648	1	4
192	652	1	4
208	652	1	4
342	652	1	4
359	652	1	4
265	654	1	4
158	656	1	4
188	656	1	4
201	656	1	4
411	656	1	4
423	659	1	4
18	693	1	4
194	715	1	4
29	729	1	4
79	729	1	4
103	729	1	4
166	729	1	4
277	729	1	4
341	729	1	4
418	729	1	4
219	731	1	4
400	731	1	4
173	735	1	4
246	735	1	4
325	735	1	4
136	741	1	4
164	741	1	4
183	741	1	4
153	743	1	4
260	747	1	4
308	747	1	4
340	747	1	4
377	747	1	4
380	747	1	4
308	749	1	4
340	749	1	4
377	749	1	4
5	760	1	4
342	760	1	4
405	760	1	4
194	776	1	4
289	782	1	4
74	785	1	4
160	792	1	4
194	792	1	4
265	792	1	4
397	792	1	4
247	794	1	4
277	794	1	4
315	794	1	4
405	794	1	4
18	811	1	4
244	811	1	4
25	812	1	4
18	815	1	4
244	815	1	4
258	815	1	4
315	817	1	4
75	819	1	4
194	819	1	4
75	822	1	4
194	822	1	4
233	822	1	4
239	822	1	4
92	825	1	4
129	825	1	4
176	825	1	4
25	827	1	4
87	827	1	4
268	827	1	4
405	827	1	4
270	833	1	4
362	833	1	4
404	833	1	4
109	834	1	4
258	834	1	4
277	834	1	4
286	834	1	4
380	834	1	4
405	834	1	4
294	835	1	4
404	835	1	4
405	835	2	4
117	838	1	4
214	838	1	4
375	838	1	4
380	838	1	4
175	839	1	4
228	839	1	4
244	839	1	4
291	839	1	4
294	839	1	4
315	839	1	4
369	839	1	4
404	839	1	4
405	839	2	4
433	839	1	4
294	840	1	4
362	840	1	4
404	840	1	4
405	840	1	4
158	842	1	4
164	842	1	4
201	842	1	4
411	842	1	4
158	846	1	4
201	846	1	4
380	846	1	4
25	847	1	4
405	847	1	4
48	852	1	4
382	852	1	4
194	855	1	4
302	855	1	4
153	870	1	4
208	870	1	4
76	874	1	4
206	876	1	4
308	876	1	4
340	876	1	4
377	876	1	4
188	878	1	4
192	878	1	4
296	878	1	4
341	878	1	4
397	878	1	4
407	878	1	4
433	880	1	4
5	887	1	4
284	887	1	4
362	890	1	4
163	891	1	4
239	894	2	4
74	908	1	4
194	908	1	4
354	908	1	4
387	908	1	4
438	908	1	4
14	918	1	4
194	918	1	4
220	918	1	4
380	918	1	4
147	927	1	4
194	927	1	4
350	927	1	4
164	930	1	4
185	930	1	4
237	930	1	4
367	930	1	4
11	938	1	4
265	938	1	4
277	938	1	4
338	938	1	4
380	938	1	4
383	938	1	4
336	944	2	4
188	947	1	4
189	947	1	4
372	947	1	4
381	947	1	4
387	947	1	4
410	947	1	4
19	968	1	4
264	968	1	4
65	973	1	4
88	973	1	4
277	973	1	4
330	973	1	4
270	974	1	4
277	977	1	4
315	977	1	4
405	977	1	4
164	978	1	4
242	978	1	4
263	983	1	4
149	985	1	4
262	985	1	4
188	994	2	4
194	994	1	4
239	994	1	4
374	994	1	4
387	994	1	4
113	996	1	4
234	996	1	4
156	999	1	4
341	999	1	4
194	1000	1	4
380	1000	1	4
247	1012	1	4
309	1012	1	4
141	1023	2	4
333	1023	1	4
293	1027	1	4
394	1027	1	4
301	1032	1	4
194	1034	1	4
387	1034	1	4
405	1034	1	4
103	1038	1	4
377	1038	1	4
71	1042	1	4
409	1042	1	4
377	1043	1	4
239	1044	1	4
277	1044	1	4
282	1044	1	4
387	1044	1	4
282	1047	1	4
346	1047	1	4
361	1047	1	4
6	1049	1	4
239	1049	1	4
282	1049	1	4
436	1049	1	4
194	1051	1	4
5	1060	1	4
262	1060	1	4
282	1060	1	4
250	1067	1	4
56	1069	2	4
262	1070	1	4
293	1072	1	4
336	1072	1	4
410	1072	1	4
52	1074	1	4
112	1074	1	4
293	1074	1	4
200	1076	1	4
244	1076	1	4
250	1076	1	4
125	1077	1	4
131	1077	1	4
135	1077	1	4
239	1077	1	4
129	1079	1	4
194	1079	1	4
194	1080	1	4
258	1080	1	4
347	1080	1	4
176	1081	1	4
83	1083	1	4
149	1083	1	4
192	1083	1	4
282	1083	1	4
176	1086	1	4
154	1087	1	4
166	1091	1	4
270	1091	1	4
196	1096	1	4
239	1096	1	4
347	1096	1	4
371	1096	1	4
405	1102	1	4
415	1113	1	4
218	1115	1	4
430	1115	1	4
19	1116	1	4
109	1116	1	4
256	1116	1	4
260	1116	1	4
415	1116	1	4
19	1117	1	4
242	1117	1	4
380	1117	1	4
387	1117	1	4
421	1118	1	4
119	1125	1	4
233	1125	1	4
124	1127	1	4
194	1127	1	4
244	1127	1	4
293	1127	1	4
226	1129	1	4
380	1129	1	4
277	1130	1	4
405	1130	1	4
415	1130	1	4
64	1131	1	4
293	1131	1	4
49	1133	1	4
20	1134	1	4
49	1134	1	4
194	1134	1	4
280	1134	1	4
20	1140	1	4
119	1141	1	4
201	1141	1	4
373	1141	1	4
275	1152	1	4
93	1156	1	4
177	1156	1	4
329	1156	1	4
28	1160	1	4
56	1160	1	4
408	1160	1	4
433	1160	2	4
211	1163	1	4
223	1163	1	4
260	1163	2	4
311	1163	1	4
368	1163	1	4
141	1164	1	4
371	1164	1	4
244	1167	1	4
193	1171	1	4
380	1171	1	4
239	1172	1	4
257	1172	1	4
406	1172	1	4
381	1175	1	4
405	1176	1	4
153	1180	1	4
158	1180	1	4
208	1180	1	4
380	1180	1	4
418	1180	1	4
24	1181	1	4
163	1182	1	4
208	1182	1	4
241	1182	1	4
380	1182	1	4
413	1182	2	4
418	1182	2	4
86	1188	1	4
201	1197	1	4
189	1204	1	4
372	1204	1	4
78	1206	1	4
115	1206	1	4
149	1215	1	4
265	1215	1	4
42	1224	1	4
194	1224	1	4
239	1224	1	4
69	1226	1	4
194	1226	1	4
123	1228	1	4
192	1228	1	4
262	1228	1	4
381	1228	1	4
305	1234	1	4
429	1234	1	4
49	1235	1	4
194	1235	1	4
280	1235	1	4
398	1236	1	4
375	1240	1	4
194	1241	1	4
380	1241	1	4
21	1246	1	4
318	1246	2	4
54	1250	1	4
147	1250	1	4
194	1250	1	4
335	1250	1	4
244	1252	2	4
86	1253	1	4
293	1253	1	4
405	1253	1	4
39	1257	1	4
380	1257	1	4
174	1258	1	4
231	1258	1	4
235	1258	1	4
267	1258	1	4
280	1258	1	4
352	1258	2	4
353	1258	1	4
262	1260	1	4
316	1260	1	4
323	1260	1	4
413	1260	1	4
90	1262	1	4
302	1262	1	4
358	1262	1	4
405	1262	1	4
90	1263	1	4
302	1263	1	4
347	1263	1	4
358	1263	1	4
405	1263	1	4
138	1266	2	4
176	1270	1	4
208	1270	1	4
18	1271	1	4
314	1271	1	4
125	1272	1	4
131	1272	2	4
148	1272	1	4
156	1272	1	4
164	1272	1	4
277	1281	1	4
405	1281	1	4
60	1283	1	4
208	1283	1	4
326	1283	1	4
74	1290	1	4
327	1290	1	4
414	1290	1	4
264	1295	1	4
216	1299	1	4
176	1303	1	4
252	1303	1	4
60	1308	1	4
95	1308	1	4
115	1308	2	4
149	1308	1	4
398	1311	1	4
208	1314	1	4
343	1314	1	4
381	1314	1	4
428	1314	1	4
344	1319	5	4
430	1325	1	4
344	1343	4	4
211	1352	1	4
380	1352	1	4
239	1362	1	4
323	1362	1	4
399	1362	1	4
405	1362	1	4
249	1363	1	4
194	1368	1	4
239	1370	1	4
3	1373	1	4
153	1373	1	4
208	1373	1	4
343	1373	1	4
153	1375	1	4
208	1375	1	4
343	1375	1	4
347	1375	1	4
380	1378	1	4
158	1382	1	4
49	1388	1	4
194	1388	1	4
280	1388	1	4
199	1399	1	4
249	1399	1	4
270	1399	1	4
165	1400	1	4
194	1400	1	4
357	1400	1	4
153	1402	1	4
208	1402	1	4
302	1402	1	4
55	1404	1	4
71	1404	1	4
194	1404	1	4
262	1404	1	4
387	1404	1	4
405	1404	1	4
131	1405	1	4
349	1407	1	4
176	1409	1	4
211	1409	1	4
239	1409	1	4
344	1409	1	4
109	1411	1	4
194	1411	1	4
249	1414	1	4
436	1414	1	4
39	1417	1	4
208	1417	1	4
418	1417	1	4
29	1419	1	4
387	1419	1	4
387	1424	1	4
418	1424	1	4
29	1430	1	4
387	1430	1	4
194	1434	1	4
281	1434	1	4
380	1434	1	4
422	1434	1	4
55	1435	1	4
208	1435	1	4
418	1435	1	4
123	1436	1	4
166	1436	1	4
194	1437	1	4
309	1437	1	4
48	1442	1	4
380	1442	1	4
147	1446	1	4
324	1446	1	4
123	1449	1	4
113	1450	1	4
165	1450	1	4
194	1450	1	4
227	1450	1	4
277	1450	1	4
136	1456	1	4
366	1456	1	4
132	1457	1	4
194	1457	1	4
364	1457	1	4
104	1458	1	4
163	1458	1	4
170	1458	1	4
172	1458	1	4
194	1458	1	4
225	1458	1	4
239	1458	1	4
380	1458	1	4
25	1466	1	4
32	1466	1	4
244	1466	1	4
380	1466	1	4
422	1466	1	4
11	1467	1	4
74	1472	1	4
194	1472	1	4
354	1472	1	4
438	1472	1	4
92	1473	1	4
336	1473	1	4
415	1473	1	4
42	1486	1	4
12	1495	1	4
16	1495	1	4
131	1495	1	4
136	1495	1	4
188	1495	1	4
406	1495	1	4
244	1521	1	4
268	1521	1	4
380	1521	1	4
81	1523	1	4
316	1523	1	4
398	1523	1	4
286	1535	1	4
13	1536	1	4
199	1536	1	4
231	1536	1	4
415	1536	1	4
6	1539	1	4
194	1539	1	4
201	1539	1	4
320	1539	1	4
134	1553	1	4
194	1553	1	4
347	1554	1	4
378	1554	1	4
19	1555	1	4
42	1555	1	4
317	1555	1	4
380	1555	1	4
405	1555	1	4
408	1555	1	4
201	1560	1	4
231	1560	1	4
270	1563	1	4
353	1563	2	4
141	1564	3	4
351	1564	1	4
380	1564	1	4
64	1571	1	4
149	1571	1	4
222	1571	2	4
293	1571	1	4
336	1571	1	4
396	1571	2	4
69	1575	1	4
113	1575	1	4
74	1577	1	4
194	1577	1	4
227	1577	1	4
354	1577	1	4
438	1577	1	4
49	1583	1	4
258	1583	1	4
293	1583	1	4
246	1584	1	4
226	1589	1	4
49	1601	1	4
127	1601	1	4
194	1601	1	4
280	1601	1	4
38	1605	1	4
372	1605	1	4
380	1605	1	4
66	1607	1	4
231	1607	1	4
239	1607	1	4
169	1612	1	4
245	1612	4	4
315	1622	1	4
366	1622	1	4
176	1623	1	4
141	1625	1	4
303	1625	2	4
141	1628	1	4
233	1628	1	4
256	1628	1	4
98	1630	1	4
194	1630	2	4
188	1633	2	4
194	1633	1	4
374	1633	1	4
194	1636	1	4
297	1636	1	4
49	1641	1	4
194	1641	1	4
310	1641	1	4
194	1660	1	4
256	1660	1	4
8	1663	1	4
201	1663	1	4
425	1663	1	4
60	1664	1	4
119	1664	1	4
388	1665	1	4
311	1669	1	4
135	1681	1	4
380	1681	1	4
413	1681	1	4
131	1683	2	4
347	1683	2	4
388	1683	1	4
415	1683	1	4
427	1683	1	4
108	1688	1	4
323	1688	1	4
424	1688	1	4
75	1695	1	4
194	1695	1	4
11	1697	1	4
60	1697	1	4
104	1697	1	4
331	1697	1	4
389	1697	1	4
128	1704	1	4
141	1704	1	4
194	1704	1	4
380	1704	1	4
332	1705	1	4
380	1705	1	4
194	1711	1	4
281	1711	1	4
188	1720	2	4
194	1720	1	4
374	1720	1	4
380	1724	1	4
153	1728	1	4
172	1728	1	4
306	1728	1	4
17	1730	1	4
239	1732	1	4
106	1738	1	4
156	1738	1	4
129	1745	1	4
134	1745	1	4
370	1745	1	4
92	1746	1	4
392	1746	3	4
100	1751	1	4
131	1757	1	4
380	1757	1	4
187	1760	1	4
381	1760	1	4
23	1763	1	4
382	1764	1	4
152	1773	1	4
182	1773	1	4
194	1773	1	4
314	1773	1	4
361	1782	1	4
389	1784	1	4
413	1786	1	4
194	1794	1	4
322	1794	1	4
405	1794	1	4
141	1795	2	4
244	1795	2	4
293	1795	1	4
336	1795	1	4
390	1795	1	4
105	1796	1	4
194	1796	1	4
87	1797	1	4
201	1797	1	4
258	1797	1	4
194	1800	1	4
380	1800	1	4
32	1803	1	4
227	1803	1	4
21	1804	1	4
275	1804	1	4
317	1804	1	4
329	1804	1	4
380	1804	1	4
239	1824	1	4
227	1840	1	4
380	1840	1	4
39	1844	1	4
141	1844	1	4
156	1844	1	4
309	1844	1	4
69	1849	1	4
244	1854	1	4
397	1863	1	4
194	1864	1	4
244	1866	1	4
286	1866	1	4
436	1866	1	4
194	1874	1	4
225	1874	1	4
309	1874	1	4
342	1883	1	4
231	1885	1	4
293	1885	1	4
141	1896	1	4
141	1897	1	4
201	1897	1	4
316	1897	1	4
375	1897	1	4
398	1897	1	4
406	1897	1	4
163	1899	1	4
375	1899	1	4
105	1901	1	4
38	1903	1	4
176	1903	1	4
36	1909	1	4
29	1914	1	4
47	1914	1	4
60	1914	1	4
198	1914	1	4
422	1914	1	4
135	1918	1	4
143	1918	1	4
193	1918	1	4
380	1918	1	4
389	1918	1	4
378	1923	1	4
410	1923	1	4
134	1924	1	4
380	1924	1	4
194	1926	1	4
239	1926	1	4
351	1926	1	4
369	1926	1	4
378	1927	1	4
300	1933	1	4
28	1951	1	4
229	1951	1	4
293	1951	1	4
368	1951	1	4
380	1951	1	4
55	1952	1	4
131	1952	1	4
229	1952	1	4
361	1952	1	4
415	1961	1	4
333	1966	1	4
410	1966	1	4
50	1971	1	4
194	1971	1	4
244	1971	1	4
50	1972	1	4
149	1972	1	4
244	1972	1	4
390	1976	1	4
347	1979	1	4
47	1982	3	4
435	1982	1	4
368	1990	1	4
2	1995	1	4
258	1995	1	4
11	1997	1	4
151	1997	1	4
30	2003	2	4
170	2003	2	4
390	2003	1	4
405	2003	1	4
30	2005	2	4
170	2005	2	4
194	2005	1	4
390	2005	1	4
405	2005	1	4
153	2008	1	4
177	2008	1	4
146	2011	1	4
77	2014	1	4
375	2014	1	4
56	2016	1	4
137	2017	1	4
143	2017	1	4
352	2017	1	4
52	2018	1	4
202	2018	1	4
57	2022	1	4
258	2022	1	4
258	2023	1	4
231	2025	1	4
293	2025	1	4
365	2025	1	4
415	2025	1	4
201	2028	1	4
261	2028	1	4
265	2028	1	4
405	2030	1	4
277	2032	1	4
382	2032	1	4
405	2032	1	4
145	2037	1	4
216	2037	1	4
313	2037	1	4
194	2040	1	4
294	2040	1	4
194	2041	1	4
210	2041	1	4
298	2041	1	4
194	2042	1	4
239	2042	1	4
82	2047	1	4
311	2047	2	4
429	2047	1	4
166	2049	1	4
294	2049	1	4
387	2049	1	4
381	2053	1	4
97	2059	1	4
382	2059	1	4
176	2068	1	4
293	2068	2	4
311	2068	1	4
373	2068	1	4
176	2069	1	4
293	2069	1	4
347	2069	1	4
198	2071	1	4
347	2071	1	4
375	2071	2	4
42	2072	1	4
56	2072	1	4
57	2072	2	4
156	2072	1	4
233	2072	1	4
375	2072	1	4
153	2073	1	4
256	2076	1	4
415	2076	1	4
108	2079	1	4
156	2079	1	4
146	2080	1	4
244	2080	1	4
399	2080	1	4
69	2082	1	4
146	2082	1	4
147	2084	1	4
365	2084	1	4
60	2086	1	4
293	2086	1	4
172	2088	1	4
194	2088	1	4
260	2088	1	4
149	2092	1	4
60	2093	1	4
314	2093	1	4
380	2093	1	4
410	2093	1	4
186	2097	1	4
244	2103	1	4
3	2105	1	4
248	2105	1	4
201	2106	1	4
433	2109	1	4
18	2118	1	4
306	2118	1	4
149	2130	1	4
194	2130	1	4
77	2134	1	4
131	2134	1	4
378	2134	1	4
39	2135	1	4
191	2135	1	4
239	2135	1	4
263	2135	1	4
380	2135	1	4
433	2144	1	4
194	2159	1	4
374	2159	1	4
239	2171	1	4
279	2171	1	4
381	2171	1	4
150	2175	1	4
260	2175	1	4
381	2175	1	4
201	2176	1	4
386	2176	1	4
428	2176	1	4
41	2193	1	4
390	2193	1	4
217	2196	1	4
39	2211	1	4
157	2211	1	4
425	2211	1	4
162	2222	1	4
194	2222	1	4
380	2222	1	4
264	2223	1	4
414	2229	1	4
49	2234	1	4
341	2234	1	4
415	2234	1	4
398	2239	1	4
399	2239	1	4
6	2259	1	4
41	2259	1	4
41	2261	1	4
166	2261	1	4
52	2264	1	4
202	2264	1	4
414	2264	1	4
132	2266	1	4
239	2268	1	4
89	2269	1	4
239	2270	1	4
83	2272	1	4
185	4	1	5
194	4	1	5
217	6	1	5
239	6	1	5
244	6	1	5
380	22	1	5
18	25	1	5
149	122	1	5
194	122	1	5
194	153	1	5
280	153	1	5
438	153	1	5
164	184	1	5
439	184	1	5
47	190	1	5
66	190	2	5
194	190	1	5
244	190	1	5
61	340	1	5
285	340	1	5
61	342	1	5
285	342	1	5
387	342	1	5
194	354	1	5
221	354	1	5
280	354	1	5
319	354	1	5
194	362	1	5
239	362	1	5
95	370	1	5
194	419	1	5
280	419	1	5
26	432	1	5
194	487	1	5
140	516	1	5
194	516	1	5
280	516	1	5
140	517	1	5
194	517	1	5
269	517	1	5
280	517	1	5
356	517	1	5
370	517	1	5
191	535	1	5
200	535	1	5
258	535	1	5
414	535	1	5
140	569	1	5
194	569	1	5
265	575	1	5
126	586	1	5
163	586	1	5
194	586	1	5
239	586	1	5
244	586	2	5
265	613	1	5
194	627	1	5
123	630	1	5
131	630	1	5
192	630	1	5
342	630	1	5
260	670	1	5
418	670	1	5
64	671	1	5
153	671	1	5
301	671	1	5
76	722	1	5
309	722	1	5
140	725	1	5
194	725	1	5
280	725	1	5
312	725	1	5
411	726	1	5
194	730	1	5
254	730	1	5
140	734	1	5
194	734	1	5
273	734	1	5
280	734	1	5
405	777	1	5
62	791	1	5
110	791	1	5
116	791	1	5
155	791	1	5
194	791	1	5
168	802	1	5
43	804	1	5
194	804	1	5
369	804	1	5
54	813	1	5
140	813	1	5
194	813	1	5
374	813	1	5
305	853	1	5
233	873	1	5
62	900	1	5
194	900	1	5
270	900	1	5
204	901	1	5
244	901	1	5
339	901	1	5
411	901	1	5
91	903	1	5
140	903	1	5
194	903	1	5
280	903	1	5
411	926	1	5
194	972	1	5
280	972	1	5
312	972	2	5
140	1003	1	5
194	1003	1	5
280	1003	1	5
71	1097	1	5
140	1119	1	5
194	1119	1	5
273	1119	1	5
280	1119	1	5
194	1126	1	5
307	1126	1	5
312	1126	1	5
140	1128	1	5
193	1128	2	5
194	1128	1	5
281	1128	1	5
312	1128	1	5
134	1137	1	5
149	1137	1	5
424	1137	1	5
32	1143	1	5
86	1143	1	5
156	1143	3	5
194	1143	1	5
352	1143	1	5
404	1143	1	5
416	1143	1	5
140	1159	1	5
194	1159	1	5
280	1159	1	5
16	1203	1	5
194	1203	1	5
262	1203	1	5
380	1203	2	5
413	1203	1	5
140	1247	1	5
194	1247	1	5
319	1247	1	5
140	1255	1	5
194	1255	1	5
280	1255	1	5
140	1288	1	5
194	1288	1	5
280	1288	1	5
319	1288	1	5
34	1310	1	5
208	1310	1	5
140	1312	1	5
194	1312	1	5
280	1312	1	5
41	1316	1	5
44	1316	1	5
343	1316	1	5
381	1316	1	5
433	1316	1	5
258	1318	1	5
41	1322	1	5
86	1322	1	5
158	1322	1	5
239	1322	1	5
326	1322	1	5
375	1322	1	5
377	1322	1	5
208	1324	1	5
381	1324	1	5
294	1340	1	5
114	1344	1	5
55	1347	1	5
302	1356	1	5
359	1369	1	5
20	1377	1	5
281	1377	1	5
411	1377	1	5
176	1379	1	5
208	1379	1	5
137	1384	1	5
160	1384	1	5
208	1384	1	5
63	1386	1	5
164	1386	1	5
380	1386	1	5
402	1386	1	5
156	1389	1	5
153	1398	1	5
208	1398	1	5
156	1413	1	5
239	1413	1	5
296	1413	1	5
375	1413	1	5
380	1413	1	5
29	1425	1	5
41	1425	1	5
153	1425	1	5
326	1425	1	5
387	1425	1	5
208	1426	1	5
377	1426	1	5
418	1426	1	5
85	1427	1	5
240	1427	1	5
326	1427	1	5
423	1427	1	5
172	1460	1	5
332	1460	1	5
347	1460	1	5
74	1461	1	5
140	1461	1	5
194	1461	1	5
280	1461	1	5
140	1462	1	5
194	1462	1	5
280	1462	1	5
312	1476	1	5
140	1482	1	5
194	1482	1	5
280	1482	1	5
140	1484	1	5
194	1484	1	5
268	1484	1	5
244	1485	1	5
372	1485	1	5
86	1497	1	5
153	1497	1	5
194	1497	1	5
268	1497	1	5
277	1497	1	5
305	1497	1	5
414	1497	1	5
158	1498	1	5
364	1498	1	5
411	1498	1	5
324	1586	1	5
372	1586	1	5
152	1599	1	5
277	1599	1	5
268	1603	1	5
411	1603	1	5
137	1613	1	5
194	1613	1	5
244	1613	1	5
280	1613	1	5
321	1613	1	5
438	1613	1	5
244	1643	1	5
245	1643	1	5
103	1651	1	5
105	1651	1	5
405	1651	1	5
192	1666	1	5
270	1666	1	5
311	1666	1	5
406	1666	1	5
244	1701	1	5
348	1701	1	5
404	1701	1	5
113	1747	1	5
176	1747	1	5
233	1747	1	5
438	1747	1	5
327	1788	1	5
30	1815	1	5
86	1815	2	5
194	1815	1	5
253	1815	1	5
433	1829	1	5
74	1843	1	5
194	1843	1	5
268	1850	1	5
194	1878	1	5
277	1878	1	5
242	1905	1	5
183	1906	1	5
272	1906	1	5
48	1908	1	5
163	1911	2	5
272	1911	1	5
118	1912	1	5
410	1913	1	5
298	1915	1	5
194	1917	1	5
233	1917	1	5
433	1917	1	5
272	1919	1	5
39	1921	1	5
435	1925	1	5
422	1928	1	5
272	1935	1	5
239	1939	1	5
272	1939	1	5
137	1963	1	5
350	1963	2	5
358	1963	1	5
302	1973	1	5
19	1981	1	5
131	2048	1	5
270	2048	1	5
18	2083	1	5
25	2083	1	5
40	2083	1	5
194	2083	1	5
194	2095	1	5
239	2095	1	5
243	2095	1	5
194	2124	1	5
140	2136	1	5
194	2136	1	5
280	2136	1	5
194	2146	1	5
338	2146	1	5
380	2147	1	5
244	2168	1	5
392	2232	1	5
194	2233	1	5
194	2235	1	5
194	2240	1	5
223	2240	1	5
298	2240	1	5
30	2265	1	5
173	2265	1	5
194	2265	1	5
243	2265	1	5
90	13	1	6
128	13	1	6
233	13	1	6
137	27	1	6
284	27	1	6
380	27	1	6
405	27	1	6
82	36	1	6
286	36	1	6
201	48	1	6
335	48	1	6
38	52	1	6
188	52	1	6
349	52	1	6
366	52	1	6
247	54	1	6
260	54	1	6
381	54	1	6
194	66	1	6
194	70	1	6
49	128	1	6
194	128	1	6
209	128	1	6
356	128	1	6
194	141	1	6
348	143	1	6
102	168	1	6
170	168	1	6
188	168	1	6
194	168	1	6
277	168	1	6
153	169	1	6
156	169	1	6
375	169	1	6
378	169	1	6
380	169	1	6
390	169	1	6
247	171	1	6
316	171	1	6
344	171	1	6
380	171	1	6
194	174	1	6
276	174	1	6
34	176	1	6
347	176	1	6
194	180	1	6
276	180	1	6
194	187	1	6
380	187	1	6
194	224	2	6
276	224	1	6
404	224	1	6
194	230	2	6
276	230	1	6
404	230	1	6
194	233	2	6
276	233	1	6
404	233	1	6
194	237	2	6
276	237	1	6
404	237	1	6
172	243	2	6
123	244	1	6
192	244	1	6
123	249	1	6
162	249	1	6
192	249	1	6
414	249	1	6
244	273	1	6
293	273	1	6
399	273	1	6
201	274	1	6
254	276	1	6
408	276	1	6
150	278	1	6
197	278	1	6
123	283	1	6
192	283	1	6
342	283	1	6
154	285	1	6
310	285	1	6
323	291	1	6
415	291	1	6
306	295	1	6
293	299	1	6
176	300	1	6
293	300	1	6
368	300	1	6
197	302	1	6
293	303	1	6
383	303	1	6
258	310	1	6
80	312	1	6
191	312	1	6
336	312	1	6
390	312	1	6
195	315	1	6
1	316	1	6
97	316	1	6
99	316	1	6
238	317	1	6
151	322	1	6
399	324	1	6
64	329	1	6
405	329	1	6
39	330	1	6
115	330	1	6
437	330	1	6
55	332	1	6
289	333	1	6
398	333	1	6
157	334	1	6
42	337	1	6
177	337	1	6
433	337	1	6
3	341	1	6
89	341	1	6
400	341	1	6
433	341	1	6
382	346	1	6
241	347	1	6
359	348	1	6
197	353	1	6
30	361	1	6
121	361	1	6
88	369	1	6
239	369	1	6
244	369	1	6
30	372	1	6
84	372	1	6
173	372	1	6
194	372	1	6
298	373	1	6
344	373	1	6
402	373	1	6
437	373	1	6
158	374	1	6
342	374	1	6
389	387	1	6
13	415	1	6
49	415	1	6
53	415	1	6
192	415	1	6
194	415	1	6
21	452	1	6
67	452	1	6
49	454	1	6
137	454	1	6
194	454	1	6
194	455	1	6
380	455	1	6
404	455	1	6
271	461	2	6
362	461	1	6
380	461	1	6
402	461	2	6
131	462	1	6
277	462	1	6
420	462	1	6
141	463	1	6
166	463	1	6
175	463	1	6
228	463	1	6
291	463	1	6
315	463	1	6
67	465	1	6
226	465	1	6
415	465	1	6
67	468	1	6
81	468	1	6
46	469	1	6
100	469	1	6
141	469	3	6
142	469	1	6
173	469	1	6
212	469	1	6
233	469	2	6
348	469	1	6
363	469	1	6
440	469	1	6
46	471	1	6
100	471	1	6
141	471	3	6
142	471	1	6
173	471	1	6
212	471	1	6
348	471	1	6
363	471	1	6
440	471	1	6
46	472	1	6
100	472	1	6
141	472	3	6
142	472	1	6
173	472	1	6
212	472	1	6
323	472	1	6
348	472	1	6
363	472	1	6
440	472	1	6
46	473	1	6
100	473	1	6
141	473	3	6
142	473	1	6
173	473	1	6
212	473	1	6
323	473	1	6
348	473	1	6
363	473	1	6
440	473	1	6
46	474	1	6
100	474	1	6
141	474	3	6
142	474	1	6
173	474	1	6
212	474	1	6
323	474	1	6
348	474	1	6
363	474	1	6
440	474	1	6
46	476	1	6
100	476	1	6
141	476	3	6
142	476	1	6
173	476	1	6
212	476	1	6
323	476	1	6
348	476	1	6
363	476	1	6
440	476	1	6
46	478	1	6
100	478	1	6
141	478	3	6
142	478	1	6
173	478	1	6
212	478	1	6
323	478	1	6
348	478	1	6
363	478	1	6
440	478	1	6
67	479	1	6
242	479	1	6
375	479	1	6
46	481	1	6
100	481	1	6
141	481	3	6
142	481	1	6
212	481	1	6
323	481	1	6
348	481	1	6
363	481	1	6
401	481	1	6
440	481	1	6
139	483	1	6
186	483	1	6
194	483	1	6
32	485	1	6
67	485	1	6
151	485	1	6
302	485	1	6
21	486	1	6
46	486	1	6
80	486	1	6
141	486	2	6
200	486	1	6
201	486	1	6
203	486	1	6
212	486	1	6
323	486	1	6
380	486	1	6
46	490	1	6
64	490	1	6
141	490	2	6
142	490	1	6
203	490	1	6
212	490	1	6
239	490	1	6
323	490	1	6
363	490	1	6
401	490	1	6
423	490	1	6
46	491	1	6
64	491	1	6
141	491	2	6
142	491	1	6
203	491	1	6
212	491	1	6
239	491	1	6
323	491	1	6
363	491	1	6
401	491	1	6
423	491	1	6
46	492	1	6
64	492	1	6
141	492	2	6
142	492	1	6
203	492	1	6
212	492	1	6
239	492	1	6
323	492	1	6
363	492	1	6
401	492	1	6
423	492	1	6
46	493	1	6
64	493	1	6
141	493	2	6
142	493	1	6
203	493	1	6
212	493	1	6
239	493	1	6
323	493	1	6
363	493	1	6
401	493	1	6
423	493	1	6
46	494	1	6
64	494	1	6
141	494	2	6
142	494	1	6
203	494	1	6
212	494	1	6
239	494	1	6
323	494	1	6
363	494	1	6
401	494	1	6
423	494	1	6
46	495	1	6
64	495	1	6
141	495	2	6
142	495	1	6
203	495	1	6
212	495	1	6
239	495	1	6
323	495	1	6
363	495	1	6
401	495	1	6
423	495	1	6
46	496	1	6
64	496	1	6
141	496	2	6
142	496	1	6
203	496	1	6
212	496	1	6
239	496	1	6
323	496	1	6
363	496	1	6
401	496	1	6
423	496	1	6
15	497	1	6
203	497	1	6
46	499	1	6
64	499	1	6
141	499	1	6
212	499	1	6
423	499	1	6
174	500	1	6
233	500	1	6
46	501	1	6
64	501	1	6
141	501	2	6
142	501	1	6
203	501	1	6
212	501	1	6
239	501	1	6
323	501	1	6
363	501	1	6
401	501	1	6
423	501	1	6
46	502	1	6
105	502	1	6
141	502	1	6
212	502	1	6
401	502	2	6
46	503	1	6
64	503	1	6
141	503	2	6
142	503	1	6
203	503	1	6
212	503	1	6
239	503	1	6
323	503	1	6
363	503	1	6
401	503	1	6
423	503	1	6
46	504	1	6
64	504	1	6
141	504	2	6
142	504	1	6
203	504	1	6
212	504	1	6
239	504	1	6
323	504	1	6
363	504	1	6
401	504	1	6
423	504	1	6
46	505	1	6
64	505	1	6
141	505	2	6
142	505	1	6
203	505	1	6
212	505	1	6
239	505	1	6
323	505	1	6
363	505	1	6
401	505	1	6
423	505	1	6
67	506	1	6
81	506	1	6
156	506	2	6
190	506	1	6
346	506	1	6
416	506	1	6
164	510	1	6
201	510	1	6
203	510	1	6
313	510	1	6
203	511	1	6
313	511	1	6
141	512	1	6
239	512	1	6
293	512	1	6
415	512	1	6
46	513	1	6
64	513	1	6
141	513	2	6
142	513	1	6
203	513	1	6
212	513	1	6
239	513	1	6
323	513	1	6
363	513	1	6
401	513	1	6
423	513	1	6
46	514	1	6
141	514	2	6
212	514	1	6
401	514	1	6
67	529	1	6
115	529	1	6
284	529	1	6
436	529	1	6
265	547	1	6
244	570	1	6
265	574	1	6
244	604	1	6
265	605	1	6
380	605	1	6
65	608	1	6
262	608	1	6
281	608	1	6
283	608	1	6
194	610	1	6
239	610	1	6
280	610	1	6
281	610	1	6
306	610	1	6
405	610	1	6
413	610	1	6
194	611	1	6
380	611	1	6
206	618	1	6
244	618	1	6
206	619	1	6
244	619	1	6
15	620	1	6
46	620	1	6
126	620	1	6
141	620	2	6
164	620	1	6
200	620	1	6
201	620	1	6
203	620	1	6
212	620	1	6
244	620	1	6
401	620	1	6
239	622	1	6
250	622	1	6
286	622	1	6
351	622	1	6
380	622	1	6
414	622	1	6
172	646	1	6
239	646	1	6
265	647	1	6
411	649	1	6
73	655	1	6
239	655	1	6
387	655	1	6
234	669	1	6
22	678	1	6
397	678	1	6
131	699	1	6
26	700	1	6
158	700	1	6
224	700	1	6
387	700	1	6
43	714	1	6
194	714	1	6
122	720	1	6
131	720	1	6
231	720	2	6
293	720	1	6
380	720	1	6
91	748	1	6
98	748	1	6
202	748	1	6
209	768	1	6
290	768	1	6
413	768	1	6
293	774	1	6
133	775	1	6
227	775	1	6
89	781	1	6
209	781	1	6
290	781	1	6
413	781	1	6
73	788	1	6
201	788	2	6
404	798	1	6
64	799	1	6
99	799	4	6
166	799	1	6
405	799	1	6
194	801	1	6
298	806	1	6
398	806	1	6
437	806	1	6
290	809	1	6
18	810	1	6
258	810	1	6
234	816	1	6
194	821	1	6
53	832	1	6
392	832	2	6
412	832	1	6
436	832	1	6
350	836	1	6
141	837	2	6
293	837	1	6
399	837	1	6
415	837	1	6
49	841	1	6
194	841	1	6
280	841	1	6
430	843	1	6
53	844	1	6
281	844	1	6
131	845	1	6
191	845	1	6
332	845	1	6
380	845	1	6
187	850	1	6
388	850	1	6
153	856	1	6
265	858	1	6
104	861	1	6
191	861	1	6
185	864	1	6
194	865	1	6
217	868	1	6
350	868	1	6
105	883	1	6
176	883	1	6
260	883	1	6
337	883	1	6
379	883	1	6
337	884	1	6
350	892	1	6
26	909	1	6
275	909	1	6
49	911	1	6
89	911	1	6
194	911	1	6
194	919	1	6
312	919	1	6
194	920	1	6
434	920	1	6
76	928	1	6
29	933	1	6
130	933	1	6
202	933	1	6
270	933	1	6
200	934	1	6
201	934	1	6
306	934	1	6
396	934	1	6
399	934	1	6
105	935	1	6
160	935	1	6
248	935	1	6
361	935	1	6
60	937	1	6
145	937	1	6
244	937	1	6
3	941	1	6
43	941	1	6
240	941	1	6
387	941	1	6
94	955	1	6
346	955	1	6
147	965	1	6
239	965	1	6
265	965	1	6
280	965	1	6
49	975	1	6
94	975	1	6
116	975	1	6
194	975	1	6
280	975	1	6
156	988	1	6
341	988	1	6
194	989	1	6
244	989	1	6
260	989	1	6
124	990	2	6
185	990	1	6
201	990	1	6
239	990	1	6
347	990	1	6
1	991	1	6
69	991	1	6
185	991	1	6
201	991	1	6
156	995	1	6
177	995	1	6
346	1002	1	6
65	1005	1	6
71	1005	1	6
266	1005	1	6
341	1005	1	6
258	1007	1	6
270	1007	1	6
323	1008	1	6
406	1008	1	6
36	1010	1	6
387	1010	1	6
36	1013	1	6
165	1013	1	6
239	1013	1	6
323	1013	1	6
387	1013	1	6
36	1015	1	6
162	1015	1	6
323	1015	1	6
387	1015	2	6
280	1017	1	6
405	1017	1	6
149	1019	1	6
345	1020	1	6
90	1021	1	6
165	1024	1	6
258	1024	1	6
265	1028	1	6
171	1039	1	6
256	1039	1	6
406	1039	1	6
242	1046	1	6
290	1046	1	6
115	1048	1	6
194	1048	1	6
239	1048	1	6
222	1064	1	6
403	1064	1	6
191	1071	1	6
293	1071	1	6
349	1071	1	6
150	1090	1	6
281	1090	1	6
392	1090	1	6
421	1090	1	6
362	1092	1	6
195	1111	1	6
225	1111	1	6
396	1111	1	6
423	1111	1	6
433	1111	1	6
230	1123	1	6
270	1123	1	6
15	1135	1	6
89	1135	1	6
136	1135	1	6
322	1135	1	6
367	1135	1	6
201	1142	2	6
352	1142	1	6
353	1142	1	6
148	1146	1	6
121	1157	1	6
194	1157	1	6
334	1157	1	6
372	1157	1	6
23	1162	1	6
112	1162	1	6
25	1165	1	6
49	1165	2	6
194	1165	1	6
269	1165	2	6
356	1165	1	6
370	1165	1	6
392	1165	1	6
65	1169	1	6
194	1169	1	6
387	1169	1	6
239	1184	1	6
68	1186	1	6
115	1186	1	6
176	1190	1	6
239	1190	1	6
275	1209	1	6
277	1211	1	6
188	1214	1	6
410	1214	1	6
49	1216	1	6
58	1216	1	6
116	1216	1	6
194	1216	1	6
280	1216	1	6
193	1222	1	6
258	1222	1	6
267	1222	1	6
300	1222	1	6
380	1222	1	6
188	1223	1	6
216	1223	1	6
280	1225	1	6
312	1225	1	6
92	1227	1	6
216	1227	1	6
226	1227	1	6
244	1227	1	6
268	1227	1	6
380	1227	1	6
405	1227	1	6
70	1230	1	6
155	1230	1	6
194	1230	1	6
156	1265	1	6
174	1265	1	6
268	1274	1	6
70	1286	1	6
302	1286	1	6
358	1286	1	6
31	1300	1	6
158	1300	1	6
299	1300	1	6
336	1300	1	6
244	1306	1	6
281	1306	1	6
293	1306	1	6
325	1306	1	6
394	1306	1	6
268	1309	1	6
194	1337	1	6
380	1357	1	6
172	1360	1	6
323	1360	1	6
426	1360	1	6
258	1364	1	6
177	1366	1	6
257	1366	1	6
95	1376	1	6
194	1376	1	6
322	1392	1	6
277	1393	1	6
415	1412	1	6
145	1440	1	6
131	1445	1	6
194	1445	1	6
263	1445	1	6
289	1445	1	6
403	1445	1	6
55	1452	1	6
132	1452	1	6
217	1452	1	6
194	1463	1	6
341	1465	1	6
166	1475	1	6
115	1501	1	6
193	1501	1	6
260	1501	1	6
303	1501	1	6
337	1501	2	6
275	1502	1	6
375	1507	1	6
433	1507	1	6
194	1508	1	6
336	1508	1	6
153	1509	1	6
244	1509	1	6
195	1510	1	6
355	1510	1	6
39	1513	1	6
68	1513	1	6
153	1522	1	6
403	1522	1	6
50	1525	1	6
147	1525	1	6
179	1525	1	6
175	1527	1	6
369	1527	1	6
194	1531	1	6
297	1531	1	6
229	1532	1	6
233	1532	1	6
6	1540	1	6
428	1543	1	6
194	1546	1	6
372	1546	1	6
27	1552	1	6
102	1570	1	6
181	1570	1	6
194	1570	1	6
278	1570	1	6
372	1570	1	6
315	1579	1	6
405	1579	1	6
270	1608	1	6
380	1608	1	6
397	1608	1	6
153	1624	1	6
124	1627	1	6
126	1627	1	6
200	1627	1	6
70	1632	1	6
268	1632	1	6
102	1691	1	6
116	1691	1	6
194	1691	1	6
343	1707	1	6
217	1715	1	6
188	1717	1	6
194	1722	1	6
339	1733	1	6
137	1739	1	6
5	1741	1	6
327	1741	1	6
387	1741	1	6
405	1741	2	6
226	1743	1	6
260	1743	1	6
387	1743	1	6
244	1754	1	6
284	1754	1	6
388	1754	1	6
36	1769	1	6
380	1769	1	6
149	1770	1	6
426	1770	1	6
428	1770	1	6
186	1775	1	6
194	1775	1	6
292	1775	1	6
346	1775	1	6
3	1777	1	6
398	1777	1	6
427	1777	1	6
1	1789	1	6
95	1789	1	6
298	1789	1	6
311	1789	1	6
399	1789	1	6
63	1792	1	6
415	1792	1	6
27	1798	1	6
279	1798	1	6
131	1799	1	6
318	1806	1	6
149	1811	1	6
239	1811	1	6
359	1811	1	6
307	1812	1	6
404	1812	1	6
390	1813	1	6
52	1828	1	6
143	1828	1	6
160	1828	1	6
188	1828	1	6
390	1828	1	6
194	1834	1	6
252	1834	1	6
338	1834	1	6
380	1834	1	6
415	1834	1	6
194	1836	1	6
266	1836	1	6
285	1836	2	6
380	1836	1	6
410	1836	1	6
58	1853	1	6
94	1853	1	6
102	1853	3	6
127	1853	1	6
194	1853	1	6
221	1853	1	6
238	1853	1	6
243	1853	1	6
286	1853	1	6
327	1853	1	6
136	1867	1	6
70	1868	1	6
262	1868	1	6
380	1868	1	6
49	1887	1	6
75	1887	1	6
193	1887	1	6
194	1887	1	6
270	1887	1	6
281	1887	1	6
413	1887	1	6
27	1898	1	6
279	1898	1	6
147	1900	1	6
179	1900	1	6
255	1900	1	6
361	1900	1	6
194	1907	1	6
207	1907	1	6
396	1907	1	6
193	1920	1	6
58	1940	1	6
254	1940	1	6
58	1941	1	6
94	1941	1	6
102	1941	3	6
127	1941	1	6
194	1941	1	6
221	1941	1	6
238	1941	1	6
243	1941	1	6
286	1941	1	6
327	1941	1	6
55	1943	1	6
112	1943	1	6
185	1943	1	6
421	1943	1	6
423	1943	1	6
233	1944	1	6
396	1944	1	6
427	1944	1	6
380	1945	1	6
187	1948	1	6
193	1948	1	6
196	1948	1	6
415	1948	1	6
437	1948	1	6
55	1953	1	6
215	1953	3	6
227	1953	1	6
293	1953	1	6
361	1953	1	6
143	1959	1	6
186	1959	1	6
258	1959	1	6
355	1959	1	6
34	1969	1	6
408	1969	1	6
194	1975	1	6
25	1980	1	6
194	1980	1	6
405	1980	1	6
5	1985	1	6
18	1985	1	6
97	1985	1	6
143	1985	2	6
156	1985	1	6
405	1985	1	6
343	1993	1	6
145	1996	1	6
390	2004	1	6
397	2004	1	6
166	2052	2	6
313	2052	1	6
17	2055	1	6
244	2055	1	6
314	2056	1	6
235	2066	1	6
304	2067	1	6
268	2070	1	6
176	2078	1	6
201	2078	1	6
293	2078	1	6
296	2078	1	6
115	2081	1	6
344	2081	1	6
403	2081	1	6
138	2090	1	6
247	2090	1	6
380	2090	1	6
72	2091	1	6
154	2091	1	6
198	2091	1	6
293	2091	1	6
18	2094	1	6
258	2094	1	6
217	2098	1	6
349	2098	1	6
405	2098	1	6
194	2117	1	6
239	2117	1	6
371	2117	1	6
318	2127	1	6
301	2133	1	6
390	2133	1	6
105	2149	1	6
141	2149	1	6
293	2149	2	6
398	2149	1	6
400	2149	1	6
405	2149	1	6
415	2149	1	6
24	2150	1	6
387	2150	1	6
55	2151	1	6
28	2152	1	6
288	2152	1	6
29	2157	1	6
192	2157	1	6
28	2160	1	6
194	2161	1	6
285	2161	1	6
188	2166	1	6
194	2166	1	6
194	2167	1	6
285	2167	1	6
297	2167	1	6
18	2172	1	6
31	2172	1	6
157	2172	1	6
167	2172	1	6
244	2172	1	6
380	2172	1	6
235	2192	1	6
380	2192	1	6
18	2197	1	6
55	2197	1	6
194	2197	1	6
244	2197	1	6
410	2197	1	6
147	2199	1	6
286	2207	1	6
8	2238	1	6
19	2238	1	6
176	2238	1	6
380	2238	1	6
58	2242	1	6
94	2242	1	6
102	2242	3	6
127	2242	1	6
194	2242	1	6
221	2242	1	6
238	2242	1	6
243	2242	1	6
286	2242	1	6
327	2242	1	6
225	2248	1	6
314	2248	1	6
194	2249	1	6
285	2249	1	6
71	2258	1	6
265	2258	1	6
93	319	1	7
329	319	1	7
239	321	1	7
80	357	1	7
128	357	1	7
424	357	1	7
48	363	1	7
309	363	1	7
311	363	1	7
32	893	2	7
138	893	1	7
194	893	1	7
44	1195	1	7
55	1195	1	7
166	1195	1	7
296	1195	1	7
387	1195	1	7
405	1195	1	7
4	1207	2	7
116	1245	1	7
194	1245	1	7
300	1245	1	7
438	1245	1	7
49	1278	1	7
173	1278	1	7
194	1278	1	7
231	1278	1	7
171	1348	1	7
358	1348	1	7
428	1348	1	7
62	1371	1	7
110	1371	1	7
116	1371	1	7
155	1371	1	7
194	1371	1	7
319	1371	1	7
62	1464	1	7
110	1464	1	7
116	1464	1	7
155	1464	1	7
194	1464	1	7
319	1464	1	7
62	1487	1	7
110	1487	1	7
116	1487	1	7
155	1487	1	7
194	1487	1	7
319	1487	1	7
62	1548	1	7
110	1548	1	7
116	1548	1	7
155	1548	1	7
194	1548	1	7
319	1548	1	7
303	1597	1	7
352	1597	1	7
429	1597	1	7
3	1618	1	7
187	1618	3	7
256	1618	1	7
311	1618	1	7
406	1618	1	7
430	1618	1	7
4	1673	1	7
11	1673	1	7
50	1676	1	7
226	1678	1	7
158	1977	1	7
280	1977	1	7
286	1977	2	7
356	1977	2	7
23	1988	1	7
51	1988	1	7
157	1988	1	7
216	1988	1	7
305	1988	1	7
129	1991	1	7
153	1991	1	7
173	1991	1	7
186	1991	1	7
244	1991	1	7
280	1991	1	7
380	1991	1	7
51	1994	1	7
280	1994	1	7
286	1994	1	7
51	2000	1	7
217	2000	1	7
51	2002	1	7
226	2002	1	7
31	2010	1	7
153	2010	1	7
164	2010	1	7
217	2010	1	7
45	2143	1	7
160	2143	1	7
216	2143	1	7
329	2143	1	7
415	2143	1	7
382	2153	1	7
405	2153	1	7
415	2153	1	7
3	2154	1	7
166	2154	1	7
248	2154	1	7
405	2154	1	7
49	2254	2	7
194	2254	1	7
280	2254	1	7
10	9	1	8
194	9	1	8
277	9	1	8
280	9	1	8
16	28	1	8
194	28	1	8
393	28	1	8
163	38	1	8
194	38	1	8
327	38	1	8
182	43	1	8
194	43	1	8
205	43	1	8
280	43	1	8
194	46	1	8
269	46	1	8
280	46	1	8
312	46	1	8
370	46	1	8
392	46	1	8
35	47	1	8
101	47	1	8
109	47	1	8
120	47	1	8
194	47	1	8
297	47	1	8
30	55	1	8
109	55	1	8
159	55	1	8
194	55	1	8
286	55	1	8
328	55	1	8
393	55	1	8
417	55	1	8
20	56	1	8
190	56	1	8
194	56	1	8
280	56	1	8
312	56	1	8
181	59	1	8
194	59	1	8
231	59	1	8
286	59	1	8
321	59	1	8
244	61	1	8
194	85	1	8
280	85	1	8
182	111	1	8
194	111	1	8
205	111	1	8
280	111	1	8
10	120	1	8
20	120	1	8
54	120	1	8
190	120	2	8
194	120	1	8
243	120	1	8
281	120	1	8
10	133	1	8
20	133	1	8
54	133	1	8
190	133	2	8
194	133	1	8
243	133	1	8
281	133	1	8
181	146	1	8
194	146	1	8
231	146	1	8
286	146	1	8
321	146	1	8
84	172	1	8
182	172	1	8
194	172	1	8
205	172	1	8
244	172	1	8
280	172	1	8
30	263	1	8
194	263	1	8
335	263	1	8
27	271	1	8
35	271	1	8
101	271	1	8
167	271	1	8
194	271	1	8
380	271	1	8
406	271	1	8
193	277	1	8
194	277	1	8
283	277	1	8
415	277	1	8
194	287	1	8
30	288	1	8
173	288	1	8
194	288	1	8
292	288	1	8
190	313	1	8
194	313	1	8
243	313	1	8
10	356	1	8
133	356	1	8
194	356	1	8
429	356	1	8
196	360	1	8
293	360	1	8
294	360	1	8
65	364	1	8
83	364	1	8
194	364	1	8
221	365	1	8
109	366	1	8
194	367	1	8
386	367	1	8
16	371	1	8
159	371	1	8
194	371	1	8
232	371	1	8
328	371	1	8
393	371	1	8
417	371	1	8
42	377	1	8
305	377	1	8
157	386	1	8
194	386	1	8
265	386	1	8
380	386	2	8
405	386	1	8
16	388	1	8
66	388	1	8
194	388	1	8
232	388	1	8
393	388	1	8
417	388	1	8
38	389	1	8
201	389	2	8
233	389	1	8
379	389	1	8
217	392	1	8
360	392	1	8
379	393	1	8
380	393	1	8
160	395	1	8
194	397	1	8
248	397	1	8
233	402	1	8
411	404	1	8
185	405	1	8
258	405	1	8
331	405	1	8
185	407	1	8
331	407	1	8
152	408	1	8
174	408	1	8
231	408	1	8
233	408	1	8
81	409	1	8
131	409	1	8
196	409	1	8
257	409	1	8
315	409	1	8
361	409	1	8
405	409	1	8
105	410	2	8
149	410	2	8
293	410	1	8
233	411	1	8
201	412	1	8
258	412	1	8
338	412	1	8
406	414	1	8
130	417	1	8
379	417	1	8
397	417	2	8
430	417	1	8
201	418	1	8
266	418	1	8
388	418	1	8
196	420	1	8
360	420	1	8
379	420	1	8
420	420	1	8
41	421	1	8
405	421	1	8
439	421	1	8
188	422	1	8
406	422	1	8
18	423	1	8
89	423	1	8
168	423	1	8
399	424	1	8
411	424	1	8
153	442	1	8
10	443	1	8
35	443	1	8
101	443	1	8
194	443	1	8
269	443	1	8
370	443	1	8
201	445	1	8
437	445	1	8
152	447	1	8
79	451	1	8
128	451	1	8
204	451	1	8
281	451	1	8
324	451	1	8
387	451	1	8
437	458	1	8
244	459	1	8
258	459	1	8
10	470	1	8
166	470	1	8
192	470	1	8
342	470	1	8
204	475	1	8
246	475	1	8
281	475	1	8
304	475	1	8
324	475	1	8
325	475	1	8
389	475	1	8
176	498	1	8
10	525	1	8
194	525	1	8
286	525	1	8
413	525	1	8
171	526	1	8
194	526	1	8
419	541	1	8
436	541	1	8
69	548	1	8
70	548	1	8
164	548	1	8
230	548	1	8
270	548	1	8
406	548	1	8
413	548	1	8
60	571	1	8
105	571	1	8
131	571	1	8
106	572	1	8
176	572	1	8
178	572	1	8
229	573	1	8
379	583	1	8
201	584	1	8
60	585	1	8
105	585	1	8
225	585	1	8
28	587	1	8
43	588	1	8
105	588	1	8
216	588	1	8
337	588	1	8
217	591	1	8
342	591	1	8
344	591	1	8
95	592	1	8
153	592	1	8
258	592	1	8
371	592	1	8
390	592	1	8
408	592	1	8
360	597	1	8
76	602	1	8
201	602	1	8
244	607	1	8
419	607	1	8
93	621	1	8
380	621	1	8
233	628	1	8
418	628	1	8
194	631	1	8
269	631	1	8
280	631	1	8
312	631	1	8
370	631	1	8
392	631	1	8
77	637	1	8
194	637	1	8
312	637	1	8
77	640	1	8
194	640	1	8
304	640	1	8
312	640	1	8
387	640	1	8
233	651	1	8
307	651	1	8
347	651	1	8
10	660	1	8
13	660	1	8
194	660	1	8
265	660	1	8
29	665	1	8
132	665	1	8
156	665	1	8
244	665	1	8
302	667	1	8
275	668	1	8
322	668	1	8
172	672	1	8
241	672	1	8
380	672	1	8
275	684	1	8
63	685	1	8
98	685	1	8
166	685	1	8
225	685	1	8
289	685	1	8
123	686	1	8
26	689	1	8
63	689	1	8
322	689	1	8
131	691	1	8
399	691	1	8
63	692	1	8
151	703	1	8
194	703	1	8
209	703	1	8
352	703	1	8
353	744	1	8
62	756	1	8
110	756	1	8
155	756	1	8
194	756	1	8
238	756	1	8
182	759	2	8
194	759	1	8
205	759	2	8
280	759	2	8
33	770	1	8
120	770	1	8
157	770	1	8
358	770	1	8
372	770	1	8
380	770	1	8
398	770	1	8
402	770	1	8
358	771	1	8
182	779	2	8
194	779	1	8
205	779	2	8
280	779	1	8
64	789	1	8
368	789	1	8
380	789	1	8
194	800	1	8
312	800	1	8
331	800	1	8
10	826	1	8
72	826	1	8
75	826	1	8
193	826	1	8
194	826	1	8
280	826	1	8
438	826	1	8
131	828	1	8
384	848	1	8
5	849	1	8
170	849	1	8
194	849	1	8
277	849	1	8
384	851	1	8
170	857	1	8
194	857	1	8
277	857	1	8
170	863	1	8
194	863	1	8
277	863	1	8
5	869	1	8
26	869	1	8
43	869	1	8
5	886	1	8
244	886	1	8
277	886	1	8
10	899	1	8
77	899	1	8
194	899	1	8
280	899	1	8
312	899	1	8
281	904	1	8
411	904	1	8
167	905	1	8
178	905	1	8
209	905	1	8
244	905	1	8
304	905	1	8
434	905	1	8
106	915	1	8
225	915	1	8
194	917	1	8
280	917	1	8
312	917	1	8
10	921	1	8
153	921	1	8
171	921	1	8
312	921	1	8
408	921	1	8
163	931	1	8
183	931	1	8
430	931	1	8
380	942	1	8
413	942	1	8
77	943	1	8
194	943	1	8
312	943	1	8
406	952	1	8
372	957	1	8
73	963	1	8
201	963	1	8
233	963	1	8
311	970	1	8
405	970	1	8
10	984	1	8
149	984	1	8
194	984	1	8
244	984	1	8
298	984	1	8
305	987	1	8
307	987	1	8
116	992	1	8
182	992	1	8
194	992	1	8
205	992	1	8
280	992	1	8
182	993	1	8
205	993	1	8
280	993	1	8
303	993	1	8
194	998	1	8
194	1006	1	8
204	1006	1	8
269	1006	2	8
281	1006	1	8
312	1006	1	8
370	1006	1	8
315	1041	1	8
82	1056	1	8
82	1057	1	8
82	1058	1	8
61	1061	1	8
72	1061	1	8
194	1061	1	8
280	1061	1	8
285	1061	1	8
438	1061	2	8
194	1093	1	8
334	1093	1	8
361	1093	1	8
13	1105	1	8
141	1105	1	8
312	1105	1	8
364	1105	1	8
36	1108	1	8
56	1108	1	8
74	1108	1	8
194	1108	1	8
231	1108	1	8
300	1108	1	8
354	1108	1	8
438	1108	1	8
411	1110	1	8
173	1124	1	8
254	1124	1	8
317	1124	1	8
19	1132	1	8
55	1132	1	8
172	1132	1	8
176	1132	1	8
296	1132	1	8
76	1138	1	8
329	1138	1	8
387	1138	1	8
18	1145	1	8
168	1145	1	8
149	1147	1	8
384	1147	1	8
40	1150	1	8
45	1150	1	8
153	1150	1	8
194	1150	1	8
314	1150	1	8
173	1154	1	8
182	1154	1	8
194	1154	1	8
205	1154	1	8
280	1154	1	8
430	1155	1	8
47	1158	1	8
194	1158	1	8
221	1158	1	8
327	1158	1	8
280	1173	1	8
384	1173	1	8
78	1185	1	8
194	1185	1	8
364	1185	1	8
166	1192	1	8
194	1192	1	8
242	1192	1	8
302	1192	1	8
313	1192	2	8
322	1192	1	8
380	1192	1	8
50	1200	1	8
30	1205	1	8
41	1205	1	8
10	1238	1	8
74	1238	1	8
194	1238	1	8
280	1238	1	8
298	1238	1	8
354	1238	1	8
438	1238	1	8
107	1239	1	8
10	1242	1	8
131	1242	1	8
194	1242	1	8
334	1242	1	8
182	1248	1	8
194	1248	1	8
205	1248	1	8
280	1248	1	8
76	1282	1	8
234	1282	1	8
140	1287	1	8
201	1287	1	8
267	1287	1	8
281	1287	1	8
347	1287	1	8
367	1287	1	8
403	1287	1	8
426	1287	1	8
200	1292	1	8
381	1292	1	8
194	1304	1	8
258	1304	1	8
293	1304	1	8
350	1304	1	8
429	1304	1	8
438	1304	1	8
1	1313	1	8
76	1313	1	8
234	1313	1	8
362	1313	1	8
394	1313	1	8
173	1315	1	8
194	1315	1	8
425	1315	1	8
131	1321	1	8
136	1321	1	8
293	1321	1	8
237	1323	1	8
171	1329	1	8
131	1331	1	8
230	1331	1	8
60	1332	1	8
345	1332	1	8
410	1332	1	8
239	1335	1	8
25	1338	1	8
311	1339	1	8
405	1339	1	8
39	1346	1	8
235	1346	1	8
380	1346	1	8
380	1351	1	8
18	1353	1	8
247	1358	1	8
380	1358	1	8
415	1358	1	8
230	1367	1	8
315	1367	1	8
317	1367	1	8
364	1367	1	8
10	1372	1	8
194	1372	1	8
392	1372	1	8
433	1374	1	8
72	1381	1	8
438	1381	1	8
71	1385	1	8
78	1385	1	8
194	1385	1	8
372	1385	1	8
194	1387	1	8
280	1387	1	8
71	1390	1	8
78	1390	1	8
194	1390	1	8
372	1390	1	8
176	1403	1	8
194	1403	1	8
208	1416	1	8
86	1421	1	8
240	1421	1	8
326	1421	1	8
332	1421	1	8
387	1421	1	8
418	1421	2	8
41	1441	1	8
109	1441	1	8
194	1441	1	8
205	1441	1	8
207	1441	1	8
10	1444	1	8
194	1444	1	8
280	1444	1	8
170	1451	1	8
194	1451	1	8
281	1451	1	8
384	1453	1	8
28	1459	1	8
223	1459	1	8
293	1459	1	8
313	1459	1	8
398	1459	1	8
304	1468	1	8
52	1471	1	8
97	1471	1	8
182	1471	1	8
205	1471	1	8
10	1477	1	8
194	1477	1	8
244	1477	1	8
355	1477	1	8
372	1477	1	8
374	1477	1	8
182	1492	1	8
194	1492	1	8
205	1492	1	8
280	1492	1	8
314	1492	1	8
194	1493	1	8
221	1493	1	8
244	1493	1	8
293	1493	1	8
387	1493	1	8
193	1500	1	8
194	1500	1	8
194	1524	1	8
224	1524	1	8
372	1524	1	8
76	1538	1	8
387	1538	1	8
91	1542	1	8
166	1542	1	8
194	1542	1	8
229	1542	1	8
91	1545	1	8
280	1545	1	8
302	1547	1	8
113	1551	1	8
281	1551	1	8
304	1551	1	8
389	1551	1	8
182	1558	1	8
194	1558	1	8
205	1558	1	8
280	1558	1	8
25	1576	1	8
194	1576	1	8
278	1576	1	8
405	1576	1	8
365	1595	1	8
10	1598	1	8
35	1598	1	8
101	1598	1	8
188	1598	1	8
194	1598	1	8
269	1598	1	8
370	1598	1	8
374	1598	1	8
63	1609	1	8
194	1610	1	8
79	1611	1	8
361	1611	1	8
79	1617	1	8
325	1617	1	8
128	1629	1	8
229	1629	1	8
231	1629	1	8
194	1631	1	8
380	1631	1	8
47	1635	1	8
80	1635	1	8
116	1635	1	8
194	1635	1	8
380	1635	1	8
31	1637	1	8
119	1637	1	8
136	1637	1	8
194	1637	1	8
278	1637	1	8
5	1655	1	8
79	1655	1	8
209	1655	1	8
10	1686	1	8
13	1686	1	8
194	1686	1	8
297	1686	1	8
307	1686	1	8
79	1692	1	8
367	1692	1	8
91	1699	1	8
119	1699	1	8
194	1699	1	8
218	1699	1	8
380	1699	1	8
194	1700	1	8
298	1700	1	8
281	1708	1	8
91	1729	1	8
136	1729	1	8
194	1729	1	8
149	1734	1	8
159	1734	1	8
194	1734	1	8
277	1734	1	8
321	1734	1	8
405	1734	1	8
182	1748	1	8
194	1748	1	8
205	1748	1	8
280	1748	1	8
415	1753	1	8
19	1758	1	8
42	1758	1	8
258	1758	1	8
109	1759	1	8
194	1759	1	8
416	1759	1	8
388	1761	1	8
270	1765	1	8
415	1765	1	8
293	1766	1	8
194	1771	1	8
378	1771	2	8
194	1783	1	8
194	1801	1	8
290	1801	1	8
434	1801	1	8
107	1802	1	8
161	1802	1	8
194	1802	1	8
270	1802	1	8
292	1802	1	8
391	1802	1	8
432	1802	1	8
107	1805	1	8
161	1805	1	8
194	1805	1	8
270	1805	1	8
292	1805	1	8
391	1805	1	8
432	1805	1	8
107	1807	1	8
161	1807	1	8
194	1807	1	8
270	1807	1	8
292	1807	1	8
391	1807	1	8
432	1807	1	8
107	1809	1	8
161	1809	1	8
194	1809	1	8
270	1809	1	8
292	1809	1	8
391	1809	1	8
432	1809	1	8
107	1810	1	8
161	1810	1	8
194	1810	1	8
270	1810	1	8
292	1810	1	8
391	1810	1	8
432	1810	1	8
75	1814	1	8
188	1814	1	8
224	1814	1	8
359	1814	1	8
107	1816	1	8
161	1816	1	8
194	1816	1	8
270	1816	1	8
292	1816	1	8
350	1816	1	8
432	1816	1	8
107	1818	1	8
161	1818	1	8
194	1818	1	8
270	1818	1	8
292	1818	1	8
350	1818	1	8
432	1818	1	8
107	1819	1	8
161	1819	1	8
194	1819	1	8
270	1819	1	8
292	1819	1	8
350	1819	1	8
432	1819	1	8
107	1822	1	8
161	1822	1	8
194	1822	1	8
270	1822	1	8
292	1822	1	8
350	1822	1	8
432	1822	1	8
107	1823	1	8
161	1823	1	8
194	1823	1	8
270	1823	1	8
292	1823	1	8
350	1823	1	8
432	1823	1	8
107	1825	1	8
161	1825	1	8
194	1825	1	8
270	1825	1	8
292	1825	1	8
350	1825	1	8
432	1825	1	8
107	1827	1	8
161	1827	1	8
194	1827	1	8
270	1827	1	8
292	1827	1	8
350	1827	1	8
432	1827	1	8
107	1830	1	8
161	1830	1	8
194	1830	1	8
270	1830	1	8
292	1830	1	8
350	1830	1	8
432	1830	1	8
116	1831	1	8
191	1831	1	8
194	1831	1	8
314	1831	1	8
390	1831	2	8
107	1832	1	8
161	1832	1	8
194	1832	1	8
270	1832	1	8
292	1832	1	8
350	1832	1	8
432	1832	1	8
107	1835	1	8
161	1835	1	8
194	1835	1	8
270	1835	1	8
292	1835	1	8
350	1835	1	8
432	1835	1	8
107	1837	1	8
161	1837	1	8
194	1837	1	8
270	1837	1	8
292	1837	1	8
350	1837	1	8
432	1837	1	8
107	1839	1	8
161	1839	1	8
194	1839	1	8
270	1839	1	8
292	1839	1	8
350	1839	1	8
432	1839	1	8
107	1841	1	8
161	1841	1	8
194	1841	1	8
270	1841	1	8
292	1841	1	8
350	1841	1	8
432	1841	1	8
107	1842	1	8
161	1842	1	8
194	1842	1	8
270	1842	1	8
292	1842	1	8
350	1842	1	8
432	1842	1	8
107	1846	1	8
161	1846	1	8
194	1846	1	8
270	1846	1	8
292	1846	1	8
350	1846	1	8
432	1846	1	8
107	1847	1	8
161	1847	1	8
194	1847	1	8
270	1847	1	8
292	1847	1	8
350	1847	1	8
432	1847	1	8
107	1848	1	8
161	1848	1	8
194	1848	1	8
270	1848	1	8
292	1848	1	8
350	1848	1	8
432	1848	1	8
107	1851	1	8
161	1851	1	8
194	1851	1	8
270	1851	1	8
292	1851	1	8
350	1851	1	8
432	1851	1	8
107	1855	1	8
161	1855	1	8
194	1855	1	8
270	1855	1	8
292	1855	1	8
350	1855	1	8
432	1855	1	8
107	1857	1	8
161	1857	1	8
194	1857	1	8
270	1857	1	8
292	1857	1	8
350	1857	1	8
432	1857	1	8
107	1858	1	8
161	1858	1	8
194	1858	1	8
270	1858	1	8
292	1858	1	8
350	1858	1	8
432	1858	1	8
109	1859	1	8
159	1859	1	8
194	1859	1	8
232	1859	1	8
328	1859	1	8
355	1859	1	8
393	1859	1	8
417	1859	1	8
107	1860	1	8
161	1860	1	8
194	1860	1	8
270	1860	1	8
292	1860	1	8
350	1860	1	8
432	1860	1	8
107	1861	1	8
161	1861	1	8
194	1861	1	8
270	1861	1	8
292	1861	1	8
350	1861	1	8
432	1861	1	8
433	1861	1	8
107	1862	1	8
161	1862	1	8
194	1862	1	8
270	1862	1	8
292	1862	1	8
350	1862	1	8
432	1862	1	8
107	1865	1	8
161	1865	1	8
194	1865	1	8
270	1865	1	8
292	1865	1	8
350	1865	1	8
432	1865	1	8
107	1869	1	8
161	1869	1	8
194	1869	1	8
270	1869	1	8
292	1869	1	8
350	1869	1	8
432	1869	1	8
118	1872	1	8
187	1872	1	8
299	1872	1	8
337	1872	1	8
361	1872	1	8
375	1872	1	8
107	1873	1	8
161	1873	1	8
194	1873	1	8
270	1873	1	8
292	1873	1	8
350	1873	1	8
432	1873	1	8
107	1875	1	8
161	1875	1	8
194	1875	1	8
270	1875	1	8
292	1875	1	8
350	1875	1	8
432	1875	1	8
107	1876	1	8
161	1876	1	8
194	1876	1	8
270	1876	1	8
292	1876	1	8
350	1876	1	8
432	1876	1	8
194	1877	1	8
231	1877	1	8
278	1877	1	8
286	1877	1	8
327	1877	1	8
107	1879	1	8
161	1879	1	8
194	1879	1	8
270	1879	1	8
292	1879	1	8
350	1879	1	8
432	1879	1	8
107	1881	1	8
161	1881	1	8
194	1881	1	8
270	1881	1	8
292	1881	1	8
350	1881	1	8
432	1881	1	8
107	1884	1	8
161	1884	1	8
194	1884	1	8
270	1884	1	8
292	1884	1	8
350	1884	1	8
432	1884	1	8
107	1886	1	8
161	1886	1	8
194	1886	1	8
270	1886	1	8
292	1886	1	8
350	1886	1	8
432	1886	1	8
107	1888	1	8
161	1888	1	8
194	1888	1	8
270	1888	1	8
292	1888	1	8
350	1888	1	8
432	1888	1	8
107	1889	1	8
161	1889	1	8
194	1889	1	8
270	1889	1	8
292	1889	1	8
350	1889	1	8
432	1889	1	8
47	1893	1	8
97	1893	1	8
433	1893	1	8
10	1894	1	8
74	1894	1	8
194	1894	1	8
280	1894	1	8
298	1894	1	8
354	1894	1	8
438	1894	1	8
194	1902	1	8
231	1902	1	8
278	1902	1	8
286	1902	1	8
312	1902	1	8
327	1902	1	8
173	1934	1	8
277	1934	1	8
327	1934	1	8
156	1936	1	8
323	1936	1	8
34	1937	1	8
307	1937	1	8
401	1937	1	8
194	1938	1	8
170	1946	1	8
181	1946	1	8
194	1946	1	8
231	1946	1	8
286	1946	1	8
390	1946	1	8
34	1947	1	8
141	1947	3	8
401	1947	1	8
405	1947	1	8
380	1950	1	8
92	1954	1	8
194	1954	1	8
217	1954	1	8
124	1957	1	8
16	1958	1	8
109	1958	1	8
159	1958	1	8
194	1958	1	8
232	1958	1	8
328	1958	1	8
374	1958	1	8
393	1958	1	8
417	1958	1	8
10	1960	1	8
27	1960	1	8
194	1960	1	8
280	1960	1	8
194	1967	1	8
314	1967	1	8
10	1968	1	8
194	1968	1	8
216	1968	1	8
244	1968	1	8
380	1968	1	8
35	1970	1	8
101	1970	1	8
109	1970	1	8
194	1970	1	8
297	1970	1	8
129	1983	1	8
149	1983	1	8
194	1983	1	8
244	1983	1	8
194	1984	1	8
270	1984	1	8
351	1984	1	8
194	1992	1	8
314	1992	1	8
119	2013	1	8
174	2013	1	8
256	2013	1	8
321	2013	1	8
131	2019	1	8
380	2019	1	8
60	2020	1	8
118	2020	1	8
157	2020	1	8
179	2020	1	8
194	2020	1	8
233	2020	1	8
35	2021	1	8
101	2021	1	8
109	2021	1	8
194	2021	1	8
297	2021	1	8
321	2026	1	8
194	2034	1	8
283	2034	1	8
390	2034	1	8
182	2035	1	8
194	2035	1	8
205	2035	1	8
280	2035	1	8
226	2036	1	8
230	2036	1	8
382	2036	1	8
405	2036	1	8
415	2045	1	8
16	2051	1	8
143	2051	1	8
159	2051	1	8
194	2051	1	8
232	2051	1	8
328	2051	1	8
374	2051	1	8
393	2051	1	8
417	2051	1	8
186	2061	1	8
260	2061	1	8
296	2061	1	8
111	2062	1	8
260	2062	1	8
375	2062	1	8
149	2063	1	8
32	2065	1	8
35	2065	1	8
101	2065	1	8
109	2065	1	8
194	2065	1	8
297	2065	1	8
35	2075	1	8
101	2075	1	8
109	2075	1	8
194	2075	1	8
98	2077	1	8
194	2077	1	8
380	2077	1	8
390	2077	1	8
415	2077	1	8
111	2085	1	8
168	2085	1	8
76	2087	1	8
86	2087	1	8
295	2087	1	8
412	2087	1	8
194	2096	1	8
277	2096	1	8
10	2100	1	8
35	2100	1	8
109	2100	1	8
149	2100	1	8
194	2100	1	8
244	2100	1	8
149	2102	1	8
182	2102	1	8
194	2102	1	8
205	2102	1	8
280	2102	1	8
376	2102	1	8
55	2104	1	8
150	2104	1	8
295	2104	1	8
244	2107	1	8
325	2107	1	8
342	2107	1	8
157	2110	1	8
242	2110	1	8
339	2110	1	8
380	2110	1	8
255	2111	1	8
311	2111	1	8
19	2112	1	8
415	2112	1	8
422	2112	1	8
246	2113	1	8
389	2113	1	8
130	2114	1	8
149	2114	1	8
409	2114	1	8
134	2119	1	8
386	2119	1	8
244	2120	1	8
35	2121	1	8
101	2121	1	8
109	2121	1	8
194	2121	1	8
297	2121	1	8
244	2123	1	8
92	2125	1	8
194	2125	1	8
239	2125	1	8
260	2125	2	8
390	2128	1	8
12	2129	1	8
21	2129	1	8
439	2129	1	8
5	2132	1	8
194	2137	1	8
152	2138	1	8
230	2138	1	8
270	2138	1	8
285	2138	1	8
341	2138	1	8
357	2139	1	8
17	2141	1	8
222	2141	1	8
277	2141	1	8
153	2148	1	8
194	2148	1	8
307	2148	1	8
355	2148	2	8
374	2148	1	8
170	2155	1	8
194	2155	2	8
115	2183	1	8
184	2183	1	8
10	2186	1	8
149	2186	1	8
194	2186	1	8
244	2186	1	8
281	2186	1	8
35	2189	1	8
101	2189	1	8
109	2189	1	8
194	2189	1	8
297	2189	1	8
194	2191	1	8
307	2191	1	8
404	2191	1	8
178	2195	1	8
184	2195	1	8
242	2195	1	8
149	2198	1	8
307	2198	1	8
336	2198	1	8
339	2198	1	8
361	2198	1	8
380	2198	1	8
392	2198	1	8
293	2201	1	8
315	2201	1	8
287	2202	1	8
119	2205	1	8
149	2208	1	8
184	2208	1	8
218	2208	1	8
287	2208	1	8
184	2212	1	8
287	2212	1	8
373	2212	1	8
164	2214	1	8
184	2214	1	8
248	2214	1	8
287	2214	1	8
387	2214	1	8
157	2217	1	8
231	2217	1	8
280	2217	1	8
184	2218	1	8
257	2218	1	8
287	2218	1	8
194	2220	1	8
277	2220	1	8
358	2220	1	8
402	2220	1	8
244	2225	1	8
258	2225	1	8
55	2226	1	8
92	2226	1	8
156	2226	1	8
216	2226	1	8
277	2226	1	8
152	2228	1	8
194	2228	1	8
414	2228	1	8
258	2230	1	8
194	2236	1	8
231	2236	1	8
390	2243	1	8
403	2243	1	8
35	2244	1	8
101	2244	1	8
109	2244	1	8
194	2244	1	8
297	2244	1	8
170	2246	1	8
194	2246	1	8
94	2251	1	8
194	2251	1	8
178	2256	1	8
194	2256	1	8
315	2256	1	8
380	2256	1	8
217	2262	1	8
390	2262	1	8
25	2263	1	8
217	2263	1	8
270	2263	1	8
309	2263	1	8
390	2263	1	8
