50	1	1	0
220	1	1	0
227	1	1	0
445	1	1	0
480	3	1	0
276	7	1	0
446	7	1	0
68	9	1	0
220	9	1	0
366	9	1	0
445	12	1	0
197	13	1	0
220	13	1	0
445	13	1	0
4	16	1	0
20	16	1	0
380	17	1	0
420	18	1	0
429	18	1	0
82	30	1	0
171	30	1	0
480	30	1	0
406	31	1	0
455	31	1	0
370	41	1	0
373	41	1	0
458	41	1	0
19	42	1	0
220	42	1	0
348	51	1	0
180	53	1	0
184	64	1	0
305	64	1	0
403	64	1	0
421	64	1	0
445	64	1	0
221	70	1	0
220	92	1	0
275	92	1	0
455	92	1	0
399	162	1	0
143	163	1	0
184	163	1	0
220	163	1	0
276	163	1	0
324	163	1	0
399	163	1	0
455	163	1	0
104	164	1	0
150	164	1	0
196	164	1	0
412	164	1	0
66	165	1	0
500	165	1	0
189	169	1	0
201	170	1	0
361	170	1	0
483	173	1	0
490	173	1	0
183	176	1	0
419	176	1	0
220	179	1	0
275	179	1	0
184	195	1	0
27	198	1	0
198	198	1	0
220	198	1	0
248	201	1	0
376	201	3	0
220	202	1	0
346	202	1	0
270	204	1	0
354	204	1	0
489	204	1	0
276	205	1	0
311	205	1	0
343	205	1	0
503	205	1	0
124	206	1	0
122	208	1	0
383	208	1	0
387	208	1	0
495	208	1	0
4	211	1	0
156	211	1	0
341	211	1	0
259	214	1	0
276	214	1	0
20	219	1	0
126	221	1	0
166	221	1	0
268	221	1	0
495	221	1	0
166	222	1	0
209	222	1	0
404	222	1	0
456	222	1	0
67	226	1	0
479	226	1	0
417	227	1	0
366	229	1	0
493	229	1	0
220	231	1	0
408	231	1	0
243	235	1	0
179	238	1	0
203	238	1	0
337	238	1	0
410	238	1	0
6	240	1	0
337	240	2	0
445	240	2	0
175	247	1	0
176	250	1	0
445	250	1	0
76	257	1	0
183	257	1	0
187	257	1	0
270	257	1	0
292	257	2	0
341	257	1	0
445	257	1	0
195	259	1	0
220	259	1	0
260	259	1	0
337	259	1	0
391	259	1	0
10	261	1	0
445	261	1	0
124	264	1	0
217	264	1	0
449	264	1	0
339	267	1	0
342	274	1	0
251	276	1	0
342	276	1	0
360	276	1	0
410	276	1	0
445	276	1	0
212	277	1	0
337	282	1	0
402	282	1	0
217	283	1	0
273	283	1	0
298	283	1	0
30	292	1	0
270	292	1	0
483	292	1	0
441	293	1	0
209	300	1	0
367	300	1	0
374	300	1	0
220	307	1	0
382	307	1	0
508	307	1	0
270	308	1	0
491	308	1	0
31	327	1	0
395	327	1	0
46	331	1	0
220	332	1	0
187	338	1	0
421	338	1	0
445	338	1	0
151	352	1	0
86	356	1	0
220	356	1	0
275	356	1	0
213	362	1	0
389	362	1	0
132	368	1	0
509	368	1	0
21	372	1	0
386	372	1	0
487	372	1	0
35	373	1	0
52	374	1	0
93	374	1	0
294	374	1	0
131	375	6	0
202	377	1	0
386	377	1	0
409	377	1	0
487	377	1	0
488	377	1	0
385	378	1	0
386	378	2	0
446	379	1	0
483	379	1	0
19	380	1	0
270	380	1	0
324	380	1	0
406	380	1	0
445	380	1	0
220	381	1	0
275	381	1	0
371	381	1	0
426	382	1	0
495	382	1	0
406	384	1	0
455	384	1	0
511	384	1	0
237	385	1	0
479	385	1	0
501	385	1	0
237	387	1	0
154	389	1	0
195	389	1	0
196	389	1	0
220	389	1	0
237	389	1	0
319	389	1	0
196	390	1	0
237	390	1	0
260	390	1	0
225	392	1	0
237	392	1	0
6	393	1	0
129	393	1	0
237	393	1	0
270	393	1	0
406	393	1	0
150	394	1	0
319	394	1	0
237	398	1	0
270	398	2	0
64	400	1	0
237	400	1	0
336	401	1	0
52	402	1	0
150	402	1	0
220	402	1	0
324	402	1	0
109	406	2	0
152	406	1	0
215	406	1	0
237	406	1	0
321	406	1	0
365	409	1	0
483	409	1	0
324	410	1	0
479	410	1	0
135	411	1	0
294	411	1	0
511	411	1	0
116	415	1	0
511	415	1	0
271	417	1	0
151	418	1	0
271	418	1	0
109	420	1	0
276	420	1	0
294	420	1	0
304	420	1	0
30	421	1	0
109	421	1	0
152	421	1	0
321	421	1	0
373	421	1	0
386	421	1	0
511	421	1	0
504	431	1	0
201	435	1	0
220	435	1	0
481	435	1	0
247	483	1	0
455	483	1	0
474	489	1	0
268	519	1	0
229	526	1	0
386	526	2	0
306	528	1	0
272	529	1	0
63	531	1	0
189	531	1	0
61	542	1	0
155	542	1	0
177	542	1	0
207	542	1	0
300	542	1	0
306	542	1	0
394	542	1	0
445	542	1	0
486	542	1	0
60	544	1	0
163	544	1	0
276	544	1	0
315	544	1	0
229	562	1	0
162	565	1	0
180	565	1	0
236	565	2	0
386	565	1	0
444	565	1	0
229	570	1	0
229	571	2	0
329	571	1	0
386	571	2	0
220	574	1	0
235	574	1	0
323	574	1	0
229	582	1	0
386	582	1	0
480	582	1	0
109	584	1	0
229	584	1	0
270	584	1	0
511	584	1	0
144	585	1	0
215	585	1	0
252	585	1	0
229	592	1	0
386	592	2	0
480	592	1	0
79	594	1	0
116	594	1	0
217	594	1	0
306	594	1	0
386	594	1	0
445	594	1	0
455	594	1	0
220	603	1	0
270	603	1	0
386	603	2	0
444	603	1	0
267	606	1	0
386	606	1	0
455	606	1	0
386	607	1	0
408	607	1	0
444	607	1	0
501	607	1	0
198	609	1	0
210	609	1	0
341	609	1	0
386	609	1	0
156	612	1	0
270	612	1	0
464	612	1	0
79	614	1	0
116	614	1	0
217	614	1	0
319	614	1	0
386	614	2	0
406	614	1	0
267	616	1	0
446	616	1	0
341	618	1	0
511	619	1	0
20	621	2	0
197	621	1	0
386	621	1	0
444	621	1	0
61	622	1	0
130	622	1	0
132	622	1	0
145	622	1	0
324	622	1	0
65	624	1	0
138	624	1	0
217	624	1	0
386	624	1	0
406	624	1	0
61	626	1	0
130	626	1	0
132	626	1	0
145	626	1	0
324	626	1	0
152	627	1	0
294	627	1	0
480	627	1	0
220	629	1	0
235	629	2	0
239	629	1	0
323	629	1	0
418	629	1	0
15	631	1	0
34	631	1	0
87	631	1	0
220	631	1	0
244	631	1	0
476	631	1	0
510	631	1	0
270	632	1	0
386	632	1	0
446	632	1	0
505	632	1	0
109	636	1	0
152	636	2	0
235	636	1	0
294	636	1	0
432	636	1	0
133	637	1	0
184	637	1	0
216	637	1	0
267	637	1	0
386	637	1	0
421	637	1	0
436	637	1	0
511	637	3	0
15	639	1	0
34	639	1	0
220	639	1	0
234	639	1	0
244	639	1	0
510	639	2	0
267	640	1	0
270	640	1	0
490	640	1	0
270	641	1	0
444	641	1	0
505	641	1	0
15	644	2	0
34	644	1	0
220	644	1	0
234	644	1	0
244	644	1	0
510	644	2	0
87	645	1	0
124	645	1	0
152	645	2	0
267	645	1	0
294	645	1	0
321	645	1	0
386	645	1	0
15	646	1	0
34	646	1	0
87	646	1	0
116	646	1	0
220	646	1	0
234	646	1	0
244	646	1	0
510	646	2	0
151	647	1	0
445	647	1	0
460	647	1	0
267	648	1	0
270	648	1	0
311	648	1	0
321	648	1	0
15	658	1	0
34	658	1	0
104	658	1	0
209	658	1	0
220	658	1	0
234	658	1	0
244	658	1	0
452	658	1	0
466	658	1	0
510	658	2	0
48	661	1	0
65	661	1	0
270	661	1	0
48	663	1	0
65	663	1	0
270	663	2	0
386	663	1	0
15	667	1	0
34	667	1	0
220	667	2	0
234	667	1	0
244	667	1	0
245	667	1	0
276	667	1	0
490	667	1	0
510	667	2	0
180	668	1	0
386	668	1	0
467	668	1	0
483	668	1	0
270	669	1	0
467	669	1	0
65	671	1	0
232	674	1	0
276	674	1	0
386	674	2	0
444	674	1	0
65	676	1	0
270	676	1	0
386	676	1	0
408	676	1	0
479	676	1	0
42	677	1	0
321	677	1	0
386	677	1	0
408	681	1	0
471	681	1	0
501	681	1	0
225	683	1	0
270	683	1	0
161	686	1	0
361	686	1	0
187	687	1	0
206	687	1	0
313	687	1	0
386	687	1	0
511	687	1	0
294	691	1	0
313	691	1	0
338	691	2	0
33	696	1	0
135	696	1	0
161	696	1	0
225	696	1	0
268	696	1	0
270	696	1	0
386	696	1	0
417	696	1	0
265	697	1	0
406	697	1	0
406	698	1	0
481	698	1	0
232	699	1	0
270	699	1	0
313	699	1	0
410	699	1	0
46	700	1	0
313	700	1	0
401	700	1	0
77	701	1	0
254	747	1	0
266	748	1	0
168	749	1	0
318	749	1	0
447	749	1	0
506	749	1	0
242	752	1	0
294	752	1	0
16	759	1	0
220	759	1	0
235	759	2	0
323	759	1	0
346	759	1	0
306	772	1	0
433	772	1	0
77	773	1	0
306	773	1	0
445	773	1	0
220	798	1	0
235	798	1	0
323	798	1	0
416	798	1	0
220	808	1	0
177	816	1	0
220	816	1	0
306	832	1	0
266	835	1	0
319	835	1	0
479	835	1	0
165	849	1	0
192	849	1	0
252	849	1	0
92	851	1	0
100	853	1	0
121	853	1	0
319	853	1	0
189	854	1	0
213	854	1	0
217	854	1	0
383	854	1	0
428	854	1	0
445	854	1	0
458	854	1	0
281	877	2	0
490	877	1	0
139	883	2	0
180	902	1	0
207	902	1	0
209	902	1	0
278	902	1	0
394	902	1	0
441	902	1	0
452	902	1	0
61	903	1	0
241	903	1	0
452	903	1	0
479	915	1	0
454	922	1	0
488	924	1	0
126	948	1	0
37	964	1	0
107	964	1	0
142	964	1	0
147	964	1	0
220	964	1	0
227	964	1	0
266	964	1	0
431	964	1	0
203	965	1	0
405	965	1	0
479	965	1	0
486	965	1	0
21	969	1	0
410	969	1	0
490	969	1	0
497	969	1	0
201	971	1	0
433	971	1	0
29	976	1	0
220	976	1	0
306	976	1	0
433	976	1	0
90	978	1	0
330	978	1	0
465	978	1	0
499	978	2	0
37	987	1	0
92	987	1	0
107	987	1	0
147	987	1	0
181	987	1	0
217	987	1	0
319	987	1	0
431	987	1	0
486	987	1	0
37	996	1	0
40	996	1	0
92	996	1	0
107	996	1	0
147	996	1	0
360	996	1	0
431	996	1	0
37	1003	1	0
92	1003	1	0
107	1003	1	0
142	1003	1	0
147	1003	1	0
260	1003	1	0
431	1003	1	0
37	1007	1	0
92	1007	1	0
107	1007	1	0
142	1007	1	0
147	1007	1	0
266	1007	1	0
431	1007	1	0
220	1011	1	0
411	1011	1	0
477	1011	1	0
39	1012	1	0
47	1012	1	0
467	1012	1	0
284	1014	1	0
341	1014	1	0
370	1014	1	0
452	1014	1	0
481	1014	1	0
39	1016	1	0
123	1016	1	0
192	1016	1	0
438	1016	1	0
37	1019	1	0
52	1019	1	0
92	1019	1	0
107	1019	1	0
142	1019	1	0
147	1019	1	0
266	1019	1	0
397	1019	1	0
431	1019	1	0
476	1021	1	0
31	1023	1	0
348	1023	1	0
385	1023	1	0
4	1025	1	0
227	1026	1	0
366	1026	1	0
472	1026	1	0
500	1026	1	0
342	1027	1	0
449	1027	1	0
29	1030	1	0
310	1030	1	0
474	1030	1	0
476	1030	1	0
37	1033	1	0
92	1033	1	0
107	1033	1	0
147	1033	1	0
258	1033	1	0
421	1033	1	0
431	1033	1	0
66	1034	1	0
73	1034	1	0
161	1034	1	0
268	1034	1	0
354	1034	1	0
417	1034	1	0
37	1043	1	0
92	1043	1	0
107	1043	1	0
147	1043	1	0
431	1043	1	0
86	1053	1	0
497	1054	1	0
32	1055	1	0
311	1055	1	0
479	1055	1	0
220	1058	1	0
235	1058	1	0
323	1058	1	0
382	1058	1	0
37	1059	1	0
92	1059	1	0
107	1059	1	0
119	1059	1	0
142	1059	1	0
147	1059	1	0
266	1059	1	0
431	1059	1	0
49	1067	1	0
51	1067	1	0
81	1067	1	0
162	1067	1	0
213	1067	1	0
260	1067	1	0
37	1069	1	0
67	1069	1	0
92	1069	1	0
107	1069	1	0
142	1069	1	0
147	1069	1	0
431	1069	1	0
465	1069	1	0
81	1071	1	0
162	1071	1	0
219	1071	1	0
230	1071	1	0
453	1071	1	0
365	1073	1	0
63	1077	1	0
95	1077	1	0
181	1077	1	0
270	1077	1	0
276	1077	1	0
302	1077	1	0
37	1083	1	0
92	1083	1	0
107	1083	1	0
142	1083	1	0
147	1083	1	0
266	1083	1	0
431	1083	1	0
3	1090	1	0
37	1090	1	0
92	1090	1	0
107	1090	1	0
142	1090	1	0
147	1090	1	0
431	1090	1	0
37	1093	1	0
92	1093	1	0
107	1093	1	0
142	1093	1	0
147	1093	1	0
258	1093	1	0
420	1093	1	0
431	1093	1	0
463	1093	1	0
37	1099	1	0
92	1099	1	0
107	1099	1	0
142	1099	1	0
147	1099	1	0
431	1099	1	0
184	1104	1	0
443	1104	1	0
37	1105	1	0
92	1105	1	0
107	1105	1	0
142	1105	1	0
147	1105	1	0
431	1105	1	0
37	1116	1	0
92	1116	1	0
107	1116	1	0
142	1116	1	0
147	1116	1	0
365	1116	1	0
431	1116	1	0
499	1116	1	0
280	1126	1	0
399	1126	1	0
479	1126	1	0
16	1130	1	0
175	1130	1	0
235	1130	1	0
275	1130	1	0
329	1130	1	0
356	1130	2	0
366	1130	1	0
489	1145	1	0
61	1148	1	0
92	1148	1	0
220	1148	1	0
246	1149	1	0
364	1149	1	0
492	1149	1	0
4	1150	1	0
465	1150	1	0
489	1150	1	0
220	1153	1	0
241	1153	1	0
220	1164	1	0
235	1164	1	0
323	1164	1	0
64	1176	1	0
213	1176	1	0
220	1176	1	0
241	1176	1	0
322	1176	4	0
384	1176	2	0
189	1178	1	0
220	1178	1	0
241	1178	1	0
322	1178	3	0
491	1178	1	0
354	1181	1	0
84	1182	1	0
220	1182	1	0
241	1182	1	0
330	1182	1	0
220	1190	1	0
328	1190	1	0
412	1190	1	0
422	1190	1	0
476	1190	1	0
284	1207	1	0
48	1232	1	0
119	1232	1	0
196	1232	1	0
250	1232	2	0
387	1232	1	0
63	1234	1	0
125	1234	1	0
393	1235	1	0
156	1259	1	0
174	1265	1	0
220	1265	1	0
201	1271	1	0
235	1271	1	0
387	1286	1	0
474	1300	1	0
168	1302	1	0
106	1304	1	0
452	1304	1	0
288	1308	1	0
31	1311	1	0
213	1311	1	0
323	1311	1	0
445	1311	1	0
449	1311	1	0
480	1311	1	0
189	1313	1	0
445	1313	1	0
220	1320	1	0
270	1320	1	0
348	1320	1	0
386	1320	2	0
445	1320	1	0
50	1322	1	0
29	1324	1	0
143	1324	1	0
324	1324	1	0
100	1325	1	0
220	1325	1	0
346	1325	1	0
51	1329	1	0
220	1329	1	0
281	1329	1	0
306	1329	1	0
386	1329	1	0
410	1329	1	0
445	1329	2	0
497	1329	1	0
33	1335	1	0
446	1335	1	0
140	1338	1	0
220	1338	1	0
503	1338	1	0
41	1350	2	0
208	1350	1	0
220	1350	1	0
323	1350	1	0
331	1350	1	0
334	1350	1	0
220	1374	1	0
98	1383	1	0
222	1383	1	0
482	1383	1	0
104	1386	1	0
16	1422	1	0
220	1422	1	0
235	1422	1	0
387	1422	1	0
31	1452	1	0
161	1452	1	0
220	1459	1	0
235	1459	2	0
323	1459	1	0
346	1459	1	0
418	1459	1	0
457	1459	1	0
24	1464	1	0
40	1464	1	0
394	1464	1	0
489	1464	1	0
36	1466	1	0
198	1466	1	0
9	1468	1	0
151	1468	1	0
433	1468	1	0
151	1480	1	0
455	1480	1	0
490	1483	1	0
270	1510	1	0
386	1513	1	0
406	1513	1	0
272	1537	1	0
220	1549	1	0
181	1552	1	0
220	1552	1	0
192	1555	1	0
302	1555	1	0
346	1555	1	0
380	1555	1	0
151	1568	1	0
227	1568	1	0
447	1568	1	0
471	1568	1	0
190	1571	1	0
333	1571	1	0
362	1571	1	0
394	1572	1	0
454	1572	1	0
136	1578	1	0
79	1590	1	0
170	1590	1	0
220	1590	1	0
266	1590	1	0
300	1590	1	0
386	1590	1	0
388	1590	1	0
397	1590	1	0
445	1590	1	0
454	1590	1	0
362	1601	1	0
499	1601	1	0
311	1608	1	0
220	1627	1	0
235	1627	1	0
323	1627	1	0
220	1628	1	0
235	1628	1	0
323	1628	1	0
372	1628	1	0
220	1630	1	0
235	1630	2	0
323	1630	2	0
445	1635	1	0
466	1635	1	0
220	1665	1	0
323	1665	1	0
366	1665	1	0
207	1671	1	0
101	1674	1	0
361	1674	1	0
132	1733	1	0
441	1733	1	0
452	1733	1	0
494	1733	1	0
498	1733	1	0
266	1745	1	0
283	1745	1	0
363	1745	1	0
375	1745	1	0
148	1746	1	0
466	1755	1	0
220	1769	1	0
235	1769	2	0
324	1769	1	0
143	1770	1	0
187	1770	1	0
220	1770	1	0
445	1770	1	0
491	1770	1	0
270	1781	1	0
400	1781	1	0
450	1781	2	0
111	1825	1	0
220	1825	1	0
324	1825	1	0
346	1825	1	0
349	1825	1	0
265	1826	1	0
440	1826	1	0
37	1829	1	0
92	1829	1	0
107	1829	1	0
136	1829	1	0
147	1829	1	0
220	1829	1	0
431	1829	1	0
452	1829	1	0
4	1831	1	0
183	1831	1	0
286	1831	1	0
479	1831	1	0
86	1836	1	0
246	1836	1	0
58	1839	1	0
286	1839	1	0
375	1839	1	0
475	1845	1	0
58	1847	1	0
286	1847	1	0
300	1847	1	0
374	1849	1	0
445	1849	1	0
288	1851	1	0
378	1851	1	0
167	1852	1	0
286	1852	1	0
319	1852	1	0
99	1853	1	0
286	1857	1	0
342	1857	1	0
504	1857	1	0
168	1859	1	0
220	1859	1	0
235	1859	1	0
418	1859	1	0
227	1860	1	0
68	1870	1	0
82	1870	1	0
220	1870	1	0
508	1870	1	0
53	1872	1	0
254	1877	1	0
421	1877	1	0
486	1877	1	0
220	1880	1	0
235	1880	1	0
248	1880	1	0
323	1880	1	0
36	1884	1	0
183	1884	1	0
387	1884	1	0
406	1884	1	0
372	1906	1	0
68	1908	1	0
151	1940	1	0
264	1940	1	0
266	1940	1	0
412	1940	1	0
9	1945	1	0
323	1945	1	0
369	1945	1	0
479	1945	1	0
489	1945	1	0
480	1965	1	0
213	1968	1	0
220	1968	1	0
445	1986	1	0
231	1987	1	0
370	1987	1	0
452	1987	1	0
28	1994	1	0
98	1994	1	0
374	1994	1	0
477	1994	1	0
177	1998	1	0
483	2003	1	0
111	2020	1	0
445	2020	1	0
480	2020	1	0
270	2028	1	0
273	2028	1	0
417	2028	1	0
56	2049	1	0
220	2049	1	0
247	2049	1	0
343	2049	2	0
445	2049	2	0
479	2049	1	0
202	2050	1	0
90	2069	1	0
322	2069	1	0
374	2069	1	0
480	2076	1	0
135	2077	1	0
167	2077	1	0
338	2077	1	0
388	2077	1	0
445	2077	1	0
235	2078	1	0
393	2078	1	0
425	2078	1	0
274	2080	1	0
483	2080	1	0
61	2084	1	0
100	2086	1	0
504	2086	1	0
29	2088	1	0
405	2088	1	0
48	2103	1	0
326	2103	1	0
455	2103	1	0
207	2110	1	0
220	2110	1	0
394	2110	1	0
86	2115	1	0
156	2115	1	0
267	2115	1	0
177	2121	1	0
445	2121	1	0
373	2125	1	0
20	2158	1	0
450	2158	1	0
144	2159	1	0
300	2159	1	0
438	2162	1	0
220	2171	1	0
445	2171	1	0
445	2179	1	0
488	2179	1	0
216	2183	1	0
445	2183	1	0
458	2183	1	0
136	2190	1	0
270	2190	1	0
389	2190	1	0
40	2206	1	0
140	2206	1	0
220	2206	1	0
345	2206	1	0
346	2206	1	0
445	2206	1	0
474	2206	1	0
43	2212	1	0
489	2212	1	0
127	2225	1	0
213	2225	1	0
227	2225	1	0
464	2225	1	0
490	2225	1	0
189	2227	2	0
406	2227	1	0
120	2230	1	0
445	2230	1	0
445	2232	1	0
90	2258	1	0
185	2258	1	0
345	2258	1	0
467	2258	1	0
313	2271	1	0
318	2271	1	0
129	2273	1	0
319	2273	1	0
177	2275	1	0
326	2275	1	0
441	2275	1	0
486	2275	1	0
182	2276	1	0
267	2279	1	0
486	2279	1	0
140	2294	1	0
448	2294	1	0
175	2295	1	0
341	2295	1	0
483	2295	1	0
151	2302	1	0
447	2302	1	0
482	2302	1	0
483	2302	1	0
53	2334	1	0
276	2334	1	0
452	2334	1	0
266	2341	1	0
319	2341	1	0
391	2341	1	0
486	2341	1	0
21	2343	1	0
91	2343	1	0
177	2343	1	0
287	2343	1	0
445	2343	1	0
20	2362	1	0
80	2362	1	0
180	2362	1	0
253	2364	1	0
270	2364	1	0
313	2364	1	0
270	2366	2	0
303	2366	1	0
313	2366	1	0
356	2366	1	0
511	2366	1	0
220	2369	1	0
53	2372	1	0
154	2372	1	0
178	2372	1	0
220	2372	1	0
323	2372	1	0
50	2375	1	0
115	2375	1	0
133	2375	1	0
263	2375	1	0
329	2375	1	0
386	2375	2	0
220	2382	1	0
400	2382	1	0
433	2382	1	0
20	2392	1	0
180	2392	1	0
305	2392	1	0
218	2396	1	0
266	2396	1	0
307	2396	1	0
405	2396	1	0
419	2396	1	0
480	2396	1	0
488	2396	1	0
220	2400	1	0
346	2400	1	0
246	2421	1	0
354	2421	1	0
368	2421	1	0
406	2421	1	0
20	2439	1	0
220	2439	1	0
220	2446	1	0
408	2446	1	0
366	2457	1	0
182	2473	1	0
341	2473	2	0
102	2475	1	0
220	2475	1	0
121	2479	1	0
399	2479	1	0
264	2488	1	0
276	2488	1	0
365	2488	1	0
445	2488	1	0
468	2488	1	0
19	2492	1	0
277	2492	1	0
139	2493	1	0
232	2493	1	0
220	2496	1	0
367	2496	1	0
443	2496	1	0
276	2497	1	0
143	2498	1	0
217	2498	1	0
374	2498	1	0
201	2503	1	0
351	2503	1	0
276	2505	4	0
411	2507	1	0
412	2507	1	0
411	2509	1	0
476	2509	1	0
480	2509	1	0
411	2511	1	0
454	2511	1	0
480	2511	1	0
151	2513	1	0
411	2513	1	0
411	2515	1	0
476	2515	1	0
480	2515	1	0
50	2518	1	0
330	2518	1	0
411	2518	1	0
476	2518	1	0
486	2518	1	0
101	2519	1	0
135	2519	1	0
392	2519	1	0
352	2522	1	0
74	2523	1	0
187	2523	1	0
261	2523	1	0
438	2523	1	0
291	2524	1	0
499	2524	1	0
261	2526	1	0
374	2526	1	0
490	2526	1	0
261	2527	1	0
374	2527	1	0
421	2527	1	0
213	2528	1	0
220	2528	1	0
235	2528	1	0
418	2528	1	0
421	2528	1	0
457	2528	2	0
220	2531	1	0
300	2531	2	0
261	2536	1	0
374	2536	1	0
454	2537	1	0
480	2537	1	0
481	2537	1	0
138	2540	1	0
217	2540	1	0
406	2540	1	0
100	2544	1	0
225	2544	1	0
261	2544	1	0
181	2548	1	0
205	2548	1	0
268	2548	1	0
183	2553	1	0
2	2557	1	0
161	2557	1	0
131	2559	1	0
270	2559	1	0
319	2559	1	0
455	2559	1	0
450	2563	1	0
48	2574	1	0
88	2574	1	0
197	2574	1	0
200	2574	1	0
317	2574	1	0
427	2574	1	0
445	2574	1	0
294	2575	1	0
443	2575	1	0
455	2575	1	0
202	2586	1	0
445	2586	1	0
488	2586	1	0
174	2588	1	0
310	62	1	1
476	62	1	1
359	66	1	1
32	67	1	1
166	67	1	1
375	67	2	1
490	67	2	1
498	67	1	1
30	74	1	1
38	74	1	1
129	74	1	1
220	74	1	1
268	74	1	1
455	74	1	1
50	136	1	1
151	136	1	1
447	136	1	1
268	137	1	1
379	137	1	1
419	137	1	1
504	137	1	1
3	138	1	1
201	138	1	1
276	138	1	1
379	138	1	1
198	139	1	1
211	139	1	1
379	139	1	1
379	143	1	1
165	144	1	1
379	144	1	1
419	144	1	1
49	145	1	1
180	145	1	1
196	145	1	1
211	145	1	1
233	145	1	1
374	145	1	1
379	145	1	1
122	146	1	1
496	146	1	1
259	147	1	1
300	147	1	1
413	147	1	1
496	147	1	1
410	148	1	1
496	148	1	1
61	149	1	1
253	149	1	1
300	149	1	1
306	149	1	1
319	149	1	1
443	149	1	1
496	149	1	1
52	150	1	1
496	150	1	1
496	151	1	1
410	153	1	1
413	153	1	1
496	153	1	1
480	155	1	1
496	155	1	1
150	157	1	1
412	157	1	1
422	157	1	1
496	157	1	1
64	158	1	1
94	158	1	1
180	158	2	1
496	158	1	1
79	272	1	1
127	272	1	1
259	272	1	1
138	287	1	1
217	287	2	1
265	287	1	1
488	287	1	1
6	304	1	1
46	304	1	1
101	304	1	1
392	304	1	1
110	407	1	1
336	407	1	1
499	407	1	1
116	423	1	1
220	423	1	1
19	485	1	1
445	485	1	1
40	492	1	1
150	492	1	1
203	492	1	1
220	492	1	1
433	492	1	1
488	492	1	1
201	634	1	1
265	634	1	1
341	634	1	1
206	717	1	1
220	717	1	1
362	717	1	1
508	717	1	1
313	740	1	1
511	740	1	1
215	744	1	1
313	744	1	1
479	744	1	1
313	745	1	1
370	811	1	1
417	811	1	1
479	811	1	1
506	811	1	1
223	818	1	1
434	818	1	1
474	818	1	1
276	820	1	1
400	820	1	1
101	823	1	1
392	823	1	1
56	824	1	1
88	824	1	1
352	824	1	1
441	824	1	1
101	825	1	1
143	825	1	1
392	825	1	1
101	828	1	1
138	828	1	1
217	828	1	1
392	828	1	1
406	828	1	1
171	829	2	1
378	829	1	1
470	829	1	1
258	838	1	1
273	838	1	1
341	838	1	1
498	838	1	1
20	840	1	1
180	840	1	1
220	840	1	1
113	845	1	1
220	845	1	1
319	845	1	1
220	848	1	1
387	848	1	1
77	855	1	1
220	855	1	1
494	855	1	1
63	872	1	1
439	872	1	1
78	890	1	1
143	890	1	1
220	890	1	1
323	890	1	1
324	890	1	1
334	890	1	1
366	890	1	1
445	939	1	1
450	939	1	1
91	1015	1	1
315	1015	1	1
347	1015	1	1
494	1015	1	1
315	1020	1	1
347	1020	1	1
494	1020	1	1
276	1031	1	1
503	1031	1	1
220	1052	1	1
290	1052	1	1
346	1052	1	1
352	1052	1	1
171	1079	1	1
397	1079	1	1
157	1085	1	1
266	1085	1	1
343	1085	1	1
380	1085	1	1
447	1085	1	1
496	1085	1	1
220	1097	1	1
354	1097	1	1
490	1114	1	1
64	1115	1	1
220	1115	1	1
241	1115	1	1
322	1115	1	1
384	1115	1	1
145	1185	1	1
220	1185	1	1
346	1185	1	1
500	1185	1	1
133	1188	2	1
201	1188	1	1
213	1188	1	1
406	1188	1	1
67	1199	1	1
170	1199	1	1
171	1199	1	1
247	1199	1	1
268	1199	2	1
278	1199	1	1
452	1199	1	1
220	1216	1	1
315	1216	1	1
177	1247	1	1
238	1247	1	1
215	1248	1	1
293	1248	1	1
319	1248	1	1
336	1248	1	1
103	1294	1	1
276	1294	1	1
400	1294	1	1
445	1294	1	1
482	1294	1	1
125	1406	1	1
318	1406	1	1
479	1406	1	1
347	1424	1	1
89	1440	1	1
220	1440	1	1
311	1440	1	1
19	1450	1	1
220	1472	1	1
68	1487	1	1
220	1487	1	1
416	1487	1	1
423	1498	1	1
452	1498	1	1
220	1501	1	1
36	1525	1	1
206	1530	1	1
156	1534	1	1
445	1534	1	1
476	1534	1	1
242	1565	1	1
415	1565	1	1
445	1565	1	1
177	1573	1	1
330	1573	1	1
349	1573	1	1
373	1573	1	1
452	1573	1	1
270	1595	1	1
505	1595	1	1
61	1614	1	1
479	1614	1	1
301	1632	1	1
238	1633	1	1
421	1633	1	1
505	1633	1	1
315	1643	1	1
125	1656	1	1
445	1656	1	1
196	1683	2	1
211	1683	1	1
260	1683	2	1
300	1685	1	1
161	1708	1	1
201	1708	1	1
383	1708	1	1
56	1712	1	1
258	1715	1	1
203	1718	1	1
218	1718	1	1
276	1718	2	1
220	1811	1	1
479	1811	1	1
13	1951	1	1
186	1951	1	1
352	1951	1	1
452	1951	1	1
73	1979	1	1
220	1979	2	1
318	1979	1	1
465	1984	1	1
247	2005	1	1
247	2008	1	1
259	2060	1	1
366	2060	1	1
490	2060	1	1
187	2066	1	1
478	2066	1	1
212	2139	1	1
215	2139	1	1
351	2152	1	1
483	2152	1	1
276	2249	1	1
407	2249	1	1
270	2299	1	1
270	2301	1	1
500	2301	1	1
66	2303	1	1
183	2303	1	1
270	2303	1	1
304	2303	1	1
436	2303	1	1
479	2303	1	1
445	2304	1	1
341	2307	1	1
300	2330	1	1
341	2331	1	1
483	2331	1	1
247	2332	1	1
300	2332	1	1
181	2337	1	1
341	2337	1	1
421	2337	1	1
180	2393	1	1
195	2393	1	1
220	2393	1	1
276	2397	1	1
277	2397	2	1
305	2397	1	1
445	2397	2	1
131	2458	1	1
392	2458	1	1
421	2458	1	1
486	2458	1	1
291	89	1	2
136	109	1	2
198	109	1	2
476	109	1	2
508	127	1	2
180	188	1	2
320	188	1	2
386	188	1	2
35	233	1	2
220	233	1	2
16	237	1	2
220	237	1	2
235	237	1	2
252	237	1	2
455	237	1	2
465	237	1	2
85	245	1	2
436	245	1	2
479	245	1	2
227	275	1	2
254	275	1	2
337	275	1	2
450	275	1	2
455	275	1	2
479	275	1	2
370	279	1	2
438	279	1	2
482	279	1	2
70	302	1	2
143	369	1	2
36	371	1	2
449	371	1	2
60	383	1	2
337	383	1	2
480	383	1	2
488	383	2	2
116	391	1	2
220	391	1	2
424	391	1	2
20	419	1	2
48	419	1	2
220	419	1	2
80	428	1	2
220	428	1	2
27	506	1	2
41	506	1	2
220	506	1	2
366	506	1	2
137	523	1	2
177	523	1	2
318	523	1	2
479	523	1	2
69	525	1	2
137	525	1	2
494	525	2	2
340	539	1	2
447	539	1	2
4	540	1	2
38	540	1	2
90	540	1	2
137	540	1	2
172	540	1	2
357	540	1	2
435	540	1	2
137	543	1	2
172	543	1	2
39	545	1	2
117	545	1	2
137	545	1	2
151	545	1	2
415	545	2	2
441	545	1	2
410	579	1	2
479	579	1	2
61	581	1	2
62	581	1	2
146	581	1	2
177	581	1	2
268	581	1	2
319	581	1	2
374	581	1	2
414	581	1	2
438	581	1	2
452	581	1	2
220	586	1	2
276	586	1	2
306	586	1	2
475	586	1	2
81	590	1	2
421	590	1	2
428	590	1	2
501	590	1	2
180	596	1	2
365	596	1	2
180	599	1	2
300	613	1	2
303	613	1	2
395	613	1	2
474	613	1	2
103	651	1	2
109	651	1	2
216	651	1	2
220	651	1	2
270	651	1	2
386	651	2	2
32	670	1	2
112	670	1	2
189	670	1	2
395	672	1	2
445	672	1	2
481	679	1	2
20	684	1	2
180	684	1	2
268	684	1	2
472	684	1	2
28	714	1	2
180	714	1	2
241	714	1	2
246	714	1	2
506	714	1	2
220	719	1	2
323	719	1	2
334	719	1	2
366	719	1	2
13	724	1	2
313	724	1	2
435	724	1	2
77	728	1	2
220	728	1	2
302	728	1	2
352	728	1	2
360	728	1	2
407	728	1	2
270	729	1	2
313	729	1	2
505	729	1	2
276	777	1	2
125	857	1	2
458	857	1	2
259	894	1	2
418	894	1	2
508	894	1	2
77	923	1	2
163	923	1	2
433	923	1	2
29	931	1	2
198	933	1	2
339	933	1	2
417	933	1	2
151	944	1	2
185	944	1	2
277	944	1	2
276	947	1	2
412	947	1	2
445	947	1	2
247	952	1	2
96	967	1	2
374	967	1	2
81	974	1	2
66	1060	1	2
140	1060	1	2
281	1060	1	2
400	1060	1	2
151	1117	1	2
276	1120	1	2
419	1121	1	2
116	1125	1	2
202	1125	1	2
410	1125	2	2
470	1125	1	2
186	1127	1	2
270	1127	1	2
276	1127	1	2
470	1128	1	2
133	1132	1	2
94	1169	1	2
227	1169	1	2
36	1177	1	2
198	1177	1	2
321	1186	1	2
352	1186	1	2
433	1186	1	2
480	1186	1	2
22	1192	2	2
163	1192	1	2
223	1192	1	2
352	1192	1	2
408	1192	1	2
511	1192	1	2
276	1244	1	2
484	1255	1	2
204	1256	1	2
386	1256	1	2
503	1256	1	2
94	1257	1	2
130	1257	1	2
220	1257	1	2
386	1257	3	2
445	1257	1	2
220	1268	1	2
315	1268	1	2
433	1268	1	2
151	1276	1	2
215	1276	1	2
99	1278	1	2
138	1278	1	2
180	1278	1	2
281	1278	1	2
292	1278	1	2
490	1278	1	2
352	1282	1	2
412	1282	1	2
445	1282	1	2
490	1282	1	2
59	1287	1	2
393	1287	1	2
479	1290	1	2
61	1299	1	2
139	1299	1	2
268	1299	1	2
503	1299	1	2
73	1305	1	2
214	1305	1	2
220	1305	1	2
507	1305	1	2
73	1327	1	2
144	1327	1	2
220	1327	1	2
218	1333	1	2
220	1333	1	2
324	1333	1	2
466	1333	1	2
162	1349	1	2
226	1349	1	2
346	1349	1	2
133	1351	1	2
230	1351	1	2
375	1351	1	2
417	1351	1	2
348	1360	1	2
393	1360	1	2
458	1360	1	2
479	1360	1	2
210	1362	3	2
482	1362	1	2
36	1391	1	2
312	1391	1	2
72	1409	1	2
220	1409	1	2
241	1409	2	2
323	1409	1	2
41	1411	2	2
220	1411	1	2
307	1411	1	2
424	1411	1	2
361	1416	1	2
200	1430	1	2
247	1430	1	2
320	1430	1	2
337	1430	1	2
427	1430	1	2
86	1432	1	2
344	1432	1	2
466	1432	1	2
472	1432	1	2
153	1467	1	2
282	1467	1	2
127	1505	1	2
193	1505	1	2
200	1505	1	2
220	1505	1	2
427	1505	1	2
94	1529	1	2
200	1529	1	2
220	1529	1	2
227	1529	1	2
427	1529	1	2
93	1560	1	2
238	1560	1	2
263	1560	1	2
500	1561	1	2
220	1591	1	2
133	1660	1	2
434	1660	1	2
177	1678	1	2
238	1678	1	2
192	1689	1	2
203	1689	1	2
220	1689	1	2
419	1689	1	2
21	1693	1	2
48	1693	1	2
201	1699	1	2
276	1699	1	2
69	1710	1	2
181	1710	1	2
227	1710	1	2
276	1710	1	2
387	1710	1	2
25	1729	1	2
36	1729	1	2
395	1729	1	2
336	1734	1	2
378	1734	1	2
489	1734	1	2
120	1740	1	2
281	1740	1	2
336	1740	1	2
378	1740	1	2
489	1740	1	2
489	1743	2	2
174	1747	1	2
184	1747	1	2
213	1747	1	2
303	1747	1	2
314	1747	1	2
480	1747	1	2
486	1747	1	2
489	1747	1	2
171	1751	1	2
173	1751	1	2
378	1751	1	2
503	1751	1	2
42	1754	1	2
417	1764	1	2
445	1764	1	2
452	1764	1	2
466	1805	1	2
506	1805	1	2
220	1807	1	2
100	1809	1	2
197	1809	1	2
213	1809	1	2
341	1809	1	2
435	1809	1	2
466	1809	1	2
33	1817	1	2
163	1817	1	2
445	1817	1	2
32	1822	1	2
352	1822	1	2
395	1822	1	2
462	1822	1	2
6	1827	1	2
189	1827	1	2
343	1827	1	2
413	1827	1	2
481	1827	2	2
174	1865	1	2
227	1865	1	2
276	1865	1	2
302	1865	1	2
52	1866	1	2
410	1866	1	2
52	1874	1	2
81	1889	1	2
220	1889	1	2
220	1893	1	2
462	1893	1	2
262	1901	1	2
421	1901	1	2
220	1941	1	2
220	1947	1	2
269	1947	1	2
437	1949	1	2
162	1955	1	2
222	1955	1	2
437	1955	1	2
269	1957	1	2
6	1970	1	2
180	1970	2	2
386	1970	1	2
151	1985	1	2
36	1989	1	2
180	1989	2	2
187	1989	1	2
198	1989	1	2
220	1989	1	2
52	1991	1	2
122	1991	1	2
374	1991	1	2
467	1991	1	2
220	1995	1	2
302	1995	1	2
466	1995	1	2
467	1995	1	2
151	2004	1	2
220	2004	1	2
269	2006	1	2
437	2006	1	2
332	2009	1	2
402	2010	1	2
437	2011	1	2
17	2014	1	2
247	2014	1	2
270	2014	1	2
443	2014	1	2
445	2014	1	2
475	2014	1	2
402	2015	1	2
162	2018	1	2
270	2018	2	2
437	2018	1	2
446	2018	2	2
447	2018	1	2
479	2018	1	2
281	2019	1	2
318	2019	1	2
220	2027	1	2
445	2027	1	2
213	2030	1	2
236	2030	1	2
270	2030	1	2
269	2034	1	2
270	2034	1	2
437	2034	1	2
361	2035	1	2
456	2035	1	2
18	2036	1	2
270	2036	1	2
276	2036	1	2
116	2043	1	2
227	2043	1	2
399	2043	1	2
36	2045	1	2
198	2045	1	2
86	2047	1	2
151	2047	1	2
8	2055	1	2
26	2055	1	2
133	2055	1	2
179	2055	1	2
260	2055	1	2
281	2055	1	2
220	2059	1	2
409	2061	1	2
423	2061	1	2
508	2061	1	2
445	2068	1	2
460	2068	1	2
371	2081	1	2
445	2081	1	2
42	2150	1	2
103	2150	1	2
304	2268	1	2
341	2268	1	2
463	2268	1	2
490	2268	1	2
311	2370	1	2
376	2370	1	2
487	2370	1	2
181	2387	1	2
507	2387	1	2
185	2395	1	2
277	2395	1	2
402	2395	1	2
19	2398	1	2
185	2398	1	2
227	2398	1	2
277	2398	1	2
453	2398	1	2
276	2407	1	2
241	2409	1	2
452	2409	1	2
457	2409	1	2
479	2409	2	2
506	2409	1	2
305	2430	1	2
220	2467	1	2
372	2467	1	2
156	2481	1	2
166	2481	1	2
176	2481	2	2
189	2481	1	2
35	2495	1	2
76	2495	1	2
270	2495	2	2
305	2495	2	2
351	2495	1	2
207	2499	1	2
254	2499	1	2
304	2499	1	2
220	2500	1	2
207	2502	1	2
254	2502	1	2
375	2502	1	2
36	2508	1	2
76	2508	1	2
270	2508	1	2
251	2516	1	2
474	2516	1	2
148	2530	1	2
158	2530	1	2
220	20	1	3
115	46	1	3
29	49	1	3
141	49	1	3
276	49	1	3
499	49	1	3
70	59	1	3
308	77	1	3
486	77	1	3
433	80	1	3
452	80	1	3
319	85	1	3
292	90	1	3
445	90	1	3
85	95	1	3
446	95	1	3
479	95	1	3
425	106	1	3
156	180	1	3
268	180	1	3
276	180	1	3
445	180	1	3
4	183	1	3
143	183	1	3
217	183	1	3
490	183	1	3
155	241	1	3
213	241	1	3
43	318	1	3
351	318	1	3
508	318	1	3
270	322	1	3
501	323	1	3
123	388	1	3
198	388	1	3
276	464	1	3
354	464	1	3
410	464	1	3
497	472	1	3
445	476	1	3
270	479	1	3
356	479	1	3
406	479	1	3
421	479	1	3
8	484	1	3
220	484	1	3
239	484	1	3
474	484	1	3
79	487	1	3
139	487	1	3
239	487	1	3
319	487	1	3
329	487	1	3
376	487	1	3
480	487	1	3
220	493	1	3
268	493	1	3
474	493	1	3
220	495	1	3
474	495	1	3
8	496	1	3
159	496	1	3
306	521	1	3
433	521	1	3
7	524	1	3
158	524	1	3
239	524	1	3
306	524	1	3
323	524	1	3
327	524	1	3
342	524	1	3
445	524	1	3
460	524	1	3
479	524	1	3
270	555	1	3
175	604	1	3
249	638	1	3
301	638	1	3
70	642	1	3
249	642	1	3
301	642	1	3
394	642	1	3
452	642	1	3
174	649	1	3
249	649	1	3
301	649	1	3
306	650	1	3
249	656	1	3
301	656	1	3
308	656	1	3
33	680	1	3
76	680	1	3
249	680	1	3
301	680	1	3
32	688	1	3
394	688	1	3
454	688	1	3
1	693	1	3
375	693	1	3
354	703	1	3
466	703	1	3
479	708	1	3
205	710	1	3
258	710	1	3
264	710	1	3
51	738	1	3
220	738	1	3
236	738	1	3
40	746	1	3
181	746	1	3
389	746	1	3
419	746	1	3
278	754	1	3
325	754	1	3
387	754	1	3
180	755	1	3
308	755	1	3
360	755	1	3
486	755	1	3
220	757	1	3
374	757	1	3
259	884	1	3
266	884	1	3
388	884	1	3
220	907	1	3
334	907	1	3
359	907	1	3
476	907	1	3
358	951	1	3
118	1091	1	3
201	1091	1	3
220	1091	1	3
270	1091	1	3
348	1091	1	3
308	1110	1	3
433	1110	1	3
270	1144	1	3
445	1159	1	3
67	1171	1	3
155	1180	1	3
220	1180	1	3
30	1184	1	3
50	1184	1	3
220	1184	1	3
365	1184	1	3
445	1184	1	3
453	1184	1	3
215	1225	1	3
445	1225	1	3
133	1261	1	3
247	1261	1	3
360	1262	1	3
401	1262	1	3
151	1269	1	3
503	1269	1	3
138	1281	1	3
220	1281	1	3
19	1292	1	3
300	1292	1	3
452	1315	1	3
36	1341	1	3
198	1341	1	3
270	1341	1	3
135	1372	1	3
183	1372	1	3
445	1372	1	3
465	1372	1	3
488	1372	1	3
72	1410	1	3
220	1410	1	3
241	1410	2	3
323	1410	1	3
134	1436	1	3
247	1436	1	3
48	1437	1	3
77	1437	1	3
203	1437	1	3
2	1441	2	3
467	1441	1	3
484	1443	1	3
445	1451	1	3
183	1460	1	3
47	1461	1	3
220	1461	1	3
339	1461	1	3
453	1461	1	3
479	1461	1	3
220	1484	1	3
386	1484	1	3
16	1492	1	3
198	1492	1	3
220	1492	1	3
433	1492	1	3
502	1492	1	3
199	1494	1	3
201	1494	1	3
375	1494	1	3
93	1567	1	3
183	1567	1	3
187	1596	1	3
80	1597	1	3
213	1597	1	3
220	1597	1	3
275	1597	1	3
362	1603	1	3
270	1613	1	3
80	1617	1	3
220	1617	1	3
235	1617	1	3
275	1617	1	3
323	1617	1	3
138	1644	1	3
217	1644	1	3
421	1644	1	3
445	1644	1	3
498	1644	1	3
47	1726	1	3
220	1726	1	3
260	1726	1	3
291	1726	1	3
58	1737	1	3
268	1737	1	3
445	1737	1	3
460	1737	1	3
488	1737	1	3
354	1748	1	3
12	1765	1	3
186	1765	1	3
508	1800	1	3
60	1812	1	3
110	1812	1	3
220	1812	1	3
344	1812	1	3
387	1812	1	3
421	1812	1	3
488	1812	1	3
12	1932	1	3
220	1932	1	3
268	1932	1	3
340	1932	1	3
410	1932	1	3
4	1950	1	3
218	1950	1	3
60	1954	1	3
374	1954	1	3
503	1954	1	3
508	1954	1	3
220	1969	1	3
348	2002	1	3
362	2002	1	3
341	2053	1	3
352	2053	1	3
96	2143	1	3
136	2143	1	3
368	2143	1	3
488	2143	1	3
151	2144	1	3
276	2144	1	3
402	2144	1	3
440	2144	1	3
474	2144	1	3
178	2154	1	3
220	2154	1	3
236	2154	1	3
323	2154	1	3
75	2157	1	3
165	2157	1	3
268	2157	1	3
443	2157	1	3
445	2157	1	3
480	2157	2	3
20	2210	1	3
498	2219	1	3
311	2266	1	3
145	2321	1	3
220	2321	1	3
445	2321	1	3
151	2346	1	3
188	2352	2	3
220	2352	1	3
367	2352	1	3
455	2352	1	3
4	2390	1	3
50	2390	1	3
270	2390	1	3
351	2390	1	3
445	2390	1	3
63	2437	1	3
66	2437	1	3
300	2437	1	3
337	2437	1	3
451	14	1	4
270	15	1	4
300	15	1	4
301	15	1	4
459	15	1	4
276	21	1	4
44	23	1	4
101	24	1	4
116	24	1	4
138	24	1	4
319	24	1	4
392	24	1	4
406	24	1	4
455	24	1	4
248	25	1	4
36	29	1	4
128	29	1	4
198	29	1	4
287	29	1	4
300	44	1	4
36	45	1	4
198	45	1	4
287	45	1	4
493	45	1	4
211	50	1	4
213	50	1	4
268	52	1	4
483	52	1	4
74	54	1	4
227	54	1	4
455	54	1	4
150	55	1	4
270	55	1	4
93	56	1	4
318	56	1	4
375	56	1	4
240	57	1	4
319	57	1	4
485	57	1	4
206	58	1	4
220	60	1	4
72	61	1	4
183	61	1	4
251	61	1	4
410	61	1	4
479	61	1	4
12	65	1	4
443	65	1	4
30	68	1	4
307	68	1	4
138	71	1	4
213	75	1	4
300	75	1	4
382	75	1	4
202	81	1	4
266	81	1	4
305	81	1	4
382	81	1	4
474	81	1	4
501	81	1	4
508	81	1	4
177	82	1	4
277	82	5	4
337	82	1	4
258	83	1	4
451	88	1	4
505	88	1	4
11	91	1	4
70	91	1	4
217	91	1	4
270	91	1	4
337	91	1	4
455	91	1	4
204	93	1	4
225	93	1	4
483	93	1	4
240	94	1	4
447	94	1	4
455	94	1	4
479	94	1	4
150	96	1	4
135	101	1	4
216	101	1	4
445	101	1	4
253	102	1	4
319	102	1	4
352	102	1	4
451	102	1	4
505	102	1	4
240	103	1	4
276	105	1	4
180	107	1	4
502	107	1	4
30	108	1	4
183	108	1	4
213	108	1	4
406	108	1	4
455	108	1	4
502	108	1	4
342	111	1	4
354	111	1	4
439	111	1	4
30	113	1	4
262	113	1	4
455	113	1	4
479	113	1	4
20	114	1	4
176	115	1	4
97	117	1	4
445	117	1	4
20	118	1	4
469	118	1	4
483	118	1	4
61	120	1	4
187	120	1	4
341	120	1	4
465	120	1	4
333	121	1	4
406	121	1	4
478	121	1	4
337	122	1	4
340	123	1	4
445	123	1	4
319	128	1	4
220	135	1	4
396	135	1	4
405	135	1	4
36	140	1	4
198	140	1	4
35	141	1	4
53	141	1	4
213	141	1	4
479	141	1	4
36	142	1	4
128	142	1	4
198	142	1	4
59	152	1	4
162	152	1	4
410	152	1	4
320	156	1	4
394	156	1	4
414	156	1	4
479	156	1	4
40	159	1	4
490	159	1	4
95	166	1	4
220	166	1	4
352	167	1	4
376	167	1	4
143	175	1	4
490	175	1	4
396	177	1	4
40	184	1	4
67	184	1	4
113	184	2	4
198	184	1	4
113	186	1	4
142	186	1	4
145	186	1	4
198	186	1	4
213	186	1	4
276	186	1	4
324	186	1	4
401	186	1	4
113	187	1	4
142	187	1	4
145	187	1	4
215	187	1	4
220	187	1	4
324	187	1	4
341	190	1	4
46	191	1	4
466	194	1	4
156	200	1	4
157	200	1	4
184	200	1	4
199	200	1	4
337	200	1	4
483	200	1	4
223	207	1	4
31	216	1	4
93	216	1	4
135	216	1	4
171	216	1	4
151	232	1	4
151	236	1	4
201	268	1	4
319	270	1	4
324	270	1	4
232	273	1	4
319	273	1	4
131	280	1	4
490	280	1	4
191	281	1	4
270	281	1	4
373	281	1	4
485	281	1	4
443	284	1	4
135	285	1	4
319	285	1	4
494	285	1	4
464	289	1	4
139	294	1	4
123	301	1	4
205	301	1	4
336	301	1	4
481	301	1	4
70	305	1	4
494	309	1	4
272	310	1	4
354	310	1	4
464	310	1	4
298	311	1	4
220	317	1	4
276	317	1	4
126	319	1	4
310	319	1	4
191	321	1	4
270	321	1	4
122	324	1	4
464	324	1	4
509	324	1	4
348	326	1	4
507	326	1	4
337	329	1	4
180	333	1	4
218	333	1	4
364	333	1	4
218	339	1	4
341	339	1	4
358	339	1	4
482	339	1	4
319	340	1	4
445	340	1	4
479	340	1	4
171	342	1	4
266	342	1	4
302	342	1	4
474	342	2	4
486	342	1	4
171	343	1	4
218	343	1	4
337	343	1	4
455	343	1	4
485	343	1	4
191	344	1	4
266	344	1	4
270	344	1	4
319	344	1	4
373	344	1	4
422	344	1	4
489	344	1	4
158	346	1	4
406	346	1	4
11	348	1	4
20	348	1	4
223	348	1	4
300	348	1	4
466	349	1	4
198	353	1	4
11	354	1	4
12	354	1	4
61	354	1	4
498	354	1	4
386	355	1	4
299	359	1	4
220	360	1	4
276	360	1	4
323	360	1	4
220	361	1	4
277	361	1	4
115	364	1	4
161	364	1	4
139	365	1	4
220	365	1	4
276	365	1	4
323	365	1	4
309	366	1	4
442	366	1	4
220	367	1	4
323	367	1	4
508	367	1	4
44	370	1	4
400	370	1	4
451	370	1	4
181	395	1	4
266	395	1	4
276	395	2	4
449	396	1	4
276	399	1	4
483	405	1	4
44	408	1	4
115	408	1	4
161	408	1	4
483	408	1	4
217	412	1	4
59	413	1	4
210	414	1	4
254	414	1	4
265	414	1	4
254	416	1	4
265	416	1	4
5	422	1	4
490	425	1	4
127	426	1	4
207	426	1	4
222	426	1	4
227	426	1	4
209	427	1	4
483	427	1	4
201	432	1	4
201	433	1	4
128	434	1	4
233	434	1	4
434	434	1	4
110	439	1	4
151	439	1	4
175	439	1	4
207	439	1	4
300	439	1	4
409	439	1	4
421	439	1	4
23	441	1	4
44	443	1	4
451	443	1	4
274	446	1	4
451	446	1	4
479	446	1	4
505	446	1	4
39	447	2	4
151	447	1	4
341	447	1	4
490	447	1	4
276	450	1	4
384	451	1	4
276	452	1	4
374	452	1	4
455	452	1	4
479	452	1	4
421	453	1	4
161	455	1	4
467	455	1	4
507	455	1	4
227	456	1	4
144	457	1	4
473	457	1	4
155	461	1	4
180	462	1	4
185	462	2	4
250	465	1	4
419	468	1	4
189	471	1	4
220	471	1	4
385	471	1	4
101	481	1	4
392	481	1	4
502	482	1	4
300	498	1	4
467	498	1	4
13	505	1	4
207	505	1	4
233	505	1	4
394	505	1	4
445	505	1	4
324	520	1	4
366	520	1	4
445	520	1	4
283	522	1	4
341	522	1	4
171	559	1	4
433	559	1	4
278	560	1	4
452	560	1	4
124	587	1	4
334	587	1	4
372	587	1	4
452	587	1	4
70	653	1	4
406	653	1	4
227	655	1	4
363	655	1	4
143	675	1	4
220	675	1	4
276	675	1	4
177	709	1	4
312	709	1	4
390	709	1	4
284	716	1	4
324	716	1	4
217	721	1	4
466	721	1	4
177	727	1	4
228	727	1	4
352	727	1	4
325	732	1	4
55	756	1	4
452	756	1	4
270	792	1	4
319	792	1	4
177	821	1	4
319	821	3	4
386	821	1	4
365	826	1	4
104	834	1	4
177	834	1	4
352	834	1	4
498	834	1	4
220	836	1	4
319	836	1	4
151	843	1	4
186	843	1	4
292	843	1	4
410	843	1	4
4	852	1	4
55	852	1	4
384	852	1	4
30	856	1	4
203	856	1	4
93	858	1	4
500	858	1	4
260	861	1	4
300	861	1	4
306	861	1	4
333	861	1	4
445	861	1	4
131	867	1	4
83	871	1	4
151	871	1	4
350	871	1	4
455	874	1	4
220	875	1	4
384	875	1	4
36	895	1	4
82	895	1	4
220	895	1	4
250	895	1	4
270	895	1	4
366	895	1	4
397	895	1	4
413	895	1	4
198	897	1	4
416	897	1	4
196	899	1	4
29	901	1	4
220	901	1	4
462	901	1	4
180	909	1	4
35	917	1	4
56	917	1	4
75	917	1	4
83	934	1	4
185	934	3	4
319	936	1	4
429	936	1	4
479	936	1	4
112	941	1	4
296	958	1	4
346	958	1	4
386	958	1	4
270	963	1	4
335	963	1	4
335	968	1	4
117	970	1	4
143	970	1	4
215	970	1	4
452	975	1	4
34	981	1	4
121	981	1	4
443	981	1	4
497	982	1	4
276	1001	1	4
30	1006	1	4
35	1006	1	4
193	1006	1	4
319	1006	1	4
351	1006	1	4
481	1006	1	4
502	1009	1	4
504	1009	1	4
276	1028	1	4
446	1028	1	4
319	1029	1	4
447	1029	1	4
479	1029	1	4
36	1051	1	4
78	1051	1	4
186	1051	1	4
489	1051	1	4
411	1056	1	4
476	1056	1	4
342	1057	1	4
18	1082	1	4
385	1082	1	4
86	1089	1	4
509	1094	1	4
306	1103	1	4
503	1103	1	4
195	1106	1	4
471	1106	1	4
489	1106	1	4
306	1108	1	4
346	1122	1	4
319	1131	1	4
419	1131	1	4
497	1131	1	4
213	1133	1	4
220	1133	1	4
50	1134	1	4
270	1136	1	4
490	1136	1	4
220	1139	1	4
382	1139	1	4
190	1143	1	4
202	1143	1	4
151	1146	1	4
202	1162	1	4
445	1162	1	4
488	1162	1	4
290	1168	1	4
374	1168	1	4
455	1168	1	4
480	1168	1	4
36	1173	1	4
133	1179	1	4
173	1179	1	4
183	1179	1	4
138	1197	1	4
151	1197	1	4
217	1197	1	4
452	1197	1	4
480	1197	1	4
82	1200	1	4
220	1200	1	4
252	1200	1	4
362	1200	1	4
366	1200	1	4
445	1200	1	4
506	1200	1	4
63	1202	1	4
177	1204	1	4
196	1206	1	4
314	1208	1	4
433	1208	1	4
468	1208	1	4
257	1214	1	4
433	1214	2	4
452	1214	1	4
194	1219	1	4
445	1222	1	4
175	1227	1	4
183	1227	1	4
466	1227	1	4
156	1231	1	4
362	1231	1	4
368	1231	1	4
180	1236	1	4
187	1236	1	4
347	1236	1	4
490	1236	1	4
246	1239	1	4
283	1240	1	4
269	1245	1	4
61	1249	1	4
250	1250	1	4
15	1251	1	4
160	1251	1	4
220	1251	1	4
365	1251	1	4
457	1251	1	4
169	1252	1	4
177	1252	1	4
220	1252	1	4
289	1252	1	4
474	1252	1	4
319	1253	1	4
99	1260	1	4
124	1260	1	4
175	1264	1	4
154	1270	1	4
162	1270	1	4
220	1270	1	4
382	1270	1	4
509	1277	1	4
386	1289	1	4
467	1289	1	4
70	1295	1	4
351	1295	1	4
504	1295	1	4
38	1316	1	4
155	1316	1	4
390	1316	1	4
393	1316	1	4
64	1318	1	4
410	1318	1	4
318	1319	1	4
335	1319	1	4
479	1319	1	4
500	1319	1	4
151	1321	1	4
225	1321	1	4
403	1321	1	4
509	1321	1	4
169	1326	2	4
220	1326	1	4
289	1326	2	4
323	1326	1	4
180	1328	1	4
185	1328	5	4
220	1328	1	4
489	1328	1	4
166	1330	1	4
276	1330	1	4
335	1330	1	4
399	1330	1	4
151	1332	1	4
277	1332	3	4
384	1332	1	4
35	1336	1	4
146	1336	1	4
50	1343	1	4
135	1343	1	4
19	1345	1	4
240	1345	1	4
14	1346	1	4
91	1346	1	4
177	1346	1	4
181	1346	1	4
276	1346	1	4
352	1346	2	4
21	1347	1	4
95	1347	1	4
129	1347	1	4
156	1347	1	4
215	1347	1	4
282	1347	1	4
445	1347	1	4
465	1347	1	4
209	1352	1	4
384	1352	1	4
421	1352	1	4
83	1353	1	4
276	1353	1	4
341	1353	1	4
420	1353	1	4
187	1356	2	4
300	1356	2	4
440	1356	1	4
20	1358	1	4
169	1358	1	4
220	1358	1	4
289	1358	1	4
281	1359	1	4
319	1359	1	4
374	1359	1	4
479	1359	1	4
238	1361	1	4
505	1370	1	4
70	1381	1	4
453	1381	1	4
198	1392	1	4
438	1392	1	4
146	1393	1	4
177	1393	1	4
232	1393	1	4
238	1393	1	4
445	1393	1	4
486	1393	1	4
134	1398	1	4
220	1398	1	4
235	1398	1	4
323	1398	1	4
418	1398	1	4
133	1401	1	4
253	1401	1	4
474	1401	1	4
76	1402	1	4
52	1403	1	4
135	1403	1	4
215	1403	1	4
221	1403	1	4
263	1403	1	4
488	1403	2	4
270	1412	1	4
276	1412	1	4
116	1413	1	4
439	1413	1	4
433	1415	1	4
206	1421	1	4
304	1421	1	4
108	1423	1	4
162	1434	1	4
178	1434	1	4
220	1434	1	4
258	1434	1	4
93	1444	1	4
171	1444	1	4
207	1444	1	4
276	1444	1	4
300	1444	1	4
348	1444	1	4
394	1444	1	4
443	1444	1	4
445	1445	1	4
466	1445	1	4
474	1445	1	4
184	1448	1	4
420	1448	1	4
108	1453	1	4
446	1453	1	4
485	1456	1	4
145	1463	1	4
213	1463	1	4
300	1463	1	4
413	1463	1	4
488	1463	1	4
201	1469	1	4
255	1469	1	4
151	1470	1	4
344	1470	1	4
498	1470	1	4
341	1473	1	4
499	1473	1	4
432	1477	1	4
508	1477	1	4
50	1478	1	4
255	1478	1	4
474	1478	1	4
91	1479	1	4
504	1479	3	4
112	1485	1	4
474	1485	1	4
480	1485	2	4
255	1490	1	4
266	1490	1	4
374	1490	1	4
185	1495	3	4
384	1495	1	4
96	1497	2	4
504	1497	1	4
480	1499	1	4
319	1500	1	4
446	1500	1	4
59	1503	1	4
177	1503	1	4
183	1503	1	4
238	1503	1	4
445	1503	1	4
479	1503	1	4
35	1511	1	4
238	1511	1	4
452	1511	1	4
171	1512	1	4
220	1512	1	4
410	1512	1	4
438	1512	1	4
27	1516	1	4
111	1516	1	4
180	1516	1	4
220	1516	1	4
9	1518	1	4
52	1518	1	4
212	1518	1	4
445	1518	1	4
73	1521	1	4
505	1524	1	4
150	1526	1	4
218	1526	1	4
350	1526	1	4
29	1527	1	4
36	1527	1	4
198	1527	1	4
276	1527	1	4
204	1528	1	4
180	1532	1	4
491	1532	1	4
276	1535	2	4
378	1535	1	4
384	1535	1	4
440	1535	2	4
177	1536	1	4
44	1540	1	4
446	1540	1	4
74	1542	1	4
201	1542	1	4
341	1542	1	4
270	1543	1	4
505	1543	1	4
205	1544	1	4
341	1546	1	4
11	1553	1	4
293	1553	1	4
343	1553	1	4
135	1559	1	4
217	1559	1	4
336	1559	1	4
11	1569	1	4
198	1569	1	4
490	1583	1	4
220	1589	1	4
445	1589	1	4
128	1592	1	4
300	1592	1	4
11	1593	1	4
213	1593	1	4
449	1593	1	4
480	1593	1	4
270	1594	1	4
384	1594	1	4
445	1594	1	4
490	1594	1	4
28	1599	1	4
270	1600	1	4
220	1602	1	4
141	1604	1	4
374	1604	1	4
462	1604	1	4
100	1606	1	4
24	1609	1	4
220	1609	1	4
335	1618	1	4
255	1620	1	4
311	1620	1	4
4	1621	1	4
202	1621	1	4
290	1621	1	4
489	1621	1	4
141	1625	1	4
150	1625	1	4
238	1625	1	4
341	1625	1	4
441	1625	1	4
480	1625	1	4
108	1629	1	4
479	1636	1	4
112	1640	1	4
260	1640	1	4
297	1640	1	4
390	1640	1	4
108	1645	1	4
281	1645	1	4
446	1645	1	4
150	1658	1	4
220	1658	1	4
403	1659	1	4
445	1659	1	4
111	1661	1	4
124	1661	1	4
283	1661	1	4
333	1661	1	4
348	1661	1	4
452	1663	1	4
300	1664	1	4
445	1664	1	4
488	1664	1	4
276	1669	1	4
352	1669	1	4
421	1669	1	4
24	1672	1	4
220	1672	1	4
335	1673	1	4
374	1673	1	4
201	1675	1	4
204	1675	1	4
308	1675	1	4
486	1675	1	4
276	1676	1	4
108	1677	1	4
125	1677	1	4
177	1677	1	4
494	1677	1	4
121	1690	2	4
171	1690	1	4
445	1690	1	4
202	1692	1	4
238	1692	1	4
445	1692	1	4
479	1692	1	4
488	1692	1	4
494	1692	1	4
220	1697	1	4
361	1701	1	4
408	1701	1	4
470	1701	1	4
489	1701	1	4
158	1717	1	4
419	1717	1	4
201	1720	1	4
213	1720	1	4
403	1720	1	4
368	1721	1	4
220	1722	1	4
255	1722	1	4
270	1722	1	4
127	1725	1	4
337	1725	1	4
445	1725	1	4
111	1727	1	4
455	1727	1	4
179	1730	1	4
357	1730	1	4
241	1731	1	4
191	1738	1	4
187	1744	1	4
191	1744	1	4
192	1744	2	4
240	1744	1	4
445	1744	1	4
5	1750	1	4
80	1750	1	4
170	1750	1	4
478	1750	1	4
483	1750	1	4
5	1752	1	4
80	1752	1	4
170	1752	1	4
478	1752	1	4
483	1752	1	4
113	1756	1	4
198	1756	1	4
213	1756	1	4
220	1756	1	4
81	1760	1	4
257	1760	1	4
160	1761	1	4
220	1761	1	4
323	1761	1	4
171	1767	1	4
220	1767	1	4
270	1767	1	4
5	1768	1	4
80	1768	1	4
155	1777	1	4
465	1777	1	4
201	1778	1	4
189	1780	1	4
338	1780	1	4
353	1780	1	4
106	1783	1	4
433	1783	2	4
445	1783	1	4
490	1783	2	4
376	1788	1	4
403	1788	1	4
335	1790	1	4
479	1790	1	4
177	1791	1	4
256	1798	1	4
43	1799	1	4
143	1799	1	4
276	1799	1	4
99	1803	1	4
201	1803	1	4
103	1804	1	4
81	1813	1	4
332	1814	1	4
445	1814	1	4
28	1815	1	4
270	1815	1	4
300	1818	1	4
268	1832	1	4
43	1840	1	4
328	1840	1	4
346	1840	1	4
111	1846	1	4
71	1850	1	4
201	1850	1	4
479	1855	1	4
79	1858	1	4
465	1858	1	4
220	1861	1	4
235	1861	1	4
242	1861	1	4
323	1861	1	4
415	1861	1	4
220	1862	1	4
448	1863	1	4
486	1867	1	4
183	1873	1	4
250	1873	1	4
445	1891	1	4
474	1891	1	4
441	1909	1	4
151	1910	1	4
446	1910	1	4
169	1911	1	4
220	1911	1	4
289	1911	1	4
323	1911	1	4
452	1915	1	4
61	1927	1	4
162	1930	1	4
276	1930	1	4
309	1930	1	4
442	1930	1	4
160	1931	1	4
220	1931	1	4
323	1931	1	4
300	1933	1	4
309	1933	1	4
442	1933	1	4
227	1934	1	4
309	1934	1	4
442	1934	1	4
198	1935	1	4
309	1935	1	4
442	1935	1	4
268	1937	1	4
455	1937	1	4
170	1944	1	4
265	1944	1	4
324	1944	1	4
400	1944	1	4
259	1948	1	4
276	1948	1	4
488	1948	1	4
277	1963	3	4
385	1963	1	4
271	1964	1	4
48	1966	1	4
155	1966	1	4
220	1966	1	4
200	1971	1	4
479	1971	1	4
88	1972	1	4
220	1972	1	4
302	1972	1	4
310	1972	1	4
327	1972	1	4
328	1972	1	4
398	1975	1	4
208	1983	1	4
220	1983	1	4
235	1983	1	4
323	1983	1	4
161	1992	1	4
220	1992	1	4
240	1992	1	4
335	1992	1	4
82	1993	1	4
122	1993	1	4
207	1993	1	4
394	1993	1	4
425	1993	1	4
445	1996	1	4
82	2000	1	4
122	2000	1	4
180	2000	1	4
207	2000	1	4
394	2000	1	4
425	2000	1	4
490	2000	1	4
73	2001	1	4
270	2001	1	4
365	2001	1	4
466	2001	1	4
469	2001	1	4
155	2007	1	4
479	2012	1	4
445	2013	1	4
501	2013	1	4
49	2017	1	4
188	2017	1	4
191	2017	1	4
290	2017	1	4
488	2017	1	4
146	2024	1	4
150	2025	1	4
189	2025	1	4
445	2025	1	4
466	2025	1	4
117	2031	1	4
276	2031	1	4
400	2031	1	4
467	2031	1	4
448	2033	1	4
85	2040	1	4
352	2040	1	4
106	2042	1	4
308	2042	1	4
486	2042	1	4
63	2044	1	4
279	2044	1	4
369	2044	1	4
225	2052	1	4
181	2054	1	4
349	2054	1	4
482	2054	1	4
225	2063	1	4
490	2063	1	4
505	2063	1	4
221	2067	1	4
455	2067	1	4
494	2067	1	4
419	2073	1	4
9	2083	1	4
198	2083	1	4
333	2083	1	4
4	2087	1	4
308	2087	1	4
485	2087	1	4
319	2089	1	4
333	2089	1	4
424	2089	1	4
445	2089	1	4
458	2089	1	4
482	2089	1	4
93	2098	1	4
118	2098	1	4
308	2098	2	4
486	2098	1	4
220	2101	1	4
376	2101	1	4
417	2105	1	4
374	2109	1	4
194	2111	1	4
220	2111	1	4
323	2111	1	4
366	2111	1	4
75	2114	1	4
499	2114	1	4
220	2116	1	4
318	2116	1	4
103	2128	1	4
141	2128	1	4
214	2128	1	4
220	2128	1	4
247	2128	1	4
430	2128	1	4
94	2134	1	4
111	2134	1	4
128	2134	1	4
133	2134	1	4
25	2141	1	4
352	2141	1	4
199	2142	1	4
218	2142	1	4
305	2142	1	4
432	2142	1	4
479	2142	1	4
28	2146	1	4
177	2146	1	4
276	2146	1	4
297	2146	1	4
352	2146	1	4
445	2146	1	4
159	2148	1	4
270	2148	1	4
338	2148	1	4
460	2148	1	4
106	2149	1	4
207	2149	1	4
346	2149	1	4
394	2149	1	4
88	2151	1	4
158	2151	1	4
281	2151	1	4
62	2155	1	4
29	2160	1	4
62	2160	1	4
352	2160	1	4
177	2164	1	4
274	2164	1	4
304	2164	2	4
365	2164	1	4
445	2164	1	4
495	2164	1	4
139	2168	1	4
221	2168	1	4
329	2168	1	4
334	2168	1	4
397	2168	1	4
479	2168	2	4
187	2175	1	4
220	2175	1	4
445	2175	1	4
491	2175	1	4
116	2176	1	4
203	2178	1	4
436	2178	1	4
495	2180	1	4
503	2180	1	4
337	2181	1	4
445	2181	1	4
22	2184	1	4
213	2184	1	4
266	2184	2	4
385	2184	1	4
93	2185	1	4
446	2185	1	4
452	2185	1	4
220	2192	1	4
235	2192	1	4
242	2192	1	4
323	2192	1	4
415	2192	1	4
346	2193	1	4
300	2194	1	4
480	2194	1	4
270	2201	1	4
302	2201	1	4
311	2201	1	4
446	2201	1	4
503	2201	1	4
276	2202	1	4
363	2203	1	4
174	2214	1	4
270	2214	1	4
64	2220	1	4
373	2229	1	4
220	2243	1	4
329	2243	1	4
376	2243	1	4
494	2243	1	4
326	2244	1	4
225	2245	1	4
243	2245	1	4
62	2246	1	4
445	2252	1	4
35	2253	1	4
48	2253	1	4
276	2253	1	4
319	2254	1	4
349	2254	1	4
87	2259	1	4
182	2259	1	4
319	2259	1	4
494	2263	1	4
172	2269	1	4
165	2278	1	4
210	2278	1	4
439	2281	1	4
140	2284	1	4
141	2284	1	4
352	2284	1	4
400	2284	1	4
441	2284	1	4
445	2284	1	4
326	2285	1	4
455	2285	1	4
6	2286	1	4
501	2286	1	4
300	2287	1	4
13	2290	1	4
268	2290	1	4
357	2290	1	4
326	2291	1	4
494	2291	1	4
22	2292	1	4
177	2292	1	4
270	2292	1	4
283	2292	1	4
494	2292	1	4
82	2296	1	4
146	2296	1	4
163	2296	1	4
221	2296	1	4
300	2296	1	4
445	2296	1	4
406	2300	1	4
157	2305	1	4
220	2306	1	4
180	2309	1	4
197	2309	1	4
491	2309	1	4
66	2313	1	4
131	2313	1	4
133	2313	1	4
180	2313	1	4
419	2313	1	4
498	2313	1	4
61	2317	1	4
424	2317	1	4
116	2319	1	4
126	2319	1	4
246	2319	1	4
495	2319	1	4
206	2324	1	4
220	2324	1	4
66	2327	1	4
133	2327	1	4
223	2327	1	4
483	2327	1	4
270	2336	1	4
276	2336	1	4
87	2339	1	4
119	2339	1	4
391	2339	1	4
124	2340	1	4
127	2340	1	4
266	2340	1	4
422	2340	1	4
483	2340	2	4
220	2344	1	4
172	2348	1	4
352	2348	1	4
490	2348	1	4
25	2350	1	4
89	2350	1	4
185	2350	1	4
220	2350	1	4
328	2350	1	4
160	2360	1	4
366	2360	1	4
220	2361	1	4
320	2374	1	4
479	2374	2	4
189	2379	1	4
452	2379	1	4
202	2381	1	4
253	2381	1	4
126	2385	1	4
185	2385	1	4
220	2385	1	4
268	2385	1	4
185	2388	5	4
308	2388	1	4
36	2405	2	4
198	2405	1	4
220	2405	1	4
220	2406	1	4
132	2416	1	4
276	2416	1	4
53	2423	1	4
165	2423	1	4
220	2423	1	4
227	2423	1	4
420	2423	1	4
490	2423	1	4
116	2431	1	4
201	2431	1	4
225	2431	1	4
421	2442	1	4
480	2443	1	4
311	2445	1	4
341	2445	1	4
421	2445	1	4
127	2447	1	4
480	2448	1	4
93	2450	1	4
175	2450	1	4
323	2450	1	4
479	2450	1	4
179	2453	1	4
320	2453	1	4
399	2453	1	4
490	2453	1	4
46	2455	1	4
175	2455	1	4
319	2455	1	4
207	2462	1	4
248	2462	1	4
394	2462	1	4
423	2462	1	4
220	2463	1	4
352	2463	1	4
439	2463	1	4
468	2463	1	4
494	2463	1	4
220	2468	1	4
342	2468	1	4
121	2470	1	4
228	2470	1	4
393	2470	1	4
445	2470	1	4
172	2474	2	4
220	2477	1	4
31	2482	1	4
301	2482	1	4
432	2482	1	4
459	2482	1	4
474	2482	1	4
479	2484	1	4
29	2490	1	4
268	2490	1	4
447	2490	1	4
228	2491	1	4
445	2491	1	4
213	2501	1	4
268	2501	1	4
301	2501	1	4
459	2501	1	4
135	2504	1	4
215	2504	1	4
63	2506	1	4
268	2506	1	4
301	2506	1	4
459	2506	1	4
190	2510	1	4
301	2510	1	4
408	2510	1	4
459	2510	1	4
284	2512	1	4
324	2512	1	4
387	2512	1	4
23	2538	1	4
63	2538	1	4
302	2538	1	4
80	2554	1	4
122	2554	1	4
220	2558	1	4
374	2560	1	4
128	2561	1	4
301	2561	1	4
459	2561	1	4
486	2561	1	4
220	2568	1	4
220	2573	1	4
227	2573	1	4
373	2573	1	4
3	2576	1	4
110	2576	1	4
283	2576	1	4
323	2576	1	4
341	2576	1	4
202	2578	1	4
217	2578	1	4
466	2578	1	4
220	2579	1	4
319	2580	1	4
443	2580	1	4
507	2581	1	4
341	2584	1	4
358	2584	1	4
445	2584	1	4
471	2584	1	4
508	2585	1	4
20	2587	1	4
116	2587	1	4
151	2587	1	4
332	197	1	5
327	199	1	5
220	296	1	5
323	296	1	5
366	296	2	5
8	358	1	5
220	358	1	5
235	358	1	5
239	358	1	5
323	358	1	5
508	358	1	5
214	429	1	5
220	429	1	5
239	429	1	5
276	429	1	5
400	429	1	5
218	454	1	5
220	454	1	5
323	454	1	5
331	454	1	5
334	454	1	5
129	478	1	5
166	486	1	5
171	486	1	5
156	490	1	5
220	490	1	5
110	513	1	5
215	513	1	5
247	513	1	5
405	513	1	5
239	514	1	5
158	530	1	5
302	533	1	5
346	535	1	5
412	535	1	5
449	535	1	5
476	535	2	5
159	536	2	5
268	536	1	5
270	536	1	5
445	536	1	5
468	536	1	5
268	537	1	5
201	547	1	5
220	548	1	5
426	548	1	5
445	548	1	5
116	561	1	5
296	561	1	5
310	561	1	5
354	561	1	5
417	561	1	5
417	564	1	5
55	567	1	5
110	567	1	5
270	567	1	5
297	567	1	5
410	567	1	5
419	567	1	5
452	567	1	5
161	572	1	5
170	572	1	5
275	572	1	5
293	572	1	5
354	572	1	5
177	573	1	5
412	576	1	5
438	576	1	5
220	577	1	5
480	577	1	5
222	580	1	5
474	583	1	5
213	591	1	5
450	591	1	5
507	591	1	5
213	593	1	5
103	600	1	5
217	600	1	5
320	600	1	5
452	600	1	5
387	605	1	5
220	611	1	5
484	611	1	5
220	623	1	5
323	623	1	5
366	623	2	5
8	660	1	5
131	664	1	5
159	664	1	5
217	664	1	5
338	664	1	5
339	664	1	5
404	664	1	5
406	664	1	5
445	664	1	5
145	666	1	5
159	666	1	5
243	666	1	5
445	666	1	5
158	673	1	5
156	690	1	5
310	690	1	5
417	690	2	5
220	704	1	5
7	711	1	5
10	711	1	5
60	711	1	5
80	711	1	5
220	711	1	5
410	718	1	5
115	722	1	5
410	722	1	5
213	725	1	5
319	725	1	5
354	725	1	5
389	725	1	5
30	733	1	5
339	733	1	5
501	733	1	5
239	734	1	5
259	734	1	5
40	742	1	5
433	742	1	5
159	765	1	5
259	765	1	5
297	765	1	5
100	805	1	5
111	805	1	5
445	805	1	5
488	805	1	5
341	813	1	5
426	813	1	5
6	860	1	5
201	860	1	5
341	860	1	5
276	863	1	5
291	863	1	5
479	863	1	5
220	865	1	5
270	876	1	5
341	876	1	5
342	876	1	5
467	876	2	5
490	876	1	5
270	887	1	5
376	887	1	5
410	932	1	5
489	932	1	5
7	979	1	5
10	979	1	5
80	979	1	5
220	979	1	5
480	979	1	5
490	988	1	5
203	1070	1	5
220	1070	1	5
241	1070	1	5
266	1070	1	5
322	1070	1	5
220	1084	1	5
177	1102	1	5
386	1102	1	5
433	1102	1	5
445	1102	1	5
77	1158	1	5
173	1158	1	5
217	1158	1	5
460	1158	1	5
479	1158	1	5
77	1160	1	5
449	1160	1	5
38	1165	1	5
228	1165	1	5
421	1165	1	5
319	1166	1	5
387	1166	1	5
464	1167	1	5
7	1211	1	5
10	1211	1	5
206	1211	1	5
220	1211	1	5
275	1211	1	5
220	1273	1	5
239	1273	1	5
323	1273	1	5
366	1273	1	5
324	1274	1	5
503	1274	1	5
63	1284	1	5
220	1284	1	5
508	1284	1	5
204	1337	1	5
276	1337	1	5
398	1337	1	5
412	1337	1	5
201	1365	1	5
300	1365	1	5
131	1368	1	5
233	1368	1	5
220	1387	1	5
302	1387	1	5
452	1387	1	5
176	1389	1	5
220	1389	1	5
47	1407	1	5
323	1407	1	5
7	1420	1	5
10	1420	1	5
80	1420	1	5
220	1420	1	5
235	1420	1	5
323	1420	1	5
346	1420	1	5
4	1458	1	5
84	1458	1	5
284	1458	1	5
319	1458	1	5
324	1458	1	5
406	1458	1	5
429	1458	1	5
360	1481	1	5
8	1514	1	5
165	1514	1	5
220	1514	1	5
239	1514	1	5
242	1514	1	5
324	1514	1	5
29	1577	1	5
47	1577	1	5
291	1577	1	5
318	1577	1	5
492	1577	1	5
20	1588	1	5
270	1588	1	5
336	1588	1	5
441	1588	1	5
148	1624	1	5
220	1624	1	5
454	1624	1	5
388	1646	1	5
173	1666	1	5
7	1680	1	5
10	1680	1	5
60	1680	2	5
220	1680	1	5
324	1680	1	5
67	1691	1	5
114	1691	1	5
131	1691	1	5
161	1691	1	5
186	1691	1	5
189	1691	1	5
275	1691	1	5
323	1691	1	5
445	1691	1	5
467	1691	1	5
140	1723	1	5
341	1723	1	5
342	1739	1	5
220	1773	1	5
358	1773	1	5
473	1773	1	5
17	1785	1	5
30	1785	1	5
256	1785	1	5
479	1785	1	5
508	1785	1	5
214	1786	1	5
45	1828	1	5
47	1828	1	5
76	1828	1	5
99	1833	1	5
168	1833	1	5
373	1833	1	5
432	1833	1	5
45	1854	1	5
47	1854	1	5
473	1883	1	5
176	1888	1	5
376	1888	1	5
445	1923	1	5
454	1923	1	5
276	1953	2	5
455	1956	1	5
495	1959	1	5
102	1973	1	5
220	1973	1	5
324	1973	1	5
449	1973	1	5
61	1978	1	5
213	1978	1	5
220	1978	1	5
436	2072	1	5
177	2082	1	5
270	2082	1	5
386	2082	1	5
492	2082	1	5
183	2085	1	5
210	2085	1	5
220	2085	1	5
386	2085	1	5
220	2090	1	5
386	2090	1	5
430	2090	1	5
270	2092	1	5
337	2092	1	5
319	2093	1	5
391	2093	1	5
183	2094	1	5
385	2094	1	5
472	2094	2	5
25	2096	1	5
414	2096	1	5
464	2096	1	5
486	2096	1	5
183	2099	1	5
472	2099	1	5
28	2102	1	5
130	2102	1	5
220	2102	1	5
352	2102	1	5
452	2102	1	5
15	2106	1	5
120	2106	1	5
156	2106	1	5
276	2106	1	5
310	2106	1	5
475	2106	1	5
174	2130	1	5
20	2131	1	5
89	2133	1	5
270	2133	1	5
300	2133	1	5
5	2169	1	5
31	2169	1	5
324	2169	1	5
389	2169	1	5
26	2208	1	5
202	2208	1	5
432	2208	1	5
171	2216	1	5
70	2221	1	5
149	2221	1	5
171	2221	1	5
215	2221	1	5
220	2221	1	5
270	2221	1	5
319	2221	1	5
372	2221	1	5
406	2221	1	5
445	2221	1	5
454	2221	2	5
505	2221	1	5
220	2262	1	5
365	2262	1	5
425	2262	1	5
479	2262	2	5
323	2282	1	5
380	2308	1	5
452	2308	1	5
479	2308	1	5
189	2310	1	5
220	2310	1	5
299	2310	1	5
8	2329	1	5
78	2329	1	5
239	2329	1	5
268	2329	1	5
508	2329	1	5
56	2427	1	5
220	2435	1	5
323	2435	1	5
366	2435	1	5
220	2566	1	5
303	2566	1	5
27	2589	1	5
480	2589	1	5
489	2589	1	5
131	2	1	6
175	11	1	6
314	11	1	6
61	38	1	6
62	38	1	6
73	38	1	6
98	38	1	6
316	38	1	6
326	38	1	6
220	40	1	6
275	40	1	6
402	40	1	6
173	63	1	6
220	63	1	6
271	72	1	6
383	72	1	6
456	79	1	6
74	84	1	6
87	98	1	6
448	98	1	6
79	99	1	6
101	99	1	6
116	99	1	6
392	99	1	6
393	99	1	6
397	99	1	6
103	110	1	6
20	112	1	6
151	112	1	6
180	112	1	6
346	112	1	6
359	112	1	6
220	126	1	6
391	126	1	6
461	126	1	6
88	154	1	6
220	154	1	6
112	160	1	6
299	168	1	6
75	192	1	6
79	192	1	6
349	192	1	6
365	215	1	6
372	215	1	6
406	215	1	6
450	215	1	6
384	220	1	6
505	220	1	6
365	224	1	6
463	224	1	6
183	228	1	6
182	239	1	6
270	239	1	6
29	251	1	6
300	251	1	6
164	266	1	6
208	266	1	6
220	266	1	6
275	266	1	6
323	266	1	6
196	286	1	6
387	286	1	6
410	286	1	6
455	286	1	6
79	288	1	6
319	288	1	6
452	288	1	6
454	288	1	6
220	424	2	6
8	466	1	6
127	466	1	6
302	466	1	6
401	466	1	6
220	473	1	6
345	473	1	6
359	473	1	6
461	473	1	6
490	488	2	6
220	491	1	6
96	494	1	6
145	494	1	6
198	494	1	6
288	494	1	6
445	494	1	6
14	497	1	6
220	497	1	6
231	497	1	6
278	497	1	6
457	497	1	6
42	499	2	6
217	499	1	6
276	499	1	6
403	499	1	6
430	499	1	6
447	499	1	6
469	499	1	6
479	499	1	6
201	504	1	6
306	504	1	6
324	518	1	6
201	538	1	6
247	538	1	6
452	538	1	6
145	569	1	6
171	569	1	6
278	569	1	6
325	569	1	6
369	569	1	6
387	569	1	6
452	569	1	6
387	588	1	6
274	597	1	6
105	659	1	6
270	659	1	6
363	659	1	6
386	659	1	6
105	678	1	6
223	678	2	6
353	678	1	6
386	678	1	6
429	678	1	6
474	678	1	6
220	682	1	6
334	682	1	6
346	682	1	6
472	682	1	6
105	689	1	6
151	689	1	6
194	689	1	6
206	689	1	6
386	689	1	6
189	695	1	6
203	695	1	6
315	695	1	6
2	731	3	6
220	731	1	6
241	731	1	6
381	731	1	6
41	735	1	6
220	735	1	6
241	735	1	6
323	735	1	6
336	735	1	6
395	735	1	6
278	739	1	6
284	739	1	6
325	739	1	6
387	739	1	6
452	739	1	6
220	763	1	6
23	775	1	6
72	775	1	6
213	775	1	6
319	775	1	6
387	775	1	6
180	780	1	6
180	781	1	6
20	783	1	6
223	783	1	6
227	783	1	6
266	783	1	6
268	783	1	6
362	783	1	6
84	799	1	6
101	799	1	6
138	799	1	6
217	799	1	6
392	799	1	6
426	800	1	6
220	804	1	6
19	810	1	6
31	810	1	6
96	827	1	6
123	827	1	6
151	827	1	6
30	833	1	6
276	833	1	6
302	833	1	6
13	837	1	6
123	837	1	6
445	837	1	6
479	837	1	6
488	837	1	6
50	844	1	6
171	844	1	6
220	846	1	6
452	846	1	6
489	846	1	6
118	850	1	6
319	850	1	6
380	850	1	6
220	859	1	6
345	859	1	6
359	859	1	6
366	859	1	6
220	862	1	6
220	864	1	6
95	866	1	6
365	866	1	6
436	866	1	6
490	879	1	6
445	885	1	6
220	892	1	6
366	892	1	6
316	893	1	6
61	896	1	6
316	896	1	6
365	896	1	6
479	896	2	6
220	898	1	6
220	905	1	6
241	905	1	6
57	912	1	6
296	912	1	6
381	912	1	6
386	912	1	6
435	912	1	6
445	912	1	6
177	914	1	6
452	914	1	6
242	916	1	6
415	916	1	6
195	918	1	6
220	918	1	6
201	921	1	6
306	921	1	6
481	921	1	6
220	926	1	6
220	928	1	6
323	928	1	6
334	928	1	6
377	928	1	6
78	930	1	6
215	930	1	6
296	930	1	6
410	930	1	6
478	930	1	6
144	935	1	6
247	935	1	6
319	935	1	6
57	940	1	6
154	940	1	6
296	940	1	6
353	940	1	6
177	943	1	6
272	943	1	6
386	943	1	6
429	943	1	6
14	945	1	6
231	945	2	6
56	956	1	6
161	956	1	6
220	956	1	6
231	956	1	6
364	956	1	6
387	956	1	6
143	957	1	6
160	957	1	6
220	957	1	6
433	957	1	6
314	960	1	6
468	960	1	6
110	961	1	6
318	961	1	6
386	961	1	6
479	961	1	6
154	972	1	6
177	972	1	6
220	980	1	6
274	989	1	6
285	989	1	6
295	989	1	6
285	990	1	6
295	990	1	6
468	991	1	6
132	992	1	6
276	992	1	6
285	992	1	6
295	992	1	6
465	993	1	6
201	995	1	6
157	998	1	6
224	998	1	6
285	998	1	6
295	998	1	6
336	998	1	6
466	998	2	6
134	1002	1	6
374	1004	1	6
452	1005	1	6
1	1032	1	6
105	1032	1	6
316	1032	1	6
386	1032	1	6
193	1035	1	6
220	1035	1	6
396	1035	1	6
433	1035	1	6
134	1036	1	6
288	1036	1	6
362	1036	1	6
445	1036	1	6
154	1037	1	6
312	1037	1	6
395	1037	1	6
95	1038	1	6
210	1041	1	6
319	1041	1	6
408	1041	1	6
445	1041	1	6
140	1044	1	6
189	1044	1	6
312	1044	1	6
316	1044	1	6
353	1044	1	6
2	1045	1	6
220	1045	1	6
241	1045	1	6
381	1045	1	6
2	1046	1	6
220	1046	1	6
241	1046	1	6
457	1046	1	6
116	1047	1	6
162	1047	1	6
220	1047	1	6
293	1047	1	6
154	1050	1	6
312	1050	1	6
316	1050	1	6
352	1050	1	6
353	1050	1	6
470	1050	1	6
162	1061	1	6
187	1061	1	6
270	1061	1	6
398	1061	1	6
413	1061	1	6
495	1061	1	6
91	1064	1	6
154	1066	1	6
177	1066	1	6
312	1066	1	6
357	1066	1	6
400	1066	1	6
479	1066	1	6
35	1068	1	6
341	1074	1	6
134	1080	1	6
387	1080	1	6
486	1080	1	6
284	1086	1	6
324	1086	1	6
367	1086	1	6
6	1087	2	6
52	1087	1	6
162	1087	1	6
184	1087	1	6
262	1087	1	6
263	1087	1	6
270	1087	2	6
78	1092	1	6
452	1092	1	6
78	1095	1	6
452	1095	1	6
220	1100	1	6
68	1124	1	6
220	1124	1	6
282	1124	1	6
323	1124	1	6
366	1124	1	6
58	1129	1	6
220	1129	1	6
283	1129	1	6
346	1129	1	6
433	1129	1	6
445	1129	1	6
501	1129	1	6
422	1140	1	6
486	1140	1	6
329	1147	1	6
344	1147	1	6
352	1147	1	6
20	1151	1	6
253	1152	1	6
479	1154	1	6
88	1155	1	6
258	1155	1	6
324	1155	1	6
246	1156	1	6
220	1157	1	6
293	1157	1	6
113	1161	1	6
194	1161	1	6
213	1161	2	6
220	1161	1	6
436	1161	1	6
198	1174	1	6
341	1174	1	6
378	1174	1	6
20	1187	1	6
445	1187	1	6
486	1187	1	6
277	1191	1	6
40	1194	1	6
113	1194	1	6
298	1195	1	6
220	1209	1	6
346	1209	1	6
25	1210	1	6
177	1210	1	6
452	1210	1	6
155	1212	1	6
170	1212	1	6
177	1212	1	6
395	1212	1	6
455	1212	1	6
40	1218	1	6
113	1218	1	6
198	1218	1	6
220	1220	1	6
225	1220	1	6
276	1223	1	6
348	1223	1	6
220	1228	1	6
349	1228	1	6
77	1229	1	6
213	1229	1	6
445	1229	1	6
111	1230	1	6
220	1230	1	6
190	1237	1	6
479	1237	1	6
220	1238	1	6
238	1238	1	6
32	1291	2	6
66	1291	1	6
398	1293	1	6
220	1306	1	6
323	1306	1	6
366	1306	2	6
220	1317	1	6
164	1339	1	6
208	1339	1	6
218	1339	1	6
220	1339	1	6
323	1339	1	6
418	1339	1	6
17	1348	1	6
124	1348	1	6
220	1348	1	6
417	1348	1	6
473	1348	1	6
220	1354	1	6
323	1354	1	6
334	1354	1	6
377	1354	1	6
153	1364	1	6
352	1364	1	6
362	1364	1	6
387	1364	1	6
366	1367	1	6
105	1373	1	6
347	1373	1	6
386	1373	1	6
126	1376	1	6
177	1376	1	6
455	1376	1	6
57	1377	1	6
98	1377	1	6
315	1377	1	6
353	1377	1	6
177	1378	1	6
40	1379	1	6
57	1380	1	6
353	1380	1	6
381	1380	1	6
441	1380	1	6
504	1380	1	6
57	1382	1	6
9	1385	1	6
220	1385	1	6
323	1385	2	6
366	1385	2	6
164	1388	1	6
208	1388	1	6
220	1388	1	6
366	1388	1	6
51	1427	1	6
220	1427	1	6
222	1427	1	6
227	1427	1	6
445	1427	1	6
78	1442	1	6
90	1442	1	6
276	1442	1	6
342	1442	1	6
433	1442	1	6
445	1442	1	6
486	1442	1	6
220	1455	1	6
270	1455	1	6
290	1455	1	6
266	1457	1	6
94	1462	1	6
265	1462	1	6
32	1465	1	6
224	1465	1	6
228	1465	1	6
233	1465	1	6
278	1465	1	6
292	1465	1	6
425	1465	1	6
495	1465	1	6
220	1474	1	6
323	1474	1	6
324	1474	1	6
366	1474	1	6
160	1475	1	6
207	1475	1	6
220	1475	1	6
289	1475	1	6
334	1475	1	6
151	1476	1	6
407	1476	1	6
369	1486	1	6
45	1488	1	6
26	1489	1	6
161	1489	1	6
225	1489	1	6
174	1502	1	6
319	1502	1	6
479	1502	1	6
220	1508	1	6
323	1508	2	6
337	1531	1	6
479	1531	1	6
488	1531	1	6
80	1541	1	6
337	1541	1	6
488	1541	1	6
96	1545	1	6
183	1545	1	6
465	1545	1	6
213	1547	1	6
220	1547	1	6
486	1547	1	6
63	1558	1	6
383	1558	1	6
445	1558	1	6
113	1574	2	6
198	1574	1	6
213	1574	2	6
227	1574	1	6
300	1574	1	6
388	1574	1	6
220	1576	1	6
323	1576	1	6
334	1576	1	6
377	1576	1	6
197	1579	1	6
206	1579	1	6
189	1580	1	6
212	1580	1	6
220	1580	1	6
276	1582	1	6
479	1582	1	6
134	1584	1	6
184	1584	1	6
258	1584	1	6
292	1584	1	6
421	1584	1	6
128	1585	1	6
201	1585	1	6
323	1585	1	6
55	1587	1	6
434	1587	1	6
479	1587	1	6
206	1598	1	6
308	1598	1	6
446	1598	1	6
483	1598	1	6
164	1605	2	6
208	1605	2	6
220	1605	1	6
323	1605	2	6
318	1622	1	6
374	1622	1	6
185	1626	1	6
268	1626	1	6
270	1626	1	6
277	1626	1	6
372	1626	1	6
29	1634	1	6
276	1634	1	6
319	1634	1	6
403	1634	1	6
479	1634	1	6
3	1638	1	6
499	1638	1	6
6	1639	1	6
407	1639	1	6
33	1641	1	6
162	1647	1	6
220	1647	1	6
323	1647	1	6
334	1647	1	6
377	1647	1	6
177	1649	1	6
268	1649	1	6
276	1649	1	6
354	1649	2	6
486	1649	1	6
210	1654	1	6
266	1654	1	6
270	1662	1	6
400	1662	1	6
183	1667	1	6
264	1667	1	6
358	1667	1	6
450	1667	1	6
503	1667	1	6
29	1682	1	6
133	1682	1	6
220	1682	1	6
334	1682	1	6
256	1687	1	6
189	1735	1	6
452	1735	1	6
220	1749	1	6
345	1749	1	6
359	1749	1	6
461	1749	1	6
220	1753	1	6
345	1753	1	6
359	1753	1	6
461	1753	1	6
220	1757	1	6
323	1757	1	6
334	1757	1	6
377	1757	1	6
200	1759	1	6
220	1759	1	6
476	1759	1	6
42	1762	1	6
220	1762	1	6
365	1762	1	6
484	1762	1	6
220	1779	1	6
323	1779	1	6
334	1779	1	6
377	1779	1	6
246	1782	1	6
483	1782	2	6
17	1784	1	6
220	1784	1	6
111	1789	1	6
220	1789	1	6
333	1789	1	6
346	1789	1	6
281	1794	1	6
302	1794	1	6
370	1794	1	6
94	1797	1	6
262	1797	1	6
113	1801	1	6
194	1801	1	6
198	1801	1	6
220	1801	1	6
220	1802	1	6
270	1802	1	6
362	1806	1	6
472	1806	1	6
17	1820	1	6
220	1820	1	6
275	1820	1	6
350	1820	1	6
220	1823	1	6
477	1823	1	6
68	1824	1	6
220	1824	1	6
282	1824	1	6
323	1824	1	6
366	1824	1	6
213	1834	1	6
394	1834	3	6
220	1835	1	6
323	1835	1	6
220	1837	1	6
323	1837	1	6
220	1838	1	6
403	1838	1	6
220	1841	1	6
302	1841	1	6
88	1844	1	6
164	1844	1	6
208	1844	1	6
220	1844	1	6
323	1844	1	6
164	1848	1	6
208	1848	1	6
220	1848	1	6
274	1848	1	6
354	1848	1	6
410	1848	1	6
418	1848	1	6
445	1848	1	6
438	1856	1	6
220	1875	1	6
377	1875	1	6
501	1879	1	6
124	1885	1	6
317	1885	1	6
9	1887	1	6
48	1887	1	6
241	1887	1	6
317	1887	1	6
411	1887	1	6
155	1892	1	6
317	1892	1	6
406	1892	1	6
411	1892	1	6
454	1892	1	6
455	1892	1	6
486	1892	1	6
20	1894	1	6
485	1894	1	6
151	1899	1	6
168	1899	1	6
196	1899	1	6
27	1903	1	6
180	1903	1	6
198	1903	1	6
215	1903	1	6
220	1903	1	6
83	1912	1	6
150	1912	1	6
382	1912	1	6
117	1913	1	6
381	1913	1	6
443	1913	2	6
493	1922	1	6
63	1942	1	6
173	1942	1	6
220	1952	1	6
393	1952	1	6
490	1952	1	6
61	1960	1	6
505	1960	1	6
220	1977	1	6
399	1977	1	6
461	1977	1	6
276	2038	2	6
285	2038	1	6
295	2038	1	6
79	2046	1	6
285	2048	1	6
386	2048	1	6
199	2051	1	6
213	2051	1	6
218	2051	1	6
220	2051	1	6
418	2051	1	6
421	2051	1	6
173	2056	1	6
220	2056	1	6
452	2062	1	6
276	2064	1	6
22	2070	1	6
63	2070	1	6
225	2070	1	6
333	2070	1	6
417	2070	1	6
220	2075	1	6
120	2079	1	6
307	2079	1	6
426	2079	1	6
507	2079	1	6
214	2100	1	6
27	2118	2	6
174	2118	1	6
178	2118	1	6
180	2118	1	6
220	2118	1	6
276	2118	1	6
337	2118	1	6
474	2119	1	6
29	2120	1	6
169	2122	2	6
220	2122	1	6
509	2122	2	6
27	2123	1	6
158	2123	1	6
198	2123	1	6
220	2123	1	6
296	2123	1	6
131	2136	1	6
180	2136	1	6
187	2136	1	6
199	2136	1	6
17	2140	1	6
220	2140	1	6
405	2140	1	6
397	2161	1	6
153	2165	1	6
220	2165	1	6
359	2165	1	6
94	2170	1	6
302	2170	1	6
308	2170	1	6
220	2173	1	6
382	2173	1	6
213	2177	2	6
220	2177	1	6
308	2177	1	6
486	2177	1	6
88	2195	1	6
164	2195	1	6
208	2195	1	6
220	2195	1	6
323	2195	1	6
9	2196	1	6
403	2196	1	6
264	2199	1	6
487	2199	1	6
29	2207	1	6
139	2207	1	6
220	2207	1	6
175	2213	1	6
115	2215	1	6
150	2215	1	6
268	2215	1	6
445	2215	1	6
48	2223	1	6
419	2223	1	6
449	2223	1	6
464	2223	1	6
483	2223	1	6
220	2231	1	6
274	2231	1	6
323	2231	1	6
366	2231	1	6
507	2237	1	6
299	2239	1	6
319	2239	1	6
260	2241	1	6
276	2241	1	6
445	2241	1	6
479	2241	2	6
482	2241	2	6
110	2251	1	6
268	2251	1	6
64	2264	1	6
268	2264	1	6
429	2264	1	6
164	2265	1	6
208	2265	1	6
245	2274	1	6
364	2274	1	6
454	2274	1	6
480	2274	1	6
220	2280	1	6
97	2288	1	6
127	2288	1	6
319	2288	1	6
479	2297	1	6
498	2297	1	6
36	2358	1	6
220	2358	1	6
275	2358	1	6
302	2358	1	6
205	2359	1	6
220	2359	1	6
300	2359	1	6
324	2359	1	6
340	2359	1	6
366	2359	1	6
455	2359	1	6
161	2365	1	6
341	2365	1	6
467	2365	1	6
189	2371	1	6
371	2371	1	6
470	2371	1	6
490	2371	1	6
213	2377	1	6
150	2383	2	6
445	2383	1	6
276	2410	1	6
341	2410	1	6
198	2411	1	6
220	2411	1	6
73	2412	1	6
90	2412	1	6
324	2412	1	6
164	2413	1	6
208	2413	1	6
220	2413	1	6
323	2413	1	6
53	2420	1	6
73	2420	1	6
90	2420	1	6
220	2420	1	6
156	2424	1	6
189	2424	1	6
407	2424	1	6
410	2424	1	6
445	2424	1	6
458	2424	1	6
507	2424	1	6
337	2426	5	6
29	2432	1	6
155	2432	1	6
486	2432	1	6
35	2434	1	6
180	2434	1	6
445	2436	1	6
213	2441	1	6
259	2441	1	6
220	2449	1	6
303	2449	1	6
394	2449	1	6
143	2460	1	6
308	2460	1	6
318	2460	1	6
409	2460	1	6
449	2460	1	6
486	2460	1	6
153	2465	1	6
160	2465	2	6
220	2465	1	6
323	2465	1	6
334	2465	2	6
366	2465	1	6
207	2471	1	6
501	2471	1	6
243	2483	1	6
455	2483	1	6
119	2486	1	6
341	2486	1	6
409	2486	1	6
421	2486	1	6
487	2486	1	6
140	2494	1	6
188	2494	1	6
209	2494	1	6
394	2494	1	6
455	2562	1	6
299	2582	1	6
31	27	1	7
220	28	1	7
445	28	1	7
217	32	1	7
372	32	1	7
70	33	1	7
75	33	1	7
445	33	1	7
490	33	1	7
24	34	1	7
220	34	1	7
344	34	1	7
467	35	1	7
70	36	1	7
75	36	1	7
445	36	1	7
490	36	1	7
95	37	1	7
445	37	1	7
298	39	1	7
409	39	2	7
464	39	1	7
66	43	1	7
233	43	1	7
434	43	1	7
97	76	1	7
119	76	1	7
127	76	1	7
270	100	1	7
36	125	1	7
198	125	1	7
220	125	1	7
275	125	1	7
118	129	2	7
180	129	1	7
226	129	1	7
276	129	1	7
346	129	1	7
445	129	1	7
220	132	1	7
272	132	1	7
80	133	1	7
118	133	1	7
183	133	1	7
362	133	1	7
396	133	1	7
352	161	1	7
457	171	1	7
306	182	1	7
386	182	1	7
450	182	1	7
474	182	1	7
66	196	1	7
155	196	1	7
162	196	1	7
220	196	1	7
197	203	1	7
319	223	1	7
445	223	1	7
406	230	1	7
447	230	1	7
490	230	1	7
75	244	1	7
192	252	1	7
48	256	1	7
69	256	1	7
220	260	1	7
396	260	1	7
212	262	1	7
272	262	2	7
504	262	2	7
270	265	1	7
396	265	1	7
468	269	1	7
208	291	1	7
220	291	1	7
319	291	1	7
391	291	1	7
403	303	1	7
479	303	1	7
213	330	1	7
253	330	1	7
307	330	1	7
6	337	1	7
96	337	1	7
481	337	1	7
101	341	1	7
270	341	1	7
392	341	1	7
445	341	1	7
38	347	1	7
151	347	1	7
220	347	1	7
259	347	1	7
220	350	1	7
113	357	1	7
198	357	1	7
213	357	1	7
220	357	1	7
114	436	1	7
185	437	1	7
213	437	1	7
383	437	1	7
445	437	1	7
465	438	1	7
104	440	1	7
114	440	1	7
150	440	1	7
189	440	1	7
94	442	1	7
284	442	1	7
287	442	1	7
324	442	2	7
372	442	1	7
387	442	1	7
452	442	1	7
209	444	1	7
227	444	1	7
197	449	1	7
181	507	1	7
213	507	2	7
220	507	1	7
400	507	1	7
436	507	1	7
27	517	1	7
45	517	1	7
114	517	1	7
167	517	1	7
220	517	1	7
252	517	1	7
319	517	1	7
433	517	1	7
455	517	1	7
324	541	1	7
220	556	1	7
266	556	1	7
486	556	1	7
373	563	1	7
445	563	1	7
456	563	1	7
77	608	1	7
208	608	1	7
220	608	1	7
323	608	1	7
61	692	1	7
66	692	1	7
170	692	1	7
139	715	2	7
336	715	1	7
22	750	1	7
180	750	1	7
445	750	1	7
433	758	1	7
36	769	1	7
445	769	1	7
488	769	1	7
270	770	1	7
276	771	1	7
308	771	1	7
277	784	1	7
276	789	1	7
277	789	1	7
70	791	1	7
183	791	1	7
445	791	1	7
53	807	1	7
151	807	1	7
227	807	1	7
350	807	1	7
3	815	1	7
467	815	1	7
471	815	1	7
81	847	1	7
201	847	1	7
348	847	1	7
365	847	1	7
406	869	1	7
36	870	1	7
198	870	1	7
29	881	1	7
143	881	1	7
220	881	1	7
334	881	2	7
83	882	1	7
116	882	1	7
201	882	1	7
319	882	1	7
94	906	2	7
140	906	1	7
201	906	1	7
388	906	1	7
417	906	1	7
485	906	1	7
106	913	1	7
113	919	1	7
361	919	1	7
319	929	1	7
77	937	1	7
220	937	1	7
124	942	1	7
201	942	1	7
270	942	1	7
338	942	1	7
409	942	1	7
449	942	1	7
327	946	1	7
20	955	2	7
124	955	1	7
409	955	2	7
479	955	1	7
308	962	1	7
452	962	1	7
490	962	1	7
71	973	1	7
102	973	1	7
150	973	1	7
220	973	1	7
324	973	1	7
73	1000	1	7
144	1000	1	7
219	1000	1	7
220	1000	1	7
452	1000	1	7
116	1013	1	7
141	1013	1	7
156	1013	1	7
197	1013	1	7
445	1013	1	7
493	1013	1	7
493	1017	1	7
493	1022	1	7
419	1024	1	7
423	1024	1	7
453	1048	1	7
217	1049	1	7
231	1049	1	7
243	1049	1	7
324	1049	1	7
325	1049	1	7
387	1049	1	7
226	1075	1	7
246	1075	1	7
270	1075	1	7
346	1075	1	7
445	1075	1	7
116	1076	2	7
400	1076	2	7
490	1076	2	7
80	1078	1	7
220	1078	1	7
323	1078	1	7
414	1078	1	7
508	1078	1	7
220	1081	1	7
4	1088	1	7
77	1088	1	7
479	1088	1	7
70	1098	1	7
140	1098	1	7
164	1098	1	7
189	1098	1	7
274	1098	1	7
334	1098	1	7
462	1098	1	7
482	1098	1	7
248	1109	1	7
77	1119	1	7
220	1119	1	7
390	1119	1	7
270	1135	1	7
280	1135	1	7
399	1135	1	7
479	1135	2	7
280	1137	1	7
490	1137	1	7
280	1138	1	7
399	1138	1	7
95	1141	1	7
200	1141	1	7
364	1141	1	7
412	1141	1	7
427	1141	1	7
472	1141	1	7
476	1141	1	7
486	1141	1	7
280	1142	1	7
30	1163	1	7
256	1163	1	7
77	1170	1	7
145	1170	1	7
220	1170	1	7
324	1170	1	7
366	1170	1	7
445	1170	1	7
480	1175	1	7
259	1183	1	7
336	1183	1	7
417	1183	1	7
452	1183	1	7
508	1183	2	7
241	1189	1	7
246	1189	2	7
341	1189	1	7
417	1189	1	7
445	1203	1	7
220	1213	1	7
443	1213	1	7
70	1226	1	7
217	1226	1	7
406	1226	1	7
64	1233	1	7
171	1233	1	7
263	1243	1	7
266	1243	1	7
341	1243	1	7
428	1243	1	7
456	1243	1	7
263	1246	1	7
266	1246	1	7
341	1246	1	7
428	1246	1	7
26	1258	1	7
50	1258	1	7
193	1258	1	7
219	1258	1	7
333	1258	1	7
185	1263	1	7
102	1267	1	7
238	1267	1	7
294	1267	1	7
315	1267	1	7
390	1267	1	7
198	1272	1	7
445	1272	1	7
479	1272	1	7
110	1279	1	7
217	1279	1	7
387	1279	1	7
406	1279	1	7
26	1280	1	7
302	1280	1	7
333	1280	1	7
365	1280	1	7
378	1280	1	7
393	1280	1	7
475	1288	1	7
349	1309	1	7
319	1310	2	7
446	1310	1	7
220	1312	1	7
386	1312	1	7
441	1312	1	7
445	1312	1	7
220	1314	1	7
323	1314	1	7
490	1323	1	7
201	1334	1	7
324	1334	1	7
499	1334	1	7
463	1355	1	7
490	1355	1	7
304	1375	1	7
86	1390	1	7
206	1396	1	7
410	1397	1	7
167	1400	1	7
179	1400	1	7
268	1400	1	7
270	1400	1	7
32	1405	1	7
220	1408	1	7
310	1408	1	7
106	1425	1	7
344	1425	1	7
386	1425	1	7
184	1426	1	7
276	1426	1	7
433	1426	1	7
180	1428	1	7
81	1435	1	7
124	1435	1	7
177	1435	1	7
220	1435	1	7
318	1435	1	7
346	1435	1	7
486	1435	1	7
330	1447	1	7
128	1454	1	7
233	1454	1	7
445	1454	1	7
220	1482	1	7
399	1482	1	7
441	1482	1	7
334	1506	1	7
474	1506	1	7
486	1506	1	7
80	1548	1	7
220	1548	1	7
323	1548	1	7
414	1548	1	7
508	1548	1	7
318	1551	1	7
344	1551	1	7
472	1551	1	7
81	1570	1	7
185	1575	5	7
318	1575	1	7
13	1612	1	7
163	1612	1	7
238	1615	1	7
276	1615	1	7
452	1615	1	7
220	1616	1	7
53	1623	1	7
60	1623	2	7
395	1623	1	7
445	1623	1	7
488	1623	2	7
187	1637	1	7
227	1637	1	7
346	1637	1	7
135	1648	1	7
227	1650	1	7
499	1650	1	7
36	1653	1	7
96	1653	1	7
111	1653	1	7
202	1657	1	7
209	1657	1	7
332	1670	1	7
445	1670	1	7
198	1686	1	7
205	1686	1	7
124	1694	1	7
341	1694	1	7
470	1694	2	7
490	1694	2	7
392	1696	1	7
140	1698	1	7
183	1704	1	7
227	1704	1	7
341	1704	1	7
151	1705	1	7
270	1706	1	7
445	1706	1	7
19	1711	1	7
64	1713	1	7
187	1713	1	7
276	1713	1	7
145	1714	1	7
224	1714	3	7
97	1719	1	7
140	1719	1	7
196	1719	1	7
246	1719	1	7
297	1719	1	7
423	1719	1	7
482	1719	2	7
484	1719	1	7
220	1724	1	7
30	1728	1	7
256	1728	1	7
257	1728	1	7
264	1728	1	7
310	1728	1	7
433	1728	1	7
305	1741	1	7
307	1741	1	7
27	1763	1	7
45	1763	1	7
114	1763	1	7
167	1763	1	7
220	1763	1	7
252	1763	1	7
319	1763	1	7
433	1763	1	7
455	1763	1	7
276	1771	1	7
100	1775	1	7
220	1775	1	7
308	1775	1	7
334	1775	1	7
22	1776	1	7
212	1776	1	7
306	1796	1	7
505	1796	1	7
417	1869	1	7
23	1904	1	7
164	1904	1	7
208	1904	1	7
220	1904	1	7
323	1904	1	7
18	1914	1	7
276	1914	1	7
93	1928	1	7
145	1928	1	7
253	1928	1	7
273	1928	1	7
393	1928	1	7
40	1939	1	7
146	1939	1	7
276	1939	2	7
220	1946	1	7
177	1974	1	7
102	1988	1	7
220	1988	1	7
319	1988	1	7
233	1999	1	7
406	1999	1	7
332	2037	1	7
70	2058	1	7
77	2074	1	7
220	2074	1	7
366	2074	1	7
428	2104	1	7
13	2145	1	7
485	2145	1	7
220	2182	1	7
486	2182	1	7
344	2186	1	7
467	2187	1	7
226	2189	1	7
218	2191	1	7
174	2198	1	7
380	2198	1	7
467	2198	1	7
479	2198	1	7
430	2200	1	7
445	2200	1	7
139	2204	1	7
14	2205	1	7
117	2205	1	7
183	2205	1	7
281	2205	1	7
469	2205	1	7
66	2217	1	7
186	2217	1	7
406	2217	1	7
505	2217	1	7
479	2228	1	7
45	2233	1	7
244	2233	1	7
410	2233	1	7
445	2234	1	7
230	2236	1	7
247	2236	1	7
14	2242	1	7
117	2242	1	7
469	2242	1	7
215	2247	1	7
164	2256	1	7
208	2256	1	7
220	2256	1	7
323	2256	1	7
97	2257	1	7
450	2257	1	7
245	2261	1	7
352	2261	1	7
215	2267	1	7
220	2267	1	7
245	2267	1	7
445	2267	1	7
462	2267	1	7
287	2270	1	7
220	2272	1	7
29	2277	1	7
185	2277	4	7
220	2277	1	7
277	2277	4	7
45	2283	1	7
66	2283	1	7
244	2283	1	7
245	2283	1	7
247	2283	1	7
81	2311	1	7
508	2311	1	7
23	2312	1	7
220	2312	2	7
266	2312	1	7
356	2312	1	7
118	2314	1	7
133	2314	1	7
187	2314	1	7
216	2314	1	7
130	2323	1	7
220	2323	1	7
410	2323	1	7
452	2323	1	7
323	2325	1	7
334	2325	1	7
500	2325	1	7
458	2328	1	7
29	2335	1	7
493	2338	1	7
56	2345	1	7
189	2345	1	7
73	2347	1	7
226	2347	1	7
476	2347	1	7
60	2357	1	7
89	2357	1	7
124	2368	1	7
220	2368	1	7
427	2368	1	7
48	2378	1	7
490	2378	1	7
151	2380	1	7
302	2380	1	7
403	2380	1	7
469	2380	1	7
473	2380	1	7
151	2389	1	7
153	2389	1	7
186	2389	1	7
311	2389	1	7
467	2389	1	7
445	2399	1	7
465	2399	1	7
479	2399	1	7
110	2419	1	7
220	2419	1	7
220	2422	1	7
270	2422	1	7
445	2422	1	7
4	2425	1	7
346	2425	1	7
365	2425	1	7
220	2433	1	7
445	2440	1	7
150	2464	1	7
312	2464	1	7
454	2464	1	7
270	2466	1	7
445	2466	1	7
466	2466	1	7
1	2469	1	7
201	2469	1	7
220	2469	1	7
283	2469	1	7
470	2469	1	7
492	2469	1	7
1	2472	1	7
201	2472	1	7
220	2472	1	7
283	2472	1	7
470	2472	1	7
492	2472	1	7
3	2485	1	7
97	2485	1	7
119	2485	1	7
183	2485	1	7
270	2485	2	7
319	2485	1	7
408	2485	1	7
329	2487	1	7
454	2487	1	7
26	2517	1	7
101	2517	1	7
135	2517	1	7
138	2517	1	7
217	2517	1	7
392	2517	1	7
406	2517	1	7
455	2517	1	7
230	2521	1	7
54	2529	1	7
161	2529	1	7
279	2529	1	7
54	2532	1	7
161	2532	1	7
279	2532	1	7
54	2533	1	7
161	2533	1	7
279	2533	1	7
355	2533	1	7
54	2535	1	7
161	2535	1	7
279	2535	1	7
355	2535	1	7
54	2541	1	7
161	2541	1	7
279	2541	1	7
355	2541	1	7
54	2542	1	7
161	2542	1	7
279	2542	1	7
355	2542	1	7
54	2543	1	7
161	2543	1	7
279	2543	1	7
355	2543	1	7
14	2547	1	7
469	2547	1	7
48	2550	1	7
120	2550	1	7
136	2550	1	7
144	2550	1	7
195	2550	1	7
220	2550	1	7
227	2552	1	7
244	2552	1	7
417	2567	1	7
40	2569	1	7
276	2570	2	7
189	2572	1	7
89	2577	1	7
352	2577	1	7
39	4	1	8
116	4	1	8
291	4	1	8
490	4	1	8
39	6	1	8
36	8	1	8
198	8	1	8
72	10	1	8
220	10	1	8
310	10	1	8
177	69	1	8
189	69	1	8
276	73	1	8
98	78	2	8
186	78	1	8
327	78	1	8
372	78	1	8
9	172	1	8
29	172	1	8
113	172	1	8
198	172	1	8
220	172	1	8
1	178	1	8
119	193	1	8
189	193	1	8
201	193	2	8
227	193	1	8
480	193	1	8
110	210	2	8
220	210	1	8
114	213	1	8
220	213	2	8
310	213	1	8
373	213	1	8
476	213	1	8
85	243	1	8
223	243	1	8
399	243	1	8
230	246	1	8
17	249	1	8
85	249	1	8
219	249	1	8
222	255	1	8
71	258	1	8
319	295	1	8
324	295	1	8
180	297	1	8
319	297	1	8
18	299	1	8
61	299	1	8
215	299	1	8
344	299	1	8
454	299	1	8
220	312	1	8
273	312	1	8
352	313	1	8
36	314	1	8
151	314	1	8
224	315	1	8
406	315	1	8
203	328	1	8
213	328	1	8
220	328	1	8
239	328	1	8
458	328	1	8
79	351	1	8
71	363	1	8
74	363	1	8
319	363	1	8
123	376	1	8
215	376	1	8
481	376	1	8
207	430	1	8
264	430	1	8
507	430	1	8
187	459	1	8
204	459	1	8
482	459	1	8
505	459	1	8
220	460	1	8
180	463	1	8
328	463	1	8
42	469	1	8
406	469	2	8
104	470	1	8
166	470	1	8
260	470	1	8
305	470	1	8
317	470	1	8
380	470	1	8
432	470	1	8
445	470	1	8
479	470	1	8
175	474	1	8
246	474	1	8
276	474	1	8
507	474	1	8
151	475	1	8
497	475	1	8
159	480	1	8
344	480	1	8
55	501	1	8
220	501	1	8
323	501	1	8
55	502	1	8
145	502	1	8
220	502	1	8
323	502	1	8
55	503	1	8
220	503	1	8
323	503	1	8
349	503	1	8
55	508	1	8
157	508	1	8
220	508	1	8
323	508	1	8
55	509	1	8
162	509	1	8
220	509	1	8
293	509	1	8
323	509	1	8
55	510	1	8
220	510	1	8
323	510	1	8
392	510	1	8
398	510	1	8
55	511	1	8
208	511	1	8
220	511	1	8
323	511	1	8
55	512	1	8
220	512	1	8
323	512	1	8
220	516	1	8
323	516	1	8
256	534	1	8
9	546	1	8
189	546	1	8
445	546	1	8
129	552	1	8
445	552	1	8
490	552	1	8
217	553	1	8
245	553	1	8
123	557	1	8
265	557	1	8
374	557	1	8
447	557	1	8
479	557	1	8
73	558	1	8
344	558	1	8
481	558	1	8
119	566	1	8
452	566	1	8
483	566	1	8
141	568	1	8
156	568	1	8
276	568	1	8
13	575	1	8
181	575	1	8
81	578	1	8
151	578	1	8
162	595	1	8
259	595	1	8
398	595	1	8
162	598	1	8
374	598	1	8
387	598	1	8
430	598	1	8
111	601	1	8
318	601	1	8
452	601	1	8
12	610	1	8
61	610	1	8
228	610	1	8
452	610	1	8
492	610	1	8
20	615	1	8
146	615	1	8
182	615	1	8
227	615	2	8
260	615	1	8
361	615	1	8
470	615	1	8
424	620	1	8
12	625	1	8
61	625	1	8
181	625	1	8
215	625	1	8
259	625	1	8
305	625	1	8
245	628	1	8
276	628	1	8
93	630	1	8
227	630	1	8
305	630	1	8
367	630	1	8
445	630	1	8
479	630	1	8
307	633	1	8
350	633	1	8
374	633	1	8
397	633	1	8
438	633	1	8
483	633	1	8
227	635	2	8
302	635	1	8
373	635	1	8
173	643	1	8
27	654	2	8
171	654	1	8
227	654	1	8
373	654	1	8
488	654	1	8
401	657	1	8
220	665	1	8
245	665	1	8
445	665	1	8
510	665	1	8
36	685	1	8
111	685	1	8
302	685	1	8
435	685	1	8
454	685	1	8
12	694	1	8
58	694	1	8
443	694	1	8
479	694	1	8
123	702	1	8
265	702	1	8
374	702	1	8
447	702	1	8
479	702	1	8
36	706	1	8
198	706	1	8
276	712	1	8
306	712	1	8
433	712	1	8
66	720	1	8
114	720	2	8
148	723	1	8
445	723	1	8
489	723	1	8
114	726	1	8
150	726	1	8
110	730	1	8
438	730	1	8
443	730	1	8
217	736	1	8
406	736	1	8
479	736	1	8
201	737	1	8
452	741	1	8
220	751	1	8
488	753	1	8
220	761	1	8
48	762	1	8
220	762	1	8
245	762	1	8
276	762	1	8
445	762	1	8
70	764	1	8
304	764	2	8
189	767	1	8
220	767	1	8
306	767	1	8
32	774	1	8
416	774	1	8
20	776	1	8
341	776	1	8
63	779	1	8
125	779	1	8
151	779	1	8
306	779	1	8
404	779	1	8
481	779	1	8
498	779	1	8
19	782	1	8
61	782	2	8
69	782	1	8
151	782	1	8
180	782	1	8
452	782	1	8
474	782	1	8
189	785	1	8
268	785	1	8
319	785	1	8
429	785	1	8
463	785	1	8
489	786	1	8
40	787	1	8
69	787	1	8
140	787	1	8
258	787	1	8
447	787	1	8
464	787	1	8
268	788	1	8
445	788	1	8
215	790	1	8
300	790	2	8
66	793	1	8
260	793	1	8
363	793	1	8
66	794	1	8
94	794	1	8
148	794	1	8
211	794	1	8
258	794	1	8
262	794	1	8
340	794	1	8
483	794	1	8
151	795	1	8
215	795	1	8
288	795	1	8
503	795	1	8
203	796	1	8
445	796	1	8
474	796	1	8
93	801	1	8
199	801	1	8
425	801	1	8
482	801	1	8
30	802	1	8
300	802	1	8
350	802	1	8
465	802	1	8
199	803	1	8
276	803	1	8
421	803	1	8
465	803	1	8
482	803	1	8
498	803	1	8
505	803	1	8
140	806	1	8
146	806	1	8
199	806	1	8
211	806	1	8
416	806	1	8
20	812	1	8
66	812	1	8
209	812	1	8
298	812	1	8
399	812	1	8
465	812	1	8
298	814	1	8
465	814	1	8
30	817	1	8
220	817	1	8
256	817	1	8
8	819	1	8
365	819	1	8
474	819	1	8
19	822	3	8
220	822	1	8
245	822	1	8
124	830	1	8
450	830	1	8
341	831	1	8
359	831	1	8
450	831	1	8
480	841	1	8
61	842	1	8
119	842	1	8
472	842	1	8
51	868	1	8
220	868	1	8
436	868	1	8
480	878	1	8
68	880	1	8
395	880	1	8
417	880	1	8
447	880	1	8
213	886	1	8
260	886	1	8
19	888	1	8
282	888	1	8
30	889	1	8
183	889	1	8
319	891	1	8
479	891	1	8
192	900	1	8
188	910	1	8
417	910	1	8
452	910	1	8
227	911	1	8
508	911	1	8
94	920	1	8
400	920	1	8
486	920	1	8
245	925	1	8
352	925	1	8
412	925	1	8
243	927	1	8
161	938	1	8
245	938	1	8
220	949	1	8
220	953	1	8
197	954	1	8
220	954	1	8
445	954	1	8
306	966	1	8
104	977	1	8
227	977	1	8
448	977	1	8
71	984	1	8
285	986	1	8
285	994	1	8
270	999	1	8
285	999	1	8
505	999	1	8
98	1008	1	8
227	1039	1	8
64	1042	1	8
220	1042	1	8
241	1042	1	8
322	1042	2	8
384	1042	1	8
386	1063	2	8
402	1063	1	8
426	1063	1	8
481	1063	1	8
220	1065	1	8
306	1065	1	8
94	1096	1	8
421	1096	1	8
39	1107	2	8
138	1107	1	8
187	1107	1	8
284	1107	1	8
498	1107	1	8
306	1111	1	8
306	1112	1	8
155	1118	1	8
272	1118	1	8
276	1118	1	8
308	1118	1	8
486	1118	1	8
504	1118	1	8
221	1123	1	8
417	1193	1	8
477	1193	1	8
94	1196	1	8
183	1196	1	8
245	1196	1	8
480	1196	1	8
24	1198	1	8
94	1198	1	8
245	1198	1	8
308	1198	1	8
479	1198	1	8
141	1201	1	8
189	1201	1	8
197	1201	1	8
314	1201	1	8
139	1215	1	8
245	1215	1	8
268	1215	1	8
308	1215	1	8
93	1217	1	8
245	1217	1	8
220	1221	1	8
323	1221	1	8
331	1221	1	8
334	1221	1	8
433	1221	1	8
466	1241	1	8
500	1241	1	8
220	1254	1	8
282	1254	1	8
323	1254	1	8
331	1254	1	8
334	1254	1	8
51	1266	1	8
282	1296	1	8
49	1297	1	8
479	1297	1	8
186	1301	1	8
190	1301	1	8
220	1303	1	8
341	1342	1	8
408	1342	1	8
145	1344	1	8
171	1344	1	8
341	1344	1	8
378	1344	1	8
225	1357	1	8
268	1357	1	8
372	1357	1	8
445	1357	1	8
188	1384	1	8
220	1384	1	8
323	1399	1	8
368	1399	1	8
220	1404	1	8
323	1404	1	8
331	1404	1	8
334	1404	1	8
151	1414	1	8
257	1414	1	8
220	1417	1	8
262	1417	1	8
41	1418	1	8
220	1418	1	8
323	1418	1	8
331	1418	1	8
334	1418	1	8
13	1419	1	8
264	1419	1	8
276	1419	1	8
341	1419	1	8
400	1419	1	8
412	1419	1	8
257	1429	1	8
394	1429	1	8
469	1429	1	8
483	1431	1	8
128	1433	1	8
145	1433	1	8
183	1433	1	8
197	1433	1	8
259	1433	1	8
302	1433	1	8
202	1438	1	8
308	1438	1	8
32	1439	1	8
145	1439	1	8
259	1439	1	8
386	1439	1	8
404	1439	2	8
463	1439	1	8
220	1496	1	8
276	1496	1	8
481	1496	1	8
199	1515	1	8
209	1515	1	8
212	1515	1	8
220	1515	1	8
445	1515	1	8
452	1515	1	8
55	1517	1	8
220	1517	1	8
323	1517	1	8
382	1517	1	8
55	1519	1	8
220	1519	1	8
323	1519	1	8
382	1519	1	8
55	1520	1	8
220	1520	1	8
323	1520	1	8
220	1522	1	8
323	1522	1	8
334	1522	1	8
55	1523	1	8
220	1523	1	8
236	1523	1	8
323	1523	1	8
382	1523	1	8
4	1533	1	8
201	1533	1	8
412	1533	1	8
422	1533	1	8
473	1533	1	8
220	1538	1	8
359	1538	1	8
476	1538	1	8
394	1539	1	8
488	1539	1	8
220	1554	1	8
346	1554	1	8
401	1554	1	8
435	1554	1	8
477	1554	1	8
161	1557	1	8
173	1557	1	8
302	1557	1	8
404	1557	1	8
499	1557	1	8
220	1564	1	8
171	1607	1	8
189	1607	1	8
271	1607	1	8
149	1610	1	8
149	1611	1	8
445	1611	1	8
215	1619	1	8
274	1619	1	8
454	1619	1	8
64	1652	1	8
371	1652	1	8
228	1655	1	8
270	1655	1	8
357	1695	2	8
490	1695	1	8
220	1736	1	8
323	1736	1	8
434	1736	1	8
445	1736	1	8
149	1742	1	8
175	1742	1	8
308	1742	1	8
36	1758	1	8
198	1758	1	8
73	1774	1	8
217	1774	1	8
340	1774	1	8
220	1787	1	8
270	1792	1	8
445	1792	1	8
319	1795	1	8
490	1808	1	8
213	1816	1	8
220	1842	1	8
23	1843	1	8
220	1843	1	8
55	1864	1	8
81	1868	1	8
145	1868	1	8
184	1868	1	8
187	1868	1	8
438	1868	1	8
445	1868	1	8
479	1868	1	8
181	1876	1	8
151	1878	1	8
192	1878	1	8
123	1882	1	8
186	1882	1	8
111	1886	1	8
149	1886	1	8
276	1886	1	8
298	1886	1	8
398	1886	1	8
491	1886	1	8
336	1896	1	8
441	1896	1	8
421	1898	1	8
447	1898	1	8
440	1900	1	8
20	1902	2	8
88	1902	1	8
261	1902	1	8
291	1902	1	8
293	1902	1	8
180	1905	1	8
84	1907	1	8
180	1907	1	8
201	1907	1	8
343	1907	1	8
348	1907	1	8
178	1917	1	8
189	1917	1	8
193	1917	1	8
217	1917	1	8
480	1917	1	8
261	1918	1	8
374	1918	1	8
281	1919	1	8
357	1919	1	8
43	1920	1	8
485	1921	1	8
95	1925	1	8
224	1925	1	8
346	1925	1	8
438	1925	1	8
276	1926	1	8
481	1926	1	8
219	1938	1	8
245	1938	1	8
297	1938	1	8
116	1961	1	8
155	1961	1	8
400	1961	1	8
445	1961	1	8
504	1961	1	8
49	1976	1	8
69	1976	1	8
251	1976	1	8
388	1976	1	8
452	1976	1	8
485	1976	1	8
135	1980	1	8
222	1980	1	8
220	1982	1	8
360	1982	1	8
220	2016	1	8
302	2016	1	8
59	2022	1	8
63	2022	1	8
96	2022	1	8
250	2022	1	8
181	2029	1	8
184	2029	1	8
198	2029	1	8
405	2029	1	8
445	2029	1	8
29	2032	1	8
49	2032	1	8
220	2032	1	8
8	2041	1	8
48	2041	1	8
480	2041	1	8
268	2091	1	8
300	2091	1	8
220	2095	1	8
220	2097	1	8
195	2107	1	8
233	2107	1	8
186	2113	1	8
300	2113	1	8
188	2117	1	8
397	2124	1	8
464	2124	1	8
483	2126	1	8
187	2129	1	8
189	2129	1	8
270	2135	1	8
29	2137	1	8
262	2137	1	8
343	2137	1	8
443	2147	1	8
18	2153	1	8
19	2153	1	8
61	2153	1	8
351	2156	1	8
84	2174	1	8
291	2174	1	8
351	2174	1	8
490	2174	3	8
201	2209	1	8
328	2211	1	8
19	2222	1	8
48	2222	1	8
198	2222	1	8
220	2222	1	8
479	2235	1	8
19	2240	1	8
78	2240	1	8
220	2240	1	8
259	2240	1	8
365	2240	1	8
445	2240	1	8
508	2240	1	8
258	2248	1	8
276	2248	1	8
177	2250	1	8
395	2250	1	8
25	2255	1	8
270	2255	1	8
445	2255	1	8
319	2289	1	8
371	2289	1	8
64	2293	1	8
445	2293	1	8
466	2293	1	8
220	2316	1	8
325	2316	1	8
369	2316	1	8
131	2318	2	8
343	2318	1	8
21	2342	1	8
179	2342	1	8
302	2342	2	8
381	2342	1	8
446	2342	1	8
472	2342	1	8
483	2342	1	8
210	2349	1	8
356	2349	1	8
99	2351	1	8
140	2351	1	8
300	2351	1	8
220	2353	1	8
342	2353	1	8
23	2354	1	8
366	2354	1	8
367	2354	1	8
462	2356	1	8
392	2363	1	8
135	2373	1	8
445	2373	1	8
449	2373	1	8
151	2376	1	8
350	2376	1	8
406	2376	1	8
489	2376	1	8
61	2384	1	8
175	2384	1	8
223	2384	1	8
103	2386	1	8
56	2391	1	8
141	2391	1	8
189	2391	1	8
193	2391	1	8
438	2391	1	8
480	2391	1	8
56	2394	1	8
141	2394	1	8
189	2394	1	8
193	2394	1	8
438	2394	1	8
480	2394	1	8
28	2401	2	8
63	2401	1	8
146	2401	1	8
346	2403	1	8
421	2403	1	8
143	2408	1	8
218	2408	1	8
220	2408	1	8
319	2408	1	8
407	2408	1	8
28	2415	1	8
307	2415	1	8
434	2415	1	8
441	2415	1	8
220	2417	2	8
283	2417	1	8
359	2417	1	8
187	2428	1	8
251	2428	1	8
447	2428	1	8
171	2438	1	8
201	2438	1	8
180	2444	1	8
218	2444	1	8
446	2444	1	8
58	2534	1	8
474	2534	1	8
506	2534	1	8
103	2545	1	8
455	2545	1	8
354	2546	1	8
318	2556	1	8
341	2556	1	8
220	2564	1	8
