94	10	1	0
126	15	1	0
64	22	1	0
71	22	1	0
109	22	1	0
8	23	1	0
71	23	1	0
2	28	1	0
16	28	1	0
81	28	1	0
81	29	1	0
22	30	1	0
71	30	1	0
121	30	1	0
68	33	1	0
103	33	1	0
126	33	1	0
71	34	1	0
103	36	1	0
84	38	1	0
103	38	1	0
16	40	1	0
71	40	1	0
78	40	1	0
44	41	1	0
103	47	1	0
2	48	1	0
99	48	1	0
64	54	1	0
68	54	2	0
103	54	1	0
99	56	1	0
103	59	1	0
94	67	1	0
66	68	1	0
119	68	1	0
10	70	1	0
58	70	1	0
81	70	1	0
10	78	1	0
58	78	1	0
59	80	1	0
10	81	1	0
58	81	1	0
10	85	1	0
58	85	1	0
10	86	1	0
58	86	1	0
10	90	1	0
58	90	1	0
64	90	1	0
10	94	1	0
58	94	1	0
55	95	1	0
65	101	1	0
64	104	1	0
8	109	1	0
35	117	1	0
65	117	1	0
126	120	1	0
39	125	1	0
80	125	1	0
8	126	1	0
30	126	1	0
116	132	1	0
100	137	1	0
100	139	1	0
39	147	1	0
80	147	1	0
121	147	1	0
39	150	1	0
113	152	1	0
65	161	1	0
47	162	1	0
78	162	1	0
121	162	1	0
40	164	1	0
43	164	1	0
65	164	1	0
116	164	1	0
128	165	1	0
116	173	1	0
8	178	1	0
39	178	1	0
80	178	1	0
93	195	1	0
126	195	1	0
39	196	1	0
116	196	1	0
80	197	1	0
80	203	1	0
106	208	1	0
64	209	1	0
59	213	1	0
65	213	1	0
8	214	1	0
80	214	1	0
119	215	1	0
124	216	1	0
43	217	1	0
64	223	1	0
89	223	1	0
96	223	1	0
64	224	1	0
124	224	1	0
109	234	1	0
54	254	1	0
105	254	1	0
40	304	1	0
101	304	1	0
105	304	1	0
74	315	1	0
69	380	1	0
35	384	1	0
40	384	1	0
101	384	1	0
54	392	1	0
74	420	1	0
79	433	1	0
85	433	1	0
105	433	1	0
123	433	1	0
111	437	1	0
19	471	1	0
25	471	1	0
30	471	1	0
105	471	1	0
4	496	2	0
54	496	1	0
75	496	1	0
4	497	1	0
54	497	1	0
75	497	1	0
4	498	1	0
54	498	1	0
75	498	2	0
64	512	1	0
65	512	1	0
52	517	1	0
54	521	1	0
6	523	1	0
94	523	1	0
92	525	1	0
123	525	1	0
124	525	1	0
123	526	1	0
59	527	1	0
100	529	1	0
35	530	1	0
54	530	1	0
72	530	2	0
1	531	1	0
54	532	1	0
105	532	1	0
59	537	1	0
119	537	1	0
59	540	1	0
63	557	1	0
63	559	1	0
64	562	1	0
124	562	1	0
105	570	1	0
41	594	1	0
92	594	1	0
108	594	1	0
30	611	1	0
54	615	1	0
35	617	1	0
40	617	1	0
54	618	1	0
83	618	1	0
89	618	1	0
118	618	1	0
54	621	1	0
118	621	1	0
4	623	1	0
105	623	1	0
108	626	1	0
14	629	1	0
47	629	1	0
29	644	1	0
104	644	1	0
109	644	1	0
81	645	1	0
47	666	1	0
65	666	1	0
88	666	1	0
54	669	1	0
54	691	1	0
92	691	1	0
118	691	1	0
54	724	1	0
124	724	1	0
104	769	1	0
51	810	1	0
36	831	1	0
60	831	1	0
64	831	1	0
90	845	1	0
109	845	1	0
122	1	1	1
16	2	1	1
35	2	1	1
54	3	1	1
69	6	1	1
18	11	1	1
35	11	1	1
7	12	1	1
18	13	1	1
35	13	1	1
18	14	1	1
32	18	1	1
111	19	1	1
11	20	1	1
45	20	1	1
53	21	1	1
99	21	1	1
52	25	1	1
13	32	1	1
54	32	1	1
74	35	1	1
97	35	1	1
119	45	2	1
124	51	1	1
40	53	1	1
54	53	1	1
73	53	1	1
60	55	1	1
65	55	1	1
41	57	1	1
82	57	1	1
54	58	1	1
55	58	1	1
105	58	1	1
50	60	1	1
65	62	1	1
67	63	1	1
68	64	1	1
87	64	1	1
76	65	1	1
97	65	1	1
47	66	1	1
76	66	1	1
82	66	1	1
57	69	1	1
82	69	1	1
87	69	1	1
116	71	1	1
119	71	1	1
11	72	1	1
45	72	1	1
82	72	1	1
105	72	1	1
65	75	1	1
8	76	1	1
41	77	1	1
102	77	1	1
8	79	1	1
119	79	1	1
124	82	1	1
33	84	1	1
97	84	1	1
92	93	1	1
24	96	1	1
65	97	1	1
65	99	1	1
41	100	1	1
99	100	1	1
14	102	1	1
56	105	1	1
105	105	1	1
41	106	1	1
8	110	1	1
61	110	1	1
102	110	1	1
3	112	1	1
24	114	1	1
111	116	1	1
65	130	1	1
35	135	1	1
1	136	1	1
74	136	1	1
74	138	1	1
97	141	1	1
119	144	1	1
119	148	1	1
30	149	1	1
9	154	1	1
117	155	1	1
73	157	1	1
54	163	1	1
56	163	1	1
8	168	1	1
80	171	1	1
126	172	1	1
77	179	1	1
87	179	1	1
117	179	1	1
65	180	1	1
99	180	1	1
49	183	1	1
50	183	1	1
68	183	1	1
23	187	1	1
82	187	1	1
41	189	1	1
82	189	2	1
105	189	1	1
2	206	1	1
83	219	1	1
34	220	1	1
111	220	1	1
54	225	1	1
105	225	1	1
119	225	1	1
6	226	1	1
19	226	1	1
64	226	1	1
110	226	1	1
127	226	1	1
20	227	1	1
110	227	1	1
86	228	1	1
119	228	1	1
24	230	1	1
76	230	1	1
24	232	1	1
6	233	1	1
19	233	1	1
20	233	1	1
64	233	1	1
1	235	1	1
19	235	1	1
20	235	1	1
54	236	1	1
19	239	1	1
20	239	1	1
3	241	1	1
50	241	1	1
65	241	1	1
50	242	1	1
65	242	1	1
127	243	1	1
65	244	1	1
77	244	1	1
117	244	1	1
24	246	1	1
33	246	1	1
51	246	1	1
119	246	1	1
65	249	1	1
78	249	1	1
115	249	1	1
29	252	1	1
29	253	1	1
37	255	1	1
70	255	1	1
2	256	1	1
29	256	1	1
105	256	1	1
19	258	2	1
20	258	1	1
53	260	1	1
60	260	1	1
105	260	1	1
101	261	1	1
36	262	1	1
77	262	1	1
70	264	1	1
13	265	1	1
33	265	1	1
73	266	1	1
33	268	1	1
37	269	1	1
124	270	1	1
47	271	1	1
99	271	2	1
64	273	1	1
105	273	1	1
113	273	1	1
51	274	1	1
64	274	1	1
65	274	1	1
102	274	1	1
105	275	1	1
119	275	1	1
33	276	1	1
87	276	1	1
111	276	1	1
29	278	1	1
50	278	2	1
77	278	1	1
119	278	1	1
26	280	1	1
86	280	1	1
102	280	1	1
93	283	1	1
82	285	1	1
102	286	1	1
105	286	1	1
35	291	1	1
117	291	1	1
54	292	1	1
89	292	1	1
101	292	1	1
105	292	1	1
26	293	1	1
33	293	1	1
47	293	1	1
87	293	1	1
105	293	1	1
104	297	1	1
83	299	1	1
99	300	1	1
122	301	1	1
124	302	1	1
16	303	1	1
68	303	1	1
116	303	1	1
33	305	1	1
76	305	1	1
82	307	1	1
83	307	1	1
26	311	1	1
77	311	1	1
117	311	1	1
55	314	1	1
13	316	1	1
76	316	1	1
105	316	1	1
25	319	1	1
120	319	1	1
124	319	1	1
95	321	1	1
8	322	1	1
77	322	1	1
105	323	1	1
33	325	1	1
119	325	1	1
25	326	1	1
33	326	1	1
119	328	1	1
54	330	1	1
86	330	1	1
105	330	1	1
54	334	1	1
30	340	1	1
37	342	1	1
3	344	1	1
44	345	1	1
54	346	1	1
40	350	1	1
65	351	1	1
27	352	1	1
30	353	1	1
74	355	1	1
105	355	1	1
21	357	1	1
66	357	1	1
119	357	1	1
54	365	1	1
126	365	1	1
93	368	1	1
68	370	1	1
72	371	1	1
95	371	1	1
122	371	1	1
3	373	1	1
33	373	1	1
65	373	1	1
68	373	1	1
105	373	1	1
54	375	1	1
96	375	1	1
128	375	1	1
74	376	1	1
104	376	1	1
119	385	1	1
21	386	1	1
54	386	1	1
105	390	1	1
16	393	1	1
54	394	1	1
64	394	2	1
89	394	2	1
105	394	1	1
47	395	1	1
48	395	1	1
128	395	1	1
54	397	1	1
30	398	1	1
86	398	1	1
101	398	1	1
120	399	1	1
79	400	1	1
84	400	1	1
120	402	1	1
8	404	1	1
30	404	1	1
31	404	1	1
18	405	1	1
121	405	1	1
33	406	1	1
105	406	1	1
112	406	1	1
119	407	1	1
98	409	1	1
54	410	1	1
127	410	1	1
104	411	1	1
98	412	1	1
7	413	1	1
23	413	1	1
41	413	1	1
102	413	1	1
112	413	1	1
126	413	1	1
16	414	1	1
30	414	1	1
112	414	1	1
113	415	1	1
4	416	2	1
54	416	1	1
75	416	1	1
42	417	1	1
86	417	1	1
98	417	1	1
119	417	1	1
127	417	1	1
98	418	1	1
127	418	1	1
23	421	2	1
41	421	2	1
63	421	1	1
82	421	1	1
102	421	1	1
112	421	1	1
113	421	1	1
63	422	1	1
98	422	1	1
125	422	1	1
127	422	1	1
105	423	1	1
9	424	1	1
23	424	1	1
64	424	1	1
102	424	1	1
112	424	1	1
100	425	1	1
63	426	1	1
8	427	1	1
41	427	1	1
112	427	1	1
6	428	1	1
9	428	1	1
29	428	1	1
32	429	1	1
78	429	1	1
88	429	1	1
121	429	1	1
64	430	1	1
6	431	1	1
23	431	1	1
46	431	1	1
64	431	1	1
82	431	1	1
87	431	1	1
95	431	1	1
112	431	1	1
11	432	1	1
45	432	1	1
87	434	1	1
112	434	1	1
113	434	1	1
45	435	1	1
54	435	1	1
125	435	1	1
48	436	1	1
67	436	1	1
102	436	1	1
111	436	1	1
112	436	1	1
15	438	1	1
36	440	1	1
54	441	1	1
108	441	1	1
34	442	1	1
54	442	1	1
107	443	1	1
124	444	1	1
65	445	1	1
120	445	1	1
31	446	1	1
94	446	1	1
124	446	1	1
96	451	1	1
50	452	1	1
121	452	1	1
42	453	1	1
105	453	1	1
28	454	1	1
41	454	1	1
44	454	1	1
96	454	1	1
85	455	1	1
52	456	1	1
105	456	1	1
123	456	1	1
29	457	1	1
96	457	1	1
15	459	1	1
16	459	1	1
105	460	1	1
35	461	1	1
40	461	1	1
22	462	1	1
41	462	1	1
60	462	1	1
62	462	1	1
57	463	1	1
22	464	1	1
41	464	1	1
60	464	1	1
62	464	1	1
22	465	1	1
61	465	1	1
46	466	1	1
111	466	1	1
110	469	1	1
114	470	2	1
65	472	1	1
92	473	1	1
110	473	1	1
74	475	1	1
122	475	1	1
64	476	1	1
107	477	1	1
16	478	2	1
69	478	1	1
106	478	1	1
25	480	1	1
68	480	1	1
92	480	1	1
26	481	2	1
96	481	1	1
26	482	2	1
16	486	1	1
33	486	1	1
34	486	1	1
94	487	1	1
122	487	1	1
6	488	1	1
17	488	1	1
22	488	1	1
41	488	1	1
97	488	1	1
102	488	1	1
31	489	1	1
68	489	1	1
85	489	1	1
94	490	1	1
108	490	1	1
38	491	1	1
105	491	1	1
30	492	1	1
38	492	1	1
105	492	1	1
123	492	1	1
54	494	1	1
17	500	1	1
92	500	1	1
6	504	1	1
70	504	1	1
85	505	1	1
119	509	1	1
52	513	1	1
54	513	1	1
94	513	1	1
60	514	1	1
54	515	1	1
117	516	1	1
114	520	1	1
57	522	1	1
54	524	1	1
105	533	1	1
124	533	1	1
35	534	1	1
105	543	1	1
21	545	1	1
117	545	1	1
28	546	1	1
46	547	1	1
92	548	1	1
89	549	2	1
28	551	1	1
119	551	2	1
33	555	1	1
121	555	1	1
15	560	1	1
31	561	1	1
90	561	1	1
61	563	1	1
106	563	1	1
8	564	1	1
65	565	2	1
93	565	1	1
25	569	1	1
118	569	2	1
54	571	1	1
84	571	1	1
54	584	1	1
74	586	1	1
120	586	1	1
123	586	1	1
54	588	1	1
68	588	1	1
108	588	1	1
54	590	1	1
47	604	3	1
108	604	1	1
110	604	1	1
64	612	1	1
65	612	1	1
93	612	1	1
105	612	1	1
43	613	1	1
54	613	1	1
30	616	1	1
31	616	1	1
36	616	1	1
44	616	1	1
60	616	1	1
66	616	1	1
69	616	1	1
68	620	1	1
3	624	1	1
45	624	1	1
73	624	1	1
75	625	1	1
120	627	1	1
54	628	1	1
56	628	1	1
64	631	1	1
92	631	1	1
54	633	1	1
56	633	1	1
95	637	1	1
43	640	1	1
83	640	1	1
5	646	1	1
12	646	1	1
5	648	1	1
12	648	1	1
119	648	1	1
5	649	1	1
12	649	1	1
64	649	1	1
5	650	1	1
12	650	1	1
109	650	1	1
117	650	1	1
119	650	1	1
67	652	1	1
27	653	1	1
37	653	1	1
40	653	1	1
32	655	1	1
115	655	1	1
66	656	1	1
124	656	1	1
65	659	1	1
74	659	1	1
43	664	1	1
52	664	1	1
121	664	1	1
64	668	1	1
84	670	1	1
95	670	1	1
37	676	1	1
61	677	1	1
22	678	1	1
91	678	1	1
99	678	1	1
28	682	1	1
16	684	1	1
81	684	1	1
38	685	1	1
43	685	1	1
105	685	1	1
105	687	1	1
68	688	1	1
42	690	1	1
45	690	1	1
127	690	1	1
15	693	1	1
54	693	1	1
105	693	1	1
66	694	1	1
95	694	1	1
119	695	1	1
34	697	1	1
69	697	1	1
35	701	1	1
11	702	1	1
51	702	1	1
105	703	1	1
108	703	1	1
123	703	1	1
11	704	1	1
35	704	1	1
45	704	1	1
65	704	1	1
125	704	1	1
35	709	1	1
69	709	1	1
115	709	2	1
28	711	1	1
54	711	1	1
63	714	1	1
51	716	1	1
119	716	1	1
81	719	1	1
119	719	1	1
29	720	1	1
79	720	1	1
117	720	1	1
42	721	1	1
121	722	1	1
5	725	1	1
12	725	1	1
86	725	1	1
120	725	1	1
54	727	1	1
62	728	1	1
107	728	1	1
47	730	1	1
105	730	1	1
119	730	1	1
13	733	1	1
35	733	1	1
47	733	1	1
99	733	1	1
54	736	1	1
62	738	1	1
108	738	1	1
53	739	1	1
119	740	1	1
54	742	1	1
101	742	1	1
31	743	1	1
78	743	1	1
34	744	1	1
88	745	1	1
124	748	1	1
14	750	1	1
30	750	1	1
93	751	1	1
78	752	1	1
99	752	1	1
101	752	1	1
113	752	1	1
124	752	1	1
38	753	1	1
55	753	1	1
81	753	1	1
95	754	2	1
91	755	1	1
117	755	1	1
3	756	1	1
35	756	1	1
84	756	1	1
70	758	1	1
33	761	1	1
47	762	1	1
110	763	1	1
14	764	1	1
17	767	1	1
85	767	1	1
117	767	1	1
40	768	1	1
126	768	1	1
45	770	1	1
54	770	1	1
105	770	1	1
6	772	1	1
14	772	1	1
25	773	1	1
65	773	1	1
37	774	1	1
117	774	1	1
92	775	1	1
82	779	1	1
51	782	1	1
105	782	1	1
65	783	1	1
79	783	1	1
95	783	1	1
118	784	1	1
99	785	1	1
54	786	1	1
47	787	1	1
62	787	1	1
105	787	1	1
106	787	1	1
119	787	1	1
124	788	1	1
50	789	1	1
64	789	1	1
78	789	1	1
119	791	1	1
17	792	1	1
54	792	1	1
54	793	1	1
65	793	1	1
91	797	1	1
95	797	1	1
105	798	1	1
48	799	1	1
108	800	1	1
119	800	1	1
44	801	1	1
79	802	1	1
95	803	1	1
95	806	1	1
64	809	1	1
67	809	1	1
100	811	1	1
119	811	1	1
57	812	1	1
54	813	1	1
43	814	1	1
60	814	1	1
82	814	1	1
97	814	1	1
54	815	1	1
114	817	1	1
65	818	1	1
42	819	1	1
121	819	1	1
8	820	1	1
65	820	1	1
38	822	1	1
65	822	1	1
78	823	1	1
90	823	1	1
9	825	1	1
46	825	1	1
105	825	1	1
17	826	1	1
78	826	1	1
95	826	2	1
101	826	1	1
88	828	1	1
115	829	1	1
46	830	1	1
78	830	1	1
122	832	1	1
46	834	1	1
30	835	1	1
97	835	1	1
67	836	1	1
105	836	1	1
9	837	1	1
46	837	1	1
124	837	1	1
30	838	1	1
47	838	1	1
7	839	1	1
68	839	2	1
48	841	1	1
81	841	1	1
108	841	1	1
119	841	1	1
35	842	1	1
41	842	1	1
65	843	1	1
86	844	1	1
7	846	1	1
68	846	1	1
128	846	1	1
101	847	1	1
117	847	1	1
29	848	1	1
55	848	1	1
100	848	1	1
114	850	1	1
115	850	1	1
13	852	2	1
31	852	1	1
35	852	1	1
47	852	1	1
95	852	1	1
115	852	1	1
84	853	1	1
21	856	1	1
86	856	1	1
48	857	1	1
101	857	1	1
65	858	1	1
18	859	1	1
7	860	1	1
68	860	1	1
119	860	1	1
96	5	1	2
101	7	1	2
104	7	1	2
54	17	1	2
90	37	1	2
54	39	1	2
69	39	1	2
90	39	1	2
8	43	1	2
54	43	1	2
88	43	1	2
105	43	1	2
105	44	1	2
123	44	1	2
53	46	1	2
17	49	1	2
49	49	1	2
90	49	1	2
116	49	1	2
126	49	1	2
22	83	1	2
30	83	1	2
74	88	1	2
82	88	1	2
96	88	1	2
119	88	1	2
72	122	1	2
91	122	1	2
96	122	1	2
54	142	1	2
74	142	1	2
72	167	1	2
122	167	1	2
46	170	1	2
54	170	1	2
105	170	1	2
124	170	1	2
34	175	1	2
110	175	1	2
55	177	1	2
126	177	1	2
104	184	1	2
95	198	1	2
104	198	1	2
35	202	1	2
63	204	1	2
78	205	1	2
114	205	1	2
73	210	1	2
30	211	1	2
95	238	1	2
31	245	1	2
81	245	1	2
64	250	1	2
31	251	1	2
47	251	1	2
92	259	1	2
110	259	1	2
52	277	1	2
107	277	1	2
81	289	1	2
8	295	1	2
121	295	1	2
35	358	1	2
65	358	1	2
74	358	1	2
35	366	1	2
62	369	1	2
21	378	1	2
68	510	1	2
74	510	1	2
36	511	2	2
15	542	1	2
55	542	1	2
95	553	1	2
63	554	1	2
47	556	1	2
11	558	1	2
45	558	1	2
27	622	1	2
54	622	1	2
54	641	1	2
57	641	2	2
75	641	1	2
3	673	1	2
48	673	1	2
54	673	1	2
49	699	1	2
56	699	1	2
64	699	1	2
27	737	1	2
64	737	1	2
27	746	1	2
94	746	1	2
41	766	1	2
34	781	1	2
83	827	1	2
95	827	1	2
35	27	1	4
106	27	1	4
64	87	1	4
72	87	1	4
105	87	1	4
117	87	1	4
122	87	1	4
52	237	1	4
54	237	1	4
54	247	1	4
35	290	1	4
49	294	1	4
65	294	1	4
49	296	1	4
65	296	1	4
64	308	1	4
97	308	1	4
101	308	1	4
101	313	1	4
54	331	1	4
124	331	1	4
66	332	1	4
32	333	1	4
105	335	1	4
31	336	1	4
32	336	1	4
64	336	1	4
101	337	1	4
17	347	1	4
22	347	1	4
61	347	1	4
78	347	2	4
124	347	1	4
124	349	1	4
17	362	1	4
63	362	1	4
105	362	1	4
125	362	1	4
105	363	1	4
74	364	1	4
107	364	1	4
110	364	1	4
54	374	1	4
3	379	1	4
64	379	1	4
54	388	1	4
107	401	1	4
54	408	1	4
44	419	1	4
94	458	1	4
124	458	1	4
64	485	1	4
25	495	1	4
117	495	1	4
1	507	2	4
74	507	1	4
101	507	1	4
4	508	1	4
54	508	1	4
92	508	1	4
128	567	1	4
107	573	1	4
1	575	1	4
105	577	1	4
121	577	1	4
17	580	1	4
70	580	1	4
124	580	1	4
53	582	1	4
111	582	1	4
1	583	1	4
36	583	1	4
70	583	1	4
101	583	1	4
64	585	1	4
64	587	1	4
97	591	1	4
101	596	1	4
64	597	1	4
122	597	1	4
90	598	1	4
91	598	1	4
64	599	1	4
119	599	1	4
105	603	1	4
13	605	1	4
64	605	1	4
29	608	1	4
2	610	1	4
41	632	1	4
60	632	1	4
63	636	1	4
90	639	1	4
111	654	1	4
16	660	1	4
65	663	1	4
64	706	1	4
81	706	1	4
104	706	1	4
65	713	1	4
105	713	1	4
64	715	1	4
119	715	2	4
123	715	1	4
64	717	1	4
115	717	1	4
122	717	1	4
125	717	1	4
64	735	1	4
54	854	1	4
105	854	1	4
108	854	1	4
