39	9	1	0
17	29	1	0
65	29	1	0
27	160	1	0
46	160	1	0
47	219	1	0
64	219	1	0
47	220	1	0
64	220	1	0
27	222	1	0
46	222	1	0
15	8	1	4
43	8	1	4
67	8	1	4
76	8	1	4
5	12	1	4
34	12	1	4
37	12	1	4
50	12	1	4
60	12	1	4
5	13	1	4
34	13	1	4
37	13	1	4
50	13	1	4
52	13	1	4
60	13	1	4
27	15	1	4
4	27	1	4
11	27	1	4
19	27	1	4
39	27	1	4
65	27	1	4
37	39	1	4
55	56	1	4
27	62	1	4
37	62	1	4
45	62	1	4
11	85	1	4
62	88	1	4
52	90	1	4
57	90	1	4
33	92	1	4
42	93	1	4
67	93	1	4
4	128	1	4
72	132	1	4
15	133	1	4
45	133	1	4
74	133	1	4
22	135	1	4
27	135	1	4
42	135	1	4
61	135	1	4
64	135	1	4
4	136	1	4
27	143	1	4
17	154	1	4
16	162	1	4
67	162	1	4
27	163	1	4
64	163	1	4
25	165	1	4
54	165	1	4
4	167	1	4
27	167	1	4
27	169	1	4
30	169	1	4
71	175	1	4
39	176	1	4
68	176	2	4
69	176	1	4
22	188	1	4
36	198	1	4
74	198	1	4
33	201	1	4
59	201	1	4
27	202	1	4
49	202	1	4
39	205	1	4
39	206	1	4
76	211	1	4
39	212	1	4
23	217	1	4
39	217	1	4
21	247	1	4
67	247	1	4
17	252	1	4
57	252	1	4
16	255	1	4
23	256	1	4
39	256	1	4
4	263	1	4
16	263	1	4
27	267	1	4
16	270	1	4
5	276	1	4
11	277	1	4
39	277	1	4
39	280	1	4
18	288	1	4
21	288	1	4
19	289	1	4
52	289	1	4
67	289	1	4
71	290	1	4
33	294	1	4
67	294	1	4
1	297	1	4
11	298	1	4
72	298	1	4
18	301	1	4
27	323	1	4
30	323	2	4
67	323	1	4
27	325	1	4
30	325	1	4
37	330	1	4
45	330	1	4
54	330	1	4
37	331	1	4
33	332	1	4
72	332	1	4
67	333	1	4
70	333	1	4
74	333	1	4
39	336	1	4
45	341	1	4
39	344	1	4
36	345	1	4
69	347	1	4
15	351	1	4
27	357	1	4
46	357	1	4
55	361	1	4
8	363	1	4
8	364	1	4
28	364	1	4
67	367	1	4
71	367	1	4
74	367	1	4
7	380	1	4
50	382	1	4
30	383	1	4
7	385	1	4
27	385	1	4
23	386	1	4
61	386	1	4
56	388	1	4
60	388	1	4
11	395	1	4
31	395	1	4
2	397	1	4
27	397	1	4
60	397	1	4
74	397	1	4
27	410	1	4
37	412	1	4
74	426	2	4
45	438	1	4
56	447	1	4
75	447	1	4
60	470	1	4
11	471	1	4
39	471	1	4
67	471	1	4
27	475	1	4
48	475	1	4
76	475	1	4
18	479	1	4
61	480	1	4
67	480	1	4
27	481	1	4
34	481	1	4
18	483	1	4
69	483	1	4
27	484	1	4
60	484	1	4
74	484	1	4
56	489	1	4
77	489	1	4
56	490	1	4
77	490	1	4
61	492	1	4
27	5	1	6
39	11	1	6
43	16	1	6
76	16	1	6
64	17	1	6
68	17	1	6
45	18	1	6
67	21	1	6
74	23	1	6
36	31	1	6
39	31	1	6
67	31	1	6
1	33	1	6
26	33	1	6
78	33	1	6
12	42	1	6
24	42	1	6
80	48	1	6
37	49	1	6
22	51	1	6
39	54	1	6
52	54	1	6
60	54	1	6
67	60	1	6
37	61	1	6
59	61	1	6
63	61	1	6
3	63	1	6
27	63	1	6
29	63	1	6
72	63	1	6
29	65	1	6
45	65	1	6
75	65	1	6
27	66	1	6
36	66	1	6
72	66	1	6
27	67	1	6
72	67	1	6
3	68	1	6
14	68	1	6
42	79	1	6
64	79	1	6
13	81	1	6
29	81	1	6
42	81	1	6
46	81	1	6
67	81	1	6
74	81	1	6
37	89	1	6
32	96	1	6
41	96	1	6
32	98	1	6
41	98	1	6
57	98	1	6
68	98	1	6
15	100	1	6
32	100	1	6
41	100	1	6
42	101	1	6
32	102	1	6
41	102	1	6
43	102	1	6
32	104	1	6
41	104	1	6
57	108	1	6
69	108	1	6
52	111	1	6
71	111	1	6
74	113	1	6
27	120	1	6
62	122	1	6
17	129	1	6
43	129	1	6
76	129	1	6
27	130	1	6
55	130	1	6
35	149	1	6
27	150	1	6
53	150	1	6
23	171	1	6
27	171	1	6
37	171	1	6
50	171	1	6
43	172	1	6
64	172	1	6
37	177	1	6
67	178	1	6
12	183	1	6
27	183	1	6
5	185	1	6
27	185	1	6
54	185	1	6
67	185	1	6
25	189	1	6
67	189	1	6
10	194	1	6
31	194	1	6
11	197	1	6
27	200	1	6
40	203	1	6
68	209	1	6
22	214	1	6
37	214	1	6
18	223	1	6
67	223	1	6
70	223	1	6
77	223	1	6
27	226	1	6
30	226	2	6
46	226	1	6
31	229	1	6
67	234	1	6
18	237	1	6
27	238	1	6
74	238	1	6
27	240	1	6
56	240	1	6
22	242	1	6
27	242	1	6
64	242	1	6
79	242	1	6
23	243	1	6
18	254	1	6
19	259	1	6
7	260	1	6
24	260	1	6
27	260	1	6
38	260	1	6
37	265	1	6
7	266	1	6
27	266	1	6
38	266	1	6
46	266	1	6
26	279	1	6
63	279	1	6
67	279	1	6
27	296	1	6
36	304	1	6
67	304	1	6
77	304	1	6
52	306	1	6
80	326	1	6
27	328	1	6
63	328	1	6
77	328	1	6
27	355	1	6
36	355	1	6
60	355	1	6
1	358	1	6
55	359	1	6
80	359	1	6
27	362	1	6
50	368	1	6
77	389	1	6
11	390	1	6
39	390	1	6
72	390	1	6
27	394	1	6
46	394	1	6
36	396	1	6
58	396	1	6
67	396	1	6
75	396	2	6
4	420	1	6
27	450	1	6
67	450	1	6
11	457	1	6
27	459	1	6
1	468	1	6
37	468	1	6
67	468	1	6
40	482	1	6
13	2	1	7
75	2	1	7
26	6	1	7
45	7	1	7
71	7	1	7
74	7	1	7
75	40	1	7
77	45	1	7
14	52	1	7
27	52	1	7
29	52	1	7
35	52	1	7
80	52	1	7
19	58	1	7
27	58	1	7
8	64	1	7
9	69	1	7
27	69	1	7
46	69	1	7
14	70	1	7
26	70	2	7
29	70	1	7
3	71	1	7
51	71	1	7
59	71	1	7
67	71	1	7
9	73	1	7
27	73	1	7
27	74	1	7
55	75	1	7
65	75	1	7
42	76	1	7
67	76	2	7
74	76	2	7
24	77	1	7
27	77	1	7
29	78	1	7
19	80	1	7
72	80	1	7
27	83	1	7
66	83	1	7
35	84	1	7
47	84	1	7
64	84	1	7
78	84	1	7
11	86	1	7
42	86	1	7
67	86	1	7
3	87	1	7
10	87	1	7
21	87	1	7
14	94	1	7
27	94	1	7
38	94	1	7
25	97	1	7
27	103	1	7
47	103	1	7
66	103	1	7
14	105	1	7
27	105	1	7
46	105	1	7
73	105	1	7
22	106	1	7
3	107	1	7
27	107	1	7
27	114	1	7
39	114	1	7
27	116	1	7
38	116	1	7
27	121	1	7
6	123	1	7
12	123	1	7
51	123	1	7
29	124	1	7
46	125	1	7
27	126	1	7
39	134	2	7
46	134	1	7
1	138	1	7
11	138	1	7
27	142	1	7
80	142	1	7
6	145	1	7
19	145	1	7
25	145	1	7
11	148	1	7
27	151	1	7
78	151	1	7
27	156	1	7
35	164	1	7
65	170	1	7
67	170	1	7
27	173	1	7
27	174	1	7
29	174	1	7
8	179	2	7
11	179	1	7
67	179	2	7
76	179	1	7
2	181	1	7
6	181	1	7
14	181	1	7
27	181	1	7
67	181	1	7
47	182	1	7
10	184	1	7
45	186	1	7
74	186	1	7
74	190	1	7
62	192	1	7
10	193	1	7
33	193	1	7
64	193	1	7
67	193	1	7
40	195	1	7
28	215	1	7
80	215	1	7
37	218	1	7
55	221	1	7
67	221	1	7
29	225	1	7
70	227	1	7
3	228	1	7
27	233	1	7
48	233	1	7
53	233	1	7
66	233	1	7
27	235	1	7
52	235	1	7
67	236	1	7
76	236	1	7
70	241	1	7
73	241	1	7
56	244	1	7
63	244	1	7
29	245	1	7
38	245	2	7
70	245	1	7
73	245	1	7
27	248	1	7
56	248	1	7
27	249	1	7
65	250	1	7
72	250	1	7
78	250	1	7
10	275	1	7
6	281	1	7
24	281	1	7
26	281	1	7
9	282	1	7
27	282	1	7
48	282	1	7
53	282	1	7
66	282	1	7
27	283	1	7
66	283	1	7
14	284	1	7
51	285	1	7
58	285	1	7
70	285	1	7
74	285	2	7
18	291	1	7
19	291	1	7
58	291	1	7
15	292	1	7
21	293	1	7
78	293	1	7
3	305	1	7
22	305	1	7
27	305	1	7
29	305	1	7
46	305	1	7
63	309	1	7
67	309	1	7
9	314	1	7
27	314	1	7
48	314	1	7
53	314	1	7
66	314	1	7
27	316	1	7
39	316	1	7
27	318	1	7
46	318	1	7
10	320	1	7
3	322	1	7
19	338	1	7
7	348	1	7
9	348	2	7
13	348	1	7
27	348	1	7
29	348	1	7
38	348	1	7
3	356	1	7
27	356	1	7
29	356	1	7
47	356	1	7
13	369	1	7
29	369	1	7
18	371	1	7
7	372	1	7
9	372	2	7
24	373	1	7
27	373	1	7
25	374	1	7
27	374	1	7
72	374	1	7
16	375	1	7
27	375	1	7
61	375	1	7
67	375	1	7
78	375	1	7
14	379	1	7
27	379	1	7
29	379	1	7
80	381	1	7
68	387	1	7
27	392	1	7
31	392	1	7
36	401	1	7
29	403	1	7
66	403	1	7
39	406	1	7
72	406	1	7
77	406	1	7
27	409	1	7
29	409	1	7
35	409	1	7
66	409	2	7
13	411	1	7
27	411	1	7
67	413	1	7
6	421	1	7
14	421	1	7
24	421	1	7
40	421	1	7
53	421	1	7
58	421	1	7
75	421	1	7
77	421	1	7
27	424	1	7
48	424	1	7
53	424	1	7
80	424	1	7
6	427	1	7
12	427	1	7
14	427	1	7
24	427	1	7
73	427	1	7
75	427	1	7
27	428	1	7
51	428	1	7
24	430	1	7
62	430	1	7
25	431	1	7
73	431	1	7
27	434	1	7
27	435	1	7
45	436	1	7
77	436	1	7
27	437	1	7
14	439	1	7
62	439	1	7
74	439	2	7
11	441	1	7
27	442	1	7
49	443	1	7
51	443	1	7
27	446	1	7
73	446	1	7
12	451	1	7
27	451	1	7
80	451	1	7
58	453	1	7
14	460	1	7
75	460	1	7
71	461	1	7
11	463	1	7
21	463	1	7
77	463	1	7
2	467	1	7
51	467	1	7
14	478	1	7
7	497	1	7
38	497	1	7
63	22	1	8
59	28	1	8
20	35	1	8
37	35	1	8
54	35	1	8
79	35	1	8
20	36	1	8
37	36	1	8
79	36	1	8
20	38	1	8
37	38	1	8
79	38	1	8
20	41	1	8
37	41	1	8
79	41	1	8
20	43	1	8
79	43	1	8
39	47	1	8
40	47	1	8
76	47	1	8
23	99	1	8
64	99	1	8
28	139	1	8
37	139	1	8
72	139	1	8
37	140	1	8
5	144	1	8
39	144	1	8
8	147	1	8
23	147	1	8
47	147	2	8
57	157	1	8
11	204	1	8
17	204	1	8
11	208	1	8
17	208	1	8
18	210	1	8
34	210	1	8
39	210	1	8
43	257	1	8
28	258	1	8
27	295	1	8
46	295	1	8
23	307	1	8
28	307	1	8
44	307	1	8
49	307	1	8
56	307	1	8
44	308	1	8
50	308	1	8
56	308	1	8
44	310	1	8
56	310	1	8
44	311	1	8
44	312	1	8
56	312	1	8
74	312	1	8
44	313	1	8
52	313	1	8
44	321	1	8
56	321	3	8
67	340	1	8
31	342	1	8
43	350	1	8
76	350	1	8
67	391	1	8
24	393	1	8
36	393	1	8
37	399	1	8
20	402	1	8
40	402	1	8
79	402	1	8
25	405	1	8
20	417	1	8
40	417	1	8
79	417	1	8
20	418	1	8
28	418	1	8
79	418	1	8
20	423	1	8
28	423	1	8
79	423	1	8
35	433	1	8
17	444	1	8
37	445	1	8
78	445	1	8
27	449	1	8
49	455	1	8
67	455	1	8
49	456	1	8
67	456	1	8
34	464	1	8
21	469	1	8
67	474	1	8
2	477	1	8
26	477	1	8
27	477	1	8
67	477	1	8
17	485	1	8
54	488	1	8
19	491	1	8
18	493	1	8
69	493	1	8
18	494	1	8
61	494	1	8
59	495	1	8
2	496	1	8
27	496	1	8
75	496	1	8
67	498	1	8
77	498	1	8
