76	61	1	0
51	71	1	0
56	71	1	0
5	72	1	0
20	72	1	0
38	72	1	0
12	222	1	0
35	222	1	0
47	222	1	0
63	222	1	0
12	231	1	0
47	231	1	0
63	231	1	0
8	244	1	0
35	244	1	0
68	244	1	0
13	258	1	0
80	273	1	0
81	273	1	0
35	278	1	0
18	279	1	0
29	279	1	0
18	291	1	0
18	295	1	0
78	295	1	0
18	313	1	0
50	319	1	0
71	319	1	0
18	327	1	0
81	349	1	0
35	391	1	0
27	412	1	0
63	412	1	0
26	419	1	0
43	419	1	0
45	419	1	0
55	419	1	0
8	427	1	0
70	427	1	0
79	427	1	0
1	493	1	0
28	499	1	0
35	499	1	0
13	500	1	0
70	501	1	0
8	502	1	0
24	502	1	0
44	503	1	0
70	503	1	0
61	513	1	0
10	519	1	0
23	519	1	0
40	519	1	0
70	537	1	0
80	537	1	0
30	540	1	0
51	575	1	0
71	575	1	0
78	575	1	0
72	1	1	1
13	3	1	1
5	4	1	1
5	5	1	1
82	6	1	1
64	7	1	1
44	8	2	1
70	8	1	1
2	10	1	1
10	11	1	1
40	11	1	1
46	11	1	1
44	13	1	1
64	15	1	1
73	15	1	1
40	26	1	1
3	45	1	1
43	45	1	1
24	46	1	1
65	46	1	1
76	47	1	1
24	48	1	1
53	48	1	1
54	50	1	1
2	53	1	1
23	53	1	1
35	53	2	1
37	53	1	1
47	53	1	1
43	54	1	1
65	55	1	1
43	56	1	1
14	60	1	1
25	60	1	1
6	63	1	1
35	63	1	1
49	63	1	1
43	67	1	1
35	74	1	1
40	74	1	1
43	74	1	1
37	76	1	1
57	76	2	1
34	77	1	1
22	79	1	1
62	79	1	1
9	80	1	1
19	80	1	1
35	80	1	1
58	80	1	1
78	82	1	1
3	83	1	1
13	83	1	1
48	83	1	1
83	83	1	1
43	84	1	1
43	85	1	1
43	86	1	1
35	87	1	1
78	87	1	1
7	89	1	1
71	89	1	1
35	90	1	1
43	90	1	1
22	92	1	1
70	92	1	1
26	94	1	1
50	94	1	1
64	97	1	1
36	98	1	1
67	98	1	1
19	103	1	1
35	103	1	1
49	103	2	1
54	103	1	1
51	104	1	1
76	104	1	1
32	105	1	1
51	105	1	1
76	106	1	1
16	107	1	1
40	108	1	1
51	108	1	1
25	110	1	1
30	113	1	1
22	116	1	1
43	116	1	1
52	121	1	1
66	122	1	1
68	122	1	1
44	124	1	1
82	124	1	1
48	129	1	1
46	140	1	1
6	142	2	1
35	142	1	1
49	142	1	1
62	142	1	1
35	144	1	1
23	148	1	1
6	149	1	1
35	149	1	1
49	149	1	1
68	149	1	1
61	155	1	1
24	158	1	1
1	166	1	1
22	166	1	1
80	166	1	1
22	169	1	1
43	169	1	1
48	169	1	1
13	172	1	1
17	175	1	1
47	177	1	1
6	181	1	1
35	181	1	1
49	181	1	1
35	183	1	1
43	190	1	1
47	191	1	1
39	192	1	1
65	193	1	1
78	194	1	1
82	195	1	1
6	203	1	1
35	203	1	1
49	203	1	1
10	209	1	1
44	209	1	1
13	210	1	1
58	210	1	1
43	217	1	1
28	227	1	1
30	227	1	1
35	227	1	1
44	238	1	1
35	239	1	1
54	239	1	1
59	239	1	1
60	239	1	1
54	240	1	1
70	240	1	1
61	242	1	1
31	246	1	1
52	256	1	1
55	263	1	1
23	267	4	1
70	267	1	1
7	268	1	1
78	268	1	1
9	270	1	1
74	270	1	1
78	270	1	1
43	275	1	1
48	275	1	1
78	275	1	1
11	282	1	1
27	282	1	1
35	284	1	1
31	286	1	1
34	288	1	1
31	289	1	1
44	289	1	1
50	289	1	1
75	290	1	1
78	290	1	1
80	294	1	1
1	296	1	1
28	296	1	1
31	296	1	1
30	299	1	1
43	299	1	1
35	301	1	1
41	302	1	1
7	303	1	1
43	303	1	1
79	304	1	1
19	305	1	1
27	305	1	1
70	307	1	1
79	307	1	1
6	312	1	1
35	312	1	1
49	312	1	1
59	312	1	1
60	312	1	1
6	315	1	1
35	315	1	1
49	315	1	1
6	316	1	1
35	316	1	1
49	316	1	1
6	317	2	1
35	317	1	1
49	317	2	1
6	318	1	1
35	318	1	1
49	318	1	1
27	320	1	1
35	329	1	1
39	329	1	1
35	333	1	1
35	335	1	1
13	336	1	1
2	337	1	1
11	341	1	1
27	341	1	1
17	350	1	1
56	350	1	1
17	361	1	1
35	361	1	1
12	362	1	1
12	363	1	1
12	364	1	1
17	377	1	1
7	378	1	1
51	378	1	1
74	382	1	1
35	387	1	1
55	390	1	1
82	390	1	1
22	392	1	1
67	396	1	1
35	397	1	1
32	399	1	1
38	399	1	1
62	399	1	1
65	399	1	1
70	399	1	1
19	400	1	1
35	400	1	1
70	400	1	1
70	401	1	1
26	403	1	1
63	403	1	1
3	406	1	1
39	406	1	1
72	406	1	1
73	406	1	1
35	407	1	1
39	407	1	1
67	407	1	1
4	411	1	1
5	411	1	1
51	411	1	1
11	414	1	1
43	414	1	1
45	414	1	1
52	414	1	1
7	415	1	1
25	421	1	1
56	421	1	1
32	423	2	1
75	423	1	1
70	429	2	1
35	431	1	1
4	432	1	1
32	432	1	1
68	432	1	1
43	433	1	1
22	435	1	1
35	436	1	1
37	436	1	1
34	437	1	1
57	437	1	1
83	437	1	1
35	445	1	1
38	447	2	1
79	448	1	1
22	449	1	1
35	449	1	1
70	449	1	1
27	450	1	1
66	450	1	1
36	451	1	1
83	451	1	1
36	453	1	1
43	453	1	1
22	455	1	1
38	456	1	1
82	456	1	1
56	457	1	1
78	457	1	1
6	460	1	1
35	469	1	1
47	475	1	1
29	477	1	1
24	480	1	1
39	480	1	1
43	483	1	1
43	484	1	1
30	485	1	1
27	495	1	1
65	495	1	1
70	495	1	1
22	496	1	1
24	510	1	1
48	510	1	1
10	512	1	1
43	517	1	1
83	518	1	1
38	520	1	1
72	522	1	1
71	528	1	1
59	535	1	1
60	535	1	1
59	539	1	1
60	539	1	1
6	545	2	1
35	545	1	1
49	545	1	1
62	545	1	1
35	546	1	1
22	553	1	1
3	576	1	1
20	576	1	1
34	576	1	1
67	576	1	1
82	579	1	1
35	130	1	2
61	130	1	2
65	130	1	2
71	130	1	2
35	132	1	2
50	132	1	2
61	132	1	2
48	167	1	2
53	173	1	2
55	173	1	2
17	174	1	2
62	176	1	2
74	202	1	2
70	205	1	2
75	205	1	2
80	247	1	2
80	248	1	2
5	253	1	2
32	253	1	2
20	254	1	2
44	254	1	2
75	254	1	2
62	255	1	2
34	257	1	2
71	276	1	2
78	276	1	2
35	285	1	2
6	314	1	2
35	314	1	2
49	314	1	2
48	369	1	2
50	369	1	2
78	369	1	2
44	376	1	2
35	492	1	2
46	492	1	2
60	492	1	2
70	492	1	2
73	549	1	2
78	549	1	2
72	551	1	2
20	552	1	2
10	554	1	2
83	556	1	2
82	558	1	2
81	561	1	2
67	562	1	2
68	570	1	2
19	9	1	4
63	12	1	4
77	12	1	4
26	16	1	4
35	17	1	4
82	18	1	4
35	20	1	4
42	20	1	4
36	23	1	4
42	27	1	4
34	28	1	4
59	30	1	4
60	30	1	4
11	32	1	4
15	32	1	4
33	32	1	4
36	32	1	4
37	33	2	4
45	33	1	4
78	33	1	4
44	35	1	4
13	38	1	4
44	38	1	4
2	49	1	4
44	51	1	4
58	51	2	4
82	65	1	4
38	68	1	4
48	68	1	4
8	69	1	4
64	69	1	4
35	88	1	4
44	91	1	4
1	93	1	4
51	93	1	4
58	93	1	4
75	93	1	4
14	96	1	4
82	96	1	4
6	99	1	4
35	99	1	4
49	99	1	4
64	100	1	4
15	101	1	4
53	101	1	4
3	102	1	4
76	114	1	4
15	118	1	4
48	118	1	4
82	118	1	4
4	119	1	4
53	119	1	4
41	120	1	4
78	120	1	4
46	125	1	4
1	126	1	4
40	126	1	4
61	126	1	4
45	128	1	4
46	128	1	4
79	128	1	4
46	133	1	4
35	134	1	4
7	135	1	4
36	135	1	4
67	135	1	4
79	135	1	4
35	136	1	4
46	136	1	4
62	137	1	4
35	138	1	4
61	138	1	4
70	138	1	4
71	138	1	4
62	143	1	4
67	143	1	4
23	145	1	4
4	146	1	4
9	146	1	4
80	146	1	4
16	147	1	4
71	153	1	4
78	153	1	4
43	154	2	4
48	154	1	4
58	154	1	4
82	154	1	4
25	159	1	4
63	160	1	4
52	161	1	4
68	161	1	4
14	162	1	4
25	162	1	4
35	163	1	4
39	164	1	4
6	168	1	4
35	168	1	4
49	168	1	4
83	184	1	4
46	185	1	4
70	186	1	4
29	187	1	4
35	187	1	4
43	187	1	4
44	188	1	4
48	197	1	4
9	199	1	4
24	199	1	4
81	199	1	4
35	201	1	4
57	206	1	4
1	208	1	4
82	208	1	4
21	211	1	4
16	212	1	4
21	212	1	4
21	214	1	4
46	215	1	4
21	216	1	4
28	216	1	4
82	218	1	4
21	219	1	4
28	219	1	4
35	221	1	4
38	223	1	4
56	223	1	4
6	230	2	4
35	230	1	4
50	230	1	4
53	230	1	4
21	232	1	4
6	233	1	4
3	235	1	4
14	235	1	4
11	237	1	4
13	237	1	4
24	243	1	4
74	243	1	4
78	243	1	4
35	245	1	4
43	245	1	4
35	251	1	4
52	251	1	4
55	251	1	4
22	252	1	4
26	260	1	4
35	260	1	4
66	260	1	4
35	261	1	4
35	264	1	4
38	264	1	4
35	266	1	4
50	266	1	4
54	266	1	4
35	271	1	4
70	271	1	4
81	271	1	4
26	272	1	4
3	281	1	4
43	283	2	4
16	293	1	4
33	293	1	4
75	293	1	4
16	298	1	4
33	298	1	4
35	308	1	4
44	309	1	4
41	310	1	4
48	321	1	4
55	321	1	4
70	324	1	4
37	325	1	4
81	325	1	4
51	332	1	4
67	332	1	4
74	332	1	4
75	332	1	4
35	334	1	4
33	338	1	4
70	338	1	4
73	338	1	4
37	344	1	4
63	344	1	4
22	345	1	4
35	346	1	4
20	347	1	4
14	353	1	4
55	353	1	4
3	355	1	4
7	356	1	4
14	357	1	4
36	357	1	4
22	365	1	4
57	365	1	4
70	365	1	4
35	367	1	4
47	367	1	4
80	367	1	4
16	373	1	4
35	373	1	4
70	373	1	4
44	374	1	4
35	379	1	4
32	380	1	4
9	381	1	4
13	381	1	4
33	381	1	4
81	381	1	4
52	383	1	4
32	384	1	4
70	384	1	4
20	386	1	4
62	386	1	4
70	386	1	4
35	393	1	4
15	395	1	4
70	395	1	4
73	395	1	4
78	395	1	4
35	398	1	4
71	398	1	4
44	408	1	4
77	420	1	4
6	422	1	4
35	422	1	4
49	422	1	4
35	424	1	4
41	425	1	4
66	425	1	4
41	426	1	4
79	426	1	4
35	430	1	4
70	430	1	4
13	438	1	4
69	438	1	4
3	439	1	4
13	439	1	4
69	439	1	4
32	440	1	4
39	440	1	4
69	440	1	4
45	441	1	4
69	441	1	4
69	442	1	4
78	443	1	4
7	444	1	4
68	452	1	4
70	452	1	4
81	452	1	4
15	462	1	4
44	463	1	4
78	463	1	4
35	464	1	4
41	465	2	4
77	466	1	4
81	466	1	4
22	472	1	4
35	472	1	4
37	472	1	4
42	473	1	4
9	474	1	4
40	474	1	4
19	486	1	4
45	486	1	4
51	486	1	4
57	487	1	4
35	489	1	4
71	494	1	4
77	494	1	4
78	494	1	4
42	498	1	4
42	504	1	4
35	505	1	4
81	505	1	4
67	508	1	4
68	508	1	4
4	509	1	4
51	509	1	4
67	509	1	4
51	515	1	4
68	515	1	4
35	516	1	4
2	521	1	4
24	521	1	4
72	521	1	4
51	523	1	4
2	525	1	4
32	525	1	4
3	526	1	4
52	526	1	4
30	527	1	4
51	527	1	4
52	527	1	4
29	529	1	4
77	530	1	4
8	531	1	4
80	531	1	4
8	532	1	4
80	532	1	4
70	533	1	4
72	533	1	4
22	534	1	4
64	536	1	4
35	544	1	4
7	550	1	4
51	550	1	4
35	555	1	4
43	555	1	4
70	555	1	4
31	559	1	4
77	559	1	4
35	563	1	4
29	564	1	4
66	565	1	4
35	566	1	4
44	568	1	4
44	577	1	4
68	577	1	4
80	577	1	4
35	578	1	4
