18	119	1	0
73	119	1	0
48	157	1	0
57	446	1	0
58	446	1	0
64	446	1	0
89	446	1	0
102	446	1	0
41	463	1	0
22	467	1	0
25	578	1	0
75	578	1	0
89	578	1	0
9	657	1	0
50	7	1	5
101	7	1	5
98	8	1	5
103	25	1	5
42	27	1	5
50	89	1	5
12	90	1	5
24	115	1	5
34	115	1	5
39	115	1	5
27	121	2	5
31	121	1	5
59	121	2	5
27	145	1	5
31	145	1	5
50	145	1	5
65	145	1	5
27	146	1	5
31	146	1	5
50	146	1	5
27	147	1	5
31	147	1	5
27	149	1	5
31	149	1	5
50	149	1	5
27	150	1	5
31	150	1	5
50	150	1	5
63	160	1	5
91	173	1	5
50	185	1	5
43	231	1	5
46	231	1	5
43	235	1	5
46	235	1	5
5	367	1	5
59	367	1	5
79	367	1	5
105	367	1	5
10	375	1	5
30	375	1	5
45	375	2	5
79	375	1	5
83	375	1	5
29	406	1	5
91	406	1	5
51	414	1	5
99	414	1	5
104	414	1	5
26	415	1	5
50	417	1	5
112	417	2	5
42	420	1	5
6	439	1	5
63	439	1	5
50	458	1	5
71	458	1	5
103	458	1	5
19	476	1	5
83	476	1	5
35	493	1	5
50	493	1	5
13	495	1	5
50	495	1	5
74	495	1	5
9	497	1	5
69	497	1	5
76	497	1	5
9	499	1	5
8	527	1	5
17	527	1	5
49	530	1	5
71	530	1	5
65	531	1	5
13	537	1	5
32	537	1	5
50	537	1	5
74	537	1	5
50	556	1	5
91	556	1	5
103	556	1	5
13	594	1	5
50	594	1	5
74	594	1	5
38	631	1	5
12	673	1	5
89	673	1	5
97	673	1	5
13	682	1	5
50	682	1	5
74	682	1	5
5	690	1	5
35	690	1	5
48	690	1	5
20	696	1	5
50	696	1	5
83	696	1	5
91	5	1	7
110	5	1	7
50	12	1	7
65	12	1	7
94	12	1	7
99	15	1	7
11	43	1	7
37	43	1	7
40	43	1	7
91	43	1	7
99	43	1	7
104	47	2	7
30	48	1	7
58	48	1	7
85	48	1	7
101	48	1	7
79	49	1	7
51	58	1	7
72	58	1	7
92	58	1	7
16	61	1	7
79	61	1	7
36	66	1	7
38	66	1	7
64	70	1	7
82	73	1	7
60	75	1	7
47	76	1	7
83	76	1	7
11	82	1	7
63	85	1	7
103	85	2	7
45	86	1	7
57	87	1	7
73	87	1	7
86	87	1	7
82	88	1	7
91	88	1	7
63	92	1	7
78	92	1	7
82	92	1	7
110	92	1	7
53	100	1	7
86	100	1	7
91	100	1	7
86	105	1	7
100	105	1	7
29	116	1	7
43	116	1	7
45	135	1	7
48	135	1	7
110	140	1	7
63	148	1	7
32	152	1	7
64	152	1	7
28	153	1	7
37	153	1	7
57	153	1	7
91	153	1	7
53	158	1	7
83	158	1	7
92	158	1	7
100	158	1	7
63	161	1	7
79	161	1	7
11	164	1	7
61	164	1	7
65	164	2	7
94	164	1	7
11	169	1	7
61	169	1	7
65	169	2	7
94	169	1	7
102	181	1	7
49	182	1	7
50	182	1	7
94	182	1	7
30	184	1	7
79	184	1	7
57	196	1	7
64	196	1	7
30	198	1	7
64	198	1	7
65	205	1	7
57	207	1	7
64	207	1	7
82	207	1	7
86	207	1	7
82	210	1	7
65	213	1	7
79	213	1	7
78	221	1	7
91	221	1	7
57	228	1	7
78	228	1	7
82	230	1	7
82	237	1	7
49	246	1	7
82	246	1	7
57	248	1	7
90	248	1	7
37	255	1	7
65	255	1	7
91	255	1	7
92	255	1	7
91	262	1	7
106	263	2	7
80	267	1	7
84	267	1	7
53	273	1	7
106	273	1	7
37	279	1	7
91	279	1	7
100	279	1	7
7	286	1	7
44	286	1	7
77	286	1	7
7	303	1	7
37	316	1	7
76	321	1	7
7	324	1	7
7	338	1	7
7	340	1	7
45	340	1	7
77	340	1	7
24	341	1	7
13	348	1	7
50	348	1	7
74	348	1	7
25	355	1	7
68	355	1	7
79	355	1	7
73	359	1	7
79	359	1	7
99	359	1	7
105	359	1	7
73	361	1	7
79	361	1	7
99	361	1	7
105	361	1	7
10	362	1	7
65	362	1	7
79	362	1	7
4	365	1	7
79	365	1	7
87	368	1	7
5	380	1	7
10	380	1	7
59	380	1	7
79	380	1	7
63	384	1	7
73	388	1	7
89	388	1	7
106	391	1	7
16	393	1	7
100	393	1	7
59	403	1	7
85	403	1	7
91	403	1	7
84	405	1	7
99	405	2	7
91	407	1	7
77	411	1	7
50	416	1	7
14	441	1	7
32	447	1	7
46	447	1	7
69	447	1	7
91	449	1	7
82	462	1	7
91	462	1	7
112	462	1	7
21	464	1	7
49	464	1	7
50	464	1	7
82	466	1	7
12	483	1	7
13	483	1	7
50	483	1	7
74	483	1	7
25	487	1	7
63	487	1	7
82	487	2	7
85	487	1	7
49	498	1	7
50	498	1	7
71	498	1	7
49	503	1	7
110	503	1	7
82	505	1	7
93	505	1	7
2	512	1	7
50	518	1	7
91	518	1	7
99	518	1	7
2	519	1	7
30	523	1	7
50	529	1	7
91	529	1	7
99	529	1	7
104	532	1	7
54	540	1	7
9	545	1	7
29	550	1	7
88	550	1	7
61	563	1	7
44	567	1	7
50	567	1	7
20	569	1	7
46	569	1	7
50	569	1	7
91	570	1	7
91	571	1	7
23	574	1	7
111	574	1	7
90	580	1	7
24	581	1	7
34	581	1	7
90	581	1	7
24	582	1	7
34	582	1	7
61	582	1	7
90	582	1	7
24	583	1	7
34	583	1	7
61	583	1	7
90	583	1	7
21	585	1	7
34	587	1	7
68	588	1	7
109	588	1	7
48	596	1	7
50	596	1	7
91	596	1	7
104	600	1	7
50	607	1	7
12	624	1	7
53	624	1	7
28	632	1	7
4	639	1	7
35	639	1	7
46	639	1	7
65	639	1	7
68	639	1	7
91	640	1	7
103	640	1	7
104	640	1	7
50	652	1	7
82	655	1	7
50	656	1	7
3	658	1	7
82	658	2	7
50	659	1	7
30	660	1	7
20	662	1	7
63	663	1	7
63	664	1	7
82	665	1	7
93	665	1	7
30	667	1	7
20	672	1	7
91	672	1	7
98	672	2	7
99	672	1	7
83	675	1	7
49	676	1	7
85	676	1	7
100	676	1	7
38	678	1	7
65	684	1	7
82	698	1	7
111	1	1	8
40	2	1	8
73	4	1	8
36	9	1	8
43	9	1	8
61	13	1	8
96	14	1	8
104	14	1	8
63	19	1	8
73	19	1	8
91	19	1	8
106	19	1	8
42	20	1	8
104	22	1	8
15	23	1	8
50	23	1	8
73	23	1	8
80	23	1	8
77	24	1	8
109	24	1	8
104	26	1	8
109	26	1	8
10	29	1	8
22	29	2	8
73	30	1	8
85	30	1	8
60	31	1	8
65	32	1	8
47	33	1	8
65	33	1	8
96	34	1	8
99	34	1	8
70	35	1	8
91	35	1	8
103	35	1	8
70	36	1	8
81	37	1	8
72	38	1	8
81	38	1	8
81	39	1	8
48	41	1	8
104	41	1	8
99	42	1	8
37	44	1	8
57	44	2	8
80	44	1	8
91	44	1	8
73	46	1	8
112	46	1	8
86	50	1	8
8	51	1	8
46	51	1	8
65	51	1	8
98	51	1	8
100	51	1	8
109	51	1	8
61	54	1	8
92	54	1	8
61	55	1	8
70	60	1	8
107	60	1	8
34	63	1	8
52	63	1	8
67	63	1	8
34	64	1	8
67	64	1	8
34	65	1	8
52	65	1	8
67	65	1	8
34	67	1	8
52	67	1	8
67	67	1	8
34	68	1	8
52	68	1	8
67	68	1	8
34	69	1	8
52	69	1	8
67	69	1	8
34	71	1	8
52	71	1	8
67	71	1	8
97	71	1	8
112	71	1	8
34	72	1	8
52	72	1	8
67	72	1	8
97	72	2	8
79	74	1	8
4	77	1	8
67	77	1	8
97	77	1	8
17	78	1	8
101	79	1	8
50	80	1	8
91	80	1	8
63	81	1	8
38	84	1	8
91	93	1	8
68	94	1	8
73	94	1	8
112	94	1	8
58	95	1	8
73	95	1	8
85	95	1	8
89	95	1	8
25	96	1	8
81	96	1	8
30	97	2	8
73	97	1	8
25	98	1	8
81	98	1	8
91	98	1	8
70	99	1	8
91	99	1	8
75	101	1	8
9	102	1	8
30	102	1	8
32	102	1	8
105	103	1	8
65	107	1	8
49	109	1	8
14	110	1	8
50	110	1	8
111	110	1	8
77	111	1	8
96	111	1	8
8	112	1	8
61	113	1	8
71	113	1	8
26	117	1	8
75	117	1	8
39	118	1	8
75	118	1	8
91	118	1	8
30	123	1	8
59	124	1	8
79	124	1	8
50	125	1	8
18	126	1	8
35	126	1	8
18	127	1	8
50	127	1	8
78	128	1	8
82	128	1	8
101	128	1	8
36	129	1	8
47	129	1	8
18	130	1	8
50	130	1	8
69	131	1	8
84	131	1	8
3	132	1	8
38	132	1	8
109	132	1	8
46	134	1	8
15	137	1	8
100	138	1	8
50	139	1	8
76	139	1	8
54	141	1	8
50	151	1	8
82	151	1	8
75	154	1	8
57	155	1	8
51	156	1	8
78	156	1	8
104	156	1	8
65	159	1	8
73	159	1	8
108	162	1	8
46	165	1	8
89	167	1	8
14	168	1	8
44	168	1	8
51	168	1	8
68	171	1	8
44	172	1	8
90	175	1	8
99	175	1	8
47	183	1	8
50	186	1	8
15	187	1	8
37	188	1	8
39	188	1	8
78	188	1	8
91	188	1	8
104	189	1	8
61	190	1	8
40	192	1	8
84	193	1	8
91	194	1	8
65	195	1	8
79	195	1	8
8	197	1	8
77	203	2	8
3	208	1	8
47	208	1	8
61	208	2	8
75	208	1	8
23	211	1	8
50	212	1	8
18	214	1	8
29	215	1	8
51	216	1	8
91	219	1	8
14	220	1	8
50	220	1	8
61	222	1	8
63	222	1	8
47	223	1	8
75	223	1	8
4	224	1	8
5	224	1	8
99	224	1	8
77	225	1	8
38	227	1	8
63	227	1	8
85	229	1	8
50	238	1	8
57	240	1	8
38	241	1	8
111	241	1	8
57	243	1	8
40	244	1	8
63	244	1	8
56	245	1	8
53	247	1	8
87	247	1	8
14	249	1	8
77	249	1	8
63	250	1	8
91	251	1	8
102	251	1	8
57	252	1	8
92	252	1	8
56	254	1	8
63	254	1	8
57	257	1	8
65	258	1	8
3	259	1	8
16	260	1	8
37	260	1	8
49	260	1	8
65	261	1	8
3	265	1	8
91	265	1	8
45	268	1	8
57	268	1	8
77	268	1	8
57	269	1	8
65	269	1	8
72	270	1	8
90	271	1	8
34	272	1	8
56	272	1	8
56	275	1	8
34	278	1	8
56	278	1	8
96	278	1	8
97	278	1	8
8	281	2	8
11	281	1	8
72	281	1	8
103	281	1	8
106	281	1	8
56	283	1	8
29	285	1	8
95	285	1	8
33	287	1	8
33	288	1	8
49	289	2	8
33	290	1	8
92	290	1	8
98	290	1	8
50	291	1	8
54	291	1	8
63	292	1	8
100	292	1	8
102	292	1	8
33	293	1	8
23	294	1	8
33	294	1	8
40	294	1	8
49	294	1	8
91	294	1	8
98	294	1	8
100	294	1	8
103	294	1	8
1	295	1	8
92	295	1	8
64	296	1	8
70	296	1	8
33	297	1	8
1	299	1	8
38	300	1	8
1	302	1	8
51	302	1	8
1	304	1	8
38	305	1	8
61	305	1	8
70	305	1	8
75	306	1	8
82	306	1	8
104	306	1	8
1	307	1	8
11	308	1	8
38	308	1	8
76	309	1	8
11	310	1	8
50	310	1	8
91	310	1	8
91	311	1	8
4	313	1	8
91	313	1	8
50	315	1	8
87	315	1	8
97	315	1	8
12	317	1	8
91	317	1	8
95	317	1	8
12	320	1	8
95	320	1	8
95	322	1	8
44	323	1	8
12	326	1	8
62	326	1	8
95	326	1	8
29	327	1	8
95	327	1	8
66	328	1	8
66	329	1	8
92	329	1	8
95	331	1	8
66	332	1	8
92	333	1	8
94	333	1	8
95	333	1	8
7	334	1	8
50	336	1	8
76	336	1	8
40	337	1	8
28	343	1	8
29	343	1	8
109	343	1	8
21	344	1	8
23	345	1	8
50	345	1	8
42	346	1	8
50	346	1	8
72	347	2	8
93	347	1	8
99	347	1	8
79	350	1	8
99	350	1	8
49	351	1	8
79	351	1	8
23	352	1	8
42	353	1	8
49	356	1	8
68	356	1	8
84	356	1	8
100	356	1	8
84	357	1	8
88	357	1	8
103	357	1	8
80	358	1	8
22	363	1	8
105	364	1	8
2	366	1	8
5	366	1	8
22	369	1	8
106	369	1	8
2	370	1	8
85	372	1	8
15	374	1	8
65	376	1	8
59	379	1	8
63	382	1	8
75	382	1	8
2	383	1	8
10	383	1	8
30	383	1	8
62	383	1	8
90	383	1	8
91	383	1	8
111	383	1	8
2	385	1	8
15	385	1	8
98	385	2	8
100	385	1	8
55	386	1	8
17	392	1	8
44	392	1	8
55	392	1	8
38	395	1	8
43	395	1	8
43	396	1	8
55	396	1	8
62	396	1	8
104	396	1	8
3	397	1	8
98	397	1	8
107	397	1	8
55	398	1	8
62	398	1	8
90	398	1	8
55	400	1	8
65	401	1	8
2	402	1	8
10	402	1	8
61	404	1	8
63	404	1	8
15	408	1	8
104	408	1	8
17	410	1	8
60	412	1	8
2	413	1	8
17	422	1	8
6	425	1	8
10	425	1	8
28	425	1	8
97	425	1	8
40	426	1	8
19	427	1	8
71	427	1	8
83	427	1	8
6	429	1	8
71	429	1	8
19	430	1	8
72	430	1	8
50	431	1	8
54	431	2	8
74	431	1	8
19	432	1	8
36	432	1	8
58	432	1	8
19	433	1	8
6	434	1	8
50	434	1	8
91	434	1	8
6	436	1	8
6	437	1	8
86	437	1	8
99	437	1	8
107	437	1	8
6	438	1	8
86	438	1	8
99	438	1	8
107	438	1	8
75	440	1	8
84	440	1	8
91	440	1	8
22	442	1	8
60	443	1	8
68	444	1	8
58	445	1	8
22	451	1	8
91	451	1	8
85	453	1	8
91	453	1	8
77	455	1	8
21	456	1	8
69	456	1	8
96	457	1	8
100	459	1	8
103	459	1	8
44	460	1	8
93	460	1	8
22	465	1	8
71	465	1	8
91	465	1	8
41	468	1	8
82	468	1	8
41	470	1	8
41	471	1	8
41	472	1	8
41	473	1	8
41	474	1	8
65	474	1	8
84	475	1	8
35	477	1	8
41	477	1	8
44	477	1	8
79	478	1	8
41	479	1	8
41	480	1	8
41	481	1	8
41	482	1	8
65	482	1	8
41	484	1	8
30	485	1	8
40	486	1	8
79	488	1	8
63	489	1	8
63	490	1	8
93	490	1	8
65	491	1	8
79	491	1	8
63	492	1	8
99	492	1	8
63	494	1	8
50	496	1	8
69	496	1	8
71	496	1	8
91	496	1	8
28	500	1	8
22	501	1	8
91	501	1	8
104	501	1	8
91	502	1	8
61	504	1	8
44	507	1	8
84	507	1	8
87	507	1	8
104	507	1	8
85	508	1	8
47	510	1	8
68	510	1	8
87	511	1	8
101	511	1	8
13	513	1	8
32	513	1	8
50	513	1	8
74	513	1	8
50	514	1	8
71	514	1	8
3	515	2	8
103	516	1	8
78	517	1	8
13	520	1	8
50	520	1	8
54	520	1	8
74	520	2	8
75	521	1	8
102	521	1	8
102	522	1	8
88	524	1	8
88	525	1	8
88	526	1	8
36	533	1	8
47	533	1	8
75	533	1	8
18	535	1	8
22	535	1	8
91	535	1	8
5	536	1	8
10	536	1	8
63	536	1	8
72	536	1	8
21	538	1	8
40	539	1	8
88	539	1	8
91	541	1	8
63	543	1	8
49	546	1	8
101	546	1	8
32	547	1	8
50	547	1	8
92	549	1	8
100	549	1	8
108	549	1	8
50	551	1	8
26	552	1	8
49	552	1	8
61	552	1	8
63	552	1	8
108	552	1	8
60	553	1	8
108	554	1	8
110	555	1	8
40	557	1	8
98	557	1	8
108	558	1	8
12	559	1	8
51	560	1	8
60	560	1	8
91	560	1	8
104	560	1	8
102	564	1	8
48	572	1	8
30	573	1	8
12	577	1	8
50	584	1	8
93	586	1	8
13	589	1	8
20	589	1	8
83	589	1	8
100	590	1	8
13	595	1	8
20	595	1	8
50	595	1	8
74	595	1	8
98	597	1	8
50	599	1	8
91	599	1	8
95	601	1	8
50	603	1	8
12	608	1	8
29	608	1	8
95	608	1	8
99	608	1	8
50	609	1	8
69	609	1	8
66	610	1	8
105	610	1	8
66	611	1	8
50	612	1	8
8	613	1	8
50	613	1	8
65	613	1	8
80	615	1	8
38	618	1	8
104	618	1	8
30	619	1	8
111	619	1	8
50	620	1	8
16	621	1	8
14	623	1	8
85	623	1	8
65	625	1	8
50	626	1	8
93	626	1	8
68	627	1	8
82	628	1	8
26	629	1	8
61	629	1	8
72	633	1	8
75	634	1	8
88	634	1	8
99	635	1	8
44	636	1	8
100	641	1	8
49	642	1	8
50	644	1	8
13	646	1	8
50	646	1	8
13	648	1	8
50	648	1	8
60	648	1	8
44	650	1	8
87	651	1	8
32	653	1	8
39	653	1	8
86	653	1	8
93	653	1	8
16	661	1	8
23	661	1	8
50	670	1	8
46	674	1	8
38	677	1	8
46	677	1	8
93	677	1	8
99	677	1	8
32	679	1	8
50	679	1	8
39	681	1	8
61	681	1	8
62	685	1	8
107	685	1	8
47	686	1	8
62	686	1	8
26	687	1	8
99	687	1	8
91	689	1	8
101	689	1	8
65	691	1	8
108	692	1	8
40	693	1	8
92	693	1	8
100	693	1	8
108	693	1	8
106	694	1	8
108	695	1	8
