22	15	1	0
72	22	1	3
33	25	2	3
35	25	1	3
35	26	1	3
33	32	1	3
5	33	1	3
20	33	1	3
30	33	1	3
44	33	1	3
58	33	1	3
44	80	1	3
49	80	1	3
62	80	1	3
30	127	1	3
41	127	1	3
58	185	1	3
54	247	1	3
18	253	1	3
30	253	1	3
30	254	1	3
51	254	1	3
30	291	1	3
30	326	2	3
53	326	1	3
30	327	2	3
53	327	1	3
30	373	1	3
35	443	1	3
34	459	1	3
41	459	1	3
30	464	2	3
58	464	1	3
71	464	1	3
27	468	1	3
47	468	1	3
27	473	1	3
30	473	1	3
47	473	1	3
45	523	1	3
4	524	1	3
30	525	1	3
67	525	1	3
12	536	1	3
30	546	1	3
58	546	1	3
30	4	1	5
41	4	1	5
13	42	1	5
59	42	1	5
59	48	1	5
20	57	1	5
27	57	1	5
15	72	1	5
30	72	1	5
41	72	1	5
9	99	1	5
30	99	1	5
13	103	1	5
26	106	1	5
58	106	1	5
69	106	1	5
7	118	1	5
2	138	1	5
30	138	1	5
12	162	1	5
62	166	1	5
26	168	1	5
40	168	1	5
13	176	1	5
52	182	1	5
60	182	1	5
1	183	1	5
11	187	1	5
1	188	1	5
5	192	1	5
30	192	1	5
30	197	1	5
30	199	1	5
30	201	1	5
30	202	1	5
32	203	1	5
37	203	1	5
17	204	1	5
37	204	1	5
58	204	1	5
30	207	1	5
37	209	1	5
9	210	1	5
10	210	1	5
17	210	1	5
32	210	1	5
37	210	1	5
32	211	2	5
37	211	1	5
37	213	1	5
37	219	1	5
68	219	1	5
37	222	1	5
45	229	1	5
45	230	1	5
37	242	1	5
37	244	1	5
64	244	1	5
67	245	1	5
10	251	1	5
3	278	1	5
65	296	1	5
13	302	1	5
59	303	1	5
65	303	1	5
22	304	1	5
30	307	1	5
30	308	1	5
41	308	1	5
61	308	1	5
65	309	1	5
59	312	1	5
60	312	1	5
13	313	1	5
44	314	1	5
53	314	1	5
30	316	1	5
58	316	1	5
27	320	1	5
39	320	1	5
74	323	1	5
39	324	1	5
58	324	1	5
67	324	1	5
30	325	1	5
58	331	1	5
38	332	2	5
40	332	1	5
57	332	1	5
72	338	1	5
8	340	1	5
20	340	1	5
58	340	1	5
44	342	1	5
52	342	1	5
22	343	1	5
46	343	1	5
58	344	1	5
69	345	1	5
5	356	1	5
30	364	1	5
48	364	1	5
23	368	1	5
67	376	1	5
72	376	1	5
6	378	1	5
28	379	1	5
58	379	1	5
11	381	1	5
28	381	1	5
30	385	1	5
30	386	1	5
42	386	1	5
43	386	1	5
66	386	1	5
11	387	1	5
30	387	1	5
34	389	1	5
41	389	1	5
30	391	1	5
42	391	1	5
43	391	1	5
66	391	1	5
30	397	1	5
57	397	1	5
66	397	1	5
18	404	1	5
34	405	1	5
10	407	1	5
47	411	1	5
73	411	3	5
2	412	1	5
30	412	1	5
1	414	1	5
30	416	1	5
58	416	1	5
8	419	1	5
47	419	1	5
69	419	1	5
65	421	1	5
20	423	1	5
30	428	1	5
41	428	1	5
22	453	1	5
73	456	1	5
30	460	1	5
35	460	1	5
69	460	1	5
73	460	1	5
5	466	1	5
25	466	1	5
27	466	1	5
30	466	1	5
69	474	1	5
58	484	1	5
51	487	2	5
70	487	1	5
73	487	1	5
49	488	1	5
18	490	1	5
58	490	1	5
30	498	1	5
30	508	1	5
60	508	1	5
35	516	1	5
30	520	1	5
30	533	1	5
65	533	1	5
45	538	1	5
72	538	1	5
67	543	1	5
44	544	1	5
28	549	1	5
67	549	1	5
61	6	1	6
62	17	1	6
72	19	1	6
34	23	1	6
44	23	1	6
50	24	1	6
7	27	1	6
35	27	1	6
46	27	1	6
30	31	1	6
41	31	1	6
23	41	1	6
33	41	1	6
58	41	1	6
46	65	1	6
53	65	1	6
30	79	1	6
42	79	1	6
22	81	1	6
23	81	1	6
16	89	1	6
34	90	1	6
70	90	1	6
30	91	1	6
34	92	1	6
1	124	1	6
50	124	1	6
30	131	1	6
30	140	1	6
20	145	1	6
30	145	1	6
30	170	1	6
58	177	1	6
64	177	1	6
70	177	1	6
67	178	3	6
7	179	1	6
64	179	1	6
33	184	1	6
55	184	1	6
42	205	1	6
4	212	1	6
58	214	2	6
16	215	1	6
34	215	1	6
34	218	1	6
40	221	1	6
60	221	1	6
74	224	1	6
34	226	1	6
60	226	1	6
60	227	1	6
34	234	1	6
56	234	1	6
3	236	1	6
14	236	1	6
60	237	1	6
34	240	1	6
56	240	1	6
14	241	1	6
24	241	1	6
27	241	1	6
9	243	1	6
55	243	1	6
56	243	1	6
34	248	1	6
73	250	1	6
39	259	1	6
67	260	1	6
34	261	1	6
23	262	1	6
58	262	1	6
72	263	1	6
7	266	1	6
14	267	1	6
46	267	1	6
61	267	1	6
64	268	1	6
70	268	1	6
60	270	1	6
67	281	1	6
35	282	1	6
44	282	1	6
22	283	1	6
40	283	1	6
74	298	1	6
61	318	1	6
74	321	1	6
72	365	1	6
69	366	1	6
70	366	1	6
71	374	1	6
6	377	1	6
34	377	1	6
39	377	1	6
59	395	1	6
2	396	1	6
30	396	1	6
41	396	2	6
6	398	1	6
4	406	1	6
71	406	1	6
71	430	1	6
20	432	1	6
56	432	1	6
34	433	1	6
34	434	1	6
56	434	1	6
58	436	1	6
13	438	1	6
26	438	1	6
52	444	1	6
73	444	1	6
45	450	1	6
20	452	1	6
67	452	1	6
2	458	1	6
5	458	1	6
30	458	1	6
41	458	1	6
35	461	1	6
55	461	1	6
3	467	1	6
13	467	1	6
19	469	1	6
44	469	1	6
59	485	1	6
30	491	1	6
20	492	1	6
68	494	1	6
71	494	1	6
33	499	1	6
44	503	1	6
49	503	1	6
44	506	1	6
49	506	1	6
51	506	1	6
30	509	1	6
30	519	1	6
40	519	1	6
42	519	1	6
18	526	1	6
30	534	1	6
35	539	1	6
30	223	1	7
42	223	1	7
30	228	1	7
42	228	1	7
5	294	1	7
25	294	1	7
27	294	1	7
35	294	1	7
4	451	2	7
67	451	1	7
39	1	1	8
6	5	1	8
55	5	1	8
29	7	1	8
68	7	1	8
12	8	1	8
16	10	1	8
34	10	1	8
62	12	1	8
38	13	1	8
72	13	1	8
10	14	1	8
13	14	1	8
17	14	1	8
20	14	1	8
45	14	1	8
11	18	1	8
29	18	1	8
38	18	1	8
68	20	1	8
35	28	1	8
38	28	1	8
30	36	2	8
51	36	1	8
55	36	1	8
58	36	1	8
30	37	2	8
54	37	1	8
30	38	2	8
35	38	1	8
58	38	1	8
30	39	2	8
58	39	1	8
72	39	1	8
30	40	2	8
18	43	1	8
28	43	2	8
30	43	2	8
51	43	1	8
30	44	2	8
51	44	1	8
30	45	2	8
54	45	1	8
9	46	1	8
30	46	2	8
58	46	1	8
12	47	1	8
13	47	1	8
16	47	1	8
30	47	2	8
30	52	2	8
36	52	1	8
30	53	2	8
36	53	1	8
30	54	2	8
36	54	1	8
54	54	1	8
30	55	2	8
36	55	1	8
30	56	2	8
36	56	1	8
30	58	2	8
36	58	1	8
30	59	2	8
36	59	1	8
35	60	1	8
35	62	1	8
45	62	1	8
57	62	1	8
27	63	1	8
24	64	1	8
23	66	1	8
35	66	2	8
62	66	1	8
48	67	1	8
65	67	1	8
1	68	1	8
19	70	1	8
21	70	1	8
63	70	1	8
4	71	1	8
21	71	1	8
53	71	1	8
58	71	1	8
72	71	1	8
48	73	1	8
17	75	1	8
63	75	1	8
67	75	1	8
68	75	1	8
63	76	1	8
35	77	1	8
48	77	1	8
30	78	1	8
16	83	1	8
22	83	1	8
24	84	1	8
35	84	1	8
48	86	1	8
74	87	1	8
40	88	1	8
35	93	1	8
34	94	1	8
72	94	1	8
35	95	1	8
58	95	1	8
21	97	1	8
53	97	1	8
12	98	1	8
13	98	1	8
20	98	1	8
35	98	1	8
58	98	1	8
72	100	1	8
27	101	1	8
63	104	1	8
22	109	1	8
63	109	1	8
68	109	1	8
72	109	1	8
33	110	1	8
44	110	1	8
63	110	1	8
71	110	1	8
74	110	1	8
14	111	1	8
47	111	1	8
63	111	1	8
18	113	1	8
47	113	1	8
24	114	1	8
67	114	1	8
27	115	1	8
30	116	1	8
10	117	1	8
38	117	1	8
15	119	1	8
30	119	1	8
58	119	2	8
30	122	1	8
14	123	1	8
19	125	1	8
31	125	1	8
35	126	1	8
18	128	1	8
34	128	1	8
58	128	1	8
34	130	1	8
58	130	1	8
13	132	1	8
58	133	1	8
31	134	1	8
31	135	1	8
48	136	1	8
67	136	1	8
21	137	1	8
25	141	1	8
30	141	1	8
5	142	1	8
25	142	1	8
32	142	1	8
31	144	1	8
30	146	1	8
8	147	1	8
58	147	1	8
63	147	1	8
34	148	2	8
35	149	1	8
24	150	1	8
27	150	1	8
33	150	1	8
47	150	1	8
53	150	1	8
58	150	2	8
63	151	1	8
53	157	1	8
7	158	1	8
30	158	1	8
55	159	1	8
58	160	1	8
63	161	1	8
72	163	1	8
2	164	1	8
35	164	1	8
40	164	1	8
67	164	1	8
35	165	2	8
58	165	1	8
59	165	1	8
67	165	1	8
4	167	1	8
27	167	1	8
31	171	1	8
47	171	1	8
35	174	1	8
55	174	1	8
19	175	1	8
57	175	2	8
67	175	1	8
4	186	1	8
27	186	1	8
7	191	1	8
64	191	1	8
72	191	1	8
35	194	1	8
67	194	1	8
30	198	1	8
21	200	1	8
49	206	1	8
70	208	1	8
30	217	1	8
67	217	1	8
3	220	1	8
17	232	1	8
31	235	1	8
50	239	1	8
60	239	1	8
48	258	1	8
26	264	3	8
2	265	1	8
11	265	1	8
30	265	1	8
40	265	1	8
25	269	1	8
30	269	1	8
72	272	1	8
62	274	1	8
15	275	1	8
30	275	1	8
39	275	1	8
41	275	1	8
16	276	1	8
58	276	1	8
30	277	1	8
41	277	1	8
35	279	1	8
19	280	1	8
30	280	1	8
58	280	1	8
72	280	1	8
30	287	1	8
65	288	1	8
50	289	1	8
58	292	1	8
44	293	1	8
53	293	1	8
15	295	1	8
30	295	1	8
41	295	1	8
5	300	1	8
25	300	1	8
30	301	1	8
65	301	1	8
34	306	2	8
50	315	2	8
4	319	1	8
8	319	1	8
67	319	1	8
46	333	1	8
13	334	1	8
40	334	1	8
67	334	2	8
49	335	1	8
13	341	1	8
59	341	1	8
72	341	1	8
3	346	1	8
33	350	1	8
35	350	1	8
60	350	1	8
58	355	1	8
22	359	1	8
58	359	1	8
29	361	1	8
38	361	1	8
58	362	1	8
39	367	1	8
17	369	1	8
17	371	1	8
19	371	1	8
30	372	1	8
52	372	1	8
59	372	1	8
65	372	1	8
26	382	1	8
15	384	1	8
30	384	1	8
41	384	1	8
7	388	1	8
26	388	1	8
29	388	1	8
58	388	1	8
34	390	1	8
9	392	1	8
38	392	1	8
30	401	1	8
42	401	1	8
43	401	1	8
52	401	1	8
58	401	1	8
66	401	1	8
22	402	1	8
42	403	1	8
43	403	1	8
66	403	1	8
35	408	1	8
58	415	1	8
66	415	1	8
66	417	1	8
30	425	1	8
42	425	1	8
43	425	1	8
58	425	1	8
66	425	1	8
30	429	1	8
42	429	1	8
43	429	1	8
59	429	1	8
66	429	1	8
6	439	1	8
30	439	1	8
72	442	1	8
4	448	1	8
20	448	1	8
47	449	1	8
32	475	1	8
53	478	1	8
58	478	1	8
13	479	1	8
40	481	1	8
28	482	1	8
15	483	2	8
30	483	1	8
41	483	2	8
8	489	1	8
69	496	1	8
70	496	1	8
22	502	1	8
68	502	1	8
30	512	1	8
58	514	1	8
9	529	1	8
20	529	1	8
41	529	1	8
58	529	1	8
58	535	1	8
61	535	1	8
70	535	1	8
35	537	1	8
54	542	1	8
29	545	1	8
30	545	1	8
41	545	1	8
48	545	1	8
70	547	1	8
30	548	1	8
41	548	1	8
67	550	1	8
30	552	1	8
73	553	1	8
25	554	1	8
57	554	1	8
35	555	1	8
72	555	1	8
