108	2	1	0
207	6	1	0
34	11	1	0
84	29	1	0
89	33	1	0
90	33	1	0
161	33	1	0
111	34	1	0
189	34	1	0
157	39	1	0
205	39	1	0
63	46	1	0
199	47	1	0
33	61	1	0
55	61	1	0
170	64	1	0
68	65	1	0
170	65	1	0
40	68	1	0
107	68	1	0
80	75	1	0
132	76	1	0
36	78	1	0
109	78	1	0
56	79	1	0
30	80	1	0
65	80	1	0
85	80	1	0
136	80	1	0
65	89	1	0
203	89	1	0
112	91	1	0
194	91	1	0
194	93	1	0
65	97	1	0
43	100	1	0
204	100	1	0
207	100	1	0
182	103	1	0
189	103	1	0
197	103	1	0
65	105	1	0
114	105	1	0
76	108	1	0
119	109	1	0
174	111	1	0
202	113	1	0
113	123	1	0
199	123	1	0
155	147	1	0
177	157	1	0
65	160	1	0
176	162	1	0
213	162	1	0
113	166	1	0
121	168	1	0
50	170	1	0
67	170	1	0
199	170	1	0
80	175	1	0
176	176	1	0
151	187	1	0
113	189	1	0
151	189	1	0
190	190	1	0
204	190	1	0
85	234	1	0
69	241	1	0
113	259	1	0
221	259	1	0
21	264	1	0
106	264	1	0
47	266	1	0
95	266	1	0
196	266	1	0
174	268	1	0
207	268	1	0
196	269	1	0
50	275	1	0
145	278	1	0
193	278	1	0
193	279	1	0
11	280	1	0
17	280	1	0
26	280	1	0
81	280	1	0
128	280	1	0
203	280	1	0
175	289	1	0
40	290	1	0
75	290	2	0
143	290	1	0
210	292	1	0
164	295	1	0
24	298	1	0
160	299	1	0
81	301	1	0
136	301	1	0
187	301	1	0
55	303	2	0
178	303	1	0
5	306	1	0
177	306	1	0
56	308	1	0
190	308	1	0
194	308	1	0
13	310	1	0
182	310	1	0
78	311	2	0
165	311	1	0
21	313	2	0
84	313	1	0
148	313	1	0
189	313	1	0
7	316	1	0
21	316	1	0
82	316	1	0
97	316	1	0
190	316	1	0
52	321	1	0
152	321	1	0
164	321	1	0
33	324	1	0
78	330	2	0
131	330	1	0
199	330	1	0
95	356	1	0
213	356	1	0
110	370	1	0
116	372	1	0
113	374	1	0
121	374	1	0
145	374	1	0
182	374	1	0
54	384	1	0
179	384	1	0
207	384	1	0
54	385	1	0
71	385	1	0
213	388	1	0
13	391	1	0
182	391	1	0
56	392	1	0
88	392	1	0
179	392	1	0
182	392	1	0
29	393	1	0
25	396	1	0
82	396	1	0
156	396	1	0
182	396	2	0
68	397	1	0
25	402	1	0
82	402	1	0
108	402	2	0
156	402	1	0
182	402	2	0
7	410	1	0
29	410	1	0
61	410	1	0
81	410	1	0
107	410	1	0
199	410	1	0
220	410	1	0
1	416	1	0
26	416	1	0
207	417	1	0
167	429	1	0
220	429	1	0
190	433	1	0
27	481	1	0
7	555	1	0
199	555	1	0
7	557	1	0
113	557	1	0
190	557	1	0
199	557	1	0
116	561	1	0
79	562	1	0
115	562	1	0
199	565	1	0
85	569	1	0
37	573	1	0
210	573	1	0
23	577	1	0
49	577	1	0
126	577	1	0
108	580	1	0
163	582	1	0
108	583	1	0
165	583	1	0
204	585	1	0
215	585	1	0
30	588	1	0
105	588	1	0
113	588	1	0
126	588	1	0
131	588	1	0
141	588	1	0
182	588	1	0
207	592	1	0
30	597	1	0
163	597	1	0
186	597	2	0
62	601	1	0
122	601	1	0
7	602	1	0
122	602	1	0
193	602	2	0
72	611	1	0
85	611	1	0
121	611	1	0
90	627	1	0
125	627	1	0
199	627	1	0
105	672	1	0
183	672	1	0
37	701	1	0
112	701	1	0
212	701	1	0
16	726	1	0
125	726	1	0
186	726	1	0
203	727	1	0
65	730	1	0
182	730	1	0
182	733	1	0
65	737	1	0
37	738	1	0
65	739	1	0
114	739	1	0
200	739	1	0
216	739	1	0
170	741	1	0
194	742	1	0
199	742	1	0
163	743	1	0
54	747	1	0
71	747	1	0
19	748	1	0
208	748	1	0
71	755	1	0
113	755	1	0
1	758	1	0
110	758	1	0
112	758	1	0
66	769	1	0
210	774	1	0
115	778	1	0
131	778	1	0
76	792	1	0
102	792	1	0
138	792	1	0
127	794	1	0
58	798	1	0
181	798	1	0
215	798	1	0
85	799	1	0
77	800	1	0
64	817	1	0
113	820	1	0
217	830	1	0
70	839	1	0
188	839	1	0
187	866	1	0
84	902	1	0
85	902	1	0
157	918	1	0
67	921	1	0
69	921	1	0
87	921	1	0
141	921	1	0
189	921	1	0
80	941	1	0
83	954	1	0
163	954	1	0
102	1010	1	0
78	1013	1	0
85	1015	1	0
176	1015	1	0
151	1018	1	0
56	1027	1	0
113	1027	1	0
66	1050	1	0
182	1050	1	0
78	1053	1	0
82	1053	1	0
93	1055	1	0
19	1056	1	0
27	1056	2	0
54	1056	1	0
66	1056	1	0
100	1056	1	0
204	1056	1	0
56	1059	1	0
68	1060	1	0
85	1060	1	0
110	1060	1	0
72	1074	1	0
162	1074	1	0
122	1093	1	0
183	1093	1	0
179	1097	2	0
203	1097	2	0
5	1105	1	0
31	1105	1	0
85	1132	1	0
208	1132	1	0
188	1136	1	0
58	1178	1	0
17	1186	1	0
66	1186	1	0
79	18	1	1
108	18	1	1
124	44	1	1
39	72	1	1
68	72	1	1
170	72	1	1
184	72	2	1
199	72	2	1
6	87	1	1
22	87	1	1
45	87	1	1
85	87	1	1
119	87	1	1
85	99	1	1
126	99	1	1
135	99	1	1
182	99	1	1
66	102	1	1
8	164	1	1
59	181	1	1
34	197	1	1
149	197	1	1
149	211	1	1
150	211	1	1
170	211	1	1
182	211	1	1
94	220	2	1
220	220	2	1
128	224	1	1
149	224	1	1
182	224	1	1
205	224	1	1
41	249	1	1
149	249	1	1
15	261	1	1
149	261	1	1
159	261	1	1
182	261	1	1
9	265	1	1
149	265	1	1
179	265	1	1
15	270	1	1
149	270	1	1
213	270	1	1
149	317	1	1
13	332	1	1
126	332	1	1
149	352	1	1
15	355	1	1
82	355	1	1
149	355	1	1
159	355	1	1
199	355	1	1
15	369	1	1
85	369	1	1
93	369	1	1
159	369	1	1
15	373	1	1
85	373	1	1
93	373	1	1
149	373	1	1
159	373	1	1
70	390	1	1
149	390	1	1
182	390	1	1
149	401	1	1
149	407	1	1
93	456	1	1
142	456	1	1
31	462	1	1
74	462	1	1
136	471	1	1
142	471	1	1
160	471	1	1
53	479	1	1
100	479	1	1
108	558	1	1
182	558	1	1
49	589	1	1
157	589	1	1
201	589	1	1
207	589	1	1
20	591	1	1
207	591	1	1
131	593	1	1
169	598	2	1
118	634	1	1
85	645	1	1
146	645	1	1
197	645	1	1
107	706	1	1
71	717	1	1
20	718	1	1
62	732	1	1
100	746	1	1
27	819	1	1
85	819	1	1
85	825	1	1
118	825	1	1
156	825	1	1
164	825	1	1
13	846	1	1
67	890	1	1
159	890	1	1
18	896	2	1
18	898	1	1
182	898	1	1
213	898	1	1
85	962	1	1
13	971	1	1
70	975	1	1
123	975	1	1
123	976	1	1
123	983	1	1
123	986	1	1
113	992	1	1
123	992	1	1
123	998	1	1
123	1000	1	1
101	1001	1	1
123	1001	1	1
208	1001	1	1
123	1002	1	1
123	1005	1	1
184	1005	1	1
213	1005	1	1
123	1007	1	1
60	1008	1	1
135	1048	1	1
158	1048	1	1
80	1079	1	1
182	1079	1	1
191	1079	1	1
186	1173	1	1
1	8	1	2
19	8	1	2
139	8	1	2
157	8	1	2
165	8	1	2
56	16	1	2
80	16	1	2
57	20	1	2
85	20	1	2
134	20	1	2
85	26	1	2
84	54	1	2
85	54	1	2
188	54	1	2
136	66	1	2
184	66	1	2
32	67	1	2
85	67	1	2
164	67	1	2
41	71	1	2
85	71	1	2
146	71	1	2
162	71	1	2
134	73	1	2
90	74	1	2
50	81	4	2
113	81	1	2
113	92	1	2
204	92	2	2
61	106	1	2
16	126	1	2
6	141	1	2
54	141	1	2
85	141	1	2
182	141	1	2
197	141	1	2
198	141	1	2
209	141	1	2
130	143	1	2
115	145	1	2
78	178	1	2
9	184	1	2
129	184	1	2
97	198	1	2
149	198	1	2
20	199	1	2
85	199	1	2
133	199	1	2
150	199	1	2
8	204	1	2
211	206	1	2
76	212	2	2
136	212	1	2
62	213	1	2
99	217	1	2
127	217	1	2
205	217	1	2
62	233	1	2
85	233	1	2
10	235	1	2
85	235	1	2
154	235	1	2
198	235	1	2
71	238	1	2
219	239	1	2
45	252	1	2
85	252	1	2
108	252	1	2
197	252	1	2
198	252	1	2
6	257	1	2
26	257	1	2
28	257	1	2
85	257	1	2
197	257	1	2
198	257	1	2
67	273	1	2
199	273	1	2
85	274	1	2
197	274	1	2
198	274	1	2
220	274	1	2
20	287	1	2
85	287	1	2
135	287	1	2
76	307	1	2
85	307	1	2
198	307	1	2
10	320	1	2
54	320	1	2
85	320	1	2
198	320	1	2
150	323	1	2
67	328	1	2
81	328	1	2
215	329	1	2
40	331	1	2
175	331	1	2
43	333	2	2
85	333	1	2
197	333	1	2
198	333	1	2
67	343	1	2
85	343	1	2
24	345	1	2
55	345	1	2
85	364	1	2
125	364	1	2
188	364	1	2
116	375	1	2
184	375	1	2
190	375	1	2
133	378	1	2
6	400	1	2
79	400	1	2
154	400	1	2
198	400	1	2
85	406	1	2
154	406	1	2
198	406	1	2
197	411	1	2
118	413	1	2
134	413	1	2
197	413	1	2
41	414	1	2
182	414	1	2
23	430	1	2
35	430	1	2
124	430	1	2
43	432	2	2
174	432	1	2
198	432	1	2
20	455	1	2
85	455	1	2
131	455	1	2
134	455	1	2
25	459	1	2
48	459	1	2
82	459	1	2
165	459	1	2
182	459	2	2
74	480	2	2
48	488	1	2
143	488	1	2
144	488	1	2
182	488	1	2
204	488	1	2
170	498	1	2
198	498	1	2
10	501	1	2
85	501	1	2
102	501	1	2
198	501	1	2
85	502	1	2
198	502	1	2
154	503	1	2
198	503	1	2
13	504	1	2
20	505	1	2
43	505	1	2
90	505	1	2
143	505	1	2
198	505	1	2
198	506	1	2
66	507	1	2
85	507	1	2
198	508	2	2
75	512	1	2
198	512	1	2
101	513	1	2
130	513	1	2
198	513	1	2
215	513	1	2
6	514	1	2
154	514	1	2
198	514	1	2
193	515	1	2
198	515	1	2
33	516	1	2
159	516	1	2
190	516	1	2
199	516	1	2
165	517	1	2
198	517	1	2
198	518	1	2
62	519	1	2
83	519	1	2
6	520	1	2
198	520	1	2
154	521	1	2
198	521	1	2
48	526	1	2
58	526	1	2
110	526	1	2
194	526	1	2
110	535	1	2
139	535	1	2
182	535	1	2
217	535	2	2
56	540	1	2
8	543	1	2
117	543	1	2
159	543	1	2
190	543	1	2
70	552	1	2
115	552	1	2
159	552	1	2
189	552	1	2
201	553	1	2
201	556	1	2
4	559	1	2
122	566	1	2
182	566	1	2
20	570	1	2
49	570	1	2
52	570	1	2
75	570	1	2
134	570	1	2
197	570	2	2
20	572	1	2
85	572	1	2
133	572	1	2
32	575	1	2
187	575	1	2
66	576	1	2
94	578	1	2
134	578	1	2
188	578	1	2
197	578	1	2
67	586	1	2
188	586	1	2
67	587	1	2
188	587	1	2
114	590	1	2
66	594	1	2
85	595	1	2
182	595	1	2
217	596	1	2
56	608	1	2
67	608	1	2
101	608	1	2
144	608	1	2
146	608	1	2
159	608	1	2
188	608	1	2
216	608	1	2
85	636	1	2
146	636	1	2
197	636	2	2
124	647	1	2
85	653	1	2
127	653	1	2
139	653	1	2
142	653	1	2
197	653	1	2
20	656	1	2
85	656	1	2
135	656	1	2
79	657	1	2
85	657	1	2
157	657	1	2
188	657	1	2
126	662	1	2
38	663	1	2
96	663	1	2
126	663	1	2
170	664	1	2
38	665	1	2
96	665	1	2
20	666	1	2
85	666	1	2
5	669	1	2
38	669	1	2
90	669	1	2
96	669	1	2
163	669	1	2
207	669	1	2
214	669	1	2
56	673	1	2
38	677	1	2
96	677	1	2
110	677	1	2
181	677	1	2
38	682	1	2
96	682	1	2
181	682	1	2
195	682	1	2
214	682	1	2
66	684	1	2
182	684	1	2
88	689	1	2
90	689	1	2
207	689	1	2
127	693	1	2
85	712	1	2
198	734	1	2
157	736	1	2
198	736	1	2
138	754	1	2
197	757	1	2
198	757	1	2
198	759	1	2
199	766	1	2
210	766	1	2
160	767	1	2
198	768	1	2
117	785	1	2
182	785	1	2
207	786	1	2
44	787	1	2
212	787	2	2
217	787	1	2
136	788	1	2
154	788	1	2
198	788	2	2
8	790	1	2
76	797	1	2
172	797	1	2
178	797	1	2
46	801	1	2
85	801	1	2
125	801	1	2
157	801	1	2
221	801	1	2
16	803	1	2
53	803	1	2
62	803	1	2
16	804	1	2
113	804	1	2
76	806	1	2
157	806	1	2
198	806	1	2
207	807	1	2
198	809	1	2
106	810	1	2
24	812	1	2
106	812	1	2
167	812	1	2
26	813	1	2
136	813	1	2
182	813	1	2
193	813	1	2
4	816	1	2
60	816	1	2
154	816	1	2
198	816	1	2
198	821	1	2
198	822	1	2
219	832	1	2
35	838	1	2
85	847	1	2
134	847	1	2
188	847	1	2
197	847	1	2
72	851	1	2
82	851	1	2
182	851	1	2
72	855	1	2
124	855	1	2
85	867	1	2
6	871	1	2
72	871	1	2
198	871	1	2
209	871	1	2
88	874	1	2
100	874	1	2
113	874	1	2
201	876	1	2
211	876	1	2
113	878	1	2
129	878	1	2
107	881	1	2
144	881	1	2
25	887	1	2
50	887	1	2
191	887	1	2
216	911	1	2
19	915	1	2
119	915	1	2
165	916	1	2
48	930	1	2
50	930	1	2
112	930	1	2
27	931	1	2
188	942	1	2
7	943	1	2
110	943	1	2
217	943	1	2
113	944	1	2
110	960	1	2
136	960	1	2
170	960	1	2
69	963	1	2
166	966	1	2
107	990	1	2
152	990	1	2
56	994	1	2
85	1004	1	2
86	1022	1	2
49	1026	1	2
6	1028	1	2
198	1028	1	2
204	1028	1	2
219	1028	1	2
188	1029	1	2
85	1030	1	2
215	1030	1	2
85	1036	1	2
85	1066	1	2
188	1066	1	2
85	1075	1	2
199	1088	1	2
85	1094	1	2
138	1094	1	2
117	1102	1	2
175	1102	1	2
150	1103	1	2
175	1103	1	2
200	1103	1	2
64	1106	1	2
69	1106	1	2
80	1106	1	2
182	1106	1	2
187	1106	1	2
85	1108	1	2
198	1110	1	2
202	1110	1	2
110	1111	1	2
39	1139	1	2
107	1139	1	2
108	1139	1	2
20	1153	1	2
75	1153	1	2
56	1157	1	2
16	1160	1	2
113	1160	1	2
127	1169	1	2
198	1177	1	2
72	1181	1	2
203	1183	1	2
108	1184	1	2
22	1185	1	2
58	1185	1	2
136	1185	1	2
141	1185	2	2
152	1185	1	2
90	1188	1	2
56	7	2	5
165	7	2	5
23	12	1	5
82	41	1	5
195	41	1	5
62	83	2	5
108	83	1	5
148	83	1	5
165	83	1	5
76	85	1	5
219	90	1	5
17	112	1	5
94	112	1	5
144	112	1	5
36	115	1	5
85	117	1	5
113	117	1	5
148	117	1	5
180	117	2	5
159	130	1	5
182	130	1	5
167	144	1	5
85	156	1	5
157	156	1	5
215	159	2	5
58	161	1	5
194	161	1	5
17	165	1	5
86	165	1	5
108	174	1	5
44	177	1	5
109	177	1	5
164	177	1	5
85	180	1	5
199	180	1	5
26	183	1	5
172	183	1	5
85	203	1	5
183	203	1	5
24	208	2	5
24	214	2	5
61	219	1	5
207	219	1	5
45	221	1	5
163	221	1	5
133	223	1	5
167	223	1	5
30	230	1	5
48	230	1	5
77	230	2	5
105	230	1	5
182	230	1	5
188	230	1	5
192	230	1	5
199	230	1	5
160	240	1	5
181	240	1	5
215	240	1	5
76	243	1	5
82	243	1	5
92	243	1	5
116	243	1	5
85	255	1	5
105	255	1	5
116	285	1	5
21	312	1	5
107	312	1	5
192	312	1	5
34	319	1	5
113	319	1	5
115	325	1	5
172	325	1	5
175	325	1	5
1	451	1	5
52	451	1	5
114	451	1	5
188	451	1	5
213	451	1	5
9	453	1	5
199	453	2	5
52	457	1	5
182	457	1	5
57	460	1	5
85	460	1	5
113	490	1	5
119	490	1	5
136	490	1	5
179	490	1	5
76	496	1	5
106	496	1	5
108	496	1	5
106	510	1	5
16	511	1	5
74	511	1	5
101	511	1	5
71	524	1	5
179	524	1	5
217	536	1	5
47	548	1	5
115	548	1	5
184	548	1	5
199	548	2	5
85	554	1	5
182	554	2	5
85	568	1	5
91	568	1	5
133	568	1	5
171	568	1	5
162	599	1	5
126	638	1	5
182	638	1	5
44	641	1	5
183	641	1	5
4	652	1	5
82	652	1	5
182	655	1	5
218	655	1	5
22	658	1	5
82	658	1	5
56	659	1	5
118	661	1	5
188	661	1	5
197	661	2	5
62	674	1	5
41	696	1	5
66	696	1	5
13	697	1	5
66	697	2	5
72	697	1	5
82	697	1	5
131	697	1	5
203	697	1	5
181	698	1	5
167	703	1	5
66	713	1	5
67	713	1	5
152	720	1	5
34	721	1	5
51	722	1	5
77	722	1	5
152	722	1	5
34	724	1	5
85	729	1	5
155	762	1	5
83	802	1	5
86	814	1	5
147	824	1	5
199	824	1	5
221	824	1	5
85	827	1	5
197	827	1	5
45	828	2	5
132	836	1	5
74	842	1	5
187	848	1	5
66	849	2	5
151	853	1	5
172	853	1	5
66	854	1	5
75	854	1	5
115	854	1	5
193	854	1	5
52	856	1	5
154	856	3	5
197	856	4	5
87	857	1	5
88	857	1	5
136	857	1	5
193	857	1	5
207	857	1	5
63	858	1	5
102	858	1	5
36	860	1	5
86	861	1	5
97	861	1	5
99	861	1	5
24	862	1	5
178	862	1	5
95	863	1	5
182	863	1	5
203	863	1	5
75	864	1	5
203	864	1	5
24	865	1	5
56	865	1	5
199	865	1	5
76	868	1	5
113	870	1	5
52	880	1	5
85	884	1	5
25	891	1	5
113	891	1	5
136	891	1	5
47	893	1	5
192	893	1	5
125	894	1	5
179	895	2	5
99	897	1	5
182	897	1	5
181	901	1	5
37	905	1	5
68	905	1	5
165	905	1	5
203	905	1	5
5	907	1	5
36	913	1	5
164	913	1	5
136	919	1	5
164	919	1	5
67	920	1	5
131	920	1	5
24	922	1	5
1	928	1	5
182	928	1	5
191	928	1	5
161	938	1	5
195	938	1	5
127	940	1	5
47	982	1	5
143	982	1	5
85	984	1	5
71	993	1	5
76	993	1	5
207	995	1	5
61	999	1	5
192	999	1	5
86	1025	1	5
113	1025	1	5
182	1031	1	5
179	1040	1	5
2	1052	1	5
199	1052	1	5
43	1109	1	5
101	1109	1	5
108	1109	1	5
188	1109	1	5
197	1109	2	5
56	1116	1	5
28	1123	1	5
115	1123	1	5
28	1126	1	5
68	1126	1	5
151	1126	1	5
172	1126	1	5
131	1145	1	5
186	1145	1	5
190	1166	1	5
209	246	1	6
111	267	1	6
116	272	1	6
161	272	1	6
82	305	1	6
64	334	1	6
200	347	1	6
58	427	1	6
63	427	1	6
82	427	1	6
94	427	1	6
156	427	1	6
182	427	1	6
60	1	1	7
182	1	1	7
71	4	1	7
68	13	2	7
166	13	1	7
220	17	1	7
39	19	1	7
132	22	1	7
154	22	1	7
216	25	1	7
181	27	1	7
90	31	1	7
68	32	1	7
98	32	1	7
71	36	1	7
23	38	1	7
181	38	1	7
212	38	1	7
26	40	1	7
30	42	1	7
56	42	1	7
179	42	1	7
212	42	1	7
85	43	1	7
114	43	1	7
199	45	1	7
3	48	1	7
186	48	1	7
92	50	1	7
3	51	1	7
44	55	1	7
92	55	1	7
27	57	1	7
44	57	1	7
17	58	1	7
19	58	1	7
58	58	1	7
63	58	1	7
85	58	1	7
143	59	1	7
21	60	1	7
85	60	1	7
159	60	1	7
3	63	1	7
108	63	1	7
213	70	1	7
12	77	1	7
23	77	1	7
93	77	1	7
113	77	1	7
166	82	1	7
8	95	2	7
18	95	1	7
45	95	1	7
126	98	1	7
189	98	1	7
64	104	1	7
204	104	1	7
114	114	1	7
41	119	1	7
157	119	1	7
189	119	1	7
207	119	1	7
62	120	1	7
27	121	2	7
136	121	2	7
73	122	1	7
73	124	1	7
85	132	1	7
140	136	1	7
27	137	1	7
85	138	1	7
113	138	1	7
73	140	1	7
176	140	1	7
200	140	1	7
73	149	1	7
146	150	1	7
155	150	2	7
59	152	1	7
64	152	1	7
72	152	1	7
112	152	1	7
158	152	1	7
214	152	1	7
124	158	1	7
148	158	1	7
19	163	1	7
161	163	1	7
85	169	1	7
217	173	1	7
17	185	1	7
113	188	1	7
76	191	1	7
136	191	2	7
80	194	1	7
142	194	1	7
202	194	1	7
52	196	1	7
59	196	1	7
159	196	1	7
218	196	1	7
85	201	1	7
145	201	1	7
179	201	1	7
218	201	1	7
182	207	1	7
9	227	1	7
110	227	1	7
85	229	1	7
110	229	1	7
113	229	1	7
80	232	1	7
85	232	1	7
111	232	1	7
58	244	1	7
140	248	1	7
193	248	1	7
195	248	1	7
199	248	1	7
206	248	1	7
69	253	1	7
113	253	1	7
16	258	1	7
85	260	1	7
182	260	1	7
207	260	1	7
209	260	1	7
19	262	1	7
116	263	1	7
199	263	1	7
85	281	1	7
201	281	1	7
14	291	1	7
59	291	1	7
158	291	1	7
92	294	1	7
116	294	1	7
182	294	1	7
207	294	1	7
16	318	1	7
74	318	1	7
85	336	1	7
130	336	1	7
182	336	1	7
102	337	1	7
104	337	1	7
56	339	1	7
85	339	1	7
110	339	2	7
182	339	1	7
212	339	1	7
63	340	1	7
85	340	1	7
110	340	1	7
115	340	1	7
183	340	1	7
28	341	1	7
143	341	1	7
51	342	1	7
113	342	1	7
163	353	1	7
176	353	1	7
3	354	1	7
51	354	1	7
174	354	1	7
51	357	1	7
64	358	1	7
143	358	1	7
5	359	1	7
91	359	1	7
171	359	1	7
67	360	2	7
76	360	1	7
77	360	1	7
113	360	1	7
9	361	1	7
66	361	1	7
199	361	1	7
208	361	1	7
113	362	1	7
85	365	2	7
116	365	1	7
129	365	1	7
136	365	1	7
3	366	1	7
12	367	2	7
63	368	1	7
182	368	1	7
76	371	1	7
85	377	1	7
183	377	1	7
85	379	1	7
103	379	1	7
140	379	1	7
165	379	1	7
217	380	1	7
85	381	1	7
204	382	1	7
85	383	1	7
113	383	1	7
199	383	1	7
29	386	1	7
62	386	1	7
189	386	1	7
28	395	1	7
109	395	1	7
110	395	1	7
168	395	1	7
202	395	1	7
51	404	1	7
73	404	1	7
85	404	1	7
28	405	1	7
109	405	1	7
168	405	1	7
14	409	1	7
72	409	1	7
104	409	1	7
116	409	1	7
118	409	1	7
158	409	1	7
199	409	1	7
67	412	1	7
107	412	1	7
109	412	1	7
168	412	1	7
182	412	1	7
22	415	1	7
29	415	1	7
107	418	1	7
109	418	1	7
168	418	1	7
207	418	1	7
120	422	1	7
18	423	1	7
173	423	1	7
206	423	1	7
217	423	1	7
94	426	1	7
136	426	1	7
138	426	1	7
140	426	1	7
29	428	1	7
85	428	1	7
108	428	1	7
120	428	1	7
113	431	1	7
173	431	1	7
46	436	1	7
75	436	1	7
97	436	1	7
107	436	2	7
108	436	1	7
109	436	1	7
168	436	1	7
109	439	1	7
113	439	1	7
173	439	1	7
120	440	1	7
168	441	1	7
174	441	1	7
85	443	1	7
120	443	1	7
52	446	2	7
173	446	1	7
182	446	1	7
204	446	1	7
108	447	1	7
110	447	2	7
168	447	1	7
218	447	1	7
63	448	1	7
85	448	1	7
110	448	1	7
120	448	1	7
36	452	1	7
60	452	1	7
85	452	1	7
91	452	1	7
171	452	1	7
182	452	1	7
52	454	2	7
63	454	1	7
81	454	1	7
110	454	1	7
173	454	1	7
204	454	2	7
13	461	2	7
32	461	2	7
114	461	3	7
127	461	2	7
32	463	1	7
110	472	1	7
173	472	1	7
199	472	1	7
218	472	1	7
110	475	1	7
173	475	1	7
76	478	1	7
200	478	1	7
85	482	1	7
168	482	1	7
182	482	1	7
85	483	1	7
110	483	1	7
168	483	1	7
182	483	1	7
2	485	1	7
83	485	1	7
178	485	1	7
199	485	1	7
213	485	1	7
69	487	1	7
110	487	1	7
168	487	1	7
182	487	1	7
186	487	1	7
189	487	1	7
200	487	1	7
113	492	1	7
52	495	1	7
203	495	1	7
204	495	1	7
56	497	1	7
66	497	1	7
131	497	1	7
102	499	1	7
112	499	1	7
190	499	1	7
57	523	1	7
83	523	1	7
124	523	1	7
148	523	1	7
33	525	1	7
85	525	1	7
101	525	1	7
137	525	1	7
177	528	1	7
143	529	1	7
203	529	1	7
62	530	1	7
203	530	1	7
101	531	1	7
33	537	1	7
19	538	1	7
199	538	1	7
131	539	1	7
140	539	1	7
131	542	1	7
206	542	1	7
136	544	1	7
68	545	1	7
163	545	1	7
26	546	1	7
70	546	1	7
162	547	1	7
207	547	1	7
56	549	1	7
85	549	1	7
13	571	1	7
57	571	1	7
80	571	1	7
143	571	1	7
49	574	1	7
42	604	1	7
122	604	1	7
42	615	1	7
126	615	1	7
42	616	1	7
66	616	1	7
182	616	1	7
188	616	1	7
143	619	1	7
188	628	2	7
71	629	1	7
116	629	1	7
137	629	1	7
158	629	1	7
182	629	1	7
74	630	1	7
199	630	1	7
213	630	1	7
143	631	1	7
199	631	1	7
56	632	1	7
45	635	1	7
112	635	1	7
42	637	1	7
56	637	1	7
110	637	1	7
130	637	1	7
153	637	1	7
184	637	1	7
42	639	1	7
153	639	1	7
216	639	1	7
153	640	1	7
159	640	1	7
85	642	1	7
139	642	1	7
209	642	1	7
42	643	1	7
130	643	1	7
153	643	1	7
157	643	1	7
197	643	1	7
219	643	1	7
89	644	1	7
153	644	1	7
195	644	1	7
211	644	1	7
42	646	1	7
110	646	1	7
153	646	1	7
15	648	1	7
16	648	1	7
22	648	1	7
74	648	1	7
95	648	1	7
108	648	1	7
113	648	1	7
182	648	1	7
89	650	1	7
153	650	1	7
158	650	1	7
181	650	1	7
195	650	1	7
126	651	1	7
182	651	1	7
153	654	1	7
131	660	1	7
93	667	1	7
113	667	1	7
178	668	1	7
199	668	1	7
24	671	1	7
18	675	1	7
23	676	1	7
71	676	1	7
80	676	1	7
42	678	1	7
214	678	1	7
34	679	1	7
72	679	1	7
140	679	1	7
182	679	1	7
99	680	1	7
116	680	1	7
64	681	1	7
193	681	1	7
199	681	1	7
115	683	1	7
199	683	1	7
1	685	1	7
188	685	1	7
111	686	1	7
70	687	1	7
84	687	1	7
143	687	1	7
216	687	1	7
30	690	1	7
135	690	1	7
15	691	1	7
85	691	1	7
164	691	1	7
128	692	1	7
15	700	1	7
137	702	1	7
144	702	1	7
165	702	1	7
147	707	1	7
214	707	1	7
49	708	1	7
99	708	1	7
182	708	1	7
188	710	1	7
13	711	1	7
32	711	1	7
76	711	1	7
201	711	1	7
203	711	1	7
97	716	1	7
163	716	1	7
182	716	1	7
196	716	1	7
199	716	1	7
67	725	1	7
78	725	2	7
85	731	1	7
174	731	1	7
182	731	1	7
205	731	1	7
13	740	1	7
62	740	1	7
77	740	1	7
74	745	1	7
129	745	1	7
62	749	1	7
161	749	1	7
188	749	1	7
207	749	1	7
128	750	1	7
138	750	1	7
71	752	1	7
113	756	1	7
16	761	2	7
53	761	1	7
136	761	1	7
36	764	1	7
85	764	1	7
100	773	1	7
159	773	1	7
182	773	1	7
205	773	1	7
161	775	1	7
210	775	1	7
163	776	1	7
186	776	1	7
136	777	1	7
39	779	1	7
85	779	1	7
135	779	1	7
139	779	1	7
155	779	1	7
54	780	1	7
2	782	1	7
100	782	1	7
177	782	1	7
40	783	1	7
136	783	1	7
138	783	1	7
71	789	1	7
62	793	1	7
113	793	1	7
204	793	1	7
85	805	1	7
144	805	1	7
180	805	1	7
85	833	1	7
85	835	1	7
197	835	1	7
210	882	1	7
150	883	1	7
167	904	1	7
85	906	1	7
181	912	1	7
182	914	1	7
85	937	1	7
44	945	1	7
188	945	1	7
199	945	1	7
160	946	1	7
200	947	1	7
83	951	1	7
42	952	1	7
57	952	1	7
110	953	1	7
42	956	1	7
42	957	1	7
52	957	1	7
110	957	1	7
133	957	1	7
86	958	1	7
137	959	1	7
22	961	1	7
203	961	1	7
147	964	1	7
115	965	1	7
215	965	1	7
14	967	1	7
145	967	1	7
195	967	1	7
12	972	1	7
113	972	1	7
41	973	1	7
218	973	1	7
76	974	1	7
194	974	1	7
182	977	1	7
63	980	1	7
76	981	1	7
113	981	1	7
142	981	2	7
182	981	2	7
22	985	1	7
46	985	1	7
89	985	1	7
35	987	1	7
85	987	1	7
128	988	1	7
22	1011	1	7
155	1011	1	7
211	1011	1	7
76	1016	1	7
79	1016	1	7
97	1016	1	7
157	1016	1	7
199	1016	1	7
117	1037	1	7
36	1038	2	7
75	1038	1	7
109	1038	1	7
115	1038	1	7
180	1041	1	7
165	1043	1	7
8	1044	1	7
202	1044	1	7
177	1045	1	7
110	1047	1	7
80	1054	1	7
108	1054	1	7
17	1062	1	7
85	1062	1	7
134	1062	1	7
31	1069	1	7
101	1069	1	7
143	1071	1	7
170	1071	1	7
206	1071	1	7
85	1072	1	7
56	1076	1	7
16	1080	1	7
66	1080	1	7
74	1080	1	7
85	1080	1	7
208	1080	1	7
79	1084	1	7
115	1084	1	7
157	1084	1	7
188	1084	1	7
199	1084	1	7
43	1085	1	7
76	1085	1	7
170	1085	1	7
103	1086	1	7
155	1086	1	7
85	1087	1	7
134	1087	1	7
43	1091	1	7
66	1091	1	7
203	1091	1	7
182	1092	1	7
204	1098	1	7
105	1107	1	7
192	1107	1	7
85	1115	1	7
200	1115	1	7
11	1119	1	7
98	1119	1	7
143	1119	1	7
1	1120	1	7
85	1120	1	7
117	1120	1	7
140	1120	1	7
85	1121	1	7
88	1121	1	7
182	1121	1	7
72	1122	1	7
9	1125	1	7
85	1125	1	7
87	1125	1	7
182	1125	1	7
147	1127	1	7
54	1128	1	7
136	1128	1	7
174	1128	1	7
202	1128	1	7
183	1130	1	7
69	1131	1	7
174	1131	1	7
159	1140	1	7
182	1140	1	7
103	1141	1	7
152	1143	1	7
75	1144	1	7
103	1144	1	7
108	1144	1	7
143	1144	1	7
103	1146	1	7
124	1148	1	7
212	1150	1	7
131	1151	1	7
40	1152	1	7
66	1154	1	7
132	1158	1	7
66	1164	1	7
76	1164	1	7
119	1164	1	7
31	1170	1	7
43	1170	1	7
127	1170	1	7
203	1170	1	7
85	1172	1	7
42	1192	1	7
85	1192	1	7
110	1192	1	7
218	1192	1	7
84	5	1	8
182	5	1	8
190	5	1	8
176	9	1	8
207	9	1	8
14	23	1	8
43	23	1	8
81	23	1	8
172	23	1	8
2	28	1	8
70	28	1	8
133	28	1	8
200	28	1	8
41	62	1	8
176	62	1	8
196	62	1	8
204	62	1	8
30	69	1	8
80	69	2	8
172	69	2	8
4	86	1	8
53	86	1	8
159	86	1	8
188	86	1	8
199	86	1	8
128	94	1	8
15	96	1	8
11	129	1	8
64	129	1	8
85	129	1	8
91	129	1	8
157	129	1	8
169	129	1	8
171	129	1	8
80	131	1	8
199	131	1	8
199	133	1	8
40	134	1	8
179	134	1	8
108	135	1	8
157	135	1	8
25	154	1	8
46	154	1	8
177	192	1	8
182	195	1	8
185	200	1	8
195	202	1	8
22	205	1	8
89	205	1	8
90	205	1	8
109	205	1	8
169	205	1	8
209	205	1	8
23	209	1	8
60	209	1	8
162	209	1	8
204	209	1	8
26	218	1	8
148	218	1	8
155	218	1	8
195	218	2	8
167	222	1	8
169	222	1	8
33	231	1	8
102	231	1	8
206	231	1	8
85	242	1	8
59	250	1	8
116	250	1	8
158	250	1	8
184	250	1	8
104	251	1	8
185	251	1	8
130	282	1	8
85	283	1	8
26	288	1	8
90	293	1	8
110	300	1	8
188	300	1	8
71	304	1	8
110	304	1	8
164	304	1	8
185	349	1	8
25	350	1	8
185	387	1	8
147	399	1	8
54	408	1	8
39	419	1	8
185	424	1	8
72	435	1	8
143	435	1	8
59	437	1	8
116	437	1	8
121	437	1	8
142	437	1	8
145	437	1	8
182	437	2	8
39	442	1	8
66	442	2	8
131	442	2	8
113	449	1	8
207	449	1	8
221	449	2	8
9	450	1	8
110	450	1	8
170	450	1	8
169	458	1	8
205	458	1	8
211	458	1	8
129	465	1	8
122	468	1	8
143	469	1	8
155	469	1	8
12	489	1	8
16	489	1	8
47	489	1	8
74	489	1	8
89	491	1	8
165	491	1	8
182	491	1	8
61	493	1	8
76	493	1	8
84	493	1	8
163	493	1	8
182	493	1	8
12	522	1	8
85	522	1	8
15	564	1	8
137	564	1	8
97	579	1	8
8	581	1	8
85	581	1	8
197	581	2	8
165	584	1	8
85	605	1	8
52	606	1	8
156	606	1	8
37	609	1	8
182	609	1	8
191	609	1	8
110	610	1	8
4	612	1	8
56	612	1	8
23	613	1	8
124	613	2	8
181	613	1	8
207	613	1	8
217	613	1	8
55	614	1	8
113	614	1	8
55	617	1	8
62	617	1	8
74	617	1	8
90	617	1	8
10	618	1	8
112	618	1	8
10	620	1	8
67	620	2	8
78	620	1	8
165	620	1	8
10	621	1	8
24	621	1	8
67	621	2	8
108	621	1	8
113	621	1	8
145	621	1	8
72	622	1	8
78	622	1	8
218	622	1	8
46	623	1	8
193	623	1	8
199	625	1	8
41	626	1	8
157	626	1	8
170	626	1	8
199	753	1	8
24	760	1	8
104	760	1	8
161	760	1	8
165	760	1	8
177	760	1	8
182	760	1	8
188	763	1	8
43	765	1	8
115	765	1	8
136	765	1	8
193	765	1	8
122	770	1	8
85	772	1	8
90	781	1	8
104	781	1	8
14	796	1	8
34	796	1	8
126	796	1	8
138	796	1	8
101	818	1	8
92	826	1	8
27	840	2	8
56	841	1	8
113	841	1	8
182	841	1	8
190	841	1	8
200	841	1	8
23	843	1	8
85	843	1	8
85	845	1	8
87	845	2	8
145	845	1	8
182	845	1	8
204	845	1	8
132	850	1	8
58	869	1	8
70	872	1	8
90	872	1	8
132	872	1	8
158	873	1	8
195	873	1	8
35	875	1	8
71	875	1	8
95	877	1	8
62	903	1	8
53	908	1	8
89	908	1	8
90	908	1	8
139	908	1	8
182	909	1	8
194	909	1	8
143	917	1	8
166	917	1	8
221	917	1	8
182	924	1	8
192	924	1	8
79	925	1	8
122	925	1	8
157	925	1	8
188	925	1	8
37	926	1	8
15	932	1	8
180	933	1	8
205	933	1	8
53	935	1	8
60	939	1	8
180	939	1	8
18	968	1	8
112	968	1	8
130	968	1	8
159	968	1	8
207	968	1	8
182	978	1	8
187	978	1	8
191	978	1	8
137	979	1	8
165	996	1	8
166	996	1	8
182	996	1	8
195	996	1	8
46	1009	1	8
133	1009	1	8
61	1012	1	8
182	1012	1	8
205	1012	1	8
182	1014	1	8
106	1017	1	8
186	1017	1	8
26	1019	1	8
127	1019	1	8
93	1023	1	8
31	1032	1	8
5	1034	1	8
56	1034	1	8
114	1042	3	8
196	1042	1	8
75	1049	1	8
165	1049	1	8
17	1057	1	8
141	1057	1	8
56	1058	1	8
34	1061	1	8
41	1061	1	8
56	1061	1	8
165	1064	1	8
181	1064	1	8
17	1068	1	8
141	1068	1	8
151	1070	1	8
5	1073	1	8
68	1073	1	8
80	1073	1	8
157	1073	1	8
49	1077	1	8
85	1077	1	8
71	1078	1	8
122	1078	1	8
11	1081	1	8
14	1081	1	8
100	1081	1	8
190	1089	1	8
209	1089	1	8
56	1099	1	8
98	1100	2	8
212	1100	1	8
200	1101	1	8
9	1112	1	8
67	1112	1	8
98	1112	1	8
108	1112	1	8
148	1112	1	8
8	1114	1	8
35	1114	1	8
85	1114	1	8
199	1114	1	8
68	1118	1	8
91	1118	1	8
94	1118	1	8
98	1118	1	8
171	1118	1	8
87	1124	1	8
5	1133	1	8
182	1133	1	8
77	1134	1	8
145	1134	1	8
61	1137	1	8
163	1137	2	8
165	1137	1	8
182	1137	1	8
190	1137	1	8
194	1142	1	8
2	1149	1	8
111	1149	1	8
121	1149	1	8
99	1155	1	8
182	1155	1	8
188	1162	1	8
189	1162	1	8
199	1162	1	8
70	1163	1	8
185	1165	1	8
200	1167	1	8
11	1168	1	8
28	1174	1	8
85	1174	1	8
48	1182	1	8
63	1182	1	8
67	1187	1	8
72	1187	1	8
174	1187	1	8
207	1187	1	8
127	1190	1	8
179	1190	1	8
143	1191	1	8
