276	523	2	0
347	523	1	0
104	524	1	0
292	524	1	0
143	539	1	0
170	539	2	0
173	550	1	0
344	550	1	0
170	565	1	0
311	565	1	0
339	565	1	0
357	565	1	0
113	574	1	0
170	574	1	0
339	574	1	0
170	600	1	0
232	600	1	0
1	1033	1	0
191	1033	1	0
170	1058	1	0
39	1064	1	0
170	1064	1	0
224	1300	1	0
339	1300	1	0
288	1441	1	0
320	1441	1	0
319	1772	1	0
174	1805	1	0
318	1805	1	0
99	6	1	1
340	6	1	1
230	7	1	1
316	7	1	1
150	17	1	1
4	18	1	1
95	18	1	1
100	18	1	1
147	18	1	1
153	18	1	1
161	18	1	1
165	18	1	1
167	18	1	1
171	18	1	1
337	18	1	1
150	20	1	1
311	20	1	1
315	20	1	1
46	27	1	1
224	27	1	1
271	27	1	1
329	27	1	1
339	27	1	1
22	35	1	1
134	35	1	1
37	50	1	1
299	50	1	1
5	51	1	1
290	75	1	1
95	78	1	1
131	78	1	1
150	78	1	1
4	93	1	1
147	93	2	1
153	93	1	1
161	93	1	1
165	93	1	1
167	93	1	1
171	93	1	1
306	93	1	1
126	101	1	1
196	101	1	1
261	101	1	1
358	101	1	1
362	101	1	1
369	101	1	1
37	102	1	1
126	102	1	1
183	102	1	1
196	102	1	1
288	102	1	1
362	102	1	1
364	102	1	1
9	103	1	1
34	103	1	1
126	106	1	1
196	106	1	1
362	106	1	1
366	106	1	1
340	112	1	1
126	122	1	1
196	122	1	1
362	122	1	1
200	123	1	1
126	129	1	1
313	129	1	1
362	129	1	1
42	138	1	1
110	138	1	1
147	138	1	1
279	138	1	1
207	155	1	1
345	155	1	1
69	158	1	1
290	158	1	1
55	161	1	1
207	161	1	1
223	161	1	1
234	161	1	1
316	161	1	1
145	165	1	1
224	165	1	1
238	165	1	1
270	165	1	1
339	165	1	1
214	169	1	1
224	169	1	1
238	169	1	1
270	169	1	1
298	169	1	1
309	169	1	1
339	169	1	1
298	170	1	1
358	170	1	1
59	172	1	1
87	172	1	1
200	172	1	1
211	172	1	1
305	172	1	1
344	172	1	1
90	175	1	1
93	175	1	1
145	175	1	1
209	175	1	1
250	209	1	1
316	209	1	1
109	210	1	1
68	211	1	1
79	211	1	1
86	211	1	1
200	211	4	1
237	211	1	1
292	211	2	1
26	212	1	1
69	212	1	1
191	212	1	1
200	212	3	1
216	212	1	1
263	212	1	1
86	213	1	1
142	213	1	1
200	213	1	1
243	213	1	1
134	215	1	1
200	215	1	1
317	215	1	1
197	216	1	1
200	216	1	1
134	218	1	1
200	218	4	1
289	218	1	1
355	218	1	1
48	219	1	1
118	219	1	1
200	219	4	1
317	219	1	1
142	220	1	1
200	220	2	1
295	220	1	1
321	220	1	1
200	221	1	1
100	222	1	1
153	222	1	1
165	222	1	1
191	222	1	1
279	222	1	1
338	222	1	1
370	222	1	1
313	225	1	1
367	225	1	1
111	239	1	1
135	239	1	1
248	239	1	1
298	239	1	1
125	241	1	1
153	241	1	1
333	241	1	1
97	242	1	1
347	242	1	1
4	244	1	1
153	244	1	1
161	244	1	1
163	244	1	1
165	244	1	1
167	244	1	1
171	244	1	1
226	244	1	1
50	247	1	1
200	248	1	1
28	249	1	1
47	249	1	1
153	249	1	1
167	249	1	1
4	250	1	1
28	250	1	1
153	250	1	1
161	250	1	1
165	250	1	1
167	250	1	1
171	250	1	1
179	250	1	1
200	251	1	1
226	251	1	1
4	254	1	1
153	254	1	1
161	254	1	1
163	254	1	1
165	254	1	1
167	254	1	1
171	254	1	1
226	254	1	1
4	255	1	1
153	255	1	1
161	255	1	1
165	255	1	1
167	255	1	1
171	255	1	1
252	255	1	1
4	256	1	1
153	256	1	1
161	256	1	1
163	256	1	1
165	256	1	1
167	256	1	1
171	256	1	1
226	256	1	1
67	257	1	1
153	257	1	1
226	257	1	1
262	257	1	1
96	258	1	1
100	258	1	1
150	258	2	1
165	258	1	1
273	258	1	1
4	263	1	1
179	263	1	1
247	263	1	1
290	263	1	1
315	263	1	1
4	264	1	1
75	264	1	1
153	264	1	1
161	264	1	1
165	264	1	1
167	264	1	1
171	264	1	1
214	264	1	1
67	265	1	1
153	265	1	1
296	265	1	1
67	266	1	1
100	266	1	1
123	266	1	1
153	266	1	1
165	266	1	1
328	266	1	1
4	267	1	1
153	267	1	1
161	267	1	1
165	267	1	1
167	267	1	1
171	267	1	1
153	268	1	1
350	268	1	1
4	269	1	1
153	269	1	1
161	269	1	1
165	269	1	1
167	269	1	1
171	269	1	1
214	269	1	1
265	270	1	1
309	270	1	1
124	271	1	1
183	271	1	1
214	271	1	1
315	271	2	1
339	271	2	1
147	272	1	1
153	272	1	1
40	274	1	1
125	274	1	1
248	274	1	1
311	274	1	1
315	274	1	1
4	276	1	1
153	276	1	1
161	276	1	1
165	276	1	1
167	276	1	1
171	276	1	1
239	276	1	1
253	276	1	1
4	277	1	1
153	277	1	1
161	277	1	1
165	277	1	1
167	277	1	1
171	277	1	1
239	277	1	1
253	277	1	1
4	278	1	1
153	278	1	1
161	278	1	1
165	278	1	1
167	278	1	1
171	278	1	1
227	278	1	1
4	279	1	1
153	279	1	1
161	279	1	1
163	279	1	1
165	279	1	1
167	279	1	1
171	279	1	1
226	279	1	1
165	282	1	1
4	283	1	1
153	283	1	1
161	283	1	1
165	283	1	1
167	283	1	1
171	283	1	1
13	296	1	1
125	296	1	1
283	296	1	1
285	296	1	1
334	296	1	1
4	297	1	1
67	297	1	1
100	297	1	1
123	297	1	1
153	297	1	1
161	297	1	1
165	297	2	1
167	297	1	1
171	297	1	1
250	304	1	1
279	304	1	1
4	305	1	1
153	305	1	1
161	305	1	1
163	305	1	1
165	305	1	1
167	305	1	1
171	305	1	1
226	305	1	1
153	306	1	1
312	306	1	1
191	307	1	1
206	307	1	1
227	307	1	1
304	307	1	1
349	307	1	1
192	310	1	1
226	310	1	1
234	310	1	1
90	312	1	1
214	312	1	1
315	312	1	1
4	314	1	1
59	314	1	1
76	314	1	1
128	314	1	1
283	314	1	1
4	324	1	1
153	324	1	1
161	324	1	1
163	324	1	1
165	324	1	1
167	324	1	1
171	324	1	1
226	324	1	1
4	325	1	1
153	325	1	1
161	325	1	1
163	325	1	1
165	325	1	1
167	325	1	1
171	325	1	1
226	325	1	1
75	328	1	1
38	329	1	1
258	329	1	1
28	333	1	1
100	333	1	1
152	333	1	1
153	333	1	1
199	333	1	1
208	333	1	1
4	338	1	1
153	338	1	1
161	338	1	1
165	338	1	1
167	338	1	1
171	338	1	1
188	338	1	1
234	338	1	1
148	341	1	1
4	342	1	1
147	342	1	1
153	342	1	1
161	342	1	1
165	342	1	1
167	342	1	1
171	342	1	1
137	343	1	1
304	343	1	1
80	344	1	1
111	344	1	1
139	344	1	1
153	344	1	1
234	344	1	1
153	345	1	1
227	345	1	1
312	345	1	1
100	349	1	1
153	349	1	1
226	349	1	1
262	349	1	1
337	349	1	1
22	351	1	1
134	351	1	1
4	353	1	1
153	353	1	1
4	362	1	1
75	362	1	1
153	362	1	1
161	362	1	1
165	362	1	1
167	362	1	1
171	362	1	1
265	362	1	1
43	365	1	1
153	365	1	1
200	365	1	1
153	367	1	1
199	367	1	1
153	374	1	1
4	377	1	1
153	377	1	1
161	377	1	1
163	377	1	1
165	377	1	1
167	377	1	1
171	377	1	1
226	377	1	1
24	378	1	1
95	378	1	1
247	378	1	1
4	380	1	1
100	380	1	1
153	380	1	1
161	380	1	1
165	380	1	1
167	380	1	1
171	380	1	1
214	380	1	1
370	380	1	1
165	382	1	1
152	386	3	1
226	386	1	1
153	389	1	1
19	399	1	1
95	399	1	1
147	399	1	1
165	399	1	1
153	430	1	1
160	435	1	1
257	435	1	1
200	436	2	1
226	436	1	1
331	436	1	1
338	436	1	1
4	438	1	1
153	438	1	1
161	438	1	1
165	438	1	1
167	438	1	1
171	438	1	1
64	454	1	1
73	454	1	1
137	454	1	1
292	454	1	1
179	459	1	1
192	459	1	1
299	459	1	1
345	459	1	1
4	461	1	1
153	461	1	1
161	461	1	1
165	461	1	1
167	461	1	1
171	461	1	1
277	461	1	1
25	466	2	1
104	466	1	1
137	466	1	1
162	466	1	1
319	466	1	1
1	472	1	1
90	472	1	1
160	475	1	1
196	475	1	1
334	475	1	1
196	476	1	1
366	476	1	1
153	478	1	1
370	478	1	1
19	480	1	1
200	480	1	1
24	481	1	1
125	481	1	1
148	481	1	1
209	481	1	1
264	481	1	1
52	489	1	1
67	489	1	1
100	489	1	1
328	489	1	1
20	493	1	1
114	493	1	1
128	493	1	1
281	493	2	1
1	494	1	1
114	494	1	1
248	494	1	1
281	494	1	1
4	501	1	1
153	501	1	1
161	501	1	1
163	501	1	1
165	501	1	1
167	501	1	1
171	501	1	1
226	501	1	1
50	507	1	1
137	507	1	1
227	507	2	1
354	507	1	1
8	517	1	1
90	517	1	1
369	531	1	1
7	533	1	1
162	533	1	1
173	533	1	1
349	533	1	1
153	534	1	1
349	534	1	1
153	535	1	1
370	535	1	1
4	536	1	1
87	536	1	1
153	536	1	1
161	536	1	1
165	536	1	1
167	536	1	1
171	536	1	1
200	536	1	1
211	536	1	1
1	549	1	1
34	549	1	1
38	549	1	1
73	549	1	1
258	549	1	1
302	561	1	1
153	563	1	1
325	563	1	1
111	564	1	1
197	564	1	1
315	564	1	1
361	564	1	1
38	567	1	1
258	567	1	1
291	567	1	1
279	568	1	1
19	569	1	1
160	569	1	1
343	569	1	1
224	570	1	1
365	570	1	1
160	571	1	1
61	578	1	1
306	578	1	1
334	578	1	1
339	578	1	1
73	581	1	1
212	581	1	1
280	581	1	1
1	582	1	1
191	582	1	1
317	582	1	1
334	582	1	1
132	583	1	1
283	583	1	1
153	586	1	1
214	586	1	1
254	591	1	1
4	601	1	1
153	601	1	1
161	601	1	1
165	601	1	1
167	601	1	1
171	601	1	1
245	601	1	1
247	601	1	1
304	601	1	1
200	602	1	1
247	602	1	1
265	602	1	1
315	602	1	1
355	602	1	1
113	609	1	1
121	609	1	1
288	609	1	1
344	609	1	1
113	611	1	1
121	611	1	1
288	611	1	1
344	611	1	1
16	612	1	1
153	612	1	1
273	612	1	1
274	612	1	1
135	613	1	1
177	613	1	1
191	613	1	1
120	626	1	1
172	626	1	1
292	626	1	1
318	626	1	1
320	626	1	1
147	631	1	1
227	631	1	1
189	638	1	1
219	638	1	1
256	638	1	1
303	638	1	1
315	638	1	1
330	638	1	1
234	640	1	1
361	640	1	1
83	641	1	1
261	641	1	1
350	641	1	1
111	643	1	1
234	643	1	1
248	643	1	1
358	643	1	1
83	644	1	1
261	644	1	1
350	644	1	1
99	650	1	1
153	650	1	1
200	650	1	1
315	650	1	1
325	650	1	1
66	660	1	1
100	660	1	1
196	660	1	1
208	660	1	1
111	661	1	1
200	661	1	1
234	661	1	1
309	661	1	1
196	663	1	1
329	663	1	1
339	663	1	1
366	663	1	1
62	665	1	1
344	665	1	1
7	670	1	1
309	670	1	1
315	670	1	1
4	673	1	1
153	673	1	1
161	673	1	1
163	673	1	1
165	673	1	1
167	673	1	1
171	673	1	1
226	673	1	1
292	674	1	1
128	676	1	1
143	676	1	1
237	676	1	1
313	676	1	1
328	676	1	1
153	679	1	1
69	684	1	1
137	684	1	1
237	684	1	1
292	684	1	1
298	684	1	1
313	684	3	1
153	693	1	1
165	693	1	1
50	705	2	1
90	705	1	1
205	705	1	1
234	705	1	1
277	705	1	1
315	705	2	1
344	705	1	1
350	705	1	1
4	709	1	1
153	709	1	1
161	709	1	1
163	709	1	1
165	709	1	1
167	709	1	1
171	709	1	1
226	709	1	1
29	710	1	1
58	710	1	1
139	710	1	1
141	710	1	1
219	710	1	1
2	711	1	1
24	711	1	1
100	711	1	1
153	711	1	1
187	711	1	1
315	711	1	1
141	712	1	1
175	712	1	1
264	712	1	1
267	712	1	1
359	712	1	1
68	715	1	1
189	715	2	1
301	715	1	1
227	716	1	1
69	723	1	1
76	723	1	1
343	723	1	1
69	737	1	1
162	737	1	1
219	737	1	1
224	743	1	1
339	743	1	1
356	743	1	1
38	744	1	1
258	744	1	1
188	746	1	1
4	747	1	1
95	747	1	1
153	747	1	1
161	747	1	1
165	747	1	1
167	747	1	1
171	747	1	1
227	747	1	1
73	753	1	1
236	753	1	1
257	753	1	1
291	753	1	1
342	753	1	1
246	765	1	1
339	765	1	1
244	767	1	1
298	775	1	1
6	777	1	1
76	777	1	1
180	777	1	1
304	777	1	1
315	777	1	1
4	778	1	1
147	778	1	1
153	778	1	1
161	778	1	1
165	778	1	1
167	778	1	1
171	778	1	1
331	778	1	1
19	779	2	1
341	779	2	1
42	782	1	1
211	782	1	1
4	796	1	1
153	796	1	1
161	796	1	1
163	796	1	1
165	796	1	1
167	796	1	1
171	796	1	1
226	796	1	1
90	797	1	1
117	797	1	1
4	798	1	1
153	798	1	1
161	798	1	1
163	798	1	1
165	798	1	1
167	798	1	1
171	798	1	1
226	798	1	1
316	806	1	1
90	810	1	1
117	810	1	1
146	810	1	1
225	810	1	1
325	810	1	1
4	815	1	1
153	815	1	1
161	815	1	1
163	815	1	1
165	815	1	1
167	815	1	1
171	815	1	1
226	815	1	1
4	817	1	1
153	817	1	1
161	817	1	1
165	817	1	1
167	817	1	1
171	817	1	1
120	819	1	1
181	819	1	1
200	819	1	1
3	823	1	1
306	823	1	1
355	823	2	1
82	826	1	1
160	826	1	1
370	826	1	1
303	828	1	1
196	830	1	1
42	834	1	1
288	834	1	1
25	835	1	1
139	835	1	1
339	837	1	1
265	839	1	1
315	839	1	1
16	846	1	1
153	846	1	1
274	846	1	1
296	846	1	1
4	848	1	1
153	848	1	1
161	848	1	1
163	848	1	1
165	848	1	1
167	848	1	1
171	848	1	1
226	848	1	1
286	859	1	1
324	859	1	1
110	862	1	1
165	862	1	1
231	862	1	1
107	866	1	1
153	866	1	1
233	866	1	1
153	869	1	1
328	871	1	1
153	872	1	1
189	874	2	1
219	874	2	1
255	874	1	1
273	874	1	1
349	874	1	1
350	874	1	1
4	875	1	1
80	875	1	1
317	875	1	1
96	876	1	1
133	876	1	1
153	876	1	1
90	880	1	1
106	880	1	1
153	880	1	1
192	880	2	1
297	880	1	1
320	880	1	1
156	884	1	1
196	884	1	1
153	886	1	1
239	886	1	1
253	886	1	1
312	886	1	1
4	892	1	1
153	892	1	1
161	892	1	1
163	892	1	1
165	892	1	1
167	892	1	1
171	892	1	1
226	892	1	1
78	893	1	1
135	893	1	1
4	895	1	1
153	895	1	1
161	895	1	1
163	895	1	1
165	895	1	1
167	895	1	1
171	895	1	1
226	895	1	1
153	896	1	1
249	896	1	1
121	898	1	1
164	898	1	1
315	898	1	1
344	898	1	1
4	902	1	1
63	902	1	1
153	902	1	1
161	902	1	1
165	902	1	1
167	902	1	1
171	902	1	1
4	905	1	1
153	905	1	1
161	905	1	1
165	905	1	1
167	905	1	1
171	905	1	1
5	908	1	1
9	908	1	1
316	908	1	1
340	908	1	1
143	909	1	1
328	909	1	1
337	909	1	1
4	912	1	1
153	912	1	1
161	912	1	1
165	912	1	1
167	912	1	1
171	912	1	1
186	915	1	1
4	917	1	1
153	917	1	1
161	917	1	1
163	917	1	1
165	917	1	1
167	917	1	1
171	917	1	1
226	917	1	1
276	921	1	1
299	921	1	1
4	923	1	1
153	923	1	1
161	923	1	1
165	923	2	1
167	923	1	1
171	923	1	1
153	926	1	1
330	926	1	1
344	926	1	1
356	926	1	1
52	933	1	1
77	933	1	1
143	933	1	1
165	933	1	1
199	933	2	1
328	933	1	1
337	933	1	1
5	937	1	1
153	944	1	1
276	944	1	1
370	956	1	1
86	958	1	1
117	958	1	1
200	958	1	1
244	958	1	1
4	960	1	1
153	960	1	1
161	960	1	1
163	960	1	1
165	960	1	1
167	960	1	1
171	960	1	1
226	960	1	1
153	967	1	1
309	973	1	1
334	973	1	1
349	973	1	1
4	986	1	1
153	986	1	1
161	986	1	1
163	986	1	1
165	986	1	1
167	986	1	1
171	986	1	1
226	986	1	1
241	986	1	1
313	994	1	1
37	1002	1	1
5	1012	1	1
217	1012	1	1
219	1012	1	1
160	1015	1	1
317	1015	1	1
4	1031	1	1
153	1031	1	1
161	1031	1	1
165	1031	1	1
167	1031	1	1
171	1031	1	1
24	1049	1	1
234	1049	2	1
282	1049	2	1
349	1049	2	1
4	1063	1	1
153	1063	1	1
161	1063	1	1
165	1063	1	1
167	1063	1	1
171	1063	1	1
370	1063	1	1
4	1067	1	1
100	1067	1	1
153	1067	1	1
161	1067	1	1
165	1067	1	1
167	1067	1	1
171	1067	1	1
353	1067	1	1
313	1070	1	1
6	1072	1	1
53	1072	1	1
76	1072	1	1
83	1072	1	1
190	1072	1	1
67	1077	1	1
328	1077	1	1
17	1078	1	1
320	1078	1	1
4	1081	1	1
153	1081	1	1
165	1081	1	1
234	1084	1	1
349	1084	1	1
24	1087	1	1
53	1087	1	1
139	1087	1	1
147	1087	1	1
150	1087	1	1
197	1089	1	1
309	1089	1	1
313	1089	1	1
334	1089	1	1
67	1090	1	1
153	1090	1	1
239	1090	1	1
253	1090	1	1
312	1090	1	1
153	1098	1	1
264	1098	1	1
312	1098	1	1
100	1100	1	1
74	1101	1	1
247	1101	1	1
282	1101	1	1
289	1101	1	1
328	1101	1	1
339	1101	2	1
361	1101	1	1
16	1119	1	1
81	1119	1	1
153	1119	1	1
226	1119	1	1
274	1119	1	1
120	1120	1	1
125	1120	1	1
133	1120	1	1
289	1120	1	1
112	1121	1	1
128	1124	1	1
132	1124	1	1
349	1124	1	1
16	1126	1	1
153	1126	1	1
226	1126	1	1
274	1126	1	1
305	1126	1	1
13	1136	1	1
197	1136	1	1
198	1136	1	1
255	1136	1	1
90	1137	1	1
142	1137	1	1
243	1137	1	1
315	1137	1	1
315	1141	1	1
4	1147	1	1
134	1147	1	1
153	1147	1	1
161	1147	1	1
165	1147	1	1
167	1147	1	1
171	1147	1	1
210	1147	1	1
226	1147	1	1
137	1152	1	1
160	1152	1	1
221	1152	1	1
241	1152	1	1
276	1152	1	1
291	1152	1	1
355	1152	2	1
221	1155	1	1
242	1155	1	1
276	1155	1	1
185	1156	1	1
295	1156	1	1
299	1156	1	1
315	1156	1	1
221	1157	1	1
276	1157	1	1
221	1159	1	1
221	1161	1	1
276	1161	1	1
339	1161	1	1
221	1165	1	1
249	1165	1	1
332	1165	1	1
4	1166	1	1
153	1166	1	1
161	1166	1	1
163	1166	1	1
165	1166	1	1
167	1166	1	1
171	1166	1	1
226	1166	1	1
67	1167	1	1
153	1167	1	1
239	1167	1	1
253	1167	1	1
312	1167	1	1
4	1168	1	1
123	1168	1	1
153	1168	1	1
161	1168	1	1
165	1168	1	1
167	1168	1	1
171	1168	1	1
153	1169	1	1
200	1169	1	1
342	1169	1	1
153	1172	1	1
226	1172	1	1
4	1174	1	1
13	1174	1	1
66	1174	1	1
365	1174	1	1
26	1181	1	1
76	1184	1	1
16	1185	1	1
153	1185	1	1
274	1185	1	1
221	1186	1	1
276	1186	3	1
4	1195	1	1
74	1195	1	1
88	1202	1	1
135	1202	1	1
153	1202	1	1
353	1202	1	1
144	1209	1	1
114	1213	1	1
200	1213	1	1
340	1213	1	1
164	1215	1	1
196	1215	1	1
229	1215	1	1
248	1215	1	1
315	1215	2	1
353	1215	1	1
4	1216	1	1
153	1216	1	1
161	1216	1	1
165	1216	1	1
167	1216	1	1
171	1216	1	1
4	1218	1	1
153	1218	1	1
161	1218	1	1
165	1218	1	1
167	1218	1	1
171	1218	1	1
4	1222	1	1
153	1222	1	1
161	1222	1	1
165	1222	1	1
167	1222	1	1
171	1222	1	1
241	1222	1	1
27	1224	1	1
58	1224	1	1
160	1224	1	1
4	1226	1	1
153	1226	1	1
161	1226	1	1
163	1226	1	1
165	1226	1	1
167	1226	1	1
171	1226	1	1
226	1226	1	1
38	1241	1	1
90	1241	1	1
107	1241	1	1
121	1241	1	1
258	1241	1	1
315	1241	1	1
339	1241	1	1
4	1259	1	1
153	1259	1	1
161	1259	1	1
165	1259	1	1
167	1259	1	1
171	1259	1	1
4	1262	1	1
153	1262	1	1
161	1262	1	1
165	1262	1	1
167	1262	1	1
171	1262	1	1
364	1262	1	1
153	1264	1	1
226	1264	1	1
283	1264	1	1
312	1264	1	1
370	1264	1	1
5	1267	1	1
80	1267	1	1
203	1267	1	1
205	1267	1	1
227	1267	1	1
277	1267	1	1
75	1271	1	1
183	1271	1	1
208	1271	1	1
234	1271	1	1
332	1271	1	1
125	1288	1	1
231	1289	1	1
246	1289	1	1
262	1289	1	1
339	1289	1	1
315	1290	1	1
174	1293	1	1
250	1293	1	1
4	1304	1	1
123	1304	1	1
153	1304	1	1
161	1304	1	1
165	1304	2	1
167	1304	1	1
171	1304	1	1
49	1305	1	1
67	1305	2	1
79	1305	1	1
99	1305	1	1
153	1305	1	1
165	1305	1	1
199	1305	1	1
338	1305	1	1
217	1316	1	1
344	1316	1	1
70	1319	1	1
4	1321	1	1
153	1321	1	1
161	1321	1	1
163	1321	1	1
165	1321	1	1
167	1321	1	1
171	1321	1	1
226	1321	1	1
271	1321	1	1
18	1322	1	1
200	1322	1	1
4	1324	1	1
153	1324	1	1
161	1324	1	1
165	1324	1	1
167	1324	1	1
171	1324	1	1
227	1324	1	1
4	1330	1	1
153	1330	1	1
161	1330	1	1
163	1330	1	1
165	1330	1	1
167	1330	1	1
171	1330	1	1
226	1330	1	1
66	1335	1	1
77	1335	1	1
109	1335	1	1
150	1335	1	1
153	1335	1	1
167	1335	1	1
171	1335	1	1
196	1335	1	1
315	1335	1	1
4	1356	1	1
153	1356	1	1
161	1356	1	1
163	1356	1	1
165	1356	1	1
167	1356	1	1
171	1356	1	1
226	1356	1	1
4	1358	1	1
153	1358	1	1
161	1358	1	1
165	1358	1	1
167	1358	1	1
171	1358	1	1
370	1358	1	1
4	1365	1	1
153	1365	1	1
161	1365	1	1
165	1365	1	1
167	1365	1	1
171	1365	1	1
66	1374	1	1
137	1374	1	1
150	1374	1	1
153	1374	1	1
60	1388	1	1
99	1388	1	1
165	1388	1	1
202	1392	1	1
282	1392	1	1
120	1394	1	1
4	1399	1	1
153	1399	1	1
161	1399	1	1
165	1399	1	1
167	1399	1	1
171	1399	1	1
49	1402	1	1
67	1402	2	1
147	1403	1	1
153	1403	1	1
179	1403	1	1
153	1406	1	1
179	1406	1	1
227	1406	1	1
4	1409	1	1
153	1409	1	1
161	1409	1	1
165	1409	1	1
167	1409	1	1
171	1409	1	1
148	1411	1	1
153	1411	1	1
179	1411	1	1
334	1411	1	1
114	1413	1	1
153	1413	1	1
270	1413	1	1
297	1413	1	1
303	1413	1	1
315	1413	1	1
349	1413	1	1
220	1420	1	1
4	1438	1	1
147	1438	2	1
153	1438	1	1
161	1438	1	1
165	1438	1	1
167	1438	1	1
171	1438	1	1
4	1440	1	1
147	1440	1	1
153	1440	1	1
161	1440	1	1
165	1440	1	1
167	1440	1	1
171	1440	1	1
100	1442	1	1
153	1442	1	1
165	1442	1	1
347	1442	1	1
370	1447	1	1
91	1461	1	1
115	1469	1	1
308	1469	1	1
320	1469	1	1
325	1469	1	1
248	1474	1	1
250	1474	1	1
254	1474	1	1
4	1476	1	1
153	1476	1	1
161	1476	1	1
165	1476	1	1
167	1476	1	1
171	1476	1	1
227	1476	1	1
74	1495	2	1
315	1495	1	1
72	1496	1	1
153	1496	1	1
174	1496	1	1
147	1502	1	1
192	1502	1	1
146	1511	1	1
196	1511	1	1
343	1513	1	1
48	1514	1	1
192	1514	1	1
126	1515	1	1
211	1515	1	1
362	1515	1	1
165	1517	1	1
312	1517	1	1
105	1518	1	1
133	1519	1	1
148	1519	1	1
200	1520	1	1
233	1520	1	1
334	1520	1	1
345	1520	1	1
153	1525	1	1
165	1525	1	1
191	1525	1	1
312	1525	2	1
99	1528	1	1
153	1528	1	1
315	1531	1	1
61	1534	1	1
148	1534	1	1
279	1534	1	1
344	1534	1	1
126	1542	1	1
211	1542	1	1
362	1542	1	1
126	1546	1	1
160	1546	1	1
346	1546	1	1
362	1546	1	1
284	1548	1	1
24	1551	1	1
100	1551	1	1
147	1551	1	1
211	1551	1	1
253	1551	1	1
288	1551	1	1
289	1551	1	1
340	1551	1	1
345	1551	1	1
26	1552	1	1
126	1554	1	1
160	1554	1	1
362	1554	1	1
153	1558	1	1
239	1558	1	1
253	1558	1	1
370	1558	1	1
4	1565	1	1
153	1565	1	1
161	1565	1	1
163	1565	1	1
165	1565	1	1
167	1565	1	1
171	1565	1	1
226	1565	1	1
4	1572	1	1
153	1572	1	1
161	1572	1	1
163	1572	1	1
165	1572	1	1
167	1572	1	1
171	1572	1	1
226	1572	1	1
4	1577	1	1
153	1577	1	1
161	1577	1	1
163	1577	1	1
165	1577	1	1
167	1577	1	1
171	1577	1	1
226	1577	1	1
367	1582	1	1
24	1587	1	1
95	1587	1	1
100	1587	1	1
147	1587	1	1
152	1587	1	1
337	1587	1	1
340	1587	1	1
153	1592	1	1
247	1592	1	1
282	1592	1	1
107	1598	1	1
189	1598	1	1
209	1601	1	1
147	1612	1	1
176	1612	1	1
278	1612	1	1
288	1612	1	1
298	1612	1	1
13	1614	1	1
43	1614	2	1
148	1614	1	1
337	1614	1	1
77	1615	1	1
191	1615	1	1
153	1617	1	1
4	1618	1	1
153	1618	1	1
161	1618	1	1
165	1618	1	1
167	1618	1	1
171	1618	1	1
227	1618	1	1
153	1619	1	1
203	1619	1	1
223	1619	1	1
5	1620	1	1
224	1620	1	1
327	1620	1	1
345	1620	1	1
153	1622	1	1
257	1622	1	1
282	1622	1	1
331	1622	1	1
4	1623	1	1
153	1623	1	1
161	1623	1	1
163	1623	1	1
165	1623	1	1
167	1623	1	1
171	1623	1	1
226	1623	1	1
100	1626	1	1
115	1626	1	1
123	1626	1	1
298	1626	1	1
339	1626	2	1
127	1627	1	1
234	1627	1	1
90	1630	1	1
238	1630	1	1
153	1642	1	1
241	1644	1	1
247	1644	1	1
266	1644	1	1
308	1644	1	1
4	1645	1	1
24	1645	1	1
150	1645	1	1
153	1645	1	1
161	1645	1	1
165	1645	2	1
167	1645	1	1
171	1645	1	1
184	1645	1	1
325	1645	1	1
46	1647	1	1
117	1647	1	1
4	1649	1	1
35	1649	1	1
153	1649	1	1
161	1649	1	1
165	1649	1	1
167	1649	1	1
171	1649	1	1
227	1649	1	1
32	1654	1	1
113	1654	1	1
196	1654	1	1
349	1654	1	1
43	1661	1	1
72	1661	1	1
153	1661	1	1
319	1661	1	1
337	1661	1	1
365	1661	1	1
91	1668	1	1
153	1669	1	1
235	1669	1	1
95	1678	1	1
153	1678	1	1
370	1678	1	1
68	1679	1	1
156	1679	1	1
192	1687	1	1
211	1687	1	1
364	1687	1	1
289	1692	1	1
355	1692	1	1
52	1694	1	1
57	1694	1	1
124	1694	1	1
224	1695	1	1
145	1696	1	1
156	1696	1	1
241	1696	1	1
256	1696	1	1
293	1696	1	1
315	1696	1	1
351	1696	1	1
156	1697	1	1
241	1697	1	1
256	1697	1	1
293	1697	1	1
315	1697	1	1
351	1697	1	1
4	1701	1	1
153	1701	1	1
161	1701	1	1
165	1701	1	1
167	1701	1	1
171	1701	1	1
121	1705	1	1
196	1705	1	1
200	1705	1	1
316	1705	1	1
4	1710	1	1
123	1710	1	1
153	1710	1	1
161	1710	1	1
165	1710	1	1
167	1710	1	1
171	1710	1	1
100	1713	1	1
238	1713	1	1
340	1713	1	1
353	1713	1	1
14	1715	1	1
329	1715	1	1
90	1719	1	1
128	1719	1	1
139	1719	1	1
345	1719	1	1
181	1722	1	1
293	1722	1	1
361	1722	1	1
133	1725	1	1
2	1727	1	1
210	1727	1	1
247	1727	1	1
64	1732	1	1
128	1732	1	1
238	1732	1	1
359	1732	1	1
286	1756	1	1
278	1757	1	1
315	1757	1	1
2	1761	1	1
43	1761	1	1
150	1761	1	1
153	1761	1	1
315	1761	1	1
66	1767	1	1
100	1767	1	1
3	1785	1	1
11	1785	1	1
25	1785	1	1
110	1785	1	1
111	1785	1	1
117	1785	1	1
261	1800	1	1
34	1812	1	1
125	1812	1	1
117	1814	1	1
125	1814	1	1
160	1814	1	1
197	1814	1	1
266	1814	1	1
290	1814	1	1
316	1814	1	1
40	1817	1	1
106	1817	1	1
270	1817	1	1
277	1817	1	1
317	1817	1	1
351	1817	1	1
120	1820	1	1
322	1820	1	1
145	1825	1	1
316	1825	1	1
120	1827	1	1
219	1827	1	1
297	1827	1	1
290	1829	1	1
40	1830	1	1
69	1830	1	1
106	1830	2	1
192	1830	1	1
270	1830	2	1
2	1832	1	1
152	1832	1	1
153	1832	1	1
340	1832	1	1
10	1837	1	1
49	1837	1	1
66	1837	1	1
151	1837	1	1
199	1837	1	1
303	1837	1	1
2	1842	1	1
213	1842	1	1
339	1842	1	1
68	1852	1	1
315	1852	1	1
345	1852	1	1
192	1859	1	1
290	1859	1	1
317	1859	1	1
112	29	1	4
234	29	1	4
276	29	1	4
349	29	1	4
128	48	1	4
175	59	1	4
255	59	1	4
292	88	1	4
153	156	1	4
189	156	1	4
219	156	1	4
249	156	1	4
334	182	1	4
123	204	3	4
244	204	1	4
144	245	1	4
153	245	1	4
166	245	1	4
280	245	1	4
293	245	1	4
4	246	1	4
153	246	1	4
166	246	1	4
252	246	1	4
315	246	1	4
153	252	1	4
166	252	1	4
128	253	1	4
153	253	1	4
166	253	1	4
212	253	1	4
240	253	1	4
252	253	1	4
315	253	1	4
214	292	1	4
304	292	1	4
153	327	1	4
189	327	1	4
256	372	1	4
5	447	1	4
125	468	1	4
214	468	1	4
134	470	1	4
200	470	1	4
304	470	1	4
31	530	1	4
11	559	1	4
143	559	1	4
153	587	1	4
370	616	1	4
357	635	1	4
90	647	1	4
56	652	1	4
224	652	1	4
265	694	1	4
309	694	1	4
28	698	1	4
338	698	1	4
237	713	1	4
292	713	1	4
327	713	1	4
68	714	1	4
88	717	1	4
222	717	1	4
68	729	1	4
200	740	1	4
248	740	1	4
349	740	1	4
76	749	1	4
157	766	1	4
164	784	1	4
339	784	1	4
277	795	1	4
248	827	1	4
200	829	1	4
202	829	1	4
17	832	1	4
248	832	1	4
29	843	1	4
74	843	1	4
249	843	1	4
321	843	1	4
339	843	1	4
90	849	1	4
200	849	1	4
304	849	1	4
86	851	2	4
123	851	2	4
354	851	2	4
34	852	1	4
212	852	1	4
125	855	1	4
257	855	1	4
315	855	1	4
74	919	1	4
248	919	1	4
315	919	1	4
339	919	1	4
91	931	1	4
160	931	1	4
248	938	1	4
248	964	1	4
320	964	1	4
90	990	1	4
144	990	1	4
201	990	1	4
334	990	1	4
159	992	1	4
160	992	1	4
241	992	1	4
243	992	1	4
253	992	1	4
315	995	1	4
361	995	1	4
56	1008	1	4
160	1008	1	4
359	1008	1	4
50	1009	1	4
88	1022	1	4
102	1024	1	4
281	1024	1	4
315	1024	1	4
102	1026	1	4
164	1026	3	4
234	1038	1	4
344	1042	1	4
12	1044	1	4
37	1044	1	4
71	1047	1	4
145	1047	1	4
339	1047	1	4
339	1051	1	4
133	1092	1	4
155	1092	1	4
234	1092	1	4
237	1092	1	4
265	1097	1	4
365	1097	1	4
164	1114	4	4
353	1114	1	4
140	1117	1	4
164	1117	1	4
340	1117	1	4
147	1160	1	4
123	1176	2	4
244	1176	1	4
297	1193	1	4
315	1193	1	4
1	1204	1	4
10	1204	1	4
217	1204	1	4
256	1204	1	4
196	1254	1	4
133	1261	1	4
192	1261	1	4
315	1261	1	4
328	1261	1	4
62	1270	1	4
91	1270	1	4
153	1270	1	4
191	1270	1	4
315	1272	1	4
345	1272	1	4
147	1277	1	4
232	1277	1	4
234	1277	1	4
288	1277	1	4
298	1277	1	4
357	1277	1	4
178	1295	1	4
30	1318	1	4
195	1353	1	4
195	1361	1	4
200	1361	1	4
200	1367	1	4
234	1367	1	4
240	1367	1	4
42	1386	1	4
149	1386	1	4
153	1386	1	4
49	1426	1	4
153	1426	1	4
188	1426	1	4
303	1426	1	4
315	1426	1	4
153	1521	1	4
147	1533	1	4
153	1533	1	4
211	1533	4	4
212	1533	1	4
362	1533	1	4
160	1535	1	4
129	1561	1	4
153	1561	1	4
284	1561	1	4
340	1561	1	4
26	1562	1	4
153	1562	1	4
202	1562	1	4
234	1562	1	4
263	1562	1	4
284	1562	1	4
340	1562	1	4
152	1581	1	4
166	1581	1	4
174	1581	1	4
191	1581	2	4
225	1581	1	4
332	1581	1	4
349	1581	1	4
43	1588	1	4
120	1643	1	4
78	1656	1	4
315	1656	1	4
74	1671	1	4
117	1671	1	4
125	1671	1	4
64	1673	1	4
196	1673	1	4
39	1685	1	4
86	1685	1	4
276	1685	1	4
193	1686	1	4
111	1689	1	4
303	1689	1	4
200	1693	1	4
313	1693	1	4
41	1700	1	4
153	1702	1	4
200	1702	1	4
120	1704	1	4
103	1708	1	4
196	1708	1	4
255	1708	1	4
315	1708	1	4
330	1708	1	4
339	1708	1	4
30	1733	1	4
196	1733	1	4
202	1733	1	4
129	1748	1	4
153	1778	1	4
193	1778	1	4
30	1781	1	4
248	1781	1	4
27	1782	1	4
111	1782	2	4
191	1782	1	4
196	1782	1	4
226	1782	1	4
265	1782	1	4
195	1783	1	4
196	1789	1	4
315	1797	1	4
193	1801	1	4
223	1806	1	4
277	1806	1	4
364	1806	1	4
30	1808	1	4
248	1808	1	4
315	1808	1	4
82	1809	1	4
185	1809	1	4
58	1810	1	4
194	1815	1	4
238	1815	1	4
243	1815	1	4
288	1815	1	4
196	1821	1	4
316	1821	1	4
97	1824	1	4
196	1824	1	4
349	1831	1	4
146	1835	2	4
11	1841	1	4
25	1841	1	4
243	1841	1	4
30	1847	1	4
31	1847	1	4
111	1847	1	4
191	1847	1	4
315	1847	1	4
147	1851	1	4
12	1853	1	4
209	1853	1	4
107	1860	1	4
322	1	1	6
153	2	1	6
292	2	1	6
147	3	2	6
151	3	1	6
153	3	1	6
306	3	1	6
23	8	1	6
90	8	1	6
300	8	1	6
27	9	1	6
27	11	1	6
76	11	1	6
349	12	1	6
81	13	1	6
150	13	1	6
290	13	1	6
148	14	1	6
200	14	2	6
315	14	1	6
111	15	1	6
266	15	1	6
11	19	1	6
202	19	1	6
34	21	1	6
120	21	2	6
125	21	1	6
160	21	1	6
248	21	1	6
339	22	1	6
43	23	1	6
135	23	1	6
153	23	1	6
158	23	1	6
169	23	1	6
335	23	1	6
368	23	1	6
83	24	1	6
181	24	1	6
212	24	1	6
214	24	1	6
321	24	1	6
43	25	1	6
135	25	1	6
153	25	1	6
158	25	1	6
169	25	1	6
335	25	1	6
368	25	1	6
43	26	1	6
135	26	1	6
153	26	1	6
158	26	1	6
169	26	1	6
335	26	1	6
368	26	1	6
198	28	1	6
213	28	1	6
233	28	1	6
264	28	2	6
288	28	1	6
334	28	1	6
43	30	1	6
135	30	1	6
153	30	1	6
158	30	1	6
169	30	1	6
335	30	1	6
368	30	1	6
43	31	1	6
135	31	1	6
153	31	1	6
158	31	1	6
169	31	1	6
335	31	1	6
368	31	1	6
200	33	1	6
43	34	1	6
135	34	1	6
153	34	1	6
158	34	1	6
169	34	1	6
335	34	1	6
368	34	1	6
81	37	1	6
210	37	1	6
290	37	1	6
323	37	1	6
125	39	1	6
103	41	1	6
57	42	1	6
196	42	1	6
153	43	1	6
349	44	1	6
224	45	1	6
55	46	1	6
202	46	1	6
225	47	1	6
153	49	1	6
195	49	1	6
31	52	1	6
153	52	1	6
226	52	1	6
196	53	1	6
153	54	1	6
284	54	1	6
94	56	1	6
150	56	1	6
190	56	1	6
159	57	1	6
367	57	1	6
227	62	1	6
249	62	1	6
270	62	1	6
327	62	1	6
113	64	1	6
290	64	1	6
339	64	1	6
181	65	1	6
195	66	1	6
147	67	1	6
272	69	1	6
275	69	1	6
33	71	1	6
41	71	1	6
84	71	1	6
101	71	1	6
145	71	1	6
149	71	1	6
159	71	1	6
18	72	1	6
112	72	1	6
160	72	2	6
211	72	1	6
339	72	1	6
43	73	1	6
58	74	1	6
65	74	1	6
343	74	2	6
200	76	1	6
153	77	1	6
204	77	1	6
234	77	1	6
167	80	1	6
213	80	1	6
250	80	1	6
298	80	1	6
194	82	1	6
90	83	1	6
200	83	1	6
92	85	1	6
297	85	1	6
21	86	2	6
197	86	1	6
140	91	1	6
299	91	1	6
309	91	1	6
91	92	1	6
276	92	1	6
361	92	1	6
339	94	1	6
1	95	1	6
95	95	1	6
339	95	1	6
232	97	1	6
12	98	1	6
196	98	1	6
202	98	1	6
120	99	1	6
291	99	1	6
361	99	1	6
68	100	1	6
153	100	1	6
168	100	1	6
202	100	1	6
315	100	1	6
332	104	1	6
120	105	1	6
238	105	1	6
316	105	1	6
11	107	1	6
264	107	2	6
241	108	1	6
200	109	1	6
265	109	2	6
154	110	1	6
11	111	1	6
118	111	1	6
153	111	2	6
160	111	1	6
215	111	1	6
271	111	1	6
276	111	1	6
64	113	1	6
196	113	1	6
64	114	1	6
291	114	1	6
196	115	1	6
36	116	1	6
153	116	1	6
193	117	1	6
30	118	1	6
112	118	1	6
316	118	1	6
151	119	1	6
224	119	1	6
236	119	1	6
254	119	1	6
323	119	1	6
194	120	1	6
96	121	1	6
121	121	1	6
290	124	1	6
331	124	1	6
31	127	1	6
33	127	1	6
153	127	1	6
218	127	1	6
226	127	1	6
48	130	1	6
82	130	1	6
86	130	1	6
249	130	1	6
333	130	1	6
349	130	1	6
12	131	1	6
81	131	1	6
150	131	1	6
279	131	1	6
340	131	1	6
43	133	1	6
135	133	1	6
153	133	1	6
158	133	1	6
168	133	1	6
169	133	1	6
191	133	1	6
335	133	1	6
368	133	1	6
43	135	1	6
135	135	1	6
153	135	1	6
169	135	1	6
335	135	1	6
196	136	1	6
75	137	1	6
173	137	1	6
224	137	1	6
153	139	1	6
153	140	1	6
174	140	1	6
56	141	1	6
141	141	1	6
290	141	1	6
364	144	1	6
153	148	1	6
181	148	1	6
194	148	1	6
196	148	1	6
201	148	1	6
213	151	1	6
215	151	1	6
160	152	1	6
261	152	2	6
154	153	1	6
232	154	1	6
147	157	1	6
117	160	1	6
280	160	1	6
69	162	1	6
111	162	1	6
153	162	1	6
265	162	1	6
276	162	1	6
339	164	1	6
12	166	1	6
32	166	1	6
90	166	1	6
224	166	1	6
255	166	1	6
364	166	1	6
14	167	1	6
110	167	1	6
150	167	1	6
196	167	1	6
110	168	1	6
150	168	1	6
196	168	1	6
196	171	1	6
153	173	1	6
339	173	1	6
49	174	2	6
153	174	1	6
55	176	1	6
141	176	1	6
320	176	1	6
153	177	1	6
196	177	1	6
276	177	2	6
200	178	1	6
117	179	1	6
315	179	1	6
351	179	1	6
1	181	1	6
234	181	1	6
265	181	1	6
330	181	1	6
179	184	1	6
82	185	1	6
128	185	1	6
315	185	1	6
88	187	1	6
125	187	1	6
227	187	1	6
111	188	1	6
153	188	1	6
166	188	1	6
31	189	1	6
153	189	1	6
166	189	1	6
206	190	1	6
268	190	1	6
294	190	1	6
175	191	1	6
81	192	1	6
150	192	1	6
290	192	1	6
315	192	1	6
31	193	1	6
153	193	1	6
166	193	1	6
203	193	1	6
37	194	1	6
86	194	1	6
94	194	1	6
339	194	1	6
153	195	1	6
91	196	1	6
96	196	1	6
267	196	1	6
349	196	1	6
22	199	1	6
90	199	1	6
213	199	1	6
229	199	1	6
320	199	1	6
290	201	1	6
159	202	1	6
297	202	1	6
365	203	1	6
31	205	1	6
82	205	1	6
153	205	1	6
31	206	1	6
153	206	1	6
226	206	1	6
268	206	1	6
287	206	1	6
150	207	2	6
216	207	1	6
290	214	1	6
72	217	1	6
101	217	1	6
190	217	1	6
238	217	1	6
359	217	1	6
12	223	1	6
121	224	1	6
151	224	1	6
153	224	1	6
290	224	1	6
341	226	1	6
46	227	1	6
111	227	1	6
153	227	1	6
186	227	1	6
226	227	2	6
241	227	1	6
336	227	1	6
234	228	1	6
332	228	1	6
105	229	1	6
137	229	1	6
234	229	1	6
341	229	1	6
332	230	1	6
103	231	1	6
181	232	1	6
194	232	1	6
234	232	1	6
289	233	1	6
121	234	1	6
146	234	1	6
196	235	1	6
86	236	1	6
315	236	1	6
303	238	1	6
134	243	1	6
140	259	1	6
295	259	1	6
332	259	1	6
10	260	1	6
147	261	1	6
153	261	1	6
183	261	1	6
297	261	1	6
117	262	1	6
196	262	1	6
154	273	1	6
166	273	1	6
209	273	1	6
298	273	1	6
10	275	1	6
320	280	1	6
33	281	2	6
50	281	1	6
153	281	1	6
218	281	1	6
315	281	1	6
5	284	1	6
23	284	1	6
263	284	1	6
344	284	1	6
353	284	1	6
72	285	1	6
101	285	1	6
224	285	1	6
349	285	1	6
15	286	1	6
190	286	1	6
238	286	1	6
192	287	1	6
339	287	1	6
103	288	1	6
196	288	1	6
213	288	1	6
226	288	1	6
324	288	1	6
285	289	1	6
5	290	1	6
13	291	1	6
237	291	1	6
31	293	1	6
33	293	1	6
98	293	1	6
153	293	1	6
218	293	1	6
226	293	1	6
296	293	1	6
31	294	2	6
51	294	1	6
98	294	1	6
153	294	1	6
218	294	1	6
226	294	1	6
75	295	2	6
196	295	1	6
304	295	1	6
317	295	1	6
339	295	1	6
130	298	1	6
148	298	1	6
196	298	1	6
5	299	1	6
10	299	1	6
200	299	1	6
224	299	1	6
248	299	1	6
294	300	1	6
299	300	1	6
92	301	1	6
297	301	1	6
249	302	1	6
255	302	1	6
341	302	1	6
149	303	1	6
294	303	1	6
200	308	1	6
278	308	1	6
349	308	1	6
103	309	1	6
132	309	1	6
234	309	1	6
364	309	1	6
226	311	1	6
232	311	1	6
124	315	1	6
341	315	1	6
81	316	1	6
196	316	2	6
325	316	1	6
95	317	1	6
304	317	1	6
214	318	1	6
1	319	1	6
33	319	1	6
181	319	1	6
277	319	1	6
341	320	1	6
31	321	1	6
45	321	1	6
153	321	1	6
226	321	1	6
296	321	1	6
31	322	1	6
153	322	1	6
226	322	1	6
211	326	1	6
214	326	1	6
340	326	1	6
224	330	1	6
217	332	1	6
40	335	1	6
99	335	1	6
105	335	1	6
214	335	1	6
246	335	1	6
153	336	1	6
196	337	1	6
200	337	1	6
55	339	1	6
159	339	1	6
297	339	1	6
340	339	1	6
97	340	1	6
153	340	1	6
214	340	1	6
32	346	1	6
200	347	1	6
216	347	1	6
288	347	1	6
343	347	1	6
370	347	1	6
280	348	1	6
265	350	1	6
114	352	1	6
153	352	1	6
164	352	1	6
320	352	1	6
26	354	1	6
263	354	1	6
65	355	1	6
214	355	1	6
196	357	1	6
153	358	1	6
205	358	1	6
277	358	1	6
315	358	1	6
320	358	1	6
347	359	1	6
124	360	1	6
214	361	1	6
75	364	1	6
196	364	1	6
202	364	1	6
309	364	1	6
65	366	1	6
153	369	1	6
205	369	1	6
227	369	1	6
241	369	1	6
340	369	1	6
205	370	1	6
227	370	1	6
132	371	1	6
365	371	1	6
31	373	2	6
153	373	1	6
226	373	1	6
280	373	1	6
31	375	1	6
36	375	1	6
153	375	1	6
226	375	1	6
144	376	1	6
280	376	1	6
297	376	1	6
214	381	1	6
315	381	1	6
276	383	1	6
153	384	1	6
199	384	1	6
31	385	1	6
68	385	1	6
153	385	1	6
323	385	1	6
43	387	1	6
135	387	1	6
153	387	1	6
158	387	1	6
169	387	1	6
335	387	1	6
368	387	1	6
43	388	1	6
135	388	1	6
153	388	1	6
158	388	1	6
169	388	1	6
335	388	1	6
368	388	1	6
43	390	1	6
135	390	1	6
153	390	1	6
158	390	1	6
169	390	1	6
335	390	1	6
368	390	1	6
43	391	1	6
135	391	1	6
153	391	1	6
158	391	1	6
169	391	1	6
335	391	1	6
368	391	1	6
43	392	1	6
135	392	1	6
153	392	1	6
158	392	1	6
169	392	1	6
335	392	1	6
368	392	1	6
315	393	1	6
43	394	1	6
135	394	1	6
153	394	1	6
158	394	1	6
169	394	1	6
335	394	1	6
368	394	1	6
43	395	1	6
135	395	1	6
153	395	1	6
158	395	1	6
169	395	1	6
335	395	1	6
368	395	1	6
43	396	1	6
135	396	1	6
153	396	1	6
158	396	1	6
169	396	1	6
335	396	1	6
368	396	1	6
43	397	1	6
135	397	1	6
153	397	1	6
158	397	1	6
169	397	1	6
335	397	1	6
368	397	1	6
43	398	1	6
135	398	1	6
153	398	1	6
158	398	1	6
169	398	1	6
335	398	1	6
368	398	1	6
31	400	1	6
153	400	1	6
205	400	1	6
226	400	1	6
227	400	1	6
41	401	1	6
297	401	2	6
43	402	1	6
135	402	1	6
153	402	1	6
158	402	1	6
169	402	1	6
335	402	1	6
368	402	1	6
43	403	1	6
135	403	1	6
153	403	1	6
158	403	1	6
169	403	1	6
335	403	1	6
368	403	1	6
370	404	2	6
43	405	1	6
135	405	1	6
153	405	1	6
158	405	1	6
169	405	1	6
187	405	1	6
335	405	1	6
368	405	1	6
43	406	1	6
135	406	1	6
153	406	1	6
158	406	1	6
169	406	1	6
335	406	1	6
368	406	1	6
43	407	1	6
135	407	1	6
153	407	1	6
158	407	1	6
169	407	1	6
335	407	1	6
368	407	1	6
43	409	1	6
135	409	1	6
143	409	1	6
153	409	1	6
158	409	1	6
169	409	1	6
335	409	1	6
368	409	1	6
43	410	1	6
135	410	1	6
153	410	1	6
158	410	1	6
169	410	1	6
335	410	1	6
368	410	1	6
118	411	1	6
43	412	1	6
135	412	1	6
153	412	1	6
158	412	1	6
169	412	1	6
335	412	1	6
368	412	1	6
8	413	1	6
153	413	1	6
210	413	1	6
43	414	1	6
135	414	1	6
153	414	1	6
169	414	1	6
335	414	1	6
15	415	1	6
69	415	1	6
343	415	1	6
43	416	1	6
135	416	1	6
153	416	1	6
158	416	1	6
169	416	1	6
335	416	1	6
368	416	1	6
43	417	1	6
135	417	1	6
153	417	1	6
158	417	1	6
169	417	1	6
335	417	1	6
368	417	1	6
43	418	1	6
135	418	1	6
153	418	1	6
169	418	1	6
335	418	1	6
43	419	1	6
135	419	1	6
153	419	1	6
158	419	1	6
169	419	1	6
335	419	1	6
368	419	1	6
43	420	1	6
135	420	1	6
153	420	1	6
158	420	1	6
169	420	1	6
335	420	1	6
368	420	1	6
35	421	1	6
43	422	1	6
135	422	1	6
137	422	1	6
153	422	1	6
158	422	1	6
169	422	1	6
335	422	1	6
368	422	1	6
103	424	1	6
31	425	1	6
153	425	2	6
231	425	1	6
305	425	1	6
43	426	1	6
135	426	1	6
153	426	1	6
158	426	1	6
168	426	1	6
169	426	1	6
191	426	1	6
335	426	1	6
368	426	1	6
118	427	1	6
31	429	1	6
153	429	1	6
226	429	1	6
287	429	1	6
299	429	1	6
177	431	1	6
187	431	1	6
262	431	1	6
155	432	1	6
236	433	1	6
327	434	1	6
80	439	1	6
94	442	1	6
160	442	1	6
176	442	1	6
257	442	1	6
320	443	1	6
339	443	1	6
31	444	1	6
153	444	1	6
226	444	1	6
109	445	1	6
196	445	2	6
224	445	1	6
265	445	1	6
349	445	1	6
103	446	1	6
295	446	1	6
191	448	1	6
352	448	1	6
43	449	1	6
54	449	1	6
135	449	1	6
153	449	1	6
169	449	1	6
43	450	1	6
54	450	1	6
135	450	1	6
153	450	1	6
158	450	1	6
169	450	1	6
368	450	1	6
43	451	1	6
54	451	1	6
135	451	1	6
153	451	1	6
158	451	1	6
169	451	1	6
368	451	1	6
43	452	1	6
54	452	1	6
135	452	1	6
153	452	1	6
158	452	1	6
169	452	1	6
368	452	1	6
43	453	1	6
54	453	1	6
135	453	1	6
153	453	1	6
158	453	1	6
169	453	1	6
368	453	1	6
42	455	2	6
83	455	1	6
246	455	1	6
352	455	1	6
61	457	2	6
137	457	2	6
177	457	1	6
186	457	1	6
200	457	1	6
59	458	1	6
142	458	1	6
277	458	1	6
153	462	1	6
47	463	2	6
153	463	1	6
213	463	1	6
268	463	1	6
43	464	1	6
54	464	1	6
135	464	1	6
153	464	1	6
158	464	1	6
169	464	1	6
368	464	1	6
43	465	1	6
54	465	1	6
135	465	1	6
153	465	1	6
158	465	1	6
169	465	1	6
368	465	1	6
43	467	1	6
54	467	1	6
135	467	1	6
153	467	1	6
158	467	1	6
169	467	1	6
368	467	1	6
37	473	1	6
265	474	1	6
270	474	1	6
288	474	2	6
120	479	1	6
207	479	1	6
23	482	1	6
117	482	1	6
273	482	1	6
323	482	1	6
12	483	1	6
162	483	1	6
250	483	1	6
5	484	1	6
110	484	1	6
114	484	1	6
213	484	1	6
295	484	1	6
315	484	1	6
369	484	1	6
59	485	1	6
277	485	1	6
297	485	1	6
43	486	1	6
54	486	1	6
135	486	1	6
153	486	1	6
158	486	1	6
169	486	1	6
368	486	1	6
121	487	1	6
182	487	1	6
288	488	1	6
157	490	1	6
237	490	1	6
299	490	1	6
319	490	1	6
96	491	1	6
121	491	1	6
273	492	1	6
320	492	1	6
3	495	1	6
58	495	1	6
146	495	1	6
276	495	1	6
63	496	1	6
153	496	1	6
203	497	1	6
45	499	1	6
86	499	1	6
138	499	1	6
148	499	1	6
213	499	1	6
320	499	1	6
28	502	1	6
37	502	1	6
153	502	1	6
254	502	1	6
157	503	1	6
174	503	1	6
76	504	1	6
1	505	1	6
117	505	1	6
328	505	1	6
343	505	1	6
41	508	1	6
115	508	1	6
339	508	1	6
31	509	1	6
36	509	1	6
153	509	1	6
226	509	1	6
139	510	1	6
117	511	1	6
196	511	1	6
224	511	1	6
146	513	1	6
31	514	1	6
121	514	1	6
216	514	1	6
288	514	1	6
357	514	1	6
83	516	1	6
124	516	1	6
232	516	1	6
255	516	1	6
279	516	1	6
273	518	1	6
76	519	1	6
289	519	1	6
115	520	1	6
271	521	1	6
1	522	1	6
5	522	1	6
234	522	1	6
90	525	1	6
104	529	1	6
73	537	1	6
349	537	1	6
352	537	1	6
48	538	1	6
184	538	1	6
215	538	1	6
54	541	1	6
135	541	1	6
143	541	1	6
153	541	1	6
158	541	1	6
169	541	1	6
294	541	1	6
368	541	1	6
210	542	1	6
43	544	1	6
54	544	1	6
135	544	1	6
153	544	1	6
158	544	1	6
169	544	1	6
368	544	1	6
31	546	2	6
51	546	1	6
153	546	1	6
226	546	1	6
31	547	2	6
51	547	1	6
153	547	1	6
226	547	1	6
31	548	1	6
153	548	1	6
226	548	1	6
35	551	1	6
31	552	1	6
153	552	1	6
226	552	1	6
54	554	1	6
135	554	1	6
143	554	1	6
153	554	1	6
158	554	1	6
169	554	1	6
294	554	1	6
333	554	1	6
344	554	1	6
368	554	1	6
168	555	1	6
361	555	1	6
172	556	1	6
153	557	1	6
62	558	1	6
89	558	1	6
153	558	1	6
215	558	1	6
288	558	1	6
297	560	1	6
43	562	1	6
54	562	1	6
135	562	1	6
153	562	1	6
158	562	1	6
169	562	1	6
368	562	1	6
364	566	1	6
77	573	1	6
214	573	1	6
37	575	1	6
5	576	1	6
224	576	1	6
315	577	1	6
72	579	1	6
133	579	1	6
153	579	1	6
196	579	1	6
68	580	1	6
205	580	1	6
315	580	1	6
324	580	1	6
200	584	1	6
59	588	1	6
196	589	1	6
224	590	1	6
339	590	1	6
93	592	1	6
215	592	1	6
282	592	1	6
12	593	1	6
37	593	1	6
153	593	1	6
315	593	1	6
174	594	1	6
318	594	1	6
291	596	1	6
90	597	1	6
256	597	1	6
196	598	1	6
206	598	1	6
224	598	1	6
212	599	1	6
339	599	1	6
101	603	1	6
106	603	1	6
121	603	1	6
290	603	1	6
196	605	1	6
206	605	1	6
224	605	1	6
339	605	1	6
138	606	1	6
149	606	1	6
208	606	1	6
304	607	1	6
115	608	1	6
172	608	1	6
349	608	1	6
192	610	1	6
357	610	1	6
135	614	1	6
196	615	1	6
206	615	1	6
224	617	1	6
31	618	1	6
63	618	1	6
153	618	1	6
97	619	1	6
12	620	1	6
90	620	1	6
196	622	1	6
90	623	1	6
132	623	1	6
137	623	1	6
153	623	1	6
196	623	1	6
242	623	1	6
315	623	1	6
354	623	1	6
43	624	1	6
206	624	1	6
293	625	1	6
5	627	1	6
143	627	1	6
200	627	1	6
202	628	1	6
224	628	1	6
339	628	1	6
105	629	1	6
142	629	1	6
153	629	1	6
159	630	1	6
196	630	1	6
220	630	1	6
237	630	1	6
120	632	1	6
174	632	1	6
44	636	1	6
323	636	1	6
69	637	1	6
120	637	1	6
148	637	1	6
344	637	1	6
49	646	1	6
138	646	1	6
210	646	1	6
315	646	1	6
153	648	1	6
137	649	1	6
141	649	1	6
294	649	1	6
339	649	1	6
196	651	1	6
297	651	1	6
140	653	1	6
141	653	1	6
196	653	1	6
200	653	1	6
111	654	1	6
134	655	1	6
315	655	1	6
346	655	1	6
44	656	1	6
123	656	2	6
196	656	1	6
276	656	1	6
323	656	1	6
31	657	1	6
87	657	1	6
153	657	1	6
226	657	1	6
153	658	1	6
200	658	1	6
18	659	1	6
153	659	1	6
200	659	1	6
246	659	1	6
315	659	1	6
123	664	1	6
168	664	1	6
31	666	1	6
153	666	1	6
226	666	1	6
87	669	1	6
155	669	1	6
261	669	1	6
31	671	1	6
98	671	1	6
153	671	1	6
226	671	1	6
107	672	1	6
130	672	1	6
196	672	1	6
200	672	1	6
184	675	1	6
153	677	1	6
1	678	1	6
349	678	1	6
83	680	1	6
200	680	1	6
90	681	1	6
265	681	1	6
116	682	1	6
198	682	1	6
176	683	1	6
220	683	1	6
103	685	1	6
116	685	1	6
20	686	1	6
87	688	1	6
138	688	1	6
299	688	1	6
116	689	1	6
45	690	2	6
153	690	1	6
241	690	1	6
40	691	1	6
139	691	1	6
214	691	1	6
273	691	1	6
153	692	1	6
116	695	1	6
131	695	1	6
345	695	1	6
196	696	1	6
201	697	1	6
349	699	1	6
299	700	1	6
343	700	1	6
121	703	1	6
116	704	1	6
131	704	1	6
225	706	1	6
10	707	1	6
153	707	1	6
142	708	1	6
177	708	1	6
243	708	1	6
31	718	1	6
153	718	1	6
226	718	1	6
112	719	1	6
131	719	1	6
339	719	1	6
346	719	1	6
133	720	1	6
248	720	1	6
297	720	1	6
320	720	1	6
196	722	1	6
326	722	1	6
43	724	1	6
54	724	1	6
135	724	1	6
153	724	1	6
158	724	1	6
169	724	1	6
368	724	1	6
43	725	1	6
54	725	1	6
135	725	1	6
153	725	1	6
158	725	1	6
169	725	1	6
368	725	1	6
166	726	1	6
173	726	1	6
189	726	1	6
248	726	1	6
153	728	1	6
268	728	1	6
334	728	1	6
365	728	1	6
43	730	1	6
153	730	1	6
169	731	1	6
192	731	1	6
43	732	1	6
54	732	1	6
135	732	1	6
153	732	1	6
158	732	1	6
169	732	1	6
368	732	1	6
369	732	1	6
43	733	1	6
54	733	1	6
135	733	1	6
153	733	1	6
158	733	1	6
169	733	1	6
368	733	1	6
192	734	1	6
196	734	1	6
320	734	1	6
326	734	1	6
315	735	1	6
320	735	1	6
109	736	1	6
261	736	1	6
285	736	1	6
105	738	1	6
271	738	1	6
339	739	1	6
365	741	2	6
22	745	1	6
131	745	1	6
134	745	1	6
153	745	1	6
172	745	1	6
123	748	7	6
39	750	1	6
307	750	1	6
348	750	1	6
360	750	1	6
307	751	1	6
348	751	1	6
360	751	1	6
31	752	1	6
153	752	1	6
226	752	1	6
223	754	1	6
31	756	2	6
153	756	1	6
227	756	1	6
238	756	1	6
239	756	2	6
114	757	1	6
104	759	1	6
31	760	1	6
46	760	1	6
153	760	1	6
205	760	1	6
226	760	1	6
370	760	1	6
42	761	1	6
367	761	1	6
307	762	1	6
329	762	1	6
360	762	1	6
116	763	1	6
31	764	1	6
80	768	1	6
352	768	1	6
6	769	1	6
307	769	1	6
329	769	1	6
348	769	1	6
360	769	1	6
71	770	1	6
153	770	1	6
182	770	1	6
188	770	1	6
251	770	1	6
254	770	1	6
307	770	1	6
336	770	1	6
360	770	1	6
363	770	1	6
149	771	1	6
315	772	1	6
318	772	1	6
39	773	1	6
222	773	1	6
265	773	1	6
304	773	1	6
12	774	1	6
96	774	1	6
45	776	1	6
153	776	1	6
187	776	1	6
230	776	1	6
281	776	1	6
296	776	1	6
41	780	1	6
185	780	1	6
317	780	1	6
318	780	1	6
114	781	1	6
326	781	1	6
153	783	1	6
235	783	1	6
241	783	1	6
246	783	1	6
310	783	1	6
15	785	1	6
144	785	1	6
162	785	1	6
248	785	1	6
254	785	1	6
277	785	1	6
326	785	1	6
44	786	1	6
323	786	1	6
35	788	1	6
139	788	1	6
166	788	1	6
311	788	1	6
320	788	1	6
3	789	1	6
185	789	1	6
120	790	1	6
178	790	1	6
222	790	1	6
321	790	1	6
326	790	1	6
153	792	1	6
304	792	1	6
153	793	1	6
191	793	1	6
200	793	1	6
236	793	1	6
288	793	1	6
42	794	1	6
118	794	1	6
121	794	1	6
192	794	1	6
326	794	1	6
102	799	1	6
228	799	1	6
366	799	1	6
196	800	1	6
208	800	2	6
309	801	1	6
343	801	1	6
42	802	1	6
84	802	1	6
90	802	1	6
56	803	1	6
90	803	1	6
134	803	1	6
208	803	1	6
200	804	1	6
153	805	1	6
241	805	1	6
272	805	1	6
275	805	1	6
55	808	1	6
232	808	1	6
153	811	1	6
279	811	1	6
241	812	1	6
315	812	1	6
1	813	1	6
121	813	1	6
127	813	1	6
153	813	1	6
339	813	1	6
343	813	1	6
153	814	1	6
200	814	1	6
11	816	1	6
92	816	1	6
191	816	1	6
310	816	1	6
349	818	2	6
211	820	1	6
112	821	1	6
323	821	1	6
59	822	1	6
105	822	1	6
147	822	1	6
263	822	1	6
70	824	1	6
304	824	1	6
132	825	1	6
17	831	1	6
164	831	1	6
216	831	1	6
277	836	1	6
128	838	1	6
228	838	1	6
269	838	1	6
114	840	1	6
192	840	1	6
344	840	1	6
44	841	1	6
107	842	1	6
120	842	1	6
329	842	1	6
339	842	1	6
153	845	1	6
196	845	1	6
125	847	1	6
136	850	1	6
302	850	1	6
353	850	1	6
153	853	1	6
252	853	1	6
21	857	1	6
331	858	1	6
114	860	1	6
320	860	1	6
153	861	1	6
237	861	1	6
242	861	1	6
117	863	1	6
228	864	1	6
74	867	1	6
164	867	1	6
114	873	1	6
228	873	1	6
281	873	1	6
311	873	1	6
237	877	1	6
226	878	1	6
253	878	1	6
315	878	1	6
349	878	1	6
123	882	28	6
56	883	1	6
90	883	1	6
134	883	1	6
208	883	1	6
125	887	1	6
153	887	1	6
294	887	1	6
228	888	1	6
153	889	1	6
59	891	1	6
242	891	1	6
315	894	2	6
85	897	1	6
153	897	1	6
315	897	1	6
143	899	1	6
153	899	1	6
173	899	1	6
324	899	1	6
235	900	1	6
95	901	1	6
109	901	1	6
153	901	1	6
227	901	1	6
241	901	1	6
92	904	1	6
310	904	1	6
367	904	1	6
118	906	4	6
315	906	1	6
55	907	1	6
339	907	1	6
155	910	1	6
69	911	1	6
313	911	1	6
329	911	1	6
339	911	1	6
153	913	1	6
315	913	1	6
344	913	1	6
356	913	1	6
125	916	1	6
324	916	1	6
310	918	1	6
10	920	1	6
228	920	1	6
359	920	1	6
102	924	1	6
228	924	1	6
366	924	1	6
196	927	1	6
224	927	1	6
339	927	1	6
154	929	1	6
153	930	1	6
220	932	1	6
223	932	1	6
120	934	1	6
130	934	1	6
8	935	1	6
31	935	1	6
63	935	1	6
86	935	1	6
112	935	1	6
117	935	1	6
153	935	1	6
227	935	1	6
304	935	1	6
18	936	1	6
153	936	1	6
219	936	1	6
65	940	1	6
211	941	1	6
228	942	1	6
154	943	1	6
153	946	1	6
246	946	1	6
283	946	1	6
12	948	1	6
289	948	1	6
7	949	1	6
84	949	1	6
128	949	1	6
31	950	1	6
63	950	1	6
112	950	1	6
117	950	1	6
153	950	1	6
196	950	1	6
219	950	1	6
227	950	1	6
304	950	1	6
82	951	1	6
129	951	1	6
162	951	1	6
196	951	2	6
233	951	1	6
342	951	1	6
154	952	1	6
153	953	1	6
180	953	1	6
46	955	1	6
136	955	1	6
302	955	1	6
345	955	1	6
21	957	1	6
92	961	1	6
125	961	1	6
310	961	1	6
315	961	1	6
147	962	1	6
85	963	1	6
65	965	1	6
136	965	1	6
200	965	1	6
227	965	1	6
302	965	1	6
85	966	1	6
93	966	1	6
330	966	1	6
339	966	1	6
48	974	1	6
103	974	1	6
145	974	1	6
330	974	1	6
359	974	1	6
160	975	1	6
200	976	1	6
343	977	1	6
1	979	1	6
131	979	1	6
136	979	1	6
302	979	1	6
228	981	1	6
6	982	1	6
153	982	1	6
228	983	1	6
48	984	1	6
103	984	1	6
145	984	1	6
359	984	1	6
45	985	1	6
130	985	1	6
153	985	1	6
12	987	1	6
118	987	1	6
172	987	1	6
184	987	1	6
192	987	1	6
92	988	1	6
200	988	1	6
50	989	1	6
118	989	1	6
123	989	2	6
130	989	1	6
196	989	1	6
340	989	1	6
130	991	1	6
261	991	1	6
264	991	1	6
302	991	1	6
228	993	1	6
310	993	1	6
134	996	1	6
196	996	1	6
94	997	1	6
192	997	1	6
328	997	1	6
51	998	1	6
303	998	1	6
191	999	1	6
78	1000	1	6
166	1000	1	6
196	1000	1	6
198	1000	1	6
330	1000	1	6
334	1000	1	6
153	1001	1	6
83	1004	1	6
5	1005	1	6
34	1006	1	6
192	1006	1	6
248	1006	1	6
261	1007	1	6
192	1010	1	6
79	1011	1	6
55	1013	1	6
196	1013	1	6
58	1014	1	6
96	1014	1	6
121	1014	1	6
357	1014	1	6
139	1017	1	6
174	1017	1	6
228	1017	1	6
340	1018	1	6
367	1018	1	6
293	1019	1	6
244	1020	2	6
340	1020	1	6
111	1021	1	6
128	1021	1	6
105	1027	1	6
215	1027	1	6
315	1029	1	6
340	1029	1	6
102	1030	1	6
366	1030	1	6
26	1032	1	6
138	1032	1	6
263	1032	1	6
31	1034	1	6
153	1034	1	6
244	1034	3	6
340	1034	1	6
46	1036	1	6
176	1036	1	6
211	1036	1	6
153	1037	1	6
200	1039	1	6
192	1040	1	6
172	1041	1	6
37	1045	1	6
118	1046	1	6
196	1046	2	6
154	1048	1	6
357	1050	1	6
331	1052	1	6
31	1053	1	6
153	1053	1	6
226	1053	1	6
272	1053	1	6
275	1053	1	6
31	1056	1	6
153	1056	1	6
226	1056	1	6
31	1057	1	6
153	1057	1	6
226	1057	1	6
31	1059	2	6
153	1059	1	6
226	1059	2	6
31	1060	1	6
153	1060	1	6
226	1060	1	6
117	1062	1	6
118	1062	1	6
256	1062	1	6
128	1065	1	6
201	1065	1	6
279	1065	1	6
224	1066	1	6
242	1066	1	6
335	1066	1	6
228	1068	1	6
299	1068	1	6
153	1069	1	6
245	1069	1	6
142	1073	1	6
119	1075	1	6
153	1075	1	6
315	1076	1	6
90	1079	1	6
253	1079	1	6
284	1079	1	6
160	1080	1	6
344	1080	1	6
123	1088	2	6
153	1088	1	6
224	1091	1	6
344	1091	1	6
29	1093	1	6
123	1093	2	6
153	1094	1	6
174	1094	1	6
8	1095	1	6
105	1095	1	6
153	1095	1	6
336	1095	1	6
292	1099	1	6
343	1099	1	6
123	1102	2	6
153	1102	1	6
315	1102	1	6
144	1103	1	6
153	1103	1	6
267	1103	1	6
228	1104	1	6
153	1105	1	6
211	1106	1	6
228	1106	1	6
352	1106	1	6
153	1107	1	6
181	1107	1	6
222	1107	1	6
123	1108	2	6
140	1108	1	6
153	1108	1	6
315	1108	1	6
21	1109	1	6
228	1109	1	6
353	1111	1	6
71	1112	1	6
164	1112	1	6
273	1112	1	6
228	1113	1	6
311	1113	1	6
228	1115	1	6
353	1115	1	6
37	1116	1	6
89	1116	1	6
264	1116	1	6
164	1118	3	6
222	1118	1	6
227	1118	1	6
228	1122	1	6
39	1123	1	6
234	1123	1	6
297	1123	1	6
329	1123	1	6
330	1123	1	6
340	1125	1	6
153	1128	1	6
153	1129	1	6
18	1130	2	6
86	1130	1	6
153	1130	1	6
183	1130	1	6
240	1130	1	6
305	1130	1	6
23	1131	1	6
153	1131	2	6
29	1132	1	6
164	1132	1	6
153	1133	1	6
240	1133	1	6
356	1133	1	6
75	1134	1	6
204	1134	1	6
240	1134	1	6
356	1134	1	6
153	1135	1	6
239	1135	1	6
355	1135	1	6
90	1138	1	6
180	1138	1	6
287	1138	1	6
11	1139	1	6
145	1140	1	6
315	1140	1	6
323	1140	1	6
345	1140	1	6
51	1142	1	6
316	1143	1	6
59	1144	1	6
84	1144	1	6
128	1144	1	6
130	1144	1	6
257	1144	1	6
244	1149	1	6
262	1149	1	6
289	1150	1	6
58	1151	1	6
87	1154	1	6
160	1154	1	6
288	1154	1	6
128	1158	1	6
166	1158	2	6
315	1158	1	6
31	1162	1	6
153	1162	1	6
226	1162	1	6
117	1163	1	6
153	1164	1	6
113	1170	1	6
153	1173	1	6
242	1173	1	6
292	1173	1	6
31	1177	1	6
153	1177	1	6
226	1177	1	6
18	1178	1	6
31	1178	1	6
246	1178	1	6
42	1179	1	6
104	1179	1	6
248	1179	1	6
96	1180	1	6
98	1180	1	6
285	1180	1	6
300	1180	1	6
31	1182	1	6
153	1182	1	6
226	1182	1	6
246	1182	1	6
59	1183	1	6
68	1183	1	6
349	1183	1	6
151	1187	1	6
153	1187	1	6
58	1188	1	6
77	1188	1	6
177	1188	1	6
203	1188	1	6
295	1188	1	6
300	1188	2	6
57	1191	1	6
96	1191	1	6
242	1191	1	6
103	1194	1	6
120	1194	1	6
12	1196	1	6
292	1196	1	6
55	1198	1	6
114	1198	1	6
43	1199	1	6
135	1199	1	6
153	1199	1	6
158	1199	1	6
169	1199	1	6
335	1199	1	6
368	1199	1	6
114	1201	1	6
297	1201	1	6
196	1203	1	6
43	1205	1	6
135	1205	1	6
153	1205	1	6
158	1205	1	6
169	1205	1	6
335	1205	1	6
368	1205	1	6
43	1206	1	6
135	1206	1	6
153	1206	1	6
158	1206	1	6
169	1206	1	6
335	1206	1	6
368	1206	1	6
196	1207	1	6
96	1208	1	6
159	1208	1	6
43	1211	1	6
249	1211	1	6
43	1212	1	6
135	1212	1	6
153	1212	1	6
158	1212	1	6
169	1212	1	6
335	1212	1	6
368	1212	1	6
124	1214	1	6
189	1214	1	6
5	1217	1	6
19	1219	1	6
25	1220	1	6
98	1220	1	6
135	1220	1	6
151	1220	1	6
153	1220	1	6
315	1220	1	6
178	1221	1	6
185	1221	1	6
257	1223	1	6
265	1223	1	6
104	1225	1	6
153	1225	1	6
347	1227	1	6
35	1228	2	6
89	1228	1	6
286	1228	1	6
35	1229	2	6
89	1229	1	6
286	1229	1	6
35	1230	2	6
89	1230	1	6
286	1230	1	6
117	1231	1	6
261	1231	1	6
315	1231	1	6
32	1232	1	6
311	1232	1	6
98	1233	1	6
61	1234	1	6
75	1234	1	6
153	1236	1	6
215	1236	1	6
343	1236	1	6
34	1237	1	6
248	1238	1	6
311	1238	1	6
315	1238	1	6
339	1238	1	6
369	1240	1	6
3	1243	1	6
88	1243	1	6
148	1243	1	6
196	1243	1	6
315	1243	1	6
72	1244	1	6
265	1245	1	6
315	1245	1	6
326	1245	1	6
82	1247	1	6
103	1249	1	6
153	1249	1	6
304	1249	1	6
315	1249	1	6
358	1250	1	6
200	1251	1	6
77	1252	1	6
127	1252	1	6
290	1255	1	6
317	1255	1	6
339	1255	1	6
104	1256	1	6
55	1257	1	6
230	1257	1	6
234	1257	1	6
153	1258	1	6
183	1258	1	6
137	1263	1	6
69	1265	1	6
90	1265	1	6
145	1265	1	6
344	1265	1	6
6	1268	1	6
122	1268	1	6
259	1268	1	6
260	1268	1	6
358	1268	1	6
25	1269	1	6
316	1269	1	6
25	1273	1	6
71	1274	1	6
153	1274	1	6
182	1274	1	6
188	1274	1	6
251	1274	1	6
254	1274	1	6
336	1274	1	6
363	1274	1	6
100	1275	1	6
191	1275	1	6
329	1275	1	6
71	1276	1	6
153	1276	1	6
182	1276	1	6
188	1276	1	6
251	1276	1	6
254	1276	1	6
336	1276	1	6
363	1276	1	6
71	1279	1	6
119	1279	1	6
153	1279	1	6
182	1279	1	6
188	1279	1	6
251	1279	1	6
254	1279	1	6
336	1279	1	6
363	1279	1	6
12	1280	1	6
18	1280	1	6
293	1280	1	6
237	1281	1	6
153	1282	1	6
217	1282	1	6
256	1282	1	6
6	1283	1	6
251	1283	1	6
348	1284	1	6
137	1286	1	6
315	1286	1	6
122	1287	1	6
153	1287	1	6
259	1287	1	6
260	1287	1	6
348	1287	1	6
363	1287	1	6
252	1292	1	6
17	1294	1	6
142	1294	1	6
137	1296	1	6
225	1296	1	6
122	1297	1	6
153	1297	1	6
259	1297	1	6
260	1297	1	6
348	1297	1	6
363	1297	1	6
129	1298	1	6
61	1299	1	6
113	1299	1	6
280	1299	1	6
298	1299	1	6
315	1299	1	6
76	1301	1	6
121	1301	1	6
180	1301	1	6
334	1301	1	6
31	1302	1	6
109	1302	1	6
125	1302	1	6
153	1302	1	6
231	1302	1	6
315	1302	1	6
169	1303	1	6
223	1303	1	6
256	1303	1	6
153	1309	1	6
235	1310	1	6
339	1310	1	6
124	1312	1	6
153	1312	1	6
322	1312	1	6
207	1313	1	6
86	1314	1	6
153	1314	1	6
231	1314	1	6
305	1314	1	6
200	1315	1	6
202	1315	1	6
223	1315	1	6
352	1315	1	6
76	1317	1	6
242	1323	1	6
349	1323	1	6
361	1323	1	6
18	1326	1	6
117	1326	1	6
166	1327	1	6
261	1327	1	6
315	1327	1	6
153	1328	1	6
288	1331	1	6
323	1331	1	6
64	1332	1	6
101	1332	1	6
266	1332	1	6
315	1332	1	6
323	1332	1	6
339	1332	1	6
342	1332	1	6
204	1333	1	6
26	1334	1	6
297	1334	1	6
5	1336	1	6
153	1336	1	6
31	1337	1	6
153	1337	1	6
226	1337	1	6
244	1337	1	6
52	1340	1	6
153	1340	1	6
320	1340	1	6
137	1341	1	6
144	1341	1	6
173	1341	1	6
267	1341	1	6
280	1341	1	6
291	1341	1	6
315	1341	1	6
111	1342	1	6
153	1342	1	6
315	1342	1	6
315	1344	1	6
211	1345	1	6
125	1347	1	6
162	1347	1	6
288	1347	1	6
73	1350	1	6
192	1350	1	6
311	1350	1	6
12	1351	1	6
155	1351	1	6
174	1351	1	6
322	1351	1	6
323	1351	1	6
153	1352	1	6
174	1352	1	6
232	1352	1	6
297	1352	1	6
23	1354	2	6
200	1354	1	6
315	1354	1	6
18	1355	1	6
200	1355	1	6
328	1355	1	6
367	1355	1	6
153	1359	1	6
200	1359	1	6
276	1359	1	6
315	1359	1	6
346	1359	1	6
47	1360	1	6
153	1360	1	6
227	1360	1	6
15	1363	1	6
27	1363	1	6
70	1363	1	6
234	1363	1	6
309	1363	1	6
124	1368	1	6
23	1369	1	6
84	1369	1	6
140	1369	1	6
196	1369	1	6
211	1369	1	6
237	1369	1	6
23	1370	1	6
55	1370	1	6
140	1370	1	6
255	1370	1	6
125	1371	1	6
143	1371	1	6
270	1371	1	6
154	1372	1	6
285	1372	1	6
292	1373	1	6
334	1378	1	6
121	1379	1	6
132	1379	1	6
248	1379	1	6
31	1380	1	6
153	1380	1	6
218	1380	1	6
226	1380	1	6
53	1381	1	6
137	1381	2	6
330	1381	1	6
122	1382	1	6
358	1382	1	6
153	1383	1	6
345	1383	1	6
127	1384	1	6
192	1384	1	6
294	1384	1	6
361	1385	1	6
192	1387	1	6
340	1387	1	6
315	1391	2	6
153	1393	1	6
75	1395	1	6
153	1395	1	6
281	1395	1	6
315	1395	1	6
111	1398	1	6
153	1398	1	6
153	1400	1	6
166	1401	1	6
3	1404	1	6
153	1404	1	6
304	1404	1	6
322	1405	1	6
15	1407	1	6
94	1407	1	6
137	1407	1	6
299	1407	1	6
68	1408	1	6
196	1408	1	6
72	1412	1	6
117	1412	1	6
350	1412	1	6
153	1414	1	6
366	1414	1	6
4	1415	1	6
153	1415	1	6
160	1415	1	6
278	1415	1	6
323	1416	1	6
43	1417	1	6
135	1417	1	6
153	1417	1	6
158	1417	1	6
169	1417	1	6
335	1417	1	6
368	1417	1	6
43	1419	1	6
135	1419	1	6
153	1419	1	6
158	1419	1	6
169	1419	1	6
335	1419	1	6
368	1419	1	6
43	1421	1	6
135	1421	1	6
153	1421	1	6
158	1421	1	6
169	1421	1	6
258	1421	1	6
335	1421	1	6
368	1421	1	6
109	1422	1	6
147	1422	1	6
261	1422	1	6
364	1422	1	6
191	1423	1	6
200	1423	1	6
295	1424	1	6
358	1424	1	6
19	1425	1	6
21	1425	1	6
153	1425	1	6
235	1425	1	6
322	1425	1	6
78	1427	1	6
90	1427	1	6
175	1427	1	6
314	1427	1	6
43	1428	1	6
135	1428	1	6
153	1428	1	6
158	1428	1	6
169	1428	1	6
335	1428	1	6
368	1428	1	6
12	1429	1	6
90	1429	1	6
149	1429	1	6
314	1429	1	6
43	1430	1	6
135	1430	1	6
153	1430	1	6
158	1430	1	6
169	1430	1	6
335	1430	1	6
368	1430	1	6
43	1431	1	6
135	1431	1	6
153	1431	1	6
158	1431	1	6
169	1431	1	6
335	1431	1	6
368	1431	1	6
137	1432	1	6
174	1432	1	6
180	1432	1	6
314	1432	1	6
211	1433	1	6
314	1433	1	6
148	1434	1	6
314	1434	1	6
62	1435	2	6
115	1435	1	6
306	1435	1	6
317	1435	1	6
339	1435	1	6
53	1437	1	6
55	1437	1	6
95	1437	1	6
233	1437	1	6
153	1439	1	6
193	1439	1	6
43	1443	1	6
135	1443	1	6
153	1443	1	6
158	1443	1	6
169	1443	1	6
335	1443	1	6
368	1443	1	6
43	1444	1	6
135	1444	1	6
153	1444	1	6
158	1444	1	6
169	1444	1	6
335	1444	1	6
368	1444	1	6
43	1445	1	6
135	1445	1	6
153	1445	1	6
158	1445	1	6
169	1445	1	6
335	1445	1	6
368	1445	1	6
43	1446	1	6
135	1446	1	6
153	1446	1	6
158	1446	1	6
169	1446	1	6
335	1446	1	6
368	1446	1	6
43	1448	1	6
135	1448	1	6
153	1448	1	6
158	1448	1	6
169	1448	2	6
335	1448	1	6
368	1448	1	6
367	1449	1	6
18	1450	1	6
43	1450	1	6
135	1450	1	6
153	1450	1	6
158	1450	1	6
169	1450	1	6
335	1450	1	6
368	1450	1	6
43	1451	1	6
135	1451	1	6
153	1451	1	6
158	1451	1	6
169	1451	1	6
335	1451	1	6
368	1451	1	6
43	1452	1	6
135	1452	1	6
153	1452	1	6
158	1452	1	6
169	1452	1	6
335	1452	1	6
368	1452	1	6
43	1453	1	6
135	1453	1	6
153	1453	1	6
158	1453	1	6
169	1453	1	6
335	1453	1	6
368	1453	1	6
43	1454	1	6
135	1454	1	6
153	1454	1	6
158	1454	1	6
169	1454	1	6
335	1454	1	6
368	1454	1	6
293	1455	1	6
361	1455	1	6
43	1456	1	6
135	1456	1	6
153	1456	1	6
158	1456	1	6
169	1456	1	6
335	1456	1	6
368	1456	1	6
3	1457	1	6
93	1457	1	6
173	1457	2	6
47	1458	1	6
340	1458	1	6
342	1458	1	6
160	1459	1	6
340	1459	1	6
295	1460	1	6
332	1460	1	6
117	1462	1	6
153	1462	1	6
308	1462	1	6
315	1462	1	6
128	1464	1	6
294	1464	1	6
159	1465	1	6
219	1465	1	6
293	1465	1	6
309	1465	1	6
318	1465	1	6
364	1465	1	6
5	1466	1	6
299	1466	1	6
315	1466	1	6
335	1466	1	6
344	1466	1	6
64	1467	1	6
93	1467	1	6
159	1467	1	6
196	1467	1	6
196	1468	1	6
315	1470	1	6
60	1472	1	6
128	1472	1	6
153	1472	1	6
163	1472	1	6
219	1472	1	6
229	1472	1	6
269	1472	1	6
335	1472	1	6
35	1473	1	6
117	1473	1	6
3	1475	1	6
173	1475	1	6
349	1475	1	6
248	1477	1	6
339	1477	1	6
210	1478	1	6
31	1480	1	6
197	1481	1	6
316	1481	1	6
156	1482	1	6
101	1483	1	6
162	1483	1	6
120	1484	1	6
217	1484	1	6
299	1484	1	6
200	1485	1	6
339	1485	1	6
13	1487	1	6
308	1487	1	6
321	1487	1	6
349	1487	1	6
153	1488	1	6
315	1489	1	6
354	1489	1	6
37	1490	1	6
13	1491	1	6
308	1491	1	6
349	1491	1	6
14	1492	1	6
150	1492	1	6
217	1492	1	6
294	1492	1	6
264	1493	1	6
265	1494	1	6
295	1494	1	6
75	1497	1	6
106	1497	1	6
196	1497	1	6
202	1497	1	6
328	1497	1	6
364	1497	1	6
200	1498	1	6
192	1499	2	6
279	1499	1	6
21	1500	1	6
334	1500	1	6
344	1500	1	6
134	1501	1	6
9	1504	1	6
118	1504	1	6
143	1504	1	6
144	1504	1	6
9	1506	1	6
60	1507	1	6
128	1507	1	6
153	1507	1	6
163	1507	1	6
269	1507	1	6
91	1510	1	6
9	1512	1	6
35	1512	1	6
110	1512	1	6
114	1512	1	6
120	1512	1	6
279	1512	1	6
335	1512	1	6
367	1516	1	6
36	1522	1	6
153	1522	1	6
186	1524	1	6
36	1526	1	6
153	1526	1	6
199	1526	1	6
127	1527	1	6
114	1529	1	6
315	1529	1	6
8	1530	1	6
31	1530	1	6
153	1530	1	6
236	1530	1	6
8	1536	1	6
31	1536	2	6
51	1536	1	6
153	1536	1	6
236	1536	1	6
117	1537	1	6
153	1537	1	6
160	1537	1	6
236	1537	1	6
268	1537	1	6
195	1539	1	6
335	1539	1	6
39	1540	1	6
69	1540	1	6
181	1540	1	6
209	1543	1	6
215	1543	1	6
358	1543	1	6
194	1544	1	6
133	1545	1	6
82	1547	1	6
57	1549	1	6
162	1549	1	6
315	1549	1	6
78	1555	1	6
120	1555	1	6
174	1555	1	6
118	1559	1	6
192	1559	2	6
249	1560	1	6
329	1560	1	6
196	1563	1	6
202	1563	1	6
219	1564	1	6
340	1564	1	6
196	1566	1	6
22	1568	1	6
134	1568	1	6
42	1569	1	6
111	1569	1	6
211	1569	1	6
234	1569	1	6
303	1569	1	6
261	1570	1	6
23	1571	1	6
153	1574	1	6
211	1574	1	6
153	1575	1	6
176	1576	1	6
30	1578	2	6
320	1583	1	6
334	1583	1	6
339	1583	1	6
32	1584	1	6
128	1584	1	6
291	1584	1	6
315	1584	1	6
117	1585	1	6
195	1589	1	6
43	1594	1	6
135	1594	1	6
153	1594	1	6
158	1594	1	6
169	1594	1	6
335	1594	1	6
368	1594	1	6
43	1595	1	6
135	1595	1	6
153	1595	1	6
158	1595	1	6
169	1595	1	6
335	1595	1	6
368	1595	1	6
43	1597	1	6
119	1597	1	6
135	1597	1	6
153	1597	1	6
158	1597	1	6
169	1597	1	6
335	1597	1	6
368	1597	1	6
43	1599	1	6
135	1599	1	6
153	1599	1	6
158	1599	1	6
169	1599	1	6
335	1599	1	6
368	1599	1	6
43	1600	1	6
135	1600	1	6
153	1600	1	6
158	1600	1	6
169	1600	1	6
335	1600	1	6
368	1600	1	6
43	1602	1	6
135	1602	1	6
153	1602	1	6
158	1602	1	6
169	1602	1	6
335	1602	1	6
368	1602	1	6
29	1603	1	6
153	1603	1	6
224	1603	1	6
90	1604	1	6
110	1604	1	6
153	1604	1	6
230	1604	1	6
245	1604	1	6
287	1604	2	6
300	1604	1	6
43	1605	1	6
135	1605	1	6
153	1605	1	6
158	1605	1	6
169	1605	1	6
335	1605	1	6
368	1605	1	6
118	1606	1	6
334	1606	1	6
43	1607	1	6
135	1607	1	6
153	1607	1	6
158	1607	1	6
169	1607	1	6
335	1607	1	6
368	1607	1	6
43	1609	1	6
135	1609	1	6
153	1609	1	6
158	1609	1	6
169	1609	1	6
335	1609	1	6
368	1609	1	6
43	1610	1	6
135	1610	1	6
153	1610	1	6
158	1610	1	6
168	1610	1	6
169	1610	1	6
191	1610	1	6
335	1610	1	6
368	1610	1	6
43	1611	1	6
135	1611	1	6
153	1611	1	6
158	1611	1	6
169	1611	1	6
335	1611	1	6
368	1611	1	6
195	1613	1	6
90	1616	1	6
110	1616	1	6
153	1616	1	6
230	1616	1	6
245	1616	1	6
287	1616	2	6
300	1616	1	6
153	1624	1	6
344	1624	1	6
369	1625	1	6
300	1628	1	6
219	1629	1	6
270	1629	1	6
20	1631	1	6
70	1631	1	6
157	1631	1	6
189	1631	1	6
278	1631	1	6
297	1631	1	6
299	1631	1	6
112	1632	1	6
153	1632	1	6
315	1632	1	6
340	1632	2	6
119	1633	1	6
187	1633	1	6
196	1633	1	6
65	1634	1	6
107	1634	1	6
339	1634	1	6
27	1635	1	6
189	1635	1	6
294	1635	1	6
15	1637	1	6
157	1637	1	6
219	1637	1	6
234	1637	1	6
297	1637	1	6
301	1637	1	6
120	1638	1	6
224	1638	1	6
109	1639	1	6
119	1639	1	6
196	1639	1	6
44	1641	1	6
83	1641	1	6
317	1641	1	6
81	1646	1	6
150	1646	1	6
290	1646	1	6
20	1651	1	6
189	1651	1	6
234	1651	1	6
299	1651	1	6
153	1652	1	6
199	1652	1	6
239	1652	1	6
253	1652	1	6
79	1655	1	6
196	1655	1	6
187	1657	1	6
313	1657	1	6
364	1657	1	6
76	1659	1	6
173	1659	1	6
5	1660	1	6
11	1660	1	6
37	1660	1	6
120	1660	1	6
184	1660	1	6
322	1660	1	6
220	1662	1	6
322	1662	1	6
47	1663	1	6
224	1663	1	6
232	1663	1	6
339	1663	1	6
70	1664	1	6
79	1664	1	6
234	1664	1	6
82	1665	1	6
90	1665	1	6
186	1665	1	6
315	1665	1	6
208	1666	1	6
309	1666	2	6
178	1667	1	6
267	1667	1	6
349	1667	1	6
11	1670	1	6
137	1670	1	6
202	1670	1	6
12	1672	1	6
237	1672	1	6
134	1674	1	6
175	1674	1	6
234	1674	1	6
237	1674	1	6
301	1674	1	6
254	1675	1	6
109	1676	1	6
212	1676	1	6
249	1676	1	6
284	1676	1	6
320	1676	1	6
9	1677	1	6
133	1680	1	6
219	1680	1	6
43	1681	1	6
135	1681	1	6
153	1681	1	6
158	1681	1	6
169	1681	1	6
335	1681	1	6
368	1681	1	6
91	1682	1	6
101	1682	1	6
235	1683	1	6
334	1683	1	6
56	1684	1	6
343	1684	1	6
56	1688	1	6
180	1688	1	6
343	1688	1	6
34	1690	1	6
70	1690	1	6
79	1690	1	6
106	1690	1	6
246	1690	1	6
315	1690	1	6
322	1690	1	6
117	1691	1	6
272	1699	1	6
275	1699	1	6
290	1703	1	6
153	1706	1	6
153	1707	1	6
207	1707	1	6
309	1711	1	6
330	1711	1	6
153	1712	1	6
15	1718	1	6
69	1718	1	6
150	1718	1	6
299	1718	1	6
343	1718	1	6
17	1720	1	6
193	1720	1	6
272	1720	1	6
275	1720	1	6
153	1721	1	6
207	1721	1	6
338	1726	1	6
122	1728	1	6
153	1728	1	6
230	1728	1	6
259	1728	1	6
260	1728	1	6
315	1729	1	6
367	1729	1	6
122	1730	1	6
153	1730	1	6
230	1730	1	6
259	1730	1	6
260	1730	1	6
60	1731	1	6
128	1731	1	6
153	1731	1	6
163	1731	1	6
219	1731	1	6
229	1731	1	6
269	1731	1	6
153	1734	1	6
60	1735	1	6
128	1735	1	6
153	1735	1	6
163	1735	1	6
219	1735	1	6
229	1735	1	6
269	1735	1	6
73	1736	1	6
135	1736	1	6
369	1736	1	6
39	1738	1	6
153	1739	1	6
244	1739	1	6
153	1740	1	6
61	1741	1	6
186	1741	1	6
123	1742	2	6
153	1742	1	6
276	1742	1	6
357	1743	1	6
153	1744	1	6
244	1744	1	6
31	1746	2	6
153	1746	1	6
226	1746	1	6
280	1746	1	6
153	1747	1	6
107	1752	1	6
123	1752	2	6
237	1752	1	6
55	1753	1	6
85	1753	1	6
204	1753	1	6
234	1753	1	6
10	1754	1	6
123	1754	2	6
178	1754	1	6
196	1754	1	6
334	1759	1	6
153	1760	1	6
117	1762	1	6
117	1763	1	6
160	1763	1	6
187	1763	1	6
153	1765	1	6
196	1765	1	6
315	1765	1	6
280	1766	1	6
329	1766	1	6
25	1768	1	6
234	1771	1	6
136	1775	1	6
217	1775	1	6
334	1775	1	6
19	1776	1	6
234	1784	1	6
297	1784	1	6
319	1784	1	6
103	1786	1	6
332	1786	1	6
349	1786	1	6
339	1790	1	6
217	1791	1	6
193	1792	1	6
315	1792	1	6
339	1792	1	6
349	1792	1	6
153	1793	1	6
295	1793	1	6
166	1794	1	6
153	1795	1	6
262	1795	1	6
105	1796	1	6
133	1796	1	6
270	1796	1	6
12	1799	1	6
294	1803	1	6
153	1807	1	6
235	1807	1	6
301	1813	1	6
316	1813	1	6
200	1816	1	6
135	1819	1	6
329	1819	1	6
76	1826	1	6
82	1826	1	6
31	1833	1	6
153	1833	1	6
226	1833	1	6
201	1838	1	6
329	1839	1	6
361	1839	1	6
12	1840	1	6
113	1840	1	6
147	1840	1	6
151	1840	1	6
297	1840	1	6
200	1843	1	6
252	1843	1	6
299	1843	1	6
343	1843	1	6
153	1844	1	6
7	1845	1	6
204	1845	1	6
162	1846	1	6
134	1848	1	6
328	1849	1	6
349	1849	1	6
51	1854	1	6
156	1854	1	6
288	1854	1	6
64	1855	1	6
72	1855	1	6
350	1855	1	6
123	1857	4	6
160	1858	1	6
281	1858	1	6
315	1858	1	6
344	1858	1	6
114	1861	1	6
290	1861	1	6
3	1863	1	6
123	1863	2	6
315	1863	1	6
333	4	1	7
347	4	1	7
346	96	1	7
351	96	1	7
14	125	1	7
332	125	1	7
7	128	1	7
234	145	1	7
248	145	1	7
27	146	1	7
113	146	1	7
173	146	1	7
253	146	1	7
301	146	1	7
95	147	1	7
151	147	1	7
52	149	1	7
80	149	1	7
153	331	1	7
205	331	1	7
277	331	1	7
291	331	1	7
296	331	1	7
320	331	1	7
153	334	1	7
205	334	2	7
227	334	1	7
277	334	1	7
224	506	1	7
204	526	1	7
238	526	1	7
242	526	1	7
104	527	1	7
287	527	1	7
266	532	1	7
280	532	1	7
327	532	1	7
329	662	1	7
315	668	1	7
330	668	1	7
62	721	1	7
89	721	1	7
153	721	1	7
215	721	1	7
288	721	1	7
62	758	1	7
89	758	1	7
215	758	1	7
288	758	1	7
56	844	1	7
153	844	1	7
278	844	1	7
299	844	1	7
343	854	1	7
343	856	1	7
27	865	1	7
137	865	1	7
113	868	1	7
200	868	1	7
263	868	1	7
330	868	1	7
280	870	1	7
147	879	1	7
90	881	1	7
190	881	1	7
77	890	1	7
289	890	1	7
324	890	1	7
114	922	1	7
343	922	1	7
344	922	1	7
19	928	1	7
183	928	1	7
320	928	1	7
339	928	1	7
153	939	1	7
108	945	1	7
133	945	1	7
112	954	1	7
129	954	1	7
153	954	1	7
156	959	1	7
108	970	1	7
129	971	1	7
108	978	1	7
139	978	1	7
339	978	1	7
108	1054	1	7
31	1055	1	7
51	1055	1	7
153	1055	1	7
226	1055	1	7
50	1061	1	7
227	1061	1	7
320	1061	1	7
108	1083	1	7
112	1175	1	7
344	1175	1	7
139	1190	1	7
224	1239	1	7
227	1239	1	7
339	1239	1	7
97	1253	1	7
200	1253	1	7
298	1253	1	7
153	1325	1	7
354	1329	1	7
128	1366	1	7
162	1366	1	7
288	1366	1	7
198	1375	1	7
125	1377	1	7
196	1377	1	7
211	1377	1	7
242	1377	1	7
14	1389	1	7
56	1389	1	7
79	1389	1	7
315	1389	1	7
340	1389	1	7
75	1579	1	7
153	1579	1	7
214	1579	1	7
275	1579	1	7
315	1579	1	7
1	1580	1	7
57	1580	1	7
16	1590	1	7
131	1590	1	7
153	1590	1	7
232	1590	1	7
90	1591	1	7
315	1593	1	7
350	1593	1	7
20	1596	1	7
37	1596	1	7
56	1596	1	7
85	1596	2	7
120	1596	1	7
256	1596	1	7
267	1596	1	7
85	1608	3	7
200	1608	1	7
315	1608	1	7
277	1648	1	7
83	1658	1	7
118	1658	1	7
181	1658	1	7
53	1709	1	7
78	1709	1	7
183	1709	1	7
315	1709	1	7
343	1709	1	7
134	1723	1	7
323	1751	1	7
339	1751	1	7
304	1755	1	7
322	1755	1	7
331	1755	1	7
113	1758	1	7
333	1758	1	7
83	1764	1	7
311	1769	1	7
364	1769	1	7
68	1774	1	7
349	1774	1	7
217	1780	1	7
344	1780	1	7
176	1787	1	7
297	1787	1	7
245	1822	1	7
299	1822	1	7
42	1823	1	7
204	1836	1	7
231	1836	1	7
234	1836	1	7
320	1836	1	7
339	1836	1	7
