137	100	1	0
34	109	1	0
291	109	1	0
435	109	2	0
437	109	1	0
388	140	1	0
180	141	1	0
207	141	1	0
415	141	1	0
207	155	1	0
238	155	1	0
147	211	1	0
466	211	1	0
140	228	2	0
207	228	1	0
310	228	1	0
325	228	1	0
396	228	2	0
24	231	1	0
47	231	1	0
473	231	1	0
207	257	1	0
435	257	1	0
99	471	1	0
189	471	1	0
94	511	1	0
126	511	1	0
257	511	2	0
379	511	1	0
245	546	1	0
307	546	1	0
466	546	1	0
54	571	2	0
207	571	1	0
309	571	1	0
306	739	1	0
87	1028	1	0
207	1028	1	0
63	1036	1	0
180	1036	1	0
396	1036	1	0
207	1037	1	0
215	1037	1	0
310	1037	1	0
351	1037	1	0
496	1037	1	0
54	1087	1	0
207	1087	1	0
256	1087	1	0
146	1197	1	0
137	1199	1	0
261	1199	1	0
487	1199	1	0
14	1222	1	0
195	1222	1	0
281	1222	1	0
290	1222	1	0
324	1222	1	0
390	1222	1	0
63	1277	1	0
207	1277	1	0
317	1284	1	0
401	1284	1	0
207	1323	1	0
293	1323	1	0
54	1337	1	0
88	1337	1	0
123	1337	1	0
207	1337	1	0
435	1337	1	0
425	1351	1	0
442	1351	1	0
54	1456	2	0
207	1456	1	0
309	1456	1	0
54	1479	2	0
207	1479	1	0
309	1479	1	0
293	1527	1	0
435	1527	1	0
191	1528	1	0
244	1531	1	0
261	1531	1	0
435	1531	1	0
265	1545	1	0
372	1545	1	0
442	1545	1	0
375	1558	1	0
435	1558	1	0
86	1563	1	0
137	1563	1	0
190	1567	1	0
261	1567	1	0
178	1615	1	0
266	1625	1	0
332	1625	1	0
387	1625	2	0
435	1631	1	0
458	1631	1	0
207	1738	1	0
16	1812	1	0
148	1812	1	0
466	1812	1	0
257	1887	1	0
428	1887	1	0
459	1887	1	0
207	1894	1	0
329	1894	1	0
344	1894	1	0
428	1901	1	0
151	1903	1	0
428	1903	1	0
257	1906	1	0
428	1906	1	0
191	1909	1	0
325	1909	1	0
328	1909	1	0
171	1912	1	0
236	1912	1	0
153	1916	1	0
328	1916	1	0
485	1916	1	0
455	1917	1	0
375	1925	1	0
455	1925	1	0
120	1952	1	0
207	1952	1	0
237	1960	1	0
397	1960	1	0
202	2218	1	0
207	2218	1	0
383	2218	1	0
112	2220	1	0
346	2220	1	0
453	2220	1	0
207	2255	1	0
367	2255	1	0
466	2285	1	0
81	2295	1	0
266	2296	3	0
125	2299	1	0
166	6	2	1
7	14	1	1
435	14	1	1
460	14	1	1
464	14	1	1
22	16	1	1
187	17	1	1
435	17	1	1
148	25	1	1
257	25	1	1
411	25	1	1
129	27	1	1
150	27	1	1
174	27	1	1
207	27	1	1
318	27	1	1
207	36	1	1
254	36	1	1
375	36	1	1
207	47	1	1
215	47	1	1
266	47	1	1
499	47	1	1
150	56	1	1
174	56	1	1
206	56	1	1
207	56	1	1
306	56	1	1
445	61	1	1
69	76	1	1
477	76	1	1
191	77	1	1
200	77	1	1
444	77	1	1
32	80	1	1
207	80	1	1
435	80	1	1
100	83	1	1
207	83	1	1
471	83	1	1
207	85	1	1
207	90	1	1
433	90	1	1
129	99	1	1
191	99	1	1
196	99	1	1
309	99	1	1
475	99	1	1
483	99	1	1
261	102	1	1
333	102	1	1
336	102	1	1
61	105	1	1
207	105	1	1
442	105	1	1
445	105	1	1
78	108	1	1
307	108	1	1
347	108	1	1
460	108	1	1
20	116	1	1
207	116	1	1
299	116	1	1
319	116	1	1
442	116	1	1
464	116	1	1
500	116	1	1
61	123	1	1
114	123	1	1
186	123	1	1
207	123	1	1
407	123	1	1
191	125	1	1
250	125	2	1
307	125	1	1
435	125	1	1
32	126	1	1
91	126	1	1
191	130	1	1
237	130	1	1
325	130	2	1
375	130	2	1
45	133	1	1
208	133	1	1
432	134	1	1
435	134	1	1
261	135	1	1
325	135	1	1
489	135	1	1
207	138	1	1
258	138	1	1
279	138	1	1
138	146	1	1
244	146	1	1
401	146	1	1
416	146	1	1
50	148	1	1
54	148	1	1
207	148	1	1
304	148	1	1
332	148	1	1
462	148	1	1
164	150	1	1
464	150	1	1
465	150	1	1
54	151	1	1
207	151	1	1
309	151	1	1
54	152	1	1
256	152	1	1
15	154	1	1
304	154	1	1
84	156	1	1
346	156	1	1
400	156	1	1
207	157	1	1
476	157	2	1
139	161	1	1
488	161	1	1
33	169	1	1
119	169	1	1
170	169	1	1
200	169	2	1
464	169	1	1
104	171	1	1
148	171	1	1
387	171	1	1
88	181	1	1
88	183	1	1
180	183	1	1
435	183	1	1
51	188	1	1
147	188	1	1
153	188	1	1
207	188	1	1
72	193	1	1
395	193	1	1
476	193	1	1
261	195	1	1
407	195	1	1
347	204	1	1
441	204	1	1
104	214	1	1
137	214	1	1
170	214	1	1
437	214	1	1
464	214	1	1
304	218	1	1
54	221	1	1
207	221	1	1
266	221	1	1
274	221	1	1
310	221	1	1
207	222	1	1
237	222	1	1
318	222	1	1
351	222	1	1
442	222	1	1
464	222	1	1
10	226	1	1
150	226	1	1
174	226	1	1
207	226	1	1
293	226	1	1
318	226	2	1
464	226	1	1
126	230	1	1
155	230	1	1
315	230	1	1
470	230	1	1
459	232	1	1
246	233	1	1
325	233	1	1
480	233	1	1
239	240	1	1
129	245	2	1
150	245	1	1
174	245	1	1
207	245	1	1
318	245	1	1
284	250	1	1
387	250	1	1
477	250	1	1
54	251	1	1
207	251	1	1
309	251	1	1
423	251	1	1
54	254	1	1
207	254	1	1
309	254	1	1
122	255	1	1
338	255	1	1
370	255	1	1
10	256	1	1
20	256	1	1
85	256	1	1
207	256	1	1
299	256	1	1
306	256	2	1
500	256	1	1
73	258	1	1
207	258	1	1
62	266	1	1
309	266	2	1
323	266	1	1
341	266	1	1
371	266	1	1
444	266	1	1
235	271	1	1
441	271	1	1
217	273	1	1
438	273	1	1
498	273	1	1
482	281	1	1
207	284	1	1
310	284	1	1
429	284	1	1
77	293	1	1
180	293	1	1
21	301	1	1
122	301	1	1
185	301	2	1
19	307	1	1
203	317	1	1
488	317	1	1
276	322	1	1
327	322	2	1
445	322	1	1
460	322	1	1
129	323	1	1
137	323	1	1
141	323	1	1
499	323	1	1
261	329	1	1
472	329	1	1
10	332	1	1
20	332	1	1
299	332	1	1
439	332	1	1
500	332	1	1
200	334	1	1
207	334	1	1
235	334	1	1
236	334	1	1
98	335	1	1
207	335	1	1
20	344	1	1
85	344	1	1
464	344	1	1
500	344	1	1
161	345	1	1
228	345	1	1
239	345	1	1
407	345	1	1
418	345	1	1
435	345	1	1
7	355	1	1
207	362	1	1
384	362	1	1
210	377	1	1
273	377	1	1
430	377	1	1
144	380	1	1
377	380	1	1
156	385	1	1
429	385	1	1
207	390	1	1
207	392	1	1
309	392	1	1
499	392	1	1
10	396	1	1
144	396	1	1
207	396	1	1
274	396	1	1
310	396	1	1
351	396	1	1
54	399	1	1
94	399	1	1
114	399	1	1
147	399	1	1
207	399	1	1
71	409	1	1
13	417	1	1
274	417	1	1
54	432	1	1
73	432	1	1
93	432	1	1
207	432	1	1
359	444	1	1
140	446	1	1
207	446	1	1
461	446	1	1
207	449	1	1
435	449	1	1
310	452	1	1
207	461	1	1
347	461	1	1
374	461	1	1
120	463	1	1
228	463	1	1
222	464	1	1
248	464	1	1
265	464	1	1
290	464	1	1
390	464	1	1
128	478	1	1
178	478	2	1
244	478	1	1
304	478	1	1
396	478	1	1
418	478	1	1
207	480	1	1
306	480	1	1
206	482	1	1
207	482	1	1
310	482	1	1
165	483	1	1
207	483	1	1
390	483	1	1
435	483	1	1
464	483	2	1
68	489	1	1
474	489	1	1
37	494	1	1
61	494	1	1
193	494	1	1
213	494	1	1
436	494	1	1
54	496	1	1
207	496	1	1
471	496	1	1
50	500	1	1
54	500	1	1
86	500	1	1
207	500	1	1
375	500	1	1
499	500	1	1
121	506	1	1
155	506	1	1
207	513	1	1
429	513	1	1
63	521	1	1
164	521	1	1
464	521	1	1
465	521	1	1
135	523	1	1
299	523	1	1
364	523	1	1
410	523	1	1
291	532	1	1
302	533	1	1
488	533	1	1
164	538	1	1
310	538	1	1
465	538	1	1
264	543	1	1
56	545	1	1
164	545	1	1
235	545	1	1
382	545	1	1
464	545	1	1
465	545	1	1
33	552	1	1
192	552	1	1
51	554	1	1
420	556	1	1
207	558	1	1
332	558	1	1
415	558	1	1
107	559	1	1
107	560	1	1
163	560	1	1
176	560	2	1
178	560	1	1
180	560	1	1
407	560	1	1
28	563	1	1
129	563	1	1
391	563	1	1
180	566	1	1
188	566	1	1
266	566	1	1
113	572	1	1
273	572	1	1
433	578	1	1
435	578	1	1
143	583	1	1
262	583	1	1
127	584	1	1
207	584	1	1
23	589	1	1
239	589	1	1
180	590	1	1
342	590	1	1
435	590	2	1
54	601	1	1
373	603	1	1
401	603	1	1
441	603	1	1
146	604	1	1
207	604	1	1
207	607	1	1
266	607	1	1
332	607	1	1
361	607	1	1
368	607	1	1
435	607	1	1
54	612	1	1
207	612	1	1
309	612	1	1
373	612	1	1
425	612	1	1
101	614	1	1
467	614	1	1
235	619	3	1
358	619	1	1
370	619	1	1
28	623	2	1
63	623	1	1
321	623	1	1
98	625	1	1
396	626	1	1
23	627	1	1
88	632	1	1
310	632	1	1
445	632	1	1
391	637	1	1
178	638	1	1
345	638	1	1
95	639	2	1
207	639	1	1
218	639	1	1
330	639	1	1
435	639	1	1
469	639	1	1
185	640	1	1
278	640	1	1
355	640	1	1
420	640	1	1
435	640	1	1
437	640	1	1
236	643	1	1
239	643	1	1
372	644	1	1
103	647	1	1
207	647	1	1
415	647	1	1
107	662	1	1
136	662	1	1
202	662	1	1
420	662	1	1
127	665	1	1
192	665	1	1
101	666	1	1
429	666	1	1
464	666	1	1
467	666	1	1
17	668	1	1
207	668	2	1
128	669	1	1
207	669	1	1
432	669	1	1
198	670	1	1
395	670	1	1
407	670	1	1
481	670	2	1
12	672	1	1
207	672	1	1
12	674	1	1
207	674	1	1
215	674	1	1
216	676	1	1
456	676	1	1
118	677	1	1
249	684	1	1
378	684	1	1
110	687	1	1
101	693	1	1
189	693	1	1
195	693	1	1
198	693	1	1
437	693	1	1
464	693	1	1
266	694	1	1
494	694	1	1
96	701	1	1
110	701	1	1
207	701	1	1
464	701	1	1
10	708	1	1
207	708	1	1
236	708	1	1
435	708	1	1
123	710	1	1
129	710	1	1
380	710	1	1
207	714	1	1
15	717	1	1
60	717	1	1
137	717	1	1
180	717	1	1
265	717	1	1
89	737	1	1
137	737	1	1
185	737	1	1
198	737	1	1
231	737	1	1
451	737	1	1
478	737	1	1
69	738	1	1
435	738	1	1
464	738	1	1
96	741	1	1
110	741	1	1
207	741	1	1
464	741	1	1
4	743	1	1
28	743	1	1
31	743	1	1
263	743	1	1
150	752	1	1
174	752	1	1
200	752	1	1
207	752	1	1
318	752	1	1
467	752	1	1
247	755	1	1
275	755	2	1
406	755	2	1
150	758	1	1
174	758	1	1
200	758	1	1
207	758	1	1
318	758	1	1
467	758	1	1
441	760	1	1
202	773	1	1
478	773	1	1
205	774	1	1
266	774	1	1
432	774	1	1
41	780	1	1
222	780	1	1
157	790	1	1
256	790	1	1
356	790	1	1
416	790	1	1
464	790	1	1
485	792	1	1
473	795	1	1
168	796	1	1
236	796	1	1
290	797	1	1
464	799	1	1
489	799	1	1
207	804	1	1
445	804	1	1
36	819	1	1
180	819	1	1
244	819	1	1
266	819	1	1
435	819	1	1
477	819	1	1
37	821	1	1
128	821	1	1
236	821	1	1
325	821	1	1
136	824	1	1
142	824	1	1
308	824	1	1
479	824	1	1
493	824	1	1
136	825	1	1
176	840	1	1
264	840	1	1
345	840	1	1
247	847	1	1
168	852	1	1
178	852	1	1
119	859	1	1
147	859	1	1
435	866	1	1
153	868	1	1
443	868	1	1
107	873	1	1
128	873	1	1
266	873	1	1
41	878	1	1
135	878	1	1
200	878	1	1
207	878	1	1
255	878	1	1
257	878	1	1
266	878	1	1
51	888	1	1
114	888	1	1
151	888	1	1
217	888	1	1
257	888	1	1
338	888	1	1
325	903	1	1
187	904	1	1
361	904	1	1
193	913	1	1
247	913	1	1
359	913	1	1
418	913	1	1
483	913	1	1
19	921	2	1
54	921	1	1
207	921	2	1
284	921	1	1
309	921	1	1
327	921	1	1
137	934	1	1
265	934	1	1
435	934	1	1
266	942	1	1
192	952	1	1
479	952	1	1
479	953	1	1
207	965	1	1
246	965	1	1
328	965	1	1
427	965	1	1
435	965	1	1
204	967	1	1
360	967	1	1
464	967	2	1
484	967	1	1
192	974	1	1
54	975	2	1
111	975	1	1
207	975	1	1
309	975	1	1
140	976	2	1
274	976	1	1
309	976	1	1
415	976	1	1
429	976	3	1
106	989	1	1
190	989	1	1
207	989	1	1
217	989	1	1
275	989	1	1
335	989	1	1
375	989	1	1
406	989	1	1
310	992	1	1
207	1006	1	1
274	1006	1	1
435	1006	1	1
261	1011	1	1
464	1011	1	1
474	1011	1	1
44	1021	1	1
68	1021	1	1
139	1021	1	1
169	1021	1	1
174	1021	1	1
257	1021	1	1
289	1021	1	1
395	1021	1	1
375	1024	1	1
464	1024	1	1
489	1024	1	1
17	1026	1	1
84	1026	1	1
207	1026	2	1
435	1034	1	1
456	1034	1	1
207	1038	1	1
318	1038	1	1
207	1041	1	1
35	1045	1	1
56	1045	1	1
94	1045	1	1
54	1049	1	1
73	1049	1	1
207	1049	1	1
309	1049	1	1
8	1050	1	1
336	1062	1	1
17	1063	1	1
54	1063	1	1
207	1063	1	1
309	1063	1	1
17	1064	1	1
54	1064	1	1
207	1064	1	1
309	1064	1	1
209	1066	1	1
382	1066	1	1
117	1072	1	1
183	1072	1	1
205	1072	1	1
382	1072	1	1
209	1074	1	1
293	1074	1	1
289	1076	1	1
54	1079	1	1
207	1079	1	1
309	1079	1	1
54	1080	1	1
207	1080	1	1
309	1080	1	1
10	1090	1	1
289	1090	1	1
418	1090	1	1
435	1090	1	1
477	1090	1	1
365	1099	1	1
315	1102	1	1
326	1102	1	1
365	1102	1	1
188	1113	1	1
189	1116	1	1
84	1117	1	1
117	1117	1	1
205	1117	1	1
424	1117	1	1
435	1117	1	1
54	1119	1	1
150	1119	1	1
174	1119	1	1
179	1119	1	1
207	1119	1	1
309	1119	1	1
49	1122	1	1
75	1122	1	1
207	1122	1	1
435	1122	1	1
442	1122	1	1
475	1122	1	1
202	1123	1	1
435	1123	1	1
477	1123	2	1
359	1126	1	1
464	1126	1	1
477	1126	1	1
424	1128	1	1
119	1129	1	1
207	1129	1	1
207	1132	1	1
320	1132	1	1
375	1132	1	1
402	1132	1	1
47	1134	1	1
250	1134	1	1
61	1136	1	1
445	1137	1	1
133	1139	1	1
207	1139	1	1
294	1139	1	1
31	1141	1	1
180	1141	1	1
256	1141	1	1
460	1141	1	1
501	1141	1	1
137	1155	1	1
157	1155	1	1
54	1158	1	1
207	1158	1	1
309	1158	1	1
39	1159	1	1
191	1159	1	1
488	1159	1	1
51	1161	1	1
135	1161	1	1
54	1166	1	1
197	1166	1	1
207	1166	1	1
382	1166	1	1
365	1171	1	1
407	1171	1	1
207	1172	1	1
433	1172	1	1
435	1172	1	1
276	1173	1	1
289	1173	1	1
293	1173	1	1
432	1173	1	1
88	1179	1	1
255	1179	1	1
54	1180	1	1
207	1180	1	1
442	1180	1	1
10	1188	1	1
72	1188	1	1
207	1188	1	1
256	1188	1	1
498	1188	1	1
172	1189	1	1
54	1191	1	1
207	1191	1	1
226	1191	1	1
309	1191	1	1
423	1191	1	1
102	1193	1	1
276	1193	1	1
54	1194	1	1
207	1194	1	1
309	1194	1	1
180	1202	1	1
207	1202	1	1
322	1202	1	1
430	1202	1	1
435	1205	1	1
207	1207	1	1
264	1207	1	1
325	1207	1	1
164	1209	2	1
272	1209	1	1
465	1209	1	1
97	1213	1	1
180	1217	1	1
133	1219	1	1
74	1223	1	1
207	1223	1	1
207	1224	1	1
343	1224	1	1
450	1224	1	1
104	1230	1	1
135	1230	1	1
207	1230	1	1
266	1230	1	1
128	1231	1	1
418	1231	1	1
464	1231	1	1
261	1238	1	1
377	1241	1	1
151	1244	1	1
354	1244	1	1
493	1244	1	1
284	1245	1	1
60	1249	1	1
207	1249	1	1
325	1249	1	1
337	1249	1	1
381	1249	1	1
432	1249	1	1
470	1249	1	1
319	1255	1	1
10	1262	1	1
149	1262	1	1
168	1263	1	1
180	1263	1	1
282	1263	1	1
435	1263	1	1
43	1265	1	1
46	1265	1	1
229	1267	1	1
84	1272	1	1
207	1272	1	1
302	1272	1	1
336	1272	1	1
207	1274	1	1
274	1274	2	1
310	1274	1	1
7	1278	1	1
446	1278	1	1
207	1282	1	1
54	1293	1	1
56	1293	1	1
207	1293	1	1
297	1293	1	1
309	1293	1	1
92	1326	1	1
316	1326	1	1
180	1329	1	1
54	1331	1	1
207	1331	1	1
309	1331	1	1
350	1331	1	1
7	1335	1	1
105	1335	1	1
187	1335	1	1
273	1335	1	1
180	1338	1	1
264	1338	1	1
377	1338	1	1
21	1340	1	1
54	1340	1	1
59	1340	2	1
141	1340	1	1
207	1340	1	1
369	1340	1	1
493	1340	1	1
495	1340	1	1
207	1356	1	1
293	1356	1	1
63	1359	1	1
83	1359	1	1
171	1359	1	1
261	1361	1	1
424	1361	1	1
202	1368	1	1
222	1368	1	1
415	1368	1	1
423	1368	1	1
469	1368	1	1
475	1368	1	1
477	1368	1	1
217	1374	2	1
325	1374	2	1
137	1383	1	1
200	1383	1	1
207	1383	1	1
391	1383	1	1
394	1383	1	1
477	1383	1	1
480	1383	1	1
199	1388	2	1
328	1388	1	1
113	1394	1	1
168	1394	1	1
435	1394	1	1
268	1395	2	1
451	1395	1	1
207	1400	1	1
157	1401	1	1
207	1401	1	1
254	1401	1	1
229	1404	1	1
370	1404	1	1
256	1406	1	1
333	1406	1	1
412	1406	1	1
188	1407	1	1
289	1407	1	1
207	1411	1	1
276	1411	1	1
53	1422	1	1
128	1422	1	1
84	1430	1	1
127	1430	1	1
351	1434	1	1
198	1437	1	1
325	1437	1	1
371	1437	1	1
63	1441	1	1
207	1441	1	1
442	1441	1	1
207	1443	1	1
252	1443	2	1
309	1443	2	1
353	1443	1	1
499	1443	1	1
402	1444	1	1
54	1445	1	1
82	1445	1	1
89	1445	1	1
207	1445	1	1
309	1445	1	1
499	1445	1	1
358	1447	1	1
407	1447	1	1
279	1451	1	1
299	1451	1	1
392	1451	1	1
57	1455	1	1
199	1455	1	1
206	1455	1	1
207	1455	1	1
48	1460	1	1
174	1460	1	1
181	1460	1	1
207	1460	1	1
289	1460	1	1
342	1460	1	1
460	1460	1	1
54	1462	1	1
207	1462	1	1
309	1462	1	1
442	1472	1	1
54	1473	1	1
207	1473	1	1
309	1473	1	1
54	1477	1	1
207	1477	1	1
309	1477	1	1
54	1478	1	1
207	1478	1	1
309	1478	1	1
36	1481	1	1
188	1481	2	1
207	1482	1	1
24	1485	1	1
171	1485	1	1
477	1485	1	1
54	1486	1	1
73	1486	1	1
207	1486	1	1
309	1486	1	1
196	1487	1	1
87	1488	1	1
207	1488	1	1
272	1488	1	1
377	1488	1	1
417	1488	1	1
84	1491	2	1
122	1491	1	1
346	1491	1	1
401	1491	1	1
141	1493	1	1
54	1496	1	1
207	1496	1	1
266	1496	1	1
326	1496	1	1
332	1496	1	1
104	1499	1	1
205	1499	1	1
249	1499	1	1
442	1499	1	1
47	1502	1	1
95	1502	1	1
441	1502	1	1
82	1515	1	1
102	1515	1	1
192	1515	1	1
499	1515	1	1
133	1518	1	1
187	1518	1	1
236	1518	1	1
375	1518	1	1
145	1519	1	1
370	1519	1	1
381	1519	1	1
435	1522	1	1
207	1526	2	1
461	1526	1	1
261	1532	1	1
464	1532	1	1
129	1542	1	1
54	1549	1	1
207	1549	1	1
226	1549	1	1
297	1549	1	1
309	1549	1	1
415	1549	1	1
427	1549	1	1
149	1551	1	1
249	1551	1	1
207	1560	1	1
312	1560	1	1
461	1560	1	1
176	1564	2	1
476	1566	1	1
493	1566	1	1
54	1568	1	1
106	1568	1	1
207	1568	1	1
435	1568	1	1
476	1571	1	1
444	1577	1	1
14	1579	1	1
17	1579	1	1
66	1579	1	1
207	1579	2	1
486	1579	1	1
206	1581	1	1
207	1581	1	1
442	1581	1	1
420	1582	1	1
249	1589	1	1
7	1590	1	1
74	1590	1	1
105	1590	1	1
149	1590	1	1
435	1590	1	1
207	1593	1	1
176	1595	2	1
328	1595	1	1
407	1595	1	1
202	1598	1	1
442	1598	1	1
249	1600	1	1
188	1601	1	1
207	1601	2	1
442	1601	1	1
147	1602	1	1
209	1602	1	1
435	1602	1	1
120	1603	3	1
266	1603	1	1
376	1603	1	1
435	1603	1	1
248	1605	1	1
434	1605	1	1
43	1606	1	1
261	1606	1	1
54	1612	1	1
57	1612	1	1
207	1612	1	1
309	1612	1	1
176	1614	2	1
199	1614	1	1
261	1614	1	1
466	1614	1	1
38	1619	1	1
168	1619	1	1
207	1621	1	1
312	1621	1	1
329	1621	1	1
123	1622	1	1
188	1622	1	1
266	1622	1	1
415	1622	1	1
484	1627	1	1
3	1630	1	1
328	1630	1	1
407	1630	1	1
21	1634	1	1
35	1634	1	1
477	1634	1	1
129	1640	1	1
207	1640	2	1
309	1640	1	1
499	1640	1	1
378	1651	1	1
435	1651	1	1
3	1652	1	1
66	1652	1	1
207	1652	1	1
257	1652	1	1
435	1652	1	1
464	1652	1	1
82	1656	1	1
145	1656	1	1
192	1656	1	1
93	1658	1	1
207	1658	1	1
375	1658	2	1
493	1658	1	1
284	1659	1	1
207	1660	1	1
266	1660	1	1
435	1660	1	1
10	1663	1	1
22	1663	1	1
266	1663	1	1
415	1663	1	1
52	1665	1	1
54	1665	1	1
207	1665	1	1
269	1665	1	1
11	1667	1	1
95	1667	1	1
176	1667	2	1
266	1667	1	1
278	1667	1	1
492	1667	1	1
284	1676	1	1
294	1676	1	1
456	1676	1	1
493	1676	1	1
40	1677	1	1
209	1677	1	1
7	1680	1	1
146	1680	1	1
214	1680	1	1
275	1680	1	1
406	1680	1	1
464	1681	1	1
161	1682	2	1
193	1682	1	1
418	1682	1	1
420	1682	1	1
455	1682	1	1
485	1682	1	1
54	1683	1	1
206	1683	1	1
207	1683	1	1
309	1683	1	1
200	1686	1	1
44	1687	1	1
207	1687	1	1
326	1687	1	1
43	1688	2	1
127	1688	1	1
261	1688	1	1
442	1689	1	1
189	1696	1	1
198	1696	1	1
217	1698	1	1
78	1705	1	1
132	1706	1	1
187	1706	1	1
367	1706	1	1
464	1706	1	1
115	1709	1	1
191	1709	1	1
180	1710	1	1
329	1710	1	1
474	1710	1	1
199	1712	1	1
257	1712	1	1
128	1717	1	1
176	1717	2	1
222	1719	1	1
251	1719	1	1
359	1720	1	1
442	1720	1	1
444	1720	1	1
178	1723	1	1
63	1726	1	1
388	1726	1	1
66	1732	1	1
435	1732	1	1
479	1732	1	1
304	1735	1	1
489	1735	1	1
4	1737	2	1
207	1737	1	1
217	1737	1	1
375	1737	1	1
205	1742	1	1
54	1743	1	1
207	1743	1	1
423	1743	1	1
135	1748	1	1
197	1748	1	1
200	1748	1	1
457	1748	1	1
464	1748	1	1
477	1748	1	1
461	1752	1	1
73	1755	1	1
207	1755	1	1
284	1755	1	1
265	1759	1	1
442	1759	1	1
15	1761	1	1
375	1761	1	1
78	1765	1	1
54	1767	1	1
207	1767	1	1
309	1767	1	1
384	1767	1	1
419	1774	1	1
157	1780	1	1
180	1780	1	1
207	1785	1	1
429	1785	1	1
464	1785	1	1
16	1787	1	1
54	1787	2	1
87	1787	1	1
180	1787	1	1
207	1787	1	1
363	1787	1	1
58	1790	1	1
82	1791	1	1
207	1791	1	1
396	1791	1	1
463	1791	1	1
74	1795	1	1
435	1795	1	1
132	1797	1	1
58	1804	1	1
300	1804	1	1
104	1805	1	1
207	1805	1	1
308	1805	1	1
51	1813	1	1
207	1813	1	1
337	1813	1	1
353	1813	1	1
88	1815	1	1
470	1815	1	1
191	1816	1	1
244	1816	1	1
289	1816	1	1
315	1816	1	1
373	1816	1	1
467	1816	1	1
58	1818	1	1
193	1818	1	1
382	1818	1	1
460	1818	1	1
132	1822	1	1
58	1826	1	1
213	1827	1	1
257	1827	1	1
31	1830	1	1
207	1832	1	1
250	1833	1	1
304	1833	1	1
375	1833	1	1
474	1833	1	1
126	1835	1	1
207	1835	1	1
375	1835	1	1
99	1837	1	1
109	1837	1	1
82	1839	1	1
207	1839	1	1
420	1839	1	1
442	1839	1	1
256	1843	1	1
348	1843	1	1
352	1844	1	1
43	1846	1	1
445	1846	1	1
128	1849	1	1
10	1851	1	1
60	1851	2	1
207	1851	1	1
432	1851	1	1
462	1851	1	1
41	1853	1	1
128	1853	1	1
266	1853	1	1
284	1853	1	1
28	1860	1	1
207	1860	1	1
10	1864	1	1
88	1864	1	1
180	1864	1	1
198	1864	1	1
310	1864	1	1
192	1868	1	1
246	1868	1	1
418	1868	1	1
259	1872	1	1
58	1875	1	1
82	1878	1	1
207	1878	1	1
441	1878	1	1
499	1878	1	1
207	1879	1	1
423	1879	1	1
375	1883	1	1
486	1883	1	1
46	1892	1	1
187	1892	1	1
218	1892	1	1
255	1892	1	1
460	1892	1	1
207	1893	1	1
49	1895	1	1
82	1895	1	1
147	1895	1	1
207	1895	1	1
265	1895	1	1
400	1896	1	1
142	1897	1	1
289	1897	1	1
477	1897	2	1
54	1898	1	1
207	1898	1	1
252	1898	1	1
309	1898	1	1
125	1904	1	1
207	1904	1	1
325	1904	1	1
61	1907	1	1
147	1907	1	1
290	1907	1	1
54	1910	1	1
207	1910	1	1
309	1910	1	1
417	1910	1	1
207	1913	1	1
368	1913	1	1
54	1923	1	1
82	1923	1	1
89	1923	1	1
207	1923	1	1
309	1923	1	1
499	1923	1	1
62	1924	1	1
119	1924	1	1
417	1924	1	1
207	1926	1	1
249	1926	1	1
350	1926	1	1
482	1926	1	1
300	1930	1	1
207	1934	1	1
284	1934	1	1
378	1934	1	1
444	1934	1	1
498	1934	1	1
222	1936	1	1
54	1939	1	1
207	1939	1	1
309	1939	1	1
368	1939	1	1
158	1940	1	1
203	1940	4	1
7	1941	1	1
207	1941	1	1
312	1941	1	1
450	1941	1	1
207	1944	1	1
264	1944	1	1
278	1944	1	1
333	1944	1	1
398	1944	1	1
217	1946	1	1
278	1946	1	1
333	1948	1	1
54	1949	1	1
207	1949	1	1
226	1949	1	1
309	1949	1	1
423	1949	1	1
414	1950	1	1
188	1953	1	1
207	1953	1	1
375	1953	1	1
137	1958	1	1
460	1958	1	1
464	1958	1	1
96	1961	1	1
103	1961	1	1
171	1961	1	1
200	1961	1	1
349	1961	1	1
183	1964	1	1
270	1964	1	1
328	1964	1	1
86	1968	1	1
197	1968	1	1
207	1968	1	1
38	1972	1	1
207	1972	1	1
257	1972	1	1
435	1972	1	1
177	1975	1	1
472	1975	1	1
180	1979	1	1
89	1985	1	1
113	1985	1	1
207	1985	1	1
415	1985	1	1
17	1992	1	1
119	1992	1	1
130	1992	1	1
91	2000	1	1
155	2000	1	1
207	2000	1	1
271	2000	1	1
309	2000	1	1
499	2000	1	1
91	2001	1	1
155	2001	1	1
207	2001	1	1
271	2001	1	1
309	2001	1	1
499	2001	1	1
59	2005	1	1
207	2005	1	1
207	2008	1	1
62	2013	1	1
272	2013	1	1
299	2013	1	1
323	2013	1	1
341	2013	1	1
371	2013	1	1
391	2013	1	1
445	2013	1	1
420	2016	1	1
344	2019	1	1
129	2025	1	1
206	2025	1	1
207	2025	1	1
435	2025	1	1
207	2030	1	1
424	2030	1	1
207	2031	1	1
54	2032	1	1
73	2032	1	1
207	2032	1	1
467	2032	1	1
60	2034	1	1
94	2034	1	1
329	2034	1	1
386	2034	1	1
407	2034	1	1
284	2040	1	1
289	2040	1	1
310	2042	1	1
88	2045	1	1
191	2045	1	1
207	2047	1	1
382	2047	1	1
79	2057	1	1
207	2057	1	1
252	2059	1	1
424	2059	1	1
479	2059	1	1
137	2062	1	1
477	2062	1	1
310	2063	1	1
396	2063	1	1
420	2063	1	1
207	2065	1	1
423	2065	1	1
122	2068	1	1
154	2068	1	1
168	2068	1	1
180	2068	1	1
182	2068	1	1
273	2068	1	1
401	2068	1	1
146	2071	1	1
439	2071	1	1
481	2071	1	1
142	2072	1	1
435	2072	1	1
462	2072	1	1
119	2074	1	1
134	2074	1	1
362	2075	1	1
172	2077	1	1
207	2077	1	1
266	2077	1	1
466	2077	1	1
345	2079	1	1
180	2080	1	1
207	2080	1	1
207	2082	2	1
228	2082	1	1
375	2082	2	1
461	2082	1	1
436	2083	1	1
38	2084	1	1
245	2084	2	1
283	2084	1	1
375	2084	1	1
377	2084	1	1
451	2084	2	1
464	2084	1	1
137	2085	1	1
448	2085	1	1
207	2087	2	1
362	2087	1	1
71	2089	1	1
207	2089	1	1
207	2090	1	1
328	2090	1	1
435	2090	1	1
484	2090	1	1
207	2091	1	1
362	2091	1	1
207	2096	1	1
266	2096	1	1
130	2098	1	1
256	2098	1	1
257	2098	1	1
322	2098	1	1
207	2099	2	1
362	2099	1	1
207	2100	1	1
207	2107	1	1
216	2110	1	1
338	2110	1	1
461	2110	1	1
68	2115	1	1
168	2115	1	1
364	2115	1	1
435	2115	1	1
442	2124	1	1
207	2127	1	1
435	2127	1	1
139	2128	1	1
346	2128	1	1
20	2132	1	1
146	2132	1	1
207	2132	1	1
130	2134	1	1
147	2134	1	1
42	2137	1	1
80	2137	1	1
108	2137	1	1
208	2137	1	1
66	2138	1	1
107	2138	1	1
153	2138	1	1
237	2138	1	1
304	2138	1	1
348	2138	1	1
80	2145	1	1
188	2145	1	1
208	2145	1	1
387	2145	1	1
207	2149	1	1
207	2151	1	1
266	2151	1	1
320	2151	1	1
450	2153	1	1
450	2155	1	1
207	2161	1	1
309	2161	2	1
377	2161	1	1
415	2161	1	1
92	2163	1	1
341	2163	1	1
125	2171	1	1
445	2171	1	1
181	2173	1	1
128	2179	1	1
139	2179	1	1
176	2179	2	1
216	2179	1	1
35	2180	1	1
85	2180	1	1
207	2180	1	1
352	2180	1	1
176	2183	2	1
226	2183	1	1
230	2183	1	1
313	2183	1	1
275	2189	1	1
276	2189	1	1
406	2189	1	1
437	2190	1	1
466	2190	1	1
113	2192	1	1
188	2192	1	1
207	2192	1	1
266	2192	1	1
363	2192	1	1
375	2192	1	1
352	2199	1	1
332	2223	1	1
249	2239	1	1
289	2239	1	1
84	2240	1	1
444	2240	1	1
85	2242	1	1
92	2242	1	1
161	2242	1	1
210	2242	1	1
264	2242	1	1
375	2242	2	1
44	2244	1	1
191	2244	1	1
375	2244	1	1
44	2246	1	1
377	2246	1	1
115	2248	1	1
375	2248	1	1
436	2248	1	1
109	2253	1	1
299	2253	1	1
17	2257	1	1
133	2257	1	1
325	2257	1	1
435	2257	1	1
453	2257	1	1
44	2260	1	1
109	2260	1	1
261	2260	1	1
321	2260	1	1
12	2262	1	1
358	2262	1	1
375	2262	1	1
435	2262	1	1
459	2262	2	1
477	2262	1	1
64	2263	1	1
151	2263	1	1
207	2263	1	1
54	2268	1	1
207	2268	1	1
329	2268	1	1
344	2268	1	1
105	2293	2	1
207	2293	1	1
423	2293	1	1
54	2294	1	1
207	2294	1	1
309	2294	1	1
82	2301	1	1
131	2301	1	1
310	2301	1	1
50	2307	1	1
195	2307	1	1
272	2307	1	1
462	2307	1	1
204	2310	1	1
207	2310	1	1
310	2310	1	1
332	2310	1	1
35	2312	1	1
64	2316	1	1
198	2316	1	1
54	2322	1	1
207	2322	1	1
309	2322	1	1
54	2326	2	1
114	2326	1	1
206	2326	1	1
207	2326	1	1
353	2326	1	1
54	2328	1	1
207	2328	1	1
303	2328	1	1
207	2329	1	1
373	2329	1	1
425	2329	1	1
74	2332	2	1
436	2332	1	1
84	2336	1	1
187	2336	1	1
359	2336	1	1
435	2336	1	1
97	2339	1	1
177	2339	1	1
278	2341	1	1
338	2341	1	1
464	2341	1	1
207	2343	1	1
373	2343	1	1
425	2343	1	1
435	2343	1	1
473	2346	1	1
76	2348	1	1
123	2348	1	1
207	2348	1	1
313	2348	1	1
409	2348	1	1
461	2348	1	1
207	2351	1	1
340	2351	1	1
482	2351	1	1
85	2358	1	1
202	2361	1	1
261	2361	1	1
80	2362	1	1
208	2362	1	1
211	2362	1	1
375	2367	1	1
396	2367	1	1
473	2367	1	1
490	2367	1	1
80	2368	1	1
127	2368	1	1
208	2368	1	1
469	2368	1	1
325	2373	1	1
54	2374	1	1
207	2374	1	1
309	2374	1	1
157	2376	1	1
453	2376	1	1
382	2379	1	1
464	2379	1	1
82	2383	1	1
410	2383	1	1
31	2389	1	1
165	2389	1	1
354	2389	1	1
375	2389	1	1
191	2390	1	1
17	2392	1	1
206	2392	2	1
207	2392	1	1
275	2392	1	1
414	2392	1	1
207	2402	1	1
337	2403	1	1
448	2403	1	1
478	2403	1	1
207	2406	1	1
375	2406	1	1
54	2408	1	1
114	2408	1	1
206	2408	1	1
207	2408	1	1
353	2408	1	1
488	2408	1	1
300	2409	1	1
381	2409	1	1
448	2409	1	1
143	1	1	2
227	1	1	2
241	1	1	2
257	1	1	2
473	1	1	2
207	3	1	2
227	3	1	2
241	3	1	2
28	7	1	2
36	7	1	2
56	7	1	2
72	7	1	2
207	7	1	2
332	7	1	2
400	7	1	2
494	7	1	2
36	8	1	2
42	8	1	2
207	8	1	2
306	8	1	2
8	12	1	2
357	13	1	2
407	13	1	2
455	13	1	2
383	15	1	2
445	19	1	2
54	21	1	2
207	21	1	2
298	21	1	2
340	21	1	2
114	22	1	2
178	22	1	2
266	22	1	2
435	22	1	2
161	31	1	2
196	31	1	2
435	31	1	2
473	31	1	2
207	51	1	2
362	51	1	2
425	51	2	2
157	52	1	2
366	53	1	2
451	53	1	2
414	59	1	2
488	59	1	2
335	60	1	2
239	62	1	2
61	63	1	2
200	63	1	2
304	63	1	2
435	63	1	2
466	63	1	2
209	66	1	2
325	66	1	2
414	66	1	2
444	66	1	2
457	66	1	2
202	72	1	2
481	72	1	2
196	73	1	2
207	73	1	2
304	74	1	2
490	74	1	2
17	96	1	2
357	96	1	2
375	96	1	2
53	104	1	2
168	104	1	2
404	104	1	2
419	104	1	2
141	113	1	2
198	113	1	2
291	113	1	2
407	113	1	2
432	113	1	2
87	122	1	2
114	122	1	2
420	122	1	2
153	128	1	2
492	128	1	2
207	129	1	2
238	129	1	2
171	136	1	2
473	136	1	2
354	137	1	2
279	139	1	2
377	144	1	2
442	144	1	2
73	145	1	2
207	145	1	2
238	145	1	2
275	145	1	2
127	147	1	2
229	147	1	2
236	147	1	2
197	153	1	2
251	153	1	2
257	153	1	2
283	153	1	2
79	159	1	2
203	159	1	2
359	160	1	2
458	160	1	2
7	165	1	2
207	165	1	2
435	165	1	2
453	165	1	2
407	166	1	2
207	168	1	2
238	168	1	2
37	173	1	2
266	173	1	2
237	179	1	2
76	182	1	2
185	182	1	2
270	182	1	2
325	182	1	2
38	191	1	2
207	191	1	2
137	192	1	2
187	192	1	2
380	192	1	2
464	192	1	2
478	192	1	2
38	194	1	2
168	194	1	2
207	194	1	2
306	194	1	2
371	194	1	2
435	194	1	2
473	194	1	2
207	196	1	2
238	196	1	2
54	197	1	2
207	197	1	2
54	198	1	2
207	198	1	2
309	198	1	2
76	200	1	2
207	200	1	2
248	200	1	2
318	200	1	2
268	202	1	2
187	203	1	2
198	203	1	2
382	208	1	2
200	212	1	2
207	212	1	2
54	216	1	2
207	216	1	2
243	216	1	2
309	216	1	2
266	217	1	2
435	217	1	2
207	220	1	2
332	220	1	2
435	220	1	2
464	220	2	2
280	224	1	2
379	224	1	2
472	224	1	2
225	225	1	2
325	225	1	2
207	227	1	2
473	227	1	2
200	229	1	2
207	229	1	2
54	234	1	2
207	234	1	2
309	234	1	2
315	235	1	2
200	236	1	2
54	237	1	2
78	237	2	2
207	237	1	2
23	238	1	2
3	239	1	2
167	241	1	2
464	241	1	2
436	242	1	2
42	244	1	2
261	244	1	2
280	244	1	2
379	244	1	2
410	244	1	2
457	246	1	2
494	246	1	2
328	249	1	2
464	249	1	2
54	252	1	2
207	252	1	2
309	252	1	2
207	253	1	2
287	253	1	2
39	259	1	2
397	261	1	2
94	263	1	2
200	263	1	2
207	263	1	2
466	263	1	2
238	264	1	2
354	264	1	2
422	264	1	2
1	265	1	2
159	265	1	2
244	265	1	2
304	265	1	2
238	267	1	2
416	267	1	2
4	268	2	2
194	268	1	2
197	274	1	2
435	274	1	2
338	276	1	2
442	276	1	2
141	277	1	2
54	278	1	2
207	278	1	2
309	278	1	2
69	280	1	2
207	280	1	2
1	282	1	2
159	282	1	2
418	282	1	2
32	283	1	2
236	283	2	2
340	283	2	2
207	285	1	2
332	285	1	2
117	287	1	2
261	287	1	2
403	287	1	2
454	291	1	2
28	292	1	2
54	292	1	2
207	292	1	2
309	292	1	2
1	294	1	2
159	294	1	2
54	295	1	2
76	295	1	2
207	295	1	2
310	295	1	2
494	295	1	2
464	298	1	2
187	299	1	2
332	299	1	2
161	300	1	2
1	302	1	2
159	302	1	2
266	302	1	2
493	302	1	2
35	303	1	2
82	303	1	2
103	303	1	2
110	303	1	2
206	303	1	2
304	303	1	2
266	304	1	2
280	305	1	2
379	305	1	2
437	305	1	2
466	305	1	2
281	308	1	2
230	309	1	2
327	309	1	2
360	309	1	2
437	309	1	2
200	310	1	2
207	310	1	2
189	311	1	2
261	311	2	2
280	311	1	2
379	311	1	2
432	311	1	2
459	311	1	2
470	312	1	2
171	314	1	2
183	314	1	2
333	314	1	2
325	318	1	2
431	318	1	2
338	319	1	2
268	320	3	2
375	320	1	2
92	321	1	2
207	321	1	2
299	321	1	2
425	321	1	2
51	324	1	2
54	324	1	2
189	324	1	2
207	324	1	2
355	324	1	2
479	324	1	2
1	325	1	2
159	325	1	2
407	325	2	2
419	325	1	2
1	327	1	2
159	327	1	2
325	327	1	2
357	327	1	2
493	327	1	2
310	328	1	2
207	330	1	2
114	337	1	2
207	337	1	2
365	337	1	2
1	339	1	2
7	339	1	2
159	339	1	2
266	339	1	2
64	340	1	2
185	340	1	2
207	340	1	2
318	340	1	2
11	343	1	2
116	343	1	2
261	343	1	2
266	343	1	2
483	346	1	2
54	348	1	2
129	348	1	2
207	348	1	2
261	354	1	2
499	354	1	2
116	356	1	2
80	359	1	2
191	359	1	2
434	360	1	2
474	360	2	2
116	361	1	2
234	361	1	2
493	364	1	2
237	365	1	2
349	365	1	2
432	366	1	2
479	366	1	2
62	367	1	2
91	367	1	2
207	367	1	2
398	367	1	2
435	367	1	2
63	368	1	2
395	368	1	2
493	368	1	2
11	369	1	2
102	369	1	2
325	369	1	2
480	369	1	2
65	371	1	2
80	371	1	2
86	371	1	2
116	371	1	2
169	371	1	2
191	371	2	2
207	372	1	2
266	372	1	2
318	372	2	2
350	372	2	2
435	372	1	2
17	374	1	2
54	374	1	2
207	374	1	2
298	374	1	2
442	374	1	2
207	375	1	2
281	375	1	2
135	382	1	2
268	383	1	2
35	384	1	2
280	384	1	2
379	384	1	2
486	384	1	2
492	384	1	2
479	388	1	2
116	391	1	2
213	391	1	2
453	391	1	2
464	391	1	2
261	394	1	2
234	400	1	2
334	400	1	2
435	400	1	2
207	401	1	2
193	402	1	2
266	402	1	2
478	402	1	2
83	403	1	2
195	403	1	2
376	403	1	2
379	404	1	2
411	404	1	2
440	404	1	2
110	407	1	2
207	407	1	2
375	407	1	2
435	407	1	2
125	411	1	2
207	411	1	2
381	411	1	2
477	411	1	2
95	413	1	2
167	413	1	2
261	413	1	2
379	413	1	2
406	413	1	2
456	413	1	2
169	419	1	2
55	420	1	2
256	420	1	2
461	420	1	2
99	423	1	2
207	423	1	2
263	423	1	2
325	423	1	2
354	426	1	2
364	426	1	2
379	426	1	2
36	429	1	2
65	429	1	2
207	429	1	2
326	429	1	2
336	429	1	2
295	430	1	2
356	430	1	2
447	430	1	2
479	430	1	2
15	431	1	2
354	431	1	2
207	437	1	2
247	437	1	2
406	437	1	2
477	437	1	2
188	439	1	2
216	439	1	2
435	439	1	2
460	439	1	2
478	439	1	2
435	442	1	2
146	448	1	2
456	448	1	2
42	450	1	2
230	451	1	2
288	451	1	2
68	453	1	2
313	453	1	2
435	453	1	2
473	453	1	2
487	453	1	2
161	458	1	2
236	458	1	2
418	459	1	2
153	465	1	2
168	465	1	2
192	467	1	2
200	467	1	2
320	467	1	2
54	468	1	2
207	468	1	2
309	468	1	2
415	468	1	2
168	469	1	2
172	469	1	2
207	469	1	2
261	469	1	2
266	469	1	2
379	469	1	2
25	474	1	2
113	474	1	2
477	477	1	2
87	479	1	2
207	479	1	2
293	479	1	2
336	479	1	2
21	481	1	2
68	481	1	2
256	481	1	2
266	481	1	2
338	481	1	2
412	481	1	2
422	481	1	2
63	493	1	2
253	493	1	2
295	493	1	2
30	497	1	2
201	497	1	2
306	497	1	2
464	497	1	2
496	497	1	2
146	501	1	2
181	501	1	2
216	501	1	2
344	501	1	2
379	501	1	2
492	501	1	2
376	503	1	2
486	503	1	2
63	509	1	2
434	509	1	2
63	514	1	2
153	514	1	2
257	514	1	2
420	514	1	2
430	514	1	2
322	515	1	2
54	519	2	2
207	519	1	2
309	519	1	2
24	522	1	2
67	522	1	2
70	522	1	2
104	522	1	2
69	525	1	2
83	525	1	2
398	525	1	2
461	525	1	2
266	528	1	2
370	528	1	2
291	530	1	2
1	534	1	2
159	534	1	2
101	541	1	2
265	541	1	2
445	541	1	2
467	541	1	2
464	550	1	2
69	573	1	2
173	573	1	2
207	573	1	2
339	573	1	2
97	574	1	2
153	574	1	2
187	574	1	2
250	574	1	2
464	574	1	2
190	579	1	2
274	579	1	2
302	579	1	2
310	579	1	2
364	579	1	2
437	579	1	2
54	585	1	2
101	585	1	2
115	585	1	2
162	585	1	2
207	585	1	2
298	585	1	2
46	586	1	2
63	586	1	2
168	586	1	2
13	591	1	2
101	591	1	2
104	591	1	2
107	591	1	2
407	591	1	2
467	591	1	2
54	602	1	2
162	602	1	2
207	602	1	2
298	602	1	2
128	605	1	2
156	605	1	2
182	605	1	2
266	608	1	2
104	610	1	2
261	610	1	2
464	610	1	2
361	615	1	2
182	636	1	2
207	636	1	2
248	636	1	2
261	636	1	2
334	636	1	2
388	636	1	2
67	642	1	2
234	642	1	2
239	642	1	2
264	642	1	2
488	642	1	2
347	671	1	2
395	671	1	2
227	673	1	2
227	688	1	2
471	697	1	2
59	704	1	2
207	704	1	2
131	705	1	2
178	705	1	2
347	705	1	2
162	707	1	2
207	707	1	2
323	707	1	2
460	709	1	2
477	709	1	2
325	711	1	2
409	711	1	2
146	712	1	2
313	712	1	2
396	712	1	2
17	713	1	2
103	713	1	2
113	713	1	2
132	713	1	2
162	713	1	2
207	713	1	2
298	713	1	2
54	715	1	2
162	715	1	2
207	715	1	2
298	715	1	2
373	715	1	2
150	718	1	2
199	718	1	2
310	718	1	2
466	720	1	2
67	722	1	2
122	722	1	2
447	722	1	2
479	722	1	2
227	727	1	2
241	727	1	2
124	728	1	2
191	728	1	2
382	728	1	2
435	728	1	2
444	728	1	2
229	731	1	2
113	736	1	2
132	736	1	2
207	736	1	2
281	736	1	2
435	736	1	2
202	756	1	2
435	756	1	2
227	757	1	2
241	757	1	2
318	757	1	2
207	761	1	2
227	761	1	2
236	761	1	2
241	761	1	2
335	762	1	2
364	762	1	2
489	762	1	2
66	763	1	2
85	764	1	2
386	764	1	2
455	764	1	2
227	766	1	2
236	766	1	2
241	766	1	2
438	766	1	2
494	766	1	2
67	767	1	2
81	767	1	2
227	768	1	2
241	768	1	2
476	768	1	2
35	771	1	2
72	771	1	2
81	771	1	2
169	771	1	2
208	771	1	2
256	771	1	2
81	772	1	2
189	775	1	2
432	775	1	2
207	776	1	2
269	776	1	2
429	776	1	2
431	776	1	2
248	777	1	2
342	777	1	2
407	777	1	2
231	779	1	2
464	779	1	2
253	781	1	2
479	783	1	2
163	785	1	2
376	785	1	2
437	785	1	2
464	785	1	2
141	789	1	2
144	789	1	2
151	789	1	2
201	789	1	2
249	789	1	2
169	794	1	2
380	794	1	2
411	794	1	2
490	794	1	2
28	798	1	2
207	798	1	2
335	798	1	2
356	798	1	2
364	798	1	2
257	802	1	2
445	802	1	2
35	806	1	2
180	806	1	2
399	806	1	2
435	806	1	2
74	811	1	2
294	811	1	2
197	813	1	2
122	815	1	2
419	815	1	2
440	815	1	2
402	816	1	2
445	816	1	2
106	817	1	2
290	818	1	2
101	820	1	2
121	820	1	2
189	820	1	2
420	820	1	2
33	822	1	2
266	822	1	2
304	822	1	2
38	828	1	2
63	828	1	2
338	828	1	2
363	828	1	2
214	832	1	2
325	832	1	2
378	832	1	2
18	842	1	2
258	842	1	2
451	842	1	2
178	845	1	2
416	845	1	2
203	846	1	2
435	846	1	2
28	848	1	2
115	848	2	2
231	850	1	2
444	850	1	2
455	850	1	2
101	851	1	2
304	851	1	2
123	856	1	2
300	856	1	2
207	858	1	2
329	858	1	2
330	858	1	2
344	858	1	2
425	858	1	2
137	860	1	2
354	861	1	2
8	862	1	2
6	864	1	2
207	864	1	2
435	864	1	2
40	865	1	2
192	865	1	2
128	871	1	2
137	871	1	2
139	871	1	2
254	871	1	2
485	871	1	2
266	874	1	2
464	876	1	2
471	876	1	2
87	877	1	2
39	879	1	2
317	879	1	2
450	879	1	2
54	880	1	2
266	880	1	2
93	882	1	2
195	882	1	2
217	882	1	2
237	882	1	2
251	882	1	2
266	882	1	2
359	882	1	2
13	886	1	2
217	886	1	2
137	891	1	2
464	891	1	2
384	894	1	2
51	896	1	2
282	899	1	2
92	900	1	2
127	900	1	2
186	900	1	2
432	900	1	2
23	901	1	2
8	907	1	2
402	907	1	2
32	908	1	2
207	908	1	2
427	908	1	2
435	908	1	2
411	909	1	2
40	911	1	2
63	911	1	2
86	911	1	2
163	911	1	2
222	911	1	2
466	911	1	2
479	911	1	2
156	918	1	2
266	918	1	2
396	918	1	2
435	918	1	2
16	927	1	2
144	927	1	2
310	927	1	2
320	927	1	2
356	927	1	2
2	932	1	2
90	932	1	2
205	932	1	2
316	932	1	2
341	932	1	2
343	932	1	2
442	932	1	2
207	956	1	2
435	956	1	2
207	958	1	2
344	958	1	2
193	961	1	2
218	961	1	2
335	961	1	2
410	961	2	2
470	961	1	2
361	962	1	2
464	962	1	2
472	962	1	2
473	962	1	2
54	966	1	2
207	966	1	2
263	966	1	2
309	966	1	2
311	966	1	2
318	966	1	2
350	966	1	2
61	969	1	2
54	971	1	2
207	971	1	2
71	973	1	2
207	973	1	2
442	973	1	2
88	978	1	2
127	978	1	2
137	978	1	2
261	978	1	2
23	981	1	2
74	981	1	2
458	981	1	2
293	982	1	2
84	983	1	2
358	983	1	2
54	985	1	2
90	985	1	2
207	985	1	2
369	985	1	2
460	985	1	2
464	985	1	2
495	985	1	2
207	986	1	2
369	986	1	2
460	986	1	2
495	986	1	2
499	986	1	2
54	988	1	2
207	988	1	2
309	988	1	2
318	988	1	2
412	988	1	2
12	990	1	2
466	990	1	2
358	993	1	2
478	993	1	2
205	994	1	2
313	994	1	2
484	994	1	2
207	995	1	2
358	995	1	2
308	998	1	2
490	998	1	2
393	999	2	2
438	999	2	2
442	999	1	2
464	999	1	2
54	1001	1	2
207	1001	1	2
309	1001	1	2
135	1005	1	2
265	1005	1	2
201	1007	1	2
248	1007	1	2
54	1014	1	2
122	1014	1	2
207	1014	1	2
369	1014	1	2
495	1014	1	2
105	1015	1	2
319	1015	1	2
393	1015	1	2
438	1015	1	2
462	1015	1	2
54	1018	2	2
173	1018	1	2
207	1018	1	2
293	1018	1	2
310	1018	1	2
339	1018	1	2
88	1020	1	2
207	1020	1	2
311	1020	1	2
376	1022	1	2
380	1022	1	2
94	1027	1	2
207	1030	1	2
335	1030	1	2
435	1030	1	2
63	1048	1	2
364	1048	1	2
464	1048	1	2
214	1075	1	2
493	1075	1	2
359	1081	1	2
418	1081	1	2
359	1092	1	2
418	1092	1	2
289	1093	1	2
254	1094	1	2
257	1094	1	2
435	1094	1	2
137	1096	2	2
361	1096	1	2
420	1096	1	2
442	1096	1	2
479	1096	1	2
197	1097	1	2
207	1097	1	2
235	1097	1	2
460	1097	1	2
211	1098	1	2
235	1098	1	2
137	1100	1	2
293	1100	1	2
435	1100	1	2
266	1101	2	2
143	1103	1	2
195	1103	1	2
457	1105	1	2
213	1107	1	2
235	1107	1	2
289	1107	1	2
292	1107	1	2
293	1107	1	2
382	1107	1	2
435	1107	1	2
442	1107	1	2
95	1108	1	2
453	1108	1	2
488	1108	1	2
56	1110	1	2
197	1110	1	2
382	1110	1	2
484	1110	1	2
10	1111	1	2
118	1111	1	2
380	1111	1	2
387	1111	1	2
487	1111	1	2
118	1115	1	2
336	1115	1	2
188	1120	1	2
88	1121	1	2
37	1133	1	2
207	1133	1	2
318	1133	1	2
350	1133	1	2
442	1140	1	2
54	1151	1	2
133	1151	1	2
207	1151	1	2
325	1151	1	2
369	1151	1	2
460	1151	1	2
495	1151	1	2
6	1157	1	2
418	1157	1	2
54	1160	1	2
183	1160	1	2
274	1160	1	2
499	1160	1	2
24	1162	1	2
337	1162	1	2
410	1162	1	2
177	1165	1	2
291	1165	1	2
257	1168	1	2
2	1174	1	2
207	1174	1	2
435	1174	1	2
98	1182	1	2
54	1185	1	2
207	1185	1	2
311	1185	1	2
318	1185	1	2
350	1185	1	2
377	1185	2	2
18	1190	1	2
207	1190	1	2
330	1190	1	2
381	1190	1	2
411	1190	1	2
425	1190	1	2
74	1195	1	2
180	1195	1	2
442	1195	1	2
138	1196	1	2
393	1196	1	2
474	1196	1	2
156	1211	1	2
249	1211	1	2
145	1215	1	2
207	1215	1	2
230	1215	1	2
178	1216	1	2
191	1216	1	2
170	1226	1	2
10	1228	1	2
183	1228	1	2
291	1228	1	2
447	1228	1	2
34	1239	1	2
222	1269	1	2
82	1276	1	2
207	1276	1	2
435	1276	1	2
499	1276	1	2
54	1280	1	2
207	1280	2	2
309	1280	1	2
63	1283	1	2
166	1283	1	2
207	1283	1	2
60	1288	1	2
42	1290	1	2
442	1290	1	2
207	1291	1	2
309	1291	1	2
36	1297	1	2
143	1305	1	2
144	1305	1	2
189	1305	1	2
464	1305	2	2
496	1305	1	2
420	1307	1	2
430	1307	1	2
188	1313	1	2
207	1313	1	2
356	1313	1	2
132	1316	1	2
162	1316	1	2
207	1316	1	2
323	1316	1	2
15	1318	1	2
119	1318	1	2
207	1318	1	2
338	1325	1	2
357	1325	1	2
445	1325	1	2
40	1327	1	2
84	1327	1	2
86	1327	1	2
207	1327	1	2
289	1327	1	2
187	1332	1	2
442	1332	1	2
486	1332	1	2
63	1342	1	2
207	1342	1	2
90	1347	1	2
324	1358	1	2
500	1358	1	2
60	1364	1	2
296	1364	1	2
315	1364	1	2
296	1371	1	2
479	1373	2	2
165	1375	1	2
284	1375	1	2
296	1375	1	2
81	1376	1	2
117	1376	1	2
299	1376	1	2
54	1377	1	2
87	1377	1	2
207	1377	1	2
266	1379	1	2
296	1379	1	2
494	1379	1	2
54	1382	2	2
162	1382	1	2
207	1382	1	2
298	1382	2	2
54	1392	1	2
137	1392	1	2
207	1392	1	2
303	1392	1	2
54	1403	1	2
207	1403	1	2
309	1403	1	2
318	1403	1	2
412	1403	1	2
65	1413	1	2
207	1413	1	2
313	1413	1	2
414	1413	1	2
23	1417	1	2
46	1417	1	2
55	1417	1	2
207	1417	1	2
332	1417	1	2
360	1417	1	2
435	1417	1	2
464	1417	1	2
467	1417	1	2
129	1425	1	2
207	1425	1	2
216	1425	1	2
318	1425	1	2
377	1425	1	2
442	1425	1	2
479	1428	1	2
165	1429	1	2
435	1429	1	2
55	1431	1	2
207	1431	1	2
303	1431	1	2
430	1431	1	2
467	1431	1	2
129	1433	1	2
207	1433	1	2
263	1433	1	2
318	1433	1	2
350	1433	1	2
377	1433	1	2
296	1435	1	2
145	1438	1	2
456	1438	1	2
51	1454	1	2
190	1454	1	2
23	1468	1	2
207	1468	1	2
207	1470	1	2
329	1470	1	2
330	1470	1	2
344	1470	1	2
425	1470	1	2
74	1475	1	2
435	1475	1	2
61	1476	1	2
112	1476	1	2
187	1476	1	2
235	1476	1	2
257	1476	1	2
326	1476	1	2
435	1476	1	2
499	1476	1	2
54	1489	1	2
295	1489	1	2
435	1489	1	2
157	1490	1	2
207	1490	1	2
293	1490	1	2
321	1490	1	2
396	1490	1	2
445	1490	1	2
55	1494	1	2
207	1494	1	2
310	1494	1	2
371	1494	1	2
354	1497	1	2
435	1497	1	2
198	1498	1	2
442	1498	1	2
55	1503	1	2
207	1503	1	2
310	1503	1	2
371	1503	1	2
191	1521	1	2
325	1521	1	2
11	1550	1	2
325	1550	1	2
253	1565	1	2
353	1565	1	2
43	1569	1	2
120	1569	1	2
236	1569	1	2
266	1569	1	2
207	1578	2	2
435	1578	1	2
477	1578	1	2
207	1583	1	2
213	1583	1	2
354	1583	1	2
435	1583	1	2
54	1585	1	2
68	1585	1	2
129	1585	1	2
207	1585	1	2
289	1585	1	2
435	1585	1	2
478	1585	1	2
11	1586	1	2
191	1586	1	2
382	1586	1	2
21	1607	1	2
84	1607	1	2
207	1607	1	2
194	1616	1	2
460	1616	1	2
327	1620	1	2
55	1633	1	2
207	1633	1	2
310	1633	1	2
371	1633	1	2
121	1635	1	2
477	1635	1	2
466	1637	1	2
437	1644	1	2
54	1653	1	2
207	1653	1	2
298	1653	1	2
54	1654	1	2
90	1654	1	2
129	1654	2	2
155	1654	1	2
207	1654	1	2
318	1654	1	2
350	1654	1	2
435	1654	1	2
464	1654	1	2
478	1654	1	2
71	1655	1	2
156	1669	1	2
207	1669	1	2
435	1669	1	2
464	1669	1	2
54	1708	1	2
207	1708	1	2
243	1708	1	2
309	1708	1	2
54	1713	1	2
207	1713	1	2
293	1713	1	2
309	1713	1	2
107	1716	1	2
189	1716	1	2
207	1716	1	2
273	1716	1	2
274	1716	1	2
377	1716	1	2
395	1716	1	2
460	1716	1	2
464	1716	1	2
54	1718	1	2
207	1718	1	2
252	1718	2	2
353	1718	1	2
462	1718	1	2
54	1733	1	2
207	1733	1	2
309	1733	1	2
69	1734	1	2
206	1734	1	2
207	1734	1	2
3	1753	1	2
66	1753	1	2
106	1753	1	2
118	1753	1	2
146	1753	1	2
273	1753	1	2
325	1753	1	2
327	1753	1	2
406	1753	1	2
420	1753	1	2
456	1753	1	2
479	1753	1	2
122	1760	1	2
185	1760	1	2
207	1760	1	2
173	1768	1	2
318	1768	2	2
339	1768	1	2
350	1768	1	2
173	1772	1	2
207	1772	1	2
339	1772	1	2
54	1773	1	2
173	1773	1	2
207	1773	1	2
309	1773	1	2
311	1773	1	2
339	1773	1	2
207	1789	1	2
329	1789	1	2
183	1793	1	2
207	1793	1	2
263	1793	1	2
274	1793	1	2
311	1793	1	2
318	1793	1	2
350	1793	1	2
371	1793	1	2
372	1793	1	2
451	1793	1	2
207	1799	3	2
223	1799	1	2
242	1799	1	2
243	1799	1	2
260	1799	1	2
331	1799	1	2
413	1799	1	2
497	1799	1	2
207	1806	3	2
223	1806	1	2
242	1806	1	2
243	1806	1	2
260	1806	1	2
331	1806	1	2
413	1806	1	2
497	1806	1	2
178	1807	1	2
180	1807	1	2
418	1807	1	2
435	1807	1	2
207	1808	3	2
223	1808	1	2
242	1808	1	2
243	1808	1	2
260	1808	1	2
331	1808	1	2
413	1808	1	2
497	1808	1	2
251	1817	1	2
257	1817	1	2
283	1817	1	2
207	1823	3	2
223	1823	1	2
242	1823	1	2
243	1823	1	2
260	1823	1	2
331	1823	1	2
413	1823	1	2
497	1823	1	2
207	1845	3	2
223	1845	1	2
242	1845	1	2
243	1845	1	2
260	1845	1	2
331	1845	1	2
413	1845	1	2
497	1845	1	2
207	1850	3	2
223	1850	1	2
242	1850	1	2
243	1850	1	2
260	1850	1	2
331	1850	1	2
413	1850	1	2
497	1850	1	2
2	1852	1	2
90	1852	1	2
144	1852	1	2
171	1852	1	2
422	1852	1	2
435	1852	1	2
489	1852	1	2
207	1855	3	2
223	1855	1	2
242	1855	1	2
243	1855	1	2
260	1855	1	2
331	1855	1	2
413	1855	1	2
497	1855	1	2
207	1857	3	2
223	1857	1	2
242	1857	1	2
243	1857	1	2
260	1857	1	2
331	1857	1	2
413	1857	1	2
497	1857	1	2
207	1859	3	2
223	1859	1	2
242	1859	1	2
243	1859	1	2
260	1859	1	2
331	1859	1	2
413	1859	1	2
497	1859	1	2
207	1862	1	2
332	1862	1	2
182	1888	1	2
207	1888	1	2
266	1888	1	2
373	1888	1	2
207	1889	1	2
373	1889	1	2
207	1905	1	2
207	1914	3	2
223	1914	1	2
242	1914	1	2
243	1914	1	2
260	1914	1	2
331	1914	1	2
413	1914	1	2
497	1914	1	2
464	1919	1	2
186	1920	1	2
268	1920	1	2
359	1920	1	2
101	1927	1	2
460	1927	1	2
112	1929	1	2
127	1929	1	2
262	1929	1	2
473	1929	1	2
366	1937	1	2
461	1937	1	2
473	1937	1	2
157	1945	1	2
176	1945	2	2
290	1945	1	2
501	1945	1	2
70	1947	1	2
207	1951	1	2
438	1951	1	2
200	1954	1	2
284	1954	1	2
310	1954	1	2
347	1954	1	2
435	1954	1	2
23	1962	1	2
54	1962	1	2
207	1962	1	2
54	1974	1	2
88	1974	1	2
136	1981	1	2
418	1981	1	2
6	1993	1	2
19	1993	1	2
183	1993	1	2
205	1993	1	2
266	1993	1	2
427	1993	1	2
494	1993	1	2
499	1993	1	2
46	1999	1	2
207	1999	1	2
261	2007	1	2
486	2007	1	2
30	2009	1	2
76	2014	1	2
123	2014	1	2
207	2014	1	2
313	2014	1	2
409	2014	1	2
461	2014	1	2
52	2017	1	2
299	2017	1	2
486	2017	1	2
54	2021	1	2
136	2021	1	2
207	2021	1	2
157	2026	1	2
88	2029	1	2
499	2029	1	2
110	2037	2	2
121	2037	1	2
213	2037	1	2
217	2037	1	2
225	2037	1	2
310	2037	1	2
340	2037	1	2
76	2038	1	2
207	2044	1	2
266	2044	1	2
188	2048	1	2
207	2048	1	2
318	2048	1	2
350	2048	1	2
54	2051	1	2
207	2051	1	2
225	2051	1	2
256	2051	1	2
435	2051	1	2
131	2054	1	2
498	2060	1	2
256	2069	1	2
318	2069	1	2
350	2069	1	2
207	2076	1	2
266	2078	1	2
318	2078	1	2
121	2092	1	2
265	2092	1	2
328	2092	1	2
340	2092	2	2
390	2092	1	2
207	2105	1	2
373	2105	1	2
207	2108	1	2
497	2108	1	2
104	2109	1	2
343	2109	1	2
378	2109	1	2
391	2109	1	2
193	2114	1	2
347	2114	1	2
435	2114	1	2
189	2116	1	2
35	2119	1	2
51	2119	1	2
54	2122	1	2
204	2122	1	2
207	2122	1	2
329	2122	1	2
344	2122	1	2
54	2123	1	2
207	2123	1	2
329	2123	1	2
344	2123	1	2
207	2129	1	2
329	2129	1	2
344	2129	1	2
54	2131	1	2
204	2131	1	2
207	2131	1	2
329	2131	1	2
344	2131	1	2
76	2142	1	2
143	2142	1	2
257	2142	1	2
316	2142	1	2
456	2142	1	2
473	2142	1	2
54	2152	1	2
84	2152	1	2
207	2152	1	2
445	2152	1	2
466	2152	1	2
4	2154	1	2
54	2154	1	2
84	2154	1	2
207	2154	1	2
445	2154	1	2
466	2154	1	2
171	2158	1	2
338	2158	1	2
466	2158	1	2
88	2160	1	2
129	2160	1	2
203	2160	1	2
207	2160	1	2
9	2169	1	2
9	2174	1	2
180	2174	1	2
186	2174	1	2
273	2174	1	2
408	2174	1	2
464	2174	1	2
207	2177	1	2
17	2186	1	2
122	2186	1	2
207	2186	1	2
284	2186	1	2
375	2186	1	2
435	2186	1	2
83	2188	1	2
116	2191	1	2
291	2195	1	2
435	2195	1	2
463	2195	1	2
207	2196	1	2
490	2196	1	2
180	2198	1	2
299	2198	1	2
88	2200	1	2
169	2200	1	2
179	2200	1	2
245	2200	1	2
154	2202	1	2
325	2202	1	2
380	2202	1	2
209	2203	1	2
327	2203	1	2
135	2204	1	2
266	2204	1	2
408	2204	1	2
271	2206	1	2
276	2206	1	2
381	2206	1	2
403	2206	1	2
5	2210	1	2
376	2210	1	2
21	2212	1	2
140	2212	1	2
171	2212	1	2
207	2212	1	2
435	2212	1	2
451	2212	1	2
118	2213	1	2
142	2213	1	2
154	2213	1	2
167	2213	1	2
327	2213	1	2
5	2217	1	2
109	2217	1	2
116	2217	1	2
261	2217	1	2
35	2219	1	2
328	2219	2	2
392	2219	1	2
444	2219	1	2
35	2222	1	2
109	2222	1	2
116	2222	1	2
212	2222	1	2
392	2222	1	2
5	2224	1	2
78	2224	1	2
258	2224	1	2
376	2224	1	2
464	2224	1	2
470	2224	1	2
13	2227	1	2
35	2227	1	2
109	2227	1	2
116	2227	1	2
194	2227	1	2
218	2227	1	2
261	2227	1	2
392	2227	1	2
479	2227	1	2
261	2230	1	2
289	2230	1	2
5	2231	1	2
277	2231	1	2
408	2231	1	2
437	2231	1	2
464	2231	1	2
35	2232	1	2
116	2232	1	2
392	2232	1	2
120	2233	2	2
198	2233	1	2
266	2233	1	2
276	2233	1	2
78	2235	1	2
120	2235	2	2
137	2235	1	2
397	2235	1	2
471	2235	1	2
494	2235	1	2
294	2241	1	2
295	2241	1	2
466	2241	1	2
403	2247	1	2
5	2250	1	2
277	2250	1	2
325	2252	1	2
207	2256	1	2
402	2256	1	2
464	2256	1	2
266	2261	1	2
442	2261	1	2
116	2265	1	2
135	2265	1	2
261	2265	1	2
408	2265	1	2
436	2265	1	2
479	2265	1	2
142	2270	1	2
485	2270	1	2
94	2271	1	2
116	2273	1	2
116	2275	1	2
261	2275	2	2
403	2275	1	2
92	2278	1	2
129	2278	1	2
266	2278	1	2
276	2278	1	2
281	2278	1	2
409	2278	1	2
466	2278	1	2
237	2279	1	2
245	2279	1	2
163	2280	1	2
230	2280	1	2
95	2283	1	2
116	2283	1	2
261	2283	2	2
109	2284	1	2
338	2284	2	2
207	2289	1	2
358	2289	1	2
492	2289	1	2
63	2303	1	2
149	2304	1	2
207	2304	1	2
51	2305	1	2
282	2305	1	2
218	2317	1	2
479	2317	1	2
207	2319	1	2
332	2319	1	2
417	2319	1	2
153	2320	1	2
193	2320	1	2
265	2320	1	2
368	2320	1	2
435	2320	1	2
122	2325	1	2
261	2325	1	2
464	2325	1	2
207	2327	1	2
369	2327	1	2
414	2327	1	2
63	2331	1	2
400	2331	1	2
35	2334	1	2
145	2350	1	2
207	2350	1	2
270	2355	1	2
147	2364	1	2
464	2364	1	2
43	2365	1	2
119	2365	1	2
80	2369	1	2
265	2369	1	2
327	2369	1	2
146	2370	1	2
248	2370	1	2
479	2370	1	2
53	2386	1	2
206	2386	1	2
231	2387	1	2
237	2387	1	2
361	2387	1	2
390	2387	1	2
438	2387	1	2
28	2388	1	2
186	2388	1	2
207	2388	1	2
30	2391	1	2
40	2391	1	2
165	2391	1	2
188	2391	1	2
66	2398	1	2
325	2398	2	2
39	2399	1	2
50	2399	2	2
51	2399	1	2
207	2399	1	2
332	2399	1	2
207	2401	1	2
386	2401	1	2
202	2404	1	2
284	2404	1	2
54	2407	1	2
86	2407	1	2
207	2407	1	2
309	2407	1	2
412	2407	1	2
499	2407	1	2
146	2	1	3
188	2	1	3
288	2	1	3
418	2	1	3
464	2	1	3
251	4	1	3
357	4	1	3
383	4	1	3
265	5	1	3
342	5	1	3
346	26	1	3
233	37	1	3
282	37	1	3
340	37	1	3
197	40	1	3
207	41	1	3
3	43	1	3
87	43	1	3
255	43	1	3
382	43	1	3
52	46	1	3
435	46	1	3
169	48	1	3
261	48	1	3
31	50	1	3
304	50	1	3
169	54	1	3
192	54	1	3
259	54	1	3
270	54	1	3
405	54	1	3
78	55	1	3
95	55	1	3
188	68	1	3
464	68	1	3
478	68	1	3
207	69	1	3
327	69	1	3
30	79	1	3
87	79	1	3
151	79	1	3
485	79	1	3
400	81	1	3
432	81	1	3
435	81	1	3
464	81	1	3
207	84	1	3
435	84	1	3
207	92	1	3
137	97	1	3
207	97	1	3
444	97	1	3
452	97	1	3
207	111	1	3
452	111	1	3
467	111	1	3
207	112	1	3
452	112	1	3
467	112	1	3
123	119	1	3
334	119	1	3
452	119	1	3
191	121	1	3
261	121	1	3
421	121	1	3
207	127	1	3
266	127	1	3
435	127	1	3
138	158	1	3
191	158	1	3
209	158	1	3
259	158	1	3
300	158	1	3
416	158	1	3
207	170	1	3
386	170	1	3
216	178	1	3
325	178	1	3
344	178	1	3
384	178	1	3
386	178	1	3
459	178	1	3
461	178	1	3
176	247	4	3
66	279	1	3
189	279	1	3
190	279	1	3
207	279	1	3
325	279	1	3
349	279	1	3
478	279	1	3
207	286	1	3
382	286	1	3
444	286	1	3
48	306	1	3
396	306	1	3
473	306	1	3
106	326	1	3
19	341	1	3
207	341	1	3
259	341	1	3
397	347	1	3
464	347	1	3
127	351	1	3
207	351	1	3
88	358	1	3
437	370	1	3
207	386	1	3
361	386	1	3
382	386	1	3
435	386	1	3
444	386	1	3
114	395	1	3
207	395	1	3
256	395	1	3
326	395	1	3
385	395	1	3
482	395	1	3
459	397	1	3
178	398	1	3
97	405	1	3
182	405	1	3
207	405	1	3
470	405	1	3
104	408	1	3
41	416	1	3
63	416	1	3
359	416	1	3
373	416	1	3
424	416	1	3
195	428	1	3
130	433	1	3
172	433	1	3
258	433	1	3
169	434	1	3
266	434	1	3
101	435	1	3
467	435	1	3
236	436	1	3
407	436	1	3
444	436	1	3
452	436	1	3
363	438	1	3
185	440	1	3
207	440	1	3
464	440	1	3
195	441	1	3
54	456	1	3
207	456	1	3
369	456	1	3
394	456	1	3
495	456	1	3
54	457	1	3
207	457	1	3
265	457	1	3
369	457	1	3
394	457	1	3
460	457	1	3
495	457	1	3
493	460	1	3
54	462	1	3
100	462	1	3
207	462	1	3
54	466	1	3
100	466	1	3
207	466	1	3
207	485	1	3
276	485	1	3
468	492	1	3
78	504	1	3
207	504	1	3
191	516	1	3
376	529	1	3
207	531	1	3
468	539	1	3
200	567	1	3
239	567	1	3
435	567	1	3
188	587	1	3
361	587	1	3
435	587	1	3
42	588	1	3
200	588	1	3
435	588	1	3
478	588	1	3
358	592	1	3
382	592	1	3
435	592	1	3
457	592	1	3
477	592	1	3
207	593	1	3
215	593	1	3
84	594	1	3
261	594	1	3
452	594	1	3
205	595	1	3
233	595	1	3
283	595	1	3
321	595	1	3
268	599	7	3
435	599	1	3
456	599	1	3
499	606	1	3
178	609	1	3
207	613	1	3
233	613	1	3
466	613	1	3
385	616	1	3
482	616	1	3
191	621	1	3
207	621	1	3
266	622	1	3
334	622	1	3
32	633	1	3
266	633	1	3
207	641	1	3
289	641	1	3
340	641	1	3
407	641	1	3
466	641	1	3
477	641	1	3
235	652	1	3
373	652	1	3
401	652	1	3
466	652	1	3
254	655	1	3
435	655	1	3
207	656	1	3
366	656	1	3
202	659	1	3
435	659	1	3
466	659	1	3
478	659	1	3
470	661	1	3
207	721	1	3
169	742	1	3
202	742	1	3
493	742	1	3
28	747	1	3
443	747	1	3
464	747	1	3
466	747	1	3
236	751	1	3
455	751	1	3
237	759	1	3
306	759	1	3
445	759	1	3
28	765	1	3
466	765	1	3
182	769	1	3
179	770	1	3
466	770	1	3
207	788	1	3
293	788	1	3
384	823	1	3
266	833	3	3
442	833	1	3
444	833	1	3
180	836	1	3
308	836	1	3
266	838	1	3
16	857	1	3
117	857	1	3
180	857	1	3
483	857	1	3
54	867	1	3
200	867	1	3
207	867	1	3
309	867	1	3
70	960	1	3
153	960	1	3
17	977	1	3
42	977	1	3
493	977	1	3
112	1004	1	3
63	1016	1	3
459	1016	1	3
213	1017	1	3
113	1019	1	3
496	1019	1	3
207	1031	1	3
332	1031	1	3
187	1032	1	3
325	1032	1	3
207	1033	1	3
49	1044	1	3
82	1044	1	3
63	1047	1	3
88	1047	1	3
132	1047	1	3
13	1061	1	3
206	1061	1	3
207	1061	1	3
382	1061	1	3
293	1070	1	3
176	1078	4	3
382	1078	1	3
144	1083	1	3
274	1083	1	3
310	1083	1	3
351	1083	1	3
496	1083	1	3
28	1089	1	3
268	1089	1	3
390	1089	1	3
451	1089	1	3
66	1118	1	3
89	1118	1	3
456	1118	1	3
460	1118	1	3
195	1144	1	3
13	1146	1	3
198	1146	1	3
232	1146	1	3
285	1146	1	3
36	1175	1	3
123	1175	1	3
188	1175	1	3
284	1176	1	3
393	1178	1	3
75	1181	1	3
85	1181	1	3
207	1184	1	3
435	1184	1	3
73	1210	1	3
207	1210	1	3
332	1210	1	3
54	1225	1	3
207	1225	1	3
309	1225	1	3
317	1234	1	3
438	1234	1	3
442	1234	1	3
187	1240	1	3
297	1240	1	3
464	1240	1	3
54	1246	2	3
207	1246	1	3
309	1246	1	3
54	1253	1	3
100	1253	1	3
207	1253	1	3
397	1253	1	3
488	1287	1	3
211	1299	1	3
45	1308	1	3
169	1308	1	3
312	1308	1	3
325	1308	1	3
232	1352	1	3
285	1352	1	3
402	1352	1	3
184	1353	1	3
207	1353	1	3
232	1353	2	3
285	1353	1	3
386	1353	1	3
424	1353	1	3
232	1355	1	3
285	1355	1	3
386	1355	1	3
232	1360	1	3
285	1360	1	3
402	1360	1	3
232	1363	1	3
285	1363	1	3
98	1366	1	3
168	1366	1	3
232	1366	1	3
285	1366	1	3
112	1367	1	3
268	1367	5	3
306	1367	1	3
96	1370	1	3
484	1370	1	3
166	1372	1	3
171	1372	1	3
232	1372	1	3
285	1372	1	3
338	1372	1	3
445	1372	1	3
137	1378	1	3
232	1378	1	3
278	1378	1	3
285	1378	1	3
377	1378	1	3
14	1380	1	3
191	1380	1	3
232	1380	1	3
285	1380	2	3
112	1390	3	3
479	1390	1	3
232	1398	1	3
285	1398	1	3
36	1402	1	3
123	1402	1	3
188	1402	1	3
232	1410	1	3
285	1410	1	3
33	1412	1	3
88	1412	1	3
373	1412	1	3
470	1412	1	3
52	1414	1	3
336	1416	1	3
441	1416	1	3
11	1423	1	3
325	1423	1	3
399	1423	1	3
418	1423	1	3
19	1432	1	3
73	1432	1	3
154	1432	1	3
207	1432	1	3
312	1432	1	3
423	1432	1	3
109	1452	1	3
228	1452	1	3
266	1452	1	3
490	1452	1	3
54	1509	1	3
207	1509	1	3
297	1509	1	3
309	1509	1	3
427	1509	1	3
432	1584	1	3
166	1604	1	3
445	1604	1	3
232	1608	1	3
285	1608	1	3
36	1613	1	3
282	1613	1	3
464	1613	2	3
30	1618	1	3
327	1618	1	3
479	1618	1	3
188	1702	1	3
193	1702	1	3
309	1702	1	3
485	1702	1	3
442	1715	1	3
457	1715	1	3
464	1721	1	3
207	1728	1	3
445	1728	1	3
207	1746	1	3
445	1746	1	3
181	1751	1	3
435	1786	1	3
437	1786	1	3
14	1800	1	3
245	1800	1	3
328	1800	1	3
407	1800	1	3
188	1814	1	3
207	1814	1	3
268	1814	1	3
305	1829	1	3
435	1829	1	3
207	1836	1	3
266	1836	2	3
305	1836	1	3
396	1836	1	3
488	1838	1	3
400	1842	1	3
112	1848	2	3
154	1848	1	3
207	1848	1	3
306	1848	1	3
414	1848	1	3
24	1867	1	3
106	1867	1	3
142	1867	1	3
325	1867	1	3
257	1870	1	3
459	1882	1	3
470	1882	1	3
416	1884	1	3
25	1886	1	3
126	1886	1	3
207	1886	1	3
24	1908	1	3
197	1908	1	3
382	1908	1	3
85	1911	1	3
91	1911	1	3
293	1911	1	3
437	1911	1	3
479	1997	1	3
133	2002	1	3
207	2004	1	3
305	2004	1	3
305	2006	1	3
85	2022	1	3
207	2022	1	3
256	2022	1	3
297	2022	1	3
427	2022	1	3
428	2022	1	3
451	2022	1	3
153	2033	1	3
402	2033	1	3
464	2033	1	3
118	2039	1	3
206	2039	1	3
336	2039	1	3
273	2046	1	3
466	2046	1	3
38	2049	1	3
261	2049	1	3
52	2067	1	3
266	2067	1	3
492	2067	1	3
61	2121	1	3
166	2121	1	3
470	2121	1	3
481	2121	1	3
54	2126	1	3
207	2126	1	3
309	2126	1	3
233	2133	1	3
448	2133	1	3
207	2164	1	3
326	2164	1	3
135	2165	1	3
261	2165	1	3
324	2165	1	3
456	2165	1	3
478	2167	1	3
11	2170	1	3
131	2170	1	3
455	2170	1	3
94	2172	1	3
126	2172	1	3
470	2172	1	3
9	2215	1	3
54	2215	1	3
135	2215	1	3
207	2215	1	3
362	2215	1	3
405	2226	1	3
446	2229	1	3
161	2234	1	3
261	2234	1	3
270	2234	1	3
435	2234	1	3
120	2236	2	3
127	2236	1	3
198	2236	1	3
209	2236	1	3
486	2236	1	3
178	2243	1	3
182	2243	1	3
212	2243	1	3
266	2249	1	3
266	2258	1	3
9	2266	1	3
54	2266	1	3
207	2266	1	3
355	2266	1	3
377	2266	1	3
84	2287	1	3
207	2287	2	3
256	2287	1	3
415	2287	1	3
207	2300	1	3
77	2306	1	3
266	2308	1	3
130	2311	1	3
466	2311	1	3
8	2314	1	3
304	2314	1	3
18	2324	1	3
82	2324	1	3
207	2340	1	3
55	2347	1	3
54	2353	1	3
207	2353	1	3
88	2357	1	3
39	2363	1	3
45	2363	1	3
75	2363	1	3
207	2363	1	3
299	2363	1	3
377	2363	1	3
461	2363	2	3
163	2378	1	3
464	2378	1	3
50	2381	2	3
54	2381	1	3
207	2381	1	3
355	2381	1	3
152	23	1	4
207	23	1	4
449	23	1	4
367	30	1	4
200	32	1	4
126	34	1	4
137	34	1	4
169	34	1	4
396	34	1	4
479	34	1	4
490	34	1	4
200	35	2	4
207	35	1	4
309	35	1	4
310	35	1	4
33	44	1	4
359	44	1	4
13	49	1	4
256	49	1	4
262	49	1	4
266	49	2	4
2	57	1	4
147	57	1	4
216	57	1	4
236	58	1	4
394	95	1	4
211	98	1	4
30	106	1	4
101	106	1	4
148	106	1	4
3	107	1	4
396	107	1	4
479	107	1	4
187	115	1	4
407	115	1	4
106	143	2	4
207	143	1	4
387	143	1	4
28	187	1	4
111	187	1	4
114	187	1	4
207	187	1	4
256	187	1	4
373	187	1	4
415	187	1	4
469	187	1	4
499	187	1	4
189	190	1	4
207	190	1	4
464	190	1	4
222	210	1	4
266	210	3	4
327	210	1	4
365	210	1	4
453	210	1	4
222	219	1	4
266	219	1	4
137	262	1	4
371	269	1	4
266	272	1	4
473	272	1	4
201	275	1	4
270	275	1	4
136	288	1	4
37	290	1	4
71	290	1	4
266	290	1	4
432	290	1	4
174	313	1	4
267	313	1	4
419	313	1	4
33	331	1	4
168	331	1	4
266	331	2	4
401	331	1	4
408	331	1	4
140	333	1	4
207	333	1	4
267	333	1	4
272	333	1	4
332	333	1	4
106	336	1	4
261	336	1	4
38	349	1	4
147	349	1	4
213	349	1	4
54	352	1	4
155	352	1	4
207	352	1	4
274	352	1	4
325	352	1	4
359	352	1	4
8	357	1	4
101	357	1	4
141	357	1	4
467	357	1	4
29	378	1	4
82	378	1	4
188	378	1	4
207	378	1	4
318	378	1	4
404	378	1	4
478	378	1	4
207	418	1	4
45	421	1	4
234	421	1	4
371	421	1	4
435	421	1	4
437	421	1	4
464	421	1	4
441	424	1	4
140	527	1	4
207	527	1	4
310	527	1	4
145	540	1	4
288	555	1	4
316	555	1	4
444	555	1	4
480	555	1	4
168	561	1	4
207	561	1	4
215	561	1	4
351	561	1	4
20	562	1	4
104	562	1	4
120	562	1	4
445	562	1	4
500	562	1	4
468	575	1	4
142	577	1	4
200	577	1	4
257	577	1	4
89	598	1	4
161	598	1	4
455	598	1	4
207	611	1	4
313	611	1	4
320	611	1	4
500	611	1	4
236	624	1	4
256	630	1	4
359	630	1	4
390	630	1	4
478	630	1	4
96	634	1	4
171	634	1	4
213	634	1	4
397	634	1	4
171	635	1	4
213	635	1	4
254	635	1	4
299	635	1	4
363	635	1	4
401	635	1	4
454	635	1	4
207	645	1	4
235	645	1	4
287	645	1	4
330	645	1	4
256	646	1	4
340	646	1	4
466	646	1	4
24	658	1	4
468	658	1	4
99	663	1	4
206	663	1	4
207	663	1	4
320	663	1	4
445	663	1	4
374	664	1	4
435	675	1	4
35	681	1	4
185	681	1	4
207	681	1	4
334	681	1	4
435	681	1	4
457	681	1	4
484	681	1	4
98	690	1	4
284	690	1	4
435	690	1	4
161	695	1	4
178	695	1	4
239	695	1	4
365	716	1	4
408	716	1	4
420	719	1	4
473	719	1	4
191	723	1	4
292	723	1	4
38	725	1	4
104	725	1	4
182	725	1	4
319	745	1	4
207	749	1	4
277	749	2	4
298	749	1	4
301	749	1	4
389	749	1	4
158	754	1	4
257	754	1	4
75	784	1	4
119	791	1	4
228	800	1	4
16	801	1	4
207	801	1	4
341	801	1	4
442	801	1	4
98	803	1	4
207	803	1	4
435	803	1	4
445	803	1	4
128	807	1	4
200	807	1	4
249	807	1	4
268	807	1	4
328	807	1	4
36	809	1	4
313	809	1	4
155	812	1	4
317	812	1	4
453	812	1	4
308	814	1	4
340	814	1	4
88	826	1	4
207	826	1	4
310	826	1	4
499	826	1	4
134	837	1	4
158	837	1	4
266	837	1	4
322	837	1	4
205	844	1	4
373	844	1	4
464	844	1	4
466	844	1	4
101	849	1	4
207	849	1	4
186	854	1	4
171	870	1	4
477	870	1	4
402	887	1	4
484	887	1	4
32	912	2	4
85	912	1	4
195	912	1	4
199	912	1	4
207	915	1	4
266	915	1	4
435	915	1	4
479	915	1	4
111	919	1	4
142	919	1	4
196	919	1	4
310	919	1	4
22	922	1	4
206	922	1	4
284	922	1	4
88	923	1	4
373	923	1	4
13	924	1	4
126	924	1	4
284	924	1	4
261	925	1	4
137	926	1	4
144	928	1	4
255	928	1	4
487	928	1	4
420	931	1	4
33	933	1	4
42	933	1	4
420	933	1	4
456	933	1	4
205	936	1	4
402	936	1	4
207	938	1	4
376	938	1	4
435	938	1	4
500	938	1	4
272	941	1	4
374	943	1	4
402	943	1	4
70	947	1	4
360	947	1	4
374	947	1	4
402	947	1	4
33	948	1	4
207	949	1	4
277	949	1	4
303	949	1	4
12	950	1	4
207	951	1	4
225	951	1	4
142	954	1	4
366	954	1	4
464	954	1	4
207	955	1	4
124	957	1	4
137	964	1	4
256	968	1	4
469	968	1	4
225	970	1	4
172	972	1	4
366	972	1	4
207	979	1	4
267	979	1	4
272	979	1	4
309	979	1	4
499	979	2	4
74	984	1	4
146	984	1	4
158	984	1	4
458	984	1	4
57	1000	1	4
73	1000	1	4
207	1000	1	4
230	1000	1	4
297	1000	1	4
423	1000	1	4
427	1000	1	4
51	1008	1	4
87	1008	1	4
207	1008	1	4
407	1008	1	4
499	1008	1	4
46	1012	1	4
207	1012	1	4
309	1012	1	4
499	1012	1	4
245	1013	1	4
261	1013	1	4
306	1013	1	4
440	1013	1	4
473	1013	1	4
244	1025	1	4
266	1025	1	4
272	1025	1	4
417	1025	1	4
435	1025	1	4
124	1029	1	4
194	1029	1	4
247	1029	2	4
442	1029	1	4
460	1029	2	4
155	1035	1	4
207	1052	1	4
102	1055	1	4
107	1055	1	4
137	1055	1	4
205	1055	1	4
402	1055	1	4
198	1056	1	4
261	1056	1	4
310	1056	1	4
207	1057	1	4
309	1057	1	4
417	1057	1	4
499	1057	1	4
141	1060	1	4
457	1060	1	4
466	1060	1	4
207	1065	1	4
200	1086	1	4
418	1086	1	4
477	1086	1	4
202	1091	1	4
207	1091	1	4
266	1091	1	4
267	1091	1	4
272	1091	1	4
289	1091	1	4
293	1091	1	4
418	1091	1	4
477	1091	1	4
36	1106	1	4
188	1106	1	4
305	1106	1	4
136	1109	1	4
152	1109	1	4
207	1109	1	4
329	1109	1	4
344	1109	1	4
449	1109	1	4
48	1112	1	4
195	1112	1	4
207	1112	1	4
293	1112	1	4
73	1114	1	4
207	1114	1	4
29	1125	1	4
82	1125	1	4
207	1125	1	4
267	1125	1	4
272	1125	1	4
318	1125	1	4
95	1127	1	4
189	1127	1	4
321	1127	1	4
419	1127	1	4
491	1127	1	4
146	1142	1	4
216	1142	1	4
266	1142	1	4
325	1142	1	4
378	1143	1	4
397	1143	1	4
103	1147	1	4
207	1147	1	4
272	1147	1	4
310	1147	1	4
423	1147	1	4
138	1153	1	4
207	1153	1	4
460	1153	1	4
87	1163	1	4
28	1167	1	4
207	1167	1	4
279	1169	1	4
377	1169	1	4
430	1169	1	4
442	1169	1	4
310	1177	1	4
466	1177	1	4
478	1187	1	4
207	1192	1	4
229	1192	1	4
271	1192	1	4
275	1192	2	4
309	1192	1	4
388	1192	1	4
406	1192	2	4
450	1192	1	4
499	1192	1	4
207	1198	1	4
275	1198	1	4
289	1198	1	4
214	1201	1	4
207	1206	1	4
309	1206	1	4
499	1206	1	4
95	1208	1	4
168	1208	1	4
266	1208	1	4
435	1208	1	4
475	1208	1	4
207	1227	1	4
435	1227	1	4
137	1229	1	4
49	1232	1	4
57	1232	1	4
310	1232	1	4
353	1232	1	4
382	1232	1	4
435	1232	1	4
475	1232	1	4
169	1235	1	4
200	1235	1	4
207	1235	1	4
266	1235	1	4
289	1235	1	4
274	1236	1	4
356	1236	1	4
499	1236	1	4
49	1237	1	4
57	1237	1	4
310	1237	1	4
352	1237	1	4
353	1237	1	4
382	1237	1	4
435	1237	1	4
475	1237	1	4
207	1247	1	4
293	1247	1	4
339	1247	1	4
386	1247	1	4
491	1247	2	4
188	1251	1	4
289	1251	1	4
393	1258	1	4
88	1260	1	4
293	1260	1	4
304	1260	1	4
312	1260	1	4
435	1260	1	4
462	1260	1	4
191	1264	1	4
325	1268	1	4
328	1268	1	4
354	1268	1	4
420	1268	1	4
178	1271	1	4
284	1271	1	4
207	1279	1	4
277	1279	1	4
298	1279	1	4
301	1279	1	4
324	1279	1	4
367	1279	1	4
377	1279	1	4
389	1279	1	4
435	1285	1	4
478	1285	1	4
22	1289	1	4
84	1289	1	4
338	1289	1	4
364	1292	1	4
293	1294	1	4
52	1295	1	4
188	1295	1	4
87	1296	1	4
187	1296	1	4
417	1296	1	4
457	1296	1	4
439	1298	1	4
153	1302	1	4
310	1302	1	4
359	1302	1	4
435	1302	1	4
466	1302	1	4
477	1302	1	4
207	1306	1	4
386	1306	1	4
466	1306	1	4
480	1310	1	4
207	1311	1	4
267	1311	1	4
272	1311	1	4
309	1311	1	4
499	1311	1	4
152	1312	1	4
207	1312	1	4
309	1312	1	4
449	1312	1	4
499	1312	1	4
38	1314	1	4
87	1314	1	4
207	1317	1	4
418	1317	1	4
477	1317	1	4
490	1317	1	4
89	1319	1	4
135	1319	1	4
273	1319	1	4
275	1319	1	4
406	1319	1	4
46	1320	1	4
254	1324	1	4
22	1328	1	4
36	1328	1	4
188	1328	1	4
197	1328	1	4
202	1328	1	4
264	1328	1	4
460	1328	1	4
292	1330	1	4
354	1330	1	4
487	1330	1	4
26	1333	1	4
113	1333	1	4
207	1333	1	4
6	1336	1	4
24	1336	1	4
161	1336	1	4
187	1336	1	4
443	1336	1	4
82	1344	1	4
184	1344	1	4
207	1344	1	4
318	1344	1	4
329	1344	1	4
344	1344	1	4
82	1345	1	4
84	1345	1	4
276	1345	1	4
348	1345	1	4
435	1345	1	4
443	1345	1	4
478	1345	1	4
289	1350	1	4
292	1350	1	4
157	1354	1	4
258	1354	1	4
325	1354	1	4
348	1354	1	4
490	1354	1	4
207	1357	1	4
309	1357	1	4
499	1357	1	4
207	1362	1	4
309	1362	1	4
449	1362	1	4
499	1362	1	4
207	1365	1	4
418	1365	1	4
89	1369	1	4
112	1369	1	4
177	1381	1	4
284	1381	1	4
306	1381	1	4
478	1381	1	4
207	1391	1	4
277	1391	1	4
309	1391	1	4
499	1391	1	4
207	1396	1	4
288	1405	2	4
294	1405	1	4
336	1405	1	4
483	1405	1	4
207	1408	1	4
293	1408	1	4
84	1415	1	4
99	1415	1	4
123	1415	1	4
158	1415	1	4
168	1415	1	4
207	1415	1	4
329	1415	1	4
435	1415	1	4
287	1418	1	4
446	1418	1	4
29	1419	1	4
207	1419	1	4
266	1419	1	4
435	1419	1	4
447	1419	1	4
347	1420	1	4
460	1420	1	4
501	1420	1	4
343	1426	1	4
474	1426	1	4
32	1439	1	4
207	1439	1	4
418	1439	1	4
462	1439	1	4
477	1439	1	4
189	1446	1	4
209	1446	1	4
282	1446	1	4
451	1446	1	4
496	1446	1	4
180	1448	1	4
284	1448	1	4
287	1448	2	4
420	1448	1	4
378	1449	1	4
442	1449	1	4
479	1449	1	4
179	1457	1	4
479	1457	1	4
137	1459	1	4
257	1464	1	4
18	1467	1	4
142	1467	1	4
191	1467	1	4
229	1467	1	4
306	1469	1	4
36	1471	2	4
177	1471	1	4
188	1471	2	4
455	1471	1	4
494	1471	2	4
36	1474	1	4
46	1474	1	4
153	1474	1	4
288	1474	1	4
337	1474	1	4
360	1474	1	4
209	1500	1	4
485	1500	1	4
22	1501	1	4
185	1501	1	4
207	1501	1	4
284	1501	1	4
355	1501	1	4
62	1504	1	4
148	1504	1	4
372	1504	1	4
266	1506	1	4
273	1507	1	4
325	1507	1	4
207	1508	1	4
310	1508	1	4
423	1508	2	4
469	1508	2	4
207	1510	1	4
251	1511	1	4
282	1511	1	4
207	1513	1	4
84	1516	1	4
435	1516	1	4
84	1517	1	4
115	1517	1	4
191	1517	1	4
435	1517	2	4
455	1517	1	4
207	1520	1	4
309	1520	1	4
499	1520	1	4
113	1523	1	4
172	1523	1	4
174	1523	1	4
326	1523	1	4
64	1530	1	4
66	1530	1	4
185	1530	1	4
207	1530	1	4
249	1530	1	4
458	1530	1	4
180	1535	1	4
302	1535	1	4
354	1535	1	4
491	1535	1	4
207	1536	1	4
474	1536	1	4
149	1540	1	4
207	1540	1	4
277	1540	1	4
298	1540	1	4
301	1540	1	4
389	1540	1	4
273	1541	1	4
447	1541	1	4
28	1557	1	4
59	1557	1	4
207	1557	1	4
309	1557	1	4
499	1557	1	4
45	1559	1	4
207	1559	1	4
276	1559	1	4
73	1574	1	4
207	1574	1	4
272	1574	1	4
450	1574	1	4
491	1574	1	4
202	1575	1	4
388	1575	1	4
408	1575	1	4
435	1575	1	4
490	1575	1	4
89	1576	1	4
135	1576	1	4
273	1576	1	4
275	1576	1	4
406	1576	1	4
207	1580	1	4
73	1587	1	4
207	1587	1	4
277	1587	1	4
332	1587	1	4
463	1587	1	4
491	1587	1	4
207	1591	1	4
234	1591	1	4
289	1591	1	4
293	1591	1	4
63	1592	1	4
176	1592	1	4
207	1592	1	4
306	1594	1	4
464	1594	1	4
82	1596	1	4
184	1596	1	4
207	1596	1	4
311	1596	1	4
318	1596	1	4
207	1597	1	4
127	1609	1	4
199	1609	1	4
325	1609	1	4
89	1610	1	4
91	1610	1	4
184	1610	1	4
207	1610	1	4
272	1610	1	4
351	1610	1	4
347	1611	1	4
420	1611	1	4
178	1617	1	4
479	1617	1	4
127	1624	1	4
401	1624	1	4
407	1624	1	4
420	1624	1	4
432	1624	1	4
84	1626	1	4
137	1626	1	4
151	1626	1	4
248	1626	1	4
443	1626	1	4
464	1626	2	4
178	1628	1	4
347	1628	1	4
437	1628	1	4
455	1628	1	4
107	1632	1	4
207	1632	1	4
212	1632	1	4
289	1632	1	4
435	1632	1	4
169	1636	1	4
265	1636	1	4
426	1636	1	4
101	1638	1	4
152	1638	1	4
180	1638	1	4
426	1638	1	4
480	1638	1	4
207	1639	1	4
32	1641	1	4
47	1641	1	4
328	1641	1	4
454	1641	1	4
485	1641	1	4
207	1642	1	4
289	1642	1	4
307	1642	1	4
341	1642	1	4
261	1643	1	4
292	1643	1	4
177	1645	1	4
182	1645	1	4
248	1645	1	4
309	1645	1	4
405	1645	1	4
420	1645	1	4
168	1646	1	4
373	1646	1	4
39	1647	1	4
182	1647	1	4
340	1647	1	4
401	1647	1	4
405	1647	1	4
479	1647	1	4
261	1648	1	4
338	1648	1	4
6	1649	1	4
17	1649	1	4
32	1649	1	4
38	1649	1	4
69	1649	1	4
142	1649	1	4
207	1649	1	4
464	1649	1	4
217	1657	1	4
426	1657	1	4
447	1657	1	4
501	1657	1	4
161	1662	1	4
426	1662	1	4
86	1664	1	4
295	1664	1	4
310	1664	1	4
313	1664	1	4
435	1664	1	4
342	1668	1	4
207	1670	1	4
21	1671	1	4
153	1671	1	4
207	1671	1	4
284	1671	1	4
203	1672	1	4
270	1672	1	4
291	1672	1	4
322	1672	1	4
396	1672	1	4
426	1672	1	4
460	1672	1	4
473	1672	1	4
24	1679	1	4
460	1679	1	4
485	1679	1	4
229	1684	1	4
177	1685	1	4
405	1685	1	4
420	1685	1	4
144	1690	1	4
178	1690	1	4
274	1690	1	4
377	1690	1	4
410	1690	1	4
279	1691	1	4
435	1691	1	4
481	1691	1	4
17	1692	1	4
346	1692	1	4
383	1692	1	4
41	1693	1	4
87	1693	1	4
284	1694	1	4
123	1699	1	4
188	1699	1	4
435	1699	1	4
73	1703	1	4
175	1703	1	4
207	1703	1	4
277	1703	1	4
309	1703	1	4
434	1703	1	4
450	1703	1	4
499	1703	1	4
443	1707	1	4
464	1707	1	4
111	1711	1	4
207	1711	1	4
499	1711	1	4
442	1714	1	4
466	1714	1	4
142	1722	1	4
207	1724	1	4
309	1724	1	4
499	1724	1	4
207	1725	1	4
223	1725	1	4
276	1725	1	4
349	1725	1	4
73	1729	1	4
86	1729	1	4
207	1729	1	4
309	1729	1	4
450	1729	1	4
499	1729	1	4
73	1730	1	4
204	1730	2	4
207	1730	1	4
400	1730	1	4
60	1731	1	4
207	1731	1	4
473	1731	2	4
34	1736	1	4
308	1736	1	4
464	1736	1	4
207	1739	1	4
269	1739	1	4
207	1740	1	4
394	1740	1	4
421	1740	2	4
105	1741	1	4
111	1747	1	4
207	1747	1	4
499	1747	1	4
381	1749	1	4
442	1749	1	4
253	1750	1	4
325	1750	1	4
76	1754	1	4
207	1754	1	4
249	1754	1	4
262	1754	1	4
310	1754	1	4
22	1758	1	4
435	1758	1	4
133	1762	1	4
292	1762	1	4
293	1762	1	4
435	1762	1	4
256	1763	1	4
355	1763	1	4
479	1763	1	4
494	1763	1	4
168	1766	1	4
419	1766	1	4
435	1766	1	4
123	1769	1	4
336	1769	1	4
119	1770	1	4
253	1775	1	4
498	1775	1	4
73	1776	2	4
175	1776	1	4
207	1776	1	4
277	1776	1	4
450	1776	2	4
300	1777	1	4
73	1779	1	4
207	1779	1	4
309	1779	1	4
450	1779	1	4
499	1779	1	4
168	1781	1	4
261	1781	1	4
332	1781	1	4
386	1781	1	4
435	1781	1	4
98	1784	1	4
106	1784	1	4
73	1788	1	4
175	1788	1	4
207	1788	1	4
277	1788	1	4
310	1788	1	4
450	1788	1	4
207	1792	1	4
277	1792	1	4
298	1792	1	4
301	1792	1	4
389	1792	1	4
207	1794	1	4
277	1794	1	4
298	1794	1	4
301	1794	1	4
309	1794	1	4
332	1794	1	4
389	1794	1	4
499	1794	1	4
118	1802	1	4
167	1802	1	4
207	1802	1	4
168	1820	1	4
460	1820	1	4
32	1821	1	4
207	1821	1	4
474	1824	1	4
493	1824	1	4
73	1828	1	4
207	1828	1	4
277	1828	1	4
329	1828	1	4
344	1828	1	4
463	1828	1	4
207	1840	1	4
229	1840	1	4
309	1840	1	4
499	1840	1	4
207	1841	1	4
332	1841	1	4
207	1847	1	4
309	1847	1	4
499	1847	1	4
137	1854	1	4
207	1854	1	4
464	1854	1	4
207	1856	1	4
277	1856	1	4
298	1856	1	4
301	1856	1	4
309	1856	1	4
389	1856	1	4
499	1856	1	4
207	1861	1	4
277	1861	1	4
298	1861	1	4
301	1861	1	4
344	1861	1	4
389	1861	1	4
461	1861	1	4
73	1863	1	4
175	1863	1	4
207	1863	1	4
277	1863	1	4
309	1863	1	4
450	1863	1	4
499	1863	1	4
25	1865	1	4
65	1865	1	4
192	1866	1	4
388	1866	1	4
424	1869	1	4
481	1869	1	4
486	1869	1	4
207	1871	1	4
229	1871	1	4
275	1871	1	4
309	1871	2	4
406	1871	1	4
499	1871	1	4
207	1873	1	4
289	1873	1	4
383	1873	1	4
421	1873	1	4
207	1874	1	4
343	1874	1	4
73	1876	1	4
175	1876	1	4
207	1876	1	4
277	1876	1	4
309	1876	1	4
450	1876	1	4
499	1876	1	4
207	1877	1	4
449	1877	1	4
419	1880	1	4
437	1880	1	4
82	1881	1	4
184	1881	1	4
207	1881	1	4
309	1881	1	4
311	1881	1	4
318	1881	1	4
499	1881	1	4
73	1885	1	4
207	1885	1	4
329	1885	1	4
344	1885	1	4
450	1885	1	4
256	1890	1	4
266	1890	1	4
374	1890	1	4
460	1890	1	4
209	1891	1	4
404	1891	1	4
478	1891	1	4
82	1915	1	4
184	1915	1	4
207	1915	1	4
309	1915	1	4
310	1915	1	4
332	1915	1	4
499	1915	1	4
284	1921	1	4
441	1922	1	4
88	1928	1	4
435	1928	1	4
467	1928	1	4
188	1932	1	4
207	1932	1	4
289	1932	1	4
88	1935	1	4
188	1935	1	4
419	1935	1	4
188	1938	1	4
207	1938	1	4
289	1938	1	4
111	1942	1	4
207	1942	1	4
272	1942	1	4
310	1942	1	4
491	1942	1	4
299	1943	1	4
207	1956	1	4
310	1956	1	4
479	1956	1	4
73	1957	1	4
207	1957	1	4
277	1957	1	4
309	1957	1	4
463	1957	1	4
499	1957	1	4
207	1959	1	4
309	1959	1	4
499	1959	1	4
131	1966	1	4
213	1966	1	4
488	1966	1	4
435	1967	1	4
207	1971	1	4
277	1971	1	4
298	1971	1	4
301	1971	1	4
389	1971	1	4
486	1971	1	4
51	1973	1	4
135	1973	1	4
142	1973	1	4
207	1973	1	4
277	1973	1	4
391	1976	1	4
110	1977	1	4
271	1977	1	4
340	1978	1	4
112	1980	1	4
206	1980	1	4
207	1982	1	4
309	1982	1	4
499	1982	1	4
13	1983	1	4
190	1983	1	4
454	1983	1	4
477	1983	1	4
73	1984	1	4
175	1984	1	4
207	1984	1	4
277	1984	1	4
450	1984	1	4
15	1986	1	4
87	1986	1	4
107	1987	1	4
180	1987	1	4
432	1987	1	4
84	1988	1	4
435	1988	1	4
207	1989	1	4
84	1991	1	4
96	1991	1	4
248	1991	1	4
273	1991	1	4
435	1991	1	4
321	1994	1	4
426	1994	1	4
261	1995	1	4
29	1996	1	4
82	1996	1	4
129	1996	1	4
207	1996	1	4
310	1996	1	4
318	1996	1	4
25	2010	1	4
94	2011	1	4
257	2011	1	4
282	2011	1	4
342	2011	1	4
462	2011	1	4
94	2012	1	4
257	2012	1	4
282	2012	1	4
342	2012	1	4
462	2012	1	4
373	2018	1	4
79	2020	1	4
207	2020	1	4
404	2020	1	4
82	2023	1	4
107	2023	1	4
152	2023	1	4
207	2023	1	4
449	2023	1	4
450	2023	1	4
28	2024	1	4
59	2024	1	4
207	2024	1	4
309	2024	1	4
499	2024	1	4
501	2027	1	4
207	2028	2	4
212	2035	1	4
83	2041	1	4
84	2041	1	4
340	2041	1	4
432	2041	1	4
433	2041	1	4
435	2041	1	4
479	2041	1	4
152	2050	1	4
207	2050	1	4
213	2050	1	4
449	2050	1	4
256	2052	1	4
499	2052	1	4
124	2053	1	4
273	2053	1	4
423	2053	1	4
467	2053	1	4
207	2055	1	4
229	2055	1	4
309	2055	1	4
499	2055	2	4
73	2056	1	4
207	2056	1	4
277	2056	2	4
310	2056	1	4
463	2056	1	4
3	2073	1	4
213	2073	1	4
327	2073	1	4
247	2088	1	4
325	2088	1	4
269	2093	1	4
487	2093	1	4
461	2094	1	4
488	2094	1	4
247	2095	1	4
325	2095	1	4
96	2097	1	4
155	2102	1	4
206	2102	1	4
302	2102	1	4
420	2102	1	4
84	2103	1	4
324	2103	1	4
435	2103	1	4
442	2103	1	4
207	2106	1	4
402	2106	1	4
435	2106	1	4
207	2111	1	4
464	2112	1	4
487	2112	1	4
255	2113	1	4
30	2117	1	4
81	2117	1	4
117	2117	1	4
167	2117	1	4
171	2117	1	4
433	2117	1	4
180	2118	1	4
422	2118	1	4
435	2118	1	4
207	2120	1	4
277	2120	1	4
298	2120	1	4
301	2120	1	4
309	2120	1	4
389	2120	1	4
499	2120	1	4
188	2125	1	4
334	2125	1	4
488	2125	1	4
187	2130	1	4
207	2130	1	4
169	2136	1	4
266	2136	3	4
327	2136	1	4
453	2136	1	4
57	2139	1	4
111	2139	1	4
207	2139	1	4
207	2140	1	4
309	2140	1	4
417	2140	1	4
499	2140	1	4
435	2141	1	4
454	2141	1	4
363	2143	1	4
421	2143	1	4
207	2144	1	4
277	2144	2	4
169	2146	1	4
266	2146	3	4
327	2146	1	4
453	2146	1	4
84	2148	1	4
73	2150	1	4
207	2150	1	4
309	2150	1	4
450	2150	1	4
499	2150	1	4
47	2157	1	4
53	2157	1	4
302	2157	1	4
378	2157	1	4
431	2157	1	4
435	2157	1	4
442	2157	1	4
340	2159	1	4
420	2159	1	4
146	2166	1	4
82	2181	1	4
499	2181	1	4
73	2182	1	4
207	2182	1	4
277	2182	2	4
463	2182	1	4
29	2185	1	4
82	2185	1	4
207	2185	1	4
318	2185	1	4
207	2193	1	4
326	2193	1	4
4	2197	1	4
32	2197	1	4
207	2197	1	4
277	2197	1	4
326	2197	1	4
395	2197	1	4
396	2197	1	4
435	2197	1	4
464	2197	1	4
213	2201	1	4
207	2209	1	4
211	2228	1	4
266	2228	1	4
435	2228	1	4
135	2238	1	4
207	2238	1	4
252	2238	1	4
458	2238	1	4
313	2245	1	4
470	2245	1	4
168	2251	1	4
255	2251	1	4
435	2251	1	4
180	2254	1	4
384	2254	1	4
488	2264	1	4
82	2269	1	4
479	2269	1	4
71	2274	1	4
216	2274	1	4
342	2274	1	4
361	2274	1	4
86	2282	1	4
185	2282	1	4
207	2282	1	4
374	2282	1	4
459	2282	2	4
464	2282	1	4
213	2286	1	4
255	2286	1	4
299	2286	1	4
445	2286	1	4
207	2291	1	4
266	2291	1	4
321	2291	1	4
411	2291	1	4
182	2297	1	4
250	2297	1	4
338	2297	1	4
82	2298	1	4
207	2298	1	4
229	2298	1	4
303	2298	1	4
309	2298	1	4
349	2298	1	4
433	2298	1	4
499	2298	2	4
435	2302	1	4
475	2302	1	4
94	2309	1	4
207	2309	1	4
363	2309	1	4
482	2309	1	4
73	2315	1	4
207	2315	1	4
446	2315	1	4
450	2315	1	4
491	2315	1	4
73	2323	1	4
207	2323	1	4
450	2323	1	4
491	2323	1	4
13	2330	1	4
107	2330	1	4
73	2335	1	4
207	2335	1	4
448	2335	1	4
450	2335	1	4
491	2335	1	4
73	2338	1	4
122	2338	1	4
207	2338	1	4
310	2338	1	4
435	2338	1	4
442	2338	1	4
450	2338	1	4
462	2338	1	4
54	2345	2	4
147	2345	2	4
207	2345	1	4
2	2349	1	4
77	2349	1	4
172	2349	1	4
308	2349	1	4
335	2349	1	4
359	2349	2	4
470	2349	1	4
73	2352	1	4
207	2352	1	4
450	2352	1	4
491	2352	1	4
418	2354	1	4
112	2360	1	4
236	2360	1	4
345	2360	1	4
479	2360	1	4
207	2371	1	4
309	2371	1	4
390	2371	1	4
499	2371	1	4
464	2372	1	4
479	2372	1	4
207	2393	1	4
357	2393	1	4
207	2405	1	4
229	2405	1	4
309	2405	1	4
353	2405	1	4
499	2405	1	4
207	24	1	5
207	39	1	5
207	42	1	5
169	110	1	5
244	110	1	5
347	110	1	5
442	110	1	5
60	131	1	5
137	131	1	5
287	131	1	5
407	131	1	5
82	132	1	5
197	132	1	5
207	132	1	5
274	132	1	5
499	132	1	5
93	167	1	5
226	167	1	5
470	167	1	5
93	172	1	5
226	172	1	5
256	172	1	5
254	174	1	5
288	175	1	5
435	175	1	5
192	176	1	5
207	176	1	5
261	180	1	5
470	184	1	5
62	186	1	5
207	186	1	5
368	186	1	5
54	189	1	5
207	189	1	5
309	189	1	5
54	199	1	5
184	199	1	5
207	199	1	5
309	199	1	5
226	201	1	5
187	205	1	5
439	205	1	5
187	207	1	5
439	209	1	5
178	213	1	5
187	213	1	5
273	213	1	5
325	213	1	5
435	213	1	5
470	213	1	5
338	215	1	5
41	248	1	5
257	248	1	5
169	260	1	5
51	289	1	5
147	289	1	5
200	289	1	5
400	289	1	5
137	338	1	5
231	338	1	5
246	338	1	5
11	353	1	5
235	353	1	5
435	353	1	5
486	353	1	5
158	363	1	5
372	363	1	5
154	373	1	5
207	379	1	5
320	379	1	5
401	379	1	5
207	381	1	5
30	387	1	5
213	387	1	5
231	387	1	5
493	387	1	5
435	389	1	5
266	406	1	5
34	410	1	5
145	410	1	5
171	410	1	5
191	470	1	5
68	475	1	5
207	475	1	5
328	475	1	5
466	476	1	5
492	476	1	5
71	487	1	5
107	487	1	5
266	495	1	5
270	498	1	5
39	499	1	5
153	499	1	5
125	505	1	5
213	505	1	5
55	507	1	5
161	520	1	5
239	520	1	5
367	520	1	5
435	520	1	5
112	544	1	5
187	544	1	5
360	544	1	5
444	547	1	5
106	548	1	5
187	548	2	5
435	549	1	5
149	551	1	5
236	551	1	5
396	551	1	5
402	551	1	5
437	551	1	5
473	551	1	5
479	551	1	5
479	553	1	5
270	564	1	5
489	564	1	5
490	564	1	5
10	565	1	5
123	565	1	5
352	565	1	5
170	569	1	5
348	569	1	5
437	569	1	5
101	582	1	5
396	582	1	5
467	582	1	5
468	600	1	5
19	618	1	5
207	618	1	5
310	618	1	5
395	618	1	5
137	629	1	5
170	629	1	5
261	629	1	5
419	629	1	5
291	682	1	5
321	682	1	5
179	692	1	5
444	692	1	5
178	696	1	5
432	696	1	5
435	696	1	5
34	698	1	5
246	699	1	5
326	702	1	5
66	706	1	5
207	740	1	5
158	746	1	5
165	746	1	5
325	746	1	5
158	753	1	5
165	753	1	5
325	753	1	5
338	753	1	5
435	753	1	5
88	829	1	5
228	829	1	5
445	829	1	5
52	889	1	5
315	889	1	5
410	889	1	5
33	914	1	5
68	914	1	5
188	914	1	5
327	914	1	5
148	920	1	5
293	991	1	5
395	991	1	5
435	991	1	5
236	996	1	5
207	997	1	5
257	1002	1	5
382	1002	1	5
407	1002	1	5
293	1003	1	5
354	1003	1	5
46	1009	2	5
284	1009	1	5
499	1009	1	5
43	1054	1	5
198	1054	1	5
266	1054	1	5
284	1054	1	5
309	1054	1	5
315	1054	1	5
383	1054	1	5
395	1054	1	5
289	1068	1	5
293	1068	1	5
98	1077	1	5
99	1077	1	5
141	1077	1	5
261	1077	1	5
207	1138	1	5
464	1138	1	5
94	1145	1	5
207	1145	1	5
274	1145	1	5
310	1145	1	5
473	1145	1	5
64	1148	1	5
185	1148	1	5
33	1149	1	5
261	1149	1	5
442	1149	1	5
307	1150	1	5
209	1152	1	5
284	1154	1	5
444	1154	1	5
484	1154	1	5
178	1203	1	5
442	1214	1	5
442	1218	1	5
54	1220	1	5
207	1220	1	5
293	1220	1	5
318	1220	1	5
100	1242	1	5
266	1242	1	5
467	1242	1	5
101	1243	1	5
266	1243	1	5
467	1243	1	5
54	1254	1	5
207	1254	2	5
310	1254	2	5
273	1270	1	5
299	1270	1	5
335	1270	1	5
79	1300	1	5
137	1301	1	5
182	1303	1	5
385	1303	1	5
459	1303	1	5
264	1304	1	5
385	1304	1	5
266	1321	1	5
284	1321	1	5
92	1322	1	5
212	1322	1	5
284	1322	2	5
32	1334	1	5
63	1334	1	5
407	1334	1	5
442	1348	1	5
257	1458	1	5
266	1458	1	5
408	1458	1	5
435	1458	1	5
486	1458	1	5
18	1463	1	5
88	1465	1	5
435	1465	1	5
182	1466	1	5
385	1466	1	5
207	1492	1	5
223	1492	1	5
293	1492	1	5
431	1492	1	5
435	1492	1	5
108	1529	1	5
160	1529	1	5
207	1529	2	5
219	1529	1	5
220	1529	1	5
221	1529	1	5
314	1529	1	5
375	1529	1	5
435	1529	1	5
481	1529	1	5
108	1534	1	5
160	1534	1	5
207	1534	2	5
219	1534	1	5
220	1534	1	5
221	1534	1	5
314	1534	1	5
435	1534	1	5
481	1534	1	5
207	1537	2	5
220	1537	1	5
221	1537	1	5
108	1538	1	5
207	1538	2	5
219	1538	1	5
221	1538	1	5
315	1538	1	5
345	1538	1	5
375	1538	1	5
493	1538	1	5
108	1539	1	5
207	1539	2	5
219	1539	1	5
220	1539	1	5
315	1539	1	5
345	1539	1	5
375	1539	1	5
21	1548	1	5
203	1548	1	5
207	1548	1	5
219	1548	1	5
220	1548	1	5
221	1548	1	5
435	1548	1	5
36	1554	1	5
108	1554	1	5
160	1554	1	5
207	1554	2	5
210	1554	1	5
221	1554	1	5
314	1554	1	5
319	1554	1	5
453	1554	1	5
134	1555	1	5
319	1555	1	5
399	1555	1	5
486	1555	1	5
36	1556	1	5
108	1556	1	5
160	1556	1	5
207	1556	2	5
210	1556	1	5
219	1556	1	5
314	1556	1	5
319	1556	1	5
375	1556	1	5
453	1556	1	5
36	1570	1	5
108	1570	1	5
160	1570	1	5
207	1570	2	5
210	1570	1	5
219	1570	1	5
314	1570	1	5
319	1570	1	5
453	1570	1	5
266	1573	1	5
445	1650	1	5
145	1673	1	5
171	1673	1	5
442	1673	1	5
180	1674	1	5
435	1674	1	5
470	1674	1	5
478	1674	1	5
248	1727	1	5
470	1727	1	5
77	1744	1	5
97	1744	1	5
207	1744	1	5
137	1796	2	5
146	1796	1	5
293	1819	1	5
435	1819	1	5
62	1902	1	5
207	1902	1	5
368	1902	1	5
202	1933	1	5
257	1933	1	5
302	1933	1	5
442	1933	1	5
10	2061	1	5
435	2061	1	5
187	2086	1	5
229	2086	1	5
435	2086	1	5
207	2101	1	5
89	2147	1	5
148	2147	1	5
207	2147	1	5
197	2156	1	5
366	2156	1	5
405	2156	1	5
464	2156	2	5
54	2176	1	5
207	2176	1	5
266	2176	1	5
318	2176	1	5
54	2205	1	5
207	2205	1	5
274	2205	1	5
310	2205	1	5
318	2205	1	5
307	2211	1	5
470	2211	1	5
146	2281	1	5
261	2281	1	5
347	2288	1	5
207	2321	1	5
245	2321	1	5
101	2333	1	5
190	2333	1	5
366	2333	1	5
429	2333	1	5
467	2333	1	5
105	2356	1	5
325	2356	1	5
307	10	1	8
178	11	1	8
402	28	1	8
442	28	1	8
460	28	1	8
464	28	1	8
109	29	1	8
77	33	1	8
213	38	1	8
207	45	1	8
262	45	1	8
146	64	1	8
191	64	1	8
412	64	1	8
455	64	1	8
161	67	1	8
435	67	1	8
240	70	1	8
134	71	1	8
428	71	1	8
148	75	1	8
26	78	1	8
27	78	1	8
134	82	1	8
335	82	1	8
46	86	1	8
202	86	1	8
240	87	1	8
428	89	1	8
200	93	1	8
249	93	1	8
250	93	1	8
53	101	1	8
138	101	1	8
432	101	1	8
191	103	1	8
473	103	2	8
240	114	1	8
403	120	1	8
428	120	1	8
26	142	1	8
27	142	1	8
470	162	1	8
477	163	1	8
3	164	1	8
440	164	1	8
146	296	1	8
183	414	1	8
205	414	1	8
358	414	1	8
435	414	1	8
473	414	1	8
213	415	1	8
284	415	1	8
421	415	1	8
63	422	1	8
212	422	1	8
233	422	1	8
79	425	1	8
203	425	1	8
207	425	1	8
295	425	1	8
96	443	1	8
283	443	1	8
326	443	1	8
435	443	1	8
168	445	1	8
22	447	1	8
207	447	1	8
234	447	1	8
442	447	1	8
101	473	1	8
467	473	1	8
20	491	1	8
32	491	1	8
137	491	1	8
435	491	1	8
437	491	1	8
464	491	1	8
101	502	1	8
467	502	1	8
8	510	1	8
13	510	1	8
67	510	1	8
355	510	1	8
182	512	1	8
200	512	1	8
304	512	1	8
71	524	1	8
207	524	1	8
266	524	1	8
201	596	2	8
328	596	1	8
419	596	1	8
464	631	1	8
488	631	1	8
153	648	1	8
257	648	1	8
282	648	1	8
187	649	1	8
84	651	1	8
249	651	1	8
291	651	1	8
74	660	1	8
75	660	1	8
240	660	1	8
261	660	1	8
195	667	1	8
240	667	1	8
240	678	1	8
401	678	1	8
432	678	1	8
436	678	1	8
464	678	1	8
486	678	1	8
202	679	1	8
61	683	1	8
76	685	1	8
381	685	1	8
435	685	1	8
477	685	1	8
104	700	1	8
440	700	1	8
26	724	1	8
27	724	1	8
127	729	1	8
266	729	1	8
134	732	1	8
236	732	1	8
70	733	1	8
169	733	1	8
420	733	1	8
490	733	1	8
134	744	2	8
153	744	1	8
181	750	1	8
456	750	1	8
207	786	1	8
347	786	1	8
33	787	1	8
189	787	1	8
306	787	1	8
178	808	1	8
84	827	1	8
139	834	1	8
181	834	1	8
188	834	1	8
289	834	1	8
373	834	1	8
24	869	1	8
146	869	1	8
207	869	1	8
244	869	1	8
347	869	1	8
399	869	1	8
402	872	1	8
231	893	1	8
229	897	1	8
261	897	1	8
428	897	1	8
472	897	1	8
102	902	1	8
161	902	1	8
435	906	1	8
117	916	1	8
158	916	1	8
207	916	1	8
418	916	1	8
402	917	1	8
63	929	1	8
236	937	1	8
435	937	1	8
236	940	1	8
13	944	1	8
36	944	1	8
72	944	1	8
125	944	1	8
422	945	1	8
180	946	1	8
374	946	1	8
434	946	1	8
98	959	1	8
354	959	1	8
420	959	1	8
120	963	1	8
236	963	1	8
183	980	1	8
205	980	1	8
416	980	1	8
284	987	1	8
328	987	1	8
200	1010	1	8
283	1010	1	8
382	1010	1	8
418	1010	1	8
124	1023	1	8
207	1023	1	8
292	1023	1	8
41	1039	1	8
284	1039	1	8
137	1040	1	8
192	1040	1	8
171	1043	1	8
373	1043	1	8
405	1043	1	8
295	1046	1	8
473	1046	1	8
245	1051	1	8
455	1051	1	8
460	1051	1	8
161	1058	1	8
320	1058	1	8
325	1058	1	8
462	1058	1	8
56	1084	1	8
435	1084	1	8
117	1095	1	8
195	1095	1	8
325	1095	1	8
455	1095	1	8
207	1104	1	8
438	1104	1	8
464	1104	1	8
293	1124	1	8
24	1130	1	8
211	1130	1	8
464	1130	1	8
450	1135	1	8
3	1164	1	8
157	1164	1	8
246	1164	1	8
88	1183	1	8
96	1186	1	8
470	1186	1	8
266	1200	1	8
456	1248	1	8
348	1250	1	8
467	1250	1	8
479	1250	1	8
32	1256	1	8
71	1256	1	8
137	1256	1	8
405	1256	1	8
416	1256	1	8
84	1259	1	8
109	1259	1	8
188	1259	1	8
253	1259	1	8
289	1259	1	8
431	1259	1	8
24	1261	1	8
168	1261	1	8
14	1266	1	8
455	1266	1	8
266	1275	1	8
22	1309	1	8
459	1309	1	8
65	1341	1	8
84	1341	1	8
117	1341	1	8
235	1341	1	8
338	1341	1	8
435	1341	1	8
325	1343	1	8
479	1343	1	8
200	1349	1	8
377	1349	1	8
87	1384	1	8
407	1384	1	8
432	1384	1	8
437	1384	1	8
464	1384	1	8
28	1385	1	8
286	1385	1	8
479	1385	1	8
286	1389	1	8
200	1393	2	8
257	1393	1	8
359	1393	1	8
477	1393	1	8
332	1397	1	8
42	1399	1	8
409	1399	2	8
408	1424	1	8
47	1427	1	8
127	1427	1	8
464	1427	1	8
176	1440	6	8
286	1440	1	8
456	1440	1	8
176	1442	7	8
286	1442	1	8
456	1442	1	8
286	1450	1	8
404	1450	1	8
84	1453	1	8
283	1453	1	8
286	1453	1	8
435	1453	1	8
494	1480	1	8
197	1483	1	8
382	1483	1	8
168	1484	1	8
178	1484	1	8
259	1484	1	8
435	1484	1	8
24	1495	1	8
63	1495	1	8
161	1495	1	8
191	1495	1	8
338	1495	1	8
24	1505	1	8
191	1505	1	8
435	1505	1	8
207	1512	1	8
435	1512	1	8
39	1514	1	8
84	1514	1	8
435	1514	1	8
266	1525	1	8
373	1525	1	8
94	1544	1	8
483	1544	1	8
25	1546	1	8
446	1546	1	8
492	1547	1	8
89	1661	1	8
192	1675	1	8
323	1675	1	8
442	1756	1	8
200	1757	1	8
9	1764	1	8
192	1764	1	8
200	1764	1	8
151	1783	1	8
269	1783	1	8
442	1783	1	8
117	1798	1	8
3	1809	1	8
317	1809	1	8
37	1831	1	8
257	1831	1	8
419	1963	1	8
325	1969	1	8
114	1990	1	8
122	1990	1	8
477	1990	1	8
82	2058	1	8
192	2058	1	8
26	2066	1	8
27	2066	1	8
284	2081	1	8
207	2168	2	8
26	2208	1	8
27	2208	1	8
194	2208	1	8
261	2208	1	8
211	2214	1	8
261	2259	1	8
273	2259	1	8
325	2259	1	8
342	2259	1	8
435	2259	1	8
442	2259	1	8
493	2259	1	8
499	2259	1	8
48	2267	1	8
473	2267	1	8
26	2276	1	8
27	2276	1	8
48	2276	1	8
347	2276	1	8
38	2277	1	8
24	2292	1	8
193	2292	1	8
275	2292	1	8
406	2292	1	8
137	2313	1	8
85	2337	1	8
316	2337	1	8
329	2337	1	8
470	2337	1	8
66	2342	1	8
188	2342	1	8
276	2342	1	8
329	2342	1	8
398	2342	1	8
464	2342	1	8
90	2344	1	8
188	2344	1	8
214	2344	1	8
276	2344	1	8
329	2344	1	8
398	2344	1	8
464	2344	1	8
207	2366	1	8
432	2366	1	8
435	2366	1	8
492	2366	1	8
498	2366	1	8
399	2377	1	8
224	2380	1	8
224	2382	1	8
224	2384	1	8
261	2384	1	8
123	2395	1	8
224	2395	1	8
183	2410	1	8
207	2410	1	8
224	2410	1	8
407	2410	1	8
435	2410	1	8
191	2411	1	8
224	2411	1	8
432	2411	1	8
