69	3	1	0
64	4	1	0
20	5	1	0
25	7	1	0
46	13	1	0
58	13	1	0
59	21	1	0
85	21	1	0
102	30	1	0
59	41	1	0
64	41	1	0
65	41	1	0
102	41	1	0
10	42	1	0
65	42	1	0
40	50	1	0
69	50	1	0
47	54	1	0
49	55	1	0
65	55	1	0
48	68	1	0
65	68	1	0
102	68	1	0
73	99	1	0
49	100	1	0
73	100	1	0
91	111	1	0
98	111	1	0
58	114	1	0
72	124	1	0
76	136	1	0
91	138	1	0
105	141	1	0
58	142	1	0
35	143	1	0
58	143	1	0
72	143	1	0
89	143	1	0
105	143	1	0
16	145	1	0
57	145	1	0
58	145	1	0
71	145	1	0
24	146	1	0
62	146	1	0
108	146	1	0
37	147	1	0
82	147	1	0
42	162	1	0
99	162	1	0
104	162	1	0
47	165	1	0
1	168	1	0
79	168	1	0
34	171	1	0
99	171	1	0
27	175	1	0
59	175	1	0
72	175	1	0
91	175	1	0
100	175	1	0
102	175	1	0
79	178	1	0
91	178	1	0
100	178	1	0
103	178	2	0
37	180	1	0
73	180	1	0
103	180	1	0
79	295	1	0
92	295	1	0
93	295	1	0
104	295	1	0
43	310	1	0
79	310	1	0
91	310	1	0
43	311	1	0
79	311	1	0
91	311	1	0
43	313	1	0
79	313	1	0
91	313	1	0
47	318	1	0
60	318	1	0
7	320	1	0
41	320	1	0
47	320	1	0
91	323	1	0
101	323	1	0
20	325	1	0
21	325	1	0
74	325	1	0
25	329	2	0
47	332	1	0
67	332	1	0
38	336	1	0
55	336	1	0
58	336	1	0
20	340	1	0
21	340	1	0
74	340	1	0
40	341	1	0
57	341	1	0
59	341	1	0
20	346	1	0
36	346	1	0
95	346	1	0
20	347	1	0
21	347	1	0
74	347	1	0
95	347	2	0
20	373	1	0
85	373	1	0
20	379	2	0
21	379	1	0
41	379	1	0
74	379	1	0
85	379	1	0
15	380	1	0
21	380	1	0
49	380	1	0
74	380	1	0
27	382	1	0
20	383	1	0
21	383	1	0
74	383	1	0
21	389	1	0
74	389	1	0
20	390	1	0
34	391	1	0
39	391	1	0
104	391	1	0
106	391	1	0
24	392	1	0
5	395	1	0
16	395	1	0
18	395	1	0
20	395	1	0
21	395	1	0
74	395	1	0
16	396	1	0
47	396	1	0
16	397	1	0
20	397	1	0
21	397	1	0
74	397	1	0
62	398	1	0
1	401	1	0
20	406	2	0
21	406	1	0
74	406	1	0
20	407	1	0
21	407	1	0
74	407	1	0
35	419	1	0
47	419	1	0
67	419	1	0
70	419	1	0
47	420	1	0
47	421	1	0
24	428	1	0
27	428	1	0
41	440	1	0
47	440	1	0
47	446	1	0
47	449	1	0
39	454	1	0
60	454	1	0
62	454	1	0
98	454	1	0
20	471	2	0
21	471	1	0
74	471	1	0
20	499	1	0
21	499	1	0
41	499	1	0
74	499	1	0
91	560	1	0
95	560	1	0
31	563	2	0
95	563	1	0
58	581	1	0
96	581	1	0
49	583	1	0
65	583	1	0
92	583	1	0
99	583	1	0
35	105	1	4
47	105	1	4
99	191	1	5
47	8	1	6
22	9	1	6
23	11	1	6
47	11	1	6
49	11	1	6
35	12	1	6
37	12	1	6
81	12	1	6
8	15	1	6
58	22	2	6
87	22	1	6
93	28	1	6
93	29	1	6
87	31	1	6
8	35	1	6
8	40	1	6
64	43	1	6
87	43	1	6
91	43	1	6
102	43	1	6
17	44	1	6
40	44	1	6
47	44	1	6
87	45	1	6
58	48	1	6
87	48	1	6
58	49	1	6
69	49	1	6
96	49	1	6
87	52	1	6
59	53	1	6
16	61	1	6
8	62	1	6
58	65	1	6
8	67	1	6
58	70	1	6
87	70	1	6
33	71	1	6
59	71	1	6
8	75	1	6
8	77	1	6
8	80	1	6
58	81	1	6
87	81	1	6
88	81	1	6
102	81	1	6
8	82	1	6
59	82	1	6
58	86	3	6
87	86	1	6
102	86	1	6
58	88	1	6
87	88	1	6
83	92	1	6
58	93	1	6
87	93	1	6
47	95	1	6
49	95	1	6
58	97	1	6
87	97	1	6
8	106	1	6
87	108	1	6
8	112	1	6
75	112	1	6
56	113	1	6
87	113	1	6
33	117	1	6
59	117	1	6
67	117	2	6
69	117	1	6
77	117	1	6
64	119	1	6
87	119	1	6
27	123	1	6
58	123	1	6
64	123	1	6
87	123	1	6
87	126	1	6
58	132	1	6
87	132	1	6
104	135	1	6
47	137	1	6
104	137	1	6
83	149	1	6
36	150	1	6
77	150	2	6
96	150	1	6
44	153	1	6
47	177	1	6
110	177	1	6
31	179	1	6
47	179	1	6
77	179	2	6
47	181	1	6
110	181	1	6
47	196	1	6
47	199	1	6
17	200	1	6
40	200	1	6
47	200	1	6
37	204	1	6
82	204	1	6
104	204	1	6
99	206	1	6
59	207	1	6
99	207	1	6
47	209	1	6
39	210	2	6
91	210	1	6
17	213	1	6
39	214	1	6
70	214	1	6
58	215	1	6
84	215	1	6
88	215	1	6
3	216	1	6
15	216	1	6
76	217	1	6
22	219	1	6
59	219	1	6
80	219	1	6
99	221	1	6
16	223	1	6
58	223	2	6
107	223	1	6
40	225	1	6
91	225	1	6
104	228	1	6
69	229	1	6
58	230	1	6
66	230	1	6
107	230	1	6
36	231	1	6
58	231	1	6
44	232	1	6
58	232	1	6
76	232	1	6
101	232	1	6
107	232	1	6
10	234	1	6
95	234	1	6
107	234	1	6
29	236	1	6
27	240	1	6
66	244	1	6
45	247	1	6
100	247	1	6
94	250	1	6
105	250	1	6
106	250	1	6
71	251	1	6
58	252	1	6
107	253	1	6
36	256	1	6
58	256	1	6
34	258	1	6
39	259	1	6
58	260	1	6
34	261	1	6
25	262	1	6
76	262	1	6
88	262	1	6
107	262	1	6
109	262	1	6
12	263	1	6
12	264	1	6
3	265	2	6
12	265	1	6
99	265	2	6
105	265	1	6
107	265	1	6
12	267	1	6
59	267	1	6
105	267	1	6
107	267	1	6
72	268	1	6
107	268	1	6
3	269	1	6
12	269	1	6
42	269	1	6
99	269	3	6
76	270	1	6
99	270	1	6
104	270	1	6
107	270	1	6
107	272	1	6
3	273	1	6
35	273	1	6
42	273	1	6
91	273	1	6
99	273	1	6
107	273	1	6
37	274	1	6
62	274	1	6
66	274	1	6
83	274	2	6
107	274	1	6
3	275	2	6
12	275	1	6
83	275	1	6
99	275	3	6
107	275	1	6
3	276	1	6
12	276	1	6
105	276	1	6
47	277	1	6
47	278	1	6
11	282	1	6
38	282	1	6
36	286	1	6
94	286	1	6
13	287	1	6
49	289	1	6
82	289	1	6
7	290	1	6
41	290	1	6
60	290	1	6
49	292	1	6
104	292	1	6
79	293	1	6
95	294	1	6
104	294	1	6
47	299	1	6
101	299	1	6
25	300	1	6
63	300	1	6
12	301	1	6
42	301	1	6
63	304	1	6
13	305	1	6
47	306	1	6
91	306	1	6
47	312	1	6
91	312	1	6
47	321	1	6
91	321	1	6
83	331	1	6
37	339	1	6
56	339	1	6
38	342	1	6
41	343	2	6
63	349	1	6
87	350	1	6
104	350	1	6
55	352	1	6
58	353	1	6
101	353	1	6
23	354	1	6
108	354	1	6
80	355	1	6
47	375	1	6
67	375	1	6
47	378	1	6
51	378	1	6
67	378	1	6
81	393	1	6
25	405	1	6
44	405	1	6
77	405	1	6
79	405	1	6
81	405	1	6
75	409	1	6
47	414	1	6
59	414	1	6
66	414	1	6
83	414	1	6
91	414	1	6
15	415	1	6
45	417	1	6
94	418	1	6
59	422	1	6
92	423	1	6
10	425	1	6
108	425	1	6
9	427	1	6
96	432	1	6
99	432	1	6
27	433	1	6
77	433	1	6
77	434	1	6
10	435	1	6
77	435	1	6
17	436	1	6
22	436	1	6
77	436	1	6
108	436	1	6
17	437	1	6
22	437	1	6
47	437	1	6
76	437	1	6
60	439	1	6
5	441	1	6
32	441	1	6
47	441	1	6
68	441	1	6
5	461	1	6
47	461	1	6
25	463	1	6
4	466	1	6
47	467	1	6
77	467	1	6
58	470	1	6
58	474	1	6
86	474	1	6
48	475	1	6
36	476	1	6
39	476	1	6
69	478	1	6
104	478	1	6
58	482	1	6
62	482	1	6
86	482	1	6
109	483	1	6
58	485	1	6
104	485	1	6
44	486	1	6
49	486	1	6
47	487	1	6
48	489	1	6
86	489	1	6
7	490	1	6
86	490	1	6
94	490	1	6
82	491	1	6
58	492	1	6
104	492	1	6
9	493	1	6
58	493	1	6
86	493	1	6
27	495	1	6
42	495	1	6
86	496	1	6
101	497	1	6
16	498	1	6
38	498	1	6
49	498	1	6
86	498	1	6
32	502	1	6
82	502	1	6
88	502	1	6
47	503	1	6
23	508	1	6
48	508	1	6
59	508	1	6
66	508	1	6
86	508	1	6
108	508	1	6
59	509	1	6
49	510	1	6
82	515	1	6
82	516	1	6
26	517	1	6
36	520	3	6
81	520	1	6
59	522	2	6
26	523	1	6
48	523	1	6
58	523	1	6
79	523	1	6
93	523	1	6
26	525	1	6
82	525	1	6
26	526	1	6
58	526	1	6
12	527	1	6
69	527	1	6
56	529	1	6
26	530	1	6
48	530	1	6
57	530	1	6
80	530	1	6
26	532	1	6
57	532	1	6
58	532	1	6
100	532	1	6
4	533	1	6
59	534	3	6
9	536	1	6
25	536	1	6
82	536	1	6
7	537	1	6
26	537	1	6
58	537	1	6
69	538	1	6
26	540	1	6
26	542	1	6
58	542	1	6
59	543	1	6
26	544	1	6
58	544	1	6
66	545	1	6
25	546	1	6
59	546	1	6
1	551	1	6
57	551	2	6
109	551	2	6
26	553	1	6
25	565	1	6
88	567	1	6
25	570	1	6
36	570	1	6
99	570	1	6
69	574	1	6
47	575	1	6
47	6	1	7
56	6	1	7
47	14	1	7
30	26	2	7
53	26	1	7
5	76	1	7
33	76	1	7
4	78	1	7
31	78	1	7
99	84	1	7
59	90	1	7
56	101	2	7
69	101	1	7
47	102	1	7
90	102	1	7
63	103	1	7
91	103	1	7
58	104	1	7
15	109	1	7
4	115	1	7
68	121	1	7
12	122	1	7
34	122	1	7
88	130	1	7
31	139	1	7
70	139	1	7
59	156	1	7
73	156	1	7
6	157	1	7
91	159	1	7
59	161	1	7
73	161	1	7
6	164	1	7
10	164	1	7
100	164	1	7
7	166	1	7
6	170	1	7
27	174	1	7
46	174	1	7
58	174	1	7
109	174	1	7
39	186	1	7
79	190	1	7
93	190	1	7
45	192	1	7
93	193	1	7
100	197	1	7
59	202	1	7
77	202	1	7
62	203	1	7
82	203	1	7
47	205	1	7
46	211	1	7
59	211	1	7
24	271	1	7
49	271	1	7
38	280	1	7
92	280	1	7
56	298	1	7
58	298	1	7
55	308	1	7
38	309	1	7
45	309	1	7
61	309	1	7
78	309	1	7
92	309	1	7
100	309	1	7
61	314	1	7
78	314	1	7
4	315	1	7
70	315	1	7
91	315	1	7
28	316	1	7
61	316	1	7
78	316	1	7
1	317	1	7
91	317	1	7
28	319	1	7
58	319	1	7
61	319	1	7
78	319	1	7
84	319	1	7
57	322	1	7
58	322	1	7
61	322	1	7
78	322	1	7
82	324	1	7
106	326	1	7
47	333	1	7
51	333	1	7
67	333	1	7
90	333	1	7
58	335	1	7
29	337	1	7
53	337	1	7
69	337	1	7
37	360	1	7
77	360	1	7
82	360	1	7
85	360	1	7
40	363	1	7
99	363	1	7
23	366	1	7
37	366	1	7
46	366	1	7
6	376	1	7
55	376	1	7
57	376	1	7
47	377	1	7
51	377	1	7
67	377	1	7
90	377	1	7
6	384	1	7
58	384	1	7
106	384	1	7
1	386	1	7
57	403	1	7
81	403	1	7
47	404	1	7
91	404	1	7
71	408	1	7
47	410	1	7
90	410	1	7
110	410	1	7
29	411	1	7
53	411	1	7
54	411	1	7
47	426	1	7
51	426	1	7
67	426	1	7
47	430	1	7
51	430	1	7
67	430	1	7
90	430	1	7
13	431	1	7
25	431	1	7
54	431	1	7
91	442	1	7
76	443	1	7
99	443	1	7
108	443	1	7
47	444	1	7
99	445	1	7
100	445	2	7
62	450	1	7
98	450	1	7
60	451	1	7
37	452	1	7
59	452	1	7
47	456	1	7
68	456	1	7
75	456	1	7
17	458	1	7
47	458	1	7
80	458	1	7
47	500	1	7
56	500	1	7
90	500	1	7
10	505	1	7
31	505	1	7
10	511	2	7
10	512	1	7
31	512	1	7
10	518	1	7
14	524	1	7
97	524	1	7
11	528	1	7
14	528	1	7
97	528	1	7
14	531	1	7
97	531	1	7
14	535	1	7
33	535	1	7
97	535	1	7
83	552	1	7
10	572	1	7
15	572	1	7
4	577	1	7
59	577	1	7
14	588	1	7
58	588	1	7
97	588	1	7
91	589	1	7
19	10	1	8
28	10	1	8
30	10	1	8
35	10	1	8
53	10	1	8
94	10	1	8
9	16	1	8
68	17	1	8
89	18	1	8
54	20	1	8
68	20	1	8
91	20	1	8
100	20	1	8
103	20	1	8
93	23	1	8
100	23	1	8
2	24	1	8
71	24	1	8
1	25	1	8
62	25	1	8
103	25	1	8
30	33	1	8
47	33	1	8
100	33	1	8
106	33	1	8
30	39	1	8
46	46	1	8
18	51	1	8
30	51	1	8
47	51	1	8
53	51	1	8
56	51	1	8
110	51	1	8
91	58	1	8
2	59	2	8
53	59	1	8
24	60	1	8
33	60	1	8
11	63	1	8
18	63	1	8
42	63	1	8
23	64	1	8
57	64	1	8
18	66	1	8
34	66	1	8
2	69	1	8
91	69	1	8
5	72	2	8
41	72	1	8
47	73	1	8
92	73	1	8
31	79	1	8
89	79	1	8
95	79	1	8
22	87	1	8
68	89	1	8
89	89	1	8
92	89	1	8
103	94	1	8
47	107	1	8
53	107	1	8
19	118	2	8
46	118	1	8
55	118	1	8
29	120	1	8
47	120	1	8
19	127	1	8
73	127	1	8
95	127	1	8
54	129	1	8
67	129	1	8
99	129	1	8
41	131	1	8
96	131	1	8
104	133	1	8
47	148	1	8
90	148	1	8
30	169	1	8
38	169	1	8
91	169	1	8
93	169	1	8
68	172	1	8
76	172	1	8
57	173	1	8
91	173	1	8
68	182	1	8
32	194	1	8
94	194	1	8
105	279	1	8
53	281	1	8
47	283	1	8
82	283	1	8
84	284	1	8
104	285	1	8
99	288	1	8
2	296	1	8
52	296	1	8
53	296	1	8
63	296	1	8
91	296	1	8
98	296	1	8
99	296	1	8
19	297	1	8
47	297	1	8
53	297	1	8
9	302	1	8
32	302	1	8
39	302	1	8
37	328	1	8
52	328	1	8
71	328	1	8
104	328	1	8
43	330	1	8
45	330	1	8
47	330	1	8
110	330	1	8
80	334	1	8
24	348	1	8
53	348	1	8
2	356	1	8
41	356	1	8
47	356	1	8
68	356	1	8
47	358	1	8
51	358	1	8
67	358	1	8
90	358	1	8
30	361	1	8
47	361	1	8
53	361	1	8
47	362	1	8
51	362	1	8
67	362	1	8
90	362	1	8
84	364	1	8
11	367	1	8
52	367	1	8
45	368	1	8
11	369	1	8
12	369	1	8
52	369	1	8
58	369	1	8
62	369	1	8
13	370	1	8
42	370	1	8
36	371	1	8
47	371	1	8
91	371	1	8
101	371	1	8
19	385	1	8
47	385	1	8
67	385	1	8
75	385	1	8
2	387	1	8
21	387	1	8
43	387	1	8
52	387	1	8
53	387	1	8
110	388	1	8
47	399	1	8
51	399	1	8
67	399	1	8
90	399	1	8
47	400	1	8
67	400	1	8
75	400	1	8
90	400	1	8
53	412	1	8
54	412	1	8
45	424	1	8
54	424	1	8
47	429	1	8
53	429	1	8
67	429	1	8
75	429	1	8
90	429	1	8
99	438	1	8
2	447	1	8
47	447	1	8
53	447	1	8
47	448	1	8
67	448	1	8
110	448	2	8
34	457	1	8
47	459	1	8
90	459	1	8
110	465	1	8
29	468	1	8
32	468	1	8
45	468	1	8
47	468	1	8
30	472	1	8
52	472	1	8
94	472	1	8
47	473	1	8
53	473	1	8
67	473	1	8
75	473	1	8
19	477	1	8
47	477	1	8
53	477	1	8
109	480	1	8
85	481	1	8
2	484	1	8
69	484	1	8
45	488	1	8
47	488	1	8
53	488	1	8
2	501	1	8
43	501	1	8
47	501	1	8
100	501	1	8
47	514	1	8
70	514	1	8
47	521	1	8
90	521	1	8
5	539	1	8
18	539	1	8
31	548	1	8
50	548	1	8
95	548	1	8
53	549	1	8
72	549	1	8
89	549	1	8
100	549	1	8
4	555	1	8
5	555	1	8
13	555	1	8
50	555	1	8
99	555	1	8
28	556	1	8
50	556	1	8
84	556	1	8
99	556	1	8
50	557	1	8
75	557	1	8
99	557	1	8
99	558	1	8
50	559	1	8
69	559	1	8
99	559	1	8
50	562	1	8
72	562	1	8
99	562	1	8
42	564	1	8
47	564	1	8
50	569	1	8
99	569	1	8
28	571	1	8
50	571	1	8
99	571	1	8
47	573	1	8
50	573	1	8
44	578	1	8
47	578	1	8
47	579	1	8
90	579	1	8
2	580	1	8
99	580	1	8
53	582	1	8
91	582	1	8
98	582	1	8
2	586	1	8
