39	1	1	0
98	3	1	0
100	3	1	0
40	7	1	0
61	7	1	0
84	7	1	0
47	12	1	0
14	14	1	0
24	14	1	0
40	14	1	0
84	14	1	0
12	17	1	0
7	18	1	0
32	31	1	0
62	31	1	0
63	31	1	0
97	31	1	0
14	35	1	0
56	48	1	0
78	62	1	0
100	64	1	0
33	65	1	0
84	93	1	0
93	93	1	0
65	118	1	0
84	118	1	0
40	129	1	0
84	129	1	0
86	129	1	0
40	138	1	0
11	140	1	0
38	140	1	0
74	140	1	0
28	180	1	0
29	180	1	0
24	182	1	0
18	185	1	0
56	185	1	0
63	185	1	0
77	185	1	0
77	207	1	0
17	248	1	0
51	248	1	0
9	249	1	0
31	249	1	0
91	249	1	0
72	250	1	0
33	253	1	0
69	253	1	0
72	253	1	0
41	254	1	0
62	268	1	0
93	268	1	0
96	268	1	0
1	314	1	0
54	314	1	0
93	314	1	0
1	322	1	0
54	322	1	0
4	323	1	0
29	323	1	0
4	326	1	0
1	329	1	0
54	329	1	0
96	329	1	0
1	331	1	0
15	331	1	0
22	331	1	0
32	331	1	0
54	331	1	0
1	335	1	0
27	335	1	0
54	335	1	0
4	343	1	0
1	344	1	0
54	344	1	0
1	345	1	0
40	345	1	0
54	345	1	0
1	350	1	0
27	350	1	0
45	350	1	0
54	350	1	0
1	359	1	0
45	359	1	0
54	359	1	0
1	362	1	0
54	362	1	0
33	374	1	0
50	374	1	0
84	374	1	0
55	438	1	0
44	467	1	0
45	473	1	0
98	473	1	0
23	483	1	0
84	483	1	0
70	507	1	0
87	507	1	0
27	509	1	0
75	509	1	0
100	509	1	0
84	514	1	0
13	515	1	0
29	515	1	0
91	525	1	0
67	548	1	0
86	548	1	0
60	553	1	0
84	558	1	0
47	566	1	0
84	566	1	0
100	566	1	0
40	576	1	0
40	620	1	0
84	620	1	0
93	620	1	0
62	639	1	0
17	650	1	0
64	650	1	0
84	650	1	0
30	656	1	0
40	656	1	0
84	656	1	0
17	659	1	0
97	11	1	4
45	15	2	4
47	15	1	4
47	16	1	4
45	21	1	4
9	25	1	4
26	25	1	4
40	25	1	4
62	25	1	4
84	25	1	4
62	66	1	4
69	66	1	4
90	66	1	4
40	111	1	4
59	111	1	4
74	144	1	4
84	144	1	4
24	187	1	4
40	187	1	4
40	188	1	4
61	188	1	4
71	188	1	4
40	252	1	4
40	297	2	4
65	297	1	4
73	297	1	4
40	301	2	4
65	301	1	4
73	301	1	4
98	301	1	4
40	400	1	4
47	520	1	4
36	534	1	4
46	537	1	4
59	537	1	4
40	542	2	4
53	542	1	4
84	542	1	4
89	542	1	4
20	546	1	4
39	546	1	4
67	546	1	4
20	549	1	4
39	549	1	4
40	549	1	4
67	549	1	4
63	616	1	4
40	618	1	4
93	618	1	4
17	627	1	4
40	649	1	4
84	649	1	4
40	2	1	6
59	2	1	6
19	36	1	6
86	36	1	6
86	39	1	6
26	45	1	6
30	45	1	6
39	45	1	6
41	45	1	6
40	50	1	6
59	50	1	6
14	81	1	6
40	81	1	6
19	90	1	6
38	95	1	6
84	95	1	6
95	95	1	6
13	106	1	6
40	116	1	6
17	127	1	6
90	131	1	6
38	136	1	6
56	136	1	6
75	136	1	6
74	137	1	6
19	141	1	6
72	142	1	6
87	142	1	6
6	143	1	6
35	143	1	6
6	146	1	6
9	147	1	6
40	147	1	6
40	148	1	6
40	149	1	6
40	150	1	6
40	152	1	6
44	153	1	6
48	153	1	6
22	155	1	6
48	155	1	6
84	155	1	6
40	156	1	6
11	157	1	6
48	157	1	6
14	158	1	6
22	158	1	6
44	158	1	6
48	158	1	6
44	160	2	6
48	160	1	6
48	161	1	6
48	163	1	6
48	165	1	6
63	170	1	6
63	171	1	6
48	174	1	6
48	176	1	6
16	177	1	6
93	177	1	6
42	238	1	6
50	255	1	6
92	255	1	6
83	258	1	6
19	262	1	6
86	264	1	6
92	264	1	6
28	266	1	6
36	266	1	6
40	271	1	6
40	272	1	6
59	272	1	6
88	272	1	6
100	272	1	6
15	275	1	6
92	275	1	6
35	281	1	6
86	281	1	6
87	281	1	6
19	282	1	6
30	283	1	6
62	283	1	6
73	283	1	6
30	285	1	6
40	285	1	6
64	285	1	6
84	285	1	6
39	288	1	6
52	288	1	6
32	293	1	6
52	293	1	6
84	293	1	6
93	293	1	6
40	294	1	6
3	304	2	6
84	307	1	6
51	308	2	6
56	308	1	6
80	308	1	6
97	315	1	6
94	316	1	6
26	319	1	6
84	319	1	6
62	328	1	6
72	328	1	6
28	332	1	6
66	332	1	6
84	336	1	6
10	338	1	6
16	338	1	6
95	338	1	6
50	342	1	6
12	346	1	6
9	379	1	6
40	396	1	6
68	396	1	6
77	398	1	6
93	403	1	6
97	403	1	6
64	420	1	6
84	421	1	6
94	421	1	6
40	426	1	6
40	427	1	6
60	427	1	6
40	432	1	6
46	436	1	6
59	436	1	6
40	450	1	6
60	450	1	6
40	460	1	6
80	460	1	6
53	468	1	6
24	478	1	6
46	480	1	6
67	487	1	6
99	487	3	6
40	488	1	6
6	490	1	6
11	490	1	6
40	495	1	6
84	495	1	6
50	496	1	6
67	497	1	6
95	497	1	6
92	499	1	6
26	501	1	6
43	501	1	6
43	504	1	6
40	505	1	6
59	505	1	6
28	532	1	6
99	536	1	6
40	539	1	6
47	539	1	6
95	539	1	6
99	539	1	6
100	541	1	6
9	545	1	6
31	545	1	6
39	545	1	6
40	545	1	6
95	550	1	6
84	554	1	6
71	555	2	6
96	555	1	6
99	555	1	6
69	556	1	6
24	557	1	6
84	557	1	6
40	561	1	6
10	569	2	6
40	569	1	6
87	569	1	6
47	584	1	6
40	605	1	6
40	624	1	6
92	624	1	6
12	631	1	6
63	631	1	6
97	631	1	6
20	634	1	6
75	634	1	6
32	645	1	6
93	645	1	6
62	646	1	6
98	646	1	6
8	652	1	6
55	652	1	6
93	652	1	6
94	652	1	6
23	4	1	7
22	5	1	7
18	9	1	7
84	27	1	7
40	28	1	7
66	29	1	7
90	32	1	7
38	34	1	7
89	34	1	7
14	42	1	7
40	42	1	7
53	42	1	7
69	42	1	7
83	42	1	7
25	61	1	7
66	61	1	7
38	71	1	7
77	71	1	7
12	105	1	7
55	115	1	7
93	117	1	7
97	117	1	7
93	119	1	7
39	120	1	7
62	151	1	7
84	151	1	7
40	159	1	7
40	172	1	7
59	172	1	7
68	172	1	7
8	175	1	7
40	178	1	7
40	186	1	7
79	186	1	7
40	208	1	7
75	208	1	7
40	240	1	7
59	240	1	7
81	240	1	7
86	243	1	7
42	244	1	7
51	244	1	7
61	247	1	7
92	247	1	7
14	251	1	7
61	251	1	7
91	259	1	7
40	263	1	7
71	263	1	7
40	265	1	7
59	265	1	7
40	269	1	7
11	270	1	7
46	270	1	7
93	270	1	7
25	287	1	7
26	287	1	7
40	289	1	7
45	289	1	7
6	292	1	7
28	292	1	7
33	295	1	7
72	295	1	7
84	295	1	7
1	298	1	7
54	298	1	7
4	299	1	7
33	302	1	7
51	305	1	7
93	305	1	7
1	306	1	7
54	306	1	7
4	309	1	7
29	309	1	7
1	310	1	7
54	310	1	7
99	310	1	7
84	312	1	7
92	317	1	7
34	321	1	7
84	321	1	7
9	324	1	7
7	327	1	7
93	327	1	7
42	333	1	7
77	333	1	7
80	349	1	7
83	367	1	7
3	380	1	7
84	380	1	7
40	381	1	7
94	381	1	7
77	384	1	7
10	387	1	7
83	387	1	7
86	388	1	7
10	389	1	7
79	395	1	7
24	399	1	7
31	399	1	7
86	401	1	7
12	402	1	7
40	402	1	7
72	402	1	7
92	402	1	7
84	404	1	7
28	415	1	7
40	417	1	7
52	417	1	7
86	433	1	7
9	434	1	7
85	434	1	7
42	435	1	7
44	435	1	7
42	437	1	7
44	437	1	7
59	459	1	7
10	464	1	7
40	465	1	7
47	466	1	7
40	469	1	7
92	469	1	7
40	471	1	7
21	474	1	7
13	475	1	7
67	477	1	7
78	477	1	7
21	479	1	7
38	479	1	7
10	481	1	7
26	481	1	7
52	481	1	7
84	481	1	7
46	491	1	7
69	491	1	7
32	494	1	7
78	494	1	7
44	498	1	7
10	500	1	7
40	502	1	7
81	502	1	7
25	511	1	7
40	511	1	7
23	517	1	7
47	517	1	7
97	530	1	7
21	535	1	7
93	535	1	7
40	544	1	7
92	544	2	7
40	573	1	7
25	591	1	7
53	591	1	7
80	598	1	7
93	599	1	7
95	601	1	7
20	602	1	7
100	602	1	7
33	607	1	7
62	607	1	7
33	609	1	7
62	609	1	7
22	610	1	7
32	610	1	7
90	611	2	7
49	628	1	7
57	628	1	7
84	628	2	7
49	632	1	7
57	632	1	7
18	638	1	7
47	10	1	8
68	10	1	8
81	20	1	8
82	23	1	8
93	23	1	8
72	26	1	8
79	26	1	8
84	26	1	8
91	26	1	8
93	26	1	8
98	26	1	8
57	30	1	8
82	30	1	8
83	30	1	8
71	33	1	8
82	37	1	8
49	38	1	8
88	41	1	8
38	44	1	8
26	46	1	8
49	46	1	8
82	47	1	8
49	49	1	8
19	51	1	8
55	53	1	8
83	53	2	8
84	55	1	8
95	55	1	8
16	57	1	8
55	57	1	8
47	58	1	8
40	59	1	8
71	59	1	8
57	60	1	8
84	60	1	8
46	63	1	8
24	67	1	8
94	67	1	8
99	67	2	8
49	68	1	8
47	69	1	8
82	69	1	8
96	69	1	8
57	70	1	8
82	70	1	8
85	70	1	8
82	72	1	8
46	73	1	8
82	73	1	8
47	74	1	8
84	75	1	8
15	77	1	8
2	80	1	8
58	80	1	8
41	82	1	8
97	82	1	8
2	83	1	8
41	83	1	8
58	83	1	8
14	84	1	8
15	85	1	8
89	88	1	8
7	91	1	8
46	91	1	8
82	91	1	8
7	92	1	8
96	92	1	8
46	94	1	8
46	96	1	8
85	96	1	8
46	101	1	8
82	101	1	8
46	102	1	8
56	102	1	8
84	102	1	8
9	103	1	8
31	103	1	8
46	104	1	8
82	104	1	8
84	107	1	8
85	107	1	8
46	108	1	8
82	108	1	8
85	108	1	8
20	109	1	8
82	109	1	8
88	113	1	8
47	114	1	8
56	114	1	8
8	121	1	8
82	122	1	8
90	125	1	8
19	126	1	8
64	128	2	8
84	128	1	8
92	128	1	8
47	130	2	8
64	132	1	8
56	133	1	8
31	154	1	8
40	154	1	8
11	164	1	8
75	164	1	8
88	164	1	8
40	167	1	8
59	167	1	8
79	167	1	8
40	168	1	8
59	168	1	8
68	168	1	8
81	168	1	8
78	169	1	8
74	173	1	8
40	181	1	8
68	181	1	8
3	191	1	8
43	191	1	8
46	193	1	8
3	194	1	8
7	194	1	8
35	194	1	8
97	194	1	8
3	195	1	8
7	195	1	8
21	195	1	8
35	195	1	8
97	195	1	8
9	197	1	8
31	197	1	8
45	197	1	8
21	199	1	8
77	200	1	8
83	201	1	8
87	202	1	8
34	203	1	8
36	211	1	8
27	213	1	8
63	213	1	8
47	217	1	8
73	217	1	8
7	218	1	8
26	218	1	8
87	218	1	8
40	219	1	8
62	219	1	8
97	219	1	8
40	222	1	8
40	223	1	8
77	223	1	8
84	223	1	8
88	223	1	8
93	223	1	8
19	225	1	8
88	225	1	8
19	227	1	8
69	227	1	8
97	227	1	8
95	228	1	8
40	230	1	8
46	230	1	8
68	230	1	8
27	231	1	8
66	231	1	8
91	231	1	8
75	232	1	8
93	232	1	8
91	233	1	8
25	234	1	8
47	234	1	8
73	234	1	8
84	234	1	8
66	235	1	8
88	235	1	8
93	235	1	8
18	236	1	8
52	241	1	8
90	241	1	8
28	242	1	8
31	242	1	8
72	245	1	8
97	245	1	8
96	246	1	8
40	260	1	8
80	261	1	8
35	274	1	8
45	274	1	8
16	276	1	8
6	277	1	8
84	280	1	8
40	284	1	8
16	296	1	8
24	296	1	8
85	320	1	8
71	334	1	8
71	339	1	8
84	339	1	8
36	347	1	8
76	347	1	8
52	348	2	8
56	348	1	8
77	348	1	8
90	348	1	8
39	351	1	8
45	351	1	8
76	351	1	8
78	351	1	8
83	351	1	8
31	352	1	8
41	352	1	8
62	352	1	8
76	353	1	8
19	354	1	8
7	355	1	8
41	355	1	8
45	355	1	8
76	355	1	8
47	358	1	8
76	358	1	8
3	360	1	8
7	360	1	8
43	360	1	8
16	361	1	8
23	363	1	8
47	363	1	8
39	364	1	8
47	364	2	8
78	364	1	8
69	365	1	8
45	366	1	8
46	366	1	8
76	366	1	8
84	368	1	8
18	369	1	8
46	369	1	8
69	369	1	8
15	370	1	8
46	370	1	8
76	370	1	8
35	372	1	8
34	373	1	8
35	373	1	8
41	375	1	8
47	375	2	8
56	375	1	8
23	377	1	8
84	377	1	8
25	378	1	8
34	378	1	8
34	385	1	8
18	390	1	8
22	390	1	8
97	390	1	8
65	392	1	8
25	393	1	8
68	393	1	8
69	406	1	8
97	408	1	8
47	409	1	8
46	410	1	8
93	410	1	8
28	411	1	8
37	411	1	8
5	412	1	8
28	412	1	8
75	412	1	8
89	412	1	8
37	413	1	8
37	414	1	8
46	414	2	8
5	416	1	8
46	416	1	8
75	416	1	8
84	416	1	8
89	416	1	8
83	418	1	8
93	418	1	8
36	419	1	8
38	419	1	8
70	419	1	8
46	424	1	8
40	425	1	8
20	428	1	8
46	428	1	8
90	428	1	8
70	429	1	8
70	444	1	8
37	445	1	8
40	445	1	8
60	445	1	8
37	446	1	8
46	446	1	8
60	446	1	8
69	446	1	8
84	446	1	8
85	446	1	8
46	447	1	8
60	448	1	8
37	451	1	8
86	454	1	8
8	455	1	8
24	455	1	8
40	455	1	8
99	455	1	8
5	457	1	8
46	457	1	8
69	457	1	8
84	457	1	8
13	458	1	8
67	458	1	8
5	461	1	8
40	462	1	8
46	462	1	8
70	462	1	8
46	463	1	8
93	463	1	8
24	472	1	8
47	472	1	8
61	476	1	8
8	492	1	8
32	493	1	8
40	493	1	8
83	518	1	8
40	522	1	8
59	522	1	8
79	522	1	8
97	523	1	8
40	527	1	8
29	529	1	8
50	531	1	8
46	533	1	8
97	533	1	8
40	559	1	8
40	560	1	8
40	562	1	8
5	572	1	8
13	572	1	8
5	574	1	8
43	574	1	8
28	575	1	8
2	577	1	8
58	577	1	8
3	578	1	8
40	578	1	8
97	578	1	8
40	581	1	8
40	582	1	8
2	585	1	8
41	585	1	8
46	585	1	8
58	585	1	8
84	586	1	8
40	587	1	8
66	594	1	8
80	594	1	8
92	594	1	8
51	596	1	8
30	597	1	8
97	603	1	8
64	606	1	8
97	606	1	8
2	614	1	8
46	614	1	8
58	614	1	8
63	615	1	8
93	623	1	8
79	625	1	8
39	626	1	8
41	626	1	8
47	635	1	8
2	636	1	8
46	636	1	8
58	636	1	8
40	637	1	8
93	637	1	8
8	641	1	8
65	641	1	8
40	643	1	8
47	643	1	8
81	643	1	8
53	647	1	8
80	647	1	8
2	654	1	8
58	654	1	8
62	654	1	8
41	655	1	8
46	655	1	8
74	657	1	8
