491	8	1	0
56	10	1	0
209	10	1	0
523	10	1	0
503	12	1	0
554	12	1	0
578	12	1	0
591	12	1	0
240	15	1	0
519	15	1	0
30	20	1	0
44	20	1	0
231	20	1	0
485	20	1	0
516	20	1	0
161	21	1	0
254	21	1	0
355	21	1	0
92	24	1	0
508	34	1	0
131	37	1	0
364	37	1	0
240	56	1	0
254	56	1	0
464	56	2	0
479	56	1	0
210	59	1	0
315	59	1	0
497	59	1	0
244	73	1	0
265	73	1	0
468	73	1	0
474	73	1	0
254	78	1	0
464	78	1	0
196	85	1	0
210	85	1	0
261	85	1	0
400	85	1	0
495	85	1	0
554	85	1	0
564	85	1	0
56	93	1	0
546	93	1	0
92	96	1	0
248	96	2	0
378	96	1	0
414	96	1	0
516	96	1	0
468	100	1	0
243	109	1	0
56	114	1	0
213	114	1	0
528	114	1	0
549	114	1	0
584	114	1	0
182	117	1	0
231	117	1	0
447	117	1	0
501	117	1	0
516	117	1	0
253	118	1	0
254	118	1	0
44	121	1	0
229	121	1	0
264	121	1	0
343	121	1	0
401	121	1	0
100	133	1	0
133	133	1	0
412	133	1	0
329	149	1	0
542	149	1	0
62	155	1	0
253	155	1	0
341	155	1	0
509	155	1	0
554	155	1	0
30	181	1	0
314	181	1	0
385	181	1	0
433	181	1	0
69	185	1	0
30	190	1	0
112	190	1	0
222	190	1	0
253	190	1	0
314	190	1	0
385	190	1	0
575	190	1	0
317	192	1	0
324	192	1	0
449	192	1	0
491	192	1	0
129	195	1	0
65	214	1	0
117	214	1	0
213	214	1	0
237	214	1	0
317	214	1	0
549	214	1	0
32	218	1	0
205	218	1	0
227	218	1	0
302	218	1	0
228	224	1	0
581	224	1	0
546	227	1	0
552	227	1	0
564	227	1	0
8	228	1	0
336	228	1	0
241	236	1	0
376	238	1	0
231	244	1	0
359	244	1	0
468	244	1	0
231	250	1	0
3	262	1	0
378	262	2	0
81	275	1	0
403	275	1	0
22	281	1	0
30	281	1	0
257	281	1	0
319	281	1	0
339	281	1	0
527	281	1	0
529	281	1	0
323	283	1	0
29	285	1	0
189	285	1	0
439	285	1	0
554	285	1	0
228	287	1	0
122	296	1	0
220	296	1	0
226	296	1	0
243	296	2	0
222	305	1	0
162	313	1	0
339	313	1	0
254	315	1	0
254	324	1	0
404	324	1	0
15	332	1	0
516	332	1	0
62	333	1	0
156	333	1	0
162	333	1	0
244	333	1	0
339	344	1	0
400	344	1	0
479	356	1	0
356	361	1	0
56	366	1	0
303	366	1	0
11	372	1	0
11	379	1	0
156	379	1	0
564	379	1	0
291	381	1	0
11	395	1	0
22	395	1	0
7	397	1	0
75	397	2	0
355	397	2	0
264	398	1	0
410	398	1	0
489	402	1	0
104	408	1	0
254	408	1	0
345	408	1	0
14	409	1	0
59	409	1	0
145	409	1	0
220	409	1	0
442	409	1	0
492	409	1	0
516	409	1	0
347	410	2	0
410	410	1	0
549	410	1	0
104	411	1	0
319	414	1	0
574	414	1	0
179	420	1	0
208	420	1	0
430	421	1	0
208	422	1	0
117	432	2	0
519	432	1	0
549	432	1	0
11	433	1	0
93	433	1	0
119	433	1	0
549	433	1	0
11	444	1	0
40	444	1	0
160	444	1	0
78	459	1	0
252	459	1	0
254	459	1	0
425	459	1	0
436	459	1	0
152	467	1	0
205	467	1	0
554	467	1	0
210	481	1	0
210	486	1	0
254	487	1	0
271	487	1	0
383	487	1	0
487	487	1	0
35	498	1	0
546	498	1	0
556	498	1	0
182	499	1	0
254	499	1	0
57	500	1	0
200	500	1	0
335	500	1	0
554	500	1	0
20	501	1	0
32	501	1	0
241	501	1	0
291	501	1	0
329	501	1	0
457	501	1	0
527	501	1	0
11	515	1	0
220	515	1	0
326	518	1	0
336	518	1	0
410	518	1	0
579	518	1	0
56	524	1	0
500	524	1	0
527	524	1	0
566	524	1	0
29	531	1	0
189	531	1	0
329	532	1	0
107	539	1	0
324	539	1	0
90	542	1	0
183	542	1	0
261	542	1	0
329	542	1	0
408	542	1	0
564	542	2	0
244	551	1	0
271	551	1	0
400	551	1	0
487	551	1	0
107	556	1	0
550	556	1	0
36	572	1	0
185	572	1	0
402	572	1	0
231	580	1	0
324	585	1	0
360	585	1	0
545	585	1	0
152	588	1	0
25	589	1	0
257	589	1	0
324	589	1	0
549	589	1	0
201	594	1	0
264	594	1	0
500	594	1	0
304	595	1	0
324	595	1	0
79	605	1	0
84	605	1	0
52	618	1	0
550	618	1	0
231	619	1	0
428	619	1	0
561	619	1	0
231	623	1	0
428	623	1	0
561	623	1	0
209	631	1	0
393	631	1	0
529	631	1	0
558	631	1	0
114	632	1	0
329	632	1	0
204	637	1	0
209	637	1	0
232	637	1	0
539	637	1	0
584	637	1	0
497	645	1	0
162	646	1	0
564	646	1	0
410	650	1	0
500	650	1	0
410	652	1	0
500	652	1	0
577	659	1	0
122	670	1	0
329	676	1	0
209	697	1	0
356	697	1	0
584	697	1	0
549	705	1	0
564	705	1	0
330	710	1	0
254	712	1	0
478	712	1	0
516	712	1	0
297	722	1	0
159	724	1	0
329	733	1	0
432	733	1	0
478	733	1	0
247	734	1	0
329	734	1	0
475	734	1	0
516	734	1	0
39	738	1	0
254	738	1	0
118	749	1	0
254	749	1	0
258	749	1	0
475	753	1	0
550	753	1	0
75	754	1	0
80	754	1	0
140	754	1	0
164	758	1	0
312	758	1	0
64	764	1	0
187	764	1	0
146	776	1	0
142	780	1	0
187	780	1	0
412	780	1	0
142	786	1	0
187	786	1	0
412	786	1	0
187	794	1	0
187	796	1	0
143	801	1	0
412	801	1	0
142	804	1	0
143	804	1	0
239	804	1	0
412	804	1	0
177	805	1	0
191	805	1	0
331	805	1	0
576	805	1	0
142	809	1	0
143	809	1	0
412	809	1	0
324	814	1	0
517	814	1	0
143	824	1	0
516	824	1	0
142	828	1	0
143	828	1	0
412	828	1	0
142	829	1	0
143	829	1	0
412	829	1	0
142	836	1	0
143	836	1	0
142	842	1	0
143	842	1	0
412	842	1	0
542	842	1	0
378	843	1	0
399	843	1	0
430	843	1	0
468	843	1	0
142	845	1	0
143	845	1	0
187	845	2	0
516	845	2	0
142	847	1	0
143	847	1	0
187	847	1	0
142	850	1	0
143	850	1	0
187	850	1	0
14	852	1	0
142	852	1	0
143	852	1	0
142	856	1	0
143	856	1	0
187	856	1	0
142	858	1	0
143	858	1	0
187	858	2	0
142	860	1	0
143	860	1	0
142	866	1	0
143	866	1	0
187	866	1	0
142	867	1	0
143	867	1	0
187	867	1	0
142	868	1	0
143	868	1	0
210	868	1	0
51	870	1	0
142	870	1	0
143	870	1	0
142	871	1	0
143	871	1	0
213	871	1	0
421	871	1	0
142	872	1	0
143	872	1	0
133	877	1	0
1	879	1	0
201	879	1	0
209	879	1	0
272	879	1	0
142	884	1	0
143	884	1	0
544	884	1	0
20	886	1	0
30	886	1	0
142	886	1	0
143	886	1	0
187	886	1	0
256	886	1	0
317	886	1	0
412	886	1	0
143	890	1	0
187	890	1	0
329	890	1	0
412	890	1	0
142	892	1	0
143	892	1	0
187	892	1	0
412	892	1	0
142	894	1	0
143	894	1	0
317	894	1	0
564	894	1	0
142	898	1	0
143	898	1	0
579	898	2	0
142	903	1	0
143	903	1	0
317	903	1	0
142	905	1	0
143	905	1	0
412	905	2	0
254	909	2	0
312	909	1	0
142	910	1	0
143	910	1	0
231	910	1	0
142	911	1	0
143	911	1	0
187	911	1	0
217	911	1	0
326	911	1	0
328	911	1	0
339	911	1	0
516	911	1	0
142	920	1	0
143	920	1	0
187	920	1	0
142	921	1	0
143	921	1	0
112	924	1	0
415	924	1	0
591	924	1	0
233	926	1	0
142	929	1	0
143	929	1	0
142	930	1	0
143	930	1	0
142	961	1	0
143	961	1	0
516	961	1	0
538	961	1	0
142	966	1	0
143	966	1	0
187	966	2	0
142	968	1	0
143	968	1	0
455	974	1	0
142	976	1	0
143	976	1	0
142	977	1	0
143	977	1	0
250	978	1	0
422	978	1	0
142	980	1	0
143	980	1	0
412	980	1	0
516	980	1	0
13	1000	1	0
177	1000	1	0
214	1000	1	0
282	1000	1	0
561	1000	1	0
142	1003	1	0
143	1003	1	0
252	1003	1	0
428	1003	1	0
82	1006	1	0
227	1006	1	0
356	1006	1	0
533	1006	1	0
15	1007	1	0
142	1007	1	0
143	1007	1	0
585	1007	1	0
18	1008	1	0
368	1008	1	0
414	1008	1	0
14	1009	1	0
129	1009	1	0
539	1009	1	0
552	1009	1	0
285	1010	1	0
205	1012	1	0
209	1012	1	0
294	1024	1	0
491	1024	1	0
361	1030	1	0
516	1030	1	0
566	1030	1	0
467	1031	1	0
528	1031	1	0
165	1033	1	0
319	1033	2	0
329	1033	2	0
329	1044	1	0
3	1048	1	0
299	1048	1	0
468	1048	1	0
478	1048	1	0
530	1048	1	0
534	1054	1	0
99	1060	1	0
310	1060	1	0
296	1087	1	0
549	1087	1	0
167	1099	1	0
516	1099	1	0
534	1099	1	0
549	1099	1	0
560	1099	1	0
560	1103	1	0
561	1103	1	0
329	1104	1	0
393	1104	1	0
523	1104	1	0
553	1104	1	0
378	1105	1	0
516	1105	1	0
3	1110	1	0
378	1110	1	0
468	1110	1	0
484	1110	1	0
84	1113	1	0
200	1113	1	0
509	1113	2	0
562	1113	1	0
583	1113	1	0
80	1114	1	0
553	1114	1	0
43	1120	1	0
435	1123	1	0
553	1123	1	0
254	1128	1	0
356	1128	1	0
454	1128	1	0
458	1128	1	0
516	1128	1	0
40	1129	1	0
427	1129	1	0
146	1145	1	0
216	1145	2	0
254	1145	1	0
442	1145	1	0
205	1149	1	0
378	1149	1	0
529	1149	1	0
550	1149	1	0
205	1170	2	0
213	1170	1	0
230	1170	1	0
319	1170	1	0
527	1170	1	0
290	1182	1	0
247	1184	1	0
303	1184	1	0
39	1186	1	0
124	1186	1	0
220	1186	1	0
254	1186	1	0
516	1186	1	0
571	1186	1	0
507	1201	1	0
554	1201	1	0
185	1210	1	0
265	1210	1	0
329	1210	1	0
497	1210	1	0
412	1216	1	0
522	1216	1	0
209	1223	1	0
516	1223	1	0
40	1237	1	0
364	1237	1	0
210	1244	1	0
508	1244	1	0
21	1263	1	0
174	1263	1	0
480	1263	1	0
530	1263	1	0
388	1265	1	0
369	1268	1	0
152	1274	1	0
265	1274	1	0
172	1275	1	0
254	1275	1	0
549	1277	1	0
378	1293	1	0
18	1298	1	0
182	1298	1	0
231	1298	1	0
171	1299	1	0
14	1300	1	0
173	1300	1	0
343	1300	1	0
400	1300	1	0
478	1300	1	0
30	1304	1	0
154	1304	1	0
468	1304	1	0
491	1304	1	0
554	1304	1	0
88	1306	1	0
231	1306	1	0
546	1306	1	0
152	1315	1	0
356	1317	1	0
128	1318	1	0
265	1318	1	0
111	1320	1	0
324	1320	1	0
349	1320	1	0
356	1320	1	0
156	1322	1	0
182	1322	1	0
244	1322	1	0
468	1322	1	0
551	1322	1	0
576	1322	1	0
226	1325	1	0
265	1325	1	0
425	1325	1	0
196	1326	1	0
452	1326	1	0
458	1326	1	0
152	1328	1	0
447	1328	1	0
171	1329	1	0
84	1337	1	0
368	1337	1	0
516	1337	1	0
264	1339	1	0
356	1339	1	0
131	1343	1	0
152	1343	1	0
215	1343	1	0
368	1343	1	0
222	1347	1	0
329	1347	1	0
549	1347	1	0
581	1347	1	0
533	1348	1	0
140	1349	1	0
573	1349	1	0
29	1355	1	0
117	1355	1	0
152	1355	1	0
237	1355	1	0
396	1355	1	0
485	1356	1	0
407	1362	1	0
18	1363	1	0
146	1363	1	0
225	1363	1	0
228	1363	1	0
271	1363	1	0
487	1363	1	0
516	1363	1	0
564	1363	1	0
194	1365	1	0
309	1365	1	0
489	1365	1	0
546	1365	1	0
210	1367	1	0
446	1367	1	0
516	1367	1	0
131	1368	1	0
184	1368	1	0
216	1368	99	0
243	1372	1	0
473	1372	1	0
524	1372	1	0
214	1376	1	0
497	1376	1	0
529	1376	1	0
260	1377	1	0
581	1377	1	0
564	1380	1	0
253	1384	1	0
309	1401	1	0
452	1401	1	0
452	1423	1	0
549	1423	2	0
588	1423	1	0
128	1424	1	0
265	1424	1	0
554	1424	1	0
2	1432	1	0
79	1432	1	0
376	1432	1	0
216	1433	1	0
400	1433	1	0
545	1437	1	0
152	1438	1	0
239	1438	1	0
152	1439	1	0
239	1439	1	0
499	1445	1	0
219	1451	1	0
516	1451	1	0
569	1451	1	0
516	1452	1	0
559	1452	1	0
356	1454	1	0
5	1455	1	0
210	1455	1	0
265	1463	1	0
345	1463	1	0
106	1464	1	0
345	1464	1	0
283	1466	1	0
301	1474	1	0
157	1484	1	0
525	1484	1	0
550	1484	1	0
411	1497	1	0
416	1497	1	0
501	1497	1	0
505	1497	1	0
588	1499	1	0
185	1500	1	0
443	1500	1	0
516	1500	1	0
384	1501	1	0
384	1502	1	0
161	1505	1	0
229	1505	1	0
230	1505	1	0
101	1507	1	0
252	1507	1	0
332	1507	1	0
485	1515	1	0
492	1515	1	0
23	1516	1	0
23	1517	1	0
24	1518	1	0
231	1521	1	0
324	1523	1	0
185	1525	1	0
407	1525	1	0
32	1526	1	0
159	1526	1	0
365	1526	1	0
37	1527	1	0
468	1527	1	0
570	1527	1	0
329	1543	1	0
393	1543	1	0
225	1547	1	0
252	1547	1	0
388	1547	1	0
353	1550	1	0
439	1550	1	0
124	1552	1	0
272	1552	1	0
359	1552	1	0
91	1553	1	0
558	1553	1	0
565	1553	1	0
30	1559	1	0
400	1559	1	0
293	1575	1	0
559	1575	1	0
416	1577	1	0
449	1577	1	0
529	1577	1	0
3	1591	1	0
197	1591	1	0
200	1594	1	0
396	1594	1	0
431	1594	1	0
442	1594	1	0
449	1594	1	0
549	1594	1	0
326	1598	1	0
329	1598	1	0
40	1602	2	0
310	1602	1	0
459	1602	1	0
3	1604	1	0
253	1604	1	0
12	1605	1	0
329	1605	1	0
219	1609	1	0
373	1609	1	0
229	1614	1	0
361	1614	1	0
44	1622	1	0
229	1622	1	0
424	1623	1	0
538	1623	1	0
544	1623	1	0
106	1631	1	0
222	1631	1	0
231	1631	1	0
454	1631	1	0
525	1631	1	0
96	1634	1	0
45	1635	1	0
171	1635	1	0
229	1635	1	0
361	1635	1	0
485	1635	1	0
560	1635	1	0
158	1639	1	0
371	1639	1	0
319	1643	1	0
365	1643	1	0
172	1646	1	0
241	1646	1	0
256	1646	1	0
359	1646	1	0
38	1652	1	0
457	1652	1	0
3	1668	1	0
138	1668	1	0
197	1668	1	0
414	1668	1	0
26	1670	1	0
122	1670	1	0
329	1674	1	0
381	1678	1	0
453	1678	1	0
483	1682	1	0
254	1685	1	0
271	1685	1	0
383	1685	1	0
487	1685	1	0
228	1686	1	0
174	1687	1	0
265	1687	1	0
308	1687	1	0
516	1687	1	0
559	1687	1	0
439	1690	1	0
43	1693	1	0
259	1693	1	0
275	1693	1	0
462	1693	1	0
516	1693	1	0
569	1693	1	0
137	1699	1	0
209	1699	1	0
564	1699	1	0
460	1704	1	0
64	1706	1	0
44	1708	1	0
164	1708	1	0
229	1708	1	0
329	1708	1	0
356	1708	1	0
116	1709	1	0
564	1709	1	0
15	1710	1	0
260	1710	1	0
512	1710	1	0
101	1714	1	0
477	1714	1	0
478	1714	1	0
407	1715	1	0
423	1715	1	0
64	1718	1	0
400	1719	1	0
485	1730	1	0
468	1744	2	0
130	1751	1	0
516	1751	1	0
106	1753	1	0
152	1754	1	0
215	1754	1	0
254	1756	1	0
412	1756	1	0
426	1756	1	0
484	1756	1	0
23	1762	1	0
154	1762	1	0
265	1762	1	0
516	1762	1	0
584	1762	1	0
96	1766	1	0
341	1766	1	0
136	1767	1	0
469	1767	1	0
509	1767	1	0
549	1767	1	0
79	1768	1	0
319	1768	1	0
324	1768	1	0
341	1768	1	0
359	1768	1	0
513	1768	1	0
572	1768	1	0
315	1774	1	0
329	1774	1	0
370	1774	1	0
290	1776	1	0
365	1776	1	0
516	1776	1	0
549	1776	1	0
29	1779	1	0
106	1779	1	0
365	1779	1	0
121	1780	1	0
398	1780	1	0
449	1780	1	0
100	1794	1	0
197	1794	1	0
219	1794	1	0
439	1794	1	0
516	1795	1	0
24	1804	1	0
489	1804	1	0
231	1808	2	0
316	1808	1	0
465	1808	1	0
516	1808	1	0
573	1808	3	0
322	1811	1	0
484	1811	1	0
485	1811	1	0
516	1811	1	0
518	1811	1	0
496	1813	1	0
146	1815	1	0
228	1815	1	0
254	1815	1	0
259	1815	1	0
516	1815	1	0
564	1815	1	0
127	1820	1	0
312	1820	1	0
424	1820	1	0
147	1822	1	0
217	1822	1	0
516	1822	2	0
44	1828	1	0
516	1828	1	0
561	1828	2	0
89	1829	1	0
254	1829	1	0
329	1829	1	0
290	1830	1	0
308	1830	1	0
316	1830	1	0
516	1830	1	0
105	1838	1	0
196	1838	1	0
254	1838	1	0
257	1838	1	0
254	1839	1	0
271	1839	1	0
383	1839	1	0
487	1839	1	0
506	1839	1	0
182	1842	1	0
365	1842	1	0
317	1843	1	0
335	1843	2	0
489	1843	1	0
161	1860	1	0
516	1860	1	0
525	1860	1	0
29	1861	1	0
346	1861	1	0
446	1861	1	0
550	1861	1	0
106	1863	1	0
120	1863	1	0
197	1863	1	0
253	1863	1	0
139	1867	7	0
403	1867	1	0
60	1871	1	0
149	1873	1	0
411	1873	1	0
101	1876	1	0
283	1876	1	0
516	1876	1	0
359	1895	1	0
400	1895	1	0
549	1895	1	0
534	1899	1	0
460	1900	1	0
516	1901	1	0
16	1904	1	0
460	1904	1	0
478	1904	1	0
289	1905	1	0
290	1905	1	0
451	1905	1	0
491	1905	1	0
516	1905	1	0
324	1907	1	0
16	1910	1	0
88	1913	1	0
209	1913	1	0
442	1913	1	0
495	1913	1	0
516	1913	1	0
564	1913	1	0
561	1915	1	0
289	1916	1	0
491	1916	1	0
210	1919	1	0
213	1919	1	0
355	1919	1	0
486	1925	1	0
176	1926	1	0
349	1926	1	0
231	1928	1	0
262	1928	1	0
400	1928	1	0
422	1928	1	0
507	1928	1	0
140	1932	1	0
178	1932	1	0
403	1932	1	0
427	1932	1	0
564	1932	1	0
583	1933	1	0
308	1934	1	0
182	1940	1	0
317	1940	1	0
30	1947	1	0
260	1947	1	0
449	1947	1	0
527	1947	1	0
549	1947	1	0
101	1949	1	0
107	1949	1	0
243	1949	1	0
402	1949	1	0
494	1949	1	0
548	1949	1	0
549	1949	1	0
224	1965	1	0
429	1965	1	0
7	1967	1	0
262	1967	1	0
513	1967	1	0
333	1974	1	0
501	1974	1	0
182	1988	1	0
462	1988	1	0
89	1989	1	0
356	1989	1	0
254	1992	1	0
329	1992	1	0
130	2000	1	0
490	2003	1	0
564	2003	1	0
153	2007	1	0
243	2007	1	0
244	2007	1	0
489	2007	1	0
25	2017	1	0
254	2017	1	0
260	2017	1	0
434	2017	1	0
516	2017	1	0
573	2017	1	0
30	2020	2	0
106	2021	1	0
195	2021	1	0
252	2021	1	0
329	2021	1	0
449	2021	1	0
221	2024	1	0
231	2024	1	0
485	2024	1	0
213	2029	1	0
527	2029	1	0
529	2029	1	0
564	2030	1	0
493	2034	1	0
494	2037	1	0
516	2037	1	0
44	2044	1	0
229	2044	1	0
486	2045	1	0
412	2047	1	0
478	2047	1	0
558	2047	1	0
209	2050	1	0
394	2050	1	0
580	2050	1	0
171	2056	1	0
242	2056	2	0
411	2056	1	0
564	2056	1	0
568	2056	1	0
29	2063	1	0
449	2063	1	0
550	2063	1	0
78	2066	1	0
161	2066	1	0
425	2085	1	0
89	2098	1	0
141	2098	1	0
369	2098	1	0
402	2098	1	0
516	2098	1	0
84	2103	1	0
319	2103	1	0
485	2103	1	0
231	2108	1	0
14	2115	1	0
316	2115	1	0
321	2115	1	0
289	2142	1	0
390	2142	1	0
152	2168	1	0
516	2168	1	0
544	2168	1	0
434	2187	1	0
549	2187	1	0
125	2197	1	0
191	2205	1	0
289	2205	1	0
293	2205	1	0
481	2205	1	0
509	2205	1	0
225	2209	1	0
252	2209	1	0
390	2209	2	0
4	2210	1	0
266	2210	1	0
356	2210	1	0
192	2223	1	0
392	2223	1	0
3	2225	1	0
35	2225	1	0
258	2225	1	0
516	2225	1	0
550	2225	1	0
309	2229	1	0
176	2232	1	0
191	2232	1	0
228	2232	1	0
254	2238	1	0
401	2238	1	0
350	2249	1	0
254	2255	1	0
373	2259	1	0
551	2259	1	0
30	2274	1	0
290	2274	1	0
444	2274	1	0
471	2274	1	0
516	2274	1	0
564	2274	1	0
57	2275	1	0
124	2275	1	0
329	2275	1	0
463	2275	1	0
246	2279	1	0
94	2280	1	0
131	2280	1	0
158	2280	1	0
482	2280	1	0
516	2280	2	0
68	2281	1	0
254	2281	1	0
546	2281	1	0
457	2282	1	0
517	2282	1	0
496	2284	1	0
554	2285	1	0
191	2290	1	0
266	2290	1	0
408	2290	1	0
254	2291	1	0
499	2291	1	0
278	2299	1	0
491	2299	1	0
222	2300	1	0
418	2300	1	0
516	2300	1	0
254	2311	1	0
431	2311	1	0
516	2311	1	0
49	2312	1	0
254	2312	1	0
290	2326	1	0
516	2326	1	0
323	2331	1	0
585	2331	1	0
106	2336	1	0
527	2336	1	0
3	2342	1	0
102	2342	1	0
359	2342	1	0
44	2349	1	0
64	2349	1	0
229	2349	1	0
159	2351	1	0
361	2351	1	0
1	2372	1	0
156	2372	1	0
576	2372	1	0
156	2373	1	0
244	2373	1	0
192	2376	1	0
127	2377	1	0
463	2377	1	0
562	2377	1	0
20	2383	1	0
220	2383	1	0
226	2383	1	0
468	2386	1	0
98	2388	1	0
300	2388	1	0
301	2389	1	0
415	2389	1	0
516	2389	1	0
124	2398	1	0
171	2398	1	0
359	2398	1	0
396	2398	1	0
463	2398	2	0
401	2400	1	0
149	2408	1	0
182	2408	1	0
217	2409	1	0
170	2411	1	0
480	2411	1	0
324	2412	1	0
364	2418	1	0
396	2418	1	0
527	2418	1	0
213	2419	1	0
455	2419	1	0
53	2423	1	0
271	2427	1	0
487	2427	1	0
349	2428	1	0
402	2428	1	0
546	2428	1	0
189	2430	1	0
30	2431	1	0
271	2432	1	0
395	2432	1	0
487	2432	1	0
48	2436	1	0
213	2436	1	0
131	2440	1	0
291	2440	1	0
383	2444	1	0
226	2447	1	0
549	2456	1	0
319	2457	1	0
324	2464	1	0
564	2469	1	0
185	2471	1	0
478	2471	1	0
57	2472	1	0
155	2472	1	0
216	2472	1	0
224	2474	1	0
453	2474	1	0
516	2474	1	0
559	2474	1	0
92	2476	1	0
280	2476	1	0
220	2486	1	0
261	2486	1	0
329	2486	1	0
480	2486	1	0
482	2486	1	0
564	2486	1	0
3	2487	1	0
199	2487	1	0
209	2487	2	0
220	2487	1	0
393	2487	1	0
482	2487	1	0
505	2487	1	0
38	2492	1	0
146	2492	1	0
43	2493	1	0
220	2493	1	0
209	2494	1	0
220	2494	2	0
544	2494	1	0
173	2495	1	0
199	2495	1	0
220	2495	2	0
482	2495	1	0
48	2497	1	0
187	2497	1	0
209	2497	1	0
220	2497	1	0
242	2497	1	0
339	2497	1	0
16	2506	1	0
64	2506	1	0
130	2506	1	0
344	2506	1	0
465	2506	1	0
16	2507	1	0
32	2507	1	0
72	2507	1	0
215	2507	1	0
344	2507	1	0
398	2507	1	0
185	2510	1	0
193	2510	1	0
209	2510	1	0
220	2510	1	0
339	2510	1	0
411	2510	1	0
505	2510	1	0
16	2514	1	0
344	2514	1	0
410	2514	1	0
449	2514	1	0
577	2514	1	0
253	2518	1	0
308	2518	1	0
247	2520	1	0
328	2520	1	0
516	2520	1	0
569	2520	1	0
189	2523	1	0
265	2523	1	0
513	2524	1	0
252	2527	1	0
30	2549	1	0
128	2549	1	0
254	2549	1	0
329	2549	1	0
369	2549	1	0
41	2551	1	0
319	2551	1	0
71	2553	1	0
467	2553	1	0
508	2553	1	0
550	2553	1	0
16	2557	1	0
329	2557	1	0
344	2557	1	0
403	2557	1	0
156	2561	1	0
231	2561	1	0
62	2565	1	0
180	2565	1	0
197	2565	1	0
21	2567	1	0
443	2567	1	0
458	2574	1	0
505	2574	1	0
38	2580	1	0
362	2580	1	0
426	2580	1	0
447	2580	1	0
474	2587	1	0
56	2596	1	0
117	2598	1	0
356	2598	1	0
378	2598	1	0
554	2598	1	0
317	2603	1	0
402	2603	1	0
227	2613	1	0
478	2613	1	0
101	2618	1	0
576	2618	1	0
254	2619	1	0
271	2619	1	0
383	2619	1	0
487	2619	1	0
187	2634	1	0
400	2637	1	0
445	2637	1	0
329	2639	1	0
516	2639	1	0
559	2639	1	0
266	2645	1	0
254	2647	1	0
443	2647	1	0
37	2653	1	0
213	2653	1	0
266	2653	1	0
332	2653	1	0
140	2658	1	0
146	2658	1	0
403	2658	2	0
457	2658	1	0
516	2658	1	0
105	2665	1	0
429	2665	1	0
236	2671	1	0
546	2671	1	0
146	2676	1	0
148	2678	1	0
254	2678	1	0
449	2681	1	0
6	2682	1	0
329	2682	1	0
366	2682	1	0
329	2684	1	0
254	2687	1	0
457	2687	1	0
481	2687	1	0
181	2690	1	0
254	2690	1	0
516	2690	1	0
127	2708	1	0
159	2708	1	0
213	2708	1	0
329	2708	1	0
495	2708	1	0
516	2708	1	0
148	2713	1	0
197	2713	1	0
552	2713	1	0
197	2716	1	0
272	2716	1	0
573	2716	1	0
40	2726	1	0
439	2726	1	0
68	2728	1	0
75	2728	1	0
254	2728	1	0
516	2728	1	0
254	2731	1	0
449	2731	1	0
478	2731	1	0
490	2731	1	0
414	2740	1	0
516	2740	1	0
99	2741	1	0
182	2741	1	0
359	2741	1	0
400	2741	1	0
124	2743	1	0
304	2743	1	0
507	2743	1	0
528	2743	1	0
205	2747	1	0
242	2747	1	0
400	2747	1	0
231	2748	1	0
182	2765	1	0
180	2770	1	0
478	2770	1	0
48	2773	1	0
113	2773	1	0
161	2773	1	0
367	2773	1	0
392	2773	1	0
422	2773	1	0
290	2774	1	0
516	2774	1	0
509	2776	1	0
14	2777	1	0
67	2777	1	0
359	2778	1	0
406	2778	1	0
175	2780	1	0
329	2780	1	0
106	2789	1	0
219	2789	1	0
569	2789	1	0
253	2798	1	0
264	2807	1	0
220	2810	1	0
359	2810	1	0
516	2810	1	0
281	2820	1	0
231	2822	1	0
317	2822	1	0
281	2824	1	0
106	2828	1	0
237	2828	1	0
429	2829	1	0
478	2831	1	0
2	2833	1	0
230	2833	1	0
400	2833	1	0
403	2833	1	0
445	2833	1	0
539	2833	1	0
170	2834	1	0
192	2834	1	0
310	2834	1	0
516	2834	1	0
68	2835	1	0
244	2837	1	0
281	2837	1	0
378	2837	1	0
536	2837	1	0
324	2838	1	0
356	2838	1	0
491	2838	1	0
255	2840	1	0
209	2841	1	0
295	2841	1	0
439	2841	1	0
516	2841	1	0
554	2841	1	0
399	2850	1	0
324	2855	1	0
254	2857	1	0
412	2857	1	0
516	2857	1	0
450	2866	1	0
527	2867	1	0
564	2867	1	0
291	2869	1	0
478	2869	1	0
254	2870	1	0
362	2870	1	0
260	2872	1	0
416	2872	1	0
454	2872	1	0
456	2872	1	0
549	2872	1	0
525	2879	1	0
550	2879	1	0
260	2880	1	0
416	2880	1	0
454	2880	1	0
456	2880	1	0
549	2880	1	0
278	2881	1	0
564	2881	1	0
205	2882	1	0
327	2882	1	0
173	2883	1	0
231	2883	1	0
254	2885	1	0
187	2886	1	0
412	2886	1	0
587	2893	1	0
240	2895	1	0
258	2895	1	0
449	2895	1	0
549	2895	2	0
164	2901	2	0
533	2901	1	0
225	2911	1	0
239	2911	1	0
266	2911	2	0
309	2911	1	0
341	2911	1	0
408	2911	1	0
516	2911	1	0
412	2916	1	0
356	2917	1	0
439	2917	1	0
329	2919	1	0
547	2925	1	0
181	2934	1	0
353	2934	1	0
479	2934	1	0
44	2939	1	0
229	2939	1	0
460	2940	1	0
384	2942	1	0
556	2950	1	0
223	2954	1	0
585	2954	1	0
105	2956	1	0
217	2956	1	0
408	2956	1	0
516	2956	1	0
309	2962	1	0
25	2975	1	0
216	2975	1	0
283	2975	1	0
516	2975	1	0
531	2975	1	0
254	2976	1	0
355	2976	1	0
549	2976	1	0
329	2985	1	0
51	3009	1	0
176	3009	1	0
191	3009	1	0
254	3009	1	0
3	3038	1	0
266	3038	1	0
349	3040	1	0
97	3052	1	0
476	3052	1	0
450	3056	1	0
259	3059	1	0
476	3059	1	0
486	3059	1	0
476	3060	1	0
324	3065	1	0
476	3065	1	0
247	3066	1	0
164	3067	1	0
556	3067	1	0
491	3068	1	0
417	3072	1	0
583	3072	1	0
223	3075	1	0
549	3075	1	0
583	3075	1	0
369	3081	1	0
549	3081	1	0
585	3081	1	0
220	3082	1	0
281	3082	1	0
75	3083	1	0
254	3083	1	0
240	3097	1	0
485	3097	1	0
72	3101	1	0
172	3101	1	0
388	3101	1	0
240	3103	1	0
485	3103	1	0
106	3105	1	0
265	3105	1	0
420	3112	1	0
516	3115	1	0
550	3115	1	0
561	3115	1	0
19	3116	1	0
235	3116	1	0
294	3116	1	0
400	3116	1	0
254	3121	1	0
271	3121	1	0
383	3121	1	0
487	3121	1	0
506	3121	1	0
122	11	1	1
505	11	1	1
381	14	1	1
453	14	1	1
122	17	1	1
220	18	1	1
417	25	1	1
562	30	1	1
335	31	1	1
417	31	1	1
399	35	1	1
254	40	1	1
129	44	1	1
417	44	1	1
400	45	1	1
505	45	1	1
468	47	1	1
527	47	1	1
546	47	1	1
549	47	1	1
152	49	1	1
14	52	1	1
271	52	1	1
515	52	1	1
548	52	1	1
93	55	1	1
265	63	1	1
254	67	1	1
537	67	1	1
254	81	1	1
537	81	1	1
378	86	1	1
497	86	1	1
500	86	1	1
254	88	1	1
515	97	1	1
123	127	1	1
187	127	1	1
231	127	1	1
482	127	1	1
538	127	1	1
205	132	1	1
516	132	1	1
523	132	1	1
288	150	1	1
298	150	1	1
69	152	1	1
179	152	1	1
497	152	1	1
83	161	1	1
192	161	1	1
33	165	1	1
34	165	1	1
69	173	1	1
179	173	1	1
408	173	1	1
56	175	1	1
247	175	1	1
298	177	1	1
497	179	1	1
451	184	1	1
69	188	1	1
244	188	1	1
309	188	1	1
505	199	1	1
231	201	1	1
302	201	1	1
556	201	2	1
210	208	1	1
301	208	1	1
417	208	1	1
527	208	1	1
191	211	1	1
298	211	1	1
209	215	1	1
308	215	1	1
332	215	1	1
463	215	1	1
516	215	1	1
555	215	1	1
56	217	1	1
252	217	1	1
472	222	1	1
497	222	1	1
71	231	1	1
182	231	1	1
337	231	1	1
358	231	1	1
478	231	1	1
100	232	1	1
240	232	1	1
254	232	1	1
340	232	1	1
589	232	1	1
33	254	1	1
34	254	1	1
265	258	2	1
329	258	1	1
475	260	1	1
550	260	1	1
569	260	1	1
410	290	1	1
134	292	1	1
554	292	1	1
254	293	1	1
3	294	1	1
201	294	1	1
231	294	1	1
134	295	1	1
560	295	1	1
3	297	1	1
525	297	1	1
319	298	1	1
108	303	1	1
277	303	1	1
554	303	1	1
108	308	1	1
277	308	1	1
318	308	1	1
315	309	1	1
360	310	1	1
516	310	1	1
233	318	1	1
254	318	1	1
116	319	1	1
199	319	1	1
220	319	1	1
315	319	1	1
418	319	1	1
324	321	1	1
130	325	1	1
554	325	1	1
254	327	1	1
66	331	1	1
254	331	1	1
383	331	1	1
9	337	1	1
174	337	1	1
209	337	1	1
220	337	1	1
257	337	1	1
324	337	1	1
329	337	1	1
504	337	1	1
66	339	1	1
254	339	1	1
383	339	1	1
290	340	1	1
346	340	1	1
277	342	1	1
228	351	1	1
130	353	1	1
228	353	1	1
113	357	1	1
296	357	1	1
220	363	1	1
228	363	1	1
339	363	1	1
400	363	1	1
516	363	1	1
554	363	1	1
545	364	1	1
410	367	1	1
225	374	1	1
329	374	1	1
504	374	1	1
536	374	1	1
111	377	1	1
210	377	1	1
233	377	1	1
182	393	1	1
543	393	1	1
51	412	1	1
319	412	1	1
490	412	1	1
513	412	1	1
86	438	1	1
210	438	1	1
62	465	1	1
189	465	1	1
244	465	1	1
466	465	1	1
187	470	1	1
78	503	1	1
370	503	1	1
436	503	1	1
182	508	1	1
283	508	1	1
304	508	1	1
14	522	1	1
290	522	1	1
516	522	1	1
573	522	1	1
202	530	1	1
441	530	1	1
193	545	1	1
350	545	1	1
421	546	1	1
395	549	1	1
254	550	1	1
397	550	1	1
467	550	1	1
254	553	1	1
37	558	1	1
265	558	1	1
283	558	1	1
585	558	1	1
516	559	1	1
44	561	1	1
229	561	1	1
40	568	1	1
403	568	1	1
422	568	1	1
23	576	1	1
329	576	1	1
229	581	1	1
504	581	1	1
41	582	1	1
213	582	1	1
522	582	1	1
225	592	1	1
252	592	1	1
425	592	1	1
510	592	1	1
516	592	1	1
556	592	1	1
219	593	1	1
265	593	1	1
356	593	1	1
75	599	1	1
261	599	1	1
97	604	1	1
250	604	1	1
254	604	1	1
369	604	1	1
210	617	1	1
550	617	1	1
575	617	1	1
117	620	1	1
355	620	1	1
401	620	1	1
516	620	1	1
209	627	1	1
28	630	1	1
254	630	1	1
289	630	1	1
527	630	1	1
231	647	1	1
563	647	1	1
563	655	1	1
129	658	1	1
552	658	1	1
81	661	1	1
254	661	1	1
403	661	1	1
456	667	1	1
471	669	2	1
550	669	1	1
563	669	1	1
584	669	1	1
84	680	1	1
147	680	1	1
39	684	1	1
182	684	1	1
516	684	1	1
519	684	1	1
549	684	1	1
329	687	1	1
335	688	1	1
48	693	1	1
199	693	1	1
348	693	1	1
129	695	1	1
552	695	1	1
170	699	1	1
265	699	1	1
535	699	1	1
67	704	1	1
366	704	1	1
9	706	1	1
18	706	1	1
80	706	1	1
435	706	1	1
224	717	1	1
244	717	1	1
376	717	1	1
205	732	1	1
297	732	1	1
433	732	1	1
516	732	1	1
84	740	1	1
254	740	1	1
329	740	1	1
309	742	1	1
30	746	1	1
182	746	1	1
153	751	1	1
156	751	1	1
235	767	1	1
329	767	1	1
343	767	1	1
154	779	1	1
228	779	1	1
427	779	1	1
529	781	1	1
109	783	1	1
146	783	1	1
228	783	2	1
258	783	2	1
258	784	1	1
516	784	1	1
291	791	1	1
458	791	1	1
468	791	1	1
519	791	1	1
556	791	1	1
564	791	1	1
191	798	1	1
240	798	1	1
265	798	1	1
410	798	1	1
431	798	1	1
449	798	1	1
564	798	1	1
564	800	1	1
335	821	1	1
580	821	1	1
581	821	1	1
6	822	1	1
12	822	1	1
166	822	1	1
212	833	1	1
419	833	1	1
420	833	1	1
519	833	1	1
70	889	1	1
129	889	1	1
167	889	1	1
458	889	1	1
503	889	1	1
552	889	1	1
205	901	1	1
297	901	1	1
516	901	1	1
403	922	1	1
489	922	1	1
574	922	1	1
553	932	1	1
254	953	1	1
384	953	1	1
457	953	1	1
182	986	1	1
212	986	1	1
324	986	1	1
489	986	1	1
176	988	2	1
299	988	1	1
326	988	1	1
374	988	1	1
433	988	1	1
501	993	1	1
549	993	1	1
579	993	1	1
36	1020	1	1
209	1020	1	1
427	1020	1	1
449	1020	1	1
199	1026	1	1
319	1026	1	1
354	1026	1	1
207	1027	1	1
228	1027	1	1
101	1029	1	1
309	1029	1	1
363	1029	1	1
153	1032	1	1
240	1038	1	1
88	1047	1	1
103	1047	1	1
298	1047	1	1
324	1047	1	1
237	1057	1	1
298	1057	1	1
298	1070	1	1
467	1070	1	1
505	1070	1	1
517	1070	1	1
549	1070	1	1
573	1070	1	1
207	1074	1	1
247	1074	1	1
505	1077	1	1
231	1079	1	1
565	1079	1	1
576	1079	1	1
363	1081	1	1
398	1081	1	1
27	1090	1	1
91	1090	1	1
163	1090	1	1
516	1090	1	1
560	1090	1	1
91	1100	1	1
555	1106	1	1
221	1109	1	1
529	1109	1	1
30	1112	1	1
91	1112	1	1
182	1112	1	1
518	1112	1	1
220	1126	1	1
505	1126	1	1
516	1126	1	1
41	1127	1	1
304	1135	1	1
140	1137	1	1
525	1137	1	1
401	1140	1	1
297	1147	1	1
374	1147	1	1
79	1148	1	1
33	1193	1	1
34	1193	1	1
323	1193	1	1
172	1198	1	1
329	1198	1	1
179	1199	1	1
291	1199	1	1
82	1202	1	1
86	1202	1	1
90	1202	1	1
210	1202	1	1
491	1202	1	1
581	1202	1	1
96	1211	1	1
335	1211	1	1
254	1213	1	1
96	1215	1	1
335	1215	1	1
472	1222	1	1
18	1228	1	1
335	1228	1	1
376	1228	1	1
505	1228	1	1
179	1231	2	1
199	1231	1	1
516	1235	1	1
542	1235	1	1
574	1235	1	1
202	1236	1	1
400	1236	1	1
223	1240	1	1
262	1240	1	1
539	1240	1	1
202	1241	1	1
400	1241	1	1
410	1241	1	1
516	1241	1	1
48	1257	1	1
254	1257	1	1
279	1257	1	1
513	1259	1	1
505	1266	1	1
329	1269	1	1
505	1280	1	1
505	1282	1	1
39	1284	1	1
70	1287	1	1
96	1287	1	1
138	1303	1	1
254	1310	1	1
417	1310	1	1
40	1311	1	1
230	1311	1	1
378	1311	1	1
380	1311	1	1
144	1333	1	1
220	1333	1	1
101	1350	1	1
106	1353	1	1
278	1353	1	1
530	1353	1	1
183	1358	1	1
223	1358	1	1
229	1358	1	1
361	1358	1	1
442	1358	1	1
551	1358	1	1
40	1360	1	1
369	1360	1	1
182	1361	1	1
208	1361	1	1
400	1361	1	1
30	1379	1	1
187	1379	1	1
254	1379	1	1
301	1379	1	1
417	1379	1	1
465	1379	1	1
265	1385	1	1
329	1385	1	1
448	1388	1	1
468	1388	1	1
38	1400	1	1
205	1400	1	1
410	1400	1	1
64	1417	1	1
388	1417	1	1
480	1417	1	1
283	1420	1	1
279	1422	1	1
324	1422	1	1
497	1422	1	1
555	1422	1	1
137	1426	1	1
205	1426	1	1
453	1431	1	1
516	1431	1	1
40	1446	1	1
81	1446	1	1
229	1446	1	1
402	1446	1	1
94	1457	1	1
159	1457	1	1
202	1457	1	1
254	1457	1	1
485	1457	1	1
468	1459	1	1
192	1468	1	1
75	1480	1	1
513	1480	1	1
214	1487	1	1
291	1490	1	1
516	1490	1	1
291	1493	1	1
18	1495	1	1
44	1495	1	1
85	1495	1	1
170	1495	1	1
492	1496	1	1
138	1498	1	1
222	1498	1	1
514	1498	1	1
122	1506	1	1
422	1506	1	1
491	1506	1	1
164	1513	1	1
291	1513	1	1
254	1519	1	1
485	1519	1	1
138	1544	1	1
225	1544	1	1
252	1544	1	1
484	1544	1	1
551	1544	1	1
356	1557	1	1
403	1557	1	1
365	1562	1	1
457	1562	1	1
516	1562	1	1
291	1569	1	1
112	1570	1	1
210	1570	1	1
361	1570	1	1
564	1570	1	1
53	1573	1	1
75	1573	1	1
105	1573	2	1
155	1573	1	1
329	1573	1	1
465	1573	1	1
471	1573	1	1
516	1573	1	1
533	1573	1	1
60	1574	1	1
254	1574	1	1
106	1581	1	1
122	1581	1	1
467	1581	1	1
319	1584	1	1
449	1584	1	1
478	1584	1	1
365	1586	1	1
422	1586	1	1
154	1590	1	1
204	1590	1	1
220	1590	1	1
222	1590	1	1
278	1590	1	1
400	1590	1	1
424	1590	1	1
516	1590	1	1
56	1592	2	1
356	1592	1	1
589	1592	1	1
40	1593	1	1
244	1595	1	1
355	1595	1	1
449	1595	1	1
485	1595	1	1
285	1597	1	1
581	1600	1	1
285	1601	1	1
224	1603	1	1
120	1617	1	1
169	1617	1	1
254	1617	1	1
364	1617	1	1
353	1626	2	1
51	1645	1	1
356	1645	1	1
182	1647	1	1
233	1647	1	1
312	1647	1	1
213	1651	1	1
442	1651	1	1
474	1651	1	1
118	1654	1	1
369	1654	1	1
556	1654	1	1
266	1656	1	1
411	1656	1	1
99	1660	1	1
329	1660	2	1
400	1660	1	1
303	1661	1	1
538	1661	1	1
546	1661	1	1
30	1665	1	1
158	1665	1	1
385	1665	1	1
400	1665	1	1
410	1665	1	1
482	1665	1	1
516	1665	1	1
55	1671	1	1
186	1671	1	1
241	1671	1	1
329	1671	1	1
347	1671	2	1
356	1671	1	1
383	1671	1	1
388	1671	1	1
457	1671	1	1
541	1671	1	1
205	1681	1	1
397	1681	1	1
400	1681	1	1
361	1692	1	1
365	1692	1	1
575	1692	1	1
122	1703	1	1
125	1703	1	1
184	1703	1	1
324	1703	1	1
68	1707	1	1
516	1707	1	1
159	1716	1	1
237	1716	1	1
400	1716	1	1
538	1716	1	1
254	1723	1	1
549	1723	1	1
365	1752	1	1
30	1758	1	1
248	1758	1	1
260	1758	1	1
549	1758	1	1
377	1770	1	1
254	1777	1	1
549	1777	1	1
182	1782	1	1
378	1782	1	1
392	1782	1	1
111	1785	1	1
254	1785	1	1
340	1785	1	1
384	1785	1	1
556	1785	1	1
567	1785	1	1
40	1788	1	1
324	1788	1	1
527	1788	1	1
92	1789	1	1
381	1789	1	1
416	1789	1	1
256	1791	1	1
356	1792	1	1
529	1792	1	1
570	1792	1	1
48	1798	1	1
252	1798	2	1
384	1798	1	1
409	1798	1	1
449	1798	1	1
527	1798	1	1
3	1799	1	1
201	1799	1	1
304	1799	1	1
244	1803	1	1
254	1803	1	1
271	1803	1	1
383	1803	1	1
487	1803	1	1
101	1814	1	1
161	1814	1	1
301	1814	1	1
392	1814	1	1
402	1814	1	1
423	1814	1	1
512	1814	1	1
106	1817	1	1
117	1819	1	1
554	1819	1	1
329	1841	1	1
220	1844	1	1
207	1849	1	1
527	1849	1	1
207	1850	1	1
527	1850	1	1
66	1852	1	1
254	1852	1	1
365	1852	1	1
395	1852	1	1
329	1877	1	1
552	1877	1	1
129	1878	1	1
329	1878	1	1
552	1878	1	1
139	1883	1	1
539	1883	1	1
419	1884	1	1
552	1884	1	1
564	1884	1	1
66	1888	1	1
254	1888	2	1
384	1888	2	1
39	1889	1	1
84	1889	1	1
182	1889	1	1
474	1889	1	1
484	1889	1	1
499	1889	2	1
101	1891	1	1
152	1891	1	1
229	1891	1	1
311	1891	1	1
361	1891	1	1
502	1891	1	1
30	1894	1	1
209	1894	1	1
257	1894	1	1
19	1903	1	1
538	1903	1	1
339	1909	1	1
343	1909	1	1
370	1909	1	1
408	1909	1	1
543	1917	1	1
329	1918	1	1
97	1938	1	1
182	1942	1	1
224	1944	1	1
545	1944	1	1
326	1945	1	1
28	1946	1	1
366	1946	1	1
545	1946	1	1
516	1948	1	1
329	1958	1	1
356	1958	1	1
261	1960	1	1
356	1960	2	1
61	1962	1	1
100	1962	1	1
527	1962	1	1
23	1969	1	1
39	1969	1	1
75	1969	1	1
478	1969	1	1
101	1976	1	1
159	1976	1	1
290	1976	1	1
352	1976	1	1
410	1976	1	1
516	1976	1	1
400	1978	1	1
564	1978	1	1
527	1982	1	1
244	1985	1	1
445	1985	1	1
17	2008	1	1
105	2008	1	1
119	2008	1	1
478	2008	1	1
505	2008	1	1
519	2008	1	1
549	2008	1	1
586	2008	1	1
35	2010	1	1
357	2010	1	1
564	2010	1	1
357	2012	1	1
42	2015	1	1
244	2015	2	1
319	2015	1	1
426	2015	1	1
560	2015	1	1
405	2019	1	1
52	2022	1	1
101	2033	1	1
564	2033	1	1
139	2052	1	1
403	2052	1	1
485	2052	1	1
252	2053	1	1
373	2053	1	1
527	2053	1	1
218	2054	1	1
479	2054	1	1
59	2058	1	1
172	2058	1	1
549	2058	1	1
216	2069	6	1
357	2069	1	1
539	2069	1	1
216	2072	7	1
357	2072	1	1
539	2072	1	1
357	2082	1	1
473	2082	1	1
101	2086	1	1
355	2086	1	1
357	2086	1	1
516	2086	1	1
319	2092	1	1
329	2092	1	1
479	2092	1	1
504	2092	1	1
516	2092	1	1
573	2092	1	1
337	2096	1	1
527	2096	1	1
106	2100	1	1
516	2100	1	1
224	2101	1	1
210	2105	1	1
319	2105	1	1
412	2105	1	1
585	2105	1	1
3	2106	1	1
412	2106	1	1
492	2106	1	1
446	2112	1	1
587	2112	1	1
240	2113	1	1
449	2113	1	1
36	2117	1	1
209	2117	1	1
220	2117	1	1
321	2117	1	1
516	2117	1	1
124	2122	1	1
254	2122	1	1
365	2122	1	1
502	2122	1	1
516	2122	1	1
30	2123	1	1
75	2123	1	1
205	2123	1	1
231	2123	1	1
410	2123	1	1
513	2123	1	1
30	2128	1	1
231	2128	1	1
259	2128	1	1
377	2128	1	1
516	2128	1	1
254	2136	1	1
516	2136	1	1
48	2138	1	1
101	2138	1	1
219	2138	1	1
516	2138	1	1
102	2140	1	1
337	2140	1	1
502	2140	1	1
329	2145	1	1
442	2145	1	1
150	2146	1	1
203	2146	1	1
254	2146	2	1
268	2146	1	1
269	2146	1	1
270	2146	1	1
386	2146	1	1
443	2146	1	1
516	2146	1	1
566	2146	1	1
150	2150	1	1
203	2150	1	1
254	2150	2	1
268	2150	1	1
269	2150	1	1
270	2150	1	1
386	2150	1	1
516	2150	1	1
566	2150	1	1
254	2152	2	1
269	2152	1	1
270	2152	1	1
150	2154	1	1
254	2154	2	1
268	2154	1	1
270	2154	1	1
388	2154	1	1
443	2154	1	1
585	2154	1	1
150	2156	1	1
254	2156	2	1
268	2156	1	1
269	2156	1	1
388	2156	1	1
443	2156	1	1
146	2159	1	1
390	2159	1	1
394	2159	1	1
516	2159	1	1
544	2159	1	1
546	2159	1	1
571	2159	1	1
111	2160	1	1
569	2160	1	1
32	2162	1	1
531	2162	1	1
584	2164	1	1
25	2165	1	1
250	2165	1	1
254	2165	1	1
268	2165	1	1
269	2165	1	1
270	2165	1	1
454	2165	1	1
516	2165	1	1
44	2169	1	1
150	2169	1	1
203	2169	1	1
254	2169	2	1
270	2169	1	1
386	2169	1	1
396	2169	1	1
533	2169	1	1
179	2170	1	1
280	2170	1	1
334	2170	1	1
396	2170	1	1
465	2170	1	1
573	2170	1	1
44	2172	1	1
150	2172	1	1
203	2172	1	1
254	2172	2	1
268	2172	1	1
386	2172	1	1
396	2172	1	1
443	2172	1	1
533	2172	1	1
280	2178	1	1
479	2178	1	1
480	2178	1	1
44	2181	1	1
229	2181	1	1
44	2182	1	1
150	2182	1	1
203	2182	1	1
254	2182	2	1
268	2182	1	1
386	2182	1	1
396	2182	1	1
533	2182	1	1
329	2185	1	1
99	2202	1	1
266	2215	1	1
277	2215	1	1
359	2215	1	1
152	2221	1	1
157	2221	1	1
266	2221	1	1
442	2221	1	1
564	2221	1	1
584	2221	1	1
4	2231	1	1
111	2231	1	1
266	2231	1	1
584	2231	2	1
4	2240	1	1
146	2240	1	1
266	2240	1	1
516	2240	1	1
530	2253	1	1
107	2273	1	1
339	2276	1	1
213	2286	1	1
527	2286	1	1
222	2287	1	1
516	2287	1	1
554	2287	1	1
561	2287	1	1
233	2289	1	1
57	2329	1	1
308	2329	1	1
554	2329	1	1
93	2348	1	1
121	2348	1	1
254	2348	1	1
440	2354	2	1
527	2360	1	1
244	2361	1	1
46	2367	1	1
233	2367	1	1
244	2367	1	1
196	2384	1	1
333	2384	1	1
527	2384	1	1
182	2397	2	1
187	2397	1	1
159	2401	1	1
220	2405	1	1
558	2405	1	1
3	2416	1	1
391	2416	1	1
18	2417	1	1
133	2417	1	1
377	2417	1	1
516	2417	1	1
522	2417	1	1
365	2426	1	1
516	2426	1	1
534	2426	1	1
319	2434	1	1
100	2448	1	1
216	2448	1	1
254	2448	1	1
123	2498	1	1
199	2498	1	1
201	2498	1	1
458	2498	1	1
254	2501	1	1
18	2502	1	1
199	2502	1	1
378	2502	1	1
475	2502	1	1
497	2502	1	1
549	2502	1	1
286	2516	1	1
185	2526	1	1
209	2526	1	1
220	2526	1	1
331	2526	1	1
108	2531	1	1
216	2531	1	1
370	2531	1	1
441	2531	1	1
247	2535	1	1
319	2535	1	1
375	2535	1	1
527	2535	1	1
30	2544	2	1
56	2544	1	1
149	2544	1	1
375	2544	1	1
147	2548	1	1
148	2548	1	1
402	2548	1	1
123	2564	1	1
316	2564	1	1
489	2564	1	1
400	2570	1	1
513	2570	1	1
241	2581	1	1
316	2581	1	1
377	2581	1	1
3	2583	1	1
283	2583	1	1
324	2583	1	1
474	2583	1	1
467	2591	1	1
532	2591	1	1
576	2591	1	1
155	2599	1	1
165	2599	1	1
560	2599	1	1
16	2615	1	1
324	2615	1	1
259	2621	1	1
587	2621	1	1
100	2669	1	1
233	2669	1	1
12	2673	1	1
516	2673	1	1
33	2685	1	1
34	2685	1	1
356	2720	1	1
228	2725	1	1
279	2725	1	1
323	2725	1	1
516	2725	1	1
254	2736	1	1
271	2756	1	1
339	2756	1	1
418	2756	1	1
516	2756	1	1
57	2784	1	1
107	2784	1	1
192	2784	1	1
254	2784	1	1
240	2796	1	1
431	2796	1	1
474	2796	1	1
549	2796	2	1
544	2803	1	1
564	2803	1	1
254	2806	2	1
66	2818	1	1
254	2818	1	1
329	2818	1	1
373	2818	1	1
395	2818	1	1
66	2847	1	1
254	2847	1	1
340	2847	1	1
384	2847	1	1
395	2847	1	1
33	2851	1	1
34	2851	1	1
236	2851	1	1
324	2851	1	1
133	2852	1	1
381	2852	1	1
554	2852	1	1
260	2856	1	1
471	2858	1	1
310	2875	1	1
530	2875	1	1
26	2888	1	1
322	2888	1	1
45	2890	1	1
389	2890	1	1
125	2896	1	1
222	2896	1	1
447	2896	1	1
483	2896	1	1
324	2904	1	1
339	2904	1	1
400	2904	1	1
414	2904	1	1
516	2904	1	1
527	2904	1	1
585	2904	1	1
589	2904	1	1
54	2905	1	1
254	2905	1	1
340	2905	1	1
362	2905	1	1
247	2906	1	1
44	2907	1	1
45	2907	1	1
229	2907	1	1
247	2907	1	1
556	2909	1	1
33	2915	1	1
34	2915	1	1
417	2915	1	1
45	2922	1	1
47	2926	1	1
187	2926	1	1
324	2926	1	1
417	2933	1	1
30	2946	1	1
235	2946	1	1
463	2946	1	1
477	2946	1	1
296	2982	1	1
327	2982	1	1
422	2982	1	1
478	2982	1	1
484	2982	1	1
578	2982	1	1
182	2983	1	1
327	2983	1	1
12	2984	1	1
110	2984	1	1
169	2984	1	1
185	2984	1	1
259	2984	1	1
480	2984	1	1
147	2986	1	1
254	2992	1	1
303	2992	1	1
319	2993	1	1
478	2993	1	1
187	3002	1	1
231	3002	1	1
246	3002	1	1
496	3002	1	1
527	3002	1	1
129	3008	1	1
431	3008	1	1
500	3008	1	1
552	3008	1	1
102	3018	1	1
390	3018	1	1
404	3018	1	1
554	3018	1	1
79	3027	1	1
229	3027	1	1
346	3027	1	1
404	3027	1	1
549	3027	1	1
100	3034	1	1
254	3034	1	1
340	3034	1	1
404	3034	1	1
485	3034	1	1
589	3034	1	1
229	3036	1	1
346	3036	1	1
404	3036	1	1
549	3036	1	1
574	3036	1	1
577	3036	1	1
141	3051	1	1
400	3051	1	1
413	3051	1	1
254	3071	1	1
505	3071	1	1
516	3071	1	1
540	3071	1	1
584	3071	1	1
588	3071	1	1
465	3080	1	1
165	3084	1	1
378	3084	1	1
469	3084	1	1
473	3084	1	1
485	3084	1	1
276	3085	1	1
276	3089	1	1
276	3093	1	1
324	3093	1	1
166	3108	1	1
276	3108	1	1
225	3137	1	1
254	3137	1	1
276	3137	1	1
478	3137	1	1
516	3137	1	1
231	3140	1	1
276	3140	1	1
505	3140	1	1
32	1	1	4
406	1	1	4
472	1	1	4
514	1	1	4
89	2	1	4
478	2	1	4
329	6	1	4
467	6	1	4
231	7	1	4
233	7	1	4
489	7	1	4
519	7	1	4
302	9	1	4
198	19	1	4
205	19	1	4
329	19	1	4
378	19	1	4
476	19	2	4
500	19	1	4
549	19	1	4
205	26	1	4
324	26	1	4
366	26	1	4
377	27	1	4
385	27	1	4
585	27	1	4
43	29	1	4
176	29	1	4
588	29	1	4
331	32	1	4
81	38	1	4
177	38	1	4
231	38	1	4
288	38	1	4
506	38	1	4
564	38	1	4
318	42	1	4
254	43	1	4
271	43	1	4
383	43	1	4
487	43	1	4
222	46	1	4
282	46	1	4
39	48	1	4
56	48	1	4
279	48	1	4
21	51	1	4
154	51	1	4
174	51	1	4
184	51	1	4
329	51	1	4
189	53	1	4
388	53	1	4
409	53	1	4
287	57	1	4
401	57	1	4
287	61	1	4
37	64	1	4
287	64	1	4
293	65	1	4
464	65	1	4
479	65	1	4
549	65	1	4
100	66	1	4
329	66	1	4
384	66	1	4
185	68	1	4
200	68	1	4
329	68	1	4
529	68	1	4
187	69	1	4
360	69	1	4
478	69	1	4
321	74	1	4
3	76	1	4
324	76	1	4
516	76	1	4
32	77	1	4
472	77	1	4
540	77	1	4
74	82	2	4
202	82	1	4
280	82	2	4
406	82	1	4
483	82	1	4
516	89	1	4
98	92	1	4
300	92	1	4
557	92	1	4
581	92	1	4
491	99	1	4
74	101	1	4
181	101	1	4
223	101	1	4
280	101	1	4
549	101	1	4
98	102	1	4
161	102	1	4
300	102	1	4
557	102	1	4
481	103	1	4
84	104	1	4
230	104	1	4
396	104	1	4
549	104	1	4
96	105	1	4
311	105	1	4
376	105	1	4
557	105	1	4
584	105	1	4
12	107	1	4
254	107	1	4
271	107	1	4
340	107	1	4
383	107	1	4
402	107	1	4
487	107	1	4
560	107	1	4
261	108	1	4
144	111	1	4
296	111	1	4
400	111	1	4
505	111	1	4
101	112	1	4
306	112	1	4
529	112	1	4
84	113	1	4
98	113	1	4
300	113	1	4
496	113	1	4
557	113	1	4
254	115	1	4
324	115	1	4
459	115	1	4
356	116	1	4
116	120	1	4
254	120	1	4
556	120	1	4
118	122	1	4
364	122	1	4
400	122	1	4
329	123	1	4
405	124	1	4
509	124	1	4
266	125	1	4
309	125	1	4
341	125	1	4
509	125	1	4
549	125	1	4
311	126	1	4
550	128	1	4
185	129	1	4
187	129	1	4
191	129	1	4
377	129	1	4
509	129	1	4
117	130	1	4
265	130	1	4
3	131	1	4
98	131	1	4
243	131	1	4
300	131	1	4
489	131	1	4
496	131	2	4
557	131	1	4
220	134	1	4
229	135	1	4
228	136	1	4
98	137	1	4
213	137	1	4
300	137	2	4
557	137	1	4
4	138	1	4
30	138	1	4
42	138	1	4
228	138	1	4
266	138	1	4
214	141	1	4
472	141	1	4
478	141	1	4
505	141	1	4
554	141	1	4
18	142	1	4
210	142	1	4
478	142	1	4
50	144	1	4
397	144	1	4
256	145	1	4
73	146	1	4
188	146	1	4
245	146	1	4
590	146	1	4
56	147	1	4
163	147	1	4
356	148	1	4
75	151	1	4
98	151	2	4
300	151	2	4
496	151	1	4
557	151	1	4
98	153	1	4
378	153	1	4
40	157	1	4
115	157	1	4
468	157	1	4
531	157	1	4
140	158	1	4
247	158	1	4
339	158	1	4
98	162	1	4
300	162	1	4
557	162	1	4
74	163	1	4
280	163	1	4
371	163	1	4
417	163	1	4
445	163	1	4
452	163	1	4
546	163	1	4
254	164	1	4
335	164	1	4
491	164	1	4
25	166	1	4
362	166	1	4
447	166	1	4
516	166	1	4
490	167	1	4
257	168	1	4
535	168	1	4
117	169	1	4
265	169	1	4
149	170	1	4
341	170	1	4
519	170	1	4
1	171	1	4
182	171	1	4
210	172	1	4
155	174	1	4
254	174	1	4
342	183	1	4
426	183	1	4
516	183	1	4
216	186	3	4
233	186	1	4
443	186	1	4
517	186	1	4
590	186	1	4
73	189	1	4
188	189	1	4
245	189	1	4
586	189	1	4
590	189	1	4
307	193	1	4
546	193	1	4
52	194	1	4
387	194	1	4
458	194	1	4
71	196	1	4
182	198	1	4
226	198	1	4
472	198	1	4
205	200	1	4
472	200	1	4
74	206	1	4
205	206	1	4
280	206	1	4
560	206	1	4
566	206	1	4
18	207	1	4
210	207	1	4
343	207	1	4
377	210	1	4
387	210	1	4
458	210	1	4
262	216	1	4
538	216	1	4
228	223	1	4
452	223	1	4
3	225	1	4
18	225	1	4
89	225	1	4
290	225	1	4
433	229	1	4
254	233	2	4
140	234	1	4
413	234	1	4
377	235	1	4
520	235	1	4
254	237	1	4
416	237	1	4
476	237	1	4
560	240	1	4
78	242	1	4
120	242	1	4
254	242	1	4
422	242	1	4
450	242	1	4
567	242	1	4
29	243	1	4
220	243	1	4
410	243	1	4
56	245	1	4
254	245	1	4
271	247	1	4
487	247	1	4
164	248	1	4
321	249	1	4
209	251	1	4
449	251	1	4
584	251	1	4
500	252	1	4
78	255	1	4
254	255	1	4
467	255	1	4
334	257	1	4
516	257	1	4
529	259	1	4
561	259	1	4
213	261	1	4
353	261	1	4
516	261	1	4
550	261	1	4
213	263	1	4
308	263	1	4
356	263	1	4
92	264	1	4
340	264	1	4
384	264	1	4
12	265	1	4
329	266	1	4
41	267	1	4
65	267	1	4
439	267	1	4
554	267	1	4
68	268	1	4
92	268	1	4
254	268	1	4
340	268	1	4
384	268	2	4
531	268	1	4
104	269	1	4
422	269	1	4
583	269	1	4
244	271	1	4
68	273	1	4
92	273	1	4
254	273	1	4
340	273	1	4
384	273	1	4
531	273	1	4
335	274	1	4
375	274	1	4
182	277	1	4
516	277	1	4
549	277	1	4
575	277	1	4
25	288	1	4
151	288	1	4
254	288	1	4
340	288	1	4
524	288	1	4
527	288	1	4
560	288	1	4
516	289	1	4
554	289	1	4
560	289	1	4
220	291	1	4
507	291	1	4
360	300	1	4
550	300	1	4
129	304	1	4
217	304	1	4
378	304	1	4
552	304	1	4
556	304	1	4
5	312	1	4
178	312	1	4
200	312	1	4
445	312	1	4
516	312	1	4
585	312	1	4
94	317	1	4
101	317	1	4
377	317	1	4
481	317	1	4
556	317	1	4
583	317	1	4
37	322	1	4
40	322	2	4
233	322	1	4
309	322	1	4
312	322	1	4
422	322	1	4
369	328	1	4
422	328	1	4
575	328	1	4
30	330	1	4
449	330	1	4
102	334	1	4
225	334	1	4
264	334	1	4
340	334	1	4
254	335	1	4
271	335	1	4
383	335	1	4
487	335	1	4
182	338	1	4
468	338	1	4
254	343	1	4
500	345	1	4
87	346	1	4
137	346	1	4
541	346	1	4
57	348	1	4
175	348	1	4
329	348	1	4
29	349	1	4
99	349	1	4
254	349	1	4
307	349	1	4
223	350	1	4
329	350	1	4
520	350	1	4
541	350	1	4
46	354	1	4
172	354	1	4
254	354	1	4
265	354	1	4
457	354	1	4
181	359	1	4
215	359	1	4
329	359	1	4
254	362	1	4
323	362	1	4
230	369	1	4
271	369	1	4
346	369	1	4
400	369	1	4
487	369	1	4
564	369	1	4
18	370	2	4
210	370	1	4
229	370	1	4
3	373	1	4
14	373	1	4
400	373	1	4
239	376	1	4
406	376	1	4
59	378	1	4
308	378	1	4
560	378	1	4
23	380	1	4
122	380	1	4
46	382	1	4
100	382	1	4
247	382	1	4
545	382	1	4
562	382	1	4
254	383	1	4
470	383	1	4
480	383	1	4
152	384	1	4
538	385	1	4
231	386	1	4
538	386	1	4
579	386	1	4
141	390	2	4
182	390	1	4
485	390	1	4
517	390	1	4
87	394	1	4
241	394	1	4
342	394	1	4
491	394	1	4
541	394	1	4
210	401	1	4
513	401	1	4
147	403	1	4
418	403	1	4
474	403	2	4
495	403	1	4
182	404	1	4
324	405	1	4
330	405	1	4
352	405	1	4
564	405	1	4
580	405	1	4
114	406	1	4
254	406	1	4
445	415	1	4
1	416	1	4
30	416	1	4
260	416	1	4
324	418	1	4
342	418	1	4
151	426	1	4
549	426	1	4
583	426	1	4
29	427	1	4
229	427	1	4
525	427	1	4
550	427	1	4
330	429	3	4
356	429	2	4
478	429	1	4
324	430	1	4
342	430	1	4
221	431	1	4
393	431	2	4
530	434	1	4
241	435	1	4
254	436	1	4
395	436	1	4
550	439	1	4
199	440	1	4
64	441	1	4
152	441	1	4
265	441	1	4
436	441	1	4
523	441	1	4
222	442	1	4
385	442	1	4
516	442	1	4
450	445	1	4
110	446	1	4
171	446	1	4
205	446	1	4
359	446	1	4
329	447	1	4
356	447	1	4
516	447	1	4
561	447	1	4
254	448	1	4
260	449	1	4
398	449	1	4
285	450	1	4
307	450	1	4
558	450	1	4
571	450	1	4
549	451	1	4
329	452	1	4
244	454	1	4
209	455	1	4
254	455	1	4
565	455	1	4
569	455	1	4
129	456	1	4
253	456	1	4
309	456	1	4
466	456	1	4
516	456	1	4
117	458	1	4
378	458	1	4
529	458	1	4
561	458	1	4
308	460	1	4
545	460	1	4
84	462	1	4
104	462	1	4
152	462	1	4
197	462	1	4
213	462	1	4
275	462	1	4
313	462	1	4
394	462	1	4
425	462	1	4
584	462	1	4
254	464	1	4
304	464	2	4
437	464	1	4
478	464	1	4
184	466	1	4
212	466	1	4
438	466	1	4
231	468	1	4
77	469	1	4
220	471	1	4
297	471	1	4
1	472	1	4
437	472	1	4
244	473	1	4
264	473	1	4
265	473	1	4
31	474	1	4
44	474	1	4
252	474	1	4
418	474	1	4
531	474	1	4
254	476	1	4
271	476	1	4
383	476	1	4
384	476	1	4
487	476	1	4
43	477	1	4
433	477	1	4
392	478	1	4
68	479	1	4
436	479	1	4
437	479	1	4
542	479	1	4
242	480	1	4
329	480	1	4
457	480	1	4
533	480	1	4
297	483	1	4
483	483	1	4
299	485	1	4
509	485	1	4
516	485	1	4
55	491	1	4
396	491	1	4
91	502	1	4
160	502	1	4
254	502	1	4
568	502	1	4
129	504	1	4
304	504	1	4
318	504	1	4
320	504	1	4
516	504	1	4
530	504	1	4
552	504	1	4
468	505	1	4
493	505	1	4
505	505	1	4
550	505	1	4
205	507	1	4
230	507	1	4
546	507	1	4
526	510	1	4
254	511	1	4
378	511	1	4
516	511	1	4
517	511	1	4
220	513	1	4
326	513	1	4
336	513	1	4
366	513	1	4
275	514	1	4
569	514	1	4
510	517	1	4
110	519	1	4
220	519	1	4
376	519	1	4
541	519	1	4
138	521	1	4
437	521	1	4
551	521	1	4
120	525	1	4
467	525	1	4
238	526	1	4
28	527	1	4
254	527	1	4
422	527	1	4
3	529	1	4
62	535	1	4
235	535	1	4
579	535	1	4
229	536	1	4
478	536	1	4
519	536	1	4
238	538	1	4
329	538	1	4
320	540	1	4
431	540	1	4
479	540	1	4
516	540	1	4
18	547	1	4
44	547	1	4
412	547	1	4
209	548	1	4
220	548	1	4
241	548	1	4
254	548	1	4
378	548	1	4
549	548	1	4
254	552	1	4
516	552	1	4
516	557	1	4
588	557	1	4
22	560	1	4
486	560	1	4
568	560	1	4
64	563	1	4
236	563	1	4
449	564	1	4
529	564	1	4
535	564	1	4
71	565	1	4
189	565	1	4
516	565	1	4
518	565	1	4
13	567	1	4
282	567	1	4
20	569	1	4
218	569	1	4
319	569	1	4
194	571	1	4
232	571	1	4
315	574	1	4
319	574	1	4
64	575	1	4
317	575	1	4
84	579	1	4
106	579	1	4
237	579	1	4
402	579	1	4
356	583	1	4
430	583	1	4
549	583	1	4
237	586	1	4
299	586	1	4
392	586	1	4
185	591	1	4
218	591	1	4
377	591	1	4
585	591	1	4
182	596	1	4
356	601	1	4
497	602	1	4
47	606	1	4
472	612	1	4
102	613	1	4
483	613	1	4
164	615	1	4
445	615	1	4
374	616	1	4
527	616	1	4
564	621	1	4
225	622	1	4
363	622	1	4
129	625	1	4
552	625	1	4
135	633	1	4
254	633	1	4
549	633	2	4
23	634	1	4
83	634	1	4
157	634	1	4
546	634	1	4
549	634	1	4
29	635	1	4
84	635	1	4
265	635	1	4
107	639	1	4
137	639	1	4
181	639	2	4
549	639	1	4
205	640	1	4
298	640	1	4
516	640	1	4
556	640	1	4
310	643	1	4
369	643	1	4
474	643	1	4
556	643	1	4
254	644	1	4
329	644	1	4
491	644	1	4
209	648	1	4
220	648	1	4
328	648	1	4
339	648	1	4
353	648	1	4
39	649	1	4
324	649	1	4
237	654	1	4
447	654	2	4
530	654	1	4
554	654	1	4
252	656	1	4
324	656	1	4
485	656	1	4
516	656	1	4
282	660	1	4
288	660	1	4
37	662	1	4
224	662	1	4
265	662	1	4
304	662	1	4
233	664	1	4
13	666	1	4
220	666	1	4
222	666	1	4
282	666	1	4
531	666	1	4
237	668	1	4
447	668	2	4
530	668	1	4
554	668	1	4
91	671	1	4
129	671	1	4
225	671	1	4
297	671	1	4
319	671	1	4
516	671	1	4
552	671	1	4
20	675	1	4
463	675	1	4
515	683	1	4
290	686	1	4
238	694	1	4
403	694	1	4
581	694	1	4
224	696	1	4
429	696	1	4
80	702	1	4
515	702	1	4
298	715	1	4
78	716	1	4
254	716	1	4
67	718	1	4
514	718	1	4
14	719	1	4
84	719	1	4
187	719	2	4
400	719	1	4
463	719	1	4
539	719	1	4
222	721	1	4
148	727	1	4
162	727	1	4
359	727	1	4
298	728	1	4
556	728	1	4
231	731	1	4
378	731	1	4
500	731	1	4
238	735	1	4
564	735	1	4
9	739	1	4
61	739	1	4
425	739	1	4
516	739	1	4
374	745	1	4
238	756	1	4
472	756	1	4
536	756	1	4
30	757	1	4
162	757	1	4
516	757	1	4
183	762	1	4
435	762	1	4
515	762	1	4
140	768	1	4
380	768	1	4
319	769	1	4
536	769	1	4
67	770	1	4
118	770	1	4
209	770	1	4
369	770	1	4
556	770	1	4
564	770	1	4
228	772	1	4
82	773	1	4
140	774	1	4
515	774	1	4
15	775	1	4
88	775	1	4
359	775	1	4
129	782	1	4
318	782	1	4
214	785	1	4
254	787	2	4
311	787	1	4
516	787	1	4
520	787	1	4
278	792	1	4
64	793	1	4
87	799	1	4
389	799	1	4
565	799	1	4
400	802	1	4
155	803	1	4
329	803	1	4
363	803	1	4
381	803	1	4
516	803	1	4
254	807	1	4
293	807	1	4
319	807	1	4
516	807	1	4
520	808	1	4
313	810	1	4
327	810	1	4
329	810	1	4
433	810	1	4
5	811	1	4
80	811	1	4
400	811	2	4
435	811	1	4
505	811	1	4
515	811	1	4
564	811	1	4
443	813	1	4
391	816	1	4
516	816	1	4
529	816	1	4
560	816	1	4
48	817	1	4
75	817	1	4
354	817	1	4
549	818	1	4
575	818	1	4
247	820	1	4
516	820	1	4
70	823	1	4
400	823	1	4
561	826	1	4
289	827	1	4
406	827	1	4
442	827	1	4
500	827	1	4
560	827	1	4
40	834	1	4
163	834	1	4
244	834	1	4
254	834	1	4
410	834	1	4
144	838	1	4
102	841	1	4
111	841	1	4
329	841	1	4
449	841	1	4
517	841	1	4
584	841	1	4
422	846	1	4
454	846	1	4
564	846	1	4
329	854	1	4
231	857	1	4
317	857	1	4
248	859	1	4
479	859	1	4
520	859	1	4
455	862	1	4
491	862	1	4
28	873	1	4
212	873	1	4
329	873	1	4
100	874	1	4
182	874	1	4
516	874	1	4
560	874	1	4
215	875	1	4
455	875	1	4
329	876	1	4
516	876	1	4
244	880	1	4
265	880	1	4
517	880	1	4
481	881	1	4
287	882	1	4
322	882	1	4
279	888	1	4
297	888	1	4
347	895	1	4
29	900	1	4
12	906	1	4
185	906	1	4
254	906	1	4
516	906	1	4
520	908	1	4
29	913	1	4
38	913	1	4
129	915	1	4
503	915	1	4
552	915	1	4
591	915	1	4
96	916	1	4
324	916	1	4
287	917	1	4
129	919	1	4
503	919	1	4
552	919	1	4
591	919	1	4
471	925	1	4
515	925	1	4
591	925	1	4
254	927	1	4
210	928	1	4
209	931	1	4
579	931	1	4
87	933	1	4
199	934	1	4
516	934	1	4
530	934	1	4
162	936	1	4
254	936	1	4
220	938	1	4
222	938	1	4
507	938	1	4
491	939	1	4
564	939	1	4
591	939	1	4
515	940	1	4
324	941	1	4
491	942	1	4
591	942	1	4
253	943	1	4
399	944	1	4
400	944	2	4
30	947	1	4
347	947	1	4
447	947	1	4
7	949	1	4
253	949	1	4
352	949	1	4
558	951	1	4
442	954	1	4
467	954	1	4
528	954	1	4
472	955	1	4
286	956	1	4
402	956	1	4
442	956	1	4
462	956	1	4
467	956	1	4
18	958	1	4
129	958	1	4
505	958	1	4
326	960	1	4
516	960	1	4
37	962	1	4
42	962	1	4
549	962	1	4
284	965	1	4
80	972	1	4
435	972	1	4
515	972	1	4
528	972	1	4
540	972	1	4
549	972	1	4
213	973	1	4
314	973	1	4
463	973	1	4
558	973	1	4
50	975	1	4
87	975	1	4
217	981	1	4
341	981	1	4
13	982	1	4
81	982	1	4
191	982	1	4
282	982	1	4
288	982	1	4
544	982	1	4
410	984	1	4
426	985	1	4
528	987	1	4
585	987	1	4
263	989	1	4
515	991	1	4
516	992	1	4
205	995	1	4
319	995	1	4
339	995	1	4
509	995	1	4
31	996	1	4
99	1001	1	4
550	1001	1	4
80	1004	1	4
308	1004	1	4
564	1004	1	4
23	1011	1	4
220	1011	1	4
254	1011	1	4
284	1015	1	4
289	1015	1	4
57	1017	1	4
367	1017	1	4
496	1017	1	4
497	1017	1	4
550	1017	1	4
162	1019	1	4
261	1019	1	4
103	1021	1	4
247	1021	1	4
254	1022	1	4
519	1022	1	4
467	1025	1	4
515	1025	1	4
560	1025	1	4
258	1028	1	4
292	1028	1	4
461	1028	1	4
472	1028	1	4
297	1035	1	4
342	1035	1	4
410	1035	1	4
549	1035	1	4
329	1036	1	4
80	1037	1	4
213	1037	1	4
375	1037	1	4
81	1039	1	4
288	1039	1	4
506	1039	1	4
248	1040	1	4
292	1040	1	4
319	1040	1	4
398	1040	1	4
437	1040	1	4
461	1040	1	4
491	1040	1	4
549	1040	2	4
277	1041	1	4
410	1041	1	4
426	1045	1	4
129	1050	1	4
329	1050	1	4
378	1050	1	4
500	1050	1	4
552	1050	1	4
556	1050	2	4
253	1051	1	4
516	1051	1	4
182	1052	1	4
205	1052	1	4
292	1052	1	4
461	1052	1	4
534	1052	1	4
574	1052	1	4
112	1056	1	4
147	1056	1	4
171	1056	1	4
207	1056	1	4
388	1056	1	4
480	1056	1	4
579	1056	1	4
129	1058	1	4
505	1058	1	4
38	1059	1	4
297	1059	1	4
407	1063	1	4
423	1063	1	4
519	1063	1	4
549	1063	1	4
213	1066	1	4
285	1066	1	4
43	1068	1	4
121	1068	1	4
224	1068	1	4
420	1068	1	4
438	1068	1	4
454	1068	1	4
491	1068	1	4
523	1068	1	4
292	1082	1	4
324	1082	1	4
349	1082	1	4
461	1082	1	4
80	1083	1	4
181	1083	1	4
222	1083	1	4
503	1083	1	4
515	1083	1	4
250	1086	1	4
529	1086	1	4
560	1093	1	4
30	1094	2	4
105	1095	1	4
209	1095	1	4
257	1095	1	4
319	1095	1	4
421	1095	1	4
456	1095	1	4
516	1095	1	4
529	1095	1	4
531	1095	1	4
558	1095	1	4
184	1096	1	4
251	1096	1	4
326	1096	1	4
443	1096	1	4
543	1096	1	4
292	1097	1	4
324	1097	1	4
461	1097	1	4
233	1098	1	4
516	1098	1	4
553	1102	1	4
254	1108	1	4
231	1111	1	4
308	1111	1	4
132	1117	1	4
215	1117	1	4
367	1117	1	4
438	1117	1	4
471	1117	1	4
128	1118	1	4
400	1118	1	4
516	1118	1	4
544	1118	1	4
572	1118	1	4
141	1119	2	4
254	1119	1	4
272	1119	1	4
564	1119	1	4
64	1121	1	4
324	1121	2	4
329	1121	1	4
556	1121	1	4
90	1122	1	4
154	1122	1	4
215	1122	1	4
265	1122	1	4
328	1122	1	4
354	1122	1	4
425	1124	1	4
573	1124	1	4
8	1125	1	4
515	1125	1	4
8	1130	1	4
448	1130	1	4
549	1130	1	4
516	1131	1	4
78	1132	1	4
30	1133	1	4
124	1133	1	4
229	1133	1	4
364	1133	1	4
442	1133	1	4
350	1136	1	4
526	1138	1	4
223	1139	1	4
236	1139	1	4
520	1139	1	4
217	1141	1	4
73	1142	1	4
88	1142	1	4
245	1142	1	4
73	1152	1	4
188	1152	1	4
245	1152	1	4
590	1152	2	4
6	1153	1	4
409	1153	1	4
319	1154	1	4
536	1154	1	4
329	1156	1	4
350	1156	1	4
220	1158	1	4
250	1158	1	4
101	1159	1	4
427	1159	1	4
428	1159	1	4
525	1159	1	4
529	1159	1	4
465	1160	1	4
229	1161	1	4
427	1161	1	4
478	1161	1	4
184	1162	1	4
258	1162	1	4
62	1163	1	4
254	1163	1	4
379	1163	1	4
530	1163	1	4
122	1164	1	4
220	1164	1	4
254	1164	1	4
244	1166	1	4
261	1166	1	4
350	1166	1	4
581	1166	1	4
224	1168	1	4
356	1169	1	4
28	1171	1	4
356	1171	1	4
256	1172	1	4
88	1173	1	4
98	1175	1	4
300	1175	1	4
356	1175	1	4
127	1185	1	4
254	1185	1	4
79	1187	1	4
192	1187	1	4
489	1187	1	4
516	1187	1	4
542	1187	1	4
205	1190	1	4
400	1190	1	4
530	1190	1	4
539	1190	1	4
117	1192	2	4
554	1192	1	4
556	1192	1	4
244	1194	1	4
350	1194	1	4
516	1194	1	4
549	1194	1	4
253	1196	1	4
329	1196	1	4
370	1196	1	4
364	1197	1	4
401	1197	1	4
422	1197	1	4
44	1203	1	4
112	1203	1	4
356	1203	1	4
434	1203	1	4
254	1212	1	4
449	1212	1	4
291	1214	1	4
407	1214	1	4
549	1214	1	4
122	1218	1	4
195	1218	1	4
287	1218	1	4
261	1219	1	4
350	1219	1	4
222	1225	1	4
378	1225	1	4
318	1226	1	4
312	1230	1	4
3	1232	1	4
327	1232	1	4
334	1238	1	4
479	1238	1	4
516	1238	1	4
324	1239	1	4
410	1239	1	4
152	1242	1	4
516	1242	1	4
528	1242	1	4
161	1243	1	4
585	1243	1	4
73	1245	1	4
188	1245	1	4
245	1245	1	4
324	1245	1	4
590	1245	1	4
37	1250	1	4
125	1251	1	4
146	1251	1	4
157	1251	1	4
368	1251	1	4
400	1251	1	4
478	1251	1	4
107	1253	1	4
348	1253	1	4
350	1255	1	4
75	1256	1	4
201	1256	1	4
222	1256	1	4
378	1256	1	4
402	1256	1	4
417	1256	1	4
516	1256	1	4
189	1258	1	4
198	1260	1	4
464	1260	1	4
500	1260	1	4
329	1261	1	4
304	1264	1	4
98	1272	1	4
300	1272	1	4
505	1272	1	4
343	1273	1	4
194	1279	1	4
81	1281	1	4
107	1281	1	4
216	1283	4	4
280	1283	1	4
540	1283	1	4
108	1285	1	4
2	1288	1	4
396	1288	1	4
415	1288	1	4
472	1288	1	4
585	1288	1	4
291	1290	1	4
146	1291	1	4
213	1291	1	4
530	1291	1	4
348	1297	1	4
409	1297	1	4
220	1301	1	4
507	1301	1	4
199	1302	1	4
201	1302	1	4
576	1302	1	4
201	1307	1	4
369	1307	2	4
400	1308	1	4
478	1308	1	4
229	1312	1	4
579	1313	1	4
29	1316	1	4
44	1316	1	4
229	1316	1	4
2	1321	1	4
254	1321	1	4
324	1321	1	4
356	1321	1	4
360	1321	1	4
516	1321	1	4
577	1321	1	4
146	1323	1	4
98	1330	1	4
130	1330	1	4
300	1330	1	4
439	1330	1	4
505	1330	1	4
554	1330	1	4
102	1331	1	4
229	1331	1	4
320	1332	1	4
479	1332	1	4
214	1335	1	4
90	1340	1	4
247	1341	1	4
229	1342	1	4
303	1342	1	4
544	1342	1	4
546	1342	1	4
318	1346	1	4
392	1346	1	4
544	1346	1	4
171	1364	1	4
234	1364	1	4
388	1364	1	4
117	1366	1	4
491	1374	1	4
500	1374	1	4
339	1375	1	4
410	1375	1	4
274	1383	1	4
582	1383	1	4
587	1383	1	4
155	1387	1	4
308	1387	1	4
339	1387	1	4
254	1389	1	4
29	1390	1	4
4	1391	1	4
45	1391	1	4
266	1391	1	4
341	1391	1	4
546	1391	1	4
547	1391	1	4
433	1392	1	4
140	1393	1	4
237	1393	1	4
254	1394	1	4
498	1394	1	4
147	1395	1	4
305	1395	1	4
324	1396	1	4
431	1396	1	4
164	1398	1	4
210	1398	1	4
524	1398	1	4
146	1403	2	4
239	1403	1	4
266	1403	1	4
416	1403	1	4
509	1403	1	4
247	1405	1	4
100	1407	1	4
491	1407	1	4
497	1407	1	4
530	1407	1	4
112	1408	1	4
129	1408	1	4
432	1408	1	4
544	1408	2	4
329	1412	1	4
400	1412	1	4
162	1413	1	4
169	1413	1	4
178	1413	1	4
189	1413	1	4
305	1413	1	4
324	1413	1	4
478	1413	1	4
505	1413	1	4
568	1413	1	4
252	1414	1	4
365	1414	1	4
83	1415	1	4
398	1415	1	4
140	1416	1	4
237	1416	1	4
305	1416	1	4
587	1416	1	4
209	1418	1	4
293	1418	1	4
305	1418	1	4
330	1418	1	4
432	1418	1	4
564	1418	1	4
221	1425	1	4
388	1425	1	4
549	1425	1	4
41	1427	1	4
183	1427	1	4
478	1427	1	4
222	1434	1	4
241	1434	1	4
305	1434	1	4
319	1434	1	4
432	1434	1	4
489	1434	1	4
146	1435	1	4
162	1435	1	4
378	1435	1	4
400	1435	1	4
467	1435	1	4
556	1435	1	4
16	1440	1	4
344	1440	1	4
165	1441	1	4
214	1441	1	4
305	1441	1	4
324	1441	1	4
378	1441	1	4
468	1441	1	4
529	1441	1	4
445	1442	1	4
503	1442	1	4
205	1443	1	4
430	1443	1	4
572	1443	1	4
209	1444	1	4
439	1444	1	4
220	1448	1	4
16	1450	1	4
344	1450	1	4
549	1450	1	4
585	1450	1	4
16	1458	1	4
344	1458	1	4
480	1458	1	4
116	1460	1	4
141	1460	1	4
171	1460	1	4
329	1460	1	4
465	1460	1	4
356	1467	1	4
141	1469	1	4
369	1469	1	4
369	1470	1	4
76	1471	1	4
117	1471	1	4
171	1471	1	4
295	1471	1	4
369	1471	1	4
396	1471	2	4
516	1471	1	4
549	1471	1	4
145	1472	1	4
175	1472	1	4
369	1472	1	4
35	1475	1	4
45	1475	1	4
148	1475	1	4
181	1475	1	4
209	1475	1	4
254	1475	1	4
564	1475	1	4
145	1476	1	4
181	1476	1	4
295	1476	1	4
329	1476	1	4
339	1476	1	4
369	1476	1	4
492	1476	1	4
145	1478	1	4
237	1478	1	4
256	1478	1	4
468	1478	1	4
76	1479	1	4
175	1479	1	4
291	1479	1	4
12	1481	1	4
74	1481	1	4
145	1481	1	4
280	1481	1	4
329	1481	1	4
369	1481	1	4
85	1482	1	4
179	1482	1	4
290	1482	1	4
76	1483	1	4
183	1483	1	4
208	1483	1	4
369	1483	1	4
492	1483	1	4
549	1483	1	4
247	1485	1	4
53	1486	1	4
216	1486	1	4
274	1486	1	4
293	1486	1	4
295	1486	1	4
516	1486	1	4
549	1486	1	4
582	1486	1	4
70	1488	1	4
76	1488	1	4
253	1488	1	4
336	1488	1	4
274	1489	1	4
516	1489	1	4
582	1489	1	4
53	1492	1	4
145	1492	1	4
274	1492	1	4
330	1492	5	4
369	1492	1	4
582	1492	1	4
76	1494	1	4
183	1494	1	4
274	1494	1	4
406	1494	1	4
582	1494	1	4
540	1503	1	4
355	1508	1	4
525	1508	1	4
222	1509	1	4
164	1510	1	4
164	1511	1	4
213	1511	1	4
468	1511	1	4
7	1514	1	4
24	1514	1	4
549	1514	1	4
214	1522	1	4
24	1531	1	4
159	1531	2	4
254	1531	1	4
271	1531	1	4
178	1532	1	4
516	1532	1	4
254	1533	1	4
182	1534	1	4
400	1534	1	4
540	1534	1	4
41	1535	1	4
572	1535	1	4
106	1536	1	4
516	1536	1	4
425	1538	1	4
21	1539	1	4
174	1539	1	4
232	1539	1	4
570	1539	1	4
75	1540	1	4
375	1540	1	4
210	1541	2	4
261	1541	1	4
564	1541	1	4
106	1542	1	4
516	1542	1	4
25	1546	1	4
182	1546	1	4
459	1546	1	4
570	1546	1	4
210	1548	1	4
516	1548	1	4
560	1548	1	4
254	1558	1	4
197	1560	1	4
527	1561	1	4
529	1561	1	4
287	1563	1	4
401	1563	1	4
184	1564	1	4
393	1564	1	4
545	1564	1	4
534	1567	1	4
44	1571	1	4
229	1571	1	4
457	1576	1	4
549	1576	1	4
570	1576	1	4
84	1580	1	4
549	1580	1	4
563	1580	1	4
564	1580	1	4
436	1582	1	4
563	1582	1	4
88	1588	1	4
138	1588	1	4
193	1588	1	4
345	1588	1	4
449	1589	2	4
197	1599	1	4
271	1599	1	4
487	1599	1	4
474	1608	1	4
509	1608	1	4
516	1608	1	4
55	1612	1	4
391	1612	1	4
400	1612	1	4
509	1612	1	4
549	1612	1	4
564	1612	1	4
574	1612	1	4
400	1616	1	4
513	1616	1	4
572	1616	1	4
254	1620	1	4
358	1620	2	4
405	1620	1	4
573	1621	1	4
318	1624	1	4
365	1625	1	4
556	1627	1	4
158	1629	1	4
180	1629	1	4
293	1629	1	4
324	1629	1	4
337	1629	1	4
362	1629	1	4
497	1629	1	4
322	1630	1	4
75	1632	1	4
549	1632	1	4
208	1633	1	4
516	1637	1	4
526	1637	1	4
15	1638	1	4
361	1638	1	4
564	1638	1	4
84	1640	1	4
194	1640	1	4
587	1640	1	4
9	1657	1	4
139	1657	1	4
324	1657	1	4
513	1657	1	4
172	1658	1	4
182	1658	1	4
324	1658	1	4
61	1659	1	4
101	1659	1	4
182	1659	1	4
275	1659	1	4
335	1659	1	4
106	1663	1	4
516	1663	1	4
549	1663	1	4
433	1664	1	4
254	1666	1	4
59	1673	1	4
226	1673	1	4
324	1673	2	4
384	1673	1	4
584	1673	1	4
486	1675	1	4
532	1676	1	4
106	1680	1	4
231	1680	1	4
68	1683	1	4
265	1683	1	4
303	1683	1	4
335	1683	1	4
368	1683	1	4
516	1683	2	4
532	1683	1	4
184	1689	1	4
561	1691	1	4
24	1695	1	4
231	1695	1	4
457	1698	1	4
60	1701	1	4
159	1701	1	4
570	1701	1	4
585	1701	1	4
468	1711	1	4
5	1720	1	4
319	1720	1	4
106	1721	1	4
365	1721	1	4
153	1722	1	4
186	1724	1	4
213	1724	1	4
393	1724	1	4
378	1739	1	4
400	1739	1	4
540	1739	1	4
560	1739	1	4
247	1742	1	4
449	1742	1	4
527	1742	1	4
233	1755	1	4
246	1755	1	4
256	1755	1	4
332	1755	1	4
399	1755	1	4
505	1755	1	4
169	1757	1	4
380	1757	1	4
462	1757	1	4
505	1757	1	4
132	1759	1	4
516	1760	1	4
14	1761	1	4
199	1761	1	4
311	1761	1	4
400	1761	1	4
37	1765	1	4
172	1765	1	4
241	1765	1	4
291	1765	1	4
428	1765	1	4
528	1765	1	4
540	1765	1	4
543	1765	1	4
546	1765	1	4
229	1769	1	4
1	1775	1	4
524	1775	1	4
229	1784	1	4
361	1784	1	4
329	1786	1	4
154	1793	1	4
428	1793	1	4
400	1796	1	4
485	1796	1	4
308	1801	1	4
412	1801	1	4
516	1801	1	4
88	1802	1	4
172	1802	1	4
572	1802	1	4
18	1805	1	4
75	1805	1	4
254	1807	1	4
271	1807	1	4
487	1807	1	4
532	1807	1	4
262	1810	1	4
136	1821	1	4
465	1821	1	4
546	1821	1	4
549	1821	1	4
443	1823	1	4
505	1823	1	4
14	1824	1	4
261	1824	1	4
428	1824	1	4
528	1824	1	4
549	1824	1	4
65	1825	1	4
157	1825	1	4
272	1825	1	4
502	1825	1	4
61	1826	1	4
188	1827	1	4
365	1827	1	4
590	1827	2	4
121	1832	1	4
209	1832	1	4
516	1832	1	4
216	1833	3	4
182	1834	1	4
222	1835	1	4
365	1835	1	4
531	1835	1	4
590	1835	1	4
365	1836	1	4
539	1836	1	4
254	1837	1	4
301	1840	1	4
516	1840	1	4
358	1845	1	4
417	1845	1	4
564	1845	1	4
39	1846	1	4
52	1846	1	4
174	1846	1	4
315	1846	1	4
390	1846	1	4
166	1847	1	4
216	1847	3	4
365	1847	1	4
545	1847	1	4
183	1854	1	4
254	1854	1	4
286	1854	1	4
572	1854	1	4
184	1856	1	4
317	1856	1	4
365	1856	1	4
416	1856	1	4
468	1856	1	4
529	1856	1	4
86	1857	1	4
155	1857	1	4
162	1857	1	4
527	1857	1	4
254	1858	1	4
322	1858	1	4
443	1858	1	4
504	1858	1	4
183	1859	1	4
328	1859	1	4
395	1859	1	4
182	1862	1	4
26	1864	1	4
30	1864	1	4
324	1864	1	4
371	1864	1	4
252	1865	1	4
516	1865	1	4
137	1868	1	4
478	1868	1	4
554	1868	1	4
156	1869	1	4
449	1869	1	4
523	1872	1	4
43	1874	1	4
445	1874	1	4
265	1875	1	4
457	1875	1	4
273	1879	1	4
365	1879	1	4
137	1880	1	4
378	1880	1	4
522	1880	1	4
254	1882	1	4
228	1885	1	4
260	1885	1	4
345	1886	1	4
573	1886	1	4
581	1886	1	4
212	1890	1	4
273	1890	1	4
324	1890	1	4
473	1890	1	4
570	1890	1	4
188	1892	1	4
273	1892	1	4
284	1892	1	4
365	1892	1	4
378	1892	1	4
397	1892	1	4
485	1892	1	4
545	1892	1	4
549	1892	1	4
590	1892	2	4
180	1893	1	4
190	1893	1	4
188	1896	1	4
216	1896	3	4
264	1896	2	4
308	1896	1	4
538	1896	1	4
590	1896	1	4
137	1898	1	4
318	1898	1	4
77	1902	1	4
369	1902	1	4
182	1908	1	4
261	1908	1	4
265	1908	1	4
371	1908	1	4
539	1908	1	4
473	1911	1	4
590	1911	1	4
496	1912	1	4
188	1914	1	4
273	1914	1	4
378	1914	1	4
468	1914	1	4
549	1914	2	4
590	1914	1	4
527	1920	1	4
44	1921	1	4
229	1921	1	4
44	1922	1	4
229	1922	1	4
151	1923	1	4
182	1923	1	4
340	1923	1	4
425	1923	1	4
445	1923	1	4
188	1927	1	4
265	1927	1	4
273	1927	1	4
324	1927	3	4
527	1927	1	4
536	1927	1	4
590	1927	1	4
43	1929	1	4
119	1929	1	4
244	1929	1	4
389	1929	1	4
39	1930	1	4
106	1930	1	4
205	1930	1	4
209	1930	1	4
297	1930	1	4
376	1930	1	4
401	1930	1	4
451	1930	1	4
256	1931	1	4
491	1931	1	4
101	1935	1	4
284	1935	1	4
308	1935	1	4
352	1935	1	4
419	1935	1	4
458	1935	1	4
586	1935	1	4
338	1937	1	4
409	1937	1	4
247	1939	1	4
316	1939	1	4
105	1941	2	4
471	1941	1	4
511	1941	1	4
29	1943	1	4
254	1943	1	4
558	1943	1	4
562	1943	1	4
168	1950	1	4
561	1951	1	4
121	1952	1	4
215	1952	1	4
328	1952	1	4
400	1952	2	4
505	1952	1	4
516	1952	1	4
182	1953	1	4
410	1953	1	4
168	1955	1	4
309	1955	1	4
479	1957	1	4
304	1961	1	4
321	1961	1	4
497	1961	1	4
125	1963	1	4
261	1963	1	4
290	1964	1	4
37	1966	1	4
252	1966	1	4
419	1966	1	4
469	1966	1	4
505	1966	1	4
516	1966	1	4
271	1968	1	4
487	1968	1	4
532	1968	1	4
222	1970	1	4
254	1970	1	4
516	1970	2	4
182	1971	1	4
215	1971	1	4
168	1972	1	4
324	1972	1	4
401	1972	1	4
18	1973	1	4
84	1973	1	4
101	1973	1	4
290	1973	1	4
516	1973	1	4
538	1973	1	4
92	1975	1	4
516	1975	1	4
550	1975	1	4
329	1981	1	4
478	1981	1	4
101	1983	1	4
485	1984	1	4
237	1986	1	4
353	1986	1	4
409	1986	1	4
365	1987	1	4
356	1991	1	4
483	1991	1	4
59	1993	1	4
516	1995	1	4
59	1996	1	4
176	1998	1	4
200	1998	1	4
459	1998	2	4
197	1999	1	4
516	2001	1	4
561	2001	1	4
458	2002	1	4
484	2002	1	4
154	2005	2	4
231	2005	2	4
400	2005	1	4
551	2005	1	4
265	2006	1	4
333	2006	1	4
486	2006	1	4
554	2006	1	4
324	2011	1	4
166	2016	1	4
470	2016	1	4
565	2016	1	4
335	2018	1	4
372	2018	1	4
158	2023	1	4
329	2023	1	4
371	2023	1	4
470	2023	1	4
272	2025	1	4
564	2025	1	4
44	2027	1	4
165	2027	1	4
231	2027	1	4
372	2027	1	4
485	2027	1	4
549	2027	2	4
564	2027	1	4
50	2028	1	4
243	2031	1	4
441	2031	1	4
427	2032	1	4
558	2032	1	4
579	2032	1	4
365	2035	1	4
82	2038	1	4
273	2038	1	4
468	2038	1	4
79	2039	1	4
130	2039	1	4
213	2040	1	4
350	2040	1	4
378	2040	1	4
489	2040	1	4
77	2041	1	4
446	2041	1	4
530	2041	1	4
202	2043	1	4
254	2043	1	4
528	2043	1	4
546	2043	1	4
265	2048	1	4
527	2048	1	4
202	2049	1	4
254	2049	1	4
528	2049	1	4
546	2049	1	4
329	2055	1	4
52	2057	1	4
302	2057	1	4
509	2057	1	4
29	2059	1	4
254	2059	1	4
195	2060	1	4
483	2060	1	4
516	2060	1	4
41	2062	2	4
220	2062	2	4
4	2064	1	4
239	2064	1	4
266	2064	1	4
448	2064	1	4
165	2065	1	4
329	2065	1	4
335	2065	1	4
372	2065	1	4
67	2068	1	4
527	2068	1	4
31	2070	1	4
78	2070	1	4
103	2070	1	4
209	2070	1	4
49	2071	1	4
236	2071	1	4
254	2071	1	4
315	2073	1	4
32	2074	1	4
106	2075	1	4
31	2076	1	4
64	2076	1	4
78	2076	1	4
209	2076	1	4
231	2076	1	4
296	2076	1	4
327	2076	1	4
360	2076	1	4
406	2076	1	4
271	2077	1	4
487	2077	1	4
518	2077	1	4
78	2078	1	4
196	2078	1	4
383	2078	1	4
78	2079	1	4
241	2079	1	4
478	2079	1	4
554	2079	1	4
438	2080	1	4
486	2080	1	4
91	2081	1	4
253	2081	1	4
372	2081	1	4
372	2083	1	4
376	2083	1	4
244	2084	1	4
430	2084	1	4
182	2087	1	4
372	2087	1	4
459	2087	1	4
478	2087	1	4
556	2087	1	4
564	2087	1	4
66	2088	1	4
209	2088	1	4
319	2089	1	4
550	2089	1	4
101	2093	1	4
335	2093	1	4
471	2093	1	4
516	2093	1	4
372	2094	1	4
153	2095	1	4
312	2095	1	4
319	2095	1	4
429	2095	1	4
491	2095	1	4
540	2095	1	4
290	2102	1	4
4	2107	1	4
187	2107	1	4
266	2107	1	4
326	2107	1	4
445	2107	1	4
467	2107	1	4
201	2109	1	4
322	2109	1	4
517	2109	1	4
551	2110	1	4
440	2111	1	4
564	2111	1	4
254	2116	2	4
303	2116	1	4
125	2119	1	4
209	2119	1	4
9	2120	1	4
160	2120	1	4
228	2120	1	4
252	2120	1	4
494	2120	1	4
570	2120	1	4
254	2124	1	4
271	2124	1	4
279	2124	2	4
382	2124	2	4
383	2124	1	4
487	2124	1	4
488	2124	1	4
71	2127	1	4
497	2127	1	4
516	2127	1	4
182	2129	1	4
368	2129	1	4
550	2129	1	4
576	2129	1	4
309	2130	1	4
392	2130	1	4
426	2130	1	4
466	2130	1	4
493	2130	1	4
432	2131	1	4
88	2133	1	4
151	2133	1	4
254	2133	1	4
330	2133	1	4
9	2134	1	4
54	2134	1	4
64	2134	1	4
211	2134	1	4
253	2134	1	4
382	2134	1	4
410	2134	1	4
446	2134	1	4
527	2134	1	4
115	2137	1	4
151	2137	1	4
209	2137	1	4
501	2137	1	4
516	2137	1	4
549	2137	1	4
378	2141	1	4
382	2143	1	4
75	2144	1	4
466	2144	1	4
564	2144	1	4
247	2147	1	4
59	2149	1	4
132	2149	1	4
333	2149	1	4
370	2149	1	4
280	2157	1	4
329	2157	1	4
101	2161	1	4
586	2163	1	4
71	2166	1	4
324	2166	1	4
9	2175	1	4
86	2175	1	4
225	2175	1	4
235	2175	1	4
248	2175	1	4
479	2175	1	4
539	2175	1	4
4	2184	1	4
266	2184	1	4
445	2184	1	4
450	2186	1	4
189	2189	1	4
106	2190	1	4
225	2192	1	4
252	2192	1	4
373	2192	1	4
526	2192	1	4
254	2194	1	4
548	2194	1	4
551	2194	1	4
253	2195	1	4
384	2195	1	4
545	2195	1	4
63	2196	1	4
95	2196	1	4
249	2196	1	4
254	2196	1	4
267	2196	1	4
271	2196	1	4
279	2196	1	4
383	2196	1	4
487	2196	1	4
488	2196	1	4
362	2199	1	4
378	2199	1	4
249	2201	1	4
64	2206	2	4
211	2206	1	4
213	2206	1	4
265	2206	1	4
362	2206	1	4
382	2206	1	4
446	2206	1	4
584	2207	1	4
144	2208	1	4
257	2208	1	4
531	2208	1	4
549	2208	2	4
243	2211	1	4
464	2211	1	4
3	2212	1	4
86	2212	1	4
398	2212	1	4
426	2212	1	4
516	2212	1	4
107	2214	1	4
237	2214	2	4
254	2214	1	4
388	2214	1	4
548	2214	1	4
307	2216	1	4
447	2216	1	4
182	2218	1	4
216	2218	3	4
251	2218	1	4
516	2218	1	4
571	2218	1	4
229	2219	1	4
265	2219	1	4
299	2219	1	4
324	2219	1	4
330	2224	3	4
547	2224	1	4
64	2227	1	4
216	2227	3	4
388	2227	1	4
474	2227	1	4
570	2227	1	4
329	2233	1	4
353	2233	2	4
27	2235	1	4
123	2235	1	4
163	2235	1	4
167	2235	1	4
220	2235	1	4
319	2235	1	4
556	2235	1	4
474	2236	2	4
527	2237	1	4
568	2237	1	4
27	2239	1	4
163	2239	1	4
351	2239	1	4
451	2239	1	4
63	2241	1	4
95	2241	1	4
249	2241	1	4
254	2241	1	4
267	2241	1	4
271	2241	1	4
279	2241	2	4
383	2241	1	4
487	2241	1	4
488	2241	1	4
211	2243	1	4
382	2243	1	4
446	2243	1	4
254	2245	1	4
549	2245	1	4
552	2245	1	4
22	2246	1	4
255	2246	1	4
324	2246	1	4
517	2246	1	4
101	2247	1	4
209	2247	1	4
290	2247	1	4
317	2247	1	4
400	2247	1	4
484	2247	1	4
516	2247	2	4
536	2247	1	4
233	2248	1	4
251	2248	1	4
376	2248	1	4
22	2250	1	4
237	2251	1	4
329	2251	1	4
216	2252	3	4
271	2254	1	4
318	2254	1	4
354	2254	1	4
516	2254	1	4
188	2258	1	4
196	2258	1	4
205	2258	1	4
425	2258	1	4
516	2258	1	4
530	2258	1	4
590	2258	1	4
72	2260	1	4
400	2261	1	4
573	2261	1	4
27	2262	1	4
163	2262	1	4
351	2262	1	4
122	2263	1	4
188	2263	1	4
320	2263	1	4
517	2263	1	4
545	2263	1	4
590	2263	1	4
27	2264	1	4
163	2264	1	4
542	2264	1	4
164	2266	1	4
351	2266	1	4
122	2270	1	4
144	2270	1	4
309	2271	1	4
351	2271	1	4
502	2271	1	4
516	2271	1	4
549	2271	1	4
560	2271	1	4
351	2278	1	4
12	2288	1	4
93	2288	1	4
124	2288	1	4
244	2288	1	4
449	2288	1	4
530	2288	1	4
550	2288	1	4
179	2292	1	4
209	2292	1	4
221	2292	1	4
151	2293	1	4
254	2293	1	4
373	2295	1	4
549	2295	1	4
39	2297	1	4
254	2297	1	4
117	2301	2	4
27	2302	1	4
158	2302	1	4
163	2302	1	4
464	2302	1	4
516	2302	1	4
547	2302	1	4
588	2302	1	4
129	2303	1	4
229	2303	1	4
290	2303	1	4
356	2303	1	4
377	2303	1	4
576	2303	1	4
79	2305	1	4
152	2305	1	4
216	2305	3	4
230	2305	1	4
251	2305	1	4
272	2305	1	4
443	2305	1	4
188	2308	1	4
313	2308	1	4
491	2308	1	4
590	2308	1	4
51	2310	1	4
63	2313	1	4
95	2313	1	4
249	2313	1	4
254	2313	1	4
267	2313	1	4
271	2313	1	4
279	2313	1	4
383	2313	1	4
487	2313	1	4
488	2313	1	4
251	2314	1	4
265	2314	1	4
505	2314	1	4
549	2314	1	4
244	2315	1	4
468	2315	1	4
135	2316	1	4
338	2316	1	4
472	2316	1	4
516	2316	1	4
584	2316	1	4
251	2318	1	4
490	2318	1	4
429	2319	1	4
164	2320	1	4
329	2320	1	4
517	2320	1	4
135	2321	1	4
152	2323	2	4
447	2323	2	4
29	2324	1	4
39	2324	1	4
254	2324	1	4
101	2325	1	4
107	2325	1	4
308	2325	1	4
396	2325	1	4
101	2327	1	4
252	2327	1	4
467	2327	1	4
63	2330	1	4
95	2330	1	4
110	2330	1	4
249	2330	1	4
254	2330	1	4
267	2330	1	4
271	2330	1	4
279	2330	1	4
383	2330	1	4
487	2330	1	4
488	2330	1	4
222	2335	1	4
301	2335	1	4
343	2335	1	4
253	2337	1	4
308	2337	1	4
363	2337	1	4
454	2337	1	4
552	2337	1	4
222	2338	1	4
479	2338	1	4
101	2339	1	4
489	2339	1	4
516	2339	1	4
376	2347	1	4
377	2347	1	4
521	2347	1	4
137	2350	1	4
204	2350	1	4
222	2350	1	4
339	2350	1	4
521	2350	1	4
63	2353	1	4
95	2353	1	4
249	2353	1	4
254	2353	1	4
267	2353	1	4
271	2353	1	4
279	2353	2	4
383	2353	1	4
487	2353	1	4
488	2353	1	4
166	2355	1	4
252	2355	1	4
254	2355	1	4
333	2355	1	4
395	2355	2	4
1	2358	1	4
39	2358	1	4
184	2362	1	4
29	2363	1	4
446	2363	1	4
449	2364	1	4
527	2364	1	4
67	2365	1	4
210	2365	1	4
265	2365	1	4
279	2365	1	4
426	2365	1	4
75	2366	1	4
91	2366	1	4
135	2366	1	4
213	2366	1	4
329	2366	1	4
516	2366	1	4
101	2368	1	4
189	2368	1	4
319	2369	1	4
513	2369	1	4
470	2374	1	4
42	2378	1	4
157	2378	1	4
319	2378	1	4
326	2378	1	4
353	2378	1	4
516	2378	1	4
79	2380	1	4
123	2380	1	4
79	2381	1	4
123	2381	1	4
79	2382	1	4
123	2382	1	4
58	2387	1	4
376	2387	1	4
377	2387	1	4
521	2387	1	4
579	2387	1	4
89	2390	1	4
140	2390	1	4
485	2390	1	4
213	2392	1	4
319	2392	1	4
467	2392	1	4
558	2392	1	4
32	2393	1	4
220	2393	1	4
368	2393	1	4
410	2393	1	4
564	2393	1	4
53	2396	1	4
205	2396	1	4
53	2399	1	4
147	2399	1	4
254	2399	1	4
275	2399	1	4
318	2399	1	4
516	2399	1	4
190	2402	1	4
235	2402	1	4
319	2403	1	4
388	2403	1	4
584	2403	1	4
222	2404	1	4
256	2404	1	4
521	2404	1	4
527	2404	1	4
14	2406	1	4
516	2406	1	4
169	2413	1	4
431	2413	1	4
445	2413	1	4
430	2425	1	4
46	2429	1	4
56	2429	1	4
329	2429	1	4
231	2437	1	4
361	2438	1	4
402	2438	1	4
102	2441	1	4
362	2441	1	4
174	2445	1	4
329	2445	1	4
576	2445	1	4
83	2446	1	4
491	2446	1	4
313	2453	1	4
324	2453	1	4
564	2453	1	4
411	2454	1	4
476	2454	1	4
538	2454	1	4
64	2455	1	4
166	2455	1	4
211	2455	1	4
382	2455	1	4
446	2455	1	4
62	2458	1	4
478	2458	1	4
510	2459	1	4
186	2463	1	4
254	2463	1	4
531	2465	1	4
41	2466	1	4
326	2466	1	4
166	2468	1	4
172	2468	1	4
211	2468	1	4
253	2468	1	4
382	2468	1	4
444	2468	1	4
446	2468	1	4
141	2470	1	4
405	2470	1	4
458	2470	1	4
254	2475	1	4
400	2475	1	4
519	2475	1	4
549	2475	2	4
564	2475	1	4
99	2479	1	4
160	2479	2	4
182	2479	1	4
546	2482	1	4
58	2483	1	4
137	2483	1	4
204	2483	1	4
222	2483	1	4
339	2483	1	4
521	2483	1	4
58	2488	1	4
58	2489	1	4
254	2489	1	4
324	2490	1	4
508	2490	1	4
58	2491	1	4
254	2491	1	4
291	2496	1	4
114	2499	1	4
421	2499	1	4
583	2499	1	4
587	2499	1	4
313	2500	1	4
284	2504	1	4
516	2504	1	4
261	2505	1	4
320	2505	1	4
478	2505	1	4
513	2505	1	4
516	2505	1	4
166	2515	1	4
527	2515	1	4
158	2517	1	4
317	2517	1	4
30	2521	1	4
209	2521	1	4
250	2521	1	4
516	2521	1	4
254	2530	1	4
271	2530	1	4
487	2530	1	4
174	2533	1	4
254	2533	1	4
457	2533	1	4
229	2534	1	4
308	2534	1	4
279	2536	1	4
190	2539	1	4
339	2539	1	4
449	2539	1	4
516	2539	1	4
36	2542	1	4
233	2542	1	4
29	2543	1	4
46	2543	1	4
78	2543	1	4
213	2543	1	4
265	2543	1	4
478	2543	1	4
491	2545	1	4
505	2546	2	4
187	2550	1	4
400	2550	1	4
477	2550	1	4
539	2550	1	4
101	2552	1	4
115	2552	1	4
419	2552	2	4
527	2552	1	4
549	2552	1	4
101	2554	1	4
115	2554	1	4
419	2554	2	4
527	2554	1	4
549	2554	1	4
329	2555	1	4
189	2556	1	4
329	2556	1	4
77	2558	1	4
183	2558	1	4
254	2558	1	4
79	2559	1	4
106	2559	1	4
484	2559	1	4
530	2559	1	4
189	2560	1	4
16	2562	1	4
344	2562	1	4
532	2568	1	4
439	2569	1	4
478	2569	1	4
491	2569	1	4
40	2571	1	4
254	2571	1	4
118	2572	1	4
244	2572	1	4
254	2573	1	4
312	2573	1	4
429	2575	1	4
509	2576	1	4
37	2577	1	4
78	2577	1	4
519	2577	1	4
231	2579	1	4
516	2579	1	4
197	2584	1	4
526	2584	1	4
16	2585	1	4
106	2586	1	4
19	2588	1	4
9	2590	1	4
209	2590	1	4
319	2590	1	4
424	2590	1	4
584	2590	2	4
6	2592	1	4
479	2592	1	4
516	2592	1	4
530	2592	1	4
286	2593	1	4
152	2594	1	4
554	2594	1	4
49	2595	1	4
171	2595	1	4
220	2595	1	4
538	2600	1	4
139	2605	1	4
319	2605	1	4
504	2605	1	4
516	2605	1	4
304	2606	1	4
324	2606	1	4
516	2606	1	4
573	2606	1	4
222	2607	1	4
254	2609	1	4
312	2609	1	4
384	2609	1	4
488	2609	1	4
254	2611	1	4
45	2612	1	4
254	2612	1	4
384	2612	1	4
488	2612	1	4
205	2614	1	4
209	2614	1	4
572	2614	1	4
265	2623	1	4
317	2623	1	4
44	2624	1	4
229	2624	1	4
263	2624	1	4
49	2625	1	4
254	2625	1	4
384	2625	1	4
488	2625	1	4
130	2626	1	4
327	2626	1	4
581	2626	1	4
28	2627	1	4
246	2627	1	4
329	2627	1	4
44	2628	1	4
209	2628	1	4
229	2628	1	4
329	2628	1	4
215	2630	1	4
329	2630	1	4
115	2633	1	4
231	2633	1	4
558	2633	1	4
409	2643	1	4
234	2648	1	4
413	2649	1	4
20	2652	1	4
254	2652	1	4
271	2652	1	4
295	2652	1	4
383	2652	1	4
487	2652	1	4
335	2659	1	4
365	2659	1	4
516	2659	1	4
564	2659	1	4
570	2659	1	4
106	2661	1	4
329	2661	1	4
252	2664	1	4
527	2664	1	4
183	2666	1	4
213	2666	1	4
400	2666	1	4
403	2666	1	4
587	2666	1	4
426	2667	1	4
516	2668	1	4
526	2668	1	4
88	2672	1	4
478	2672	1	4
128	2675	1	4
554	2675	1	4
319	2677	1	4
247	2679	1	4
77	2686	2	4
170	2686	1	4
426	2686	1	4
531	2686	1	4
181	2688	1	4
319	2688	1	4
411	2688	1	4
502	2688	1	4
77	2692	1	4
531	2692	1	4
29	2694	1	4
356	2694	1	4
531	2698	1	4
209	2699	1	4
240	2699	1	4
329	2699	1	4
44	2700	1	4
229	2700	1	4
572	2700	1	4
77	2702	1	4
422	2702	1	4
294	2703	1	4
254	2705	1	4
271	2705	1	4
383	2705	1	4
487	2705	1	4
237	2706	1	4
540	2706	1	4
294	2709	1	4
566	2709	1	4
584	2709	1	4
77	2710	1	4
176	2710	1	4
495	2712	1	4
77	2714	1	4
428	2714	1	4
54	2715	1	4
8	2721	1	4
82	2721	1	4
331	2722	1	4
509	2722	1	4
8	2723	1	4
77	2723	1	4
531	2723	1	4
77	2727	1	4
9	2734	1	4
398	2734	1	4
9	2735	1	4
398	2735	1	4
512	2739	1	4
146	2744	1	4
82	2745	1	4
147	2749	1	4
247	2749	1	4
195	2752	1	4
278	2752	1	4
405	2752	1	4
68	2753	1	4
97	2755	1	4
106	2757	1	4
516	2758	1	4
242	2762	1	4
43	2763	1	4
122	2763	1	4
172	2763	1	4
314	2763	1	4
470	2763	1	4
531	2763	1	4
127	2766	1	4
231	2766	1	4
187	2767	1	4
200	2767	1	4
205	2767	1	4
319	2767	1	4
383	2767	1	4
458	2767	1	4
530	2767	1	4
210	2768	1	4
449	2768	1	4
516	2772	1	4
198	2775	1	4
464	2775	1	4
530	2781	1	4
550	2781	1	4
556	2781	1	4
118	2782	1	4
124	2782	1	4
194	2782	1	4
478	2782	1	4
124	2783	1	4
194	2783	1	4
478	2783	1	4
560	2783	1	4
171	2785	1	4
510	2785	1	4
106	2786	1	4
516	2786	1	4
50	2787	1	4
171	2787	1	4
335	2788	1	4
356	2788	1	4
549	2791	1	4
240	2792	1	4
558	2792	1	4
137	2793	1	4
208	2793	1	4
229	2793	1	4
573	2793	1	4
290	2794	1	4
329	2794	1	4
516	2794	1	4
14	2795	1	4
537	2795	1	4
329	2797	1	4
21	2799	1	4
174	2799	1	4
246	2799	1	4
425	2799	1	4
192	2800	1	4
135	2801	1	4
562	2801	1	4
62	2802	1	4
412	2804	1	4
178	2813	1	4
189	2813	1	4
304	2813	1	4
409	2813	1	4
189	2815	1	4
356	2815	1	4
359	2815	1	4
106	2821	1	4
265	2821	2	4
106	2823	1	4
254	2823	1	4
265	2823	1	4
526	2823	1	4
127	2825	1	4
178	2825	1	4
216	2825	1	4
527	2825	1	4
499	2826	1	4
226	2832	1	4
410	2832	1	4
254	2836	1	4
403	2842	1	4
581	2842	1	4
200	2848	1	4
425	2868	1	4
436	2868	1	4
441	2868	1	4
463	2868	1	4
546	2868	1	4
319	2873	1	4
412	2873	1	4
502	2873	1	4
255	2874	1	4
88	2876	1	4
380	2876	1	4
491	2876	1	4
222	2884	1	4
409	2884	1	4
224	2892	1	4
44	2897	1	4
164	2897	1	4
209	2897	1	4
229	2897	1	4
79	2899	1	4
224	2899	1	4
101	2900	1	4
530	2900	1	4
206	2903	1	4
491	2903	1	4
38	2912	1	4
339	2912	1	4
428	2912	1	4
446	2912	1	4
457	2912	1	4
93	2913	1	4
254	2913	1	4
101	2921	1	4
127	2921	1	4
231	2921	1	4
516	2921	1	4
247	2923	1	4
566	2923	1	4
133	2924	1	4
559	2924	1	4
226	2929	1	4
50	2931	1	4
195	2931	1	4
231	2931	2	4
329	2931	1	4
137	2935	1	4
419	2935	1	4
573	2935	1	4
253	2936	1	4
226	2937	1	4
256	2937	1	4
255	2938	1	4
265	2938	1	4
99	2943	1	4
312	2943	1	4
107	2944	1	4
132	2944	1	4
425	2947	1	4
272	2948	1	4
423	2948	1	4
491	2948	1	4
359	2949	1	4
561	2949	1	4
140	2951	1	4
192	2951	1	4
307	2951	1	4
318	2951	2	4
529	2951	1	4
569	2953	1	4
127	2957	1	4
412	2957	4	4
478	2957	1	4
538	2957	1	4
53	2959	1	4
162	2959	1	4
189	2959	1	4
255	2959	1	4
68	2961	1	4
468	2961	1	4
228	2963	1	4
483	2963	1	4
198	2965	1	4
264	2965	1	4
468	2965	1	4
458	2968	1	4
556	2968	1	4
7	2969	1	4
222	2969	1	4
236	2969	1	4
252	2969	1	4
290	2969	1	4
106	2970	1	4
231	2970	1	4
247	2972	1	4
254	2973	1	4
426	2973	1	4
149	2978	1	4
291	2978	1	4
538	2978	1	4
10	2980	1	4
319	2980	1	4
513	2980	1	4
334	2981	1	4
5	2987	1	4
526	2989	1	4
564	2989	1	4
389	2991	1	4
549	2991	1	4
294	2994	1	4
304	2994	1	4
329	2994	1	4
400	2994	2	4
538	2994	1	4
228	2997	1	4
328	2997	1	4
335	2997	1	4
527	2997	1	4
546	2997	1	4
210	2999	1	4
572	2999	1	4
312	3000	1	4
319	3000	1	4
329	3001	1	4
21	3003	1	4
174	3003	1	4
360	3003	1	4
517	3003	1	4
526	3003	1	4
228	3004	1	4
247	3004	1	4
491	3004	1	4
113	3005	1	4
226	3005	1	4
339	3005	1	4
546	3005	1	4
168	3007	1	4
286	3007	1	4
405	3007	1	4
491	3007	1	4
530	3007	1	4
549	3007	1	4
254	3012	1	4
434	3012	1	4
478	3012	1	4
168	3016	1	4
230	3016	1	4
286	3016	1	4
491	3016	1	4
36	3019	1	4
123	3019	1	4
491	3019	1	4
513	3019	1	4
82	3021	1	4
319	3021	1	4
478	3021	1	4
513	3021	1	4
564	3021	1	4
252	3022	1	4
550	3022	1	4
469	3023	1	4
579	3023	1	4
102	3024	1	4
102	3026	1	4
254	3026	1	4
206	3028	1	4
263	3029	1	4
279	3029	1	4
286	3029	1	4
334	3030	1	4
23	3033	1	4
329	3033	1	4
412	3033	1	4
23	3037	1	4
206	3037	1	4
376	3037	1	4
491	3037	1	4
254	3039	1	4
383	3039	1	4
589	3039	1	4
18	3041	1	4
147	3041	1	4
329	3041	1	4
491	3041	1	4
54	3042	1	4
198	3042	1	4
206	3042	1	4
378	3042	1	4
491	3042	1	4
206	3044	1	4
209	3044	1	4
537	3045	1	4
466	3046	1	4
28	3048	1	4
29	3048	1	4
263	3048	1	4
319	3050	1	4
348	3050	1	4
564	3055	1	4
229	3057	1	4
312	3057	1	4
329	3057	2	4
529	3057	1	4
550	3057	1	4
578	3057	1	4
30	3058	1	4
78	3058	1	4
79	3058	1	4
111	3058	1	4
252	3058	1	4
375	3058	2	4
412	3058	1	4
530	3058	1	4
539	3058	1	4
220	3062	1	4
371	3062	1	4
50	3063	1	4
71	3063	1	4
222	3063	1	4
353	3063	1	4
254	3069	1	4
109	3077	1	4
516	3077	1	4
252	3078	1	4
447	3078	1	4
520	3087	1	4
549	3087	1	4
30	3092	1	4
254	3092	1	4
519	3092	1	4
189	3094	1	4
30	3098	1	4
516	3100	1	4
556	3100	1	4
101	3102	1	4
186	3102	1	4
271	3102	1	4
487	3102	1	4
489	3102	1	4
232	3104	1	4
356	3104	1	4
182	3106	1	4
392	3106	1	4
497	3107	1	4
110	3109	1	4
359	3109	1	4
254	3117	1	4
377	3117	1	4
523	3119	1	4
588	3119	1	4
189	3120	1	4
230	3120	1	4
362	3120	1	4
584	3122	1	4
272	3123	1	4
304	3123	1	4
336	3123	1	4
403	3123	1	4
442	3123	1	4
467	3123	1	4
550	3123	1	4
564	3123	2	4
585	3123	1	4
254	3128	1	4
201	3130	1	4
88	3131	1	4
147	3131	1	4
199	3131	1	4
308	3131	1	4
491	3131	1	4
28	3133	1	4
237	3133	1	4
239	3133	1	4
329	3133	2	4
403	3133	1	4
231	3135	1	4
290	3135	1	4
516	3135	1	4
134	3138	1	4
326	3138	1	4
378	3138	1	4
489	3138	1	4
494	3138	1	4
230	3139	1	4
527	3139	1	4
549	3139	1	4
473	23	1	6
209	90	1	6
231	90	1	6
228	110	1	6
190	182	1	6
497	182	1	6
106	413	1	6
514	413	1	6
516	413	1	6
252	463	1	6
394	463	1	6
174	520	1	6
329	520	1	6
473	520	1	6
504	520	1	6
233	554	1	6
502	554	1	6
516	554	1	6
500	600	1	6
72	611	1	6
184	638	1	6
39	678	1	6
129	698	1	6
167	698	1	6
530	698	1	6
552	698	1	6
75	700	1	6
88	701	1	6
91	701	1	6
519	701	1	6
182	703	1	6
80	708	1	6
261	708	1	6
291	708	1	6
435	708	1	6
12	830	1	6
460	830	1	6
48	832	1	6
364	832	1	6
539	832	1	6
177	840	1	6
261	840	1	6
303	840	1	6
546	840	1	6
564	840	1	6
367	844	1	6
460	844	1	6
164	849	1	6
241	849	1	6
94	853	1	6
100	853	1	6
220	853	1	6
256	853	1	6
140	865	1	6
400	865	1	6
539	865	1	6
108	878	1	6
290	878	1	6
554	878	1	6
254	963	1	6
391	963	1	6
550	963	1	6
51	1005	1	6
82	1013	1	6
171	1013	1	6
210	1013	1	6
3	1023	1	6
332	1023	1	6
182	1065	1	6
462	1065	1	6
39	1134	1	6
123	1134	1	6
330	1134	1	6
545	1134	1	6
164	1144	1	6
324	1144	2	6
472	1144	1	6
516	1144	1	6
534	1144	1	6
556	1144	1	6
57	1155	1	6
391	1155	1	6
485	1155	1	6
550	1155	1	6
329	1176	1	6
175	1178	1	6
319	1191	1	6
329	1191	2	6
504	1191	1	6
324	1221	1	6
217	1227	1	6
319	1227	1	6
3	1247	1	6
109	1247	1	6
403	1247	1	6
369	1262	1	6
524	1262	1	6
556	1262	1	6
376	1359	1	6
41	1382	1	6
215	1382	1	6
261	1524	1	6
323	1524	1	6
536	1524	1	6
564	1524	1	6
48	1572	1	6
64	1572	1	6
338	1572	1	6
19	1578	1	6
338	1578	1	6
359	1578	1	6
458	1578	1	6
2	1579	1	6
324	1579	1	6
359	1579	1	6
424	1579	1	6
502	1579	1	6
40	1642	1	6
352	1642	1	6
449	1642	1	6
485	1642	1	6
589	1644	1	6
26	1649	1	6
64	1649	1	6
455	1649	1	6
324	1655	1	6
159	1662	1	6
303	1662	1	6
425	1662	1	6
449	1662	2	6
527	1672	1	6
166	1684	1	6
324	1684	1	6
511	1684	1	6
210	1696	1	6
247	1696	1	6
326	1696	1	6
209	1725	1	6
233	1725	1	6
285	1725	1	6
324	1725	1	6
453	1725	1	6
463	1725	1	6
545	1725	1	6
2	1726	1	6
173	1726	1	6
199	1726	1	6
362	1726	2	6
426	1726	1	6
468	1727	1	6
67	1728	1	6
513	1728	1	6
533	1728	1	6
50	1734	1	6
113	1734	2	6
362	1734	1	6
216	1737	3	6
365	1737	1	6
378	1737	1	6
519	1737	2	6
172	1741	1	6
353	1741	1	6
362	1741	1	6
365	1741	1	6
473	1741	1	6
551	1741	1	6
241	1743	1	6
338	1743	1	6
48	1746	1	6
215	1746	1	6
394	1746	1	6
560	1746	1	6
240	1748	1	6
449	1748	1	6
516	1748	1	6
549	1748	1	6
64	1750	1	6
313	1750	1	6
356	1750	1	6
587	1764	1	6
55	1783	1	6
101	1783	1	6
422	1783	1	6
505	1783	1	6
90	1870	1	6
217	1870	1	6
540	1870	1	6
549	1870	2	6
75	1954	1	6
105	1954	1	6
106	1954	1	6
119	1954	2	6
250	1954	2	6
365	1954	1	6
516	1954	1	6
254	1959	1	6
388	1959	1	6
405	1959	1	6
525	1959	1	6
109	1997	1	6
367	2004	1	6
516	2004	1	6
264	2014	1	6
265	2014	1	6
474	2014	1	6
528	2014	1	6
549	2014	1	6
560	2014	2	6
181	2067	1	6
402	2067	1	6
53	2090	1	6
551	2155	1	6
70	2203	1	6
474	2204	1	6
554	2204	1	6
113	2256	1	6
348	2256	1	6
254	2298	1	6
271	2298	1	6
383	2298	1	6
487	2298	1	6
182	2328	1	6
549	2328	1	6
44	2340	1	6
181	2340	1	6
229	2340	1	6
525	2345	1	6
306	2356	1	6
314	2356	1	6
462	2356	1	6
554	2356	1	6
556	2356	2	6
26	2461	1	6
194	2461	1	6
370	2461	1	6
431	2461	1	6
170	2462	1	6
536	2462	1	6
549	2462	1	6
514	2467	1	6
223	2477	1	6
265	2477	1	6
324	2477	1	6
356	2477	1	6
516	2477	1	6
556	2477	1	6
162	2480	1	6
215	2480	1	6
54	2509	1	6
97	2509	1	6
466	2509	1	6
577	2509	1	6
162	2525	2	6
502	2578	1	6
516	2578	1	6
542	2578	1	6
538	2597	1	6
329	2608	1	6
550	2608	1	6
561	2608	1	6
329	2610	1	6
198	2616	1	6
527	2620	1	6
44	2635	1	6
209	2638	1	6
527	2638	1	6
566	2638	1	6
116	2640	1	6
85	2650	1	6
329	2650	1	6
384	2650	1	6
231	2701	3	6
184	2764	1	6
187	2764	1	6
539	2764	1	6
62	2779	1	6
101	2779	1	6
105	2779	1	6
257	2779	1	6
419	2779	1	6
122	2790	1	6
254	2790	1	6
491	2839	1	6
513	2839	1	6
564	2839	1	6
42	2863	1	6
220	2863	1	6
319	2863	1	6
439	2871	1	6
468	2871	1	6
549	2891	1	6
5	2918	1	6
254	2918	1	6
415	2918	1	6
56	2927	1	6
127	2927	1	6
160	2927	1	6
516	2927	1	6
584	2927	1	6
56	2958	1	6
199	2958	1	6
505	2958	1	6
324	2990	1	6
587	2990	1	6
324	2995	1	6
587	2995	1	6
215	3017	4	6
471	3017	1	6
88	3053	1	6
254	3064	1	6
83	3076	1	6
173	3088	1	6
380	3113	1	6
550	3124	1	6
549	3	1	7
214	5	1	7
246	5	1	7
329	5	1	7
468	5	1	7
516	5	1	7
559	5	2	7
56	13	1	7
366	13	1	7
367	13	1	7
433	13	1	7
209	16	1	7
543	16	1	7
129	22	1	7
209	22	1	7
417	22	1	7
14	28	1	7
146	28	1	7
187	28	1	7
400	28	1	7
539	28	1	7
175	33	1	7
400	33	1	7
466	33	1	7
564	33	1	7
100	36	1	7
18	41	1	7
538	41	1	7
10	54	1	7
290	54	1	7
325	54	1	7
337	54	1	7
387	54	1	7
388	54	1	7
516	54	1	7
213	58	1	7
249	58	1	7
388	58	1	7
468	58	1	7
496	58	1	7
558	58	1	7
587	58	1	7
210	60	2	7
319	60	1	7
56	62	1	7
241	70	1	7
201	71	1	7
335	71	1	7
516	71	1	7
549	71	1	7
10	72	1	7
185	72	1	7
325	72	1	7
387	72	1	7
478	72	1	7
587	72	1	7
400	79	1	7
533	79	1	7
468	80	1	7
10	84	1	7
324	84	1	7
325	84	1	7
387	84	1	7
397	87	1	7
217	94	1	7
3	95	1	7
10	95	1	7
291	95	1	7
324	95	1	7
325	95	1	7
387	95	1	7
505	95	1	7
271	98	1	7
368	98	1	7
516	98	1	7
529	98	1	7
554	98	1	7
30	106	1	7
84	106	1	7
96	106	1	7
97	106	1	7
127	106	1	7
440	106	1	7
444	106	1	7
554	106	1	7
587	106	1	7
469	119	1	7
329	160	1	7
69	176	1	7
158	180	1	7
249	191	1	7
388	191	1	7
558	191	1	7
109	197	2	7
120	204	1	7
225	204	1	7
413	204	1	7
20	205	1	7
134	212	1	7
400	212	1	7
491	212	1	7
534	212	1	7
549	212	1	7
28	220	1	7
356	220	1	7
39	226	1	7
549	226	1	7
172	230	1	7
421	230	1	7
478	230	1	7
55	241	1	7
225	246	1	7
227	246	1	7
530	246	1	7
554	246	1	7
192	256	1	7
508	256	1	7
550	256	1	7
174	299	1	7
224	299	1	7
261	299	1	7
468	299	1	7
549	301	2	7
158	302	1	7
487	306	1	7
205	307	1	7
213	307	1	7
377	307	1	7
431	307	1	7
527	307	1	7
14	311	1	7
254	311	1	7
491	311	1	7
505	311	1	7
506	311	1	7
545	311	1	7
547	311	1	7
431	314	1	7
549	314	1	7
136	329	1	7
210	329	1	7
362	329	1	7
20	336	1	7
182	336	1	7
406	341	1	7
425	341	1	7
587	341	1	7
88	347	1	7
489	347	1	7
234	355	1	7
546	355	1	7
576	355	1	7
10	358	1	7
325	358	1	7
526	365	1	7
511	368	1	7
329	371	1	7
222	375	1	7
556	375	1	7
545	387	1	7
64	388	1	7
335	388	1	7
68	389	1	7
485	391	1	7
414	392	1	7
9	396	1	7
416	396	1	7
475	396	1	7
62	400	1	7
392	400	2	7
399	400	2	7
426	400	1	7
544	400	1	7
297	407	1	7
209	417	1	7
30	424	1	7
109	424	1	7
171	424	1	7
260	424	1	7
516	424	1	7
517	424	1	7
549	424	1	7
192	428	1	7
353	428	1	7
424	428	1	7
329	453	1	7
362	453	1	7
279	475	1	7
103	482	1	7
223	482	1	7
233	482	1	7
374	482	1	7
75	488	1	7
126	488	1	7
254	488	1	7
404	488	1	7
70	489	1	7
126	489	1	7
215	489	1	7
454	489	1	7
140	492	1	7
126	494	1	7
402	494	2	7
497	494	1	7
543	494	1	7
299	495	1	7
573	496	1	7
581	496	1	7
172	497	1	7
117	506	1	7
126	506	1	7
329	506	1	7
439	506	1	7
389	512	1	7
516	512	1	7
126	523	1	7
400	523	1	7
543	523	2	7
42	528	1	7
199	528	1	7
235	528	1	7
360	528	1	7
464	528	1	7
293	533	1	7
443	533	1	7
545	533	1	7
562	533	1	7
500	537	1	7
96	543	1	7
123	543	1	7
306	543	1	7
356	543	1	7
464	543	1	7
35	544	1	7
97	544	2	7
115	544	1	7
481	544	1	7
122	566	1	7
209	566	1	7
239	566	1	7
59	570	1	7
171	570	1	7
209	570	1	7
388	570	1	7
440	570	1	7
231	577	1	7
254	577	1	7
254	578	1	7
72	587	1	7
297	587	1	7
369	590	1	7
537	590	1	7
556	590	1	7
155	597	1	7
495	598	1	7
112	603	1	7
302	603	1	7
399	603	1	7
78	607	1	7
328	607	1	7
7	608	1	7
79	608	1	7
291	608	1	7
560	608	1	7
578	608	1	7
220	610	1	7
549	610	1	7
326	626	1	7
422	626	1	7
498	626	1	7
554	628	1	7
536	636	1	7
137	641	1	7
578	641	1	7
126	642	1	7
62	651	1	7
444	651	1	7
94	663	1	7
235	663	1	7
290	663	1	7
445	663	1	7
480	663	1	7
6	665	1	7
23	665	1	7
405	665	1	7
218	673	1	7
410	673	1	7
478	673	1	7
194	674	1	7
196	674	1	7
326	674	1	7
353	674	1	7
409	674	1	7
515	679	1	7
494	685	1	7
539	685	1	7
564	685	1	7
52	691	1	7
182	691	1	7
424	691	1	7
439	691	1	7
17	692	1	7
405	692	1	7
539	692	1	7
254	707	1	7
88	709	1	7
7	713	1	7
167	713	1	7
556	713	1	7
409	714	1	7
339	720	1	7
56	723	1	7
254	726	1	7
154	736	1	7
182	736	1	7
317	736	1	7
516	736	1	7
115	737	1	7
198	741	1	7
265	741	1	7
361	741	1	7
535	741	1	7
550	741	1	7
263	743	1	7
489	743	1	7
227	747	1	7
497	747	1	7
516	747	1	7
88	748	1	7
546	748	1	7
47	750	1	7
134	750	1	7
347	750	1	7
410	750	1	7
527	750	1	7
129	752	1	7
552	752	1	7
41	755	1	7
114	755	1	7
358	755	1	7
400	755	1	7
153	759	1	7
319	759	1	7
47	760	1	7
318	760	1	7
400	760	1	7
153	761	1	7
369	763	1	7
492	763	1	7
531	763	1	7
401	765	1	7
401	778	1	7
223	788	1	7
254	788	1	7
516	788	1	7
311	789	1	7
465	789	1	7
146	790	1	7
398	790	1	7
36	797	1	7
513	806	1	7
185	815	1	7
167	831	1	7
329	831	1	7
429	831	1	7
530	831	1	7
558	831	1	7
184	835	1	7
556	835	1	7
329	839	1	7
478	839	1	7
215	848	1	7
318	848	1	7
564	848	1	7
539	851	1	7
576	851	1	7
41	855	1	7
448	855	1	7
50	861	1	7
137	861	1	7
254	861	1	7
376	861	1	7
401	861	1	7
231	863	1	7
407	863	1	7
17	864	1	7
65	864	1	7
225	864	1	7
324	864	1	7
471	885	1	7
236	887	1	7
396	887	1	7
17	893	1	7
67	893	1	7
12	912	1	7
47	914	1	7
254	935	1	7
443	935	1	7
80	937	1	7
426	937	1	7
478	937	1	7
45	945	1	7
146	945	1	7
162	945	1	7
458	945	1	7
516	945	1	7
564	945	1	7
442	948	1	7
216	950	7	7
176	957	1	7
297	957	1	7
347	957	1	7
383	957	1	7
509	957	1	7
516	957	1	7
564	957	1	7
566	957	1	7
98	959	1	7
129	959	1	7
505	959	1	7
400	964	1	7
431	967	1	7
478	967	1	7
478	971	2	7
505	971	3	7
13	979	1	7
282	979	1	7
288	983	1	7
439	983	1	7
8	994	1	7
435	994	1	7
329	997	1	7
30	998	1	7
213	998	1	7
241	998	1	7
67	999	1	7
209	999	1	7
213	999	1	7
289	999	1	7
8	1002	1	7
435	1002	1	7
553	1002	1	7
222	1014	1	7
15	1016	1	7
435	1018	1	7
515	1018	1	7
491	1042	1	7
47	1043	1	7
543	1055	1	7
172	1061	1	7
566	1061	1	7
54	1062	1	7
564	1064	1	7
574	1064	1	7
13	1067	1	7
282	1067	1	7
331	1067	1	7
414	1067	2	7
172	1071	1	7
9	1073	1	7
84	1073	1	7
122	1075	1	7
172	1080	1	7
207	1089	1	7
129	1101	1	7
137	1101	1	7
505	1101	1	7
254	1115	1	7
533	1115	1	7
537	1115	1	7
582	1115	1	7
324	1143	1	7
365	1143	1	7
420	1143	1	7
14	1146	1	7
52	1146	1	7
317	1146	1	7
80	1151	1	7
222	1151	1	7
550	1151	1	7
79	1157	1	7
400	1157	1	7
505	1157	1	7
75	1165	1	7
286	1174	1	7
30	1177	1	7
220	1177	1	7
516	1177	1	7
565	1177	1	7
118	1179	1	7
209	1179	1	7
184	1181	1	7
365	1181	1	7
447	1181	1	7
516	1181	2	7
184	1183	1	7
44	1188	1	7
88	1188	1	7
549	1189	1	7
354	1195	2	7
400	1200	1	7
122	1204	1	7
52	1205	1	7
437	1205	1	7
493	1205	1	7
516	1205	1	7
382	1206	1	7
161	1207	1	7
103	1208	1	7
191	1208	1	7
40	1209	1	7
316	1209	1	7
367	1209	1	7
438	1209	1	7
457	1209	1	7
56	1217	1	7
191	1217	1	7
216	1217	4	7
410	1217	1	7
358	1229	1	7
407	1229	1	7
556	1229	1	7
182	1233	1	7
79	1246	1	7
158	1246	1	7
368	1246	1	7
382	1246	1	7
79	1248	1	7
217	1248	1	7
254	1248	1	7
3	1249	1	7
30	1249	1	7
59	1249	1	7
231	1249	1	7
324	1249	1	7
458	1249	1	7
537	1249	1	7
111	1252	1	7
495	1252	1	7
354	1254	1	7
518	1271	1	7
560	1271	1	7
564	1271	1	7
571	1271	1	7
573	1271	1	7
254	1276	1	7
32	1278	1	7
247	1289	1	7
462	1289	1	7
217	1292	1	7
261	1292	1	7
324	1292	1	7
329	1292	1	7
565	1292	1	7
324	1294	1	7
254	1295	1	7
468	1295	2	7
585	1295	1	7
324	1296	1	7
254	1314	1	7
111	1319	1	7
546	1319	1	7
8	1324	1	7
3	1327	1	7
353	1327	1	7
549	1336	1	7
81	1344	1	7
280	1344	1	7
415	1344	1	7
324	1345	1	7
306	1351	1	7
556	1351	1	7
224	1352	1	7
471	1352	1	7
527	1352	1	7
393	1357	1	7
513	1357	1	7
155	1370	1	7
244	1370	1	7
403	1370	1	7
440	1370	1	7
467	1370	1	7
567	1370	1	7
368	1373	1	7
468	1373	1	7
566	1373	1	7
225	1381	1	7
369	1381	1	7
516	1381	1	7
86	1397	1	7
307	1397	1	7
458	1397	1	7
516	1397	1	7
546	1397	1	7
220	1399	1	7
254	1399	1	7
428	1399	1	7
584	1399	1	7
485	1402	1	7
18	1404	1	7
79	1404	1	7
491	1404	1	7
254	1406	1	7
153	1410	1	7
254	1410	1	7
157	1419	1	7
235	1419	1	7
550	1419	1	7
248	1428	1	7
369	1428	1	7
2	1430	1	7
248	1430	1	7
575	1430	1	7
580	1430	1	7
173	1465	1	7
217	1465	1	7
265	1477	1	7
554	1528	1	7
468	1529	1	7
580	1530	1	7
586	1530	1	7
200	1537	1	7
549	1545	1	7
561	1545	1	7
526	1549	1	7
18	1551	1	7
318	1551	1	7
384	1551	1	7
554	1551	1	7
220	1555	1	7
478	1555	1	7
516	1555	1	7
106	1556	1	7
261	1556	1	7
527	1556	1	7
558	1556	1	7
318	1583	1	7
329	1583	1	7
75	1596	1	7
140	1596	1	7
147	1596	1	7
213	1596	1	7
224	1596	1	7
527	1596	1	7
170	1606	1	7
409	1606	1	7
365	1607	1	7
193	1611	1	7
182	1615	1	7
61	1618	1	7
30	1628	2	7
68	1636	1	7
115	1636	1	7
369	1636	1	7
401	1636	1	7
449	1636	1	7
516	1636	1	7
545	1636	2	7
556	1636	1	7
559	1636	1	7
37	1641	1	7
193	1641	1	7
329	1641	1	7
39	1667	1	7
365	1667	1	7
549	1679	1	7
244	1688	1	7
585	1688	1	7
516	1694	1	7
110	1700	1	7
400	1700	1	7
53	1705	2	7
106	1713	1	7
182	1717	1	7
527	1717	1	7
3	1731	1	7
226	1731	1	7
281	1732	1	7
324	1732	1	7
52	1735	1	7
516	1735	1	7
559	1735	1	7
382	1736	1	7
44	1738	1	7
244	1740	1	7
554	1740	1	7
505	1749	1	7
451	1771	1	7
114	1778	1	7
516	1778	1	7
585	1778	1	7
165	1809	1	7
199	1809	1	7
525	1809	1	7
154	1812	1	7
234	1816	1	7
516	1816	1	7
570	1816	1	7
576	1816	1	7
234	1818	1	7
516	1818	1	7
546	1818	1	7
576	1818	1	7
132	1831	1	7
516	1831	1	7
224	1881	1	7
182	1906	1	7
530	1906	1	7
570	1924	1	7
60	1936	1	7
105	1936	1	7
104	1980	1	7
141	1980	1	7
213	1980	1	7
569	1980	1	7
356	1990	1	7
362	1990	1	7
337	2009	1	7
383	2009	1	7
456	2009	1	7
549	2009	1	7
577	2009	1	7
157	2013	1	7
414	2026	1	7
516	2026	1	7
159	2036	1	7
197	2036	1	7
294	2036	1	7
420	2036	1	7
454	2036	1	7
77	2042	1	7
530	2042	1	7
471	2046	1	7
549	2104	1	7
409	2118	1	7
213	2125	1	7
225	2125	2	7
408	2125	1	7
470	2125	1	7
507	2125	1	7
111	2126	1	7
140	2126	1	7
229	2126	1	7
392	2126	1	7
426	2126	1	7
560	2126	1	7
79	2132	1	7
335	2132	1	7
400	2132	1	7
329	2135	2	7
444	2135	1	7
485	2135	1	7
526	2135	1	7
549	2135	1	7
32	2151	1	7
231	2171	1	7
359	2171	1	7
458	2171	1	7
182	2176	1	7
426	2176	1	7
555	2176	1	7
78	2180	1	7
124	2180	1	7
560	2180	1	7
56	2183	1	7
329	2183	1	7
254	2188	1	7
271	2188	1	7
383	2188	1	7
487	2188	1	7
117	2193	1	7
468	2193	1	7
37	2200	2	7
40	2200	1	7
306	2200	1	7
356	2200	1	7
392	2200	1	7
511	2200	1	7
542	2217	1	7
140	2222	1	7
264	2222	1	7
304	2222	1	7
536	2226	1	7
40	2230	1	7
306	2230	1	7
468	2230	1	7
40	2234	1	7
216	2234	1	7
279	2234	1	7
243	2242	1	7
510	2242	1	7
576	2242	1	7
101	2244	1	7
225	2244	1	7
400	2244	1	7
403	2244	1	7
441	2265	1	7
22	2267	1	7
549	2267	1	7
228	2268	1	7
516	2269	1	7
575	2269	1	7
491	2277	1	7
49	2296	1	7
277	2296	1	7
528	2296	1	7
177	2306	1	7
462	2306	1	7
266	2309	2	7
439	2309	1	7
578	2309	1	7
244	2317	1	7
554	2317	1	7
194	2332	1	7
224	2332	1	7
229	2333	1	7
244	2333	1	7
254	2333	1	7
395	2333	1	7
6	2343	1	7
290	2343	1	7
409	2343	1	7
30	2344	1	7
554	2344	1	7
510	2346	1	7
577	2346	1	7
254	2359	1	7
329	2359	1	7
516	2359	1	7
527	2359	1	7
559	2359	1	7
231	2370	1	7
548	2370	1	7
244	2371	1	7
468	2371	1	7
373	2385	2	7
201	2391	1	7
516	2391	1	7
549	2391	1	7
102	2394	1	7
259	2394	1	7
428	2394	1	7
433	2394	1	7
468	2395	1	7
111	2407	1	7
239	2407	1	7
324	2407	1	7
345	2407	1	7
579	2407	1	7
244	2414	1	7
254	2421	1	7
379	2421	1	7
264	2424	1	7
535	2424	1	7
254	2443	1	7
516	2460	1	7
7	2473	1	7
147	2473	1	7
363	2473	1	7
448	2473	1	7
436	2478	1	7
586	2481	1	7
165	2484	1	7
184	2484	1	7
224	2484	1	7
433	2484	1	7
253	2485	1	7
258	2485	1	7
308	2485	1	7
254	2508	1	7
56	2512	1	7
224	2519	1	7
272	2519	1	7
363	2519	1	7
433	2519	1	7
147	2522	1	7
205	2522	1	7
209	2522	1	7
522	2522	1	7
70	2528	1	7
549	2528	1	7
554	2528	1	7
555	2528	1	7
218	2529	1	7
554	2529	1	7
257	2537	1	7
516	2537	1	7
549	2537	1	7
326	2541	1	7
403	2541	1	7
413	2541	1	7
528	2566	1	7
549	2566	2	7
571	2566	1	7
132	2582	1	7
213	2589	1	7
265	2589	1	7
549	2589	1	7
122	2602	1	7
254	2602	1	7
129	2604	1	7
244	2604	1	7
254	2604	1	7
247	2617	1	7
331	2617	1	7
457	2617	1	7
536	2617	1	7
105	2632	1	7
244	2632	1	7
15	2636	1	7
222	2636	1	7
279	2636	1	7
313	2636	1	7
423	2636	1	7
15	2641	1	7
38	2641	1	7
88	2641	1	7
147	2641	1	7
279	2641	1	7
329	2641	1	7
423	2641	1	7
43	2646	1	7
319	2646	1	7
477	2646	1	7
516	2646	1	7
226	2654	1	7
44	2655	1	7
229	2655	1	7
254	2657	1	7
365	2660	1	7
420	2660	1	7
511	2660	1	7
516	2660	1	7
204	2663	1	7
365	2663	1	7
420	2663	1	7
511	2663	1	7
516	2663	1	7
29	2674	1	7
116	2674	1	7
182	2674	1	7
440	2674	2	7
479	2674	1	7
182	2680	1	7
259	2680	1	7
356	2693	1	7
204	2696	2	7
403	2704	1	7
404	2704	1	7
477	2704	1	7
465	2707	1	7
538	2707	1	7
254	2733	1	7
404	2733	1	7
497	2742	1	7
516	2742	1	7
329	2805	1	7
489	2805	1	7
499	2805	1	7
524	2805	1	7
106	2808	1	7
131	2808	1	7
146	2808	1	7
318	2808	1	7
460	2808	1	7
516	2808	1	7
559	2808	1	7
39	2809	1	7
587	2809	1	7
30	2812	1	7
182	2812	1	7
231	2812	1	7
291	2812	1	7
528	2812	1	7
47	2814	1	7
546	2814	1	7
56	2816	1	7
75	2816	1	7
324	2816	1	7
478	2816	1	7
528	2816	1	7
581	2816	1	7
478	2819	1	7
513	2819	1	7
17	2827	1	7
44	2827	1	7
190	2827	1	7
254	2827	1	7
290	2827	1	7
324	2827	1	7
516	2827	1	7
517	2827	1	7
160	2844	1	7
254	2844	1	7
378	2849	1	7
408	2849	1	7
318	2853	1	7
324	2853	1	7
458	2853	1	7
169	2854	1	7
200	2854	1	7
456	2854	1	7
459	2854	1	7
498	2854	1	7
558	2854	1	7
230	2859	1	7
516	2859	1	7
560	2859	2	7
48	2860	1	7
144	2860	1	7
200	2860	1	7
244	2860	1	7
252	2860	1	7
378	2860	1	7
498	2860	1	7
505	2861	1	7
584	2861	1	7
44	2862	1	7
252	2862	1	7
286	2862	2	7
400	2864	1	7
513	2864	1	7
32	2865	1	7
62	2865	1	7
99	2865	1	7
118	2865	1	7
183	2865	1	7
425	2865	1	7
475	2865	1	7
559	2865	1	7
102	2877	1	7
254	2877	1	7
425	2877	1	7
182	2887	1	7
286	2887	1	7
60	2889	1	7
216	2889	1	7
498	2889	1	7
569	2889	1	7
32	2898	1	7
106	2902	1	7
318	2902	1	7
324	2902	1	7
381	2902	1	7
564	2902	2	7
85	2908	1	7
254	2908	1	7
397	2908	1	7
405	2908	1	7
425	2908	1	7
516	2908	1	7
253	2920	1	7
388	2920	1	7
186	2928	1	7
61	2930	1	7
62	2955	1	7
397	2960	1	7
254	2971	1	7
62	2979	1	7
189	2979	1	7
478	2979	1	7
17	2988	1	7
317	2988	1	7
254	3006	1	7
40	3015	1	7
459	3015	1	7
468	3015	1	7
511	3015	1	7
550	3015	1	7
172	3031	1	7
473	3031	1	7
543	3031	1	7
81	3035	1	7
147	3035	1	7
174	3035	1	7
480	3035	1	7
505	3035	1	7
426	3070	1	7
516	3070	1	7
550	3070	1	7
296	3086	1	7
324	3086	1	7
549	3086	1	7
587	3086	1	7
556	3114	1	7
136	3125	1	7
385	3125	1	7
531	3125	1	7
584	3125	1	7
78	3126	1	7
516	3126	1	7
265	3129	1	7
427	3129	1	7
254	3136	1	7
324	3136	1	7
329	3136	1	7
359	270	1	8
412	270	1	8
447	270	1	8
478	270	1	8
244	320	1	8
253	320	1	8
516	320	1	8
173	323	1	8
176	323	1	8
415	323	1	8
485	323	1	8
434	425	1	8
439	425	1	8
564	425	1	8
256	509	1	8
500	555	1	8
306	573	1	8
447	573	1	8
491	573	1	8
136	584	1	8
180	584	1	8
494	614	1	8
512	614	1	8
116	624	1	8
530	624	1	8
549	624	1	8
462	629	1	8
588	629	1	8
515	653	1	8
35	657	1	8
17	896	1	8
205	899	1	8
516	899	1	8
549	899	1	8
228	907	1	8
452	907	1	8
549	907	1	8
247	1085	1	8
162	1167	1	8
244	1180	1	8
308	1180	1	8
379	1180	1	8
442	1180	1	8
451	1180	1	8
179	1267	1	8
339	1267	1	8
378	1267	1	8
431	1267	1	8
254	1270	1	8
369	1371	1	8
546	1371	1	8
31	1512	1	8
241	1512	1	8
353	1512	1	8
40	1566	1	8
37	1619	1	8
41	1619	1	8
174	1619	1	8
197	1619	1	8
224	1619	1	8
40	1677	1	8
554	1677	1	8
254	1763	1	8
75	1772	1	8
290	1772	1	8
365	1772	1	8
516	1772	1	8
43	1797	1	8
105	1797	1	8
119	1797	1	8
107	2061	1	8
254	2061	1	8
379	2061	1	8
40	2114	1	8
244	2114	1	8
423	2114	1	8
483	2114	1	8
489	2114	1	8
115	2174	1	8
254	2174	1	8
465	2174	1	8
466	2174	1	8
556	2174	1	8
98	2213	1	8
367	2283	1	8
392	2283	1	8
516	2283	1	8
55	2334	1	8
406	2334	1	8
493	2341	1	8
558	2341	1	8
201	2433	2	8
79	2450	1	8
244	2450	2	8
254	2450	1	8
279	2450	1	8
379	2450	1	8
20	2656	1	8
329	2656	1	8
551	2656	1	8
335	2695	1	8
56	2717	1	8
209	2717	1	8
231	2717	1	8
12	2718	1	8
91	2718	1	8
115	2718	1	8
232	2718	1	8
254	2718	1	8
466	2718	1	8
516	2754	1	8
564	2754	1	8
567	2754	1	8
250	2760	1	8
254	2760	1	8
359	2761	1	8
423	2761	1	8
496	2761	1	8
65	2769	1	8
56	2894	1	8
162	2894	1	8
179	2894	1	8
152	2966	1	8
359	2966	1	8
324	2974	1	8
405	2974	1	8
84	2996	1	8
491	2996	1	8
567	2996	1	8
85	3014	1	8
254	3014	1	8
426	3025	1	8
512	3025	1	8
516	3025	2	8
560	3025	1	8
209	3054	1	8
19	3096	1	8
187	3096	1	8
329	3096	1	8
458	3096	1	8
458	3134	1	8
546	3134	1	8
