114	47	1	0
249	47	1	0
289	47	1	0
366	47	1	0
128	93	1	0
97	102	1	0
270	102	1	0
311	133	1	0
153	221	1	0
189	221	1	0
225	221	1	0
263	221	1	0
299	241	1	0
344	247	1	0
354	247	1	0
273	251	2	0
124	299	3	0
259	299	1	0
220	428	1	0
328	428	1	0
153	472	1	0
189	472	1	0
314	472	1	0
271	535	1	0
4	624	1	0
126	663	1	0
220	663	1	0
134	665	1	0
199	665	1	0
328	665	1	0
55	691	1	0
32	729	1	0
12	750	1	0
142	750	1	0
153	777	1	0
384	813	1	0
370	842	1	0
284	853	1	0
99	859	1	0
60	862	1	0
231	862	1	0
282	903	1	0
331	903	1	0
26	907	1	0
252	916	1	0
311	916	1	0
347	916	1	0
73	917	1	0
95	918	1	0
228	918	1	0
73	929	1	0
199	941	1	0
262	941	1	0
366	941	1	0
82	955	1	0
164	989	1	0
356	989	1	0
290	1011	1	0
262	1049	1	0
199	1050	1	0
203	1050	1	0
14	1053	1	0
262	1053	1	0
27	1071	1	0
79	1071	1	0
263	1071	1	0
356	1071	1	0
99	1078	1	0
199	1078	1	0
328	1078	1	0
93	1082	2	0
124	1082	2	0
327	1082	2	0
217	1084	1	0
126	1087	1	0
272	1087	1	0
335	1087	1	0
79	1144	1	0
262	1144	1	0
335	1144	1	0
356	1144	1	0
100	1151	1	0
159	1151	1	0
262	1157	1	0
262	1183	1	0
340	1183	1	0
99	1207	1	0
143	1207	1	0
200	1207	1	0
354	1207	1	0
159	1210	1	0
254	1210	1	0
258	1210	1	0
268	1210	1	0
196	1213	1	0
335	1213	1	0
376	1213	1	0
60	1225	1	0
159	1225	1	0
209	1225	1	0
375	1225	1	0
51	1227	1	0
161	1227	1	0
95	1238	1	0
106	1240	1	0
296	1240	1	0
335	1240	1	0
106	1241	1	0
164	1241	3	0
249	1253	1	0
362	1255	1	0
13	1258	1	0
39	1258	1	0
144	1261	1	0
356	1261	1	0
356	1268	1	0
133	1294	1	0
156	1294	1	0
249	1294	1	0
252	1294	1	0
282	1297	1	0
378	1297	1	0
164	1311	4	0
369	1311	1	0
139	1316	1	0
164	1316	1	0
357	1316	1	0
145	1345	1	0
124	1350	2	0
259	1350	1	0
373	1372	1	0
319	1378	1	0
335	1378	1	0
1	1385	1	0
10	1385	1	0
223	1385	1	0
271	1385	1	0
195	1435	1	0
133	1440	1	0
191	1440	1	0
335	1440	1	0
348	1440	1	0
100	1451	1	0
153	1451	1	0
190	1451	1	0
335	1455	1	0
363	1455	1	0
145	1461	1	0
245	1461	1	0
249	1461	1	0
302	1461	1	0
320	1461	1	0
329	1461	1	0
370	1461	1	0
56	1470	1	0
176	1476	1	0
28	1513	1	0
194	1553	1	0
146	1557	1	0
194	1557	1	0
199	1557	1	0
385	1557	1	0
199	1564	1	0
249	1564	1	0
44	1581	1	0
148	1581	1	0
153	1581	1	0
153	1617	1	0
326	1617	1	0
335	1617	1	0
153	1724	1	0
145	1733	1	0
153	1733	1	0
215	1733	4	0
217	1733	1	0
159	1736	1	0
129	1757	1	0
153	1757	1	0
357	1757	1	0
24	1759	1	0
153	1759	1	0
203	1759	1	0
249	1759	1	0
280	1759	1	0
357	1759	1	0
152	1774	1	0
165	1774	1	0
172	1774	1	0
190	1774	2	0
233	1774	1	0
353	1774	1	0
366	1774	1	0
46	1783	1	0
122	1827	1	0
85	1836	1	0
335	1836	1	0
79	1851	1	0
117	1851	1	0
126	1851	1	0
68	1853	1	0
195	1853	1	0
41	1859	1	0
93	1859	1	0
289	1859	1	0
192	1860	1	0
113	1861	1	0
326	1861	1	0
199	1863	1	0
334	1863	1	0
43	1869	1	0
196	1869	1	0
153	1872	1	0
199	1872	1	0
122	1873	1	0
107	1878	1	0
195	1878	1	0
270	1878	1	0
335	1878	1	0
350	1878	1	0
356	1878	1	0
28	1898	1	0
195	1898	1	0
201	1898	5	0
203	1898	1	0
129	1921	1	0
352	1947	1	0
153	1956	1	0
192	1956	1	0
28	1963	1	0
262	1963	1	0
25	1965	1	0
86	1965	1	0
113	1965	2	0
190	1965	1	0
195	1965	1	0
235	1965	1	0
282	1965	1	0
194	1966	1	0
195	1968	1	0
335	1976	1	0
192	1981	1	0
230	1984	1	0
290	1984	1	0
377	1984	1	0
28	1985	1	0
72	1985	1	0
262	1985	1	0
335	1985	1	0
90	1989	1	0
186	1989	1	0
64	1990	1	0
193	1992	1	0
253	1992	1	0
258	1992	1	0
302	1992	1	0
195	1995	1	0
336	1995	1	0
195	1999	1	0
366	2002	1	0
372	2002	1	0
12	2013	1	0
23	2013	1	0
258	2013	1	0
299	2013	1	0
28	2020	1	0
32	2020	1	0
113	2020	1	0
190	2020	1	0
335	2020	1	0
145	2026	1	0
13	2028	1	0
212	2028	1	0
19	5	1	1
73	5	1	1
208	5	1	1
366	5	1	1
19	6	1	1
17	10	1	1
134	10	1	1
153	17	1	1
225	17	1	1
116	80	1	1
128	80	1	1
146	81	1	1
199	81	1	1
125	86	1	1
280	86	1	1
4	137	1	1
15	137	1	1
134	137	1	1
153	137	1	1
64	156	1	1
75	156	1	1
128	156	1	1
137	156	2	1
159	156	1	1
357	156	1	1
70	168	2	1
153	168	1	1
72	171	1	1
153	171	2	1
225	171	1	1
281	171	1	1
355	171	1	1
53	191	1	1
160	195	1	1
10	197	1	1
53	197	1	1
152	197	1	1
155	200	1	1
45	202	1	1
231	231	1	1
236	231	1	1
117	233	1	1
231	233	1	1
11	234	1	1
39	234	1	1
147	234	1	1
253	234	1	1
341	234	1	1
153	253	1	1
196	253	1	1
262	254	1	1
17	255	1	1
99	255	1	1
307	256	1	1
35	262	1	1
138	262	1	1
145	262	1	1
153	262	1	1
224	262	1	1
45	293	1	1
231	293	1	1
76	298	1	1
147	298	1	1
358	298	1	1
143	321	1	1
189	321	1	1
383	321	1	1
126	347	1	1
140	347	1	1
359	347	1	1
380	347	1	1
153	349	1	1
299	349	1	1
117	353	1	1
239	353	1	1
297	353	1	1
23	355	1	1
198	355	1	1
307	355	2	1
219	357	1	1
229	357	1	1
286	357	1	1
327	357	1	1
335	357	1	1
356	357	1	1
115	363	1	1
171	363	1	1
199	363	1	1
312	363	1	1
383	363	1	1
99	364	1	1
253	366	1	1
32	393	1	1
153	393	1	1
235	393	1	1
32	395	1	1
94	395	1	1
153	395	1	1
235	395	1	1
32	396	1	1
153	396	1	1
235	396	1	1
259	396	1	1
32	401	1	1
153	401	1	1
235	401	1	1
32	402	1	1
108	402	1	1
153	402	1	1
209	402	1	1
235	402	1	1
32	404	1	1
153	404	1	1
235	404	1	1
294	404	1	1
301	404	1	1
32	405	1	1
153	405	1	1
235	405	1	1
32	406	1	1
153	406	1	1
235	406	1	1
151	413	1	1
153	413	1	1
235	413	1	1
4	446	1	1
88	446	1	1
128	446	1	1
335	446	1	1
80	449	1	1
335	449	1	1
366	449	1	1
149	451	1	1
167	451	1	1
76	456	1	1
282	456	1	1
337	456	1	1
356	456	1	1
46	458	1	1
253	458	1	1
358	458	1	1
75	463	1	1
340	463	1	1
360	463	1	1
92	464	1	1
104	464	1	1
199	464	1	1
118	467	1	1
51	469	1	1
99	469	1	1
108	481	1	1
121	481	1	1
181	481	1	1
301	481	1	1
108	483	1	1
282	483	1	1
290	483	1	1
326	483	1	1
71	484	1	1
188	484	1	1
230	484	1	1
340	484	1	1
6	487	1	1
39	487	1	1
340	487	1	1
352	487	1	1
13	488	1	1
95	488	1	1
159	488	2	1
270	488	1	1
353	488	1	1
324	489	1	1
6	491	1	1
39	491	1	1
118	491	1	1
147	491	1	1
181	491	1	1
219	491	1	1
167	493	1	1
199	493	1	1
59	494	1	1
159	494	1	1
219	494	1	1
335	494	1	1
356	494	1	1
222	495	1	1
260	495	1	1
282	495	1	1
298	495	1	1
331	495	1	1
360	495	1	1
159	497	2	1
217	497	1	1
281	497	1	1
113	501	1	1
159	501	1	1
281	501	1	1
363	501	1	1
153	504	1	1
167	504	1	1
335	504	1	1
17	515	1	1
71	515	1	1
156	515	1	1
217	515	1	1
330	515	1	1
341	515	1	1
6	521	1	1
36	521	1	1
334	521	1	1
356	521	1	1
76	523	1	1
282	523	1	1
337	523	1	1
356	523	1	1
17	526	1	1
134	526	1	1
199	530	1	1
220	530	1	1
328	530	1	1
42	533	1	1
72	533	2	1
335	536	1	1
364	536	1	1
72	538	1	1
98	538	1	1
146	538	1	1
70	540	1	1
331	540	1	1
334	540	1	1
149	541	1	1
307	541	1	1
356	541	1	1
137	542	1	1
340	545	1	1
153	550	1	1
363	556	1	1
153	579	1	1
29	580	1	1
153	580	1	1
167	580	1	1
199	580	1	1
335	580	1	1
44	585	1	1
218	585	2	1
128	602	1	1
153	602	1	1
220	602	1	1
318	604	1	1
13	608	1	1
249	608	1	1
40	609	1	1
78	609	1	1
99	609	1	1
220	609	1	1
303	609	1	1
358	609	1	1
370	609	1	1
12	614	1	1
39	614	2	1
43	614	1	1
99	614	1	1
117	614	1	1
340	614	1	1
354	614	1	1
128	618	1	1
191	618	1	1
231	618	1	1
344	618	1	1
364	619	1	1
20	620	1	1
43	620	1	1
91	620	1	1
180	620	1	1
337	620	1	1
345	620	1	1
191	621	1	1
335	621	1	1
147	622	1	1
215	622	2	1
42	625	1	1
272	625	1	1
275	625	1	1
42	627	1	1
60	627	1	1
180	627	1	1
186	627	1	1
247	627	1	1
360	627	1	1
99	628	1	1
147	628	1	1
377	628	1	1
138	630	1	1
335	630	1	1
354	630	1	1
59	635	1	1
135	635	1	1
359	635	1	1
16	637	1	1
215	637	1	1
260	637	1	1
348	637	1	1
135	639	1	1
199	639	1	1
316	639	1	1
321	639	1	1
348	639	1	1
359	639	1	1
370	639	1	1
380	639	1	1
91	641	1	1
95	641	1	1
135	641	1	1
318	641	1	1
13	643	1	1
42	643	1	1
144	643	1	1
212	643	1	1
348	643	1	1
212	644	1	1
348	644	1	1
16	645	1	1
153	645	1	1
276	650	1	1
297	650	1	1
354	650	1	1
374	650	1	1
12	652	3	1
153	652	1	1
167	652	1	1
77	664	1	1
339	664	1	1
249	667	1	1
268	667	1	1
339	667	1	1
357	673	1	1
39	674	1	1
75	674	1	1
47	698	2	1
153	698	1	1
357	709	1	1
267	711	1	1
296	711	1	1
319	711	1	1
337	711	1	1
145	716	1	1
12	717	1	1
304	717	1	1
16	718	1	1
122	718	1	1
231	720	1	1
356	720	1	1
130	725	1	1
127	730	1	1
319	730	1	1
340	730	1	1
159	731	1	1
384	731	1	1
60	738	1	1
302	738	1	1
306	738	1	1
362	738	1	1
167	745	1	1
262	745	1	1
313	745	1	1
107	761	1	1
167	761	1	1
153	771	1	1
153	774	1	1
133	779	1	1
153	779	1	1
335	779	1	1
220	787	1	1
159	798	1	1
45	801	1	1
54	803	1	1
207	804	1	1
207	810	1	1
195	816	1	1
207	816	1	1
380	816	1	1
159	845	1	1
41	846	1	1
88	846	1	1
153	846	1	1
165	846	1	1
289	863	2	1
358	863	1	1
153	864	1	1
220	864	1	1
60	879	1	1
321	879	1	1
19	885	2	1
89	885	1	1
126	885	1	1
182	885	1	1
206	885	1	1
370	885	1	1
220	889	1	1
220	892	1	1
103	893	1	1
199	893	1	1
223	893	1	1
362	893	1	1
378	893	1	1
319	944	1	1
60	945	1	1
122	945	1	1
167	945	1	1
357	945	1	1
60	946	1	1
167	946	1	1
223	946	1	1
356	946	1	1
92	947	1	1
128	947	1	1
133	947	1	1
90	956	1	1
167	956	1	1
191	956	1	1
223	956	1	1
59	958	1	1
167	958	1	1
153	961	1	1
235	961	1	1
243	961	1	1
328	961	1	1
349	974	1	1
375	974	1	1
153	982	1	1
235	982	1	1
243	982	1	1
356	1013	1	1
125	1017	1	1
129	1017	1	1
153	1018	1	1
249	1047	1	1
310	1047	1	1
94	1048	1	1
113	1048	1	1
249	1048	1	1
157	1061	1	1
191	1061	1	1
280	1061	1	1
335	1061	1	1
120	1079	1	1
127	1079	1	1
153	1079	1	1
235	1095	1	1
153	1096	1	1
235	1096	1	1
243	1096	1	1
99	1103	1	1
178	1103	1	1
153	1104	1	1
186	1104	1	1
193	1104	1	1
153	1105	1	1
235	1105	1	1
243	1105	1	1
189	1106	1	1
199	1106	1	1
249	1106	1	1
302	1106	1	1
313	1106	1	1
178	1108	1	1
295	1108	1	1
351	1108	1	1
360	1109	1	1
79	1110	1	1
94	1110	1	1
122	1110	1	1
133	1110	1	1
181	1110	1	1
217	1110	1	1
305	1110	1	1
223	1113	1	1
94	1114	1	1
181	1114	1	1
192	1114	1	1
289	1114	1	1
303	1114	2	1
344	1114	1	1
153	1138	1	1
199	1138	1	1
358	1138	1	1
135	1154	1	1
144	1154	1	1
153	1154	1	1
335	1154	1	1
340	1154	1	1
32	1156	1	1
153	1156	1	1
235	1156	1	1
32	1158	1	1
153	1158	1	1
235	1158	1	1
32	1161	1	1
153	1161	1	1
235	1161	1	1
151	1162	1	1
153	1162	1	1
235	1162	1	1
243	1162	1	1
32	1164	1	1
153	1164	1	1
235	1164	1	1
1	1175	1	1
137	1175	1	1
313	1175	1	1
323	1175	1	1
153	1178	1	1
268	1178	1	1
355	1178	1	1
295	1179	1	1
363	1179	1	1
153	1192	1	1
254	1192	1	1
330	1192	1	1
107	1198	1	1
217	1198	1	1
303	1198	1	1
371	1198	1	1
153	1201	1	1
113	1254	1	1
128	1254	1	1
3	1257	1	1
97	1257	1	1
3	1262	1	1
97	1262	1	1
335	1262	1	1
147	1272	1	1
182	1272	1	1
197	1272	1	1
341	1272	1	1
41	1287	1	1
300	1287	1	1
195	1290	1	1
265	1320	2	1
366	1320	1	1
151	1334	1	1
153	1334	1	1
235	1334	1	1
335	1334	1	1
97	1337	1	1
115	1337	1	1
223	1337	1	1
17	1349	1	1
134	1349	1	1
46	1373	1	1
149	1373	1	1
247	1373	1	1
153	1382	1	1
195	1390	1	1
335	1390	1	1
231	1396	1	1
366	1405	1	1
145	1409	1	1
153	1430	1	1
153	1431	1	1
32	1447	1	1
51	1454	1	1
94	1454	1	1
123	1454	1	1
126	1454	1	1
331	1454	1	1
335	1454	1	1
352	1454	1	1
356	1454	1	1
118	1463	1	1
99	1464	1	1
130	1464	1	1
76	1467	1	1
125	1467	1	1
55	1471	1	1
71	1471	1	1
97	1471	1	1
199	1471	1	1
212	1471	1	1
257	1471	1	1
301	1471	1	1
367	1471	1	1
244	1480	1	1
333	1480	1	1
321	1482	1	1
337	1482	1	1
13	1485	2	1
56	1485	1	1
185	1485	1	1
208	1485	1	1
209	1485	1	1
117	1489	1	1
117	1491	1	1
137	1491	1	1
252	1491	1	1
256	1491	1	1
128	1500	1	1
149	1500	1	1
357	1500	1	1
185	1504	1	1
248	1504	1	1
282	1504	1	1
203	1505	1	1
265	1505	1	1
25	1506	1	1
361	1508	1	1
62	1512	1	1
254	1512	1	1
331	1512	1	1
199	1514	1	1
358	1514	1	1
152	1520	1	1
167	1520	1	1
211	1520	1	1
73	1534	1	1
103	1534	1	1
302	1534	1	1
335	1534	1	1
378	1534	1	1
43	1555	1	1
176	1555	1	1
292	1555	1	1
340	1555	1	1
361	1555	1	1
85	1558	1	1
155	1558	1	1
153	1562	1	1
269	1562	1	1
153	1590	1	1
217	1590	1	1
40	1592	1	1
65	1592	1	1
175	1592	1	1
118	1598	1	1
123	1598	1	1
134	1598	1	1
335	1598	1	1
15	1601	1	1
153	1601	1	1
29	1607	1	1
357	1607	1	1
191	1633	1	1
215	1633	1	1
153	1641	1	1
153	1643	1	1
131	1656	1	1
163	1656	1	1
125	1663	1	1
215	1663	1	1
127	1665	1	1
298	1677	1	1
345	1677	1	1
360	1684	1	1
126	1686	1	1
128	1686	1	1
242	1686	1	1
195	1692	1	1
15	1693	1	1
186	1693	1	1
252	1693	1	1
334	1699	1	1
11	1704	1	1
12	1704	1	1
39	1704	1	1
261	1706	1	1
208	1721	1	1
261	1721	1	1
366	1721	3	1
137	1742	1	1
239	1745	1	1
12	1756	1	1
29	1756	1	1
134	1756	1	1
153	1756	1	1
316	1762	1	1
356	1766	1	1
12	1771	1	1
50	1771	1	1
153	1771	1	1
181	1771	1	1
276	1771	1	1
335	1771	1	1
384	1771	1	1
180	1776	1	1
199	1776	1	1
116	1781	1	1
296	1781	1	1
195	1784	1	1
335	1784	1	1
231	1812	1	1
41	1820	1	1
335	1820	1	1
349	1820	1	1
153	1847	1	1
237	1847	1	1
252	1848	1	1
217	1862	2	1
336	1862	1	1
360	1862	1	1
264	1865	1	1
91	1867	1	1
215	1867	1	1
153	1868	1	1
250	1868	1	1
277	1870	1	1
343	1871	1	1
294	1879	1	1
85	1882	1	1
335	1882	1	1
338	1882	1	1
99	1884	1	1
241	1884	1	1
260	1884	1	1
307	1884	1	1
364	1884	1	1
39	1890	1	1
115	1890	1	1
68	1893	1	1
33	1897	1	1
92	1897	1	1
128	1897	1	1
305	1897	1	1
331	1897	1	1
357	1897	1	1
33	1899	1	1
92	1899	1	1
128	1899	1	1
305	1899	1	1
331	1899	1	1
357	1899	1	1
14	1908	2	1
40	1908	1	1
95	1908	1	1
254	1913	1	1
321	1913	1	1
93	1925	1	1
150	1925	1	1
153	1925	1	1
231	1925	1	1
257	1925	1	1
14	1928	1	1
222	1928	1	1
333	1928	1	1
153	1931	2	1
205	1931	1	1
268	1931	1	1
126	1939	1	1
176	1939	1	1
337	1939	1	1
113	1953	1	1
137	1953	1	1
117	1960	1	1
150	1960	1	1
336	1960	1	1
36	2025	1	1
354	2025	1	1
68	2030	1	1
342	2030	1	1
263	2031	1	1
230	2036	1	1
249	2036	1	1
153	2041	1	1
143	371	1	2
153	371	1	2
165	371	1	2
295	371	1	2
312	371	1	2
153	374	1	2
165	374	1	2
170	374	1	2
267	374	1	2
335	374	1	2
153	388	1	2
165	388	1	2
128	389	1	2
153	389	1	2
165	389	1	2
217	389	1	2
267	389	1	2
335	389	1	2
8	13	1	4
87	13	1	4
299	13	1	4
366	13	1	4
8	19	1	4
87	19	1	4
8	36	1	4
87	36	1	4
226	36	1	4
234	36	1	4
124	52	2	4
115	64	1	4
325	64	1	4
331	64	1	4
81	79	1	4
153	79	1	4
231	79	2	4
384	79	1	4
81	82	1	4
153	82	1	4
384	82	1	4
9	85	1	4
21	85	1	4
32	85	1	4
153	85	2	4
235	85	1	4
153	108	1	4
230	108	1	4
32	120	1	4
153	120	1	4
195	120	1	4
301	120	1	4
335	120	1	4
340	120	1	4
356	120	1	4
359	120	1	4
233	124	1	4
276	124	1	4
289	124	1	4
350	124	1	4
32	126	1	4
153	126	1	4
235	126	1	4
342	127	1	4
1	129	1	4
34	129	1	4
81	129	1	4
90	129	1	4
92	129	1	4
153	129	1	4
187	129	1	4
199	129	1	4
384	129	1	4
81	139	1	4
153	139	1	4
163	139	1	4
384	139	1	4
66	144	1	4
289	144	1	4
326	144	1	4
195	147	1	4
336	147	1	4
225	167	1	4
289	167	1	4
44	174	1	4
128	174	1	4
327	174	1	4
335	174	1	4
327	175	1	4
335	175	1	4
360	175	1	4
36	176	1	4
41	176	1	4
220	178	1	4
334	178	1	4
289	180	1	4
81	185	1	4
153	185	1	4
384	185	1	4
42	187	1	4
155	187	1	4
195	187	1	4
247	187	1	4
335	187	1	4
99	216	1	4
126	219	1	4
153	219	1	4
256	219	1	4
289	219	1	4
305	219	1	4
335	219	1	4
9	272	1	4
123	272	1	4
153	272	1	4
199	272	1	4
195	277	1	4
310	277	1	4
92	289	1	4
295	289	1	4
328	289	1	4
347	289	1	4
195	308	1	4
98	309	1	4
301	309	1	4
19	315	1	4
80	315	1	4
139	315	1	4
153	315	1	4
195	315	1	4
245	315	1	4
153	319	1	4
379	319	1	4
89	322	1	4
149	322	1	4
307	322	1	4
366	322	1	4
116	324	1	4
153	324	1	4
223	324	1	4
234	324	1	4
25	339	1	4
153	339	1	4
259	339	1	4
335	339	1	4
2	354	1	4
223	354	1	4
307	354	1	4
362	354	1	4
16	358	1	4
195	358	1	4
16	359	1	4
195	359	1	4
128	412	1	4
190	422	1	4
213	422	1	4
283	422	1	4
310	422	1	4
335	422	1	4
356	422	1	4
231	432	1	4
342	432	1	4
206	435	1	4
235	435	1	4
153	443	1	4
218	443	3	4
42	455	1	4
159	455	1	4
335	455	1	4
364	455	1	4
55	466	1	4
65	466	1	4
4	470	1	4
88	470	1	4
231	470	1	4
281	479	1	4
357	479	1	4
385	479	1	4
117	505	1	4
195	506	1	4
203	506	1	4
47	507	1	4
124	507	2	4
195	508	1	4
225	508	1	4
262	508	1	4
335	508	1	4
348	508	1	4
81	546	1	4
153	546	1	4
384	546	1	4
159	558	1	4
213	558	1	4
235	558	1	4
220	588	1	4
84	596	1	4
172	596	1	4
32	603	1	4
123	603	2	4
162	603	1	4
206	603	1	4
210	603	1	4
277	603	1	4
290	603	2	4
362	603	1	4
384	603	1	4
99	606	1	4
17	646	1	4
134	646	1	4
42	647	1	4
366	647	1	4
377	647	1	4
341	659	1	4
153	660	1	4
199	660	1	4
352	660	1	4
153	675	1	4
261	675	1	4
73	683	1	4
74	683	1	4
329	683	1	4
337	683	1	4
153	689	1	4
199	689	1	4
121	696	1	4
123	696	1	4
191	696	1	4
276	696	1	4
353	696	1	4
75	700	1	4
191	700	1	4
324	700	1	4
360	700	1	4
43	712	1	4
49	712	1	4
119	712	1	4
153	712	1	4
190	712	1	4
14	713	1	4
153	713	1	4
164	713	1	4
256	713	1	4
268	713	1	4
293	713	1	4
335	713	2	4
363	713	2	4
128	719	1	4
236	719	1	4
18	757	1	4
32	757	1	4
153	757	1	4
153	759	1	4
220	759	1	4
12	760	1	4
215	760	1	4
210	766	1	4
249	766	1	4
290	766	1	4
321	766	1	4
192	769	1	4
100	776	1	4
210	776	1	4
260	776	1	4
356	776	1	4
159	783	1	4
17	807	1	4
134	807	1	4
4	811	1	4
136	811	1	4
185	811	1	4
229	811	1	4
248	811	1	4
282	811	1	4
323	811	1	4
325	811	1	4
356	811	1	4
66	814	1	4
4	824	1	4
136	824	1	4
185	824	1	4
229	824	1	4
248	824	1	4
282	824	1	4
325	824	1	4
356	824	1	4
57	831	1	4
92	831	1	4
272	831	1	4
132	832	1	4
176	832	1	4
62	838	1	4
129	838	1	4
195	838	1	4
198	838	1	4
202	838	1	4
290	838	1	4
134	847	1	4
153	847	1	4
328	847	1	4
57	854	1	4
188	854	1	4
195	854	1	4
53	856	1	4
119	856	1	4
159	856	1	4
356	856	1	4
140	869	1	4
70	875	1	4
190	875	1	4
253	875	1	4
355	875	1	4
356	875	1	4
263	878	1	4
37	880	1	4
64	880	1	4
199	880	1	4
335	880	1	4
32	884	1	4
2	888	2	4
46	888	2	4
165	888	1	4
190	888	1	4
247	888	1	4
270	888	1	4
372	888	1	4
61	890	1	4
165	890	1	4
217	890	1	4
372	890	2	4
377	890	1	4
81	923	1	4
153	923	1	4
224	923	1	4
384	923	2	4
317	951	1	4
317	952	1	4
148	957	1	4
266	957	1	4
266	970	1	4
286	970	1	4
99	980	1	4
55	984	1	4
195	984	1	4
319	984	1	4
321	984	1	4
153	998	1	4
103	1003	1	4
145	1003	1	4
215	1003	1	4
195	1005	1	4
128	1015	1	4
131	1023	1	4
145	1023	1	4
153	1023	1	4
333	1023	1	4
26	1041	1	4
153	1041	1	4
317	1041	1	4
12	1043	1	4
32	1043	1	4
81	1043	1	4
153	1043	1	4
384	1043	1	4
164	1056	1	4
255	1056	1	4
195	1060	1	4
371	1060	1	4
147	1072	1	4
335	1072	1	4
153	1073	1	4
2	1075	1	4
73	1075	1	4
173	1075	1	4
188	1076	1	4
312	1076	1	4
75	1080	1	4
123	1080	1	4
181	1080	1	4
360	1080	1	4
99	1088	1	4
226	1092	1	4
262	1092	1	4
377	1092	1	4
114	1098	1	4
124	1098	1	4
153	1098	1	4
236	1098	1	4
164	1099	1	4
39	1101	1	4
190	1101	1	4
366	1101	1	4
78	1112	1	4
321	1112	1	4
335	1112	2	4
195	1121	1	4
164	1122	1	4
195	1132	1	4
77	1139	1	4
84	1139	1	4
123	1139	1	4
195	1139	2	4
195	1140	1	4
147	1146	1	4
15	1181	1	4
17	1181	1	4
134	1181	1	4
26	1239	1	4
32	1239	1	4
153	1239	1	4
282	1239	1	4
356	1239	1	4
164	1243	1	4
311	1244	1	4
320	1244	1	4
205	1267	1	4
384	1267	1	4
144	1286	1	4
153	1286	1	4
69	1292	1	4
85	1292	1	4
191	1292	1	4
205	1292	1	4
219	1292	1	4
342	1292	1	4
164	1314	4	4
369	1314	1	4
145	1315	1	4
191	1315	1	4
357	1315	1	4
363	1315	1	4
46	1336	1	4
153	1336	1	4
254	1336	1	4
92	1360	1	4
42	1362	1	4
57	1362	1	4
181	1362	1	4
188	1362	1	4
195	1362	1	4
274	1362	1	4
338	1362	1	4
345	1362	1	4
357	1362	1	4
244	1371	1	4
264	1371	1	4
285	1371	1	4
340	1371	1	4
355	1371	1	4
357	1371	1	4
4	1393	1	4
60	1393	1	4
250	1393	1	4
271	1407	1	4
281	1407	1	4
335	1407	1	4
363	1407	1	4
199	1414	1	4
273	1414	1	4
355	1414	1	4
91	1441	1	4
133	1441	1	4
282	1441	1	4
335	1441	2	4
118	1442	1	4
90	1443	1	4
138	1443	1	4
287	1443	1	4
118	1445	1	4
212	1445	1	4
267	1445	1	4
137	1448	1	4
270	1448	1	4
366	1448	1	4
280	1452	1	4
153	1453	2	4
5	1456	1	4
51	1457	1	4
43	1468	1	4
374	1468	1	4
64	1479	1	4
15	1488	1	4
195	1488	1	4
27	1492	1	4
282	1492	1	4
195	1495	1	4
336	1495	1	4
249	1497	1	4
314	1497	1	4
117	1498	1	4
383	1498	1	4
165	1499	1	4
201	1499	1	4
231	1499	1	4
356	1499	1	4
18	1502	1	4
342	1502	1	4
369	1502	1	4
59	1525	1	4
85	1525	1	4
270	1525	1	4
354	1525	1	4
32	1527	1	4
153	1527	1	4
235	1527	1	4
62	1544	1	4
244	1544	1	4
189	1551	1	4
270	1551	1	4
215	1578	1	4
36	1586	1	4
212	1586	1	4
319	1586	1	4
321	1586	1	4
335	1586	1	4
55	1589	1	4
108	1589	1	4
150	1589	1	4
357	1589	1	4
335	1593	1	4
342	1593	1	4
132	1603	1	4
2	1606	1	4
95	1606	1	4
99	1606	1	4
115	1606	1	4
116	1606	1	4
319	1606	1	4
360	1606	1	4
137	1608	1	4
153	1608	1	4
282	1608	1	4
283	1608	1	4
289	1608	1	4
366	1608	1	4
99	1627	1	4
180	1627	1	4
335	1627	1	4
363	1627	1	4
378	1627	1	4
197	1629	1	4
199	1629	1	4
205	1629	1	4
249	1629	1	4
77	1630	1	4
94	1630	1	4
114	1630	1	4
195	1634	1	4
56	1636	1	4
139	1636	1	4
375	1636	1	4
191	1639	1	4
195	1639	1	4
334	1639	1	4
357	1639	1	4
22	1655	1	4
213	1655	1	4
270	1655	1	4
335	1655	1	4
338	1655	1	4
348	1655	2	4
357	1655	1	4
364	1655	2	4
70	1658	1	4
15	1660	1	4
117	1660	1	4
153	1660	1	4
22	1662	1	4
68	1672	1	4
113	1672	1	4
204	1672	1	4
319	1672	1	4
153	1673	1	4
53	1675	1	4
86	1675	1	4
49	1712	1	4
62	1712	1	4
131	1712	1	4
153	1712	1	4
171	1712	1	4
289	1712	1	4
49	1713	1	4
62	1713	1	4
131	1713	1	4
153	1713	1	4
171	1713	1	4
289	1713	1	4
5	1728	1	4
32	1728	1	4
153	1728	1	4
171	1728	1	4
195	1728	1	4
209	1728	1	4
235	1728	1	4
32	1735	1	4
153	1735	1	4
235	1735	1	4
36	1746	1	4
13	1747	2	4
73	1749	1	4
117	1769	1	4
180	1775	1	4
365	1775	1	4
89	1777	1	4
289	1779	1	4
311	1779	1	4
344	1779	1	4
44	1782	1	4
107	1787	1	4
113	1795	1	4
335	1795	1	4
361	1795	1	4
366	1795	1	4
2	1802	1	4
27	1802	1	4
42	1802	1	4
103	1802	1	4
217	1802	1	4
361	1802	1	4
153	1814	1	4
53	1816	1	4
270	1819	1	4
337	1819	1	4
367	1819	1	4
153	1822	1	4
194	1822	1	4
320	1822	1	4
335	1822	1	4
355	1822	1	4
356	1822	1	4
370	1822	1	4
199	1824	1	4
93	1826	1	4
98	1826	1	4
131	1826	1	4
153	1826	1	4
244	1826	1	4
335	1826	1	4
355	1826	1	4
362	1826	1	4
194	1828	1	4
15	1829	1	4
145	1852	1	4
356	1852	1	4
12	1875	1	4
255	1880	1	4
375	1880	1	4
98	1881	1	4
149	1881	1	4
302	1881	1	4
362	1881	1	4
354	1885	1	4
356	1885	1	4
373	1885	1	4
69	1889	1	4
94	1894	1	4
126	1894	1	4
335	1894	1	4
17	1900	1	4
147	1900	1	4
234	1900	1	4
384	1900	1	4
175	1902	1	4
42	1903	1	4
181	1903	2	4
199	1903	2	4
255	1927	1	4
66	1942	1	4
199	1942	1	4
335	1942	1	4
365	1945	1	4
194	1954	1	4
49	1959	1	4
80	1959	1	4
93	1959	1	4
122	1959	1	4
152	1959	1	4
153	1959	1	4
341	1959	1	4
9	1986	1	4
29	1994	1	4
335	1994	1	4
185	1998	1	4
248	1998	1	4
282	1998	1	4
73	2010	1	4
185	2010	1	4
252	2010	1	4
8	2011	1	4
87	2011	1	4
98	2011	1	4
268	2011	1	4
337	2011	1	4
99	2014	1	4
185	2014	1	4
331	2014	1	4
350	2015	1	4
8	2045	1	4
87	2045	1	4
262	2045	1	4
362	2045	1	4
367	2045	1	4
8	2051	1	4
87	2051	1	4
139	2051	1	4
29	2	1	6
117	2	1	6
122	7	1	6
342	7	1	6
215	8	1	6
77	9	1	6
201	11	1	6
29	12	1	6
153	14	1	6
195	14	1	6
226	14	1	6
307	15	2	6
39	23	2	6
231	23	1	6
287	23	2	6
335	23	1	6
15	25	1	6
32	25	1	6
50	25	1	6
181	25	1	6
277	25	1	6
317	25	1	6
320	25	1	6
357	25	1	6
82	26	1	6
321	26	1	6
383	26	1	6
147	27	1	6
371	27	1	6
307	28	1	6
69	30	1	6
74	30	1	6
117	30	1	6
125	30	1	6
199	30	3	6
82	31	1	6
312	31	1	6
321	31	1	6
383	31	1	6
357	32	1	6
25	34	1	6
1	35	1	6
62	35	1	6
147	35	1	6
333	35	1	6
25	37	1	6
342	37	1	6
128	38	1	6
231	38	1	6
239	38	1	6
342	38	1	6
356	38	1	6
11	39	2	6
114	39	1	6
199	39	1	6
232	39	1	6
360	39	1	6
153	43	1	6
284	43	1	6
288	43	1	6
251	46	1	6
314	46	1	6
139	51	1	6
251	51	1	6
360	51	1	6
13	53	1	6
153	57	1	6
276	57	1	6
80	58	1	6
203	58	1	6
307	58	1	6
364	58	1	6
13	59	1	6
147	59	1	6
115	62	1	6
203	62	1	6
106	63	1	6
199	63	1	6
220	63	1	6
231	63	1	6
377	63	2	6
273	65	1	6
102	66	1	6
117	66	1	6
195	66	1	6
310	66	1	6
284	67	1	6
384	67	1	6
89	68	1	6
307	68	1	6
335	68	1	6
249	69	1	6
331	71	1	6
356	71	1	6
374	71	1	6
125	72	1	6
215	72	1	6
335	76	1	6
116	77	1	6
147	77	1	6
182	77	1	6
364	77	1	6
27	78	1	6
289	78	1	6
350	78	1	6
378	78	1	6
213	83	1	6
296	83	1	6
297	83	1	6
128	88	1	6
153	88	1	6
124	90	1	6
334	90	1	6
371	90	1	6
199	91	1	6
231	91	1	6
153	92	1	6
32	94	1	6
375	94	1	6
99	96	1	6
119	96	1	6
342	96	1	6
361	96	1	6
369	96	1	6
32	97	1	6
153	97	1	6
235	97	1	6
30	99	1	6
61	99	1	6
197	106	1	6
122	109	1	6
32	110	1	6
153	110	1	6
174	110	1	6
359	110	1	6
84	111	1	6
335	111	1	6
81	115	1	6
95	115	1	6
116	115	1	6
362	115	1	6
149	116	1	6
298	116	1	6
362	116	1	6
31	117	1	6
153	117	1	6
32	118	1	6
153	118	1	6
174	118	1	6
359	118	1	6
7	131	1	6
335	131	1	6
222	134	1	6
190	135	1	6
249	135	1	6
273	135	1	6
149	138	1	6
206	138	1	6
236	138	1	6
319	138	1	6
202	141	1	6
206	141	1	6
236	141	1	6
263	141	1	6
291	141	1	6
362	141	1	6
80	142	1	6
145	142	2	6
307	142	1	6
339	142	1	6
356	142	1	6
32	143	1	6
93	143	1	6
153	143	1	6
235	143	1	6
214	145	1	6
366	145	1	6
131	153	1	6
234	153	1	6
249	153	1	6
289	153	1	6
89	159	1	6
142	159	1	6
149	159	1	6
208	159	1	6
307	159	1	6
153	160	1	6
356	160	1	6
153	161	1	6
153	163	1	6
356	163	1	6
15	165	1	6
356	183	1	6
32	186	1	6
153	186	1	6
235	186	1	6
284	186	1	6
288	186	1	6
195	188	1	6
153	190	1	6
235	190	1	6
384	190	1	6
140	193	1	6
354	193	1	6
307	194	1	6
249	209	1	6
286	209	1	6
32	212	1	6
153	212	1	6
235	212	1	6
243	212	1	6
142	225	1	6
149	225	1	6
231	225	1	6
319	225	1	6
334	225	1	6
5	239	1	6
137	239	1	6
146	239	1	6
321	240	1	6
159	242	1	6
195	243	1	6
337	243	1	6
356	243	1	6
378	243	1	6
56	244	1	6
74	244	1	6
75	244	1	6
157	244	1	6
187	244	1	6
195	244	1	6
294	244	1	6
366	244	1	6
153	245	1	6
22	246	1	6
12	249	1	6
89	249	1	6
276	249	1	6
310	249	1	6
356	252	1	6
152	257	1	6
211	257	1	6
27	258	1	6
59	258	1	6
98	258	1	6
159	258	1	6
219	258	1	6
234	258	1	6
319	258	1	6
39	260	1	6
195	260	1	6
32	263	1	6
153	263	1	6
235	263	1	6
64	265	1	6
274	266	1	6
32	267	1	6
153	267	1	6
199	267	1	6
235	267	1	6
335	267	1	6
364	267	1	6
32	268	1	6
153	268	1	6
235	268	1	6
153	273	1	6
173	273	1	6
294	273	1	6
195	276	1	6
3	284	1	6
84	284	1	6
335	284	1	6
309	285	1	6
73	286	1	6
366	286	2	6
288	291	1	6
153	294	1	6
195	296	1	6
55	300	1	6
159	300	1	6
195	300	1	6
288	300	1	6
22	302	1	6
175	302	1	6
39	303	1	6
143	303	1	6
93	305	1	6
153	305	1	6
325	305	1	6
16	306	1	6
89	306	1	6
149	306	1	6
206	306	1	6
290	306	1	6
335	306	1	6
199	307	1	6
342	307	1	6
4	310	1	6
134	310	1	6
153	310	1	6
199	310	1	6
134	311	1	6
153	311	1	6
153	313	1	6
153	316	1	6
195	318	1	6
365	318	1	6
17	320	1	6
134	320	1	6
365	323	1	6
73	326	1	6
85	326	1	6
159	326	1	6
383	326	1	6
32	328	1	6
153	328	1	6
235	328	1	6
107	329	1	6
309	335	1	6
153	340	1	6
69	342	1	6
195	342	1	6
282	342	1	6
336	342	1	6
343	342	1	6
1	344	1	6
309	344	1	6
337	344	1	6
356	344	1	6
179	345	1	6
309	345	1	6
337	345	1	6
356	345	1	6
286	346	1	6
309	346	1	6
4	348	1	6
5	348	1	6
199	348	1	6
309	350	1	6
360	350	1	6
198	356	1	6
312	356	1	6
125	360	1	6
191	360	1	6
262	360	1	6
283	360	1	6
366	360	1	6
357	361	1	6
92	362	1	6
156	362	1	6
195	362	1	6
230	362	1	6
265	362	1	6
123	367	1	6
162	367	1	6
220	367	1	6
235	367	1	6
265	367	1	6
291	367	1	6
319	367	1	6
300	368	1	6
161	369	1	6
199	369	1	6
206	369	1	6
210	369	1	6
236	369	2	6
249	369	1	6
282	369	1	6
290	369	1	6
343	369	1	6
162	370	1	6
206	370	1	6
265	370	1	6
290	370	1	6
291	370	1	6
319	370	1	6
384	370	1	6
300	372	1	6
199	373	1	6
300	373	1	6
32	375	1	6
162	375	1	6
202	375	1	6
210	375	1	6
235	375	5	6
243	375	1	6
277	375	1	6
88	376	1	6
199	376	1	6
329	376	1	6
357	376	1	6
32	377	1	6
161	377	1	6
199	377	1	6
202	377	1	6
206	377	1	6
236	377	1	6
291	377	1	6
384	377	1	6
161	378	1	6
199	378	1	6
210	378	1	6
237	378	1	6
252	378	1	6
319	378	1	6
362	378	2	6
50	379	1	6
161	379	1	6
206	379	1	6
291	379	2	6
384	379	1	6
32	380	1	6
220	380	1	6
235	380	1	6
290	380	1	6
291	380	2	6
357	380	1	6
362	380	1	6
50	381	1	6
161	381	1	6
206	381	1	6
263	381	1	6
290	381	1	6
384	381	1	6
82	382	1	6
108	382	1	6
284	382	1	6
290	382	1	6
191	383	1	6
99	384	1	6
57	385	1	6
142	385	1	6
208	385	2	6
153	386	1	6
173	386	1	6
32	387	1	6
153	387	1	6
235	387	1	6
82	390	1	6
93	390	1	6
189	390	1	6
231	390	1	6
257	390	1	6
258	390	1	6
92	391	1	6
157	392	1	6
307	392	1	6
315	392	1	6
335	392	1	6
157	394	1	6
307	394	1	6
315	394	1	6
335	394	1	6
86	398	1	6
94	398	1	6
114	398	1	6
147	398	1	6
169	398	1	6
220	398	1	6
350	398	1	6
54	399	1	6
169	399	1	6
190	399	1	6
220	399	1	6
231	399	1	6
149	403	1	6
153	403	1	6
234	403	1	6
308	403	1	6
80	409	1	6
83	409	1	6
205	409	1	6
246	409	1	6
83	410	1	6
335	410	1	6
375	410	1	6
153	411	1	6
169	411	1	6
256	411	1	6
335	411	1	6
176	415	1	6
232	415	1	6
307	415	1	6
340	415	2	6
118	420	1	6
134	420	1	6
199	420	1	6
232	421	1	6
113	423	1	6
161	423	1	6
202	423	1	6
206	423	1	6
236	423	1	6
291	423	2	6
329	423	1	6
86	431	1	6
149	431	1	6
335	431	1	6
345	431	1	6
364	431	1	6
153	433	1	6
356	433	1	6
148	437	1	6
232	437	1	6
233	437	1	6
220	439	1	6
249	439	1	6
79	440	1	6
220	440	1	6
362	440	1	6
134	442	1	6
220	442	1	6
328	442	1	6
206	444	1	6
220	444	1	6
290	444	1	6
110	450	1	6
362	450	1	6
32	457	1	6
153	457	1	6
384	457	1	6
199	459	1	6
220	459	1	6
220	460	1	6
220	462	1	6
199	471	1	6
16	473	1	6
99	473	1	6
206	473	1	6
235	473	1	6
362	473	1	6
32	476	1	6
83	476	1	6
235	476	1	6
246	476	1	6
32	477	1	6
83	477	1	6
235	477	1	6
246	477	1	6
32	478	1	6
83	478	1	6
235	478	1	6
246	478	1	6
32	480	2	6
58	480	1	6
83	480	2	6
153	480	1	6
235	480	2	6
246	480	2	6
153	486	1	6
220	486	1	6
199	492	1	6
355	492	1	6
32	496	1	6
50	496	1	6
161	496	1	6
206	496	1	6
235	496	1	6
281	496	1	6
362	496	1	6
384	496	1	6
113	498	1	6
202	498	1	6
237	498	1	6
290	498	1	6
340	498	2	6
174	500	1	6
256	500	1	6
12	503	1	6
302	503	1	6
356	503	1	6
153	509	1	6
217	509	1	6
334	509	1	6
153	510	1	6
235	510	1	6
384	510	1	6
134	513	1	6
220	513	1	6
328	513	1	6
32	516	1	6
153	516	1	6
235	516	1	6
364	516	1	6
86	527	1	6
202	527	1	6
206	527	1	6
236	527	1	6
32	534	1	6
153	534	1	6
235	534	1	6
127	539	1	6
290	539	1	6
134	544	1	6
328	544	1	6
15	547	1	6
24	547	1	6
10	567	1	6
80	567	1	6
85	567	1	6
153	567	1	6
220	567	1	6
250	567	1	6
290	567	1	6
319	567	1	6
328	567	1	6
364	567	1	6
171	570	1	6
304	570	1	6
318	570	1	6
153	575	1	6
101	576	1	6
145	576	1	6
83	595	1	6
93	595	1	6
279	595	2	6
286	595	1	6
310	595	1	6
153	607	1	6
210	607	1	6
356	607	1	6
192	611	1	6
11	612	1	6
63	612	1	6
83	612	1	6
323	612	1	6
220	613	1	6
69	651	1	6
314	651	1	6
118	653	1	6
153	653	1	6
153	658	1	6
155	658	1	6
174	658	1	6
198	658	1	6
278	658	1	6
357	661	1	6
181	662	1	6
335	662	1	6
38	668	1	6
290	668	1	6
63	670	1	6
356	670	1	6
63	671	1	6
63	677	1	6
83	677	2	6
93	677	1	6
279	677	1	6
63	680	1	6
83	680	3	6
133	680	1	6
356	680	2	6
75	681	1	6
181	681	1	6
335	681	1	6
153	685	1	6
335	685	1	6
69	693	1	6
235	693	1	6
220	699	1	6
49	702	1	6
241	702	1	6
153	703	1	6
325	703	1	6
15	705	1	6
187	705	1	6
249	705	1	6
275	705	1	6
289	705	1	6
4	707	1	6
340	707	1	6
356	707	1	6
20	708	1	6
99	708	1	6
195	710	1	6
365	710	1	6
159	715	1	6
307	715	1	6
339	715	1	6
321	722	1	6
153	726	1	6
222	726	1	6
73	737	1	6
153	751	1	6
176	751	2	6
335	751	1	6
383	751	1	6
326	755	1	6
380	755	1	6
119	758	1	6
145	758	1	6
153	758	1	6
263	758	1	6
340	758	2	6
282	764	1	6
347	764	1	6
135	767	2	6
262	767	1	6
124	768	1	6
149	768	1	6
153	768	1	6
274	768	1	6
328	768	1	6
42	772	1	6
170	772	1	6
103	775	1	6
153	775	1	6
288	775	1	6
215	780	1	6
261	784	1	6
281	788	1	6
316	788	1	6
103	792	1	6
110	792	1	6
122	792	1	6
276	792	1	6
78	795	1	6
351	795	1	6
76	797	1	6
199	797	1	6
323	799	1	6
335	799	1	6
153	805	1	6
134	808	1	6
328	808	1	6
32	809	1	6
153	809	1	6
235	809	1	6
259	809	1	6
99	815	1	6
366	815	1	6
249	818	1	6
32	819	1	6
153	819	1	6
235	819	1	6
122	821	1	6
275	821	1	6
336	821	1	6
337	821	1	6
122	825	1	6
275	825	1	6
337	825	1	6
213	828	1	6
104	834	1	6
191	834	1	6
213	834	1	6
117	836	1	6
177	844	1	6
123	850	1	6
262	850	1	6
99	851	1	6
380	851	1	6
22	852	1	6
153	852	1	6
181	852	1	6
254	852	1	6
324	852	1	6
366	852	1	6
99	857	1	6
138	857	1	6
144	857	1	6
153	858	1	6
174	858	1	6
278	858	1	6
356	858	1	6
33	865	1	6
125	865	1	6
206	865	2	6
236	865	2	6
244	865	1	6
370	865	1	6
125	872	1	6
206	872	1	6
236	872	1	6
244	872	1	6
260	872	1	6
54	874	1	6
237	874	2	6
33	877	1	6
290	877	1	6
339	877	1	6
153	881	1	6
364	881	1	6
207	882	1	6
227	882	1	6
189	883	1	6
212	883	1	6
354	883	1	6
126	898	1	6
136	898	1	6
153	898	1	6
185	898	1	6
199	898	1	6
229	898	1	6
248	898	1	6
273	898	1	6
282	898	1	6
325	898	1	6
24	900	1	6
297	900	1	6
319	900	1	6
340	900	1	6
363	900	1	6
103	901	1	6
206	901	1	6
210	901	1	6
249	901	1	6
275	901	1	6
289	901	1	6
362	901	1	6
183	904	1	6
44	910	1	6
32	913	1	6
153	913	1	6
165	913	1	6
235	913	1	6
16	922	1	6
159	922	2	6
339	922	1	6
18	924	1	6
153	924	1	6
190	924	1	6
294	931	1	6
4	935	1	6
32	935	1	6
98	935	1	6
153	935	1	6
364	935	1	6
53	937	1	6
107	937	1	6
199	937	1	6
201	937	1	6
384	937	1	6
153	943	1	6
32	949	1	6
153	949	1	6
295	949	1	6
153	950	1	6
243	950	1	6
357	950	1	6
328	954	1	6
131	960	1	6
145	960	1	6
153	960	1	6
245	960	1	6
126	967	1	6
153	969	1	6
324	969	1	6
340	969	1	6
104	972	1	6
107	972	1	6
135	972	1	6
340	972	1	6
71	976	1	6
113	976	1	6
303	976	1	6
328	976	1	6
328	978	1	6
340	978	1	6
153	985	1	6
261	985	1	6
32	987	1	6
105	987	1	6
153	987	1	6
235	987	1	6
153	993	1	6
281	993	1	6
184	995	1	6
32	996	1	6
35	996	1	6
153	996	1	6
224	996	1	6
235	996	1	6
317	996	1	6
153	1001	1	6
174	1001	1	6
278	1001	2	6
317	1001	1	6
12	1002	1	6
32	1004	1	6
153	1004	1	6
331	1004	1	6
384	1004	1	6
335	1006	1	6
153	1007	1	6
206	1007	1	6
236	1007	1	6
70	1008	1	6
113	1008	1	6
374	1008	1	6
153	1010	1	6
289	1010	1	6
195	1016	1	6
65	1019	1	6
99	1019	1	6
137	1019	1	6
241	1019	1	6
309	1019	1	6
316	1019	1	6
383	1019	1	6
54	1022	1	6
111	1024	1	6
308	1024	1	6
341	1024	1	6
127	1027	1	6
147	1027	1	6
276	1027	1	6
39	1032	1	6
100	1032	1	6
159	1034	1	6
222	1034	1	6
241	1034	1	6
118	1036	1	6
265	1036	1	6
293	1036	1	6
32	1038	1	6
153	1038	1	6
235	1038	1	6
281	1038	1	6
228	1039	1	6
310	1039	1	6
332	1039	1	6
363	1039	1	6
252	1054	1	6
356	1054	1	6
60	1055	1	6
137	1055	1	6
137	1057	1	6
281	1058	1	6
43	1064	1	6
93	1064	1	6
199	1064	1	6
43	1066	1	6
118	1066	1	6
153	1069	1	6
32	1070	1	6
153	1070	1	6
249	1077	2	6
292	1077	1	6
107	1083	1	6
141	1083	1	6
118	1085	1	6
199	1093	1	6
225	1093	1	6
373	1093	1	6
111	1107	1	6
308	1107	2	6
341	1107	1	6
153	1119	1	6
153	1124	1	6
153	1125	1	6
335	1125	2	6
184	1127	1	6
19	1128	1	6
249	1128	1	6
311	1128	1	6
362	1128	1	6
24	1129	1	6
280	1129	1	6
357	1129	1	6
35	1131	1	6
107	1131	1	6
174	1131	1	6
191	1131	1	6
281	1131	1	6
312	1131	2	6
282	1142	1	6
1	1143	1	6
41	1143	1	6
225	1155	1	6
27	1166	3	6
6	1170	1	6
39	1170	1	6
195	1170	1	6
218	1170	1	6
32	1171	1	6
153	1171	1	6
235	1171	1	6
243	1171	1	6
137	1172	1	6
199	1172	1	6
225	1172	1	6
249	1172	1	6
262	1172	1	6
304	1172	1	6
319	1172	1	6
72	1173	1	6
225	1173	1	6
356	1173	1	6
174	1186	1	6
199	1186	1	6
82	1187	1	6
153	1187	1	6
237	1187	1	6
22	1189	1	6
205	1189	1	6
212	1189	1	6
249	1189	1	6
252	1189	1	6
269	1189	1	6
275	1189	1	6
306	1189	1	6
362	1189	1	6
275	1193	1	6
80	1202	1	6
85	1202	1	6
128	1202	1	6
195	1202	1	6
249	1202	2	6
195	1203	1	6
370	1203	1	6
130	1209	1	6
199	1209	1	6
195	1212	1	6
223	1212	1	6
340	1212	1	6
150	1215	1	6
153	1215	1	6
18	1219	1	6
46	1219	1	6
88	1219	1	6
247	1222	1	6
340	1222	1	6
7	1223	1	6
32	1223	1	6
46	1223	1	6
153	1223	1	6
335	1223	1	6
73	1226	1	6
353	1226	1	6
117	1231	1	6
359	1231	1	6
20	1232	1	6
249	1232	1	6
353	1232	1	6
356	1232	1	6
12	1236	1	6
82	1236	1	6
175	1236	1	6
199	1236	1	6
153	1245	1	6
243	1245	1	6
254	1245	1	6
274	1245	1	6
275	1245	1	6
306	1245	1	6
145	1248	4	6
153	1248	1	6
199	1248	1	6
33	1251	1	6
329	1251	1	6
12	1252	1	6
195	1252	1	6
199	1252	1	6
39	1263	1	6
91	1263	1	6
132	1263	1	6
67	1264	1	6
153	1264	1	6
174	1264	1	6
278	1264	1	6
153	1276	1	6
190	1276	1	6
264	1276	1	6
362	1276	1	6
164	1279	1	6
375	1279	1	6
144	1280	1	6
62	1281	1	6
293	1281	1	6
144	1282	1	6
147	1284	1	6
136	1288	1	6
153	1288	1	6
178	1288	1	6
223	1288	1	6
362	1288	1	6
195	1301	1	6
18	1302	1	6
37	1302	1	6
153	1302	1	6
335	1302	1	6
371	1302	1	6
195	1307	1	6
323	1307	1	6
362	1307	1	6
116	1309	1	6
147	1309	1	6
197	1309	1	6
348	1309	1	6
356	1309	1	6
38	1317	1	6
363	1317	1	6
12	1318	1	6
153	1318	1	6
82	1319	1	6
155	1319	1	6
340	1319	1	6
354	1319	1	6
356	1319	1	6
61	1323	1	6
68	1323	1	6
335	1323	1	6
19	1328	1	6
99	1328	1	6
126	1328	1	6
209	1328	1	6
190	1329	1	6
153	1335	1	6
335	1335	1	6
363	1335	1	6
111	1343	1	6
308	1343	1	6
341	1343	1	6
94	1344	1	6
199	1344	1	6
153	1346	1	6
211	1346	1	6
289	1346	1	6
32	1347	1	6
81	1347	1	6
105	1347	1	6
153	1347	1	6
235	1347	1	6
32	1348	1	6
153	1348	1	6
325	1352	1	6
7	1354	1	6
104	1354	1	6
356	1354	1	6
91	1356	1	6
27	1357	1	6
372	1357	2	6
7	1359	1	6
104	1359	1	6
356	1359	1	6
276	1361	1	6
96	1365	1	6
2	1366	1	6
64	1366	1	6
84	1366	1	6
117	1366	1	6
181	1366	1	6
366	1366	1	6
370	1366	1	6
376	1366	1	6
42	1367	1	6
69	1367	1	6
99	1367	1	6
199	1367	1	6
318	1367	1	6
119	1368	1	6
177	1368	1	6
240	1368	1	6
65	1369	2	6
74	1369	1	6
265	1369	1	6
380	1369	1	6
44	1374	1	6
153	1376	1	6
235	1376	1	6
384	1376	1	6
223	1377	1	6
270	1377	1	6
292	1377	1	6
356	1377	1	6
153	1389	1	6
219	1389	1	6
289	1389	1	6
373	1389	1	6
195	1397	1	6
199	1398	1	6
153	1404	1	6
335	1404	1	6
336	1404	1	6
119	1410	1	6
187	1410	1	6
356	1410	1	6
231	1415	1	6
268	1415	1	6
122	1416	1	6
249	1419	1	6
267	1419	1	6
156	1423	1	6
156	1427	1	6
4	1428	1	6
229	1428	1	6
252	1428	1	6
273	1428	1	6
312	1428	1	6
172	1429	1	6
7	1434	1	6
36	1434	1	6
153	1434	1	6
218	1434	1	6
189	1439	1	6
249	1439	2	6
276	1439	1	6
153	1449	1	6
231	1449	1	6
32	1459	1	6
150	1459	1	6
153	1459	1	6
217	1459	1	6
235	1459	1	6
134	1466	1	6
336	1469	1	6
356	1469	1	6
195	1472	1	6
317	1472	1	6
78	1475	1	6
111	1475	2	6
228	1475	1	6
302	1475	1	6
308	1475	1	6
331	1475	1	6
317	1478	1	6
323	1478	1	6
138	1483	1	6
153	1483	1	6
249	1483	1	6
278	1483	1	6
342	1483	1	6
5	1486	1	6
231	1486	1	6
356	1486	1	6
362	1486	1	6
77	1487	1	6
99	1487	1	6
153	1487	1	6
195	1493	1	6
357	1493	1	6
99	1494	1	6
264	1494	1	6
153	1501	1	6
240	1501	1	6
34	1515	1	6
45	1515	1	6
153	1516	1	6
174	1516	1	6
252	1516	1	6
145	1521	1	6
214	1521	1	6
357	1521	1	6
362	1521	1	6
385	1521	1	6
90	1523	1	6
307	1523	1	6
318	1523	2	6
20	1526	1	6
81	1526	1	6
105	1526	1	6
153	1526	1	6
191	1528	1	6
79	1530	1	6
153	1530	1	6
366	1530	1	6
191	1531	1	6
34	1532	1	6
45	1532	1	6
225	1532	1	6
260	1532	1	6
379	1532	1	6
103	1539	1	6
110	1539	1	6
254	1540	1	6
108	1541	1	6
34	1543	1	6
45	1543	1	6
46	1543	1	6
177	1548	1	6
330	1548	1	6
364	1548	1	6
153	1549	1	6
333	1549	1	6
214	1554	1	6
30	1559	1	6
32	1561	1	6
153	1561	1	6
268	1561	1	6
355	1561	1	6
384	1561	1	6
297	1563	1	6
338	1563	1	6
357	1563	1	6
380	1569	1	6
195	1570	1	6
350	1572	1	6
55	1574	1	6
71	1574	1	6
153	1574	1	6
342	1574	1	6
30	1575	1	6
265	1576	1	6
380	1576	1	6
236	1577	1	6
347	1577	1	6
348	1577	1	6
16	1582	1	6
186	1582	1	6
189	1582	1	6
360	1582	1	6
15	1583	1	6
10	1584	1	6
254	1584	1	6
32	1588	2	6
153	1588	1	6
212	1588	1	6
235	1588	1	6
85	1591	1	6
129	1591	1	6
152	1591	1	6
212	1591	1	6
319	1591	1	6
342	1591	1	6
179	1599	1	6
32	1623	1	6
153	1623	1	6
235	1623	1	6
32	1646	1	6
153	1646	1	6
235	1646	1	6
153	1651	1	6
73	1653	1	6
203	1653	1	6
153	1654	1	6
236	1654	1	6
32	1668	1	6
153	1668	1	6
227	1668	1	6
235	1668	1	6
335	1668	1	6
2	1671	1	6
335	1671	1	6
21	1676	1	6
40	1676	1	6
138	1676	1	6
170	1676	1	6
183	1676	1	6
184	1676	1	6
255	1676	1	6
381	1676	1	6
204	1679	1	6
272	1679	1	6
174	1681	1	6
183	1681	1	6
184	1681	1	6
381	1681	1	6
183	1682	1	6
184	1682	1	6
381	1682	1	6
65	1685	1	6
204	1685	1	6
222	1685	1	6
345	1685	1	6
183	1689	1	6
184	1689	1	6
199	1689	1	6
314	1689	1	6
381	1689	1	6
204	1690	1	6
148	1695	1	6
217	1695	1	6
10	1698	1	6
29	1698	1	6
54	1698	1	6
203	1702	1	6
343	1702	1	6
17	1714	1	6
134	1714	1	6
32	1715	1	6
153	1715	1	6
235	1715	1	6
381	1717	1	6
85	1723	1	6
153	1723	1	6
32	1729	1	6
93	1729	1	6
134	1729	1	6
153	1729	1	6
235	1729	1	6
71	1731	1	6
153	1731	1	6
320	1738	1	6
363	1738	1	6
66	1743	1	6
153	1743	1	6
279	1743	1	6
208	1750	2	6
35	1752	1	6
37	1752	1	6
108	1752	1	6
153	1752	1	6
233	1752	1	6
356	1752	1	6
32	1755	1	6
78	1755	1	6
153	1755	1	6
324	1755	1	6
153	1758	1	6
199	1758	1	6
115	1763	1	6
236	1767	1	6
113	1768	1	6
253	1768	1	6
153	1770	1	6
302	1770	1	6
341	1770	1	6
195	1773	1	6
302	1773	1	6
153	1801	1	6
37	1804	1	6
240	1804	1	6
250	1806	1	6
356	1806	2	6
71	1810	1	6
153	1810	1	6
264	1810	1	6
380	1810	1	6
113	1811	1	6
153	1817	1	6
222	1817	1	6
335	1817	1	6
126	1821	1	6
179	1821	1	6
262	1821	1	6
296	1821	1	6
333	1821	1	6
204	1825	1	6
153	1832	1	6
125	1835	1	6
153	1835	1	6
183	1835	1	6
278	1835	1	6
381	1835	1	6
150	1837	1	6
153	1837	1	6
245	1837	1	6
153	1839	1	6
335	1839	1	6
149	1843	1	6
354	1843	1	6
286	1845	1	6
109	1846	1	6
242	1846	1	6
141	1850	1	6
26	1864	1	6
38	1864	1	6
41	1864	1	6
84	1864	3	6
252	1864	1	6
128	1874	1	6
153	1874	1	6
153	1876	1	6
235	1876	1	6
384	1876	1	6
37	1886	1	6
240	1886	1	6
310	1886	1	6
27	1887	1	6
178	1887	1	6
253	1887	1	6
26	1891	1	6
35	1891	1	6
153	1891	1	6
224	1891	1	6
268	1891	1	6
317	1891	1	6
113	1892	1	6
216	1892	1	6
35	1895	1	6
153	1895	1	6
224	1895	1	6
280	1895	1	6
102	1904	1	6
151	1904	1	6
269	1904	1	6
145	1905	1	6
360	1905	1	6
362	1909	1	6
153	1911	1	6
14	1916	1	6
128	1916	1	6
331	1916	1	6
14	1917	1	6
32	1917	1	6
153	1917	1	6
231	1917	1	6
151	1919	1	6
125	1923	1	6
199	1929	1	6
302	1929	1	6
153	1932	1	6
283	1935	1	6
32	1936	1	6
153	1936	1	6
235	1936	1	6
16	1937	1	6
153	1937	1	6
32	1941	1	6
153	1941	1	6
268	1941	1	6
277	1944	1	6
199	1946	1	6
137	1949	1	6
181	1949	1	6
95	1950	1	6
153	1950	1	6
109	1951	1	6
320	1951	1	6
50	1952	1	6
113	1952	1	6
126	1958	1	6
153	1958	1	6
114	1961	1	6
286	1961	1	6
335	1961	1	6
171	1962	1	6
245	1962	1	6
153	1964	1	6
199	1964	1	6
335	1964	1	6
41	1972	1	6
88	1972	1	6
99	1972	1	6
187	1972	1	6
251	1972	1	6
277	1977	1	6
38	1979	1	6
335	1987	1	6
153	1988	1	6
341	1988	1	6
31	1996	1	6
153	1996	1	6
11	1997	1	6
110	1997	1	6
232	1997	1	6
117	2001	1	6
335	2001	1	6
82	2003	1	6
190	2003	1	6
99	2004	1	6
123	2005	1	6
196	2005	1	6
369	2005	1	6
169	2006	1	6
31	2007	1	6
134	2007	1	6
153	2007	1	6
199	2007	1	6
31	2016	1	6
134	2016	1	6
153	2016	1	6
32	2017	1	6
135	2017	1	6
153	2017	1	6
384	2017	1	6
283	2019	1	6
189	2021	1	6
354	2021	1	6
169	2027	1	6
200	2027	1	6
169	2029	1	6
195	2029	1	6
199	2029	1	6
232	2032	1	6
265	2034	1	6
66	2035	1	6
113	2035	1	6
235	2035	1	6
332	2035	1	6
360	2035	1	6
174	2038	1	6
263	2038	1	6
350	2038	1	6
365	2038	1	6
3	2040	1	6
189	2040	1	6
356	2040	1	6
32	2043	1	6
40	2043	1	6
153	2043	1	6
195	2043	1	6
235	2043	1	6
13	2047	1	6
103	2047	1	6
353	2047	1	6
354	2047	1	6
96	2048	1	6
153	2048	1	6
273	2048	1	6
325	2048	1	6
32	2050	1	6
40	2050	1	6
184	2050	1	6
347	2050	1	6
198	2052	1	6
372	2052	1	6
153	3	1	7
311	3	1	7
145	4	2	7
150	4	1	7
153	4	1	7
356	40	1	7
46	41	1	7
135	41	1	7
153	41	1	7
158	41	1	7
168	41	1	7
355	41	1	7
382	41	1	7
46	44	1	7
135	44	1	7
153	44	1	7
158	44	1	7
168	44	1	7
355	44	1	7
382	44	1	7
46	45	1	7
135	45	1	7
153	45	1	7
158	45	1	7
168	45	1	7
355	45	1	7
382	45	1	7
46	48	1	7
135	48	1	7
153	48	1	7
158	48	1	7
168	48	1	7
355	48	1	7
382	48	1	7
46	49	1	7
135	49	1	7
153	49	1	7
158	49	1	7
168	49	1	7
355	49	1	7
382	49	1	7
46	55	1	7
135	55	1	7
153	55	1	7
158	55	1	7
168	55	1	7
355	55	1	7
382	55	1	7
107	73	1	7
62	75	1	7
195	75	1	7
231	87	1	7
59	89	1	7
203	89	1	7
153	98	1	7
18	105	1	7
115	107	1	7
307	107	1	7
356	107	1	7
153	119	1	7
205	119	1	7
249	119	1	7
111	122	1	7
219	122	1	7
265	122	1	7
293	122	1	7
320	122	1	7
193	125	1	7
101	130	1	7
179	130	1	7
319	130	1	7
100	146	1	7
289	146	1	7
376	146	1	7
356	148	1	7
1	149	1	7
103	149	1	7
356	149	1	7
245	151	1	7
73	155	1	7
153	155	1	7
166	155	1	7
203	155	1	7
335	155	1	7
153	173	1	7
155	173	1	7
150	181	1	7
231	181	1	7
251	181	1	7
269	181	1	7
342	181	1	7
307	189	1	7
351	189	1	7
13	198	1	7
89	198	1	7
149	198	1	7
294	198	1	7
357	198	1	7
46	201	1	7
135	201	1	7
153	201	1	7
158	201	1	7
166	201	1	7
168	201	1	7
190	201	1	7
355	201	1	7
382	201	1	7
46	204	1	7
135	204	1	7
153	204	1	7
168	204	1	7
355	204	1	7
153	207	1	7
153	208	1	7
172	208	1	7
377	211	1	7
21	215	1	7
154	218	1	7
245	220	1	7
90	264	1	7
128	264	1	7
335	264	1	7
113	271	1	7
153	271	1	7
165	271	1	7
32	274	1	7
153	274	1	7
165	274	1	7
201	275	3	7
207	275	1	7
313	275	1	7
89	280	1	7
149	280	1	7
266	280	1	7
307	280	1	7
335	280	1	7
32	281	1	7
153	281	1	7
165	281	1	7
39	282	1	7
93	282	1	7
356	282	1	7
153	283	1	7
17	287	1	7
99	287	1	7
219	287	1	7
239	287	1	7
340	287	1	7
378	297	1	7
32	301	1	7
90	301	1	7
153	301	1	7
123	314	1	7
150	314	1	7
153	314	1	7
307	314	1	7
358	325	1	7
195	341	1	7
29	343	1	7
93	343	1	7
335	343	1	7
10	414	1	7
266	414	1	7
340	417	1	7
35	418	2	7
51	418	1	7
153	418	1	7
224	418	1	7
335	418	1	7
4	419	1	7
19	419	1	7
54	419	1	7
280	419	1	7
362	419	1	7
369	419	1	7
107	424	1	7
195	424	1	7
219	424	1	7
235	424	1	7
216	425	1	7
297	425	1	7
4	426	1	7
9	429	1	7
32	429	1	7
35	429	1	7
105	429	1	7
153	429	1	7
224	429	1	7
235	429	1	7
317	429	1	7
9	430	1	7
32	430	2	7
52	430	1	7
105	430	1	7
153	430	1	7
224	430	1	7
235	430	1	7
130	434	1	7
147	434	1	7
195	434	1	7
101	441	1	7
319	441	1	7
148	445	1	7
313	445	1	7
72	448	1	7
107	448	1	7
132	448	1	7
249	448	1	7
377	448	1	7
235	453	1	7
245	453	1	7
89	461	1	7
195	461	2	7
32	465	1	7
49	465	1	7
153	465	1	7
235	465	1	7
317	465	1	7
32	468	1	7
153	468	1	7
235	468	1	7
195	490	1	7
199	490	1	7
21	512	1	7
199	512	1	7
222	512	1	7
302	512	1	7
360	512	1	7
384	512	1	7
282	514	1	7
24	517	1	7
280	517	1	7
220	518	1	7
178	520	1	7
195	520	1	7
125	524	1	7
80	528	1	7
195	528	1	7
203	528	1	7
331	528	1	7
132	532	1	7
378	532	1	7
61	548	1	7
220	549	1	7
335	549	1	7
289	551	1	7
32	553	1	7
73	553	1	7
153	553	1	7
342	553	1	7
46	554	1	7
135	554	1	7
153	554	1	7
158	554	1	7
168	554	1	7
355	554	1	7
382	554	1	7
46	555	1	7
135	555	1	7
153	555	1	7
158	555	1	7
168	555	1	7
355	555	1	7
382	555	1	7
46	557	1	7
135	557	1	7
153	557	1	7
158	557	1	7
168	557	1	7
355	557	1	7
382	557	1	7
46	559	1	7
135	559	1	7
153	559	1	7
158	559	1	7
168	559	1	7
355	559	1	7
382	559	1	7
46	560	1	7
135	560	1	7
153	560	1	7
158	560	1	7
168	560	1	7
355	560	1	7
382	560	1	7
335	561	1	7
46	562	1	7
135	562	1	7
153	562	1	7
158	562	1	7
168	562	1	7
355	562	1	7
382	562	1	7
46	563	1	7
135	563	1	7
153	563	1	7
158	563	1	7
168	563	1	7
355	563	1	7
382	563	1	7
46	564	1	7
135	564	1	7
153	564	1	7
158	564	1	7
168	564	1	7
355	564	1	7
382	564	1	7
46	565	1	7
135	565	1	7
153	565	1	7
158	565	1	7
168	565	1	7
355	565	1	7
382	565	1	7
46	566	1	7
135	566	1	7
153	566	1	7
158	566	1	7
168	566	1	7
355	566	1	7
382	566	1	7
43	568	1	7
319	568	2	7
46	569	1	7
135	569	1	7
153	569	1	7
158	569	1	7
168	569	1	7
355	569	1	7
382	569	1	7
46	571	1	7
135	571	1	7
153	571	1	7
158	571	1	7
168	571	1	7
355	571	1	7
382	571	1	7
46	572	1	7
135	572	1	7
153	572	1	7
158	572	1	7
168	572	1	7
188	572	1	7
355	572	1	7
382	572	1	7
46	573	1	7
135	573	1	7
153	573	1	7
158	573	1	7
168	573	1	7
355	573	1	7
382	573	1	7
46	574	1	7
135	574	1	7
153	574	1	7
158	574	1	7
168	574	1	7
355	574	1	7
382	574	1	7
46	577	1	7
135	577	1	7
142	577	1	7
153	577	1	7
158	577	1	7
168	577	1	7
355	577	1	7
382	577	1	7
46	578	1	7
135	578	1	7
153	578	1	7
158	578	1	7
168	578	1	7
355	578	1	7
382	578	1	7
46	581	1	7
135	581	1	7
153	581	1	7
158	581	1	7
168	581	1	7
355	581	1	7
382	581	1	7
46	582	1	7
135	582	1	7
153	582	1	7
168	582	1	7
355	582	1	7
46	583	1	7
135	583	1	7
153	583	1	7
158	583	1	7
168	583	1	7
355	583	1	7
382	583	1	7
46	584	1	7
135	584	1	7
153	584	1	7
158	584	1	7
168	584	1	7
355	584	1	7
382	584	1	7
46	586	1	7
135	586	1	7
153	586	1	7
168	586	1	7
355	586	1	7
46	587	1	7
135	587	1	7
153	587	1	7
158	587	1	7
168	587	1	7
355	587	1	7
382	587	1	7
46	589	1	7
135	589	1	7
153	589	1	7
158	589	1	7
168	589	1	7
355	589	1	7
382	589	1	7
38	590	1	7
46	591	1	7
135	591	1	7
137	591	1	7
153	591	1	7
158	591	1	7
168	591	1	7
355	591	1	7
382	591	1	7
46	593	1	7
135	593	1	7
153	593	1	7
158	593	1	7
166	593	1	7
168	593	1	7
190	593	1	7
355	593	1	7
382	593	1	7
173	599	1	7
188	599	1	7
277	599	1	7
251	600	1	7
347	601	1	7
88	615	1	7
159	617	1	7
272	617	1	7
107	623	1	7
303	623	1	7
315	623	1	7
67	626	1	7
190	626	1	7
368	626	1	7
46	629	1	7
58	629	1	7
135	629	1	7
153	629	1	7
168	629	1	7
46	631	1	7
58	631	1	7
135	631	1	7
153	631	1	7
158	631	1	7
168	631	1	7
382	631	1	7
46	632	1	7
58	632	1	7
135	632	1	7
153	632	1	7
158	632	1	7
168	632	1	7
382	632	1	7
46	633	1	7
58	633	1	7
135	633	1	7
153	633	1	7
158	633	1	7
168	633	1	7
382	633	1	7
46	634	1	7
58	634	1	7
135	634	1	7
153	634	1	7
158	634	1	7
168	634	1	7
382	634	1	7
44	636	2	7
67	636	1	7
91	636	1	7
260	636	1	7
368	636	1	7
202	638	1	7
78	640	2	7
137	640	2	7
173	640	1	7
187	640	1	7
199	640	1	7
153	648	1	7
153	649	1	7
180	649	1	7
219	649	1	7
46	655	1	7
58	655	1	7
135	655	1	7
153	655	1	7
158	655	1	7
168	655	1	7
382	655	1	7
46	656	1	7
58	656	1	7
135	656	1	7
153	656	1	7
158	656	1	7
168	656	1	7
382	656	1	7
46	657	1	7
58	657	1	7
135	657	1	7
153	657	1	7
158	657	1	7
168	657	1	7
382	657	1	7
19	678	1	7
117	678	1	7
342	678	1	7
13	679	1	7
163	679	1	7
265	679	1	7
4	682	1	7
112	682	1	7
116	682	1	7
219	682	1	7
315	682	1	7
335	682	1	7
383	682	1	7
46	684	1	7
58	684	1	7
135	684	1	7
153	684	1	7
158	684	1	7
168	684	1	7
382	684	1	7
340	686	1	7
2	687	1	7
64	687	1	7
216	687	1	7
289	687	1	7
303	687	1	7
153	688	1	7
300	688	1	7
385	688	2	7
49	692	1	7
74	692	1	7
93	692	1	7
147	692	1	7
219	692	1	7
340	692	1	7
43	695	1	7
356	695	1	7
138	697	1	7
32	706	1	7
123	706	1	7
222	706	1	7
302	706	1	7
370	706	1	7
1	721	1	7
4	721	1	7
249	721	1	7
305	721	1	7
67	732	1	7
366	732	1	7
368	732	1	7
56	734	1	7
58	735	1	7
135	735	1	7
142	735	1	7
153	735	1	7
158	735	1	7
168	735	1	7
313	735	1	7
382	735	1	7
46	739	1	7
58	739	1	7
135	739	1	7
153	739	1	7
158	739	1	7
168	739	1	7
382	739	1	7
32	740	2	7
52	740	1	7
153	740	1	7
235	740	1	7
32	741	2	7
52	741	1	7
153	741	1	7
235	741	1	7
32	742	1	7
153	742	1	7
235	742	1	7
38	743	1	7
58	746	1	7
135	746	1	7
142	746	1	7
153	746	1	7
158	746	1	7
168	746	1	7
313	746	1	7
362	746	1	7
382	746	1	7
166	747	1	7
376	747	1	7
96	749	1	7
153	749	1	7
221	749	1	7
302	749	1	7
319	753	1	7
46	756	1	7
58	756	1	7
135	756	1	7
153	756	1	7
158	756	1	7
168	756	1	7
382	756	1	7
39	762	1	7
4	763	1	7
231	763	1	7
195	790	1	7
207	790	1	7
231	790	1	7
352	794	1	7
195	796	1	7
207	796	1	7
231	796	1	7
356	796	1	7
195	812	1	7
207	812	1	7
13	822	1	7
99	822	1	7
195	826	1	7
46	827	1	7
207	827	1	7
155	829	1	7
312	829	1	7
4	830	1	7
142	830	1	7
199	830	1	7
76	833	1	7
203	833	1	7
231	833	1	7
356	833	1	7
109	837	1	7
141	837	1	7
153	837	1	7
122	839	1	7
172	839	1	7
48	843	1	7
342	843	1	7
8	860	1	7
137	860	1	7
140	860	1	7
313	860	1	7
356	860	1	7
195	861	1	7
319	861	1	7
5	866	1	7
139	866	1	7
140	866	1	7
195	866	1	7
199	866	1	7
113	867	1	7
48	868	1	7
124	868	2	7
160	868	1	7
195	868	1	7
289	868	1	7
342	868	1	7
15	870	1	7
153	870	1	7
199	870	1	7
260	870	1	7
335	870	1	7
124	871	1	7
166	871	1	7
32	876	1	7
105	876	1	7
153	876	1	7
235	876	1	7
153	887	1	7
284	887	1	7
226	897	1	7
153	902	1	7
200	906	1	7
321	908	1	7
360	908	1	7
123	912	1	7
141	915	1	7
173	915	1	7
258	915	1	7
114	919	1	7
131	919	1	7
356	919	1	7
364	919	1	7
133	920	1	7
262	920	1	7
319	920	1	7
340	920	1	7
55	921	1	7
195	921	1	7
346	921	1	7
46	925	1	7
58	925	1	7
135	925	1	7
153	925	1	7
158	925	1	7
168	925	1	7
382	925	1	7
46	926	1	7
58	926	1	7
135	926	1	7
153	926	1	7
158	926	1	7
168	926	1	7
382	926	1	7
153	928	1	7
298	928	1	7
354	928	1	7
378	928	1	7
168	930	1	7
191	930	1	7
46	932	1	7
58	932	1	7
135	932	1	7
153	932	1	7
158	932	1	7
168	932	1	7
382	932	1	7
383	932	1	7
46	933	1	7
58	933	1	7
135	933	1	7
153	933	1	7
158	933	1	7
168	933	1	7
382	933	1	7
191	934	1	7
195	934	1	7
330	934	1	7
340	934	1	7
346	934	1	7
335	936	1	7
340	936	1	7
47	938	1	7
110	938	1	7
276	938	1	7
297	938	1	7
356	940	1	7
124	953	7	7
299	953	1	7
116	962	1	7
318	962	1	7
108	964	1	7
32	965	1	7
50	965	1	7
153	965	1	7
206	965	1	7
235	965	1	7
384	965	1	7
44	968	1	7
380	968	1	7
67	973	1	7
88	973	1	7
368	973	1	7
70	977	1	7
335	977	1	7
41	979	1	7
228	979	1	7
282	979	1	7
328	979	1	7
49	981	1	7
153	981	1	7
188	981	1	7
240	981	1	7
296	981	1	7
317	981	1	7
43	983	1	7
186	983	1	7
337	983	1	7
116	986	1	7
121	986	1	7
330	986	1	7
343	986	1	7
346	986	1	7
143	990	1	7
163	990	1	7
262	990	1	7
269	990	1	7
290	990	1	7
346	990	1	7
48	991	1	7
342	991	1	7
38	997	1	7
138	997	1	7
165	997	1	7
333	997	1	7
340	997	1	7
30	999	1	7
122	999	1	7
176	999	1	7
228	999	1	7
346	999	1	7
361	999	1	7
44	1009	1	7
118	1009	1	7
123	1009	1	7
191	1009	1	7
346	1009	1	7
106	1014	1	7
238	1014	1	7
379	1014	1	7
60	1020	1	7
99	1020	1	7
134	1020	1	7
211	1020	1	7
59	1028	1	7
245	1028	1	7
153	1029	1	7
294	1029	1	7
1	1031	1	7
123	1031	1	7
127	1031	1	7
153	1031	1	7
356	1031	1	7
360	1031	1	7
153	1033	1	7
199	1033	1	7
12	1035	1	7
101	1035	1	7
190	1035	1	7
332	1035	1	7
366	1037	2	7
215	1040	1	7
71	1042	1	7
114	1042	1	7
255	1042	1	7
342	1042	1	7
65	1044	1	7
109	1044	1	7
145	1044	1	7
280	1044	1	7
328	1045	1	7
132	1046	1	7
14	1051	1	7
164	1051	1	7
222	1051	1	7
128	1063	1	7
238	1063	1	7
285	1063	1	7
116	1065	1	7
191	1065	1	7
362	1065	1	7
48	1068	1	7
71	1068	1	7
126	1074	1	7
153	1086	1	7
267	1086	1	7
116	1091	1	7
293	1091	1	7
340	1091	1	7
238	1097	1	7
79	1100	1	7
119	1100	1	7
164	1100	1	7
255	1100	1	7
116	1102	1	7
238	1102	1	7
296	1102	1	7
333	1102	1	7
60	1115	1	7
99	1115	1	7
134	1115	1	7
211	1115	1	7
238	1117	1	7
335	1120	2	7
153	1123	1	7
335	1123	1	7
101	1133	1	7
332	1133	1	7
380	1133	1	7
332	1141	1	7
10	1145	1	7
238	1145	1	7
375	1145	1	7
106	1147	1	7
238	1147	1	7
379	1147	1	7
154	1149	1	7
153	1150	1	7
122	1152	1	7
130	1152	1	7
227	1152	1	7
15	1153	1	7
153	1153	1	7
225	1153	1	7
238	1160	1	7
154	1163	1	7
154	1168	1	7
101	1177	1	7
126	1177	1	7
332	1177	1	7
335	1177	1	7
159	1190	1	7
199	1194	1	7
216	1199	1	7
238	1199	1	7
238	1200	1	7
13	1204	1	7
118	1204	1	7
182	1204	1	7
191	1204	1	7
101	1205	1	7
179	1205	1	7
199	1205	1	7
51	1206	1	7
118	1206	1	7
124	1206	2	7
130	1206	1	7
160	1206	1	7
195	1206	1	7
338	1206	1	7
357	1206	1	7
130	1208	1	7
276	1208	1	7
281	1208	1	7
325	1208	1	7
238	1211	1	7
332	1211	1	7
191	1216	1	7
348	1216	1	7
190	1218	1	7
276	1224	1	7
64	1230	1	7
104	1230	1	7
123	1230	1	7
316	1230	1	7
370	1230	1	7
138	1233	1	7
172	1233	1	7
238	1233	1	7
312	1235	1	7
106	1247	1	7
379	1247	1	7
50	1250	1	7
215	1250	1	7
39	1259	1	7
118	1260	1	7
195	1260	2	7
154	1265	1	7
370	1266	1	7
351	1269	1	7
238	1278	1	7
321	1278	1	7
141	1283	1	7
120	1285	1	7
153	1285	1	7
124	1291	2	7
153	1291	1	7
231	1293	1	7
362	1293	1	7
27	1295	1	7
124	1295	2	7
311	1298	1	7
360	1298	1	7
124	1299	2	7
153	1299	1	7
335	1299	1	7
238	1300	1	7
97	1303	1	7
153	1303	1	7
215	1304	1	7
238	1304	1	7
368	1304	1	7
124	1305	2	7
139	1305	1	7
153	1305	1	7
335	1305	1	7
238	1306	1	7
33	1310	1	7
238	1310	1	7
333	1310	1	7
238	1312	1	7
369	1312	1	7
39	1313	1	7
84	1313	1	7
96	1313	1	7
281	1313	1	7
238	1321	1	7
27	1327	1	7
84	1327	1	7
164	1327	1	7
259	1339	1	7
277	1339	1	7
306	1340	1	7
32	1351	1	7
153	1351	1	7
235	1351	1	7
15	1353	1	7
32	1353	1	7
260	1353	1	7
104	1358	1	7
105	1358	1	7
297	1358	1	7
322	1358	1	7
32	1363	1	7
153	1363	1	7
235	1363	1	7
260	1363	1	7
40	1364	1	7
65	1364	1	7
73	1364	1	7
366	1364	1	7
107	1379	1	7
122	1379	1	7
327	1380	1	7
46	1381	1	7
135	1381	1	7
153	1381	1	7
158	1381	1	7
168	1381	1	7
355	1381	1	7
382	1381	1	7
34	1383	1	7
116	1383	1	7
319	1383	1	7
195	1384	1	7
46	1386	1	7
135	1386	1	7
153	1386	1	7
158	1386	1	7
168	1386	1	7
355	1386	1	7
382	1386	1	7
46	1387	1	7
135	1387	1	7
153	1387	1	7
158	1387	1	7
168	1387	1	7
355	1387	1	7
382	1387	1	7
195	1388	1	7
46	1394	1	7
263	1394	1	7
46	1395	1	7
135	1395	1	7
153	1395	1	7
158	1395	1	7
168	1395	1	7
355	1395	1	7
382	1395	1	7
23	1400	1	7
105	1400	1	7
135	1400	1	7
150	1400	1	7
153	1400	1	7
335	1400	1	7
272	1401	1	7
282	1401	1	7
361	1401	1	7
365	1403	1	7
333	1412	1	7
105	1413	1	7
262	1418	1	7
333	1418	1	7
335	1418	1	7
356	1418	1	7
383	1421	1	7
2	1422	1	7
95	1422	1	7
121	1422	1	7
147	1422	1	7
195	1422	1	7
335	1422	1	7
77	1424	1	7
282	1425	1	7
335	1425	1	7
346	1425	1	7
90	1426	1	7
371	1433	1	7
146	1436	1	7
307	1436	1	7
337	1436	1	7
356	1436	1	7
23	1450	1	7
336	1450	1	7
23	1458	1	7
30	1458	1	7
13	1462	1	7
15	1462	1	7
312	1462	1	7
153	1465	1	7
223	1465	1	7
244	1465	1	7
271	1465	1	7
267	1473	1	7
137	1477	1	7
233	1477	1	7
69	1481	1	7
129	1481	1	7
82	1490	1	7
123	1490	1	7
177	1490	1	7
354	1490	1	7
168	1496	1	7
230	1496	1	7
271	1496	1	7
125	1509	1	7
153	1509	1	7
341	1509	1	7
199	1511	1	7
203	1511	1	7
230	1511	1	7
368	1511	1	7
121	1519	1	7
165	1519	1	7
276	1519	1	7
335	1519	1	7
302	1522	1	7
342	1522	1	7
215	1545	1	7
34	1568	1	7
126	1568	1	7
142	1568	1	7
286	1568	1	7
154	1571	1	7
297	1571	1	7
341	1595	1	7
153	1604	1	7
379	1604	1	7
342	1609	1	7
46	1610	1	7
135	1610	1	7
153	1610	1	7
158	1610	1	7
168	1610	1	7
355	1610	1	7
382	1610	1	7
46	1612	1	7
135	1612	1	7
153	1612	1	7
158	1612	1	7
168	1612	1	7
355	1612	1	7
382	1612	1	7
46	1613	1	7
135	1613	1	7
153	1613	1	7
158	1613	1	7
168	1613	1	7
355	1613	1	7
382	1613	1	7
190	1615	1	7
199	1615	1	7
315	1616	1	7
371	1616	1	7
46	1618	1	7
135	1618	1	7
153	1618	1	7
158	1618	1	7
168	1618	1	7
355	1618	1	7
382	1618	1	7
46	1619	1	7
135	1619	1	7
153	1619	1	7
158	1619	1	7
168	1619	1	7
355	1619	1	7
382	1619	1	7
46	1620	1	7
135	1620	1	7
153	1620	1	7
158	1620	1	7
168	1620	1	7
355	1620	1	7
382	1620	1	7
46	1624	1	7
135	1624	1	7
153	1624	1	7
158	1624	1	7
168	1624	1	7
355	1624	1	7
382	1624	1	7
46	1625	1	7
135	1625	1	7
153	1625	1	7
158	1625	1	7
168	1625	1	7
355	1625	1	7
382	1625	1	7
46	1626	1	7
135	1626	1	7
153	1626	1	7
158	1626	1	7
168	1626	1	7
355	1626	1	7
382	1626	1	7
46	1628	1	7
66	1628	1	7
135	1628	1	7
153	1628	1	7
158	1628	1	7
168	1628	1	7
355	1628	1	7
382	1628	1	7
46	1631	1	7
135	1631	1	7
153	1631	1	7
158	1631	1	7
168	1631	2	7
355	1631	1	7
382	1631	1	7
380	1632	1	7
15	1635	1	7
46	1635	1	7
135	1635	1	7
153	1635	1	7
158	1635	1	7
168	1635	1	7
355	1635	1	7
382	1635	1	7
46	1637	1	7
135	1637	1	7
153	1637	1	7
158	1637	1	7
168	1637	1	7
355	1637	1	7
382	1637	1	7
46	1638	1	7
135	1638	1	7
153	1638	1	7
158	1638	1	7
168	1638	1	7
355	1638	1	7
382	1638	1	7
46	1640	1	7
135	1640	1	7
153	1640	1	7
158	1640	1	7
168	1640	1	7
355	1640	1	7
382	1640	1	7
46	1642	1	7
135	1642	1	7
153	1642	1	7
158	1642	1	7
168	1642	1	7
355	1642	1	7
382	1642	1	7
46	1645	1	7
135	1645	1	7
153	1645	1	7
158	1645	1	7
168	1645	1	7
355	1645	1	7
382	1645	1	7
159	1649	1	7
357	1649	1	7
315	1652	1	7
353	1652	1	7
195	1667	1	7
128	1670	1	7
153	1670	1	7
225	1670	1	7
239	1670	1	7
285	1670	1	7
355	1670	1	7
33	1688	1	7
197	1688	1	7
336	1688	1	7
122	1694	1	7
223	1694	1	7
321	1694	1	7
39	1697	1	7
149	1700	1	7
223	1700	1	7
313	1700	1	7
282	1701	1	7
315	1701	1	7
199	1703	1	7
134	1705	1	7
118	1708	1	7
142	1708	1	7
143	1708	1	7
128	1711	1	7
153	1711	1	7
285	1711	1	7
100	1719	1	7
175	1719	1	7
38	1720	1	7
112	1720	1	7
116	1720	1	7
122	1720	1	7
218	1720	1	7
294	1720	1	7
355	1720	1	7
153	1725	1	7
20	1726	1	7
187	1726	1	7
116	1730	1	7
335	1730	1	7
32	1732	1	7
153	1732	1	7
251	1732	1	7
32	1737	2	7
52	1737	1	7
153	1737	1	7
251	1737	1	7
90	1741	1	7
62	1744	1	7
163	1744	1	7
335	1744	1	7
118	1754	1	7
191	1754	2	7
213	1754	1	7
225	1761	1	7
357	1761	1	7
46	1786	1	7
135	1786	1	7
153	1786	1	7
158	1786	1	7
168	1786	1	7
355	1786	1	7
382	1786	1	7
46	1788	1	7
135	1788	1	7
153	1788	1	7
158	1788	1	7
168	1788	1	7
355	1788	1	7
382	1788	1	7
46	1789	1	7
120	1789	1	7
135	1789	1	7
153	1789	1	7
158	1789	1	7
168	1789	1	7
355	1789	1	7
382	1789	1	7
46	1790	1	7
135	1790	1	7
153	1790	1	7
158	1790	1	7
168	1790	1	7
355	1790	1	7
382	1790	1	7
46	1791	1	7
135	1791	1	7
153	1791	1	7
158	1791	1	7
168	1791	1	7
355	1791	1	7
382	1791	1	7
46	1792	1	7
135	1792	1	7
153	1792	1	7
158	1792	1	7
168	1792	1	7
355	1792	1	7
382	1792	1	7
99	1793	1	7
112	1793	1	7
153	1793	1	7
240	1793	1	7
301	1793	2	7
322	1793	1	7
46	1794	1	7
135	1794	1	7
153	1794	1	7
158	1794	1	7
168	1794	1	7
355	1794	1	7
382	1794	1	7
46	1797	1	7
135	1797	1	7
153	1797	1	7
158	1797	1	7
168	1797	1	7
355	1797	1	7
382	1797	1	7
46	1798	1	7
135	1798	1	7
153	1798	1	7
158	1798	1	7
168	1798	1	7
355	1798	1	7
382	1798	1	7
46	1799	1	7
135	1799	1	7
153	1799	1	7
158	1799	1	7
166	1799	1	7
168	1799	1	7
190	1799	1	7
355	1799	1	7
382	1799	1	7
46	1800	1	7
135	1800	1	7
153	1800	1	7
158	1800	1	7
168	1800	1	7
355	1800	1	7
382	1800	1	7
99	1803	1	7
112	1803	1	7
153	1803	1	7
240	1803	1	7
301	1803	2	7
322	1803	1	7
383	1807	1	7
120	1809	1	7
188	1809	1	7
195	1809	1	7
216	1809	1	7
110	1818	1	7
120	1818	1	7
195	1818	1	7
89	1830	1	7
149	1830	1	7
307	1830	1	7
231	1844	1	7
245	1844	1	7
356	1844	1	7
176	1849	1	7
283	1849	1	7
366	1849	1	7
269	1855	1	7
3	1857	1	7
46	1858	1	7
135	1858	1	7
153	1858	1	7
158	1858	1	7
168	1858	1	7
355	1858	1	7
382	1858	1	7
153	1877	1	7
128	1896	1	7
153	1896	1	7
225	1896	1	7
239	1896	1	7
285	1896	1	7
128	1901	1	7
153	1901	1	7
225	1901	1	7
239	1901	1	7
285	1901	1	7
153	1907	1	7
124	1912	2	7
153	1912	1	7
266	1912	1	7
289	1912	1	7
196	1914	1	7
370	1914	1	7
124	1924	2	7
252	1924	1	7
10	1926	1	7
124	1926	2	7
176	1926	1	7
195	1926	1	7
354	1930	1	7
153	1934	1	7
295	1943	1	7
349	1943	1	7
107	1967	1	7
353	1967	1	7
366	1967	1	7
21	1969	1	7
356	1969	1	7
66	1970	1	7
192	1970	1	7
335	1970	1	7
356	1970	1	7
366	1970	1	7
165	1973	1	7
153	1975	1	7
277	1975	1	7
385	1975	1	7
13	1980	1	7
213	1980	1	7
202	1982	1	7
336	1991	1	7
78	1993	1	7
135	1993	1	7
349	1993	1	7
68	2033	1	7
77	2033	1	7
367	2033	1	7
124	2039	4	7
97	2042	1	7
159	2042	1	7
296	2042	1	7
335	2042	1	7
362	2042	1	7
98	2046	1	7
116	2046	1	7
307	2046	1	7
2	2049	1	7
124	2049	2	7
335	2049	1	7
341	1	1	8
19	16	1	8
99	16	1	8
288	16	1	8
322	16	1	8
25	18	1	8
25	20	1	8
82	20	1	8
366	21	1	8
89	22	1	8
149	22	1	8
307	22	1	8
147	24	1	8
199	24	2	8
335	24	1	8
12	33	1	8
203	33	1	8
91	42	1	8
217	42	1	8
220	42	1	8
199	54	1	8
89	61	1	8
214	61	1	8
298	61	1	8
307	61	1	8
342	61	1	8
257	104	1	8
13	152	1	8
162	152	1	8
195	152	1	8
203	152	1	8
122	154	1	8
310	154	1	8
376	154	1	8
353	157	1	8
122	158	1	8
253	158	1	8
336	158	1	8
254	162	1	8
12	166	1	8
118	166	1	8
153	166	2	8
159	166	1	8
221	166	1	8
289	166	1	8
68	169	1	8
195	169	1	8
68	170	1	8
310	170	1	8
195	172	1	8
192	177	1	8
28	179	1	8
114	179	1	8
336	179	1	8
193	182	1	8
104	184	1	8
123	184	1	8
32	192	1	8
35	192	1	8
81	192	1	8
153	192	1	8
224	192	1	8
235	192	1	8
324	192	1	8
195	206	1	8
153	214	1	8
170	214	1	8
193	214	1	8
195	214	1	8
200	214	1	8
159	217	1	8
276	217	2	8
145	222	1	8
117	224	1	8
274	224	1	8
279	224	1	8
295	224	1	8
75	226	1	8
113	226	1	8
153	226	1	8
282	226	1	8
289	226	1	8
279	227	1	8
356	227	1	8
13	228	1	8
99	228	1	8
231	228	1	8
270	228	1	8
275	228	1	8
377	228	1	8
112	229	1	8
149	229	1	8
195	229	1	8
112	230	1	8
149	230	1	8
195	230	1	8
160	232	1	8
195	232	1	8
279	232	1	8
153	235	1	8
356	235	1	8
59	236	1	8
140	236	1	8
340	236	1	8
72	237	1	8
153	237	1	8
195	237	1	8
289	237	2	8
117	238	1	8
335	238	1	8
95	269	1	8
126	269	1	8
236	269	1	8
307	292	1	8
319	295	1	8
47	327	1	8
50	327	1	8
113	327	1	8
153	327	1	8
187	327	1	8
235	327	2	8
254	327	1	8
249	330	1	8
353	330	1	8
109	331	1	8
137	331	1	8
249	331	1	8
358	331	1	8
22	332	1	8
213	332	1	8
353	332	1	8
107	333	1	8
266	333	1	8
193	334	1	8
249	334	1	8
306	337	1	8
123	338	1	8
160	351	1	8
326	352	1	8
134	365	1	8
117	397	1	8
195	397	1	8
252	427	1	8
76	438	1	8
304	438	1	8
313	438	1	8
321	438	1	8
199	447	1	8
292	447	1	8
329	447	1	8
366	447	1	8
231	474	1	8
223	485	1	8
220	525	1	8
32	537	2	8
153	537	1	8
235	537	1	8
295	537	1	8
153	552	1	8
118	594	1	8
32	598	1	8
153	598	1	8
235	598	1	8
301	598	1	8
321	598	1	8
65	642	1	8
141	642	1	8
290	642	1	8
39	669	1	8
29	676	1	8
122	676	1	8
208	676	1	8
1	694	1	8
117	694	1	8
348	694	1	8
360	694	1	8
117	701	1	8
195	701	1	8
231	701	1	8
99	724	1	8
108	728	1	8
182	733	1	8
221	733	1	8
214	736	1	8
32	744	1	8
153	744	1	8
235	744	1	8
153	748	1	8
65	778	1	8
195	781	1	8
102	782	1	8
221	782	1	8
172	785	1	8
310	789	1	8
61	791	1	8
217	791	1	8
356	791	1	8
366	800	1	8
135	806	1	8
344	806	1	8
373	855	1	8
32	873	1	8
153	873	1	8
235	873	1	8
182	886	1	8
91	894	1	8
199	894	1	8
99	895	1	8
282	895	1	8
195	905	1	8
233	914	1	8
109	939	1	8
241	939	1	8
17	948	1	8
131	948	1	8
134	948	1	8
153	948	1	8
148	975	1	8
284	975	1	8
199	1021	1	8
86	1025	1	8
153	1025	1	8
254	1025	1	8
287	1025	1	8
254	1030	1	8
335	1030	1	8
290	1062	1	8
136	1081	1	8
185	1081	1	8
304	1081	1	8
325	1081	1	8
369	1081	1	8
351	1089	1	8
252	1111	1	8
65	1118	1	8
256	1118	1	8
250	1126	1	8
118	1134	4	8
335	1134	1	8
59	1135	1	8
356	1135	1	8
156	1136	1	8
75	1137	1	8
334	1137	1	8
349	1137	1	8
356	1137	1	8
195	1148	1	8
231	1148	1	8
356	1148	1	8
92	1167	1	8
128	1167	1	8
9	1169	1	8
153	1169	1	8
177	1169	1	8
50	1174	1	8
136	1174	1	8
325	1174	1	8
363	1174	1	8
145	1180	1	8
136	1184	1	8
199	1184	1	8
236	1184	1	8
325	1184	1	8
102	1185	1	8
350	1185	1	8
356	1185	1	8
360	1195	1	8
1	1196	1	8
131	1196	1	8
136	1196	1	8
325	1196	1	8
134	1214	1	8
195	1214	1	8
52	1217	1	8
326	1217	1	8
153	1220	1	8
191	1228	1	8
59	1229	1	8
195	1229	1	8
357	1234	1	8
380	1234	1	8
113	1237	1	8
128	1237	1	8
335	1246	1	8
357	1246	1	8
32	1270	1	8
153	1270	1	8
235	1270	1	8
287	1270	1	8
32	1271	1	8
153	1271	1	8
235	1271	1	8
32	1273	1	8
153	1273	1	8
235	1273	1	8
32	1274	2	8
153	1274	1	8
235	1274	2	8
32	1275	1	8
153	1275	1	8
235	1275	1	8
128	1277	1	8
170	1277	1	8
200	1277	1	8
294	1277	1	8
153	1296	1	8
172	1296	1	8
153	1325	1	8
15	1326	2	8
93	1326	1	8
153	1326	1	8
181	1326	1	8
227	1326	1	8
99	1330	1	8
177	1330	1	8
301	1330	1	8
12	1331	1	8
336	1332	1	8
65	1333	1	8
92	1333	1	8
128	1333	1	8
130	1333	1	8
272	1333	1	8
74	1338	1	8
64	1341	1	8
44	1355	1	8
57	1355	1	8
108	1355	1	8
262	1355	1	8
64	1370	1	8
173	1370	1	8
315	1370	1	8
322	1370	2	8
374	1375	1	8
4	1399	1	8
108	1402	1	8
153	1402	1	8
38	1406	2	8
96	1406	1	8
242	1406	1	8
38	1408	2	8
96	1408	1	8
242	1408	1	8
38	1411	2	8
96	1411	1	8
242	1411	1	8
108	1437	1	8
59	1438	1	8
240	1438	1	8
249	1438	1	8
190	1460	1	8
349	1460	1	8
14	1474	1	8
141	1474	1	8
153	1507	1	8
208	1510	1	8
256	1517	1	8
366	1517	1	8
376	1517	1	8
15	1518	1	8
117	1518	1	8
299	1518	1	8
24	1524	1	8
319	1524	1	8
4	1529	1	8
153	1529	1	8
137	1536	1	8
143	1536	1	8
171	1536	1	8
283	1536	1	8
295	1536	1	8
310	1536	1	8
335	1536	1	8
113	1537	1	8
153	1537	1	8
335	1537	1	8
31	1542	1	8
185	1542	1	8
335	1542	1	8
126	1546	1	8
163	1546	1	8
302	1546	1	8
13	1550	1	8
156	1550	1	8
172	1550	1	8
341	1550	1	8
342	1550	1	8
153	1552	1	8
172	1552	1	8
245	1552	1	8
319	1552	1	8
25	1560	1	8
249	1560	1	8
331	1560	1	8
125	1565	1	8
19	1566	1	8
47	1566	1	8
92	1566	1	8
139	1566	1	8
195	1566	1	8
215	1566	1	8
252	1566	1	8
19	1567	1	8
59	1567	1	8
139	1567	1	8
270	1567	1	8
311	1573	1	8
123	1579	1	8
132	1579	1	8
262	1579	1	8
137	1580	2	8
350	1580	1	8
335	1587	2	8
2	1594	1	8
71	1594	1	8
153	1594	1	8
328	1594	1	8
137	1596	1	8
321	1596	1	8
73	1597	1	8
195	1597	1	8
77	1602	1	8
117	1602	1	8
367	1602	1	8
153	1605	1	8
159	1605	1	8
292	1605	1	8
110	1614	1	8
145	1614	1	8
276	1614	1	8
377	1614	1	8
153	1622	1	8
192	1622	1	8
312	1644	1	8
372	1644	1	8
376	1644	1	8
2	1647	1	8
102	1647	1	8
171	1647	2	8
372	1647	1	8
357	1648	1	8
359	1648	1	8
117	1657	1	8
153	1657	1	8
335	1657	1	8
128	1661	1	8
313	1661	1	8
225	1664	1	8
312	1664	1	8
331	1664	1	8
377	1664	1	8
68	1666	1	8
102	1666	1	8
195	1666	1	8
38	1674	1	8
117	1674	1	8
2	1678	1	8
171	1678	1	8
366	1678	1	8
262	1683	1	8
356	1683	1	8
32	1687	1	8
157	1691	1	8
380	1722	1	8
153	1727	1	8
212	1739	1	8
221	1739	1	8
371	1739	1	8
133	1740	1	8
85	1748	1	8
122	1748	1	8
172	1748	1	8
195	1760	1	8
203	1760	1	8
195	1764	1	8
227	1764	1	8
17	1765	1	8
134	1765	1	8
28	1772	2	8
128	1778	1	8
310	1778	1	8
335	1778	1	8
117	1780	1	8
122	1815	1	8
231	1815	1	8
48	1823	1	8
91	1823	1	8
257	1823	1	8
337	1823	1	8
195	1834	1	8
6	1838	1	8
188	1838	1	8
334	1838	1	8
377	1838	1	8
82	1841	1	8
171	1841	1	8
83	1842	1	8
226	1842	1	8
341	1842	1	8
110	1856	1	8
217	1856	1	8
263	1856	1	8
340	1856	1	8
361	1856	1	8
287	1866	1	8
14	1883	1	8
192	1883	1	8
287	1883	1	8
41	1906	1	8
187	1910	1	8
32	1918	2	8
153	1918	1	8
235	1918	1	8
295	1918	1	8
153	1920	1	8
117	1938	1	8
82	2000	1	8
90	2000	1	8
13	2012	1	8
115	2012	1	8
145	2012	1	8
150	2012	1	8
319	2012	1	8
348	2023	1	8
366	2023	1	8
