37	1	1	0
171	24	1	0
140	49	1	0
52	77	1	0
171	77	1	0
28	131	1	0
203	131	1	0
218	136	1	0
15	141	1	0
219	141	1	0
235	141	1	0
256	141	1	0
293	141	1	0
297	141	1	0
306	141	1	0
119	147	1	0
140	147	1	0
219	147	1	0
274	147	1	0
282	147	1	0
102	152	1	0
104	152	1	0
162	152	2	0
169	152	1	0
204	152	1	0
292	154	1	0
31	155	1	0
127	156	1	0
130	160	1	0
307	161	1	0
260	165	1	0
222	167	1	0
275	167	1	0
323	167	1	0
257	168	1	0
16	171	1	0
123	171	1	0
149	171	1	0
255	171	1	0
301	171	1	0
321	171	1	0
140	245	1	0
274	245	1	0
282	245	1	0
140	247	1	0
274	247	1	0
282	247	1	0
140	262	1	0
218	262	1	0
230	262	1	0
274	262	1	0
282	262	1	0
140	263	1	0
172	263	1	0
274	263	1	0
282	263	1	0
140	264	1	0
218	264	1	0
230	264	1	0
274	264	1	0
282	264	1	0
140	266	1	0
218	266	1	0
230	266	1	0
274	266	1	0
282	266	1	0
140	269	1	0
218	269	1	0
230	269	1	0
274	269	1	0
282	269	1	0
140	270	1	0
218	270	1	0
230	270	1	0
274	270	1	0
282	270	1	0
2	286	1	0
15	286	1	0
203	286	1	0
59	287	1	0
139	287	1	0
140	287	1	0
203	287	1	0
127	301	1	0
102	304	1	0
173	304	1	0
278	304	1	0
55	305	1	0
140	305	1	0
171	305	1	0
294	305	1	0
171	307	1	0
193	307	1	0
291	307	1	0
1	309	1	0
101	309	1	0
291	309	1	0
301	309	1	0
291	310	1	0
297	310	1	0
309	310	1	0
122	313	1	0
171	313	1	0
173	313	1	0
251	313	1	0
92	315	1	0
13	320	1	0
291	320	1	0
33	321	1	0
140	321	1	0
106	323	1	0
287	323	1	0
302	323	1	0
180	325	1	0
16	326	1	0
95	326	1	0
106	326	1	0
180	326	1	0
287	326	1	0
22	328	1	0
40	328	1	0
46	328	1	0
22	332	2	0
114	332	1	0
323	332	1	0
137	333	1	0
171	333	1	0
172	333	2	0
180	333	1	0
190	333	1	0
167	334	1	0
140	335	1	0
205	335	1	0
14	337	1	0
171	337	1	0
216	337	1	0
222	337	1	0
269	337	1	0
8	338	1	0
100	338	1	0
203	338	1	0
226	338	1	0
301	338	1	0
126	342	1	0
112	346	1	0
172	346	1	0
180	346	1	0
190	346	1	0
280	346	1	0
297	346	1	0
302	346	1	0
307	346	1	0
167	347	1	0
184	347	1	0
114	348	1	0
204	348	1	0
291	348	1	0
171	359	1	0
140	360	1	0
199	360	1	0
214	360	1	0
114	366	1	0
306	366	1	0
114	370	1	0
171	385	1	0
43	395	1	0
117	395	1	0
138	395	1	0
104	397	1	0
140	397	1	0
203	397	1	0
206	397	1	0
134	399	1	0
53	432	1	0
171	432	1	0
145	433	1	0
306	433	1	0
302	443	1	0
121	444	1	0
235	444	1	0
265	444	1	0
297	444	1	0
8	445	1	0
52	445	1	0
120	445	1	0
87	452	1	0
150	452	1	0
262	452	1	0
283	452	1	0
194	463	1	0
236	463	1	0
246	463	1	0
250	472	1	0
285	472	1	0
46	476	1	0
140	476	1	0
106	477	1	0
77	486	1	0
309	486	1	0
119	493	1	0
140	493	1	0
56	513	1	0
263	542	1	0
257	548	1	0
311	552	1	0
41	563	1	0
91	563	1	0
140	563	1	0
205	563	1	0
262	563	1	0
187	568	1	0
190	568	1	0
243	568	1	0
171	573	1	0
212	573	1	0
278	573	1	0
138	602	1	0
231	602	1	0
258	602	1	0
1	603	1	0
167	603	1	0
231	603	1	0
41	606	1	0
140	606	1	0
164	606	1	0
19	607	1	0
117	607	1	0
194	607	1	0
301	607	1	0
310	608	1	0
88	609	1	0
104	609	1	0
139	609	1	0
244	609	1	0
299	609	1	0
47	610	1	0
75	610	2	0
129	610	1	0
160	610	1	0
19	614	1	0
24	614	1	0
53	614	1	0
226	614	1	0
301	614	1	0
19	615	1	0
81	615	1	0
301	615	1	0
47	617	1	0
98	617	1	0
216	617	1	0
42	618	1	0
106	618	1	0
126	618	1	0
167	618	1	0
304	618	1	0
112	621	1	0
261	621	1	0
270	621	1	0
272	621	1	0
19	622	1	0
167	622	1	0
168	622	1	0
301	622	1	0
9	625	1	0
100	625	1	0
166	625	1	0
213	625	1	0
91	627	2	0
140	627	1	0
205	627	2	0
260	635	1	0
158	655	1	0
267	655	1	0
306	655	1	0
27	665	1	0
51	665	1	0
130	665	1	0
228	665	1	0
284	665	1	0
104	681	1	0
130	681	1	0
284	681	1	0
130	688	1	0
147	688	1	0
56	700	1	0
147	700	1	0
25	704	1	0
112	704	1	0
31	705	1	0
166	705	1	0
25	707	1	0
126	707	1	0
133	707	1	0
302	707	1	0
85	710	1	0
87	710	1	0
258	710	1	0
39	711	1	0
98	711	1	0
140	711	1	0
223	711	1	0
168	717	1	0
247	717	1	0
9	719	1	0
25	719	1	0
281	719	1	0
147	720	1	0
85	726	1	0
152	726	1	0
322	726	1	0
91	730	1	0
140	730	1	0
216	730	1	0
270	730	1	0
73	734	1	0
81	734	1	0
228	734	1	0
34	735	1	0
174	736	1	0
190	736	1	0
191	736	1	0
310	736	1	0
47	745	1	0
57	745	1	0
266	745	1	0
15	746	1	0
108	746	1	0
265	746	1	0
320	746	1	0
91	765	1	0
140	765	1	0
205	765	1	0
242	765	1	0
278	770	1	0
284	770	1	0
306	770	1	0
104	774	1	0
139	774	1	0
147	774	1	0
9	794	1	0
92	794	1	0
165	794	1	0
237	794	2	0
320	794	1	0
23	816	1	0
54	817	1	0
59	817	1	0
116	817	1	0
6	842	1	0
78	842	1	0
97	842	1	0
162	842	1	0
317	844	1	0
4	846	1	0
31	846	1	0
125	846	1	0
174	846	1	0
272	846	1	0
301	846	1	0
85	848	1	0
190	848	1	0
254	848	1	0
278	848	1	0
300	848	1	0
301	848	1	0
6	849	1	0
126	849	1	0
252	849	1	0
261	849	1	0
266	849	1	0
190	850	1	0
228	850	1	0
254	851	1	0
13	856	1	0
265	856	1	0
190	859	1	0
278	859	1	0
301	859	2	0
59	864	1	0
68	864	1	0
116	864	1	0
140	864	1	0
9	874	1	0
39	874	1	0
101	874	1	0
6	882	1	0
266	882	1	0
76	883	1	0
117	883	1	0
226	883	1	0
251	883	1	0
284	883	1	0
301	883	1	0
116	888	1	0
42	891	1	0
140	891	1	0
6	898	1	0
323	898	1	0
124	900	1	0
190	900	1	0
104	902	1	0
91	904	1	0
140	904	1	0
205	904	1	0
270	906	1	0
91	907	1	0
140	907	1	0
205	907	1	0
235	907	1	0
67	908	1	0
130	908	1	0
6	913	1	0
261	913	1	0
151	916	1	0
303	916	1	0
306	916	1	0
54	920	1	0
116	920	1	0
124	920	1	0
149	920	1	0
215	920	1	0
1	922	1	0
42	922	1	0
126	922	1	0
139	922	1	0
159	922	1	0
310	922	1	0
87	925	1	0
190	925	1	0
143	928	1	0
280	928	1	0
310	928	1	0
267	930	1	0
299	930	1	0
53	932	1	0
167	932	1	0
65	946	1	0
124	950	1	0
215	950	1	0
30	954	1	0
155	954	1	0
167	954	1	0
214	954	1	0
278	954	1	0
253	963	1	0
102	981	1	0
133	981	1	0
157	981	1	0
200	981	1	0
301	981	1	0
140	984	1	0
60	986	1	0
116	986	1	0
54	995	1	0
116	995	1	0
54	1010	1	0
116	1010	1	0
124	1018	1	0
116	1019	1	0
143	1021	1	0
266	1021	1	0
310	1021	1	0
214	1022	1	0
57	1027	1	0
107	1027	1	0
128	1027	1	0
284	1027	1	0
76	1034	1	0
104	1034	1	0
306	1034	1	0
133	1052	1	0
136	1052	1	0
100	1061	1	0
136	1061	1	0
61	1062	1	0
147	1062	1	0
51	1063	1	0
147	1063	1	0
312	1063	2	0
150	1087	1	0
236	1087	1	0
262	1087	1	0
116	1099	1	0
163	1099	1	0
31	1109	1	0
234	1109	1	0
13	1113	1	0
177	1113	1	0
206	1113	1	0
215	1113	1	0
217	1113	1	0
234	1113	1	0
13	1117	1	0
89	1117	1	0
207	1117	1	0
215	1117	1	0
217	1117	1	0
234	1117	1	0
55	1123	1	0
47	1127	1	0
23	1130	1	0
54	1130	1	0
126	1130	1	0
153	1130	1	0
190	1130	1	0
2	1137	1	0
51	1137	1	0
104	1137	1	0
187	1137	1	0
301	1137	1	0
116	1144	1	0
74	1149	1	0
113	1149	1	0
14	1153	1	0
53	1153	1	0
310	1153	1	0
61	1161	1	0
247	1161	1	0
23	1178	1	0
87	1178	1	0
278	1178	2	0
312	1178	1	0
97	1179	1	0
140	1179	1	0
302	1179	1	0
7	1185	1	0
166	1185	1	0
97	1186	1	0
140	1186	1	0
271	1186	1	0
103	1187	1	0
140	1187	1	0
278	1187	1	0
286	1187	1	0
113	1190	1	0
140	1190	1	0
231	1193	1	0
322	1193	1	0
121	1197	1	0
266	1197	1	0
278	1197	1	0
302	1197	1	0
38	1198	1	0
174	1198	1	0
260	1198	1	0
277	1198	1	0
275	1200	1	0
293	1200	1	0
2	1201	1	0
85	1201	1	0
87	1201	1	0
136	1201	1	0
140	1201	1	0
182	1201	1	0
5	1211	1	0
183	1211	1	0
204	1220	1	0
277	1220	1	0
23	1221	1	0
110	1221	5	0
153	1221	1	0
73	1223	1	0
237	1223	1	0
171	1228	1	0
195	1228	1	0
123	1229	1	0
188	1229	1	0
90	1239	1	0
131	1239	1	0
147	1239	1	0
188	1244	1	0
268	1244	1	0
188	1249	1	0
288	1249	1	0
64	1252	2	0
67	1252	1	0
77	1255	1	0
288	1255	1	0
124	1257	1	0
105	1262	2	0
173	1262	1	0
20	1264	1	0
83	1264	1	0
171	1264	1	0
256	1267	1	0
100	1275	1	0
140	1275	1	0
225	1275	1	0
260	1275	1	0
113	1290	1	0
64	1291	1	0
78	1291	1	0
79	1291	1	0
140	1291	1	0
301	1291	1	0
33	1294	1	0
154	1294	1	0
165	1294	2	0
314	1294	1	0
73	1295	1	0
188	1295	1	0
301	1295	1	0
153	1301	1	0
304	1301	2	0
104	1302	1	0
317	1302	1	0
13	1303	1	0
263	1303	1	0
275	1303	1	0
141	1304	1	0
104	1306	1	0
188	1306	1	0
135	1307	1	0
136	1307	1	0
187	1307	1	0
203	1307	1	0
236	1307	1	0
319	1307	1	0
113	1310	1	0
131	1310	1	0
217	1310	1	0
247	1310	1	0
106	1311	1	0
180	1311	1	0
34	1312	1	0
85	1312	1	0
74	1317	1	0
93	1317	1	0
124	1317	1	0
167	1317	1	0
215	1317	1	0
253	1317	1	0
278	1317	1	0
304	1317	1	0
306	1317	1	0
309	1323	1	0
188	1336	1	0
35	1343	1	0
85	1343	1	0
126	1343	1	0
278	1343	1	0
100	1344	1	0
11	1377	1	0
83	1377	1	0
85	1377	1	0
278	1377	1	0
312	1377	1	0
140	1384	1	0
242	1384	1	0
140	1442	1	0
119	1459	1	0
39	1470	1	0
140	1470	1	0
174	1470	2	0
246	1478	1	0
266	1478	1	0
278	1478	1	0
109	1495	1	0
171	1495	1	0
208	1495	1	0
213	1520	1	0
71	1521	1	0
114	1521	1	0
140	1521	1	0
233	1521	1	0
171	1525	1	0
183	1525	1	0
215	1525	1	0
195	1532	1	0
306	1532	1	0
192	1546	1	0
307	1550	1	0
226	1566	1	0
278	1566	1	0
298	1566	1	0
315	1566	1	0
93	1574	2	0
242	1574	1	0
199	1576	1	0
266	1576	1	0
18	1580	1	0
122	1580	1	0
139	1580	1	0
140	1580	1	0
112	1601	1	0
171	1601	2	0
307	1601	1	0
140	1607	1	0
109	1610	1	0
134	1610	2	0
85	1614	1	0
140	1617	2	0
287	1617	1	0
85	1624	1	0
295	1624	1	0
5	1625	1	0
140	1625	1	0
5	1628	1	0
68	1628	1	0
5	1664	1	0
304	1665	1	0
18	1280	1	1
140	1280	1	1
86	9	1	2
144	9	1	2
171	9	1	2
209	9	1	2
283	9	1	2
12	58	1	2
88	58	1	2
91	58	1	2
96	58	1	2
140	58	1	2
235	58	1	2
278	58	1	2
78	79	1	2
278	117	1	2
12	157	1	2
140	157	1	2
205	157	1	2
246	158	1	2
79	182	1	2
144	182	1	2
12	184	1	2
140	184	1	2
205	184	1	2
77	213	1	2
138	213	1	2
140	213	1	2
200	213	1	2
235	213	1	2
249	213	1	2
278	213	1	2
119	214	1	2
213	214	1	2
221	214	1	2
140	215	1	2
235	215	1	2
237	215	1	2
278	215	1	2
60	220	1	2
112	220	1	2
140	220	1	2
235	220	1	2
272	220	1	2
278	220	1	2
259	225	2	2
305	225	1	2
142	227	1	2
112	228	1	2
247	228	1	2
12	230	1	2
140	230	1	2
205	230	1	2
1	231	1	2
124	231	1	2
142	231	1	2
231	231	1	2
259	231	2	2
301	231	1	2
124	232	1	2
226	232	1	2
227	232	1	2
30	237	1	2
191	237	1	2
249	237	1	2
109	242	1	2
142	242	1	2
263	242	1	2
308	242	1	2
311	242	1	2
12	250	1	2
140	250	1	2
205	250	1	2
221	312	1	2
293	312	1	2
79	314	1	2
221	314	1	2
80	317	1	2
105	317	1	2
130	317	1	2
207	317	1	2
212	317	1	2
246	317	1	2
278	317	1	2
171	319	1	2
221	319	1	2
294	319	1	2
140	341	1	2
149	341	1	2
129	356	1	2
140	369	1	2
164	369	1	2
210	369	1	2
233	369	1	2
278	380	1	2
12	387	2	2
41	387	1	2
140	387	1	2
205	387	1	2
12	393	1	2
140	393	1	2
177	393	1	2
206	393	1	2
262	393	1	2
264	393	1	2
266	393	1	2
321	398	1	2
42	408	1	2
140	408	1	2
210	408	1	2
203	447	1	2
26	507	1	2
228	507	1	2
260	507	1	2
20	514	1	2
76	536	1	2
167	536	1	2
169	536	1	2
191	536	1	2
261	536	2	2
12	541	1	2
41	541	1	2
140	541	1	2
8	593	1	2
306	600	1	2
32	612	1	2
286	612	1	2
42	648	1	2
104	648	1	2
224	648	1	2
262	648	1	2
253	649	1	2
140	675	1	2
307	675	1	2
140	678	1	2
268	678	1	2
161	702	1	2
16	708	1	2
197	708	1	2
245	708	1	2
284	708	1	2
12	714	1	2
140	714	1	2
246	714	1	2
12	716	1	2
41	716	1	2
140	716	1	2
205	716	1	2
248	716	1	2
10	757	1	2
140	757	1	2
205	757	1	2
167	763	1	2
88	782	1	2
161	782	1	2
237	782	1	2
104	790	1	2
113	790	1	2
262	790	1	2
231	792	1	2
263	792	1	2
5	795	1	2
101	795	1	2
150	795	1	2
231	800	1	2
144	807	1	2
140	886	1	2
315	886	1	2
138	909	1	2
317	909	1	2
136	911	1	2
138	911	1	2
187	911	1	2
317	911	1	2
85	927	1	2
146	927	1	2
84	938	1	2
140	938	1	2
203	938	1	2
219	938	1	2
278	938	1	2
301	938	1	2
121	943	1	2
221	943	1	2
237	943	1	2
278	943	1	2
310	943	1	2
165	958	1	2
187	958	1	2
140	965	1	2
187	965	1	2
222	965	1	2
278	965	1	2
43	998	1	2
112	998	1	2
127	998	1	2
140	998	1	2
278	998	1	2
172	1011	5	2
67	1037	1	2
8	1042	1	2
57	1042	1	2
12	1050	1	2
140	1050	1	2
205	1050	1	2
243	1050	1	2
104	1053	1	2
187	1053	1	2
140	1056	1	2
149	1056	1	2
171	1056	1	2
232	1065	1	2
304	1065	1	2
67	1066	1	2
310	1066	1	2
85	1073	1	2
128	1083	1	2
167	1083	1	2
112	1098	1	2
157	1098	1	2
221	1098	1	2
263	1098	1	2
8	1112	1	2
263	1121	1	2
304	1121	1	2
235	1157	1	2
308	1157	1	2
68	1160	1	2
164	1160	1	2
124	1163	1	2
278	1163	1	2
310	1163	1	2
167	1172	1	2
263	1172	1	2
304	1172	1	2
12	1209	1	2
85	1209	1	2
140	1209	1	2
278	1209	1	2
65	1251	1	2
98	1251	1	2
140	1251	1	2
140	1274	1	2
81	1279	1	2
236	1279	1	2
317	1279	1	2
192	1286	1	2
96	1287	1	2
142	1287	1	2
187	1287	1	2
263	1287	1	2
308	1287	1	2
320	1287	1	2
10	1296	1	2
50	1296	1	2
97	1296	1	2
179	1296	1	2
220	1296	1	2
238	1296	1	2
2	1329	1	2
279	1329	1	2
263	1337	1	2
278	1337	1	2
323	1337	1	2
140	1354	1	2
140	1386	1	2
219	1386	1	2
90	1394	1	2
287	1394	1	2
12	1399	1	2
84	1399	2	2
210	1399	1	2
224	1399	1	2
80	1412	1	2
203	1412	1	2
307	1412	1	2
215	1425	1	2
296	1425	1	2
12	1436	1	2
140	1436	1	2
205	1436	1	2
122	1439	1	2
140	1439	1	2
171	1439	1	2
192	1439	1	2
194	1439	1	2
242	1439	1	2
12	1467	1	2
140	1467	1	2
205	1467	1	2
237	1475	1	2
42	1482	1	2
84	1482	1	2
140	1482	1	2
213	1482	1	2
236	1482	1	2
12	1533	1	2
140	1533	1	2
205	1533	1	2
219	1534	1	2
297	1534	1	2
2	1543	1	2
85	1543	1	2
140	1543	1	2
278	1543	1	2
12	1572	1	2
140	1572	1	2
205	1572	1	2
140	1583	1	2
17	1585	1	2
140	1585	1	2
183	1585	1	2
40	1586	1	2
140	1606	1	2
244	1606	1	2
197	34	1	3
299	34	1	3
162	37	1	3
230	37	1	3
16	38	1	3
310	38	2	3
315	38	1	3
15	42	1	3
19	42	1	3
140	42	1	3
165	42	1	3
287	42	1	3
24	88	1	3
85	88	1	3
280	88	1	3
165	89	1	3
240	89	1	3
265	89	1	3
321	89	1	3
124	90	1	3
171	90	1	3
240	90	1	3
122	91	1	3
135	91	1	3
240	91	1	3
240	95	1	3
240	97	1	3
265	97	1	3
106	98	1	3
120	98	1	3
135	98	1	3
146	98	1	3
237	98	1	3
240	98	1	3
69	99	1	3
314	99	1	3
159	100	1	3
187	100	1	3
261	100	1	3
314	100	1	3
260	101	1	3
314	101	1	3
31	102	1	3
154	102	1	3
187	102	1	3
193	102	1	3
203	102	1	3
277	102	1	3
314	102	1	3
26	103	1	3
314	103	1	3
314	104	1	3
260	106	1	3
261	106	1	3
314	106	1	3
302	108	1	3
314	108	1	3
84	110	1	3
267	110	1	3
314	110	1	3
33	111	1	3
53	111	1	3
106	111	2	3
314	111	1	3
44	169	1	3
71	169	1	3
159	169	1	3
77	177	1	3
138	177	2	3
163	177	1	3
308	177	1	3
58	183	1	3
249	183	1	3
64	240	1	3
212	240	1	3
316	240	1	3
67	251	1	3
140	251	1	3
8	292	1	3
43	292	1	3
278	292	1	3
20	296	1	3
84	296	1	3
126	296	1	3
140	296	1	3
270	296	1	3
308	296	1	3
124	345	1	3
163	345	1	3
215	345	1	3
130	365	1	3
140	365	1	3
231	365	1	3
325	365	1	3
137	377	1	3
301	377	1	3
263	406	1	3
301	406	1	3
141	407	1	3
298	407	1	3
171	409	1	3
253	409	1	3
58	411	1	3
249	411	1	3
28	412	1	3
50	412	1	3
226	412	1	3
275	412	1	3
58	413	1	3
81	413	1	3
249	413	1	3
58	418	1	3
77	418	1	3
138	418	1	3
249	418	1	3
257	418	1	3
100	419	2	3
296	419	1	3
158	424	1	3
215	424	1	3
315	424	1	3
9	426	1	3
106	426	1	3
140	426	1	3
66	429	1	3
140	429	1	3
203	429	1	3
140	431	1	3
246	431	1	3
41	436	1	3
140	436	1	3
312	436	1	3
32	453	1	3
273	453	1	3
42	467	1	3
81	467	1	3
140	467	1	3
205	467	1	3
206	467	1	3
210	467	1	3
233	467	1	3
278	501	1	3
51	543	1	3
200	543	1	3
220	543	1	3
312	543	1	3
200	545	1	3
220	545	1	3
312	545	1	3
171	549	1	3
320	549	1	3
140	567	1	3
182	567	1	3
219	567	1	3
226	567	1	3
96	582	1	3
100	582	1	3
252	582	1	3
164	585	1	3
217	585	1	3
280	585	1	3
314	585	1	3
140	594	1	3
228	594	1	3
310	604	1	3
33	605	1	3
140	605	1	3
149	605	1	3
243	605	1	3
82	650	1	3
140	650	1	3
219	650	1	3
317	650	1	3
74	653	2	3
124	653	1	3
136	653	1	3
257	653	1	3
99	659	1	3
100	659	1	3
152	659	1	3
165	659	2	3
173	659	1	3
284	659	1	3
140	671	1	3
200	671	1	3
104	693	1	3
147	693	1	3
137	694	1	3
203	694	1	3
212	694	1	3
59	724	1	3
171	724	1	3
253	724	1	3
278	724	1	3
303	724	1	3
202	805	1	3
301	805	1	3
220	814	1	3
4	819	1	3
140	819	1	3
8	826	1	3
140	837	1	3
36	854	1	3
140	854	1	3
284	866	1	3
140	869	1	3
18	889	1	3
130	894	1	3
88	897	1	3
278	897	1	3
299	897	1	3
150	939	1	3
262	939	1	3
278	939	1	3
104	944	1	3
223	944	1	3
236	944	1	3
284	944	1	3
167	969	1	3
323	969	1	3
31	982	1	3
301	982	1	3
61	994	1	3
189	994	1	3
61	996	1	3
147	996	1	3
266	996	1	3
323	996	1	3
200	1005	1	3
89	1020	1	3
278	1020	1	3
286	1020	1	3
120	1049	2	3
135	1049	1	3
160	1049	2	3
187	1051	1	3
92	1070	1	3
124	1070	1	3
28	1072	1	3
158	1074	1	3
126	1077	1	3
139	1077	1	3
171	1077	2	3
140	1148	1	3
301	1148	1	3
111	1245	1	3
226	1245	1	3
284	1245	1	3
38	1283	1	3
140	1283	2	3
202	1283	1	3
292	1300	1	3
152	1320	1	3
152	1322	1	3
159	1361	1	3
233	1361	1	3
310	1361	1	3
112	1367	1	3
300	1367	1	3
137	1408	1	3
225	1423	1	3
304	1423	1	3
171	1493	1	3
259	1493	1	3
167	1522	1	3
167	1524	1	3
317	1524	1	3
35	1526	1	3
108	1526	1	3
167	1526	1	3
191	1526	1	3
271	1526	1	3
301	1526	1	3
278	1527	1	3
215	1530	1	3
187	1547	1	3
215	1548	1	3
304	1548	1	3
152	1549	1	3
187	1549	1	3
107	1552	1	3
215	1552	1	3
266	1552	1	3
106	1582	1	3
119	1582	1	3
140	1582	1	3
171	1584	1	3
172	1584	2	3
192	1584	1	3
278	1584	2	3
73	1631	1	3
249	1631	1	3
266	1631	1	3
306	1631	1	3
104	1241	2	4
136	1241	2	4
278	1241	1	4
76	1248	1	4
108	1248	1	4
184	1248	1	4
202	1248	1	4
224	1248	1	4
303	1250	1	4
123	1260	1	4
184	1260	1	4
306	1260	1	4
310	1263	1	4
140	1265	1	4
166	1265	1	4
250	1265	1	4
285	1265	1	4
14	1270	1	4
140	1271	1	4
270	1271	1	4
129	1277	1	4
129	1281	1	4
266	1284	1	4
106	1285	1	4
140	1285	1	4
158	1285	1	4
229	1285	1	4
278	1285	1	4
140	1293	1	4
250	1293	1	4
285	1293	1	4
320	1293	1	4
53	1299	1	4
280	1314	1	4
104	1325	1	4
129	1325	1	4
287	1325	1	4
306	1325	1	4
108	1327	1	4
144	1327	1	4
9	1333	1	4
165	1333	1	4
167	1333	1	4
304	1333	1	4
108	1338	1	4
155	1338	1	4
165	1338	1	4
166	1338	1	4
167	1338	1	4
304	1341	1	4
11	1346	1	4
140	1346	1	4
140	1351	1	4
278	1351	1	4
140	1469	1	4
205	1469	1	4
283	6	1	5
167	7	1	5
187	7	1	5
189	7	1	5
289	7	1	5
171	8	1	5
21	11	1	5
58	13	1	5
67	13	1	5
77	13	1	5
203	13	1	5
249	13	1	5
257	13	1	5
287	13	1	5
18	16	1	5
72	16	1	5
122	16	1	5
187	21	1	5
18	22	1	5
122	22	1	5
135	25	1	5
136	25	1	5
165	26	1	5
304	26	1	5
40	27	1	5
144	27	1	5
287	27	1	5
84	28	1	5
167	28	1	5
52	29	1	5
202	29	1	5
148	30	1	5
203	30	1	5
305	30	1	5
130	31	1	5
22	32	1	5
140	32	1	5
108	33	1	5
260	33	1	5
301	33	1	5
277	36	1	5
15	39	1	5
194	39	1	5
77	40	1	5
136	43	1	5
187	43	1	5
242	43	1	5
125	45	1	5
164	45	1	5
192	45	1	5
242	45	1	5
298	45	1	5
318	45	1	5
325	45	1	5
104	46	1	5
172	46	5	5
213	46	1	5
158	47	1	5
5	50	1	5
283	50	1	5
323	50	1	5
3	51	1	5
37	51	1	5
138	51	1	5
167	51	1	5
213	51	1	5
287	51	1	5
5	52	1	5
127	52	1	5
143	52	1	5
304	52	1	5
148	53	1	5
280	53	1	5
287	53	1	5
301	53	1	5
84	54	1	5
76	59	1	5
278	59	1	5
5	60	1	5
154	60	1	5
203	60	1	5
226	60	1	5
283	60	1	5
323	60	1	5
148	61	1	5
171	63	1	5
106	64	1	5
319	64	1	5
15	65	1	5
108	65	1	5
136	65	1	5
257	65	1	5
287	65	1	5
319	65	1	5
60	67	1	5
216	67	1	5
228	67	1	5
273	67	1	5
307	67	1	5
15	69	1	5
161	69	1	5
287	69	1	5
301	69	1	5
9	70	1	5
256	73	1	5
278	73	1	5
9	74	1	5
304	74	1	5
31	76	1	5
112	76	1	5
215	76	1	5
292	76	1	5
209	78	1	5
257	78	1	5
300	78	1	5
213	80	1	5
214	81	1	5
278	81	1	5
203	84	1	5
140	87	1	5
18	92	1	5
122	92	1	5
17	93	1	5
27	93	1	5
136	93	1	5
301	93	1	5
18	94	1	5
72	94	1	5
122	94	1	5
30	105	1	5
93	105	1	5
260	105	1	5
250	109	1	5
301	109	1	5
20	112	1	5
310	112	1	5
55	115	1	5
140	115	1	5
226	116	1	5
238	116	1	5
81	119	1	5
310	119	1	5
20	121	1	5
66	121	2	5
122	121	1	5
66	123	1	5
82	123	1	5
122	123	1	5
136	123	1	5
171	123	1	5
206	123	1	5
66	124	1	5
82	124	1	5
137	124	1	5
140	124	1	5
206	124	1	5
215	127	1	5
293	130	1	5
88	132	1	5
109	132	1	5
123	132	1	5
213	132	1	5
304	132	1	5
141	133	1	5
52	138	1	5
76	138	1	5
100	138	1	5
85	146	1	5
85	149	1	5
124	163	1	5
203	166	1	5
206	166	1	5
203	170	1	5
73	172	1	5
310	172	1	5
115	173	1	5
167	173	1	5
236	173	1	5
305	173	1	5
277	174	1	5
76	175	1	5
203	175	1	5
312	175	1	5
78	180	1	5
128	181	1	5
212	181	1	5
37	185	1	5
95	185	1	5
312	186	1	5
228	187	1	5
140	189	1	5
171	189	1	5
197	190	1	5
115	192	1	5
167	192	1	5
69	193	1	5
326	193	1	5
222	194	1	5
324	194	1	5
213	195	1	5
106	196	1	5
139	196	1	5
139	199	1	5
215	199	1	5
303	199	1	5
203	200	1	5
278	200	1	5
301	200	1	5
100	203	1	5
164	203	1	5
190	203	1	5
298	203	2	5
306	203	1	5
100	204	1	5
139	204	1	5
213	204	1	5
287	204	1	5
305	204	1	5
115	205	1	5
164	205	1	5
167	205	1	5
203	205	1	5
236	205	1	5
267	205	1	5
309	205	1	5
90	206	1	5
257	206	1	5
3	207	1	5
9	207	1	5
141	207	1	5
187	207	1	5
293	208	1	5
122	210	1	5
3	211	1	5
31	211	1	5
315	211	1	5
245	212	1	5
140	218	1	5
171	218	1	5
205	218	1	5
140	219	1	5
172	219	1	5
92	221	1	5
78	222	1	5
140	222	1	5
171	222	1	5
205	222	1	5
196	223	1	5
276	223	1	5
140	224	1	5
205	224	1	5
325	224	1	5
21	226	1	5
253	226	1	5
283	226	1	5
107	233	1	5
164	233	1	5
171	233	2	5
171	236	1	5
304	239	1	5
21	241	1	5
92	241	1	5
304	241	1	5
138	243	1	5
30	244	1	5
134	246	1	5
155	246	1	5
163	246	1	5
155	248	1	5
163	248	1	5
310	253	1	5
71	254	1	5
131	254	1	5
144	254	1	5
133	255	1	5
304	255	1	5
124	256	1	5
124	257	1	5
72	258	1	5
146	258	1	5
64	259	1	5
85	259	1	5
103	259	1	5
131	259	1	5
187	259	1	5
266	259	1	5
21	261	1	5
283	261	1	5
168	265	1	5
283	265	1	5
301	265	1	5
323	265	1	5
85	267	1	5
215	267	1	5
310	267	1	5
171	271	1	5
60	272	1	5
243	272	1	5
171	273	1	5
237	273	1	5
287	273	1	5
301	273	1	5
266	274	1	5
92	275	1	5
294	275	1	5
324	275	1	5
144	276	1	5
87	279	1	5
106	280	1	5
110	280	2	5
153	281	1	5
265	284	1	5
113	285	1	5
140	285	1	5
244	285	1	5
58	290	1	5
249	290	1	5
319	291	1	5
187	299	1	5
294	299	1	5
131	303	1	5
146	303	1	5
250	303	1	5
278	303	1	5
206	308	1	5
233	308	1	5
278	308	1	5
176	311	1	5
215	311	1	5
100	324	1	5
270	324	1	5
173	327	1	5
284	327	1	5
70	339	1	5
210	339	1	5
235	339	1	5
284	339	1	5
37	349	1	5
257	349	1	5
144	350	1	5
81	353	1	5
140	353	1	5
171	353	1	5
104	363	1	5
199	363	1	5
248	363	1	5
177	364	1	5
206	364	1	5
138	367	1	5
293	367	1	5
104	371	1	5
226	371	1	5
207	373	1	5
284	383	1	5
167	396	1	5
203	396	1	5
104	410	1	5
203	410	3	5
245	410	1	5
232	414	1	5
104	421	1	5
226	421	1	5
315	421	1	5
140	422	1	5
203	422	1	5
34	427	1	5
85	427	1	5
111	427	1	5
260	427	1	5
1	435	1	5
243	435	1	5
15	437	1	5
126	437	1	5
52	438	1	5
317	438	1	5
160	440	1	5
187	440	1	5
193	440	1	5
209	440	1	5
278	440	1	5
73	448	1	5
85	451	1	5
224	451	1	5
287	457	1	5
140	458	1	5
243	458	1	5
18	470	1	5
48	470	1	5
140	470	1	5
153	470	1	5
162	470	1	5
167	470	1	5
233	470	1	5
252	470	1	5
261	470	1	5
122	473	1	5
120	475	1	5
14	478	1	5
140	478	1	5
46	479	1	5
106	482	1	5
17	488	1	5
28	488	1	5
110	497	3	5
203	500	1	5
269	500	1	5
301	500	1	5
186	510	1	5
219	510	1	5
245	510	1	5
167	516	1	5
211	516	1	5
211	517	1	5
81	518	1	5
137	518	1	5
284	520	1	5
277	523	1	5
171	532	1	5
15	538	1	5
17	538	1	5
117	538	1	5
203	538	1	5
225	538	1	5
319	539	1	5
321	539	1	5
171	546	1	5
279	546	1	5
203	547	1	5
280	547	1	5
301	547	1	5
18	566	1	5
42	566	1	5
111	566	1	5
309	566	1	5
299	569	1	5
216	570	1	5
244	584	1	5
258	584	1	5
326	591	1	5
193	598	1	5
320	598	1	5
119	599	1	5
309	599	1	5
193	601	1	5
219	611	1	5
203	619	1	5
265	619	1	5
43	623	1	5
136	623	1	5
140	623	1	5
24	624	1	5
167	626	1	5
310	626	1	5
140	629	1	5
242	629	1	5
114	631	1	5
125	631	1	5
255	631	1	5
85	632	1	5
125	642	1	5
278	642	1	5
308	642	1	5
182	643	1	5
237	643	1	5
287	643	1	5
302	643	1	5
18	645	1	5
74	647	1	5
101	647	1	5
108	647	1	5
77	658	1	5
85	658	1	5
138	658	1	5
258	658	1	5
284	658	1	5
302	658	1	5
48	660	1	5
140	660	1	5
231	660	1	5
233	660	1	5
278	660	1	5
32	661	1	5
104	662	1	5
120	664	1	5
270	666	1	5
295	666	1	5
270	670	2	5
284	670	1	5
118	673	1	5
278	676	1	5
103	679	1	5
108	679	1	5
293	679	1	5
88	684	1	5
231	684	1	5
234	684	1	5
106	685	1	5
112	685	1	5
220	685	1	5
310	685	1	5
151	689	1	5
176	690	1	5
31	695	1	5
153	696	1	5
91	697	1	5
140	697	1	5
232	697	1	5
97	698	1	5
104	698	1	5
140	698	1	5
181	698	1	5
298	698	1	5
203	699	1	5
70	703	1	5
103	706	1	5
86	709	1	5
93	709	1	5
140	709	1	5
242	709	1	5
43	712	1	5
326	713	1	5
245	721	1	5
294	721	1	5
37	725	1	5
225	725	1	5
321	725	1	5
19	738	1	5
87	738	1	5
248	738	1	5
33	741	1	5
260	741	1	5
202	742	1	5
211	742	1	5
301	742	1	5
317	742	1	5
85	743	1	5
143	743	1	5
254	743	1	5
326	743	1	5
97	744	2	5
140	744	1	5
181	744	2	5
205	744	1	5
106	747	1	5
110	747	5	5
140	747	1	5
309	747	1	5
171	748	1	5
211	748	1	5
85	750	1	5
172	750	3	5
243	750	1	5
17	753	1	5
83	753	1	5
24	756	1	5
76	756	1	5
8	758	1	5
148	758	1	5
51	759	1	5
104	759	1	5
107	759	1	5
171	759	1	5
226	759	2	5
55	760	1	5
88	760	1	5
137	760	1	5
175	760	1	5
278	760	1	5
292	760	1	5
133	762	1	5
243	762	1	5
266	762	1	5
171	764	1	5
215	764	1	5
112	768	2	5
187	768	2	5
9	769	1	5
97	769	1	5
140	769	1	5
181	769	1	5
174	772	1	5
203	772	1	5
237	772	1	5
301	772	1	5
147	773	1	5
323	778	1	5
37	787	1	5
122	796	1	5
272	796	1	5
83	797	1	5
104	797	1	5
147	797	1	5
278	797	1	5
306	797	1	5
75	799	1	5
140	799	1	5
205	799	1	5
264	799	1	5
74	802	1	5
154	802	1	5
298	802	1	5
26	804	1	5
76	804	1	5
137	804	1	5
308	804	2	5
167	809	1	5
171	809	1	5
67	810	1	5
273	810	1	5
270	811	1	5
130	812	1	5
191	812	1	5
63	813	1	5
93	818	1	5
140	818	1	5
158	818	1	5
52	821	1	5
100	821	1	5
131	821	1	5
171	821	1	5
187	821	1	5
222	821	1	5
250	821	1	5
277	821	1	5
278	823	1	5
293	823	1	5
298	823	1	5
61	825	1	5
109	825	1	5
63	827	1	5
279	827	1	5
305	830	1	5
82	833	1	5
136	833	1	5
187	833	1	5
261	833	1	5
308	833	1	5
124	835	1	5
156	835	1	5
85	836	1	5
315	836	1	5
215	838	1	5
316	838	1	5
325	843	1	5
24	845	1	5
156	845	1	5
298	845	1	5
51	847	1	5
321	847	3	5
298	852	1	5
302	852	2	5
156	858	1	5
164	858	1	5
237	858	1	5
110	863	3	5
243	863	1	5
39	865	1	5
56	865	2	5
321	865	1	5
302	867	1	5
203	868	1	5
279	868	1	5
30	871	1	5
104	871	1	5
108	871	1	5
147	871	1	5
278	871	1	5
301	871	1	5
17	878	1	5
147	878	1	5
284	878	1	5
100	879	1	5
140	879	1	5
260	879	1	5
272	879	1	5
65	881	1	5
106	881	1	5
140	881	1	5
2	884	1	5
26	884	1	5
278	884	1	5
38	885	1	5
323	887	1	5
84	890	1	5
139	890	1	5
224	890	1	5
14	892	1	5
18	892	1	5
122	892	1	5
171	892	1	5
127	893	1	5
106	896	1	5
311	896	1	5
171	899	2	5
243	899	1	5
104	901	1	5
21	903	1	5
279	903	1	5
40	910	1	5
124	910	1	5
215	910	1	5
167	912	1	5
323	912	1	5
128	914	1	5
215	917	1	5
3	924	1	5
217	924	1	5
76	933	1	5
138	933	1	5
212	933	1	5
25	935	1	5
98	937	1	5
3	942	1	5
122	942	1	5
310	957	1	5
140	964	1	5
278	964	1	5
72	966	1	5
187	966	1	5
3	967	1	5
136	967	1	5
302	967	1	5
167	968	1	5
243	968	1	5
278	968	1	5
310	968	1	5
13	972	1	5
167	973	1	5
140	974	1	5
80	975	1	5
237	975	1	5
140	979	1	5
211	983	1	5
142	985	1	5
156	985	1	5
1	987	1	5
125	987	1	5
182	987	1	5
309	987	1	5
80	990	1	5
84	990	1	5
147	990	1	5
215	990	1	5
275	990	1	5
302	990	1	5
63	992	1	5
286	999	1	5
301	999	1	5
160	1003	1	5
248	1003	1	5
63	1007	1	5
174	1007	1	5
279	1007	1	5
84	1023	1	5
140	1023	1	5
254	1025	1	5
278	1025	1	5
4	1028	1	5
65	1028	1	5
70	1028	1	5
176	1028	1	5
209	1028	1	5
222	1028	1	5
284	1031	1	5
187	1033	1	5
278	1033	1	5
308	1033	1	5
171	1038	1	5
226	1038	1	5
266	1038	1	5
140	1039	1	5
211	1041	1	5
237	1041	1	5
124	1043	1	5
127	1043	1	5
195	1043	1	5
306	1043	1	5
171	1044	1	5
63	1045	1	5
104	1045	1	5
312	1045	1	5
60	1047	1	5
100	1059	1	5
278	1059	1	5
125	1064	1	5
147	1064	1	5
278	1064	1	5
301	1064	1	5
308	1064	1	5
312	1064	1	5
98	1067	1	5
140	1067	1	5
296	1068	1	5
309	1068	1	5
286	1071	1	5
54	1075	1	5
90	1076	1	5
265	1076	1	5
124	1079	1	5
136	1079	1	5
254	1079	1	5
234	1080	1	5
140	1081	1	5
156	1081	1	5
167	1081	1	5
71	1082	1	5
96	1082	1	5
213	1082	1	5
278	1082	1	5
65	1084	1	5
287	1084	1	5
105	1085	1	5
229	1085	1	5
149	1086	1	5
115	1092	1	5
112	1093	1	5
115	1093	1	5
116	1093	2	5
148	1093	1	5
278	1093	1	5
45	1095	1	5
99	1095	1	5
300	1095	1	5
304	1095	1	5
45	1096	1	5
99	1096	1	5
300	1096	1	5
304	1096	1	5
66	1100	1	5
122	1100	1	5
136	1100	1	5
140	1100	1	5
47	1103	1	5
91	1104	1	5
140	1104	1	5
205	1104	1	5
100	1108	1	5
140	1108	1	5
167	1108	1	5
45	1116	1	5
87	1120	1	5
292	1120	1	5
124	1122	1	5
113	1125	1	5
227	1125	1	5
270	1129	2	5
278	1129	1	5
310	1129	2	5
238	1132	1	5
254	1132	1	5
211	1134	1	5
301	1134	1	5
104	1135	1	5
81	1140	1	5
171	1140	1	5
124	1143	1	5
59	1145	1	5
47	1150	1	5
278	1151	1	5
13	1152	1	5
167	1152	1	5
187	1154	1	5
165	1165	1	5
219	1170	1	5
65	1174	1	5
124	1176	1	5
301	1177	1	5
44	1181	1	5
292	1181	1	5
140	1182	1	5
150	1182	1	5
205	1182	1	5
262	1182	1	5
140	1183	1	5
281	1184	1	5
306	1188	1	5
108	1191	1	5
153	1191	1	5
258	1204	1	5
278	1204	1	5
298	1204	1	5
275	1213	1	5
85	1214	1	5
279	1214	1	5
97	1215	1	5
140	1215	1	5
181	1215	1	5
205	1215	1	5
284	1219	1	5
31	1227	1	5
93	1232	1	5
171	1232	1	5
196	1232	1	5
276	1232	1	5
91	1233	1	5
140	1233	1	5
205	1233	1	5
187	1234	1	5
196	1234	1	5
276	1234	1	5
144	1235	1	5
196	1235	1	5
276	1235	1	5
122	1236	1	5
196	1236	1	5
276	1236	1	5
165	1237	1	5
287	1237	1	5
99	1240	1	5
163	1240	1	5
206	1240	1	5
253	1240	1	5
159	1242	1	5
171	1242	1	5
308	1242	1	5
172	1258	3	5
244	1258	1	5
23	1261	1	5
87	1261	1	5
140	1261	1	5
301	1268	1	5
50	1272	1	5
140	1272	1	5
190	1272	1	5
197	1272	1	5
132	1297	1	5
140	1297	1	5
205	1297	1	5
92	1308	1	5
140	1308	1	5
148	1308	1	5
211	1308	1	5
48	1309	1	5
69	1309	1	5
131	1309	1	5
250	1309	1	5
278	1313	1	5
48	1318	1	5
69	1318	1	5
106	1318	1	5
131	1318	1	5
250	1318	1	5
310	1318	1	5
38	1319	1	5
167	1319	1	5
232	1319	1	5
293	1319	1	5
87	1321	1	5
301	1324	1	5
278	1326	1	5
318	1326	1	5
115	1328	1	5
182	1328	1	5
308	1328	1	5
83	1332	1	5
84	1334	1	5
113	1334	1	5
278	1334	1	5
293	1334	1	5
171	1340	1	5
253	1340	1	5
294	1340	1	5
281	1342	1	5
226	1348	1	5
195	1349	1	5
306	1349	1	5
32	1350	1	5
143	1356	1	5
107	1357	1	5
223	1357	1	5
303	1357	1	5
143	1363	1	5
310	1363	1	5
323	1363	1	5
287	1368	1	5
312	1368	1	5
265	1370	1	5
2	1373	1	5
122	1373	1	5
209	1373	1	5
1	1374	1	5
195	1374	1	5
305	1374	1	5
203	1376	1	5
209	1376	1	5
268	1376	1	5
278	1376	1	5
288	1376	1	5
303	1376	1	5
52	1379	1	5
195	1379	2	5
306	1379	1	5
140	1381	1	5
238	1381	1	5
256	1381	1	5
263	1385	1	5
237	1387	1	5
118	1389	1	5
140	1389	1	5
205	1389	1	5
233	1389	1	5
316	1392	1	5
140	1393	1	5
202	1393	1	5
59	1403	1	5
80	1403	1	5
140	1403	1	5
152	1403	1	5
53	1405	1	5
65	1405	1	5
72	1405	1	5
74	1405	1	5
11	1410	1	5
226	1410	1	5
123	1411	1	5
139	1411	1	5
192	1411	1	5
301	1411	1	5
13	1413	1	5
104	1413	1	5
171	1413	1	5
226	1413	1	5
278	1413	1	5
167	1417	1	5
131	1419	1	5
219	1419	1	5
250	1419	1	5
50	1421	1	5
90	1421	1	5
174	1421	1	5
14	1432	1	5
226	1432	1	5
104	1435	1	5
168	1435	1	5
184	1435	1	5
191	1435	2	5
232	1435	1	5
278	1435	1	5
313	1435	1	5
78	1441	1	5
210	1441	1	5
252	1441	1	5
301	1441	2	5
112	1447	1	5
140	1447	1	5
278	1447	1	5
311	1447	1	5
4	1448	1	5
67	1448	1	5
126	1450	1	5
271	1450	1	5
313	1451	1	5
320	1451	1	5
213	1452	1	5
278	1452	1	5
136	1453	1	5
164	1453	2	5
244	1453	1	5
52	1455	1	5
279	1455	1	5
284	1455	1	5
140	1457	1	5
150	1457	1	5
205	1457	1	5
262	1457	1	5
219	1458	1	5
187	1460	1	5
302	1460	1	5
167	1464	1	5
190	1464	1	5
279	1464	1	5
320	1464	1	5
171	1465	1	5
102	1472	1	5
167	1472	1	5
33	1474	1	5
236	1480	1	5
140	1488	1	5
238	1488	1	5
312	1488	1	5
208	1489	1	5
143	1490	1	5
278	1496	1	5
17	1497	1	5
23	1497	1	5
171	1497	1	5
203	1498	1	5
223	1498	1	5
203	1499	1	5
312	1500	1	5
134	1507	1	5
273	1509	1	5
79	1510	1	5
80	1510	1	5
184	1510	1	5
226	1510	1	5
253	1510	1	5
275	1510	1	5
278	1510	1	5
208	1511	1	5
287	1511	1	5
322	1511	1	5
318	1512	1	5
187	1513	1	5
165	1515	1	5
229	1515	1	5
208	1516	1	5
312	1516	1	5
104	1517	1	5
167	1517	1	5
176	1517	1	5
312	1517	1	5
48	1518	1	5
83	1518	1	5
187	1518	1	5
278	1518	1	5
257	1523	1	5
140	1529	1	5
106	1531	1	5
121	1531	1	5
311	1531	1	5
35	1536	1	5
73	1536	1	5
74	1536	1	5
106	1536	1	5
265	1536	1	5
315	1536	1	5
31	1538	1	5
268	1538	1	5
67	1539	1	5
151	1539	1	5
313	1539	1	5
130	1542	1	5
140	1542	1	5
35	1544	1	5
74	1544	1	5
141	1544	1	5
304	1544	1	5
167	1551	1	5
171	1551	1	5
68	1553	1	5
70	1554	1	5
71	1554	1	5
164	1554	1	5
267	1554	1	5
304	1554	2	5
140	1555	1	5
226	1557	1	5
310	1557	1	5
11	1558	1	5
110	1558	1	5
140	1558	1	5
255	1558	1	5
91	1562	1	5
233	1562	1	5
140	1564	1	5
34	1569	1	5
301	1569	2	5
113	1571	1	5
284	1571	1	5
125	1573	1	5
154	1573	1	5
110	1577	1	5
140	1577	1	5
165	1577	1	5
110	1579	5	5
195	1579	1	5
18	1589	2	5
122	1589	1	5
140	1589	1	5
140	1590	1	5
171	1597	1	5
27	1599	1	5
140	1599	1	5
144	1599	1	5
310	1599	1	5
67	1603	1	5
124	1603	1	5
143	1603	1	5
169	1603	1	5
266	1615	1	5
302	1616	1	5
215	1618	1	5
266	1618	1	5
71	1619	1	5
302	1620	1	5
52	1623	1	5
103	1623	1	5
205	1623	1	5
301	1623	1	5
105	1627	1	5
310	1627	1	5
103	1630	1	5
203	1630	1	5
131	1635	1	5
250	1635	1	5
140	1636	1	5
226	1636	1	5
273	1636	1	5
295	1636	1	5
312	1636	1	5
140	1638	1	5
216	1638	1	5
278	1639	1	5
184	1641	1	5
140	1642	1	5
189	1645	1	5
289	1645	1	5
298	1645	1	5
301	1648	1	5
14	1650	1	5
165	1650	1	5
280	1650	1	5
278	1651	1	5
136	1653	1	5
165	1653	1	5
189	1653	1	5
289	1653	1	5
76	1656	1	5
137	1656	1	5
32	1657	1	5
165	1657	1	5
189	1657	1	5
289	1657	1	5
114	1659	1	5
189	1659	1	5
289	1659	1	5
177	1660	1	5
206	1660	1	5
246	1660	1	5
32	1666	1	5
190	1666	1	5
45	1670	1	5
69	1670	1	5
22	1672	1	5
140	1672	1	5
237	1673	1	5
72	1674	1	5
189	1674	1	5
289	1674	1	5
306	1674	1	5
140	1677	1	5
140	1678	1	5
144	1678	1	5
236	1678	1	5
64	1680	1	5
176	1680	1	5
205	1680	1	5
215	1680	1	5
125	1681	1	5
138	1681	1	5
293	1681	1	5
140	1682	1	5
203	1683	1	5
277	1683	1	5
324	1684	1	5
215	1686	1	5
278	1686	1	5
325	1687	1	5
9	1688	1	5
67	1688	1	5
85	1688	1	5
140	20	1	6
171	20	1	6
287	20	1	6
106	466	1	6
159	466	1	6
278	466	1	6
183	729	1	6
17	731	1	6
151	731	1	6
256	731	1	6
306	731	1	6
34	732	1	6
88	732	1	6
281	732	1	6
140	1035	1	6
164	1035	1	6
323	1078	1	6
110	1643	8	6
131	3	1	7
140	3	1	7
152	4	1	7
167	4	1	7
171	4	1	7
278	12	1	7
326	12	1	7
8	17	1	7
100	96	1	7
140	96	1	7
140	125	1	7
205	125	1	7
325	125	1	7
112	143	1	7
27	148	1	7
140	148	1	7
171	148	1	7
210	201	1	7
210	202	1	7
284	202	1	7
49	209	1	7
140	209	1	7
205	209	1	7
242	209	1	7
140	217	1	7
167	217	1	7
59	229	1	7
49	289	1	7
140	289	1	7
205	289	1	7
15	293	1	7
140	322	1	7
175	322	1	7
91	330	1	7
140	330	1	7
205	330	1	7
91	331	1	7
140	331	1	7
205	331	1	7
262	331	1	7
137	344	1	7
187	344	1	7
309	344	1	7
36	361	1	7
91	361	1	7
140	361	1	7
193	362	1	7
79	368	1	7
111	368	1	7
140	368	1	7
167	368	1	7
171	368	2	7
193	379	1	7
140	382	1	7
77	384	1	7
85	384	1	7
138	384	1	7
257	384	1	7
190	415	1	7
312	415	1	7
37	416	1	7
104	416	1	7
225	416	1	7
47	450	1	7
231	450	1	7
91	455	1	7
140	455	1	7
205	455	1	7
233	455	1	7
306	456	1	7
140	460	1	7
36	461	1	7
91	461	1	7
140	461	1	7
199	461	1	7
205	461	1	7
301	485	1	7
140	491	1	7
116	496	1	7
140	498	1	7
91	502	1	7
140	502	1	7
271	502	1	7
229	521	1	7
165	534	1	7
140	557	1	7
197	557	1	7
145	558	1	7
171	558	1	7
207	558	1	7
255	558	1	7
306	558	1	7
10	561	1	7
91	561	1	7
140	561	1	7
205	561	1	7
306	576	1	7
140	628	1	7
205	628	1	7
233	628	2	7
91	651	1	7
140	651	1	7
205	651	1	7
41	728	1	7
36	740	1	7
91	740	1	7
140	740	1	7
199	740	1	7
205	740	1	7
140	751	1	7
230	751	1	7
233	751	1	7
91	752	1	7
139	752	2	7
140	752	1	7
175	752	1	7
206	752	1	7
233	752	1	7
86	767	1	7
100	767	1	7
316	767	1	7
52	771	1	7
103	771	1	7
106	771	3	7
140	771	1	7
299	771	1	7
311	771	1	7
91	785	1	7
140	785	1	7
205	785	1	7
7	828	1	7
140	828	1	7
191	828	1	7
278	828	2	7
308	828	1	7
91	873	1	7
140	873	1	7
242	873	1	7
91	880	1	7
140	880	1	7
205	880	1	7
91	919	1	7
140	919	1	7
205	919	1	7
242	919	1	7
147	934	1	7
91	936	1	7
140	936	1	7
205	936	1	7
23	941	1	7
25	941	1	7
279	941	1	7
320	941	1	7
187	945	1	7
23	948	1	7
52	948	1	7
108	948	1	7
167	948	1	7
248	948	1	7
272	948	1	7
275	948	1	7
147	949	1	7
279	949	1	7
216	970	1	7
73	977	1	7
31	980	1	7
226	988	1	7
265	1000	1	7
206	1006	1	7
306	1006	1	7
124	1008	1	7
147	1008	1	7
89	1014	1	7
109	1014	1	7
147	1014	1	7
112	1015	1	7
278	1015	1	7
297	1015	1	7
106	1016	1	7
104	1024	1	7
147	1024	1	7
106	1040	1	7
167	1040	1	7
272	1040	1	7
278	1040	1	7
17	1057	1	7
23	1057	1	7
104	1057	1	7
105	1057	1	7
248	1057	1	7
284	1057	1	7
147	1058	1	7
275	1058	1	7
312	1058	1	7
51	1060	1	7
248	1060	1	7
315	1060	1	7
121	1088	1	7
251	1088	1	7
260	1088	1	7
45	1089	1	7
91	1089	1	7
140	1089	1	7
205	1089	1	7
91	1090	1	7
140	1090	1	7
205	1090	1	7
233	1105	1	7
91	1111	1	7
140	1111	1	7
205	1111	1	7
91	1114	1	7
140	1114	1	7
195	1114	1	7
171	1115	1	7
270	1115	1	7
48	1118	1	7
52	1118	1	7
104	1118	1	7
140	1118	1	7
195	1118	1	7
203	1118	1	7
229	1118	1	7
309	1118	1	7
108	1119	1	7
268	1119	1	7
306	1119	1	7
246	1196	1	7
270	1196	1	7
102	1217	1	7
203	1217	1	7
195	1222	1	7
306	1222	1	7
89	1226	1	7
140	1226	1	7
171	1226	1	7
205	1226	1	7
207	1226	1	7
325	1226	1	7
171	1247	1	7
172	1247	1	7
67	1253	1	7
68	1253	1	7
301	1253	1	7
138	1269	1	7
197	1269	1	7
232	1269	1	7
302	1269	1	7
171	1298	1	7
299	1298	1	7
124	1339	1	7
165	1339	1	7
325	1339	1	7
18	1375	1	7
52	1375	2	7
140	1375	1	7
183	1375	1	7
320	1378	1	7
45	1382	1	7
140	1382	1	7
195	1383	1	7
140	1391	1	7
203	1391	1	7
169	1415	1	7
130	1416	1	7
198	1416	1	7
111	1420	2	7
198	1420	1	7
75	1422	1	7
304	1424	1	7
219	1427	1	7
140	1429	1	7
165	1429	1	7
320	1429	1	7
198	1430	1	7
57	1431	1	7
322	1434	1	7
162	1438	1	7
198	1446	1	7
167	1454	1	7
198	1454	1	7
89	1476	1	7
105	1476	1	7
263	1476	1	7
226	1483	1	7
9	1492	1	7
85	1535	1	7
197	1535	1	7
8	1556	1	7
14	1556	1	7
22	1556	1	7
140	1556	1	7
140	1563	1	7
167	1563	1	7
170	1563	1	7
140	1581	1	7
91	1587	1	7
140	1587	1	7
205	1587	1	7
140	1593	1	7
254	1593	1	7
278	1596	1	7
171	1613	1	7
288	1654	1	7
140	1655	1	7
140	1658	1	7
140	1662	1	7
155	1662	1	7
219	1662	1	7
18	1679	1	7
122	1679	1	7
140	1679	1	7
170	1679	1	7
73	2	1	8
34	5	1	8
103	5	1	8
31	18	1	8
38	18	1	8
201	18	1	8
208	18	1	8
247	18	1	8
140	19	1	8
170	19	1	8
101	35	1	8
140	35	1	8
40	48	1	8
281	56	1	8
44	57	1	8
58	57	1	8
67	57	1	8
249	57	1	8
252	57	1	8
59	66	1	8
9	68	1	8
85	68	1	8
106	68	1	8
219	68	1	8
230	68	1	8
140	83	1	8
290	83	1	8
10	107	1	8
50	107	1	8
140	107	1	8
179	107	1	8
44	129	1	8
223	129	1	8
232	137	1	8
235	137	1	8
257	137	1	8
243	140	1	8
323	140	1	8
166	144	1	8
232	144	1	8
108	145	1	8
255	145	1	8
167	150	1	8
14	151	1	8
187	151	1	8
94	159	1	8
132	159	1	8
140	159	1	8
170	159	1	8
205	159	1	8
120	176	1	8
246	176	1	8
260	176	1	8
287	176	1	8
44	178	1	8
203	178	1	8
284	178	1	8
285	178	1	8
140	252	2	8
71	282	1	8
190	282	1	8
140	288	1	8
218	288	1	8
230	288	1	8
290	288	1	8
310	294	2	8
140	295	1	8
56	297	1	8
82	297	1	8
122	297	1	8
278	297	1	8
140	298	1	8
145	298	1	8
173	298	1	8
138	300	1	8
171	300	1	8
254	300	1	8
280	300	1	8
301	300	1	8
124	302	1	8
193	302	1	8
206	306	1	8
46	316	1	8
57	318	1	8
124	318	1	8
152	318	1	8
284	318	1	8
82	329	1	8
100	329	1	8
173	329	1	8
207	329	1	8
246	329	1	8
284	329	1	8
246	340	1	8
168	343	1	8
62	351	1	8
167	351	1	8
245	351	1	8
62	354	1	8
141	354	2	8
227	354	1	8
245	354	1	8
269	354	1	8
298	354	1	8
140	355	1	8
210	355	1	8
219	355	1	8
297	355	1	8
62	357	1	8
85	357	1	8
118	357	1	8
130	357	1	8
245	357	1	8
113	358	1	8
126	358	1	8
200	358	1	8
140	372	1	8
149	372	1	8
241	372	1	8
140	374	1	8
149	374	1	8
205	374	1	8
212	374	1	8
251	374	1	8
173	375	1	8
177	375	1	8
207	375	1	8
246	375	1	8
284	375	1	8
140	386	1	8
136	390	1	8
203	390	1	8
246	390	1	8
106	391	1	8
106	392	1	8
9	394	1	8
141	394	1	8
144	394	1	8
164	394	1	8
165	394	1	8
231	394	1	8
58	401	1	8
77	401	1	8
95	401	1	8
138	401	1	8
249	401	1	8
140	403	1	8
8	405	1	8
56	417	1	8
85	417	1	8
15	420	1	8
171	420	1	8
190	420	1	8
278	423	1	8
301	423	1	8
308	423	1	8
24	428	1	8
100	428	1	8
46	430	1	8
140	430	1	8
284	430	1	8
309	430	1	8
203	434	1	8
140	439	1	8
218	439	1	8
230	439	1	8
233	439	1	8
140	441	1	8
140	442	1	8
55	446	1	8
232	446	1	8
271	446	1	8
310	462	1	8
278	464	1	8
140	468	1	8
233	468	1	8
201	469	1	8
31	471	1	8
201	471	1	8
232	471	1	8
301	471	2	8
140	474	1	8
140	480	1	8
149	480	1	8
188	480	1	8
29	483	1	8
186	483	1	8
241	483	1	8
245	483	1	8
278	483	1	8
104	484	1	8
284	484	1	8
150	487	1	8
262	487	1	8
46	489	1	8
119	489	1	8
140	489	1	8
124	490	1	8
193	490	1	8
140	492	1	8
140	494	1	8
205	494	1	8
210	494	1	8
239	494	1	8
42	495	1	8
137	495	1	8
186	495	1	8
260	495	1	8
300	495	1	8
152	499	1	8
203	499	1	8
29	503	1	8
86	503	1	8
186	503	1	8
227	503	1	8
104	505	1	8
245	505	1	8
269	505	1	8
145	506	2	8
162	506	1	8
28	508	1	8
92	508	1	8
140	508	1	8
145	508	1	8
246	508	1	8
81	509	1	8
91	509	1	8
140	509	1	8
270	509	1	8
295	512	1	8
64	515	1	8
202	515	1	8
245	515	1	8
301	515	1	8
86	519	1	8
104	519	1	8
140	522	1	8
168	525	1	8
178	525	1	8
185	525	1	8
178	526	1	8
185	526	1	8
295	527	1	8
171	528	1	8
178	528	1	8
185	528	1	8
292	529	1	8
124	530	1	8
178	531	1	8
185	531	1	8
212	531	1	8
293	531	2	8
75	533	1	8
237	535	1	8
284	537	1	8
62	550	1	8
201	550	1	8
245	550	1	8
117	551	1	8
140	551	1	8
270	551	1	8
75	553	1	8
231	553	1	8
278	553	1	8
86	554	1	8
199	554	1	8
251	554	1	8
55	555	1	8
134	556	1	8
203	556	1	8
278	556	1	8
79	559	1	8
113	559	1	8
157	559	1	8
199	559	1	8
201	559	1	8
227	559	1	8
140	560	1	8
149	560	1	8
241	560	1	8
140	562	1	8
149	562	1	8
67	564	1	8
93	564	1	8
140	564	1	8
86	565	1	8
157	565	1	8
199	565	1	8
201	565	1	8
226	565	1	8
227	565	1	8
296	565	1	8
93	571	1	8
112	571	1	8
167	571	1	8
261	571	1	8
313	571	1	8
51	574	1	8
86	575	1	8
104	575	1	8
199	575	1	8
229	575	1	8
253	575	1	8
301	575	1	8
17	577	1	8
215	579	1	8
75	583	1	8
246	583	1	8
306	583	1	8
169	586	1	8
177	586	1	8
206	586	1	8
26	587	1	8
93	587	1	8
109	587	1	8
161	587	1	8
167	587	2	8
42	590	1	8
284	590	1	8
42	592	1	8
284	592	1	8
140	595	1	8
36	613	1	8
140	613	1	8
175	613	1	8
205	613	1	8
233	613	1	8
140	616	1	8
176	616	1	8
219	616	1	8
270	616	1	8
278	616	1	8
318	616	1	8
267	630	1	8
306	630	1	8
226	633	1	8
9	634	1	8
154	636	1	8
301	637	1	8
50	638	1	8
96	638	1	8
158	638	1	8
206	638	1	8
151	639	1	8
140	640	1	8
66	641	1	8
118	641	1	8
136	641	2	8
140	641	1	8
271	641	1	8
122	646	1	8
215	646	1	8
9	652	1	8
95	652	1	8
278	652	1	8
306	652	1	8
172	654	1	8
20	656	1	8
66	656	1	8
140	667	1	8
219	667	1	8
11	668	1	8
104	668	1	8
284	668	1	8
87	669	1	8
99	669	1	8
104	669	1	8
251	669	1	8
287	669	1	8
20	672	1	8
66	672	1	8
122	672	1	8
140	674	1	8
143	674	1	8
171	677	1	8
222	677	1	8
140	680	1	8
223	680	1	8
41	682	1	8
136	682	1	8
278	682	1	8
65	683	1	8
140	683	1	8
114	686	1	8
301	686	1	8
140	687	1	8
147	687	1	8
16	722	2	8
35	722	1	8
140	733	1	8
205	733	1	8
233	733	2	8
140	739	1	8
94	754	1	8
132	754	1	8
139	754	1	8
140	754	1	8
205	754	1	8
264	754	1	8
7	761	1	8
70	761	1	8
140	761	1	8
263	761	1	8
57	766	1	8
140	766	1	8
205	766	1	8
210	766	1	8
239	766	1	8
226	775	1	8
231	775	1	8
246	775	1	8
233	776	1	8
62	779	1	8
220	779	1	8
245	779	1	8
104	780	1	8
287	780	1	8
29	781	1	8
200	781	1	8
227	781	1	8
104	783	1	8
20	784	1	8
29	786	1	8
157	786	1	8
227	786	1	8
241	786	1	8
275	786	1	8
321	786	1	8
29	788	1	8
2	789	1	8
140	789	1	8
205	789	2	8
233	789	2	8
94	793	1	8
132	793	1	8
140	793	1	8
233	793	1	8
140	815	1	8
144	815	1	8
278	815	1	8
42	820	1	8
171	820	1	8
216	820	1	8
270	820	1	8
278	820	1	8
306	820	1	8
140	829	1	8
167	829	1	8
182	829	1	8
164	831	1	8
10	832	1	8
53	832	1	8
163	832	1	8
179	832	1	8
16	834	1	8
146	834	1	8
173	834	1	8
313	834	1	8
140	839	1	8
205	839	1	8
206	839	1	8
233	839	1	8
49	840	1	8
91	840	1	8
131	840	1	8
140	840	1	8
181	840	1	8
210	840	1	8
85	841	1	8
259	841	1	8
92	857	1	8
143	857	1	8
102	870	1	8
203	870	1	8
301	870	1	8
49	876	2	8
140	876	1	8
205	876	2	8
213	895	1	8
301	895	1	8
308	895	1	8
45	905	1	8
213	905	1	8
308	905	1	8
56	915	1	8
108	915	1	8
292	915	1	8
136	918	1	8
140	918	1	8
306	918	1	8
32	931	1	8
278	931	1	8
66	947	2	8
122	947	1	8
136	947	2	8
144	947	1	8
187	947	1	8
140	951	1	8
205	951	1	8
210	951	1	8
239	951	1	8
121	952	1	8
130	952	1	8
113	953	1	8
140	953	1	8
171	956	1	8
301	956	1	8
75	959	1	8
109	959	1	8
158	959	1	8
266	959	1	8
72	960	1	8
124	960	1	8
205	960	1	8
301	962	1	8
130	971	1	8
195	971	1	8
279	971	1	8
304	971	1	8
94	976	2	8
132	976	2	8
140	976	1	8
205	976	2	8
202	989	1	8
237	989	1	8
110	991	1	8
165	991	1	8
167	991	1	8
172	991	1	8
235	991	1	8
14	997	1	8
171	997	1	8
203	997	1	8
254	997	1	8
301	997	1	8
316	1001	1	8
259	1002	1	8
93	1009	1	8
140	1009	1	8
205	1009	1	8
210	1009	1	8
239	1009	1	8
104	1012	1	8
165	1012	1	8
171	1012	1	8
228	1012	2	8
306	1012	1	8
134	1017	1	8
164	1017	1	8
167	1029	1	8
253	1029	1	8
108	1036	1	8
320	1036	1	8
14	1048	1	8
74	1048	1	8
140	1048	1	8
210	1048	1	8
113	1091	1	8
284	1091	1	8
140	1094	1	8
218	1094	1	8
230	1094	1	8
290	1094	1	8
140	1097	1	8
218	1097	1	8
230	1097	1	8
290	1097	1	8
140	1101	1	8
205	1101	1	8
210	1101	1	8
239	1101	1	8
140	1102	1	8
299	1102	1	8
140	1106	1	8
232	1106	1	8
140	1124	1	8
205	1124	1	8
210	1124	1	8
239	1124	1	8
151	1126	1	8
304	1126	2	8
7	1131	1	8
140	1131	1	8
65	1133	1	8
140	1133	1	8
209	1133	1	8
219	1133	1	8
174	1136	1	8
190	1136	1	8
53	1138	1	8
161	1138	1	8
66	1141	1	8
118	1141	1	8
122	1141	1	8
140	1141	1	8
140	1142	1	8
167	1142	1	8
231	1146	1	8
297	1146	1	8
7	1156	1	8
140	1156	1	8
170	1156	1	8
224	1156	1	8
140	1159	1	8
36	1162	1	8
140	1162	1	8
175	1162	1	8
205	1162	1	8
233	1162	1	8
136	1166	1	8
250	1166	3	8
49	1167	1	8
140	1167	1	8
205	1167	1	8
49	1168	2	8
140	1168	1	8
205	1168	1	8
140	1169	1	8
254	1169	1	8
140	1171	1	8
190	1171	1	8
10	1173	1	8
50	1173	1	8
94	1173	1	8
132	1173	1	8
140	1173	1	8
179	1173	1	8
205	1173	1	8
94	1175	1	8
132	1175	1	8
140	1175	1	8
168	1175	1	8
228	1175	1	8
260	1175	1	8
264	1175	1	8
278	1175	1	8
272	1180	1	8
140	1192	1	8
239	1192	1	8
95	1194	1	8
318	1194	1	8
70	1199	1	8
2	1202	1	8
23	1202	1	8
149	1202	1	8
87	1205	1	8
257	1205	1	8
285	1205	1	8
287	1205	1	8
306	1205	1	8
9	1206	1	8
305	1206	1	8
85	1210	1	8
120	1210	1	8
106	1212	1	8
122	1212	1	8
137	1212	1	8
140	1212	1	8
84	1216	1	8
242	1216	1	8
241	1218	1	8
277	1218	2	8
32	1238	1	8
101	1238	1	8
140	1246	1	8
310	1246	1	8
31	1256	1	8
322	1256	1	8
323	1256	1	8
140	1282	1	8
290	1282	1	8
171	1345	2	8
178	1345	1	8
185	1345	1	8
44	1352	1	8
178	1353	1	8
245	1353	1	8
123	1355	1	8
136	1355	1	8
139	1355	1	8
140	1355	1	8
264	1355	1	8
266	1355	1	8
101	1358	1	8
140	1358	1	8
284	1362	1	8
171	1364	1	8
32	1369	1	8
143	1369	1	8
209	1369	1	8
263	1369	1	8
39	1371	1	8
140	1371	1	8
194	1372	1	8
324	1372	1	8
102	1395	1	8
106	1395	1	8
140	1395	1	8
171	1395	1	8
213	1395	1	8
298	1396	1	8
14	1397	1	8
97	1398	2	8
140	1398	1	8
326	1398	2	8
90	1400	1	8
122	1400	1	8
140	1400	1	8
186	1400	1	8
73	1406	1	8
106	1406	1	8
112	1406	1	8
123	1406	1	8
7	1409	1	8
140	1409	1	8
252	1433	1	8
140	1437	1	8
230	1437	1	8
53	1443	1	8
190	1443	1	8
195	1443	1	8
140	1445	1	8
242	1445	1	8
136	1449	2	8
140	1449	1	8
195	1449	1	8
306	1449	1	8
10	1461	1	8
50	1461	1	8
94	1461	1	8
132	1461	1	8
140	1461	1	8
179	1461	1	8
205	1461	1	8
2	1462	1	8
254	1462	1	8
14	1468	1	8
78	1468	1	8
140	1468	1	8
103	1471	1	8
84	1473	1	8
165	1473	1	8
278	1473	1	8
23	1477	1	8
265	1477	1	8
304	1477	1	8
204	1479	1	8
140	1481	1	8
168	1481	1	8
205	1481	1	8
233	1481	1	8
324	1484	1	8
203	1486	1	8
160	1487	1	8
171	1487	1	8
278	1487	1	8
301	1487	2	8
303	1487	2	8
64	1494	1	8
165	1494	1	8
33	1501	1	8
165	1501	1	8
269	1501	1	8
94	1502	1	8
132	1502	1	8
204	1505	1	8
285	1505	1	8
302	1505	1	8
140	1508	1	8
71	1514	1	8
203	1514	1	8
301	1519	1	8
315	1519	1	8
18	1560	1	8
140	1560	1	8
170	1560	1	8
190	1560	1	8
128	1561	1	8
140	1561	1	8
187	1561	1	8
206	1561	1	8
214	1561	1	8
233	1561	1	8
287	1561	1	8
92	1565	1	8
215	1565	1	8
294	1565	1	8
4	1568	1	8
113	1568	1	8
296	1568	1	8
310	1568	1	8
136	1570	1	8
84	1575	2	8
278	1575	1	8
171	1591	1	8
215	1591	1	8
122	1592	1	8
140	1592	1	8
38	1594	1	8
206	1594	1	8
94	1595	1	8
132	1595	1	8
140	1595	1	8
205	1595	1	8
27	1598	1	8
38	1598	1	8
140	1598	1	8
88	1600	1	8
113	1600	1	8
259	1600	1	8
260	1600	1	8
278	1600	1	8
288	1600	1	8
324	1600	1	8
213	1602	5	8
14	1604	1	8
87	1604	1	8
306	1604	1	8
17	1605	1	8
106	1605	1	8
278	1609	1	8
136	1612	1	8
159	1612	1	8
140	1621	1	8
250	1621	1	8
81	1633	1	8
195	1633	1	8
202	1633	1	8
306	1633	1	8
91	1637	2	8
140	1637	1	8
205	1637	1	8
210	1637	2	8
233	1637	1	8
131	1640	1	8
318	1640	1	8
287	1647	1	8
68	1649	1	8
215	1649	1	8
266	1649	1	8
79	1652	1	8
133	1652	1	8
250	1652	1	8
287	1675	1	8
