60	2	1	0
137	2	1	0
153	2	1	0
178	2	1	0
335	2	1	0
190	9	1	0
269	9	1	0
294	9	1	0
108	12	1	0
311	13	1	0
345	13	1	0
319	36	1	0
66	51	1	0
83	51	1	0
101	51	1	0
140	51	1	0
135	69	1	0
14	72	1	0
48	72	1	0
156	76	1	0
1	93	1	0
44	99	1	0
47	99	1	0
185	99	1	0
209	99	1	0
297	104	1	0
44	112	1	0
183	112	1	0
302	112	1	0
358	112	1	0
145	134	1	0
317	137	1	0
197	138	1	0
267	138	1	0
341	138	1	0
46	140	1	0
356	143	1	0
19	169	1	0
175	169	1	0
274	169	1	0
338	169	1	0
64	183	1	0
350	183	1	0
144	210	1	0
355	210	1	0
158	229	1	0
236	229	1	0
237	229	1	0
311	237	1	0
348	237	1	0
21	240	1	0
188	240	1	0
217	240	1	0
236	240	1	0
255	240	1	0
348	240	1	0
355	240	2	0
39	270	1	0
156	270	1	0
228	270	1	0
39	283	1	0
156	283	1	0
228	283	1	0
17	300	1	0
312	300	1	0
324	300	1	0
131	302	1	0
248	302	1	0
156	304	1	0
346	334	1	0
213	339	1	0
323	339	1	0
340	339	1	0
284	345	1	0
326	345	1	0
95	346	1	0
156	346	1	0
102	357	1	0
236	357	1	0
67	359	1	0
102	359	1	0
117	359	1	0
223	359	1	0
287	359	1	0
330	359	1	0
124	365	1	0
131	365	1	0
307	365	1	0
312	365	1	0
311	372	1	0
107	397	1	0
148	397	1	0
231	402	1	0
26	415	1	0
208	415	1	0
276	415	1	0
348	415	1	0
87	417	1	0
87	419	1	0
252	419	1	0
150	427	1	0
182	427	1	0
243	432	1	0
328	432	1	0
40	433	1	0
115	433	1	0
152	433	1	0
331	436	1	0
222	449	1	0
106	454	1	0
169	454	1	0
292	454	2	0
29	457	1	0
30	457	1	0
71	457	1	0
128	457	1	0
129	457	1	0
362	457	1	0
226	473	1	0
327	473	1	0
117	474	1	0
347	474	1	0
125	478	1	0
146	478	1	0
197	478	1	0
39	572	1	0
156	572	1	0
228	572	1	0
156	580	2	0
189	580	1	0
275	580	1	0
89	592	1	0
107	592	1	0
67	596	1	0
335	596	1	0
200	600	1	0
225	600	1	0
80	608	1	0
141	612	1	0
60	633	1	0
198	633	1	0
114	645	1	0
197	645	1	0
326	645	1	0
125	675	1	0
325	675	1	0
64	683	1	0
23	684	1	0
49	684	1	0
139	684	1	0
156	684	1	0
23	696	1	0
139	696	1	0
156	696	1	0
197	696	1	0
246	730	1	0
316	730	1	0
55	748	1	0
197	755	1	0
226	766	1	0
335	766	1	0
226	774	1	0
290	774	1	0
363	786	1	0
24	788	1	0
313	794	1	0
335	794	1	0
335	796	1	0
203	800	1	0
226	800	1	0
13	814	1	0
162	814	1	0
197	814	1	0
222	842	1	0
305	842	1	0
325	842	1	0
120	844	1	0
212	844	1	0
362	844	1	0
151	861	1	0
197	861	1	0
288	861	1	0
337	861	1	0
70	862	1	0
119	862	1	0
172	896	1	0
172	898	1	0
153	903	1	0
274	903	1	0
318	903	1	0
172	904	1	0
109	928	1	0
232	937	1	0
364	937	1	0
197	939	1	0
135	980	1	0
197	980	1	0
262	980	1	0
107	981	1	0
236	981	1	0
348	981	1	0
180	997	1	0
190	997	1	0
208	997	1	0
311	997	1	0
41	1016	1	0
57	1016	1	0
131	1016	1	0
347	1016	1	0
365	1016	1	0
311	1042	1	0
352	1042	1	0
5	1071	1	0
197	1071	1	0
212	1071	1	0
280	1071	1	0
362	1071	2	0
68	1074	2	0
124	1074	1	0
335	1074	1	0
348	1074	1	0
218	1085	1	0
15	1087	1	0
192	1087	1	0
5	1089	1	0
14	1089	1	0
19	1089	1	0
27	1089	1	0
180	1089	1	0
331	1089	1	0
318	1091	1	0
19	1094	1	0
109	1094	1	0
335	1094	1	0
352	1094	1	0
357	1104	1	0
107	1106	1	0
259	1106	1	0
318	1112	1	0
318	1113	1	0
139	1115	1	0
23	1117	1	0
49	1117	1	0
139	1117	1	0
23	1119	1	0
49	1119	1	0
139	1119	1	0
39	1145	1	0
156	1145	1	0
247	1147	1	0
60	1156	1	0
46	1174	1	0
156	1193	1	0
156	1218	1	0
216	1218	1	0
351	1218	1	0
39	1222	1	0
104	1222	1	0
156	1222	1	0
228	1222	1	0
39	1225	1	0
156	1225	1	0
228	1225	1	0
243	1225	1	0
156	1244	1	0
14	1246	1	0
39	1247	1	0
156	1247	1	0
228	1247	1	0
176	1250	1	0
318	1250	1	0
39	1259	1	0
156	1259	1	0
228	1259	1	0
194	1271	1	0
315	1271	1	0
39	1275	1	0
115	1275	1	0
156	1275	1	0
207	1275	1	0
228	1275	1	0
24	1277	1	0
161	1277	1	0
246	1277	1	0
364	1277	1	0
91	1278	1	0
39	1285	1	0
156	1285	1	0
228	1285	1	0
39	1287	1	0
156	1287	1	0
228	1287	1	0
278	1287	1	0
39	1288	1	0
156	1288	1	0
228	1288	1	0
199	1307	1	0
135	1309	1	0
301	1311	1	0
95	1316	1	0
137	1316	1	0
236	1316	1	0
237	1316	1	0
238	1316	1	0
307	1316	1	0
348	1316	1	0
94	1343	1	0
124	1356	1	0
284	1356	1	0
107	1358	1	0
318	1358	1	0
76	1382	1	0
15	1383	1	0
66	1383	1	0
293	1383	1	0
358	1383	1	0
7	1387	1	0
49	1387	1	0
266	1387	1	0
301	1387	1	0
306	1387	1	0
49	1399	1	0
287	1399	1	0
225	1402	1	0
237	1402	1	0
134	1454	1	0
335	1454	2	0
127	1470	1	0
295	1470	1	0
107	1471	1	0
150	1471	1	0
154	1471	1	0
125	1473	1	0
150	1480	1	0
44	1485	1	0
111	1485	1	0
161	1485	2	0
184	1485	1	0
280	1485	1	0
8	1500	1	0
141	1503	1	0
8	1511	1	0
57	1515	1	0
129	1515	1	0
175	1515	1	0
201	1515	1	0
234	1515	1	0
311	1515	1	0
53	1519	1	0
122	1519	1	0
187	1519	2	0
301	1519	1	0
129	1523	2	0
173	1523	1	0
37	1527	1	0
3	1530	1	0
156	1530	1	0
350	1530	1	0
44	1533	1	0
153	1535	1	0
255	1540	1	0
263	1540	1	0
84	1550	1	0
182	1550	1	0
339	1550	1	0
43	1551	1	0
156	1551	1	0
167	1551	1	0
303	1551	1	0
321	1551	1	0
294	1562	1	0
156	1591	1	0
229	1591	1	0
333	1591	1	0
122	1608	1	0
124	1608	1	0
212	1608	1	0
341	1608	1	0
39	1625	1	0
156	1625	1	0
221	1625	1	0
228	1625	1	0
250	1625	1	0
117	1640	1	0
134	1640	1	0
175	1640	1	0
36	1643	1	0
45	1643	1	0
156	1643	1	0
256	1643	1	0
311	1643	2	0
346	1643	1	0
156	1655	1	0
345	1655	1	0
86	1676	1	0
124	1676	1	0
335	1689	1	0
141	1693	1	0
321	1693	1	0
130	1700	1	0
246	1700	1	0
275	1700	1	0
268	1719	1	0
156	1733	1	0
309	1733	1	0
311	1733	1	0
125	1742	1	0
290	1742	1	0
53	1745	1	0
236	1745	1	0
54	1762	1	0
83	1762	1	0
14	1764	1	0
17	1764	1	0
26	1764	1	0
331	1764	1	0
211	1771	1	0
314	1771	1	0
348	1771	1	0
132	1780	1	0
140	1780	1	0
149	1780	1	0
156	1780	1	0
15	1790	1	0
44	1790	1	0
123	1790	1	0
225	1805	1	0
252	1805	1	0
333	1810	1	0
158	1823	1	0
181	1823	1	0
236	1823	1	0
301	1823	1	0
331	1823	1	0
230	1840	1	0
326	1840	1	0
83	27	1	1
74	32	1	1
107	32	1	1
124	32	1	1
292	32	1	1
335	32	1	1
156	43	1	1
165	43	1	1
186	43	2	1
298	43	1	1
321	43	1	1
330	43	1	1
357	56	1	1
180	64	1	1
173	67	1	1
141	70	1	1
156	71	1	1
165	71	1	1
228	71	1	1
243	71	1	1
156	84	1	1
299	84	1	1
311	84	1	1
189	92	1	1
236	92	1	1
257	92	1	1
288	92	1	1
311	92	1	1
110	97	1	1
136	97	1	1
154	97	1	1
159	97	1	1
219	97	1	1
230	97	1	1
280	97	1	1
139	113	1	1
40	114	1	1
79	114	1	1
143	114	1	1
263	114	1	1
150	118	1	1
213	118	1	1
320	118	1	1
350	118	1	1
125	121	1	1
15	133	1	1
279	141	1	1
103	150	1	1
302	150	1	1
20	152	1	1
27	152	1	1
107	152	1	1
120	152	1	1
150	152	1	1
197	152	1	1
291	152	1	1
306	152	1	1
1	155	1	1
156	155	1	1
156	165	1	1
156	173	1	1
23	184	2	1
156	184	1	1
232	184	1	1
339	184	1	1
140	190	2	1
59	191	1	1
39	193	1	1
169	200	1	1
190	200	1	1
246	200	1	1
295	200	1	1
304	200	1	1
156	204	1	1
165	204	1	1
228	204	1	1
311	226	1	1
321	226	1	1
212	230	1	1
170	257	1	1
236	257	1	1
173	276	1	1
284	276	1	1
327	276	1	1
359	276	1	1
202	296	1	1
141	301	2	1
274	321	1	1
319	321	1	1
36	328	1	1
47	328	1	1
197	335	1	1
145	351	1	1
335	351	1	1
132	353	1	1
150	353	1	1
247	353	1	1
37	355	1	1
154	366	1	1
305	366	1	1
44	368	1	1
191	368	1	1
237	368	1	1
318	376	1	1
66	381	1	1
108	381	1	1
156	390	1	1
88	391	1	1
128	431	1	1
164	431	1	1
156	435	1	1
198	435	1	1
156	438	1	1
198	438	1	1
56	441	1	1
18	445	1	1
31	445	1	1
127	445	1	1
247	445	1	1
258	445	1	1
290	445	1	1
192	451	1	1
21	464	1	1
152	464	1	1
258	464	1	1
280	464	1	1
335	467	1	1
15	475	1	1
178	475	1	1
261	475	1	1
330	489	1	1
38	494	1	1
216	494	1	1
266	494	1	1
312	494	1	1
137	495	1	1
224	495	1	1
225	495	1	1
238	495	1	1
280	495	1	1
71	499	1	1
86	499	1	1
134	499	1	1
266	499	2	1
301	499	1	1
330	499	1	1
223	502	1	1
241	512	1	1
114	517	1	1
117	517	1	1
71	524	1	1
86	524	1	1
134	524	1	1
178	524	1	1
223	524	1	1
266	524	1	1
336	530	1	1
341	530	1	1
249	532	1	1
36	534	1	1
258	534	1	1
178	539	1	1
183	539	1	1
216	539	1	1
223	539	1	1
189	542	1	1
228	542	1	1
48	547	1	1
119	547	1	1
127	547	1	1
190	547	2	1
354	547	1	1
362	547	2	1
152	549	1	1
292	552	1	1
332	552	1	1
141	554	1	1
353	554	1	1
197	558	1	1
149	561	1	1
175	561	1	1
179	563	1	1
267	563	1	1
111	568	1	1
74	570	1	1
107	570	1	1
46	571	1	1
41	573	1	1
127	573	1	1
236	573	1	1
311	573	1	1
213	574	1	1
318	574	1	1
74	586	1	1
124	586	1	1
222	586	1	1
191	594	1	1
296	594	1	1
15	595	1	1
236	595	1	1
197	597	2	1
141	601	1	1
124	602	1	1
141	602	1	1
281	621	1	1
324	621	1	1
342	621	1	1
43	624	1	1
110	634	1	1
331	634	1	1
201	639	1	1
335	639	1	1
14	640	1	1
220	640	1	1
192	641	1	1
215	642	1	1
148	644	1	1
148	646	2	1
141	647	1	1
185	647	1	1
197	647	1	1
184	657	1	1
353	657	1	1
53	665	2	1
61	669	1	1
135	669	1	1
79	674	1	1
263	674	1	1
116	681	1	1
156	681	1	1
177	681	1	1
189	681	1	1
226	681	1	1
366	681	1	1
104	685	1	1
23	687	1	1
152	687	1	1
28	690	1	1
180	690	1	1
236	690	1	1
331	690	1	1
95	694	1	1
307	699	1	1
23	710	1	1
34	710	1	1
81	710	1	1
139	710	1	1
156	710	1	1
189	710	1	1
302	710	1	1
329	710	1	1
156	712	1	1
320	712	1	1
365	712	1	1
156	715	1	1
243	715	1	1
114	718	1	1
195	721	1	1
331	721	2	1
335	723	1	1
107	729	1	1
109	729	1	1
304	729	1	1
355	729	1	1
80	738	1	1
324	738	1	1
44	740	1	1
222	740	1	1
249	740	1	1
255	740	1	1
311	740	1	1
351	740	1	1
154	741	1	1
325	741	1	1
311	745	1	1
11	754	1	1
156	754	1	1
189	754	1	1
196	754	1	1
226	754	1	1
242	754	1	1
256	754	1	1
302	754	1	1
329	754	1	1
366	754	1	1
11	756	2	1
116	756	1	1
156	756	1	1
189	756	1	1
196	756	2	1
256	756	1	1
302	756	1	1
320	756	1	1
329	756	1	1
102	762	1	1
126	762	1	1
255	762	1	1
275	762	1	1
311	762	1	1
23	782	1	1
156	782	1	1
197	782	1	1
226	782	1	1
280	782	1	1
338	782	1	1
11	787	1	1
116	787	1	1
156	787	1	1
189	787	1	1
196	787	1	1
256	787	1	1
302	787	1	1
320	787	1	1
329	787	1	1
156	792	1	1
197	792	1	1
240	792	1	1
306	792	1	1
311	792	1	1
11	798	1	1
32	798	1	1
116	798	1	1
156	798	1	1
189	798	1	1
196	798	1	1
249	798	1	1
256	798	1	1
329	798	1	1
175	801	1	1
240	801	1	1
343	801	1	1
17	807	1	1
139	807	1	1
156	807	1	1
184	807	1	1
215	807	1	1
226	807	1	1
123	808	1	1
358	808	1	1
32	809	2	1
156	809	1	1
189	809	1	1
249	809	1	1
329	809	1	1
348	809	1	1
234	816	1	1
299	816	1	1
345	816	1	1
157	818	1	1
11	822	1	1
32	822	1	1
156	822	1	1
189	822	1	1
196	822	1	1
215	822	1	1
249	822	1	1
301	822	1	1
40	823	1	1
341	823	1	1
226	825	2	1
285	825	1	1
298	825	1	1
52	833	1	1
206	833	1	1
176	834	1	1
107	840	1	1
133	840	1	1
291	840	1	1
192	841	1	1
211	843	1	1
297	843	1	1
156	855	1	1
165	855	1	1
228	855	1	1
228	860	1	1
335	860	1	1
16	863	1	1
121	863	1	1
147	863	1	1
206	863	1	1
212	863	1	1
321	863	1	1
331	863	1	1
346	863	1	1
83	864	1	1
90	864	1	1
121	864	1	1
229	864	1	1
321	864	1	1
331	864	1	1
121	865	1	1
206	865	2	1
296	865	1	1
331	865	1	1
9	866	1	1
121	866	1	1
128	866	1	1
121	868	1	1
154	868	1	1
161	868	1	1
188	868	1	1
198	868	1	1
206	868	1	1
247	868	1	1
332	870	1	1
341	870	1	1
121	873	1	1
156	873	1	1
29	878	1	1
285	880	1	1
142	888	1	1
280	888	1	1
341	888	2	1
101	894	1	1
315	894	1	1
351	894	1	1
246	905	1	1
156	911	1	1
179	911	1	1
186	911	1	1
117	914	1	1
141	914	1	1
326	914	1	1
89	918	1	1
155	918	1	1
182	918	1	1
156	920	1	1
165	920	1	1
228	920	1	1
67	929	1	1
154	935	1	1
267	935	1	1
285	935	1	1
95	936	1	1
154	936	1	1
311	936	1	1
31	942	1	1
110	942	1	1
187	942	1	1
301	942	1	1
67	943	1	1
285	943	1	1
124	947	1	1
138	947	1	1
274	947	1	1
335	947	1	1
87	950	1	1
156	977	1	1
165	977	2	1
186	977	1	1
228	977	1	1
298	977	1	1
154	979	1	1
218	979	1	1
311	979	1	1
79	990	1	1
201	990	1	1
280	990	1	1
300	990	1	1
307	990	1	1
247	995	1	1
339	995	1	1
274	1013	2	1
125	1015	1	1
222	1015	1	1
141	1017	1	1
53	1019	1	1
122	1019	1	1
156	1019	1	1
311	1019	1	1
22	1020	1	1
127	1020	1	1
192	1020	1	1
198	1021	1	1
72	1025	1	1
156	1025	1	1
213	1025	1	1
333	1025	1	1
157	1028	1	1
22	1033	1	1
26	1033	1	1
194	1033	1	1
201	1033	1	1
26	1034	1	1
135	1034	1	1
266	1034	1	1
352	1034	1	1
91	1038	1	1
119	1038	1	1
2	1041	1	1
22	1041	1	1
318	1041	1	1
22	1043	1	1
128	1043	1	1
133	1043	1	1
223	1043	1	1
282	1043	2	1
5	1046	1	1
57	1046	1	1
118	1046	1	1
265	1046	1	1
321	1046	1	1
42	1049	1	1
94	1049	2	1
237	1049	1	1
255	1049	1	1
280	1049	1	1
286	1049	1	1
318	1049	1	1
119	1051	1	1
150	1051	1	1
159	1051	1	1
247	1054	1	1
290	1054	1	1
336	1054	1	1
211	1059	1	1
230	1059	1	1
183	1068	1	1
307	1073	1	1
233	1077	1	1
311	1079	1	1
279	1082	1	1
20	1088	1	1
290	1088	1	1
341	1088	1	1
114	1098	1	1
141	1098	1	1
325	1098	1	1
335	1101	1	1
354	1101	2	1
42	1105	1	1
123	1105	1	1
140	1105	1	1
15	1114	1	1
44	1114	1	1
53	1114	1	1
70	1114	1	1
101	1114	1	1
246	1114	1	1
261	1114	2	1
353	1114	1	1
46	1116	1	1
175	1116	1	1
177	1116	1	1
192	1116	1	1
309	1116	1	1
51	1121	1	1
156	1121	1	1
165	1121	1	1
84	1126	1	1
175	1126	1	1
177	1126	1	1
237	1126	1	1
295	1126	1	1
309	1126	1	1
175	1131	1	1
177	1131	1	1
192	1131	1	1
248	1131	1	1
335	1131	1	1
175	1132	1	1
177	1132	1	1
192	1132	1	1
48	1134	1	1
175	1134	1	1
177	1134	1	1
192	1134	1	1
315	1146	1	1
175	1158	1	1
177	1158	1	1
297	1158	1	1
327	1161	1	1
8	1175	1	1
122	1175	1	1
142	1175	1	1
175	1175	1	1
177	1175	1	1
192	1175	1	1
44	1184	1	1
175	1184	1	1
177	1184	1	1
290	1184	1	1
331	1184	1	1
124	1189	1	1
2	1194	1	1
87	1194	1	1
98	1194	1	1
260	1194	1	1
150	1201	1	1
156	1201	1	1
176	1201	1	1
318	1208	1	1
318	1211	1	1
319	1211	1	1
340	1211	1	1
175	1214	1	1
177	1214	1	1
311	1214	1	1
190	1221	1	1
236	1221	1	1
297	1221	1	1
355	1221	1	1
362	1221	1	1
363	1221	1	1
190	1224	1	1
192	1224	1	1
298	1224	1	1
321	1224	1	1
365	1224	1	1
48	1226	1	1
67	1226	1	1
110	1226	1	1
175	1226	1	1
177	1226	1	1
192	1226	1	1
297	1226	1	1
307	1226	1	1
175	1235	1	1
177	1235	1	1
192	1235	1	1
335	1235	1	1
197	1256	1	1
320	1274	1	1
61	1295	1	1
78	1295	1	1
327	1295	1	1
205	1301	1	1
185	1318	1	1
347	1318	1	1
156	1332	1	1
165	1332	2	1
186	1332	1	1
228	1332	1	1
298	1332	1	1
165	1346	1	1
256	1346	1	1
282	1346	1	1
127	1351	1	1
135	1351	1	1
229	1351	1	1
22	1352	1	1
287	1352	1	1
291	1352	1	1
128	1353	1	1
156	1353	1	1
311	1353	2	1
348	1353	1	1
353	1353	1	1
100	1354	1	1
118	1354	1	1
339	1354	1	1
193	1355	1	1
56	1360	1	1
197	1360	1	1
226	1360	1	1
192	1363	1	1
67	1365	1	1
156	1365	1	1
181	1365	1	1
311	1365	3	1
35	1366	1	1
207	1370	1	1
335	1370	1	1
125	1371	1	1
206	1371	1	1
207	1371	1	1
213	1371	2	1
59	1372	1	1
345	1373	1	1
72	1374	1	1
117	1374	1	1
160	1374	1	1
206	1374	2	1
70	1375	1	1
134	1375	1	1
291	1378	1	1
192	1386	2	1
279	1386	1	1
332	1386	1	1
89	1389	1	1
125	1389	1	1
143	1389	1	1
232	1389	1	1
156	1391	1	1
206	1391	1	1
290	1391	1	1
335	1391	1	1
156	1393	1	1
256	1393	1	1
287	1393	1	1
333	1393	1	1
156	1404	1	1
254	1404	1	1
333	1404	3	1
156	1412	1	1
264	1412	1	1
287	1412	1	1
46	1427	1	1
156	1427	1	1
165	1427	2	1
168	1427	2	1
228	1427	2	1
156	1437	1	1
165	1437	1	1
228	1437	1	1
192	1438	1	1
76	1440	1	1
217	1440	1	1
59	1443	1	1
156	1443	1	1
222	1443	1	1
124	1444	1	1
192	1444	1	1
133	1452	1	1
206	1452	1	1
300	1452	1	1
336	1452	1	1
318	1460	1	1
3	1461	2	1
247	1468	1	1
350	1469	1	1
57	1483	1	1
23	1521	1	1
108	1521	1	1
134	1521	1	1
139	1521	1	1
212	1521	1	1
147	1524	1	1
156	1524	1	1
265	1524	1	1
156	1536	1	1
197	1536	1	1
288	1536	1	1
335	1536	1	1
197	1539	1	1
229	1539	1	1
205	1545	1	1
229	1545	1	1
301	1545	1	1
156	1552	1	1
205	1552	1	1
301	1552	1	1
156	1553	1	1
311	1553	1	1
84	1556	1	1
225	1556	1	1
363	1556	1	1
160	1557	1	1
65	1558	1	1
335	1558	1	1
136	1559	1	1
300	1559	1	1
138	1561	1	1
209	1561	1	1
82	1563	1	1
274	1563	1	1
50	1564	1	1
107	1564	1	1
192	1564	1	1
327	1564	1	1
252	1565	1	1
359	1565	1	1
73	1567	1	1
261	1567	1	1
73	1570	1	1
100	1570	1	1
284	1570	1	1
50	1572	1	1
192	1572	1	1
295	1572	1	1
73	1573	1	1
109	1573	1	1
140	1573	1	1
14	1574	1	1
43	1574	1	1
73	1574	1	1
99	1577	1	1
135	1577	1	1
345	1577	1	1
114	1579	1	1
130	1579	1	1
175	1579	1	1
266	1579	1	1
262	1580	1	1
175	1585	1	1
245	1585	1	1
335	1585	1	1
52	1589	1	1
284	1590	1	1
327	1590	1	1
14	1592	2	1
43	1592	1	1
80	1593	1	1
235	1593	1	1
148	1596	2	1
197	1598	1	1
156	1600	1	1
238	1600	1	1
242	1600	1	1
311	1600	1	1
325	1600	1	1
139	1601	1	1
226	1601	1	1
292	1601	1	1
57	1604	1	1
73	1604	1	1
133	1604	1	1
195	1604	1	1
192	1607	1	1
238	1607	1	1
242	1607	1	1
248	1607	1	1
313	1607	1	1
335	1607	1	1
39	1609	1	1
51	1609	1	1
156	1609	1	1
228	1609	1	1
22	1615	1	1
156	1615	1	1
192	1615	1	1
266	1615	1	1
50	1618	1	1
192	1618	1	1
331	1619	1	1
235	1620	1	1
301	1620	1	1
356	1620	1	1
124	1641	1	1
252	1641	1	1
266	1641	1	1
156	1646	1	1
280	1646	1	1
58	1661	1	1
105	1661	1	1
156	1661	2	1
299	1661	1	1
117	1669	1	1
280	1669	1	1
28	1674	1	1
156	1674	1	1
50	1677	1	1
149	1677	1	1
312	1677	1	1
335	1677	1	1
64	1678	1	1
50	1682	1	1
55	1682	1	1
142	1682	1	1
149	1682	1	1
162	1682	1	1
56	1691	1	1
122	1691	1	1
320	1691	1	1
339	1691	1	1
341	1691	1	1
90	1695	1	1
141	1695	1	1
197	1699	1	1
352	1699	1	1
62	1703	1	1
255	1703	1	1
326	1703	1	1
156	1704	1	1
239	1704	1	1
250	1704	1	1
134	1705	1	1
156	1707	1	1
67	1708	1	1
226	1708	1	1
82	1710	1	1
107	1710	1	1
158	1710	1	1
266	1711	1	1
312	1711	1	1
338	1711	1	1
26	1712	1	1
44	1712	1	1
46	1712	1	1
127	1712	1	1
155	1712	1	1
55	1714	1	1
147	1714	1	1
335	1714	1	1
190	1718	1	1
201	1718	1	1
226	1718	1	1
106	1721	1	1
292	1721	1	1
85	1724	1	1
117	1724	1	1
160	1724	1	1
187	1724	1	1
307	1724	1	1
76	1728	1	1
183	1728	1	1
193	1728	1	1
300	1730	1	1
354	1730	1	1
175	1735	1	1
177	1735	1	1
7	1736	1	1
214	1737	1	1
46	1739	1	1
76	1739	1	1
128	1739	1	1
137	1739	1	1
156	1739	1	1
311	1739	1	1
313	1739	1	1
335	1739	1	1
175	1746	1	1
177	1746	1	1
237	1746	1	1
246	1746	1	1
325	1746	1	1
359	1746	1	1
175	1748	1	1
177	1748	1	1
192	1748	1	1
175	1749	1	1
177	1749	1	1
18	1750	1	1
60	1750	1	1
311	1750	1	1
60	1753	1	1
156	1753	1	1
156	1754	1	1
165	1754	2	1
228	1754	2	1
156	1755	1	1
228	1755	1	1
256	1755	1	1
175	1756	1	1
177	1756	1	1
293	1756	1	1
326	1756	1	1
335	1756	1	1
156	1757	1	1
165	1757	2	1
186	1757	1	1
228	1757	1	1
298	1757	1	1
175	1759	1	1
177	1759	1	1
192	1759	1	1
101	1760	1	1
175	1760	1	1
177	1760	1	1
331	1761	1	1
32	1766	1	1
190	1766	1	1
311	1766	1	1
320	1766	1	1
1	1767	1	1
175	1767	1	1
177	1767	1	1
48	1776	1	1
72	1776	1	1
93	1776	1	1
233	1776	1	1
320	1776	1	1
35	1783	1	1
131	1783	1	1
35	1784	1	1
152	1784	1	1
219	1784	1	1
28	1785	1	1
133	1785	1	1
152	1785	1	1
182	1785	1	1
35	1786	1	1
109	1786	1	1
183	1786	1	1
185	1786	1	1
241	1786	1	1
255	1786	1	1
128	1788	1	1
143	1788	1	1
192	1788	2	1
311	1788	1	1
362	1788	1	1
131	1789	1	1
290	1789	1	1
156	1791	1	1
165	1791	1	1
227	1795	1	1
280	1795	1	1
325	1795	1	1
294	1797	1	1
175	1801	1	1
203	1801	1	1
12	1802	1	1
90	1802	1	1
156	1802	1	1
165	1802	2	1
186	1802	1	1
218	1802	1	1
229	1802	1	1
298	1802	2	1
321	1802	1	1
63	1806	1	1
311	1807	1	1
307	1808	1	1
339	1808	1	1
10	1809	1	1
341	1809	1	1
10	1811	1	1
185	1812	1	1
241	1812	1	1
335	1812	1	1
227	1813	1	1
348	1813	1	1
175	1814	1	1
203	1814	1	1
312	1814	1	1
190	1815	1	1
330	1815	1	1
193	1816	1	1
301	1816	1	1
193	1817	1	1
275	1817	1	1
192	1819	1	1
217	1819	1	1
335	1819	1	1
10	1820	1	1
311	1820	1	1
311	1822	1	1
345	1822	2	1
112	1824	1	1
98	1825	1	1
131	1825	1	1
185	1825	1	1
241	1825	1	1
335	1825	1	1
193	1826	1	1
335	1826	1	1
124	1828	1	1
227	1828	1	1
343	1828	1	1
359	1828	1	1
68	1830	1	1
107	1830	1	1
227	1831	1	1
193	1832	1	1
285	1832	1	1
192	1836	1	1
252	1837	1	1
142	1842	1	1
156	1842	1	1
183	1842	1	1
190	1842	1	1
217	1842	1	1
311	1842	1	1
227	1843	1	1
193	1845	1	1
5	1846	1	1
243	1846	1	1
266	1846	1	1
357	1846	1	1
193	1848	1	1
183	1850	1	1
184	1850	1	1
193	1850	1	1
169	1851	1	1
243	1851	1	1
290	1851	1	1
357	1851	1	1
114	82	1	2
156	82	1	2
126	110	1	2
288	110	1	2
134	124	1	2
236	124	1	2
67	151	1	2
156	162	1	2
165	162	1	2
228	162	1	2
113	170	1	2
197	170	1	2
228	170	1	2
322	170	1	2
336	170	1	2
124	216	1	2
240	216	1	2
250	216	1	2
20	265	1	2
126	265	1	2
150	265	1	2
156	297	1	2
167	297	1	2
308	297	1	2
6	329	1	2
167	329	1	2
281	329	1	2
340	329	1	2
356	329	1	2
246	375	1	2
6	434	1	2
40	440	1	2
192	440	1	2
119	443	1	2
141	443	1	2
280	443	1	2
333	443	1	2
275	446	1	2
341	446	1	2
6	520	1	2
112	520	1	2
149	520	1	2
154	520	1	2
167	520	1	2
236	520	1	2
335	520	1	2
156	576	1	2
228	576	1	2
231	576	1	2
4	631	1	2
12	631	1	2
109	631	1	2
113	631	1	2
308	631	1	2
37	671	1	2
297	671	1	2
345	671	1	2
131	676	1	2
156	676	1	2
336	676	1	2
84	708	1	2
236	708	1	2
239	708	1	2
155	711	1	2
236	711	1	2
261	711	1	2
335	711	1	2
346	711	1	2
139	799	1	2
189	799	1	2
236	799	1	2
96	824	1	2
365	824	1	2
151	826	1	2
197	826	1	2
267	910	1	2
247	934	1	2
333	934	1	2
20	965	1	2
150	965	1	2
188	965	1	2
337	965	1	2
23	986	1	2
197	986	1	2
16	989	1	2
150	989	1	2
176	989	1	2
59	1029	1	2
156	1029	1	2
265	1029	1	2
311	1029	1	2
4	1030	1	2
322	1030	1	2
41	1084	1	2
65	1084	1	2
131	1084	1	2
154	1084	1	2
308	1084	1	2
9	1086	1	2
90	1086	1	2
130	1086	1	2
180	1086	1	2
336	1086	1	2
133	1102	1	2
192	1103	1	2
91	1110	1	2
15	1228	1	2
236	1228	1	2
131	1248	1	2
294	1248	1	2
145	1313	1	2
217	1313	1	2
311	1313	1	2
314	1313	1	2
118	1395	1	2
283	1395	1	2
311	1395	1	2
19	1425	1	2
53	1425	1	2
156	1425	1	2
199	1425	1	2
261	1425	1	2
114	1441	1	2
157	1441	1	2
48	1508	1	2
335	1514	1	2
280	1526	1	2
113	1555	1	2
154	1555	1	2
177	1555	1	2
336	1555	1	2
69	1622	1	2
335	1622	1	2
318	1671	1	2
33	1672	1	2
156	1672	1	2
333	1672	1	2
2	1680	1	2
63	1680	1	2
333	1680	1	2
133	1773	1	2
197	1803	1	2
106	1855	2	2
311	1855	1	2
4	6	1	3
156	6	1	3
163	6	1	3
167	6	1	3
169	6	1	3
174	6	1	3
156	11	1	3
240	11	1	3
346	11	1	3
4	14	1	3
14	14	1	3
156	14	1	3
163	14	1	3
167	14	1	3
169	14	1	3
174	14	1	3
365	14	1	3
156	18	1	3
240	18	1	3
297	18	1	3
12	22	1	3
139	22	1	3
156	22	1	3
169	22	1	3
174	22	1	3
322	22	1	3
4	35	1	3
156	35	1	3
163	35	1	3
165	35	1	3
167	35	1	3
169	35	1	3
174	35	1	3
228	35	1	3
5	38	2	3
117	38	1	3
156	38	1	3
301	38	1	3
323	38	1	3
4	89	1	3
156	89	1	3
163	89	1	3
165	89	1	3
167	89	1	3
169	89	1	3
174	89	1	3
228	89	1	3
4	109	1	3
113	109	1	3
156	109	1	3
163	109	1	3
167	109	2	3
169	109	1	3
174	109	1	3
113	135	1	3
130	135	1	3
182	135	1	3
211	135	1	3
299	135	1	3
4	149	1	3
156	149	1	3
163	149	1	3
165	149	1	3
167	149	1	3
169	149	1	3
174	149	1	3
228	149	1	3
4	171	1	3
156	171	1	3
163	171	1	3
165	171	1	3
167	171	1	3
169	171	1	3
174	171	1	3
228	171	1	3
348	215	1	3
4	225	1	3
156	225	1	3
163	225	1	3
167	225	1	3
169	225	1	3
174	225	1	3
365	225	1	3
4	252	1	3
56	252	1	3
156	252	1	3
163	252	1	3
167	252	1	3
169	252	1	3
174	252	1	3
4	253	1	3
156	253	1	3
163	253	1	3
165	253	1	3
167	253	1	3
169	253	1	3
174	253	1	3
228	253	1	3
4	260	1	3
156	260	1	3
158	260	1	3
163	260	1	3
167	260	1	3
169	260	1	3
174	260	1	3
311	260	1	3
31	314	1	3
283	314	1	3
4	327	1	3
156	327	1	3
163	327	1	3
167	327	1	3
169	327	1	3
174	327	1	3
4	332	1	3
156	332	1	3
163	332	1	3
165	332	1	3
167	332	1	3
169	332	1	3
174	332	1	3
228	332	1	3
4	350	1	3
156	350	1	3
163	350	1	3
167	350	1	3
169	350	1	3
174	350	1	3
179	350	1	3
4	362	1	3
156	362	1	3
163	362	1	3
165	362	1	3
167	362	1	3
169	362	1	3
174	362	1	3
228	362	1	3
4	410	1	3
156	410	1	3
163	410	1	3
167	410	1	3
169	410	1	3
174	410	1	3
4	461	1	3
156	461	1	3
163	461	1	3
167	461	1	3
169	461	1	3
174	461	1	3
4	482	1	3
156	482	1	3
163	482	1	3
167	482	2	3
169	482	1	3
174	482	1	3
156	497	1	3
167	497	1	3
184	497	1	3
196	497	1	3
308	497	1	3
4	503	1	3
156	503	1	3
163	503	1	3
167	503	1	3
169	503	1	3
174	503	1	3
6	523	1	3
341	523	1	3
153	525	1	3
327	525	1	3
6	590	1	3
133	590	1	3
4	614	1	3
156	614	1	3
163	614	1	3
165	614	1	3
167	614	1	3
169	614	1	3
174	614	1	3
228	614	1	3
254	614	1	3
142	615	1	3
319	615	1	3
325	615	1	3
336	637	1	3
4	648	1	3
266	648	1	3
4	659	1	3
156	659	1	3
163	659	1	3
167	659	1	3
169	659	1	3
174	659	1	3
228	659	1	3
328	659	1	3
43	691	1	3
43	714	1	3
156	743	1	3
182	743	1	3
229	743	1	3
4	845	1	3
156	845	1	3
163	845	1	3
167	845	1	3
169	845	1	3
174	845	1	3
229	845	1	3
362	845	1	3
4	853	1	3
156	853	1	3
163	853	1	3
165	853	1	3
167	853	1	3
169	853	1	3
174	853	1	3
228	853	1	3
4	856	1	3
156	856	1	3
163	856	1	3
165	856	1	3
167	856	1	3
169	856	1	3
174	856	1	3
228	856	1	3
4	857	1	3
108	857	1	3
150	857	1	3
156	857	1	3
163	857	1	3
167	857	1	3
169	857	1	3
174	857	1	3
4	858	1	3
156	858	1	3
163	858	1	3
165	858	1	3
167	858	1	3
169	858	1	3
174	858	1	3
228	858	1	3
4	872	1	3
90	872	1	3
156	872	1	3
163	872	1	3
167	872	1	3
169	872	1	3
174	872	1	3
167	879	1	3
206	879	1	3
269	879	1	3
322	879	1	3
112	885	1	3
4	887	1	3
156	887	1	3
163	887	1	3
165	887	1	3
167	887	1	3
169	887	1	3
174	887	1	3
228	887	1	3
4	890	1	3
156	890	1	3
163	890	1	3
165	890	1	3
167	890	1	3
169	890	1	3
174	890	1	3
228	890	1	3
197	902	1	3
4	907	1	3
156	907	1	3
163	907	1	3
167	907	1	3
169	907	1	3
174	907	1	3
229	907	1	3
4	908	1	3
156	908	1	3
163	908	1	3
167	908	1	3
169	908	1	3
174	908	1	3
365	908	1	3
4	922	1	3
156	922	1	3
163	922	1	3
167	922	1	3
169	922	1	3
174	922	1	3
4	927	1	3
156	927	1	3
163	927	1	3
165	927	1	3
167	927	1	3
169	927	1	3
174	927	1	3
228	927	1	3
116	938	1	3
185	938	1	3
189	938	1	3
256	938	1	3
335	938	1	3
4	940	1	3
156	940	1	3
163	940	1	3
165	940	1	3
167	940	1	3
169	940	1	3
174	940	1	3
228	940	1	3
240	940	1	3
156	946	1	3
143	949	1	3
156	949	1	3
270	949	1	3
4	953	1	3
156	953	1	3
163	953	1	3
165	953	1	3
167	953	1	3
169	953	1	3
174	953	1	3
228	953	1	3
159	954	1	3
77	955	1	3
245	955	1	3
36	962	1	3
107	963	1	3
113	963	1	3
338	963	1	3
13	970	1	3
113	970	1	3
4	973	1	3
16	973	1	3
156	973	1	3
163	973	1	3
167	973	1	3
169	973	1	3
174	973	1	3
301	973	1	3
365	973	1	3
107	974	1	3
245	974	1	3
347	974	1	3
351	974	1	3
4	976	1	3
156	976	1	3
163	976	1	3
167	976	1	3
169	976	1	3
174	976	1	3
53	978	1	3
77	978	1	3
96	978	2	3
152	978	1	3
324	978	1	3
4	991	1	3
156	991	1	3
163	991	1	3
167	991	1	3
169	991	1	3
174	991	1	3
4	993	1	3
156	993	1	3
163	993	1	3
165	993	1	3
167	993	1	3
169	993	1	3
174	993	1	3
228	993	1	3
2	994	1	3
67	994	1	3
139	994	1	3
156	994	1	3
236	994	1	3
290	994	1	3
4	996	1	3
156	996	1	3
163	996	1	3
165	996	1	3
167	996	1	3
169	996	1	3
174	996	1	3
228	996	1	3
156	1001	1	3
169	1001	1	3
174	1001	1	3
179	1001	1	3
214	1001	1	3
245	1001	1	3
336	1001	1	3
4	1023	1	3
156	1023	1	3
163	1023	1	3
165	1023	1	3
167	1023	1	3
169	1023	1	3
174	1023	1	3
228	1023	1	3
90	1031	1	3
113	1031	1	3
156	1031	1	3
167	1031	1	3
4	1037	1	3
156	1037	1	3
163	1037	1	3
167	1037	1	3
169	1037	1	3
174	1037	1	3
195	1037	1	3
229	1037	1	3
264	1045	1	3
323	1045	1	3
4	1048	1	3
156	1048	1	3
163	1048	1	3
167	1048	1	3
169	1048	1	3
174	1048	1	3
4	1075	1	3
156	1075	1	3
163	1075	1	3
165	1075	1	3
167	1075	1	3
169	1075	1	3
174	1075	1	3
228	1075	1	3
4	1107	1	3
147	1107	2	3
156	1107	1	3
163	1107	1	3
167	1107	2	3
169	1107	1	3
174	1107	1	3
4	1152	1	3
156	1152	1	3
163	1152	1	3
165	1152	1	3
167	1152	1	3
169	1152	1	3
174	1152	1	3
228	1152	1	3
4	1155	1	3
156	1155	1	3
163	1155	1	3
165	1155	1	3
167	1155	1	3
169	1155	1	3
174	1155	1	3
228	1155	1	3
4	1209	1	3
156	1209	1	3
163	1209	1	3
165	1209	1	3
167	1209	1	3
169	1209	1	3
174	1209	1	3
228	1209	1	3
4	1219	1	3
27	1219	1	3
156	1219	1	3
163	1219	1	3
167	1219	1	3
169	1219	1	3
174	1219	1	3
33	1239	2	3
113	1239	1	3
156	1239	1	3
77	1258	1	3
156	1258	1	3
167	1258	1	3
169	1258	1	3
174	1258	1	3
213	1258	1	3
229	1258	1	3
336	1258	1	3
99	1279	1	3
156	1279	1	3
323	1279	1	3
4	1290	1	3
156	1290	1	3
163	1290	1	3
165	1290	1	3
167	1290	1	3
169	1290	1	3
174	1290	1	3
228	1290	1	3
4	1298	1	3
156	1298	1	3
163	1298	1	3
165	1298	1	3
167	1298	1	3
169	1298	1	3
174	1298	1	3
228	1298	1	3
4	1299	1	3
156	1299	1	3
163	1299	1	3
167	1299	1	3
169	1299	1	3
174	1299	1	3
156	1312	1	3
169	1312	1	3
174	1312	1	3
267	1312	1	3
4	1350	1	3
156	1350	1	3
163	1350	1	3
165	1350	1	3
167	1350	1	3
169	1350	1	3
174	1350	1	3
228	1350	1	3
4	1369	1	3
156	1369	1	3
163	1369	1	3
167	1369	1	3
169	1369	1	3
174	1369	1	3
262	1369	1	3
4	1388	1	3
89	1388	1	3
156	1388	1	3
163	1388	1	3
167	1388	1	3
169	1388	1	3
174	1388	1	3
4	1394	1	3
156	1394	1	3
163	1394	1	3
165	1394	1	3
167	1394	1	3
169	1394	1	3
174	1394	1	3
228	1394	1	3
4	1398	1	3
150	1398	1	3
156	1398	1	3
163	1398	1	3
167	1398	1	3
169	1398	1	3
174	1398	1	3
4	1400	1	3
156	1400	1	3
163	1400	1	3
165	1400	1	3
167	1400	1	3
169	1400	1	3
174	1400	1	3
228	1400	1	3
4	1421	1	3
47	1421	1	3
119	1421	1	3
156	1421	1	3
163	1421	1	3
167	1421	1	3
169	1421	1	3
174	1421	1	3
229	1421	1	3
362	1421	1	3
4	1423	1	3
156	1423	1	3
163	1423	1	3
167	1423	1	3
169	1423	1	3
174	1423	1	3
4	1435	1	3
60	1435	1	3
156	1435	1	3
163	1435	1	3
167	1435	1	3
169	1435	1	3
174	1435	1	3
301	1435	1	3
4	1448	1	3
156	1448	1	3
163	1448	1	3
167	1448	1	3
169	1448	1	3
174	1448	1	3
229	1448	1	3
4	1464	1	3
156	1464	1	3
163	1464	1	3
165	1464	1	3
167	1464	1	3
169	1464	1	3
174	1464	1	3
228	1464	1	3
96	1465	1	3
156	1465	1	3
246	1465	1	3
293	1465	1	3
311	1465	1	3
4	1474	1	3
156	1474	1	3
163	1474	1	3
167	1474	1	3
169	1474	1	3
174	1474	1	3
228	1474	1	3
317	1474	1	3
77	1477	1	3
113	1477	1	3
129	1477	1	3
156	1477	1	3
167	1477	2	3
322	1477	1	3
6	1487	1	3
12	1487	1	3
90	1487	1	3
156	1487	1	3
197	1487	1	3
4	1488	1	3
129	1488	1	3
156	1488	1	3
163	1488	1	3
167	1488	1	3
169	1488	1	3
174	1488	1	3
229	1488	1	3
119	1490	1	3
365	1490	1	3
4	1491	1	3
129	1491	4	3
156	1491	1	3
163	1491	1	3
167	1491	1	3
169	1491	1	3
174	1491	1	3
4	1492	1	3
156	1492	1	3
163	1492	1	3
167	1492	1	3
169	1492	1	3
174	1492	1	3
4	1517	1	3
156	1517	1	3
163	1517	1	3
165	1517	1	3
167	1517	1	3
169	1517	1	3
174	1517	1	3
228	1517	1	3
4	1520	1	3
156	1520	1	3
163	1520	1	3
167	1520	1	3
169	1520	1	3
174	1520	1	3
301	1520	1	3
156	1529	1	3
218	1529	1	3
311	1529	1	3
342	1529	1	3
4	1532	1	3
113	1532	1	3
156	1532	1	3
163	1532	1	3
167	1532	1	3
169	1532	1	3
174	1532	1	3
4	1534	1	3
156	1534	1	3
163	1534	1	3
165	1534	1	3
167	1534	1	3
169	1534	1	3
174	1534	1	3
228	1534	1	3
156	1537	1	3
169	1537	1	3
229	1537	1	3
4	1547	1	3
156	1547	1	3
163	1547	1	3
165	1547	1	3
167	1547	1	3
169	1547	1	3
174	1547	1	3
228	1547	1	3
4	1548	1	3
139	1548	1	3
156	1548	1	3
163	1548	1	3
167	1548	1	3
169	1548	1	3
174	1548	1	3
99	1549	1	3
106	1549	1	3
144	1549	1	3
232	1549	1	3
286	1549	1	3
4	1554	1	3
115	1554	1	3
167	1554	1	3
308	1554	1	3
4	1566	1	3
113	1566	1	3
154	1566	1	3
156	1566	1	3
163	1566	1	3
167	1566	1	3
169	1566	1	3
174	1566	1	3
107	1569	1	3
4	1582	1	3
156	1582	1	3
163	1582	1	3
167	1582	1	3
169	1582	1	3
174	1582	1	3
229	1582	1	3
143	1584	1	3
146	1584	1	3
156	1584	1	3
229	1584	1	3
4	1588	1	3
156	1588	1	3
163	1588	1	3
167	1588	1	3
169	1588	1	3
174	1588	1	3
365	1588	1	3
4	1602	1	3
311	1602	1	3
4	1617	1	3
156	1617	1	3
163	1617	1	3
165	1617	1	3
167	1617	1	3
169	1617	1	3
174	1617	1	3
228	1617	1	3
26	1627	1	3
61	1627	1	3
301	1627	1	3
343	1627	1	3
4	1628	1	3
156	1628	1	3
163	1628	1	3
165	1628	1	3
167	1628	1	3
169	1628	1	3
174	1628	1	3
228	1628	1	3
4	1629	1	3
156	1629	1	3
163	1629	1	3
165	1629	1	3
167	1629	1	3
169	1629	1	3
174	1629	1	3
228	1629	1	3
156	1633	1	3
169	1633	1	3
174	1633	1	3
336	1633	1	3
347	1633	1	3
365	1633	1	3
4	1657	1	3
156	1657	1	3
163	1657	1	3
167	1657	1	3
169	1657	1	3
174	1657	1	3
4	1670	1	3
156	1670	1	3
163	1670	1	3
167	1670	1	3
169	1670	1	3
174	1670	1	3
229	1670	1	3
4	1675	1	3
156	1675	1	3
163	1675	1	3
167	1675	1	3
169	1675	1	3
174	1675	1	3
270	1675	1	3
105	1681	1	3
166	1681	1	3
261	1681	1	3
44	1685	1	3
154	1685	1	3
156	1685	1	3
177	1685	1	3
4	1692	1	3
156	1692	1	3
163	1692	1	3
167	1692	1	3
169	1692	1	3
174	1692	1	3
4	1722	1	3
156	1722	1	3
163	1722	1	3
167	1722	1	3
169	1722	1	3
174	1722	1	3
86	1725	1	3
156	1725	1	3
365	1725	1	3
4	1726	1	3
156	1726	1	3
163	1726	1	3
167	1726	1	3
169	1726	1	3
174	1726	1	3
129	1731	5	3
311	1731	1	3
12	1732	1	3
78	1732	1	3
133	1732	1	3
4	1738	1	3
156	1738	1	3
163	1738	1	3
167	1738	2	3
169	1738	1	3
174	1738	1	3
156	1741	1	3
167	1741	1	3
169	1741	1	3
174	1741	1	3
270	1741	1	3
299	1741	1	3
328	1741	1	3
331	1741	1	3
4	1772	1	3
156	1772	1	3
163	1772	1	3
165	1772	1	3
167	1772	1	3
169	1772	1	3
174	1772	1	3
228	1772	1	3
156	1779	1	3
169	1779	1	3
192	1779	1	3
242	1779	1	3
342	1779	1	3
4	1782	1	3
133	1782	1	3
156	1782	1	3
163	1782	1	3
167	1782	1	3
169	1782	1	3
174	1782	1	3
270	1782	1	3
4	1796	1	3
156	1796	1	3
163	1796	1	3
165	1796	1	3
167	1796	1	3
169	1796	1	3
174	1796	1	3
228	1796	1	3
4	1821	1	3
7	1821	2	3
57	1821	1	3
77	1821	1	3
113	1821	1	3
156	1821	1	3
174	1821	1	3
113	1827	1	3
133	1827	1	3
260	1827	1	3
285	1827	1	3
311	1827	1	3
107	1829	1	3
179	1829	1	3
212	1829	1	3
229	1829	1	3
269	1829	1	3
338	1829	1	3
342	1829	1	3
4	1835	1	3
156	1835	1	3
163	1835	1	3
165	1835	1	3
167	1835	1	3
169	1835	1	3
174	1835	1	3
228	1835	1	3
61	4	1	4
130	4	1	4
68	5	1	4
268	5	1	4
156	8	1	4
181	8	1	4
261	8	1	4
362	8	1	4
190	15	1	4
309	15	1	4
26	16	1	4
156	16	1	4
236	16	1	4
90	39	1	4
99	39	1	4
311	39	1	4
135	74	1	4
156	74	1	4
212	74	1	4
156	80	1	4
341	80	1	4
156	81	1	4
233	83	1	4
339	83	1	4
61	90	1	4
15	94	1	4
124	94	1	4
135	94	1	4
242	94	1	4
255	94	1	4
325	94	1	4
38	101	1	4
341	101	1	4
364	101	1	4
134	102	1	4
197	102	1	4
212	102	1	4
182	116	1	4
236	116	1	4
88	146	1	4
127	146	1	4
215	146	1	4
297	146	1	4
317	147	1	4
156	156	1	4
228	156	1	4
231	156	1	4
156	160	1	4
311	160	1	4
345	160	1	4
168	172	1	4
236	172	1	4
63	176	1	4
133	176	1	4
236	176	1	4
305	176	1	4
124	179	1	4
146	179	1	4
311	179	1	4
124	194	1	4
307	194	1	4
316	194	1	4
318	194	1	4
341	196	1	4
362	196	1	4
117	201	1	4
326	201	1	4
55	202	1	4
99	202	1	4
156	202	1	4
224	202	1	4
266	202	1	4
155	205	1	4
274	205	1	4
319	205	1	4
156	209	1	4
341	209	1	4
146	212	1	4
156	212	1	4
206	212	1	4
311	212	1	4
335	212	1	4
355	220	1	4
141	221	1	4
164	221	1	4
327	221	1	4
335	231	1	4
229	235	1	4
246	235	1	4
311	235	1	4
88	242	1	4
156	242	1	4
250	242	1	4
122	243	1	4
317	243	1	4
63	250	1	4
189	259	1	4
247	259	1	4
250	259	1	4
58	274	1	4
143	284	2	4
57	285	1	4
150	285	1	4
155	292	1	4
220	292	1	4
226	292	1	4
297	293	1	4
80	294	1	4
311	294	1	4
335	294	1	4
247	303	1	4
197	310	1	4
99	316	1	4
335	316	1	4
213	322	1	4
267	322	1	4
319	322	1	4
335	322	1	4
112	330	1	4
82	343	1	4
257	343	1	4
261	343	1	4
226	349	1	4
284	349	1	4
289	349	1	4
2	356	1	4
26	356	1	4
69	356	1	4
192	356	1	4
335	356	1	4
28	361	1	4
65	361	1	4
210	361	1	4
230	361	1	4
236	361	1	4
326	361	1	4
331	361	1	4
44	363	1	4
197	363	1	4
230	363	1	4
194	369	1	4
203	369	1	4
213	369	1	4
220	369	1	4
311	369	1	4
331	369	1	4
341	369	1	4
321	389	1	4
19	398	1	4
240	398	1	4
107	399	1	4
171	399	1	4
68	400	1	4
83	400	1	4
324	400	1	4
338	400	1	4
362	407	1	4
363	407	1	4
68	409	4	4
156	409	1	4
336	414	1	4
166	426	1	4
82	468	1	4
156	484	1	4
282	484	1	4
151	485	1	4
207	485	1	4
237	485	1	4
304	485	1	4
331	485	1	4
156	493	1	4
224	493	1	4
81	506	2	4
229	506	1	4
159	511	1	4
335	511	2	4
40	515	1	4
286	515	1	4
319	515	1	4
333	515	1	4
217	521	1	4
304	521	1	4
311	521	1	4
241	527	1	4
18	533	1	4
350	533	1	4
95	537	1	4
107	537	2	4
214	537	1	4
122	538	1	4
297	538	1	4
124	553	1	4
229	553	1	4
349	553	1	4
117	564	1	4
144	564	1	4
214	564	1	4
238	564	1	4
60	566	1	4
141	566	1	4
229	583	1	4
248	583	1	4
296	583	1	4
127	584	1	4
176	584	1	4
311	584	1	4
192	605	1	4
109	609	1	4
152	609	1	4
190	609	1	4
314	609	1	4
356	609	1	4
65	613	1	4
263	613	1	4
265	613	1	4
321	613	1	4
138	618	1	4
261	618	1	4
118	620	1	4
138	625	1	4
14	636	1	4
290	636	1	4
309	636	1	4
13	643	1	4
64	643	1	4
131	643	1	4
44	656	1	4
241	656	1	4
44	662	1	4
190	662	1	4
226	662	1	4
271	662	1	4
211	670	1	4
111	682	1	4
156	682	1	4
292	682	1	4
311	682	1	4
150	686	1	4
226	686	1	4
267	686	1	4
321	686	1	4
276	688	1	4
33	693	1	4
5	698	1	4
13	698	1	4
320	698	1	4
81	700	1	4
156	700	1	4
25	704	1	4
156	704	1	4
292	704	1	4
25	709	1	4
81	709	1	4
156	709	1	4
292	709	1	4
57	713	1	4
93	713	1	4
139	713	1	4
143	713	1	4
205	713	1	4
311	713	1	4
318	713	1	4
25	719	1	4
156	719	1	4
253	719	1	4
292	719	1	4
363	719	2	4
25	726	1	4
116	726	1	4
156	726	1	4
292	726	1	4
25	737	1	4
156	737	1	4
216	737	1	4
292	737	1	4
25	744	1	4
81	744	1	4
156	744	1	4
292	744	1	4
25	747	1	4
81	747	1	4
124	747	1	4
156	747	1	4
253	747	1	4
25	752	1	4
156	752	1	4
236	752	1	4
253	752	1	4
292	752	1	4
349	752	1	4
114	760	1	4
224	760	1	4
98	764	1	4
25	771	1	4
141	771	1	4
156	771	1	4
253	771	1	4
292	771	1	4
136	772	1	4
159	772	1	4
189	772	1	4
218	772	1	4
285	772	1	4
25	776	1	4
141	776	1	4
156	776	1	4
253	776	1	4
292	776	1	4
15	777	1	4
348	777	1	4
316	791	1	4
331	804	1	4
156	811	1	4
323	813	1	4
118	815	1	4
192	815	1	4
124	828	1	4
57	829	1	4
341	829	1	4
138	831	1	4
159	831	1	4
168	831	1	4
311	831	1	4
335	831	1	4
184	835	1	4
287	835	1	4
190	837	1	4
120	839	2	4
252	839	1	4
313	839	1	4
335	839	3	4
132	852	1	4
156	852	1	4
228	852	1	4
231	852	1	4
124	882	1	4
359	882	1	4
156	883	1	4
208	883	1	4
228	883	1	4
254	883	1	4
333	883	1	4
226	900	1	4
106	926	1	4
218	926	1	4
232	926	1	4
259	926	1	4
285	926	1	4
325	926	1	4
156	931	1	4
156	941	1	4
218	941	1	4
347	941	1	4
78	944	1	4
156	944	1	4
303	944	1	4
45	956	1	4
125	956	1	4
311	956	1	4
229	983	1	4
343	983	1	4
365	983	1	4
156	988	1	4
297	988	1	4
303	988	1	4
311	998	1	4
330	1000	1	4
127	1002	1	4
141	1002	1	4
209	1002	1	4
267	1002	1	4
321	1002	1	4
127	1003	1	4
192	1003	1	4
321	1003	1	4
322	1003	1	4
107	1004	1	4
158	1004	1	4
285	1004	1	4
318	1004	1	4
218	1007	1	4
260	1008	1	4
333	1008	1	4
141	1032	1	4
212	1032	1	4
307	1032	1	4
106	1053	1	4
120	1053	1	4
188	1053	1	4
236	1053	1	4
156	1060	1	4
197	1060	1	4
239	1060	1	4
252	1060	1	4
265	1060	1	4
311	1060	1	4
44	1066	1	4
285	1080	1	4
337	1080	1	4
107	1099	1	4
192	1099	1	4
197	1100	1	4
216	1153	1	4
259	1163	1	4
330	1163	1	4
337	1167	1	4
172	1176	1	4
217	1178	1	4
307	1178	1	4
311	1178	1	4
348	1178	2	4
5	1182	1	4
263	1182	1	4
162	1185	1	4
197	1186	1	4
172	1187	1	4
168	1188	1	4
172	1188	1	4
54	1195	1	4
86	1195	1	4
236	1195	1	4
156	1197	1	4
172	1197	1	4
37	1210	1	4
311	1210	1	4
76	1230	1	4
156	1230	1	4
45	1237	1	4
213	1237	1	4
84	1240	1	4
328	1240	1	4
261	1241	1	4
45	1254	1	4
311	1254	2	4
358	1254	1	4
184	1257	1	4
52	1260	1	4
62	1260	1	4
195	1260	1	4
228	1260	1	4
318	1260	1	4
333	1260	1	4
304	1261	1	4
52	1263	1	4
62	1263	1	4
195	1263	1	4
228	1263	1	4
318	1263	1	4
333	1263	1	4
86	1265	1	4
210	1265	1	4
26	1273	1	4
97	1273	1	4
200	1273	1	4
349	1273	1	4
33	1280	1	4
91	1280	1	4
243	1280	1	4
289	1280	1	4
274	1282	1	4
117	1284	1	4
149	1284	1	4
255	1284	1	4
289	1284	1	4
125	1289	1	4
192	1303	1	4
311	1303	1	4
28	1306	1	4
151	1314	1	4
271	1314	1	4
316	1314	1	4
336	1314	1	4
1	1315	1	4
344	1315	1	4
98	1323	1	4
289	1323	1	4
232	1328	1	4
274	1328	1	4
317	1328	1	4
346	1328	1	4
156	1330	1	4
84	1333	1	4
117	1333	1	4
171	1333	1	4
84	1334	1	4
117	1334	1	4
171	1334	1	4
62	1342	1	4
197	1342	1	4
289	1342	1	4
154	1349	1	4
190	1349	1	4
199	1349	1	4
124	1357	1	4
156	1357	1	4
142	1361	1	4
156	1361	1	4
219	1361	1	4
162	1367	1	4
128	1377	2	4
156	1377	1	4
156	1380	1	4
278	1380	2	4
306	1380	1	4
42	1392	1	4
150	1392	1	4
156	1392	1	4
165	1392	1	4
311	1392	1	4
357	1392	1	4
60	1396	1	4
335	1396	1	4
192	1397	1	4
189	1405	1	4
294	1405	1	4
78	1408	1	4
105	1408	1	4
192	1408	1	4
262	1408	1	4
280	1408	1	4
107	1409	1	4
355	1409	1	4
68	1416	1	4
260	1416	1	4
320	1416	1	4
348	1416	1	4
15	1417	1	4
156	1420	1	4
228	1420	1	4
274	1420	1	4
190	1426	1	4
318	1426	1	4
319	1426	1	4
83	1450	1	4
128	1450	1	4
340	1450	1	4
18	1453	1	4
181	1453	1	4
197	1453	2	4
310	1453	1	4
323	1457	1	4
108	1458	1	4
192	1458	1	4
225	1458	1	4
311	1458	1	4
228	1462	1	4
358	1462	1	4
60	1497	1	4
270	1497	1	4
93	1498	1	4
156	1498	1	4
205	1498	1	4
301	1498	1	4
17	1509	1	4
271	1509	1	4
357	1512	1	4
17	1516	1	4
271	1516	1	4
365	1528	1	4
109	1538	1	4
237	1543	1	4
286	1543	1	4
240	1546	1	4
5	1560	1	4
110	1560	1	4
82	1576	1	4
107	1576	1	4
124	1576	1	4
268	1576	1	4
156	1578	1	4
254	1578	1	4
274	1578	1	4
333	1578	1	4
358	1578	1	4
40	1595	2	4
138	1595	1	4
82	1611	1	4
31	1613	1	4
157	1613	1	4
162	1613	1	4
317	1613	1	4
156	1621	1	4
71	1626	1	4
156	1626	1	4
155	1647	1	4
245	1647	1	4
321	1647	1	4
156	1653	1	4
244	1653	1	4
250	1653	1	4
299	1653	1	4
156	1656	1	4
349	1656	1	4
156	1662	1	4
250	1662	1	4
79	1666	1	4
131	1666	1	4
135	1666	1	4
262	1666	1	4
16	1687	1	4
82	1687	1	4
139	1687	1	4
313	1687	4	4
359	1687	1	4
267	1688	1	4
318	1688	1	4
364	1688	1	4
234	1694	1	4
321	1694	1	4
30	1697	1	4
30	1698	1	4
156	1729	1	4
202	1729	1	4
93	1752	1	4
156	1752	1	4
229	1752	1	4
231	1752	1	4
254	1752	2	4
274	1752	1	4
85	1758	1	4
171	1758	1	4
208	1758	1	4
156	1768	1	4
7	1800	1	4
143	1800	1	4
156	1800	1	4
231	1800	1	4
311	1800	1	4
206	1818	1	4
229	1818	1	4
354	1818	1	4
120	1853	1	4
220	1853	1	4
107	1	1	6
210	1	1	6
335	1	1	6
352	1	1	6
166	7	1	6
313	7	1	6
80	17	1	6
124	30	1	6
143	30	1	6
310	30	1	6
136	31	1	6
188	31	1	6
255	31	1	6
136	34	1	6
188	34	1	6
255	34	1	6
106	37	1	6
156	46	1	6
310	46	1	6
149	50	1	6
185	52	1	6
364	53	1	6
156	54	1	6
310	54	1	6
120	57	1	6
9	58	1	6
289	58	1	6
339	58	1	6
260	59	1	6
307	59	1	6
202	60	2	6
68	62	1	6
162	62	1	6
104	65	1	6
144	65	1	6
217	65	1	6
224	65	1	6
311	65	1	6
313	65	1	6
335	65	1	6
70	66	1	6
254	66	1	6
235	73	1	6
108	79	1	6
150	79	1	6
27	98	1	6
199	98	1	6
362	98	1	6
38	105	1	6
107	105	1	6
160	105	1	6
38	106	1	6
190	106	1	6
311	106	2	6
26	108	1	6
156	108	1	6
83	115	1	6
112	115	1	6
259	115	1	6
266	117	1	6
355	117	1	6
156	119	1	6
266	119	1	6
48	122	1	6
201	122	1	6
305	122	1	6
156	125	1	6
84	127	1	6
162	127	1	6
351	127	1	6
225	128	1	6
237	128	1	6
335	128	1	6
339	128	1	6
156	130	1	6
311	130	1	6
343	130	1	6
28	131	1	6
310	131	1	6
156	139	1	6
35	142	1	6
120	142	1	6
156	142	1	6
164	142	1	6
309	142	1	6
9	144	1	6
120	144	1	6
170	144	1	6
58	153	1	6
78	153	1	6
176	153	1	6
189	153	1	6
88	159	1	6
284	159	1	6
100	168	1	6
279	168	1	6
41	177	1	6
221	177	1	6
321	177	1	6
14	180	1	6
30	180	1	6
99	180	1	6
319	180	1	6
127	186	1	6
203	186	2	6
305	188	1	6
198	203	1	6
238	208	1	6
258	208	1	6
32	214	1	6
335	214	1	6
342	214	1	6
310	217	1	6
34	218	1	6
155	223	1	6
292	223	1	6
197	228	1	6
82	232	1	6
192	232	1	6
297	232	1	6
149	234	1	6
192	234	1	6
242	234	1	6
311	234	1	6
109	236	1	6
192	236	1	6
97	241	1	6
105	241	1	6
156	241	1	6
169	241	1	6
200	241	1	6
69	244	1	6
354	244	1	6
14	245	1	6
128	245	1	6
141	245	1	6
192	245	1	6
349	245	1	6
20	246	1	6
90	246	1	6
317	246	1	6
156	247	1	6
243	247	1	6
99	249	1	6
160	249	1	6
192	249	1	6
261	249	1	6
312	249	1	6
325	249	1	6
109	251	1	6
192	251	1	6
156	271	1	6
228	271	1	6
152	272	1	6
244	273	1	6
282	273	1	6
152	275	1	6
158	275	1	6
275	275	1	6
48	279	1	6
325	279	1	6
109	287	1	6
122	287	1	6
156	287	1	6
341	287	1	6
156	289	1	6
24	291	1	6
34	291	1	6
83	291	1	6
147	291	1	6
194	291	1	6
130	295	1	6
219	295	1	6
288	295	1	6
366	295	1	6
34	299	1	6
197	299	1	6
320	299	1	6
343	299	1	6
188	305	1	6
197	305	1	6
203	305	1	6
276	305	1	6
311	305	1	6
120	308	1	6
311	308	1	6
325	308	1	6
247	309	1	6
46	312	1	6
52	312	1	6
96	312	1	6
115	312	1	6
133	312	1	6
153	313	1	6
68	315	1	6
266	315	1	6
192	317	1	6
266	317	1	6
267	318	1	6
357	318	1	6
311	319	1	6
2	320	1	6
236	320	2	6
307	320	2	6
325	320	1	6
335	320	1	6
364	320	1	6
156	324	1	6
297	324	1	6
21	326	1	6
255	331	1	6
13	333	1	6
320	333	1	6
220	338	1	6
341	338	1	6
134	340	1	6
79	347	1	6
213	347	1	6
225	347	1	6
318	348	1	6
192	358	1	6
55	364	1	6
44	367	1	6
61	367	1	6
103	367	1	6
156	367	1	6
266	367	1	6
311	367	1	6
15	370	1	6
120	370	1	6
220	370	1	6
312	370	1	6
335	370	1	6
192	377	1	6
82	385	1	6
290	385	1	6
37	386	1	6
290	387	1	6
213	388	1	6
276	401	1	6
156	404	1	6
175	404	1	6
266	404	1	6
292	404	1	6
127	413	1	6
137	413	1	6
175	413	1	6
292	413	1	6
131	420	1	6
320	420	1	6
70	422	1	6
195	422	1	6
216	422	1	6
29	423	1	6
177	423	3	6
191	423	1	6
336	423	1	6
38	430	1	6
131	430	1	6
134	430	1	6
152	430	1	6
170	430	1	6
344	430	1	6
132	444	1	6
156	444	1	6
236	444	1	6
287	444	1	6
31	448	1	6
325	448	1	6
326	448	1	6
339	448	1	6
134	456	1	6
152	456	1	6
197	456	1	6
206	456	1	6
58	458	1	6
83	458	1	6
266	458	1	6
336	458	1	6
343	458	1	6
348	458	1	6
236	459	1	6
325	459	1	6
311	462	1	6
9	471	1	6
160	471	1	6
348	471	1	6
131	472	1	6
143	472	1	6
275	472	1	6
267	477	1	6
45	490	1	6
278	490	1	6
87	491	1	6
136	491	2	6
8	492	1	6
162	492	1	6
168	496	1	6
142	504	1	6
180	504	1	6
269	504	1	6
285	504	1	6
366	513	1	6
213	518	1	6
244	518	1	6
255	518	1	6
85	526	1	6
129	528	1	6
21	529	1	6
311	529	1	6
336	529	1	6
197	543	1	6
223	545	1	6
311	546	1	6
355	550	1	6
358	550	1	6
51	551	1	6
74	555	1	6
129	556	1	6
90	557	1	6
285	557	1	6
318	557	1	6
319	557	1	6
341	557	1	6
317	559	1	6
335	559	2	6
360	562	1	6
364	567	1	6
129	575	1	6
129	579	1	6
197	579	1	6
129	582	1	6
122	585	1	6
131	585	1	6
149	585	1	6
297	585	1	6
343	585	1	6
344	585	1	6
129	587	1	6
74	588	1	6
344	588	1	6
129	591	1	6
181	604	2	6
236	604	2	6
286	604	1	6
92	610	1	6
162	610	1	6
266	610	1	6
324	610	1	6
126	611	1	6
311	611	1	6
117	617	1	6
129	617	1	6
197	617	1	6
129	622	1	6
303	622	1	6
129	623	1	6
39	626	1	6
129	626	1	6
256	626	1	6
129	632	1	6
353	632	1	6
300	635	1	6
129	638	1	6
171	638	2	6
117	653	1	6
129	653	1	6
285	653	1	6
150	658	1	6
129	663	1	6
33	666	1	6
3	678	1	6
124	678	1	6
151	678	1	6
115	706	1	6
156	716	1	6
228	716	1	6
252	716	1	6
262	716	1	6
198	720	1	6
168	722	1	6
335	725	1	6
192	727	1	6
197	728	1	6
206	728	1	6
229	728	1	6
236	728	1	6
114	732	1	6
156	732	1	6
239	732	1	6
168	733	1	6
326	733	1	6
355	733	1	6
89	734	1	6
229	734	1	6
318	734	1	6
338	734	1	6
168	735	4	6
189	736	1	6
161	742	1	6
311	746	1	6
294	751	1	6
88	753	1	6
354	753	1	6
311	758	1	6
306	767	1	6
210	768	1	6
139	769	1	6
42	770	1	6
105	770	1	6
116	770	1	6
156	770	1	6
95	775	1	6
156	775	1	6
217	775	1	6
274	775	1	6
328	775	1	6
301	779	1	6
173	781	1	6
266	781	1	6
327	781	1	6
168	790	1	6
192	790	1	6
274	790	1	6
311	795	1	6
346	795	1	6
87	803	1	6
343	805	1	6
156	810	1	6
202	810	1	6
311	810	1	6
341	810	2	6
125	812	1	6
156	812	1	6
197	812	1	6
202	812	1	6
341	812	1	6
140	819	1	6
69	821	1	6
124	821	1	6
330	821	2	6
26	827	1	6
122	827	1	6
257	827	1	6
23	836	1	6
150	836	1	6
156	836	1	6
197	836	1	6
291	836	1	6
15	847	1	6
131	847	1	6
236	847	1	6
248	847	1	6
333	874	1	6
97	881	1	6
192	881	1	6
200	881	1	6
350	881	1	6
53	886	1	6
104	886	1	6
126	886	1	6
268	886	1	6
156	891	1	6
240	891	1	6
333	891	1	6
15	892	1	6
343	892	1	6
354	892	1	6
82	893	1	6
16	897	1	6
124	897	1	6
133	897	1	6
136	897	1	6
330	897	2	6
18	899	1	6
83	899	1	6
307	899	1	6
203	901	1	6
358	901	1	6
218	906	1	6
311	906	1	6
156	915	1	6
180	915	1	6
217	915	1	6
311	915	1	6
336	915	1	6
30	917	1	6
218	917	1	6
148	919	1	6
156	921	1	6
208	921	1	6
228	921	1	6
250	921	1	6
29	923	1	6
168	923	1	6
85	930	1	6
187	930	1	6
212	932	2	6
252	932	1	6
66	948	1	6
141	948	1	6
157	948	1	6
75	951	1	6
92	951	1	6
107	951	1	6
266	951	1	6
348	957	1	6
30	959	1	6
75	959	1	6
92	959	1	6
192	959	1	6
196	959	1	6
212	959	1	6
266	959	1	6
75	960	1	6
212	960	1	6
2	964	1	6
75	964	1	6
127	964	1	6
201	964	1	6
233	964	1	6
240	964	1	6
332	964	1	6
247	966	1	6
3	967	1	6
56	967	1	6
75	967	1	6
75	968	1	6
155	968	1	6
192	968	1	6
233	968	1	6
311	969	2	6
339	969	1	6
15	971	1	6
86	971	1	6
226	971	1	6
324	971	1	6
75	972	1	6
91	975	1	6
155	975	1	6
311	975	1	6
55	982	1	6
311	982	1	6
141	984	1	6
338	984	1	6
38	987	1	6
212	987	1	6
192	999	1	6
175	1006	1	6
26	1011	1	6
232	1011	1	6
297	1011	1	6
234	1012	1	6
166	1014	1	6
86	1018	2	6
192	1018	1	6
335	1018	2	6
297	1022	1	6
335	1022	1	6
313	1026	1	6
318	1026	1	6
335	1026	1	6
189	1027	1	6
266	1027	1	6
355	1027	1	6
99	1035	1	6
107	1035	1	6
197	1035	1	6
222	1035	2	6
341	1035	1	6
67	1047	1	6
122	1047	1	6
218	1047	1	6
246	1047	1	6
283	1047	1	6
311	1047	1	6
7	1052	1	6
264	1052	1	6
287	1055	1	6
192	1058	1	6
162	1061	1	6
166	1061	1	6
7	1062	1	6
192	1062	1	6
335	1062	1	6
105	1063	1	6
148	1063	1	6
279	1063	1	6
7	1065	1	6
15	1065	1	6
56	1065	1	6
133	1065	1	6
134	1065	1	6
209	1065	1	6
229	1065	1	6
339	1065	1	6
68	1067	1	6
301	1067	1	6
178	1070	1	6
56	1072	1	6
128	1072	1	6
182	1072	1	6
156	1076	1	6
156	1081	1	6
262	1081	1	6
349	1081	1	6
8	1090	1	6
236	1090	1	6
176	1092	1	6
244	1092	1	6
1	1093	1	6
48	1093	1	6
312	1095	1	6
336	1095	1	6
114	1096	1	6
156	1096	1	6
312	1096	1	6
23	1097	1	6
96	1097	1	6
139	1097	1	6
269	1097	1	6
156	1108	1	6
311	1108	1	6
132	1118	1	6
156	1118	1	6
228	1118	1	6
345	1120	1	6
363	1120	1	6
35	1123	1	6
156	1123	1	6
213	1123	1	6
320	1129	1	6
336	1129	1	6
156	1135	1	6
29	1138	1	6
135	1138	1	6
190	1138	1	6
204	1138	1	6
241	1138	1	6
318	1142	1	6
210	1143	1	6
192	1144	1	6
204	1144	1	6
204	1150	1	6
42	1154	1	6
336	1154	1	6
102	1157	1	6
117	1157	1	6
159	1159	1	6
204	1165	1	6
223	1165	1	6
136	1166	1	6
154	1166	2	6
204	1166	1	6
259	1166	1	6
355	1166	1	6
333	1168	1	6
103	1171	1	6
140	1171	1	6
197	1171	1	6
1	1172	1	6
192	1172	1	6
292	1172	1	6
311	1172	1	6
190	1173	1	6
212	1173	1	6
337	1190	1	6
156	1191	1	6
192	1191	1	6
274	1191	1	6
333	1191	1	6
152	1192	1	6
156	1192	1	6
183	1192	1	6
285	1192	1	6
156	1196	1	6
208	1196	1	6
228	1196	1	6
239	1196	1	6
250	1196	1	6
336	1203	1	6
38	1204	1	6
58	1204	1	6
156	1205	1	6
60	1207	1	6
153	1207	1	6
154	1207	1	6
281	1207	1	6
342	1207	1	6
278	1212	1	6
156	1213	1	6
108	1215	1	6
133	1215	1	6
278	1215	1	6
293	1215	1	6
226	1217	1	6
335	1217	1	6
336	1220	1	6
40	1227	1	6
80	1227	1	6
105	1227	1	6
108	1229	1	6
160	1229	1	6
348	1229	1	6
133	1231	1	6
87	1234	1	6
21	1238	1	6
107	1238	1	6
343	1238	1	6
238	1242	1	6
335	1242	1	6
131	1243	1	6
312	1245	1	6
26	1249	1	6
156	1249	1	6
349	1249	1	6
109	1251	1	6
183	1255	1	6
156	1264	1	6
243	1264	1	6
14	1268	1	6
156	1268	1	6
37	1270	1	6
290	1270	1	6
81	1272	1	6
155	1272	1	6
156	1272	1	6
318	1272	1	6
21	1286	1	6
41	1286	1	6
53	1286	1	6
127	1286	1	6
143	1286	1	6
221	1286	1	6
156	1294	1	6
229	1294	1	6
254	1294	1	6
274	1294	1	6
333	1294	1	6
14	1302	1	6
363	1302	1	6
42	1310	1	6
116	1310	1	6
136	1310	1	6
173	1310	1	6
235	1310	1	6
327	1310	1	6
123	1319	1	6
241	1319	1	6
281	1319	1	6
94	1324	1	6
54	1327	1	6
145	1327	1	6
247	1327	1	6
264	1327	1	6
54	1331	1	6
145	1331	1	6
247	1331	1	6
264	1331	1	6
33	1335	1	6
219	1335	1	6
366	1336	1	6
66	1337	1	6
98	1337	1	6
156	1337	1	6
311	1337	1	6
150	1339	1	6
355	1339	1	6
156	1340	1	6
191	1340	1	6
156	1341	1	6
191	1341	1	6
348	1344	1	6
135	1345	1	6
160	1345	1	6
14	1362	1	6
115	1362	1	6
129	1362	4	6
59	1364	1	6
124	1364	1	6
268	1364	1	6
1	1390	1	6
117	1390	1	6
236	1390	1	6
358	1390	1	6
129	1401	1	6
246	1401	1	6
156	1407	1	6
228	1407	1	6
308	1407	1	6
192	1410	1	6
335	1413	1	6
1	1418	1	6
236	1418	1	6
57	1422	1	6
213	1422	1	6
257	1422	1	6
266	1422	1	6
110	1424	1	6
266	1424	2	6
156	1429	1	6
231	1429	1	6
270	1429	1	6
358	1429	1	6
192	1431	1	6
23	1434	1	6
139	1434	1	6
192	1446	1	6
85	1451	1	6
155	1451	1	6
156	1451	1	6
7	1456	1	6
156	1456	1	6
175	1456	1	6
307	1463	1	6
311	1463	1	6
312	1463	1	6
332	1463	1	6
178	1467	1	6
192	1467	1	6
19	1481	1	6
97	1481	1	6
164	1481	2	6
184	1481	1	6
192	1481	1	6
200	1481	1	6
238	1481	2	6
311	1481	1	6
318	1481	1	6
94	1482	1	6
123	1482	2	6
156	1482	1	6
241	1482	1	6
97	1484	1	6
184	1484	1	6
192	1484	1	6
200	1484	1	6
361	1493	1	6
315	1494	1	6
361	1494	1	6
266	1495	1	6
361	1495	1	6
361	1496	1	6
290	1501	1	6
315	1501	1	6
92	1502	1	6
266	1502	1	6
33	1513	1	6
92	1513	1	6
266	1513	1	6
307	1513	2	6
361	1513	1	6
30	1525	1	6
92	1525	1	6
197	1525	1	6
242	1525	1	6
266	1525	1	6
90	1531	1	6
150	1531	1	6
195	1531	1	6
243	1531	1	6
278	1531	1	6
311	1531	1	6
103	1586	1	6
147	1603	1	6
189	1603	1	6
234	1603	1	6
255	1603	1	6
156	1606	1	6
232	1606	1	6
262	1606	1	6
104	1614	1	6
144	1614	1	6
192	1614	1	6
246	1614	1	6
97	1630	1	6
200	1630	1	6
162	1631	1	6
256	1631	1	6
333	1631	1	6
10	1634	1	6
97	1634	1	6
200	1634	1	6
238	1634	1	6
311	1634	1	6
122	1635	1	6
311	1635	1	6
312	1635	1	6
341	1635	1	6
38	1637	1	6
312	1638	1	6
333	1638	1	6
97	1639	1	6
200	1639	1	6
216	1639	1	6
235	1639	1	6
268	1644	1	6
97	1645	1	6
192	1645	1	6
200	1645	1	6
97	1648	1	6
200	1648	1	6
332	1648	1	6
336	1648	1	6
45	1650	1	6
97	1650	1	6
192	1650	1	6
200	1650	1	6
82	1651	1	6
156	1651	1	6
24	1652	1	6
97	1652	1	6
200	1652	1	6
340	1652	1	6
97	1658	1	6
134	1658	1	6
200	1658	1	6
57	1659	1	6
143	1659	1	6
152	1659	1	6
158	1659	1	6
205	1659	1	6
311	1659	1	6
333	1659	1	6
107	1663	1	6
131	1663	1	6
295	1664	1	6
320	1664	1	6
67	1679	1	6
40	1686	1	6
156	1686	1	6
197	1686	1	6
124	1690	1	6
156	1690	1	6
107	1709	1	6
335	1713	1	6
355	1765	1	6
133	1770	1	6
122	1774	1	6
320	1774	1	6
52	1775	1	6
53	1775	1	6
107	1775	1	6
156	1777	1	6
254	1777	1	6
274	1777	1	6
333	1777	1	6
122	1778	1	6
246	1778	1	6
359	1778	1	6
156	1787	1	6
240	1787	1	6
333	1787	1	6
88	1792	1	6
115	1792	1	6
116	1792	1	6
131	1792	1	6
197	1792	1	6
283	1792	1	6
36	1798	2	6
289	1798	1	6
147	1799	1	6
189	1799	1	6
217	1799	1	6
304	1799	1	6
331	1799	1	6
24	1854	1	6
192	1854	1	6
16	1856	1	6
239	1856	1	6
246	1856	1	6
335	1856	1	6
26	10	1	7
117	10	1	7
297	10	1	7
347	10	1	7
54	23	1	7
86	23	1	7
132	25	1	7
141	25	1	7
240	25	1	7
284	25	1	7
147	26	3	7
154	40	1	7
207	41	1	7
214	41	1	7
304	41	1	7
240	42	1	7
287	42	1	7
182	47	1	7
291	47	1	7
267	48	2	7
164	55	1	7
18	63	1	7
156	63	1	7
318	63	1	7
199	75	1	7
287	78	1	7
317	78	1	7
250	85	1	7
332	85	1	7
348	85	1	7
294	91	1	7
156	95	1	7
311	95	1	7
114	100	1	7
164	100	1	7
164	107	1	7
156	111	1	7
197	111	1	7
72	120	1	7
175	120	1	7
72	123	1	7
156	123	1	7
175	123	1	7
156	126	1	7
162	126	1	7
189	126	1	7
210	126	1	7
216	129	1	7
48	148	1	7
176	148	1	7
17	164	1	7
48	167	1	7
107	167	1	7
197	175	1	7
280	175	1	7
325	175	1	7
53	182	1	7
58	182	1	7
133	182	1	7
281	182	1	7
318	182	1	7
192	185	1	7
127	187	1	7
162	187	1	7
311	187	1	7
312	187	1	7
326	187	1	7
20	192	1	7
107	192	1	7
291	195	1	7
311	197	1	7
312	197	1	7
341	197	1	7
246	199	1	7
18	206	1	7
156	206	1	7
307	207	1	7
335	207	1	7
34	219	1	7
316	219	1	7
336	219	2	7
64	222	1	7
366	233	1	7
39	238	1	7
156	238	1	7
221	238	1	7
228	238	1	7
256	238	1	7
303	238	1	7
321	238	1	7
147	254	1	7
210	254	1	7
258	262	1	7
360	262	1	7
209	264	1	7
313	264	1	7
335	264	1	7
156	266	1	7
266	266	1	7
156	269	1	7
43	281	1	7
291	281	1	7
100	282	1	7
258	282	1	7
360	282	2	7
152	288	1	7
258	288	1	7
320	288	1	7
312	290	1	7
341	290	1	7
26	298	1	7
275	298	1	7
335	298	1	7
336	298	1	7
291	307	1	7
324	325	1	7
197	336	1	7
10	352	1	7
341	352	1	7
349	352	1	7
223	354	1	7
251	354	1	7
103	374	1	7
266	374	1	7
296	374	1	7
3	378	1	7
249	378	1	7
335	378	1	7
156	392	1	7
197	392	1	7
39	403	1	7
155	403	1	7
156	403	1	7
213	403	1	7
228	403	1	7
128	406	1	7
286	406	1	7
311	406	1	7
220	408	1	7
319	408	1	7
88	416	1	7
56	421	2	7
181	421	1	7
189	421	1	7
194	421	1	7
251	421	1	7
311	421	1	7
124	447	1	7
273	447	1	7
294	452	1	7
124	465	1	7
273	465	1	7
295	465	1	7
363	465	1	7
122	469	1	7
290	469	1	7
192	470	1	7
273	470	1	7
336	470	1	7
355	470	1	7
47	479	1	7
99	479	1	7
124	479	1	7
162	479	1	7
195	479	1	7
226	479	1	7
273	479	1	7
277	483	1	7
161	487	1	7
250	487	1	7
273	487	1	7
336	487	1	7
277	498	1	7
277	505	1	7
197	507	1	7
215	507	1	7
311	507	1	7
359	507	2	7
311	508	1	7
319	508	1	7
277	509	1	7
319	509	1	7
320	509	1	7
341	509	1	7
258	514	1	7
341	514	1	7
360	514	2	7
277	519	1	7
99	522	1	7
111	531	1	7
133	531	1	7
156	531	1	7
279	531	1	7
301	531	1	7
311	531	1	7
154	535	1	7
336	535	1	7
213	540	1	7
311	540	1	7
362	540	1	7
107	541	1	7
112	541	1	7
148	541	1	7
274	541	1	7
335	541	1	7
258	577	1	7
280	577	1	7
304	577	1	7
360	577	1	7
147	578	1	7
156	599	1	7
95	607	1	7
310	607	1	7
102	628	1	7
109	628	1	7
139	630	1	7
334	650	1	7
334	651	1	7
266	652	1	7
334	652	1	7
334	654	1	7
334	655	1	7
141	667	1	7
170	667	2	7
185	667	1	7
236	667	1	7
115	672	1	7
170	673	1	7
222	677	1	7
255	677	1	7
170	680	1	7
80	697	1	7
156	697	1	7
15	702	1	7
138	702	1	7
236	702	1	7
348	702	1	7
23	759	1	7
96	759	1	7
139	759	1	7
69	763	1	7
100	778	1	7
156	778	1	7
108	789	1	7
123	789	1	7
156	789	1	7
114	802	1	7
131	802	1	7
162	830	1	7
285	838	1	7
156	848	1	7
221	848	1	7
239	848	1	7
250	848	1	7
303	848	1	7
20	849	1	7
107	849	1	7
108	849	1	7
150	849	1	7
88	850	1	7
108	850	1	7
192	850	1	7
156	851	1	7
221	851	1	7
239	851	1	7
250	851	1	7
303	851	1	7
27	859	1	7
218	859	1	7
311	859	1	7
39	867	1	7
15	871	1	7
156	871	1	7
224	871	1	7
332	871	1	7
219	884	1	7
311	884	1	7
218	889	1	7
39	909	1	7
156	909	1	7
365	909	1	7
39	912	1	7
156	912	1	7
365	912	1	7
218	925	1	7
124	952	1	7
128	952	1	7
271	952	1	7
336	952	1	7
111	1010	1	7
338	1010	1	7
156	1056	2	7
114	1057	1	7
156	1057	2	7
178	1057	1	7
219	1064	1	7
39	1078	1	7
150	1078	1	7
156	1078	1	7
185	1078	1	7
228	1078	1	7
212	1083	1	7
141	1109	2	7
156	1109	1	7
108	1111	1	7
242	1111	1	7
363	1111	1	7
156	1124	1	7
307	1124	1	7
85	1127	1	7
107	1127	1	7
327	1127	1	7
156	1130	1	7
231	1130	1	7
156	1136	1	7
244	1136	1	7
295	1136	1	7
272	1137	1	7
99	1139	1	7
288	1139	1	7
311	1139	1	7
39	1140	1	7
114	1140	1	7
156	1140	1	7
13	1141	1	7
156	1141	1	7
244	1148	1	7
272	1148	1	7
311	1148	1	7
65	1149	1	7
19	1151	1	7
272	1151	1	7
34	1170	1	7
226	1170	1	7
320	1170	1	7
51	1199	1	7
152	1199	1	7
156	1199	1	7
239	1199	1	7
318	1199	1	7
358	1199	1	7
15	1206	1	7
155	1216	1	7
156	1216	1	7
261	1216	1	7
133	1223	1	7
51	1233	1	7
156	1233	1	7
205	1233	1	7
229	1233	1	7
333	1233	1	7
141	1252	1	7
156	1252	1	7
219	1252	1	7
311	1252	1	7
156	1262	2	7
187	1262	1	7
214	1262	1	7
21	1266	1	7
71	1266	1	7
156	1266	1	7
216	1266	1	7
350	1266	1	7
236	1291	1	7
356	1291	1	7
197	1296	1	7
58	1297	1	7
152	1300	1	7
350	1300	1	7
83	1305	1	7
101	1305	1	7
194	1305	1	7
335	1305	1	7
116	1321	1	7
156	1321	1	7
335	1321	1	7
260	1347	1	7
82	1359	1	7
289	1359	1	7
124	1376	1	7
247	1376	1	7
339	1376	1	7
362	1376	2	7
311	1379	1	7
321	1379	1	7
348	1379	1	7
331	1403	1	7
28	1406	1	7
33	1406	1	7
149	1406	1	7
333	1406	1	7
38	1411	1	7
307	1415	1	7
362	1415	1	7
55	1428	1	7
156	1428	1	7
156	1430	1	7
232	1430	1	7
156	1432	1	7
232	1432	1	7
236	1433	1	7
307	1433	1	7
181	1439	1	7
331	1439	1	7
344	1449	1	7
96	1475	1	7
335	1475	1	7
238	1478	1	7
60	1479	1	7
141	1479	1	7
146	1479	1	7
336	1479	1	7
72	1486	2	7
157	1486	1	7
307	1486	1	7
335	1486	1	7
3	1489	1	7
356	1489	1	7
140	1499	1	7
33	1505	1	7
294	1507	1	7
122	1510	1	7
139	1518	1	7
141	1518	1	7
192	1522	1	7
363	1544	1	7
5	1568	1	7
14	1568	1	7
27	1568	1	7
107	1568	1	7
284	1568	1	7
285	1568	1	7
341	1568	1	7
27	1571	1	7
133	1571	1	7
156	1583	1	7
365	1583	1	7
157	1587	1	7
156	1594	1	7
239	1594	1	7
250	1594	1	7
19	1612	1	7
57	1612	1	7
236	1612	1	7
272	1612	1	7
331	1612	1	7
272	1624	1	7
39	1660	2	7
156	1660	1	7
228	1660	1	7
94	1667	1	7
225	1667	1	7
255	1668	1	7
280	1668	1	7
320	1668	1	7
302	1684	1	7
321	1684	1	7
156	1702	1	7
192	1702	1	7
236	1702	1	7
362	1702	1	7
311	1717	1	7
39	1720	1	7
192	1720	1	7
39	1723	1	7
156	1723	1	7
221	1723	1	7
228	1723	1	7
303	1723	1	7
333	1743	1	7
131	1744	1	7
114	1747	1	7
156	1747	1	7
251	1747	1	7
302	1747	1	7
19	1763	1	7
266	1763	1	7
311	1763	1	7
356	1763	1	7
15	1794	1	7
236	1794	1	7
266	1794	2	7
305	1794	1	7
246	1833	1	7
320	1833	1	7
2	1839	1	7
107	1839	1	7
192	1839	1	7
309	1839	2	7
107	1841	1	7
351	1841	1	7
197	1844	1	7
99	3	1	8
106	3	1	8
156	19	1	8
311	19	1	8
39	29	1	8
156	29	1	8
311	158	1	8
312	158	1	8
65	166	1	8
282	166	1	8
287	166	1	8
312	166	1	8
330	166	1	8
335	166	1	8
168	178	1	8
37	227	1	8
70	227	1	8
330	227	1	8
129	255	3	8
243	255	1	8
21	263	1	8
258	263	1	8
206	344	1	8
228	344	1	8
260	344	1	8
293	344	1	8
155	393	1	8
333	393	1	8
114	405	1	8
127	405	1	8
251	405	1	8
114	425	1	8
206	425	1	8
214	425	1	8
290	425	1	8
313	437	1	8
56	442	1	8
290	442	2	8
319	442	1	8
69	450	1	8
117	565	1	8
124	565	1	8
131	565	1	8
251	565	1	8
327	565	1	8
226	581	1	8
311	581	1	8
34	598	1	8
44	661	1	8
123	661	1	8
185	661	1	8
336	661	1	8
156	664	1	8
226	664	1	8
39	679	1	8
156	679	1	8
195	679	1	8
250	679	1	8
311	679	1	8
91	689	1	8
336	692	1	8
336	695	1	8
309	701	1	8
150	705	1	8
226	761	1	8
237	761	1	8
252	761	1	8
317	761	1	8
96	793	1	8
156	797	1	8
217	797	1	8
314	797	1	8
93	875	1	8
205	875	2	8
302	875	1	8
314	875	1	8
333	875	2	8
365	875	1	8
53	877	1	8
150	877	1	8
205	877	1	8
299	877	1	8
333	877	2	8
345	877	1	8
365	877	1	8
125	913	1	8
140	913	1	8
176	1005	1	8
219	1005	1	8
311	1005	1	8
339	1005	1	8
156	1039	1	8
180	1039	1	8
221	1039	1	8
303	1039	1	8
109	1133	1	8
140	1133	1	8
156	1133	1	8
139	1169	1	8
213	1198	1	8
274	1198	1	8
296	1198	1	8
302	1198	1	8
307	1198	1	8
175	1200	1	8
318	1202	1	8
211	1253	1	8
256	1253	1	8
267	1253	1	8
321	1253	1	8
41	1317	2	8
156	1317	1	8
221	1317	1	8
298	1317	1	8
336	1317	1	8
39	1338	1	8
156	1338	1	8
228	1338	1	8
251	1381	1	8
260	1414	1	8
290	1419	1	8
23	1597	1	8
117	1597	1	8
124	1597	1	8
125	1597	1	8
216	1597	1	8
324	1597	1	8
82	1599	1	8
294	1599	1	8
63	1610	1	8
131	1610	1	8
283	1610	1	8
311	1610	1	8
122	1642	1	8
139	1642	1	8
320	1642	1	8
341	1642	1	8
247	1654	2	8
254	1654	1	8
276	1654	1	8
39	1696	1	8
156	1696	1	8
228	1696	1	8
47	1706	1	8
156	1706	1	8
311	1706	1	8
80	1769	1	8
107	1769	1	8
62	1804	1	8
156	1804	1	8
240	1804	1	8
254	1804	1	8
156	1852	1	8
257	1852	1	8
