3	12	1	0
123	12	1	0
134	12	1	0
205	12	1	0
292	12	1	0
10	15	1	0
157	15	1	0
178	15	1	0
209	35	1	0
57	48	1	0
77	48	1	0
104	48	1	0
151	48	2	0
212	48	1	0
256	48	1	0
123	80	1	0
182	80	1	0
43	84	1	0
98	84	1	0
99	124	1	0
134	124	1	0
123	280	1	0
131	280	1	0
187	280	1	0
89	325	1	0
8	326	1	0
275	326	1	0
86	329	1	0
123	329	1	0
149	335	1	0
171	335	1	0
216	335	1	0
83	340	1	0
123	340	1	0
96	378	1	0
105	378	2	0
193	378	1	0
96	382	1	0
105	382	2	0
193	382	1	0
123	464	1	0
186	464	1	0
260	464	1	0
155	492	1	0
170	492	1	0
271	492	1	0
100	502	1	0
101	518	1	0
130	518	1	0
251	518	1	0
86	525	1	0
100	528	1	0
132	528	1	0
211	531	1	0
218	531	1	0
239	531	1	0
95	532	1	0
126	532	1	0
181	532	1	0
208	532	1	0
33	629	1	0
123	629	1	0
17	703	1	0
57	703	1	0
4	734	1	0
123	734	1	0
134	734	1	0
187	734	1	0
209	734	1	0
290	738	1	0
39	739	1	0
105	739	1	0
108	739	1	0
116	739	1	0
146	739	1	0
251	739	1	0
7	752	1	0
123	752	1	0
131	752	1	0
187	752	1	0
3	757	1	0
123	757	1	0
125	757	1	0
281	757	1	0
33	762	1	0
48	762	1	0
236	762	1	0
123	764	1	0
187	764	1	0
84	772	1	0
270	772	2	0
121	774	1	0
60	775	1	0
208	775	1	0
239	775	1	0
270	775	1	0
35	776	1	0
75	776	1	0
96	776	1	0
97	776	1	0
153	776	1	0
270	776	3	0
251	793	1	0
277	793	1	0
54	805	1	0
90	805	1	0
162	811	1	0
175	811	1	0
251	811	1	0
259	811	1	0
15	820	1	0
123	820	1	0
150	820	1	0
36	918	1	0
123	918	1	0
181	918	1	0
182	918	1	0
251	918	1	0
277	918	1	0
47	983	1	0
123	983	1	0
162	983	1	0
193	983	1	0
123	987	1	0
162	987	1	0
165	987	1	0
193	987	1	0
220	987	1	0
65	989	1	0
123	989	1	0
123	1018	1	0
144	1018	1	0
255	1018	1	0
6	1045	2	0
34	1045	1	0
163	1045	1	0
189	1045	1	0
215	1045	1	0
270	1045	1	0
123	1056	1	0
144	1056	1	0
255	1056	1	0
99	1070	1	0
123	1070	1	0
188	1070	1	0
121	1089	1	0
164	1089	1	0
251	1089	1	0
28	1093	1	0
184	1093	1	0
80	1113	1	0
123	1113	1	0
239	1127	1	0
123	1131	1	0
162	1131	1	0
83	1169	1	0
210	1169	1	0
116	1172	1	0
214	1189	1	0
77	1191	1	0
146	1191	1	0
257	1191	1	0
7	1192	1	0
84	1192	1	0
148	1192	1	0
179	1192	1	0
203	1192	1	0
251	1192	1	0
84	1210	1	0
86	1210	1	0
175	1210	1	0
251	1210	1	0
270	1210	1	0
283	1210	1	0
105	1233	1	0
123	1233	1	0
187	1233	1	0
247	1233	1	0
127	1250	1	0
83	1263	1	0
121	1263	1	0
149	1263	1	0
104	1270	1	0
123	1270	1	0
218	1270	1	0
123	1305	1	0
224	1305	1	0
249	1305	2	0
42	1324	1	0
270	1324	1	0
91	1359	1	0
112	1359	1	0
223	1359	1	0
270	1361	1	0
91	1380	1	0
153	1380	1	0
4	1461	1	0
84	1461	1	0
123	1461	1	0
134	1461	1	0
237	1461	1	0
251	1461	1	0
84	1482	1	0
123	1482	1	0
70	1505	1	0
146	1505	1	0
148	1505	1	0
249	1505	1	0
259	1505	1	0
270	1505	1	0
86	1508	1	0
233	1508	1	0
84	1509	1	0
94	1509	2	0
205	1509	1	0
262	1509	1	0
23	1532	1	0
134	1532	1	0
102	1534	1	0
270	1534	1	0
271	1534	1	0
3	1542	1	0
94	1542	1	0
123	1542	1	0
129	1542	1	0
133	1542	1	0
134	1542	1	0
249	1542	1	0
123	42	1	1
60	45	1	1
220	45	1	1
65	59	1	1
123	59	1	1
127	59	1	1
93	61	1	1
96	61	1	1
169	61	1	1
231	61	1	1
20	74	1	1
153	86	2	1
245	86	1	1
172	96	1	1
256	96	1	1
256	101	1	1
245	102	1	1
137	107	1	1
120	109	1	1
20	110	1	1
290	110	1	1
20	120	1	1
178	130	1	1
245	130	1	1
251	130	1	1
276	130	1	1
50	142	1	1
104	142	1	1
123	142	1	1
177	142	1	1
257	142	1	1
69	144	2	1
245	144	1	1
61	150	1	1
153	152	1	1
245	152	1	1
153	154	1	1
193	154	1	1
243	154	1	1
264	154	1	1
152	160	1	1
240	160	1	1
245	160	1	1
12	162	1	1
157	162	1	1
49	164	1	1
103	164	1	1
47	171	1	1
20	172	1	1
153	177	1	1
20	182	1	1
153	186	1	1
159	186	1	1
245	186	1	1
88	189	1	1
157	189	1	1
20	193	1	1
20	197	1	1
20	200	1	1
153	202	1	1
226	202	1	1
245	202	1	1
246	202	1	1
252	202	1	1
276	202	1	1
20	203	1	1
157	203	1	1
153	210	3	1
245	210	1	1
276	210	1	1
153	212	1	1
245	212	1	1
110	217	1	1
233	217	1	1
153	218	1	1
245	218	1	1
252	218	1	1
48	220	1	1
123	220	1	1
127	220	1	1
153	224	1	1
245	224	1	1
20	236	1	1
245	242	1	1
20	255	1	1
209	255	1	1
150	256	1	1
245	256	1	1
88	264	1	1
157	264	1	1
187	264	2	1
193	264	1	1
218	264	1	1
64	272	1	1
178	272	1	1
245	272	1	1
81	278	1	1
153	278	1	1
178	278	1	1
245	278	1	1
245	294	1	1
153	314	1	1
245	314	1	1
181	330	1	1
281	330	1	1
123	337	1	1
238	337	1	1
281	337	1	1
233	405	1	1
95	413	1	1
218	413	2	1
264	413	1	1
189	417	1	1
112	420	1	1
266	527	1	1
7	530	1	1
123	530	1	1
182	530	1	1
280	530	1	1
292	530	1	1
86	541	1	1
123	541	1	1
218	541	2	1
290	541	1	1
123	548	1	1
225	548	1	1
292	548	1	1
123	581	1	1
123	592	1	1
173	592	1	1
50	597	1	1
104	597	1	1
123	597	1	1
177	597	1	1
96	619	1	1
232	619	1	1
281	619	1	1
183	627	1	1
270	627	1	1
10	633	2	1
157	633	1	1
270	633	1	1
291	633	1	1
176	634	1	1
123	635	1	1
101	636	2	1
251	636	1	1
50	639	1	1
101	640	1	1
197	640	1	1
153	641	1	1
236	641	1	1
238	641	1	1
243	641	1	1
246	641	1	1
5	642	1	1
45	642	1	1
46	642	1	1
89	645	1	1
211	645	1	1
272	646	1	1
60	647	1	1
73	647	1	1
157	647	1	1
230	647	1	1
272	647	1	1
85	648	1	1
85	650	1	1
183	650	1	1
270	650	1	1
47	652	1	1
85	652	1	1
120	652	1	1
153	652	2	1
285	652	1	1
14	653	1	1
35	653	1	1
234	653	1	1
265	653	1	1
104	654	1	1
167	654	1	1
251	654	1	1
75	655	1	1
179	655	1	1
206	655	1	1
281	657	1	1
99	658	2	1
100	658	1	1
193	658	1	1
295	658	1	1
85	659	1	1
153	659	1	1
184	659	1	1
285	659	1	1
95	660	1	1
153	660	1	1
112	661	1	1
153	661	1	1
211	661	1	1
274	661	1	1
285	661	1	1
208	662	1	1
28	663	1	1
263	663	1	1
285	663	1	1
83	665	1	1
291	665	1	1
265	666	1	1
14	668	1	1
81	669	1	1
194	669	1	1
14	671	1	1
164	673	1	1
229	673	1	1
184	675	1	1
32	677	1	1
115	678	1	1
116	679	1	1
271	679	1	1
199	682	1	1
262	682	1	1
283	682	1	1
284	682	1	1
198	683	1	1
39	687	1	1
98	687	1	1
153	687	1	1
285	688	1	1
111	692	1	1
143	692	1	1
95	694	1	1
153	694	1	1
164	697	1	1
92	698	1	1
214	698	1	1
101	699	1	1
153	700	1	1
92	702	1	1
214	702	1	1
77	704	1	1
102	704	1	1
211	704	1	1
246	704	1	1
285	704	1	1
289	704	1	1
34	714	1	1
99	714	2	1
34	715	1	1
5	716	2	1
34	716	1	1
270	716	2	1
283	716	1	1
285	716	1	1
25	719	1	1
34	719	1	1
114	719	1	1
157	719	1	1
283	719	1	1
285	719	1	1
191	720	1	1
203	720	1	1
285	720	1	1
5	721	1	1
34	721	1	1
106	721	1	1
183	721	1	1
270	721	3	1
102	723	1	1
211	723	1	1
270	723	1	1
281	723	1	1
285	723	1	1
51	725	1	1
285	725	1	1
5	728	1	1
93	728	1	1
106	728	1	1
251	728	1	1
270	728	1	1
275	728	1	1
285	728	1	1
96	730	1	1
170	730	1	1
184	730	1	1
191	730	2	1
226	730	1	1
233	730	2	1
285	730	1	1
5	732	2	1
34	732	1	1
191	732	2	1
233	732	1	1
270	732	3	1
285	732	1	1
5	733	1	1
34	733	1	1
283	733	1	1
123	735	1	1
177	735	1	1
54	736	1	1
123	736	1	1
30	747	1	1
97	747	1	1
95	759	1	1
124	759	1	1
185	759	1	1
262	759	1	1
43	760	1	1
127	763	1	1
232	763	1	1
10	765	1	1
19	765	1	1
105	765	1	1
158	765	1	1
127	768	1	1
146	768	1	1
281	768	1	1
70	769	2	1
121	769	2	1
223	769	1	1
71	771	1	1
216	771	1	1
263	771	1	1
272	771	1	1
281	771	1	1
123	785	1	1
274	785	1	1
77	788	1	1
175	788	1	1
222	788	1	1
14	789	1	1
34	789	1	1
106	789	1	1
175	792	1	1
43	799	1	1
287	799	1	1
98	800	1	1
123	800	1	1
251	800	1	1
272	800	2	1
36	807	1	1
123	807	1	1
251	807	1	1
123	818	1	1
251	818	1	1
257	833	1	1
233	852	1	1
96	877	1	1
150	877	1	1
97	879	1	1
105	881	2	1
175	902	1	1
245	903	1	1
281	903	1	1
145	906	1	1
153	907	1	1
274	907	1	1
65	911	1	1
206	911	1	1
286	911	1	1
42	923	1	1
135	923	1	1
230	923	1	1
185	926	1	1
123	998	1	1
187	998	1	1
123	1012	1	1
131	1012	1	1
187	1012	1	1
235	1012	1	1
231	1027	1	1
293	1027	2	1
294	1027	1	1
79	1028	2	1
293	1028	1	1
32	1055	1	1
77	1055	1	1
102	1055	1	1
112	1055	1	1
181	1055	1	1
218	1055	1	1
223	1055	1	1
231	1055	1	1
209	1077	1	1
6	1099	1	1
123	1099	1	1
157	1099	1	1
184	1099	1	1
233	1099	1	1
234	1099	1	1
251	1099	1	1
45	1100	1	1
25	1103	1	1
49	1103	1	1
116	1103	1	1
262	1108	1	1
157	1116	1	1
257	1116	1	1
255	1117	1	1
28	1129	1	1
286	1129	1	1
27	1137	1	1
79	1137	1	1
35	1151	2	1
253	1151	1	1
264	1151	1	1
270	1151	1	1
81	1153	1	1
218	1153	1	1
237	1153	1	1
218	1154	1	1
28	1155	1	1
79	1155	1	1
218	1155	1	1
219	1155	1	1
294	1155	1	1
50	1157	1	1
60	1157	1	1
218	1157	1	1
286	1157	1	1
50	1165	1	1
60	1165	1	1
123	1165	1	1
211	1165	1	1
158	1173	1	1
244	1173	1	1
17	1177	1	1
61	1177	1	1
87	1177	1	1
123	1177	1	1
188	1177	1	1
17	1238	1	1
71	1238	1	1
123	1238	1	1
56	1241	1	1
77	1241	1	1
118	1245	1	1
125	1245	1	1
15	1248	1	1
123	1257	1	1
218	1257	1	1
260	1266	1	1
153	1267	1	1
135	1279	1	1
153	1279	1	1
242	1279	1	1
126	1280	1	1
95	1281	1	1
101	1281	1	1
71	1283	1	1
107	1283	1	1
125	1283	1	1
193	1283	1	1
281	1283	1	1
153	1292	1	1
170	1292	1	1
242	1292	1	1
261	1292	1	1
289	1293	1	1
61	1298	1	1
153	1298	1	1
281	1298	1	1
112	1299	1	1
127	1299	1	1
123	1300	1	1
126	1309	1	1
242	1309	1	1
19	1312	1	1
173	1312	1	1
242	1312	1	1
262	1312	1	1
222	1313	1	1
232	1313	1	1
153	1317	1	1
199	1317	1	1
225	1317	1	1
281	1317	1	1
27	1318	1	1
41	1318	1	1
153	1318	1	1
242	1318	1	1
16	1321	1	1
62	1321	1	1
81	1321	1	1
106	1321	1	1
242	1322	1	1
76	1327	1	1
274	1327	1	1
47	1328	1	1
97	1328	1	1
127	1328	1	1
242	1328	1	1
87	1336	1	1
155	1336	1	1
232	1336	1	1
246	1336	1	1
123	1339	1	1
76	1346	1	1
76	1347	1	1
65	1348	1	1
126	1348	1	1
157	1348	1	1
184	1348	1	1
215	1348	1	1
242	1348	1	1
286	1348	1	1
157	1350	1	1
127	1352	1	1
69	1363	1	1
232	1363	1	1
148	1365	1	1
232	1365	1	1
78	1366	1	1
95	1370	3	1
107	1370	1	1
207	1370	1	1
231	1370	1	1
157	1374	2	1
78	1375	1	1
126	1375	1	1
153	1375	1	1
180	1375	1	1
223	1375	1	1
256	1375	1	1
78	1393	1	1
159	1393	1	1
232	1393	1	1
78	1396	1	1
153	1396	1	1
34	1399	1	1
64	1399	1	1
193	1399	1	1
150	1401	1	1
40	1403	1	1
78	1403	1	1
126	1403	1	1
151	1403	1	1
230	1403	1	1
78	1406	1	1
151	1406	1	1
153	1406	1	1
271	1406	1	1
15	1407	1	1
157	1410	3	1
27	1413	1	1
77	1413	1	1
232	1413	1	1
19	1415	1	1
59	1415	1	1
78	1415	1	1
153	1415	1	1
91	1416	1	1
193	1416	1	1
78	1418	1	1
78	1423	1	1
99	1423	2	1
153	1423	1	1
157	1424	1	1
78	1426	1	1
153	1426	1	1
159	1426	1	1
184	1427	1	1
77	1428	1	1
157	1428	1	1
13	1436	1	1
1	1442	1	1
59	1442	1	1
151	1442	2	1
289	1442	2	1
78	1444	1	1
253	1445	1	1
51	1476	1	1
77	1476	1	1
194	1477	1	1
215	1477	1	1
246	1478	1	1
77	1483	1	1
95	1483	1	1
270	1483	1	1
193	1498	1	1
123	1499	1	1
216	13	1	2
122	29	1	2
123	29	1	2
135	29	1	2
136	29	1	2
138	29	1	2
150	29	1	2
118	73	1	2
123	73	1	2
84	93	2	2
134	93	1	2
17	195	1	2
88	195	1	2
226	195	1	2
15	198	1	2
86	198	1	2
270	204	1	2
183	208	1	2
9	214	1	2
157	214	1	2
200	216	1	2
200	221	1	2
150	228	2	2
193	228	1	2
195	228	1	2
265	228	1	2
267	228	1	2
123	229	1	2
249	229	1	2
175	233	1	2
251	233	1	2
153	234	1	2
45	246	1	2
15	259	1	2
114	274	1	2
188	274	1	2
247	274	1	2
254	274	1	2
259	274	1	2
34	276	1	2
92	276	1	2
246	310	1	2
36	345	1	2
86	345	1	2
197	345	1	2
159	346	1	2
12	368	1	2
168	368	1	2
157	434	1	2
204	434	1	2
18	435	1	2
117	436	1	2
192	436	1	2
32	443	1	2
251	443	1	2
258	443	1	2
157	467	1	2
204	467	1	2
69	471	1	2
99	471	1	2
18	475	1	2
28	475	1	2
109	475	1	2
225	475	1	2
271	475	1	2
19	484	1	2
68	484	1	2
53	490	1	2
167	490	1	2
18	511	1	2
81	524	1	2
119	524	1	2
153	524	1	2
176	524	1	2
289	524	1	2
179	558	1	2
216	558	1	2
148	560	1	2
101	561	1	2
223	563	1	2
256	563	1	2
116	566	1	2
256	574	1	2
79	577	1	2
196	577	1	2
196	588	1	2
271	588	1	2
157	610	1	2
218	610	1	2
170	615	1	2
232	615	1	2
123	620	1	2
119	637	1	2
157	637	1	2
261	637	1	2
74	724	1	2
127	724	1	2
177	724	1	2
53	744	1	2
97	744	1	2
255	744	1	2
273	744	1	2
103	784	1	2
150	784	1	2
153	784	1	2
145	803	1	2
70	804	1	2
97	804	1	2
116	804	1	2
160	804	1	2
221	804	1	2
255	804	1	2
271	804	1	2
160	812	1	2
221	812	1	2
258	812	1	2
15	813	1	2
197	813	1	2
251	813	1	2
82	814	1	2
160	814	1	2
221	814	1	2
1	815	1	2
251	815	1	2
277	815	1	2
82	817	1	2
153	817	1	2
160	817	1	2
221	817	1	2
236	817	1	2
146	819	1	2
151	819	1	2
153	819	1	2
160	819	1	2
221	819	1	2
232	822	1	2
59	823	1	2
111	823	1	2
284	823	1	2
123	858	1	2
131	858	1	2
187	858	1	2
249	858	1	2
21	869	1	2
153	869	1	2
176	869	1	2
83	872	1	2
134	872	1	2
171	872	1	2
193	872	1	2
200	872	1	2
96	940	1	2
218	940	1	2
232	940	1	2
239	940	1	2
104	945	1	2
270	945	1	2
21	950	1	2
65	950	1	2
96	950	1	2
119	950	1	2
238	950	1	2
18	1006	1	2
145	1006	1	2
151	1006	1	2
212	1006	1	2
252	1006	1	2
123	1010	1	2
131	1010	1	2
187	1010	1	2
249	1010	1	2
18	1016	1	2
153	1016	1	2
284	1016	1	2
1	1019	1	2
16	1048	1	2
162	1048	1	2
151	1051	1	2
231	1051	1	2
123	1052	1	2
251	1052	1	2
253	1052	1	2
98	1071	1	2
198	1071	1	2
2	1079	1	2
123	1079	1	2
249	1079	1	2
292	1079	1	2
83	1084	1	2
134	1084	1	2
144	1084	1	2
259	1084	1	2
94	1132	1	2
123	1132	1	2
131	1132	1	2
187	1132	1	2
123	1148	1	2
131	1148	1	2
187	1148	1	2
249	1148	1	2
43	1150	1	2
77	1150	1	2
144	1150	1	2
251	1178	1	2
194	1184	1	2
211	1184	1	2
270	1184	1	2
286	1184	1	2
123	1185	1	2
132	1185	1	2
270	1187	1	2
271	1187	2	2
170	1204	1	2
269	1204	1	2
158	1206	1	2
9	1207	1	2
96	1207	1	2
157	1207	1	2
64	1220	1	2
123	1220	1	2
188	1220	1	2
209	1220	1	2
50	1224	1	2
123	1224	1	2
217	1224	1	2
230	1224	1	2
68	1329	1	2
123	1329	1	2
150	1329	1	2
249	1329	1	2
28	1345	1	2
86	1345	1	2
28	1353	2	2
28	1356	1	2
86	1356	1	2
28	1367	1	2
44	1392	1	2
268	1392	1	2
30	1400	1	2
44	1400	1	2
167	1400	1	2
268	1400	1	2
44	1404	1	2
268	1404	1	2
44	1411	1	2
88	1411	1	2
100	1411	1	2
137	1411	1	2
268	1411	1	2
122	1430	1	2
121	1443	1	2
233	1443	1	2
28	1489	1	2
45	1489	1	2
196	1512	1	2
15	1516	1	2
157	1516	1	2
44	1546	1	2
153	1546	1	2
268	1546	1	2
251	1549	1	2
55	49	1	3
82	49	1	3
84	49	1	3
93	49	1	3
134	49	1	3
262	49	1	3
27	75	1	3
188	76	1	3
273	76	1	3
248	79	1	3
144	82	1	3
188	82	1	3
251	82	1	3
271	82	1	3
278	82	1	3
91	87	1	3
146	87	1	3
256	87	1	3
271	87	1	3
3	89	1	3
198	89	1	3
1	90	1	3
91	90	1	3
170	90	1	3
192	90	1	3
278	90	1	3
121	95	1	3
23	108	1	3
84	108	1	3
123	108	1	3
271	108	1	3
284	108	1	3
84	116	1	3
119	149	1	3
163	149	1	3
52	158	1	3
84	158	1	3
123	158	1	3
134	158	1	3
150	158	1	3
172	158	1	3
222	158	1	3
292	158	1	3
251	167	1	3
3	168	2	3
134	168	1	3
161	168	1	3
207	168	1	3
74	170	1	3
88	170	1	3
30	173	1	3
52	173	1	3
106	173	1	3
65	174	1	3
151	174	1	3
52	179	1	3
92	179	1	3
3	185	1	3
49	185	1	3
100	185	1	3
251	185	1	3
17	190	2	3
41	190	1	3
75	190	1	3
105	190	1	3
123	191	1	3
220	191	1	3
255	191	1	3
181	192	1	3
86	199	1	3
118	199	1	3
247	199	1	3
248	199	1	3
263	199	1	3
60	211	1	3
163	213	1	3
188	213	1	3
219	213	1	3
248	213	1	3
255	213	1	3
31	219	1	3
278	219	1	3
90	241	1	3
123	241	1	3
134	241	1	3
224	241	1	3
257	241	1	3
55	265	2	3
119	265	1	3
145	265	1	3
83	273	1	3
100	273	1	3
123	273	1	3
169	273	1	3
202	273	1	3
55	295	1	3
204	295	1	3
263	295	1	3
46	307	1	3
144	307	1	3
162	307	1	3
187	307	1	3
270	307	1	3
105	312	1	3
264	312	1	3
281	315	1	3
123	384	1	3
249	384	1	3
84	508	1	3
97	508	1	3
117	508	1	3
251	508	1	3
256	508	1	3
188	520	1	3
211	520	1	3
151	522	1	3
251	522	1	3
90	556	1	3
188	556	1	3
87	575	1	3
89	575	1	3
202	575	1	3
262	575	1	3
202	651	1	3
283	737	1	3
36	746	1	3
58	746	1	3
134	746	1	3
148	746	1	3
224	746	1	3
123	748	1	3
232	748	1	3
48	749	1	3
236	749	1	3
71	750	1	3
182	750	1	3
213	750	1	3
281	750	1	3
270	761	1	3
3	781	1	3
7	781	1	3
133	781	1	3
134	781	1	3
175	781	1	3
251	781	1	3
269	781	1	3
270	781	1	3
41	783	1	3
55	783	1	3
123	783	1	3
134	783	1	3
23	790	1	3
27	790	1	3
87	790	1	3
101	790	1	3
206	790	2	3
96	837	1	3
133	837	1	3
198	837	1	3
281	837	1	3
108	844	1	3
116	844	1	3
123	844	1	3
292	844	1	3
230	868	1	3
290	868	1	3
74	901	1	3
134	901	1	3
176	901	1	3
259	901	1	3
3	924	1	3
105	924	1	3
123	924	1	3
182	924	1	3
188	924	1	3
123	928	1	3
131	928	1	3
187	928	1	3
249	928	1	3
84	941	1	3
123	941	1	3
134	941	1	3
123	943	1	3
131	943	1	3
187	943	1	3
249	943	1	3
42	946	1	3
58	946	1	3
167	946	1	3
236	946	1	3
30	951	1	3
133	951	1	3
164	951	1	3
116	954	1	3
30	957	1	3
33	957	1	3
34	957	1	3
46	957	1	3
133	957	1	3
153	957	1	3
164	957	1	3
170	957	1	3
43	965	1	3
106	965	1	3
185	965	1	3
95	981	1	3
109	981	1	3
123	981	1	3
251	981	1	3
274	981	1	3
55	1017	1	3
123	1017	1	3
187	1017	1	3
209	1017	1	3
3	1020	1	3
108	1020	1	3
133	1020	1	3
134	1020	1	3
31	1021	2	3
90	1021	1	3
292	1021	1	3
22	1043	1	3
123	1043	1	3
131	1043	1	3
187	1043	1	3
249	1043	1	3
24	1044	1	3
94	1044	1	3
123	1044	1	3
187	1044	1	3
209	1044	1	3
249	1044	1	3
134	1092	1	3
144	1092	1	3
89	1124	1	3
116	1124	1	3
144	1124	1	3
4	1146	1	3
123	1146	1	3
134	1146	1	3
187	1146	1	3
209	1146	1	3
249	1146	1	3
270	1170	1	3
3	1196	1	3
123	1196	1	3
129	1196	1	3
134	1196	1	3
136	1196	1	3
141	1196	1	3
123	1199	1	3
187	1199	1	3
292	1199	2	3
92	1221	1	3
123	1229	1	3
224	1229	1	3
249	1229	1	3
195	1246	1	3
265	1246	1	3
292	1246	1	3
22	1258	1	3
83	1258	1	3
87	1258	1	3
116	1258	1	3
123	1258	1	3
84	1275	1	3
133	1275	1	3
196	1275	1	3
262	1275	1	3
22	1278	1	3
123	1278	1	3
134	1278	1	3
187	1278	1	3
209	1278	1	3
55	1282	1	3
123	1282	1	3
134	1282	1	3
7	1288	1	3
289	1288	1	3
239	1289	1	3
3	1297	1	3
46	1297	1	3
173	1297	1	3
193	1297	1	3
23	1302	1	3
94	1302	1	3
116	1302	1	3
123	1302	1	3
134	1302	1	3
202	1302	1	3
3	1331	1	3
108	1331	1	3
123	1331	1	3
271	1331	1	3
61	1362	1	3
123	1362	1	3
197	1362	1	3
123	1371	1	3
249	1371	1	3
17	1417	1	3
52	1417	1	3
24	1432	1	3
86	1432	1	3
128	1432	1	3
263	1432	1	3
134	1435	1	3
203	1435	1	3
248	1435	1	3
271	1435	1	3
15	1447	1	3
17	1447	1	3
43	1447	1	3
128	1447	1	3
155	1447	1	3
161	1447	1	3
270	1447	1	3
24	1451	1	3
29	1451	1	3
82	1451	1	3
128	1451	1	3
165	1451	1	3
191	1451	1	3
236	1451	1	3
270	1451	1	3
128	1456	1	3
156	1456	1	3
165	1456	1	3
209	1456	1	3
270	1456	1	3
163	1458	1	3
220	1458	1	3
226	1458	1	3
270	1458	1	3
128	1460	1	3
161	1460	1	3
162	1460	1	3
193	1460	1	3
235	1460	2	3
270	1460	1	3
110	1465	1	3
128	1465	1	3
203	1465	1	3
243	1465	1	3
270	1465	1	3
106	1475	1	3
123	1475	1	3
110	1481	1	3
113	1481	1	3
128	1481	1	3
161	1481	1	3
189	1481	1	3
190	1481	1	3
206	1481	1	3
270	1481	1	3
82	1487	1	3
113	1487	1	3
128	1487	1	3
162	1487	1	3
165	1487	1	3
190	1487	1	3
270	1487	1	3
123	1493	1	3
128	1493	1	3
220	1493	1	3
112	1518	1	3
123	1518	1	3
123	1525	1	3
217	1525	1	3
249	1525	1	3
3	1527	1	3
33	1527	1	3
125	1527	1	3
270	1527	1	3
134	1530	1	3
251	1530	1	3
269	1530	1	3
33	1539	1	3
3	1543	1	3
154	1543	1	3
213	1543	1	3
123	5	1	4
131	5	1	4
187	5	1	4
173	8	1	4
130	16	1	4
162	16	1	4
179	16	1	4
196	16	1	4
170	18	1	4
184	18	1	4
137	25	1	4
270	25	1	4
201	26	1	4
253	28	1	4
257	28	1	4
276	28	1	4
64	32	1	4
51	33	1	4
62	33	1	4
234	34	1	4
270	34	3	4
77	36	1	4
265	36	1	4
270	36	1	4
97	37	1	4
153	37	1	4
250	37	1	4
270	37	1	4
48	40	1	4
276	47	1	4
25	51	1	4
210	55	1	4
230	55	1	4
123	58	1	4
270	62	1	4
257	67	1	4
283	67	1	4
102	77	1	4
178	77	1	4
243	77	1	4
293	77	1	4
43	78	1	4
119	78	1	4
153	78	1	4
174	78	1	4
251	78	1	4
283	78	1	4
21	94	2	4
28	94	1	4
122	94	1	4
257	94	1	4
93	100	1	4
208	100	1	4
123	103	1	4
154	105	1	4
212	105	1	4
63	128	1	4
98	129	1	4
123	129	1	4
184	129	1	4
251	129	1	4
37	131	1	4
12	133	1	4
107	133	1	4
243	133	1	4
107	134	1	4
40	141	1	4
112	141	1	4
123	141	1	4
223	141	1	4
71	146	1	4
102	146	1	4
147	146	1	4
218	146	1	4
12	148	1	4
98	153	1	4
63	155	1	4
153	155	1	4
233	155	1	4
240	156	1	4
116	157	1	4
105	166	1	4
158	166	1	4
174	166	1	4
63	169	1	4
233	169	1	4
153	175	1	4
62	176	1	4
75	180	1	4
95	194	1	4
123	194	1	4
184	194	1	4
2	201	1	4
63	201	1	4
127	201	1	4
217	201	1	4
239	209	1	4
28	231	1	4
71	231	1	4
79	231	1	4
102	231	1	4
151	231	1	4
170	231	1	4
186	231	1	4
271	231	1	4
289	231	1	4
13	235	1	4
102	235	1	4
186	235	1	4
214	235	1	4
131	238	1	4
170	238	1	4
177	238	1	4
50	239	1	4
60	239	1	4
102	239	1	4
153	239	1	4
186	239	1	4
218	239	1	4
5	243	1	4
21	243	1	4
288	243	1	4
14	244	1	4
50	244	1	4
60	244	1	4
102	244	2	4
108	244	1	4
186	244	1	4
218	244	1	4
228	244	1	4
231	244	1	4
294	244	1	4
63	247	1	4
226	247	1	4
269	247	1	4
291	247	1	4
57	248	1	4
157	248	1	4
101	251	1	4
270	253	1	4
123	257	1	4
157	257	1	4
197	257	1	4
244	257	1	4
178	263	1	4
63	267	1	4
151	267	1	4
177	267	1	4
58	268	1	4
288	268	1	4
218	269	1	4
275	269	1	4
51	270	1	4
93	270	1	4
251	270	1	4
273	270	1	4
276	270	1	4
97	271	1	4
116	271	1	4
147	271	1	4
270	271	1	4
153	275	1	4
1	277	1	4
63	277	1	4
83	277	1	4
116	286	1	4
184	286	1	4
193	288	1	4
184	290	1	4
153	291	1	4
81	292	1	4
100	292	1	4
203	292	1	4
77	322	1	4
142	322	1	4
116	327	1	4
213	327	1	4
51	331	1	4
116	331	1	4
273	331	1	4
276	331	1	4
116	336	1	4
213	336	1	4
51	341	1	4
76	341	1	4
257	341	1	4
123	347	1	4
187	347	1	4
190	347	1	4
209	347	1	4
276	350	1	4
105	352	1	4
107	355	1	4
228	355	1	4
196	359	1	4
250	359	1	4
46	360	1	4
194	360	1	4
255	360	1	4
151	361	1	4
239	361	1	4
291	361	1	4
27	362	1	4
116	362	1	4
274	362	1	4
15	365	1	4
95	365	1	4
115	367	1	4
153	367	1	4
157	367	1	4
171	367	1	4
225	367	1	4
250	367	2	4
266	367	1	4
270	367	1	4
157	379	1	4
58	389	1	4
77	389	1	4
255	389	1	4
281	389	1	4
123	395	1	4
204	395	1	4
218	395	1	4
130	406	2	4
150	406	1	4
218	406	1	4
184	425	1	4
226	425	1	4
107	430	1	4
97	439	1	4
225	439	1	4
266	439	1	4
170	447	1	4
29	452	1	4
93	459	1	4
231	459	1	4
246	459	1	4
85	473	1	4
123	473	1	4
59	480	1	4
270	480	1	4
257	501	1	4
142	507	1	4
274	509	1	4
257	526	1	4
252	529	1	4
43	533	1	4
107	533	1	4
48	534	1	4
236	534	1	4
246	534	1	4
90	539	1	4
23	542	1	4
84	542	1	4
100	542	1	4
116	542	1	4
256	549	1	4
93	552	1	4
159	552	1	4
283	552	1	4
230	554	1	4
123	565	1	4
241	565	1	4
231	593	1	4
281	595	1	4
153	599	1	4
218	614	1	4
270	618	1	4
173	622	1	4
222	624	1	4
278	624	1	4
184	625	1	4
256	625	1	4
196	628	1	4
269	630	1	4
123	632	1	4
131	632	1	4
187	632	1	4
251	649	1	4
281	649	1	4
47	672	1	4
98	672	1	4
104	672	1	4
125	672	1	4
107	685	1	4
151	685	1	4
200	685	1	4
246	685	1	4
270	685	1	4
153	686	1	4
199	686	1	4
271	686	1	4
51	691	1	4
116	691	1	4
270	691	1	4
77	693	1	4
254	693	1	4
27	706	1	4
122	706	1	4
136	706	1	4
235	706	1	4
123	741	1	4
131	741	1	4
187	741	1	4
57	742	1	4
230	755	1	4
282	755	1	4
24	758	1	4
29	758	1	4
123	758	1	4
135	758	1	4
195	758	1	4
123	791	1	4
131	791	1	4
187	791	1	4
59	824	1	4
111	824	1	4
284	824	1	4
43	835	1	4
86	840	1	4
197	840	1	4
269	843	1	4
153	847	1	4
284	847	1	4
15	848	1	4
43	848	2	4
123	848	1	4
172	848	1	4
175	848	1	4
251	848	1	4
270	848	1	4
175	849	1	4
21	850	1	4
150	850	1	4
175	850	1	4
251	850	1	4
270	850	1	4
156	856	1	4
193	856	1	4
288	856	1	4
66	864	1	4
276	864	1	4
123	871	1	4
131	871	2	4
187	871	1	4
237	871	1	4
98	874	1	4
123	874	1	4
91	876	1	4
246	876	1	4
121	880	1	4
270	880	1	4
272	880	1	4
97	882	1	4
236	882	1	4
102	884	1	4
225	884	1	4
137	887	1	4
200	887	1	4
251	887	1	4
251	888	1	4
278	888	1	4
57	889	1	4
100	893	1	4
239	893	1	4
123	894	1	4
131	894	2	4
187	894	1	4
249	894	1	4
162	896	1	4
43	898	1	4
185	898	1	4
123	909	1	4
162	909	1	4
251	909	1	4
278	909	1	4
236	910	1	4
204	912	1	4
225	912	1	4
263	912	1	4
104	913	1	4
151	913	1	4
75	915	1	4
77	915	1	4
115	915	1	4
233	915	1	4
256	915	1	4
123	916	1	4
193	916	1	4
40	917	1	4
169	917	1	4
240	917	1	4
287	917	1	4
248	921	1	4
42	930	1	4
124	930	1	4
101	933	1	4
123	933	1	4
152	933	1	4
153	933	1	4
172	933	2	4
175	933	1	4
278	933	1	4
122	936	1	4
150	944	1	4
76	955	1	4
153	955	1	4
156	955	1	4
178	955	1	4
262	955	1	4
17	956	1	4
54	956	1	4
170	956	1	4
269	956	1	4
9	958	2	4
25	958	1	4
32	958	2	4
95	958	1	4
123	962	1	4
187	962	1	4
114	963	2	4
125	963	1	4
209	964	1	4
27	966	1	4
284	966	1	4
294	966	1	4
123	967	1	4
162	967	1	4
218	967	1	4
88	968	1	4
153	969	1	4
281	969	1	4
84	970	1	4
174	970	1	4
251	971	1	4
270	972	1	4
104	974	1	4
108	975	1	4
114	975	1	4
150	975	1	4
228	975	1	4
251	976	1	4
270	976	1	4
116	1003	1	4
236	1003	1	4
153	1007	1	4
71	1014	1	4
123	1014	1	4
131	1014	1	4
237	1014	1	4
40	1015	1	4
71	1015	1	4
113	1015	1	4
108	1024	1	4
113	1025	2	4
123	1025	1	4
187	1025	1	4
59	1029	1	4
281	1029	1	4
292	1029	1	4
16	1034	1	4
153	1035	1	4
288	1035	1	4
9	1038	1	4
59	1038	1	4
251	1038	1	4
76	1050	1	4
218	1053	1	4
86	1058	1	4
111	1058	1	4
159	1059	1	4
132	1060	1	4
255	1060	1	4
53	1062	1	4
77	1062	1	4
100	1062	1	4
183	1062	1	4
193	1062	1	4
270	1062	1	4
37	1065	1	4
116	1065	1	4
28	1068	1	4
153	1068	1	4
19	1069	1	4
85	1069	1	4
101	1069	1	4
287	1069	1	4
64	1085	1	4
147	1085	1	4
174	1085	1	4
283	1091	1	4
211	1102	1	4
80	1105	1	4
165	1105	1	4
190	1105	1	4
123	1107	1	4
136	1107	1	4
235	1107	1	4
256	1107	1	4
62	1109	2	4
12	1110	1	4
152	1115	1	4
121	1118	1	4
123	1118	1	4
131	1118	1	4
123	1121	1	4
187	1121	1	4
197	1121	1	4
290	1123	1	4
123	1128	1	4
91	1133	1	4
22	1134	1	4
37	1134	1	4
123	1134	1	4
40	1136	1	4
114	1136	1	4
180	1136	1	4
251	1136	1	4
233	1139	1	4
272	1139	1	4
152	1141	1	4
54	1143	1	4
251	1143	1	4
180	1158	1	4
123	1171	1	4
149	1171	1	4
150	1171	1	4
219	1171	1	4
279	1171	1	4
58	1174	1	4
118	1174	1	4
142	1174	1	4
231	1174	1	4
74	1175	1	4
257	1225	1	4
69	1227	1	4
10	1230	1	4
155	1237	1	4
179	1237	1	4
251	1237	1	4
276	1237	1	4
4	1240	1	4
108	1240	1	4
116	1240	1	4
123	1240	1	4
131	1240	1	4
134	1240	1	4
237	1240	1	4
192	1255	1	4
244	1255	1	4
123	1261	1	4
131	1261	1	4
187	1261	1	4
50	1274	1	4
123	1274	1	4
131	1274	1	4
170	1274	1	4
209	1274	1	4
229	1274	1	4
103	1291	2	4
214	1291	1	4
232	1291	1	4
270	1291	1	4
49	1296	1	4
143	1296	1	4
293	1296	1	4
294	1296	1	4
54	1304	1	4
95	1304	1	4
123	1304	1	4
251	1304	1	4
13	1306	1	4
90	1306	1	4
149	1306	1	4
251	1306	1	4
293	1306	1	4
123	1314	1	4
257	1314	1	4
123	1315	1	4
150	1315	1	4
257	1315	1	4
209	1323	1	4
193	1326	1	4
250	1326	1	4
251	1334	1	4
281	1334	1	4
227	1335	1	4
227	1337	1	4
135	1357	1	4
256	1357	1	4
267	1364	1	4
116	1373	1	4
100	1381	1	4
251	1381	1	4
281	1381	1	4
38	1414	1	4
120	1414	1	4
173	1414	1	4
251	1414	1	4
123	1420	1	4
131	1420	2	4
187	1420	1	4
237	1420	1	4
107	1429	1	4
193	1429	1	4
123	1440	1	4
131	1440	2	4
187	1440	1	4
237	1440	1	4
145	1448	1	4
81	1467	1	4
204	1467	1	4
269	1467	1	4
179	1471	1	4
100	1472	1	4
251	1472	1	4
255	1484	1	4
270	1484	1	4
32	1490	1	4
77	1491	1	4
251	1491	1	4
258	1491	1	4
27	1494	1	4
193	1494	1	4
260	1494	1	4
123	1519	1	4
131	1519	1	4
187	1519	1	4
123	1537	1	4
131	1537	1	4
187	1537	1	4
248	4	1	5
277	17	1	5
3	57	1	5
116	57	2	5
123	57	1	5
129	57	1	5
134	57	1	5
136	57	1	5
141	57	1	5
244	57	1	5
3	64	1	5
123	64	1	5
129	64	1	5
131	64	1	5
134	64	1	5
136	64	1	5
141	64	1	5
187	64	1	5
174	65	1	5
188	65	1	5
3	68	1	5
123	68	1	5
129	68	1	5
134	68	1	5
136	68	1	5
141	68	1	5
188	68	1	5
280	68	1	5
123	85	1	5
73	97	1	5
123	97	1	5
279	97	1	5
122	106	1	5
123	106	1	5
134	106	1	5
259	106	1	5
3	117	1	5
84	117	1	5
123	117	1	5
129	117	1	5
134	117	1	5
136	117	1	5
141	117	1	5
291	117	1	5
123	126	1	5
187	126	1	5
197	126	1	5
209	126	1	5
3	196	1	5
123	196	1	5
129	196	1	5
131	196	1	5
134	196	1	5
136	196	1	5
141	196	1	5
187	196	1	5
3	225	1	5
83	225	1	5
123	225	1	5
129	225	1	5
134	225	1	5
136	225	1	5
141	225	1	5
197	225	1	5
3	250	1	5
116	250	2	5
123	250	1	5
129	250	1	5
134	250	1	5
136	250	1	5
141	250	1	5
244	250	1	5
17	258	1	5
65	258	1	5
84	258	1	5
164	258	1	5
3	301	1	5
123	301	1	5
129	301	1	5
134	301	1	5
136	301	1	5
141	301	1	5
202	301	1	5
68	306	1	5
281	306	1	5
3	320	1	5
66	320	1	5
2	338	1	5
3	338	2	5
123	338	1	5
129	338	1	5
134	338	2	5
136	338	1	5
141	338	1	5
188	338	1	5
258	338	1	5
3	348	1	5
116	348	1	5
123	348	1	5
129	348	1	5
134	348	1	5
136	348	1	5
141	348	1	5
197	348	1	5
292	348	1	5
3	354	1	5
123	354	1	5
129	354	1	5
134	354	1	5
136	354	1	5
141	354	1	5
3	363	1	5
123	363	1	5
129	363	1	5
134	363	1	5
136	363	1	5
141	363	1	5
3	370	1	5
123	370	1	5
129	370	1	5
134	370	1	5
136	370	1	5
141	370	1	5
292	370	2	5
3	373	1	5
123	373	1	5
129	373	1	5
131	373	1	5
134	373	1	5
136	373	1	5
141	373	1	5
187	373	1	5
120	375	1	5
3	403	1	5
123	403	1	5
129	403	1	5
131	403	1	5
134	403	1	5
136	403	1	5
141	403	1	5
187	403	1	5
3	404	1	5
123	404	1	5
129	404	1	5
131	404	1	5
134	404	1	5
136	404	1	5
141	404	1	5
187	404	1	5
3	506	1	5
123	506	1	5
129	506	1	5
134	506	2	5
136	506	1	5
141	506	1	5
3	555	1	5
116	555	1	5
123	555	1	5
129	555	1	5
134	555	1	5
136	555	1	5
141	555	1	5
3	676	1	5
84	676	1	5
123	676	1	5
129	676	1	5
134	676	1	5
136	676	1	5
141	676	1	5
3	722	1	5
123	722	1	5
129	722	1	5
134	722	1	5
136	722	1	5
141	722	1	5
3	727	1	5
116	727	1	5
123	727	1	5
129	727	1	5
134	727	1	5
136	727	1	5
141	727	1	5
3	729	1	5
123	729	1	5
129	729	1	5
134	729	1	5
136	729	1	5
141	729	1	5
3	743	1	5
123	743	1	5
129	743	1	5
134	743	1	5
136	743	1	5
141	743	1	5
123	745	1	5
188	745	1	5
261	745	1	5
3	751	1	5
123	751	1	5
129	751	1	5
131	751	1	5
134	751	1	5
136	751	1	5
141	751	1	5
187	751	1	5
3	753	1	5
123	753	1	5
129	753	1	5
134	753	1	5
136	753	1	5
141	753	1	5
251	753	1	5
280	753	1	5
292	753	1	5
3	766	1	5
123	766	1	5
129	766	1	5
134	766	1	5
136	766	1	5
141	766	1	5
3	770	1	5
123	770	1	5
129	770	1	5
134	770	1	5
136	770	1	5
141	770	1	5
292	770	1	5
3	779	1	5
123	779	1	5
129	779	1	5
134	779	1	5
136	779	1	5
141	779	1	5
219	779	1	5
3	780	1	5
123	780	1	5
129	780	1	5
134	780	1	5
136	780	1	5
141	780	1	5
188	780	1	5
3	786	1	5
123	786	1	5
129	786	1	5
131	786	1	5
134	786	1	5
136	786	1	5
141	786	1	5
187	786	1	5
3	798	1	5
123	798	1	5
129	798	1	5
134	798	1	5
136	798	1	5
141	798	1	5
161	798	1	5
188	798	1	5
123	821	1	5
134	832	1	5
162	832	1	5
3	841	2	5
123	841	1	5
129	841	1	5
134	841	1	5
136	841	1	5
141	841	1	5
175	841	1	5
40	842	1	5
84	842	1	5
97	842	1	5
121	842	1	5
3	845	1	5
123	845	1	5
129	845	1	5
131	845	1	5
134	845	1	5
136	845	1	5
141	845	1	5
187	845	1	5
32	851	1	5
123	851	1	5
136	851	1	5
144	851	1	5
201	851	1	5
284	851	1	5
3	855	1	5
123	855	1	5
129	855	1	5
131	855	1	5
134	855	1	5
136	855	1	5
141	855	1	5
187	855	1	5
3	857	1	5
123	857	1	5
129	857	1	5
131	857	1	5
134	857	1	5
136	857	1	5
141	857	1	5
187	857	1	5
105	866	1	5
123	866	1	5
136	866	1	5
141	866	1	5
182	866	1	5
188	866	1	5
3	878	1	5
80	878	1	5
116	878	1	5
123	878	1	5
129	878	1	5
134	878	1	5
136	878	1	5
141	878	1	5
31	895	1	5
94	895	1	5
123	895	1	5
188	895	1	5
197	895	1	5
123	899	1	5
129	899	1	5
136	899	1	5
141	899	1	5
210	899	1	5
3	932	1	5
123	932	1	5
129	932	1	5
134	932	1	5
136	932	1	5
141	932	1	5
162	932	1	5
235	932	1	5
239	932	1	5
251	932	1	5
278	932	1	5
3	937	1	5
109	937	1	5
123	937	1	5
129	937	1	5
134	937	1	5
136	937	1	5
141	937	1	5
271	937	1	5
3	938	1	5
109	938	1	5
123	938	1	5
129	938	1	5
134	938	1	5
136	938	1	5
141	938	1	5
271	938	1	5
3	942	1	5
123	942	1	5
136	942	1	5
141	942	1	5
188	942	1	5
3	960	1	5
123	960	1	5
129	960	1	5
131	960	1	5
134	960	1	5
136	960	1	5
141	960	1	5
187	960	1	5
123	979	1	5
163	979	1	5
188	979	1	5
236	979	1	5
3	999	1	5
123	999	1	5
129	999	1	5
134	999	1	5
136	999	1	5
141	999	1	5
188	999	1	5
3	1004	1	5
123	1004	1	5
129	1004	1	5
131	1004	1	5
134	1004	1	5
136	1004	1	5
141	1004	1	5
187	1004	1	5
3	1005	1	5
123	1005	1	5
129	1005	1	5
134	1005	1	5
136	1005	1	5
141	1005	1	5
187	1005	1	5
3	1009	1	5
123	1009	1	5
129	1009	1	5
131	1009	1	5
134	1009	1	5
136	1009	1	5
141	1009	1	5
187	1009	1	5
3	1013	1	5
123	1013	1	5
129	1013	1	5
134	1013	1	5
136	1013	1	5
141	1013	1	5
170	1013	1	5
188	1013	1	5
3	1041	1	5
123	1041	1	5
129	1041	1	5
134	1041	1	5
136	1041	1	5
141	1041	1	5
292	1041	1	5
2	1047	1	5
84	1047	1	5
153	1047	1	5
203	1047	1	5
251	1047	1	5
259	1047	1	5
3	1061	1	5
123	1061	1	5
129	1061	1	5
134	1061	1	5
136	1061	1	5
141	1061	1	5
3	1064	1	5
123	1064	1	5
129	1064	1	5
134	1064	1	5
136	1064	1	5
141	1064	1	5
162	1064	1	5
235	1064	1	5
239	1064	1	5
251	1064	1	5
278	1064	1	5
3	1074	1	5
123	1074	1	5
129	1074	1	5
134	1074	2	5
136	1074	1	5
141	1074	1	5
188	1074	1	5
3	1075	1	5
116	1075	2	5
123	1075	1	5
129	1075	1	5
134	1075	1	5
136	1075	1	5
141	1075	1	5
244	1075	1	5
3	1076	1	5
123	1076	1	5
129	1076	1	5
134	1076	1	5
136	1076	1	5
141	1076	1	5
3	1111	1	5
123	1111	1	5
129	1111	1	5
131	1111	1	5
134	1111	1	5
136	1111	1	5
141	1111	1	5
187	1111	1	5
123	1114	1	5
251	1114	1	5
134	1120	1	5
166	1120	1	5
247	1120	2	5
3	1126	1	5
123	1126	1	5
129	1126	1	5
131	1126	1	5
134	1126	1	5
136	1126	1	5
141	1126	1	5
187	1126	1	5
289	1126	1	5
3	1130	1	5
123	1130	1	5
129	1130	1	5
131	1130	1	5
134	1130	1	5
136	1130	1	5
141	1130	1	5
187	1130	1	5
3	1142	1	5
31	1142	1	5
39	1142	1	5
123	1142	1	5
129	1142	1	5
134	1142	1	5
136	1142	1	5
141	1142	1	5
292	1142	1	5
3	1145	1	5
123	1145	1	5
129	1145	1	5
131	1145	1	5
134	1145	1	5
136	1145	1	5
141	1145	1	5
187	1145	1	5
3	1149	1	5
123	1149	1	5
129	1149	1	5
131	1149	1	5
134	1149	1	5
136	1149	1	5
141	1149	1	5
187	1149	1	5
3	1152	1	5
116	1152	2	5
123	1152	1	5
129	1152	1	5
134	1152	1	5
136	1152	1	5
141	1152	1	5
244	1152	1	5
3	1159	1	5
31	1159	1	5
123	1159	1	5
129	1159	1	5
134	1159	1	5
136	1159	1	5
141	1159	1	5
3	1160	1	5
17	1160	1	5
123	1160	1	5
129	1160	1	5
134	1160	1	5
136	1160	1	5
141	1160	1	5
3	1161	1	5
123	1161	1	5
129	1161	1	5
131	1161	1	5
134	1161	1	5
136	1161	1	5
141	1161	1	5
187	1161	1	5
3	1162	1	5
123	1162	1	5
129	1162	1	5
131	1162	1	5
134	1162	1	5
136	1162	1	5
141	1162	1	5
187	1162	1	5
123	1163	1	5
157	1163	1	5
189	1163	1	5
251	1163	1	5
123	1164	1	5
134	1164	1	5
144	1164	1	5
226	1164	1	5
256	1164	1	5
257	1164	1	5
3	1168	1	5
123	1168	1	5
129	1168	1	5
134	1168	1	5
136	1168	1	5
141	1168	1	5
59	1182	1	5
267	1182	1	5
3	1198	2	5
123	1198	1	5
129	1198	1	5
133	1198	1	5
134	1198	1	5
136	1198	1	5
141	1198	1	5
249	1198	2	5
3	1200	1	5
123	1200	1	5
129	1200	1	5
131	1200	1	5
134	1200	1	5
136	1200	1	5
141	1200	1	5
187	1200	1	5
157	1201	1	5
188	1201	1	5
3	1208	1	5
123	1208	1	5
129	1208	1	5
134	1208	1	5
136	1208	1	5
141	1208	1	5
197	1208	1	5
3	1212	1	5
123	1212	1	5
129	1212	1	5
131	1212	1	5
134	1212	1	5
136	1212	1	5
141	1212	1	5
187	1212	1	5
3	1213	1	5
123	1213	1	5
129	1213	1	5
134	1213	1	5
136	1213	1	5
141	1213	1	5
3	1218	1	5
123	1218	1	5
129	1218	1	5
134	1218	1	5
136	1218	1	5
141	1218	1	5
3	1223	1	5
123	1223	1	5
129	1223	1	5
131	1223	1	5
134	1223	1	5
136	1223	1	5
141	1223	1	5
187	1223	1	5
271	1226	1	5
3	1232	1	5
123	1232	1	5
129	1232	1	5
134	1232	1	5
136	1232	1	5
141	1232	1	5
227	1232	1	5
3	1236	1	5
123	1236	1	5
129	1236	1	5
131	1236	1	5
134	1236	1	5
136	1236	1	5
141	1236	1	5
187	1236	1	5
3	1242	1	5
123	1242	1	5
129	1242	1	5
134	1242	1	5
136	1242	1	5
141	1242	1	5
227	1242	1	5
292	1244	1	5
3	1247	1	5
121	1247	1	5
123	1247	1	5
129	1247	1	5
134	1247	1	5
136	1247	1	5
141	1247	1	5
3	1254	1	5
123	1254	1	5
129	1254	1	5
131	1254	1	5
134	1254	1	5
136	1254	1	5
141	1254	1	5
187	1254	1	5
3	1260	1	5
123	1260	1	5
129	1260	1	5
134	1260	1	5
136	1260	1	5
141	1260	1	5
188	1260	1	5
197	1260	1	5
3	1262	1	5
123	1262	1	5
129	1262	1	5
131	1262	1	5
134	1262	1	5
136	1262	1	5
141	1262	1	5
187	1262	1	5
3	1271	1	5
123	1271	1	5
129	1271	1	5
134	1271	1	5
136	1271	1	5
141	1271	1	5
123	1272	1	5
292	1272	1	5
3	1276	1	5
123	1276	1	5
129	1276	1	5
134	1276	1	5
136	1276	1	5
141	1276	1	5
39	1277	1	5
123	1277	1	5
187	1277	1	5
209	1277	1	5
292	1277	1	5
36	1286	1	5
148	1286	1	5
224	1286	1	5
229	1286	1	5
271	1286	2	5
27	1307	1	5
41	1307	1	5
55	1307	1	5
123	1307	1	5
3	1320	1	5
116	1320	1	5
123	1320	1	5
129	1320	1	5
134	1320	1	5
136	1320	1	5
141	1320	1	5
3	1330	1	5
123	1330	1	5
129	1330	1	5
134	1330	1	5
136	1330	1	5
141	1330	1	5
3	1341	1	5
123	1341	1	5
129	1341	1	5
134	1341	1	5
136	1341	1	5
141	1341	1	5
3	1349	1	5
123	1349	1	5
129	1349	1	5
134	1349	1	5
136	1349	1	5
141	1349	1	5
187	1349	1	5
3	1351	1	5
123	1351	1	5
129	1351	1	5
134	1351	1	5
136	1351	1	5
141	1351	1	5
3	1355	1	5
123	1355	1	5
129	1355	1	5
134	1355	1	5
136	1355	1	5
141	1355	1	5
33	1358	1	5
80	1358	1	5
123	1358	1	5
134	1358	1	5
270	1358	1	5
3	1368	1	5
110	1368	1	5
123	1368	1	5
129	1368	1	5
134	1368	1	5
136	1368	1	5
141	1368	1	5
256	1368	1	5
134	1383	1	5
196	1383	1	5
92	1390	1	5
100	1390	1	5
190	1390	1	5
255	1390	1	5
100	1397	1	5
123	1397	1	5
157	1397	1	5
188	1397	1	5
251	1397	1	5
279	1397	1	5
56	1402	1	5
249	1402	1	5
251	1402	1	5
123	1412	1	5
3	1434	1	5
123	1434	1	5
129	1434	1	5
131	1434	1	5
134	1434	1	5
136	1434	1	5
141	1434	1	5
187	1434	1	5
3	1454	1	5
17	1454	1	5
123	1454	1	5
129	1454	1	5
134	1454	1	5
136	1454	1	5
141	1454	1	5
278	1454	1	5
3	1464	1	5
116	1464	1	5
123	1464	1	5
129	1464	1	5
134	1464	1	5
136	1464	1	5
141	1464	1	5
3	1480	1	5
99	1480	1	5
123	1480	1	5
129	1480	1	5
134	1480	1	5
136	1480	1	5
141	1480	1	5
184	1480	1	5
239	1480	1	5
259	1480	1	5
84	1495	1	5
116	1495	1	5
123	1495	1	5
136	1495	1	5
141	1495	1	5
170	1495	1	5
210	1495	1	5
251	1495	1	5
3	1501	1	5
123	1501	1	5
129	1501	1	5
131	1501	1	5
134	1501	1	5
136	1501	1	5
141	1501	1	5
187	1501	1	5
3	1506	1	5
36	1506	1	5
123	1506	1	5
129	1506	1	5
134	1506	1	5
136	1506	1	5
141	1506	1	5
188	1506	1	5
289	1506	1	5
3	1523	1	5
123	1523	1	5
129	1523	1	5
131	1523	1	5
134	1523	1	5
136	1523	1	5
141	1523	1	5
187	1523	1	5
195	1524	1	5
284	1524	1	5
3	1526	1	5
123	1526	1	5
129	1526	1	5
134	1526	1	5
136	1526	1	5
141	1526	1	5
271	1526	1	5
3	1528	1	5
123	1528	1	5
129	1528	1	5
131	1528	1	5
134	1528	1	5
136	1528	1	5
141	1528	1	5
187	1528	1	5
84	1545	1	5
116	1545	1	5
121	1545	1	5
146	1545	1	5
169	1545	1	5
3	1547	1	5
116	1547	1	5
123	1547	1	5
129	1547	1	5
134	1547	1	5
136	1547	1	5
141	1547	1	5
123	1550	1	5
132	1550	1	5
233	1550	1	5
251	1550	1	5
3	1552	1	5
100	1552	1	5
123	1552	1	5
129	1552	1	5
134	1552	1	5
136	1552	1	5
141	1552	1	5
157	1552	1	5
197	1552	1	5
49	1	1	6
95	1	1	6
91	2	1	6
123	2	1	6
184	2	1	6
106	3	1	6
217	3	1	6
236	3	2	6
15	6	1	6
80	6	1	6
146	6	1	6
193	6	1	6
267	6	1	6
281	6	1	6
100	7	1	6
123	7	1	6
37	9	1	6
155	9	1	6
173	9	1	6
43	11	1	6
59	11	1	6
251	11	1	6
277	11	1	6
284	19	1	6
157	20	1	6
158	20	1	6
111	22	1	6
184	22	1	6
105	23	1	6
170	24	1	6
239	24	1	6
215	38	1	6
77	39	1	6
123	39	1	6
236	39	1	6
256	39	1	6
157	43	1	6
261	43	1	6
175	50	1	6
266	50	1	6
35	54	1	6
281	54	1	6
230	56	1	6
232	56	1	6
250	56	1	6
62	60	1	6
208	60	1	6
238	69	1	6
99	71	1	6
208	71	1	6
54	112	1	6
56	112	1	6
77	112	1	6
97	112	1	6
127	112	1	6
154	112	1	6
171	112	1	6
6	113	1	6
87	113	1	6
120	113	1	6
123	113	1	6
136	113	1	6
251	113	1	6
42	123	1	6
120	123	1	6
136	138	1	6
153	138	1	6
219	143	1	6
91	183	1	6
276	183	1	6
100	188	1	6
118	188	1	6
251	188	1	6
270	188	1	6
279	188	1	6
123	215	2	6
127	215	1	6
153	215	1	6
195	215	1	6
6	249	1	6
91	249	1	6
123	249	1	6
80	261	1	6
116	261	1	6
16	281	1	6
251	281	1	6
241	282	1	6
241	283	1	6
281	283	1	6
116	284	1	6
130	284	1	6
15	285	1	6
209	285	1	6
45	289	1	6
255	302	1	6
91	305	1	6
211	305	1	6
95	309	1	6
270	309	1	6
8	311	1	6
127	313	1	6
189	313	1	6
6	318	1	6
255	318	1	6
256	318	1	6
73	328	1	6
103	328	1	6
151	343	1	6
123	344	1	6
157	344	1	6
251	344	2	6
279	344	1	6
123	349	1	6
132	349	1	6
229	349	1	6
255	349	1	6
270	349	1	6
77	351	1	6
126	351	1	6
238	351	1	6
157	353	1	6
213	356	1	6
177	366	1	6
15	371	1	6
19	371	1	6
96	371	1	6
123	371	1	6
176	371	1	6
89	374	1	6
123	374	1	6
143	374	1	6
184	374	1	6
241	374	1	6
257	374	1	6
10	377	1	6
123	377	1	6
140	377	1	6
140	380	1	6
153	381	1	6
169	385	1	6
26	386	1	6
49	386	1	6
127	386	1	6
140	386	1	6
266	386	1	6
271	386	1	6
26	388	1	6
127	388	1	6
140	388	1	6
271	388	1	6
9	390	1	6
26	390	1	6
127	390	1	6
140	390	1	6
271	390	1	6
26	391	1	6
127	391	1	6
140	391	1	6
271	391	1	6
138	393	1	6
93	394	1	6
157	396	1	6
270	396	1	6
26	397	1	6
127	397	1	6
140	397	1	6
271	397	1	6
77	398	1	6
123	398	1	6
147	400	1	6
166	400	1	6
9	401	1	6
292	401	1	6
276	402	1	6
26	407	1	6
127	407	1	6
140	407	1	6
271	407	1	6
140	409	1	6
138	411	1	6
31	414	1	6
140	414	1	6
26	415	1	6
123	415	1	6
127	415	1	6
140	415	1	6
271	415	1	6
72	418	1	6
149	418	1	6
151	418	1	6
59	423	1	6
101	423	1	6
233	423	1	6
276	423	1	6
61	426	1	6
36	429	1	6
179	429	1	6
138	431	1	6
263	431	1	6
153	432	1	6
49	438	1	6
153	438	1	6
231	438	1	6
263	440	1	6
281	440	1	6
104	442	1	6
8	444	1	6
61	444	1	6
1	446	1	6
263	446	1	6
143	448	1	6
205	448	1	6
208	448	1	6
281	448	1	6
127	450	1	6
151	453	1	6
17	454	1	6
52	454	1	6
140	455	1	6
11	456	1	6
121	456	1	6
140	456	1	6
153	456	1	6
210	456	1	6
251	456	1	6
11	457	1	6
121	457	1	6
140	457	1	6
153	457	1	6
210	457	2	6
251	457	1	6
270	457	1	6
68	458	1	6
138	458	1	6
11	460	1	6
123	460	1	6
151	460	1	6
11	462	1	6
123	462	1	6
151	462	1	6
127	463	1	6
138	463	1	6
197	463	1	6
96	465	1	6
123	465	1	6
251	465	1	6
167	468	1	6
127	469	1	6
123	477	1	6
127	477	1	6
138	477	1	6
251	477	1	6
140	478	1	6
256	487	1	6
140	488	1	6
263	488	1	6
149	494	1	6
157	494	1	6
194	494	1	6
251	494	1	6
140	495	1	6
101	496	1	6
172	496	1	6
179	496	1	6
184	496	1	6
257	496	1	6
140	497	1	6
121	498	1	6
127	499	1	6
138	499	1	6
38	512	1	6
270	512	1	6
227	514	1	6
91	515	1	6
123	515	1	6
157	515	1	6
226	515	1	6
104	516	1	6
251	516	1	6
279	516	1	6
281	521	1	6
38	537	1	6
58	543	1	6
209	543	1	6
239	543	1	6
251	543	1	6
281	543	1	6
251	544	1	6
167	546	1	6
82	551	1	6
103	551	1	6
123	551	1	6
153	551	1	6
157	551	1	6
97	557	1	6
45	564	1	6
108	564	1	6
157	564	1	6
178	564	1	6
276	564	1	6
278	564	1	6
24	567	1	6
29	567	1	6
39	567	1	6
77	567	1	6
114	567	1	6
209	567	1	6
238	567	1	6
295	567	1	6
113	569	1	6
131	569	1	6
91	572	1	6
118	572	1	6
267	572	1	6
81	578	1	6
201	578	1	6
207	578	1	6
191	579	1	6
270	579	1	6
275	579	1	6
279	579	1	6
281	579	1	6
151	580	1	6
191	580	1	6
153	583	1	6
201	583	1	6
250	583	1	6
274	583	1	6
56	584	1	6
58	584	1	6
196	584	1	6
64	585	1	6
159	586	1	6
255	586	1	6
39	587	1	6
81	589	1	6
151	589	1	6
191	589	1	6
251	589	1	6
279	589	1	6
34	591	1	6
150	591	1	6
178	594	1	6
276	594	1	6
292	594	1	6
56	596	1	6
66	596	1	6
276	596	1	6
58	598	1	6
151	604	1	6
201	604	1	6
291	604	1	6
150	606	1	6
234	606	1	6
123	607	1	6
187	607	1	6
123	608	1	6
187	608	1	6
56	609	1	6
105	609	1	6
151	609	1	6
130	611	1	6
114	612	1	6
239	612	1	6
269	612	2	6
184	613	1	6
101	617	1	6
114	617	1	6
151	617	1	6
238	617	1	6
276	621	1	6
15	623	1	6
123	623	1	6
190	623	1	6
251	623	1	6
95	684	1	6
123	684	1	6
91	695	1	6
145	696	1	6
184	696	1	6
281	696	1	6
39	701	1	6
77	701	1	6
180	701	1	6
282	701	1	6
105	707	1	6
123	707	1	6
137	710	1	6
251	710	1	6
272	711	1	6
120	713	1	6
230	718	1	6
123	726	1	6
187	726	1	6
190	726	1	6
22	740	1	6
123	740	1	6
217	740	1	6
233	740	1	6
15	796	1	6
19	796	1	6
105	796	1	6
123	796	1	6
157	796	1	6
176	796	1	6
158	797	1	6
37	802	1	6
77	802	1	6
21	808	1	6
92	808	1	6
175	808	1	6
223	808	1	6
281	808	1	6
16	809	1	6
54	809	1	6
113	810	1	6
123	810	1	6
251	810	1	6
49	816	1	6
217	816	1	6
120	826	1	6
232	826	1	6
114	827	1	6
232	827	1	6
123	828	1	6
54	829	1	6
216	829	1	6
114	830	1	6
112	834	1	6
127	834	1	6
196	834	1	6
255	834	1	6
105	836	1	6
172	836	1	6
43	838	1	6
255	846	1	6
274	846	1	6
51	853	1	6
71	853	1	6
143	853	1	6
156	853	1	6
212	853	1	6
270	853	1	6
184	854	1	6
214	854	1	6
108	863	1	6
123	865	1	6
157	865	1	6
175	865	1	6
175	875	1	6
40	885	1	6
121	885	1	6
180	885	1	6
272	885	1	6
121	891	1	6
175	900	1	6
42	922	1	6
123	922	1	6
123	935	1	6
184	935	1	6
123	952	1	6
184	952	1	6
209	952	1	6
222	952	1	6
198	953	1	6
255	953	1	6
123	959	1	6
187	959	1	6
157	961	1	6
123	973	1	6
105	992	1	6
123	992	1	6
255	992	1	6
278	992	1	6
264	994	1	6
150	1026	2	6
219	1026	1	6
34	1030	1	6
226	1030	1	6
226	1031	1	6
2	1032	1	6
9	1032	1	6
157	1032	1	6
251	1032	1	6
49	1033	1	6
199	1033	1	6
127	1036	1	6
179	1040	3	6
32	1063	1	6
226	1063	1	6
225	1072	1	6
232	1072	1	6
250	1072	1	6
282	1072	1	6
288	1072	1	6
88	1073	1	6
167	1073	1	6
195	1073	1	6
251	1073	1	6
228	1080	1	6
38	1086	1	6
120	1086	1	6
15	1088	1	6
236	1094	1	6
251	1094	1	6
77	1095	1	6
91	1095	1	6
123	1097	1	6
123	1106	1	6
77	1156	1	6
101	1156	1	6
41	1176	1	6
115	1176	1	6
123	1176	1	6
292	1176	1	6
195	1180	1	6
288	1180	1	6
276	1183	1	6
138	1186	1	6
280	1186	1	6
123	1188	1	6
132	1188	1	6
11	1193	1	6
228	1193	1	6
269	1197	1	6
281	1197	1	6
45	1203	1	6
50	1203	1	6
95	1203	1	6
151	1203	1	6
232	1209	1	6
168	1211	1	6
232	1211	1	6
217	1214	1	6
243	1214	1	6
270	1214	1	6
276	1214	1	6
284	1214	1	6
24	1215	1	6
60	1215	1	6
150	1215	1	6
13	1219	1	6
223	1219	1	6
256	1219	1	6
251	1228	1	6
230	1231	1	6
101	1249	1	6
192	1249	1	6
101	1251	1	6
192	1251	1	6
62	1252	1	6
35	1253	1	6
47	1253	1	6
72	1253	1	6
115	1253	1	6
127	1253	2	6
157	1253	1	6
264	1253	1	6
236	1256	1	6
196	1259	1	6
7	1264	1	6
214	1264	1	6
48	1268	1	6
214	1268	1	6
270	1268	1	6
123	1269	1	6
171	1269	1	6
150	1273	1	6
170	1273	1	6
292	1273	1	6
123	1294	1	6
100	1301	1	6
123	1301	1	6
251	1301	1	6
262	1301	1	6
278	1301	1	6
105	1311	1	6
31	1372	1	6
123	1372	1	6
140	1372	1	6
75	1376	1	6
116	1376	1	6
119	1376	1	6
273	1376	1	6
9	1377	1	6
43	1377	1	6
168	1377	1	6
48	1382	1	6
263	1382	1	6
9	1385	1	6
123	1385	1	6
140	1385	1	6
218	1385	1	6
251	1385	1	6
130	1386	1	6
168	1386	1	6
183	1386	1	6
184	1387	1	6
184	1388	1	6
102	1395	2	6
123	1395	1	6
140	1395	2	6
218	1395	2	6
251	1395	1	6
270	1395	1	6
31	1398	1	6
68	1398	1	6
118	1405	1	6
5	1408	1	6
91	1408	1	6
276	1419	1	6
86	1431	1	6
138	1431	1	6
123	1437	1	6
234	1437	1	6
91	1439	1	6
123	1439	1	6
209	1450	1	6
223	1452	1	6
256	1452	1	6
143	1453	1	6
211	1453	1	6
104	1457	1	6
69	1466	1	6
102	1466	1	6
31	1469	1	6
59	1469	1	6
119	1469	1	6
138	1469	1	6
180	1469	1	6
263	1469	1	6
166	1496	1	6
287	1496	1	6
35	1497	1	6
269	1504	1	6
283	1504	1	6
37	1514	1	6
39	1514	1	6
177	1514	1	6
184	1514	1	6
251	1517	1	6
270	1517	1	6
287	1517	1	6
7	1522	1	6
157	1522	1	6
162	1522	1	6
288	1522	1	6
151	1529	1	6
274	1529	1	6
9	1535	1	6
64	1538	1	6
168	1538	2	6
154	1551	1	6
167	1551	1	6
269	1551	1	6
77	10	1	7
116	10	1	7
228	10	1	7
117	14	1	7
159	14	1	7
175	14	1	7
201	14	1	7
256	14	1	7
279	14	1	7
151	21	1	7
239	21	1	7
252	21	1	7
108	27	1	7
138	27	1	7
151	27	1	7
233	27	1	7
291	27	1	7
19	44	1	7
105	44	1	7
58	46	1	7
59	46	1	7
42	52	1	7
89	52	1	7
97	52	1	7
124	52	1	7
175	52	1	7
256	52	1	7
8	63	1	7
251	63	1	7
15	70	1	7
207	72	1	7
122	88	1	7
288	88	1	7
73	91	1	7
254	91	1	7
278	91	1	7
51	92	1	7
170	92	1	7
273	92	1	7
30	98	1	7
117	98	1	7
157	98	1	7
31	99	1	7
93	99	1	7
122	99	1	7
123	99	1	7
77	104	1	7
104	118	1	7
86	119	1	7
47	121	1	7
149	121	1	7
195	121	1	7
208	122	1	7
215	122	1	7
251	122	1	7
270	125	1	7
255	132	1	7
275	132	1	7
107	136	1	7
53	139	1	7
67	139	1	7
96	139	1	7
110	139	1	7
139	139	1	7
195	139	1	7
198	139	1	7
269	139	1	7
270	139	1	7
67	140	1	7
109	140	1	7
139	140	1	7
283	140	1	7
140	145	1	7
157	145	1	7
1	147	1	7
67	147	1	7
139	147	1	7
193	147	1	7
261	147	1	7
166	159	1	7
206	159	1	7
213	159	1	7
231	159	1	7
271	159	1	7
239	161	1	7
49	163	1	7
240	163	1	7
253	163	1	7
270	163	1	7
107	178	1	7
223	178	1	7
123	181	1	7
140	187	1	7
157	187	2	7
284	187	1	7
51	207	1	7
273	207	1	7
123	222	1	7
157	222	1	7
253	222	1	7
262	222	1	7
32	223	1	7
93	223	1	7
255	223	1	7
111	226	1	7
97	227	1	7
123	227	1	7
255	227	1	7
270	227	1	7
276	230	1	7
276	232	1	7
11	245	1	7
121	245	1	7
140	245	1	7
166	245	1	7
157	252	3	7
262	252	1	7
11	254	1	7
121	254	1	7
140	254	1	7
166	254	1	7
56	260	1	7
66	260	1	7
32	266	1	7
184	266	1	7
195	266	1	7
196	266	1	7
126	279	1	7
247	279	1	7
251	279	1	7
171	296	1	7
16	297	1	7
101	297	1	7
118	297	2	7
138	297	1	7
140	297	1	7
173	298	1	7
10	300	1	7
251	304	1	7
286	308	1	7
123	321	1	7
187	321	1	7
51	323	1	7
180	323	1	7
207	323	1	7
273	323	1	7
276	323	1	7
282	323	1	7
119	333	1	7
197	333	2	7
101	334	1	7
123	334	1	7
140	334	1	7
168	334	1	7
119	339	1	7
152	339	1	7
197	339	2	7
288	342	1	7
101	364	1	7
295	364	1	7
136	376	1	7
140	383	1	7
157	383	1	7
96	408	1	7
119	408	1	7
123	408	1	7
251	408	1	7
123	410	1	7
187	410	2	7
140	412	1	7
68	416	1	7
121	416	1	7
140	416	1	7
271	416	1	7
32	421	1	7
97	421	1	7
153	421	1	7
243	424	1	7
67	427	1	7
138	427	1	7
139	427	1	7
140	427	1	7
270	427	1	7
31	433	1	7
123	445	1	7
153	449	1	7
140	466	1	7
157	466	1	7
271	466	1	7
86	470	1	7
157	470	1	7
75	472	2	7
77	472	1	7
72	474	1	7
123	474	1	7
140	474	1	7
152	474	1	7
72	476	1	7
123	476	1	7
140	476	1	7
152	476	1	7
205	481	1	7
226	481	1	7
127	482	1	7
86	483	1	7
138	483	1	7
149	483	1	7
263	483	1	7
97	485	1	7
104	485	1	7
140	485	1	7
62	486	1	7
123	486	1	7
248	486	1	7
15	489	1	7
96	489	1	7
153	489	1	7
157	489	1	7
276	489	1	7
56	491	1	7
86	491	1	7
149	491	1	7
25	493	1	7
67	493	1	7
139	493	1	7
140	493	1	7
142	493	1	7
251	493	1	7
95	500	1	7
123	500	1	7
48	503	1	7
287	503	1	7
40	504	1	7
154	513	1	7
153	517	1	7
216	517	1	7
254	517	1	7
287	517	1	7
218	519	1	7
274	519	1	7
95	523	1	7
95	538	1	7
32	545	1	7
196	545	1	7
230	545	1	7
257	545	1	7
262	545	1	7
32	547	1	7
52	547	1	7
278	547	1	7
103	550	1	7
127	550	1	7
146	550	1	7
156	550	1	7
251	550	1	7
91	553	1	7
92	553	1	7
168	553	1	7
236	553	1	7
241	553	3	7
260	553	1	7
270	553	1	7
73	570	1	7
157	571	1	7
260	571	1	7
121	573	1	7
184	573	1	7
230	573	1	7
257	573	1	7
52	582	1	7
123	582	1	7
51	600	1	7
116	600	1	7
117	600	1	7
273	600	1	7
276	600	1	7
19	602	1	7
105	602	1	7
40	603	1	7
175	603	1	7
257	603	1	7
142	616	1	7
193	616	1	7
230	626	1	7
100	712	1	7
125	712	1	7
147	712	1	7
240	712	1	7
70	731	1	7
121	731	1	7
230	731	2	7
88	754	1	7
276	754	1	7
11	756	1	7
140	756	1	7
175	756	1	7
251	756	1	7
270	756	1	7
282	756	1	7
19	773	1	7
171	773	1	7
255	773	1	7
15	777	1	7
100	777	1	7
164	777	1	7
170	777	1	7
261	778	1	7
19	782	1	7
105	782	1	7
171	782	1	7
70	787	1	7
96	787	1	7
121	787	1	7
222	787	1	7
230	787	1	7
254	787	1	7
45	795	1	7
193	795	1	7
281	795	1	7
116	806	1	7
230	806	1	7
255	806	1	7
271	806	1	7
15	831	2	7
153	831	1	7
280	831	1	7
43	859	1	7
251	859	1	7
107	860	1	7
193	860	1	7
199	860	1	7
205	860	1	7
232	860	1	7
14	861	1	7
39	862	1	7
153	873	1	7
175	873	1	7
250	873	1	7
272	873	1	7
42	886	1	7
85	886	1	7
124	886	1	7
43	890	1	7
124	890	1	7
277	890	1	7
27	897	1	7
33	897	1	7
100	897	1	7
152	897	1	7
183	914	1	7
194	914	1	7
270	914	1	7
32	919	1	7
257	919	1	7
19	920	1	7
105	920	1	7
171	925	1	7
52	948	1	7
193	948	1	7
10	949	1	7
42	949	1	7
4	980	1	7
123	980	1	7
134	980	1	7
205	980	1	7
29	982	1	7
123	982	1	7
187	982	1	7
29	984	1	7
74	984	1	7
123	984	1	7
187	984	2	7
29	986	1	7
123	986	1	7
187	986	1	7
29	988	1	7
113	988	1	7
123	988	1	7
187	988	1	7
43	990	1	7
123	990	1	7
177	990	1	7
295	990	1	7
29	991	1	7
87	991	1	7
123	991	1	7
187	991	1	7
29	995	1	7
123	995	1	7
187	995	1	7
235	995	1	7
270	996	1	7
123	997	1	7
187	997	1	7
190	997	1	7
17	1000	1	7
32	1000	1	7
157	1000	1	7
29	1001	1	7
123	1001	1	7
187	1001	1	7
222	1001	1	7
101	1002	2	7
29	1011	1	7
76	1011	1	7
123	1011	1	7
127	1011	1	7
187	1011	1	7
53	1046	1	7
184	1046	1	7
43	1049	1	7
295	1049	1	7
147	1054	1	7
115	1066	1	7
212	1066	1	7
269	1066	1	7
281	1066	1	7
123	1067	1	7
29	1083	1	7
259	1083	1	7
35	1087	1	7
77	1087	1	7
228	1087	1	7
251	1087	1	7
255	1087	1	7
256	1087	1	7
6	1098	1	7
93	1098	1	7
102	1098	1	7
193	1098	1	7
251	1098	1	7
281	1098	1	7
123	1104	1	7
277	1104	1	7
43	1119	1	7
185	1119	1	7
199	1119	1	7
45	1122	1	7
72	1122	1	7
288	1138	1	7
91	1181	1	7
169	1181	1	7
202	1181	1	7
258	1181	1	7
6	1190	1	7
246	1190	1	7
251	1190	1	7
123	1243	1	7
229	1243	1	7
123	1287	1	7
187	1287	1	7
218	1287	1	7
140	1290	1	7
6	1308	1	7
19	1308	1	7
105	1308	1	7
176	1308	1	7
43	1310	1	7
27	1325	1	7
38	1325	1	7
120	1325	1	7
95	1340	1	7
109	1344	1	7
269	1344	1	7
11	1378	1	7
140	1378	1	7
194	1378	1	7
92	1379	1	7
231	1379	1	7
19	1384	1	7
171	1384	1	7
210	1384	1	7
232	1389	2	7
58	1391	1	7
184	1394	1	7
15	1409	1	7
114	1409	1	7
175	1409	1	7
212	1409	1	7
251	1425	1	7
290	1425	1	7
97	1438	1	7
102	1438	1	7
123	1446	1	7
101	1459	1	7
243	1459	1	7
127	1462	2	7
243	1462	1	7
123	1468	1	7
291	1468	1	7
8	1470	1	7
157	1470	1	7
35	1473	1	7
80	1473	1	7
101	1485	1	7
157	1485	1	7
207	1485	1	7
251	1485	1	7
56	1486	1	7
271	1488	1	7
276	1488	1	7
39	1502	1	7
123	1502	1	7
187	1502	1	7
190	1502	1	7
292	1502	1	7
9	1510	1	7
199	1510	1	7
226	1510	1	7
239	1510	1	7
216	1515	1	7
51	1531	1	7
13	1533	1	7
123	1533	1	7
66	1540	1	7
192	1540	1	7
208	1540	1	7
117	1541	1	7
43	1548	1	7
