223	1393	1	0
264	1393	1	0
329	1393	1	0
478	1393	1	0
117	5	2	1
241	5	1	1
474	5	1	1
31	12	1	1
140	12	2	1
223	12	1	1
321	12	1	1
328	17	1	1
172	22	1	1
245	22	1	1
302	22	1	1
32	23	1	1
201	23	1	1
409	23	1	1
416	23	1	1
81	36	2	1
172	36	1	1
175	36	1	1
455	36	1	1
493	36	1	1
169	39	1	1
99	63	1	1
117	63	1	1
199	68	1	1
201	68	1	1
334	68	1	1
202	81	1	1
256	81	1	1
276	81	1	1
469	81	1	1
418	88	1	1
411	113	1	1
459	113	1	1
32	114	1	1
201	124	1	1
215	124	1	1
334	124	1	1
491	124	1	1
272	137	1	1
317	137	1	1
416	137	1	1
476	137	1	1
482	137	2	1
35	157	1	1
478	157	1	1
260	181	1	1
284	181	1	1
223	194	1	1
411	194	1	1
56	221	1	1
173	221	1	1
234	221	1	1
4	278	1	1
32	278	1	1
364	278	1	1
378	278	1	1
300	284	1	1
450	284	1	1
497	284	1	1
24	297	1	1
117	297	1	1
187	297	1	1
201	357	1	1
247	357	1	1
254	357	1	1
389	357	1	1
511	357	1	1
54	364	1	1
160	364	1	1
162	364	1	1
254	364	1	1
277	364	1	1
416	364	1	1
188	367	1	1
228	367	1	1
334	373	1	1
254	380	1	1
287	380	1	1
383	380	1	1
58	384	2	1
223	384	1	1
321	384	1	1
349	411	1	1
426	430	1	1
12	457	1	1
201	464	1	1
215	464	1	1
323	464	1	1
146	470	1	1
371	470	1	1
50	534	1	1
208	536	1	1
223	536	1	1
395	536	1	1
450	536	1	1
208	540	1	1
277	540	1	1
282	540	1	1
233	541	1	1
448	541	1	1
334	542	1	1
457	544	1	1
130	556	1	1
450	556	1	1
482	556	1	1
497	556	1	1
269	559	1	1
175	567	1	1
201	567	1	1
215	567	1	1
323	567	1	1
458	567	1	1
316	573	1	1
22	582	1	1
195	582	1	1
223	582	1	1
69	623	2	1
330	623	1	1
334	623	1	1
500	640	1	1
467	665	1	1
189	667	1	1
181	675	1	1
211	675	2	1
297	683	1	1
408	683	1	1
421	685	1	1
478	685	1	1
179	699	1	1
188	699	1	1
500	699	1	1
48	710	1	1
436	720	1	1
37	724	1	1
169	724	1	1
300	724	1	1
450	724	1	1
497	724	1	1
180	737	1	1
252	737	1	1
450	737	1	1
156	745	1	1
198	745	1	1
293	745	1	1
457	750	1	1
3	760	1	1
223	760	1	1
297	760	1	1
330	760	1	1
482	768	1	1
517	768	1	1
180	771	1	1
272	771	1	1
384	778	1	1
457	778	1	1
483	778	1	1
141	784	1	1
301	784	1	1
447	784	1	1
188	858	1	1
395	858	1	1
127	859	1	1
188	859	1	1
247	859	1	1
395	859	1	1
490	859	1	1
119	860	1	1
212	860	1	1
213	860	1	1
427	860	1	1
490	863	1	1
191	866	1	1
381	873	1	1
384	873	1	1
426	873	1	1
205	887	1	1
487	887	1	1
20	919	1	1
175	919	1	1
54	920	1	1
114	920	1	1
184	920	1	1
15	933	1	1
40	933	1	1
106	933	1	1
368	933	1	1
179	944	1	1
347	944	1	1
517	944	1	1
483	946	1	1
15	949	1	1
40	949	1	1
51	949	1	1
368	949	1	1
107	951	1	1
15	961	1	1
40	961	1	1
86	961	2	1
300	961	1	1
368	961	1	1
397	966	1	1
15	969	1	1
25	969	1	1
40	969	1	1
155	969	1	1
255	969	1	1
368	969	1	1
48	977	1	1
137	977	1	1
273	977	1	1
15	981	1	1
40	981	1	1
86	981	2	1
368	981	1	1
445	981	1	1
54	982	1	1
520	982	1	1
469	985	1	1
279	1005	1	1
162	1007	1	1
169	1010	1	1
172	1010	1	1
213	1010	1	1
223	1010	1	1
284	1010	1	1
317	1010	1	1
419	1010	1	1
492	1030	1	1
518	1046	1	1
13	1054	1	1
136	1054	1	1
190	1054	1	1
518	1054	1	1
81	1057	1	1
450	1057	1	1
94	1060	1	1
126	1060	1	1
143	1060	1	1
126	1063	1	1
429	1063	1	1
411	1086	1	1
55	1090	1	1
223	1090	1	1
317	1090	1	1
42	1147	1	1
507	1147	1	1
32	1178	1	1
378	1178	1	1
317	1187	1	1
482	1187	1	1
24	1191	1	1
187	1191	1	1
411	1191	1	1
453	1191	1	1
460	1191	1	1
482	1191	1	1
460	1193	1	1
469	1193	1	1
96	1194	1	1
180	1206	1	1
277	1206	1	1
334	1206	1	1
146	1241	1	1
298	1241	1	1
429	1241	1	1
439	1241	1	1
456	1241	1	1
102	1256	1	1
223	1256	1	1
223	1268	1	1
474	1268	1	1
146	1274	1	1
85	1278	1	1
124	1278	1	1
307	1278	1	1
511	1278	1	1
218	1294	1	1
219	1294	1	1
440	1294	1	1
299	1301	1	1
277	1315	1	1
317	1315	1	1
505	1315	1	1
227	1324	1	1
80	1330	1	1
120	1330	1	1
509	1330	1	1
67	1331	1	1
272	1331	1	1
68	1332	1	1
180	1332	1	1
182	1332	1	1
255	1332	1	1
394	1332	1	1
450	1332	1	1
482	1332	1	1
61	1333	1	1
450	1333	1	1
32	1351	1	1
416	1351	1	1
146	1358	1	1
153	1358	1	1
317	1358	1	1
198	1370	1	1
223	1370	1	1
277	1370	1	1
302	1370	1	1
457	1370	1	1
6	1372	1	1
76	1372	1	1
221	1372	1	1
401	1372	1	1
482	1372	1	1
203	1376	1	1
457	1376	1	1
21	1380	1	1
146	1380	1	1
302	1380	1	1
306	1380	1	1
1	1381	1	1
76	1381	1	1
316	1381	1	1
415	1381	1	1
223	1388	1	1
268	1403	1	1
482	1444	1	1
271	1445	1	1
277	1445	1	1
450	1445	1	1
518	1445	1	1
81	1448	1	1
381	1448	1	1
523	1448	1	1
25	1450	1	1
277	1450	1	1
356	1450	1	1
283	1455	1	1
354	1455	1	1
394	1455	1	1
409	1455	1	1
438	1455	1	1
201	1463	1	1
354	1463	1	1
80	1492	1	1
179	1492	1	1
151	1495	1	1
500	1495	1	1
58	1500	1	1
223	1500	1	1
311	1500	1	1
321	1500	1	1
329	1500	1	1
424	1500	1	1
435	1500	1	1
80	1502	1	1
147	1507	1	1
197	1507	1	1
256	1522	2	1
207	1539	1	1
223	1539	1	1
255	1539	1	1
408	1539	1	1
82	1545	1	1
223	1545	1	1
37	1548	1	1
198	1548	1	1
317	1548	1	1
459	1548	1	1
469	1556	1	1
80	1558	1	1
185	1558	2	1
48	1563	1	1
167	1563	1	1
393	1563	1	1
426	1563	1	1
223	1566	1	1
450	1566	1	1
115	1585	1	1
247	1585	1	1
98	1586	1	1
266	1586	1	1
405	1586	1	1
488	1586	1	1
492	1586	1	1
201	1597	2	1
457	1597	2	1
493	1597	1	1
31	1600	1	1
103	1600	1	1
169	1600	1	1
223	1600	1	1
317	1600	1	1
333	1600	1	1
388	1600	1	1
440	1600	1	1
223	1607	1	1
247	1627	1	1
266	1627	1	1
136	1628	1	1
317	1628	1	1
122	1634	1	1
124	1638	1	1
165	1638	1	1
306	1638	1	1
138	1655	1	1
255	1655	1	1
267	1655	1	1
302	1655	1	1
418	1655	1	1
514	1655	1	1
202	1668	1	1
256	1668	1	1
478	1668	1	1
199	1669	1	1
146	1672	1	1
193	1672	1	1
329	1675	1	1
352	1675	1	1
68	1684	1	1
191	1694	1	1
272	1694	1	1
201	1695	1	1
302	1695	1	1
223	1699	1	1
488	1699	1	1
76	1704	1	1
362	1704	1	1
450	1704	1	1
103	1728	1	1
190	1728	1	1
322	1728	1	1
38	1764	1	1
293	1764	1	1
384	1764	1	1
501	1764	1	1
307	1765	1	1
349	1765	1	1
231	1773	1	1
247	1773	1	1
268	1773	1	1
277	1781	1	1
54	1783	1	1
67	1783	1	1
80	1783	1	1
120	1783	1	1
179	1783	1	1
254	1783	1	1
416	1783	1	1
277	1784	1	1
334	1784	1	1
375	1784	1	1
223	1786	1	1
348	1787	1	1
436	1787	1	1
223	1788	1	1
312	1796	1	1
334	1796	1	1
469	1796	1	1
428	1799	1	1
212	1800	1	1
175	1801	1	1
202	1801	1	1
275	1801	1	1
312	1806	1	1
442	1806	1	1
365	1807	1	1
442	1807	1	1
478	1807	1	1
485	1807	1	1
36	1820	1	1
204	1820	1	1
231	1820	1	1
396	1820	1	1
488	1820	1	1
31	1833	1	1
334	1833	1	1
267	1835	1	1
18	1855	1	1
76	1855	1	1
333	1855	1	1
396	1855	1	1
82	1856	1	1
114	1856	1	1
168	1859	1	1
198	1859	1	1
213	1859	1	1
221	1859	1	1
300	1859	1	1
349	1859	1	1
488	1859	1	1
520	1859	1	1
154	1869	1	1
212	1869	1	1
454	1869	1	1
28	1871	1	1
47	1871	1	1
487	1871	1	1
474	1873	1	1
225	1881	1	1
275	1891	1	1
121	1895	1	1
299	1895	1	1
442	1895	1	1
10	1900	1	1
203	1900	1	1
277	1907	1	1
363	1907	1	1
430	1907	1	1
450	1907	1	1
509	1907	1	1
180	1909	1	1
416	1909	1	1
309	1910	1	1
460	1910	1	1
182	1915	1	1
221	1915	1	1
256	1915	1	1
192	1927	1	1
272	1927	1	1
357	1936	1	1
453	1936	1	1
466	1936	1	1
482	1936	1	1
47	1946	1	1
317	1946	1	1
408	1946	2	1
512	1946	1	1
105	1948	1	1
332	1948	1	1
488	1948	1	1
356	1981	1	1
384	1981	1	1
66	2004	1	1
466	2004	1	1
482	2004	1	1
223	2017	1	1
159	2021	1	1
466	2035	1	1
471	2035	1	1
378	2036	1	1
159	2038	1	1
159	2042	1	1
398	2042	1	1
289	2045	1	1
415	2045	1	1
103	2062	1	1
336	2062	1	1
171	2068	1	1
203	2068	1	1
210	2068	1	1
283	2068	1	1
423	2068	1	1
159	2071	1	1
398	2071	1	1
398	2089	1	1
21	2092	1	1
221	2092	1	1
411	2092	1	1
427	2092	1	1
130	2096	1	1
182	2096	1	1
188	2096	1	1
304	2096	1	1
378	2110	1	1
482	2110	1	1
76	2122	1	1
258	2122	1	1
153	2123	1	1
488	2124	1	1
223	2127	1	1
450	2127	1	1
159	2129	1	1
398	2129	1	1
204	2130	1	1
487	2130	1	1
76	2133	1	1
80	2133	1	1
450	2133	1	1
68	2155	1	1
126	2155	1	1
168	2155	1	1
325	2155	1	1
234	2175	1	1
94	2203	1	1
303	2203	1	1
88	2232	1	1
277	2232	1	1
213	2239	1	1
357	2239	1	1
460	2239	1	1
223	2246	1	1
396	2248	1	1
223	2249	1	1
277	2249	1	1
107	2250	1	1
223	2250	1	1
301	2250	1	1
389	2250	1	1
22	2253	1	1
57	2253	1	1
299	2263	1	1
330	2263	1	1
442	2263	1	1
518	2263	1	1
381	2280	1	1
483	2280	1	1
8	2281	1	1
381	2281	1	1
434	2281	1	1
471	2281	1	1
4	2282	1	1
58	2282	1	1
223	2282	1	1
284	2282	1	1
286	2282	1	1
294	2282	1	1
330	2282	1	1
4	2283	1	1
58	2283	1	1
223	2283	1	1
286	2283	1	1
294	2283	1	1
4	2284	1	1
58	2284	1	1
223	2284	1	1
286	2284	1	1
294	2284	1	1
371	2286	1	1
4	2291	1	1
58	2291	1	1
223	2291	1	1
284	2291	1	1
286	2291	1	1
294	2291	1	1
330	2291	1	1
325	2295	1	1
426	2347	1	1
442	2347	1	1
453	2347	1	1
478	2349	1	1
76	2354	1	1
207	2358	1	1
155	2363	1	1
340	2374	1	1
523	2374	1	1
126	2378	1	1
146	2378	1	1
192	2378	1	1
36	2379	1	1
277	2379	1	1
381	2379	1	1
172	2385	2	1
304	2385	1	1
336	2385	1	1
409	2385	1	1
482	2385	1	1
81	2386	1	1
98	2386	1	1
140	2386	1	1
144	2386	1	1
195	2386	1	1
392	2386	1	1
393	2386	1	1
449	2386	1	1
160	2406	1	1
169	2406	1	1
356	2410	1	1
419	2410	1	1
464	2410	1	1
471	2416	1	1
499	2416	1	1
91	2427	1	1
336	2427	1	1
363	2427	1	1
434	2435	1	1
450	2435	1	1
498	2435	1	1
500	2435	1	1
60	2543	1	1
277	2543	1	1
180	2544	1	1
156	2554	1	1
340	2554	1	1
416	2554	1	1
450	2554	1	1
64	2556	1	1
223	2556	1	1
271	2556	1	1
223	2558	1	1
223	2561	1	1
373	2561	1	1
24	2579	1	1
223	2579	1	1
114	2583	1	1
254	2583	1	1
500	2583	2	1
312	2586	1	1
482	2586	1	1
223	2588	1	1
277	2599	1	1
483	2599	1	1
65	2603	1	1
272	2604	1	1
299	2604	1	1
471	2604	1	1
24	2609	1	1
223	2609	1	1
384	2624	1	1
272	2625	1	1
419	2625	1	1
31	2629	1	1
277	2629	1	1
198	2637	1	1
179	4	1	2
204	4	1	2
235	4	1	2
411	4	1	2
488	4	1	2
349	8	1	2
197	9	1	2
328	9	1	2
8	10	1	2
459	11	1	2
238	14	1	2
442	14	1	2
500	14	1	2
188	15	1	2
397	15	1	2
426	15	1	2
460	15	1	2
146	16	1	2
171	16	1	2
334	16	1	2
381	16	1	2
17	18	1	2
140	18	1	2
135	21	1	2
352	21	1	2
4	25	1	2
238	25	1	2
384	25	1	2
482	25	1	2
238	28	1	2
283	28	1	2
126	33	1	2
450	33	1	2
469	33	1	2
5	38	1	2
111	38	1	2
153	38	1	2
192	38	1	2
211	38	1	2
223	38	1	2
4	42	1	2
238	42	1	2
303	42	1	2
374	42	1	2
469	42	1	2
500	42	1	2
388	46	1	2
25	47	2	2
238	47	1	2
442	47	1	2
478	47	1	2
482	47	1	2
199	52	1	2
450	52	1	2
496	52	1	2
222	53	1	2
185	55	3	2
418	55	1	2
456	59	1	2
208	61	1	2
450	61	1	2
238	64	1	2
20	66	1	2
55	66	1	2
72	67	1	2
115	67	1	2
221	67	1	2
94	70	1	2
264	70	1	2
188	72	1	2
334	72	1	2
14	77	1	2
172	77	1	2
427	77	1	2
442	77	1	2
268	78	1	2
303	78	1	2
35	85	1	2
70	85	1	2
192	85	1	2
267	85	1	2
503	85	1	2
37	89	1	2
198	89	1	2
256	89	1	2
201	94	1	2
299	94	1	2
416	94	1	2
201	101	1	2
483	101	1	2
85	102	1	2
93	102	1	2
198	102	1	2
249	102	1	2
457	102	1	2
482	102	1	2
35	104	1	2
137	104	1	2
192	104	1	2
211	104	1	2
277	104	1	2
283	104	1	2
503	104	1	2
31	106	1	2
74	106	1	2
75	106	1	2
133	106	1	2
524	106	1	2
456	107	1	2
31	109	1	2
74	109	1	2
75	109	1	2
133	109	1	2
524	109	1	2
63	110	1	2
249	110	1	2
81	120	1	2
182	120	1	2
216	120	1	2
426	120	1	2
457	120	1	2
459	120	1	2
493	120	1	2
25	125	1	2
133	125	1	2
191	125	1	2
226	125	1	2
478	125	1	2
510	125	1	2
97	126	1	2
163	126	1	2
100	127	1	2
187	127	1	2
45	128	1	2
62	128	1	2
101	128	1	2
154	128	1	2
427	128	1	2
485	128	1	2
13	130	1	2
35	130	1	2
429	130	1	2
434	130	1	2
503	130	1	2
405	133	1	2
422	134	1	2
277	136	1	2
197	140	1	2
384	140	1	2
474	140	1	2
183	142	1	2
92	144	1	2
450	144	1	2
482	144	1	2
464	145	1	2
492	145	1	2
61	147	1	2
223	147	1	2
311	147	1	2
342	147	1	2
424	147	1	2
431	147	1	2
483	147	1	2
223	149	1	2
395	149	1	2
518	149	1	2
223	150	1	2
331	150	1	2
348	150	1	2
46	151	1	2
191	153	1	2
4	155	1	2
58	155	1	2
411	155	1	2
460	155	1	2
462	155	1	2
24	158	1	2
36	158	1	2
126	161	1	2
17	163	1	2
140	163	1	2
330	163	1	2
102	164	1	2
175	165	1	2
272	165	1	2
272	166	1	2
277	166	1	2
340	166	1	2
55	168	1	2
175	168	1	2
446	168	1	2
465	168	1	2
9	169	1	2
47	169	1	2
138	169	1	2
443	169	1	2
357	171	1	2
423	171	1	2
482	171	1	2
272	172	1	2
42	174	1	2
66	174	1	2
413	174	1	2
180	176	1	2
192	176	1	2
180	177	1	2
284	177	1	2
423	177	1	2
450	178	1	2
482	178	1	2
521	178	1	2
140	182	1	2
277	182	1	2
426	182	1	2
482	182	1	2
221	184	1	2
272	184	1	2
421	184	1	2
492	184	1	2
183	185	1	2
188	185	1	2
325	185	1	2
365	185	1	2
392	185	1	2
459	185	1	2
482	185	1	2
170	188	1	2
418	188	1	2
454	188	1	2
4	189	1	2
4	190	1	2
158	190	1	2
163	190	1	2
197	190	1	2
297	190	1	2
58	192	1	2
267	192	1	2
272	192	1	2
240	205	1	2
309	206	1	2
114	207	1	2
483	207	1	2
511	207	1	2
146	210	1	2
243	210	1	2
340	210	2	2
469	210	1	2
518	217	1	2
169	219	1	2
272	219	1	2
220	223	1	2
450	223	1	2
135	226	1	2
337	227	1	2
443	227	1	2
175	228	1	2
450	228	1	2
38	229	1	2
159	231	1	2
194	231	1	2
272	231	1	2
337	231	1	2
29	235	1	2
126	235	1	2
182	235	1	2
188	235	1	2
45	236	1	2
9	238	1	2
218	239	1	2
277	239	1	2
291	239	1	2
38	244	2	2
59	244	1	2
109	244	1	2
150	244	1	2
444	244	1	2
175	245	1	2
432	245	1	2
450	245	2	2
492	245	1	2
38	247	1	2
398	247	1	2
267	255	1	2
401	255	1	2
272	257	1	2
313	257	1	2
399	259	1	2
337	262	1	2
482	262	1	2
28	265	1	2
115	265	1	2
429	265	1	2
474	271	1	2
132	273	1	2
495	273	1	2
58	274	1	2
59	274	1	2
75	274	1	2
312	274	1	2
444	274	1	2
524	274	1	2
190	277	1	2
392	277	1	2
315	280	1	2
448	282	1	2
496	285	1	2
59	286	1	2
71	286	1	2
109	286	1	2
223	286	2	2
246	286	1	2
312	286	1	2
444	286	1	2
450	286	1	2
500	288	1	2
38	294	1	2
59	294	1	2
150	294	1	2
166	294	1	2
223	294	1	2
267	294	1	2
350	296	1	2
251	298	1	2
57	299	1	2
232	299	1	2
456	299	1	2
266	309	1	2
13	313	1	2
389	313	1	2
450	313	2	2
76	314	1	2
190	314	1	2
495	314	1	2
66	316	1	2
163	316	1	2
450	316	1	2
268	317	1	2
456	317	1	2
59	320	1	2
109	320	1	2
223	320	1	2
419	320	1	2
250	323	1	2
324	323	1	2
348	325	1	2
12	326	1	2
482	326	1	2
325	328	1	2
93	329	1	2
137	329	1	2
208	329	1	2
101	332	1	2
59	333	1	2
109	333	1	2
223	333	1	2
147	335	1	2
343	335	1	2
46	338	1	2
357	338	1	2
411	338	1	2
505	338	1	2
110	341	1	2
89	343	1	2
478	343	1	2
59	347	1	2
109	347	1	2
223	347	2	2
524	347	1	2
448	348	1	2
13	349	1	2
272	350	1	2
12	351	1	2
203	351	1	2
252	351	1	2
315	351	1	2
251	352	1	2
98	354	1	2
124	354	1	2
272	354	1	2
322	354	1	2
478	355	1	2
190	358	1	2
510	358	1	2
50	360	1	2
180	360	1	2
349	360	2	2
394	360	1	2
223	361	1	2
180	365	1	2
349	365	1	2
58	366	1	2
59	366	1	2
109	366	1	2
121	366	1	2
223	366	2	2
450	366	1	2
129	370	1	2
277	370	1	2
348	370	1	2
441	370	1	2
450	370	1	2
496	370	1	2
59	374	1	2
71	374	1	2
109	374	1	2
209	374	1	2
217	374	1	2
223	374	2	2
312	374	1	2
365	374	1	2
309	375	1	2
482	375	1	2
322	378	1	2
436	378	1	2
67	379	1	2
520	379	1	2
326	382	1	2
427	382	1	2
459	382	1	2
190	385	1	2
450	385	1	2
478	385	1	2
497	385	1	2
223	386	1	2
89	387	1	2
269	387	1	2
10	389	1	2
65	389	1	2
476	389	1	2
95	390	1	2
505	390	1	2
223	391	1	2
38	394	1	2
59	394	1	2
109	394	1	2
175	396	1	2
430	396	1	2
405	398	1	2
171	401	1	2
178	401	1	2
272	401	1	2
445	401	1	2
394	403	1	2
45	406	1	2
269	406	1	2
490	407	1	2
299	409	2	2
144	410	1	2
327	410	1	2
352	415	1	2
82	416	1	2
223	416	1	2
457	416	1	2
352	419	1	2
349	421	1	2
416	421	1	2
5	422	1	2
259	422	1	2
392	422	1	2
483	422	1	2
349	423	2	2
496	423	1	2
180	427	1	2
352	427	1	2
358	427	1	2
45	428	1	2
453	428	1	2
301	432	1	2
483	432	1	2
101	434	1	2
146	434	1	2
45	439	1	2
272	439	1	2
355	439	1	2
223	440	1	2
457	443	1	2
12	446	1	2
190	446	1	2
272	446	1	2
319	446	1	2
334	446	1	2
496	446	1	2
66	450	1	2
213	450	1	2
233	450	1	2
518	450	1	2
173	451	1	2
308	451	1	2
276	453	1	2
338	453	1	2
442	453	1	2
443	453	1	2
209	455	1	2
217	455	1	2
277	455	1	2
428	455	1	2
492	455	1	2
92	458	1	2
194	458	1	2
488	459	1	2
343	460	1	2
416	460	1	2
1	462	1	2
277	462	1	2
146	465	1	2
520	465	1	2
126	466	1	2
175	466	1	2
348	466	1	2
411	466	1	2
468	466	1	2
480	466	1	2
483	466	1	2
492	466	1	2
178	471	1	2
219	471	1	2
291	473	1	2
251	474	1	2
417	474	1	2
432	474	1	2
327	479	1	2
389	479	1	2
450	479	1	2
163	483	1	2
392	485	1	2
295	488	1	2
352	488	1	2
358	488	1	2
450	488	1	2
246	489	1	2
270	489	1	2
178	490	1	2
272	490	1	2
466	490	1	2
327	492	1	2
48	495	1	2
106	495	1	2
84	496	1	2
303	496	1	2
427	496	1	2
491	496	1	2
510	496	1	2
418	497	1	2
48	499	1	2
345	501	1	2
346	501	1	2
310	502	1	2
310	505	1	2
445	505	1	2
31	507	1	2
81	508	1	2
114	509	1	2
416	510	1	2
81	511	1	2
409	512	1	2
178	513	1	2
269	513	1	2
466	513	1	2
93	515	1	2
223	515	1	2
31	516	1	2
193	517	1	2
221	517	1	2
228	517	1	2
421	517	1	2
485	517	1	2
334	518	1	2
382	518	1	2
476	518	1	2
268	519	1	2
327	519	1	2
91	520	1	2
277	521	1	2
53	523	1	2
493	523	1	2
291	528	1	2
299	528	1	2
365	528	1	2
66	530	1	2
233	530	1	2
518	530	1	2
520	532	1	2
251	533	1	2
348	533	1	2
417	533	1	2
299	535	1	2
382	535	1	2
117	537	1	2
442	537	1	2
199	538	1	2
277	538	1	2
319	538	1	2
1	547	1	2
180	547	1	2
482	547	1	2
202	548	1	2
233	548	1	2
304	548	1	2
515	548	1	2
251	551	1	2
349	551	2	2
382	551	1	2
233	553	1	2
517	553	1	2
483	558	1	2
72	560	1	2
179	560	1	2
385	560	1	2
126	562	1	2
160	564	1	2
431	564	1	2
524	564	1	2
450	566	1	2
496	566	1	2
370	568	1	2
193	569	1	2
467	569	1	2
3	571	1	2
117	571	1	2
304	571	1	2
320	571	1	2
328	571	1	2
450	571	1	2
496	571	1	2
447	572	1	2
454	572	1	2
482	572	1	2
327	575	1	2
481	575	1	2
272	577	1	2
450	577	1	2
497	577	1	2
201	580	1	2
377	581	1	2
101	583	1	2
450	583	1	2
8	585	1	2
174	585	1	2
323	588	1	2
467	591	1	2
107	592	1	2
146	593	1	2
245	598	1	2
232	599	1	2
516	599	1	2
47	600	1	2
445	604	1	2
107	606	1	2
115	606	1	2
225	606	1	2
25	607	1	2
175	607	1	2
194	607	1	2
251	607	1	2
291	607	1	2
187	608	1	2
411	608	1	2
437	608	1	2
336	610	1	2
262	611	1	2
377	611	1	2
428	611	1	2
223	619	1	2
423	619	1	2
377	624	1	2
275	627	1	2
296	627	1	2
486	627	1	2
249	628	1	2
377	628	2	2
429	631	1	2
66	632	1	2
416	632	1	2
223	634	1	2
445	634	1	2
365	638	1	2
377	638	1	2
450	638	2	2
174	639	1	2
251	639	1	2
68	643	1	2
146	643	1	2
195	643	1	2
223	643	1	2
478	643	1	2
222	644	1	2
336	644	1	2
377	645	1	2
398	645	1	2
416	645	1	2
487	645	1	2
500	645	1	2
364	647	1	2
416	647	1	2
482	647	1	2
199	649	1	2
397	649	1	2
146	651	1	2
90	652	1	2
128	652	1	2
250	652	1	2
369	652	1	2
377	652	1	2
354	653	1	2
465	653	1	2
486	653	1	2
510	653	1	2
398	654	1	2
354	655	1	2
465	655	1	2
486	655	1	2
510	655	1	2
292	656	1	2
460	656	1	2
482	656	2	2
247	657	1	2
358	657	1	2
92	661	1	2
272	664	1	2
453	664	1	2
38	670	2	2
59	670	1	2
109	670	1	2
150	670	1	2
93	673	1	2
223	673	1	2
482	673	1	2
523	673	1	2
244	674	1	2
382	674	1	2
488	674	1	2
160	676	1	2
326	676	1	2
117	677	2	2
59	679	1	2
444	679	2	2
334	680	1	2
492	680	1	2
175	681	1	2
352	681	1	2
32	682	1	2
233	682	1	2
106	687	1	2
130	687	1	2
199	687	1	2
374	687	1	2
106	689	1	2
338	689	1	2
374	689	1	2
6	693	1	2
165	693	2	2
169	693	3	2
453	693	1	2
213	694	1	2
452	697	1	2
174	698	1	2
247	698	1	2
251	698	1	2
82	704	1	2
104	704	1	2
190	704	1	2
201	706	1	2
383	706	1	2
450	706	1	2
251	708	1	2
179	709	1	2
299	711	1	2
417	711	1	2
208	714	1	2
94	717	1	2
208	717	1	2
211	727	1	2
271	729	1	2
429	729	1	2
515	730	1	2
175	734	1	2
377	736	1	2
223	738	1	2
197	741	1	2
95	742	1	2
272	742	1	2
347	742	1	2
521	742	1	2
13	743	1	2
175	743	1	2
450	743	1	2
482	743	1	2
28	747	1	2
417	747	1	2
450	747	1	2
491	747	1	2
8	749	1	2
175	751	1	2
413	751	1	2
223	756	1	2
382	756	1	2
457	756	1	2
482	756	1	2
211	757	1	2
402	757	1	2
143	758	1	2
450	759	1	2
496	759	1	2
500	759	1	2
358	761	1	2
413	761	1	2
478	761	1	2
510	761	1	2
260	762	1	2
298	762	1	2
357	762	1	2
430	764	1	2
436	764	1	2
482	764	1	2
486	764	1	2
496	764	1	2
90	765	1	2
101	765	1	2
482	765	1	2
485	765	1	2
74	769	1	2
483	769	1	2
58	772	1	2
146	772	1	2
191	772	1	2
376	772	1	2
450	772	1	2
206	773	2	2
299	773	1	2
313	775	1	2
393	775	1	2
223	777	1	2
373	777	1	2
182	786	1	2
245	788	1	2
520	788	1	2
285	789	1	2
442	789	1	2
482	789	1	2
429	790	1	2
511	790	1	2
185	791	9	2
448	793	1	2
58	795	1	2
223	795	1	2
321	795	1	2
223	796	1	2
180	797	1	2
223	797	1	2
61	799	1	2
75	799	1	2
223	799	1	2
242	799	1	2
457	799	1	2
524	799	1	2
447	802	1	2
5	804	1	2
146	804	1	2
159	804	2	2
272	804	1	2
284	804	1	2
82	805	1	2
299	805	1	2
401	805	1	2
482	805	1	2
139	806	1	2
232	806	1	2
334	806	1	2
20	807	1	2
323	807	1	2
416	807	1	2
381	808	1	2
198	812	2	2
201	812	1	2
283	812	1	2
334	812	1	2
371	812	1	2
385	812	1	2
429	812	1	2
442	812	1	2
97	813	1	2
182	813	2	2
502	813	1	2
18	815	1	2
334	815	1	2
385	815	1	2
488	815	1	2
61	818	1	2
416	818	1	2
317	819	1	2
433	820	1	2
37	821	1	2
58	821	1	2
223	821	1	2
395	821	1	2
35	825	1	2
88	825	1	2
180	825	1	2
428	825	1	2
469	825	2	2
503	825	1	2
78	826	1	2
504	826	1	2
35	828	1	2
122	828	1	2
503	828	1	2
75	829	1	2
329	829	1	2
384	829	1	2
429	829	1	2
457	829	1	2
478	829	1	2
429	830	1	2
431	830	1	2
520	832	1	2
299	833	1	2
482	833	1	2
450	840	1	2
179	842	1	2
183	842	1	2
201	842	1	2
4	843	1	2
201	843	1	2
263	843	1	2
36	844	1	2
263	844	1	2
334	845	1	2
516	845	1	2
516	849	1	2
382	850	1	2
448	850	1	2
169	851	1	2
518	851	1	2
47	854	1	2
228	854	1	2
272	854	1	2
201	857	1	2
214	857	1	2
365	857	1	2
336	861	1	2
272	867	1	2
363	868	1	2
25	870	1	2
117	870	1	2
185	870	1	2
223	870	1	2
428	870	1	2
247	872	1	2
32	874	1	2
106	874	1	2
276	874	1	2
450	874	1	2
497	874	1	2
308	876	1	2
426	876	1	2
488	876	1	2
54	877	1	2
160	877	1	2
416	877	1	2
223	878	1	2
301	878	1	2
60	879	1	2
201	879	1	2
426	879	1	2
159	880	2	2
469	880	1	2
474	882	1	2
93	884	1	2
99	884	1	2
283	884	1	2
176	886	1	2
223	886	1	2
27	888	1	2
268	888	1	2
503	888	1	2
445	890	1	2
97	893	1	2
373	893	1	2
502	893	1	2
54	894	1	2
226	894	1	2
483	894	1	2
336	895	1	2
450	896	1	2
284	897	1	2
373	897	1	2
445	897	1	2
180	899	1	2
228	899	1	2
213	900	1	2
223	900	1	2
279	900	1	2
321	900	1	2
524	900	1	2
27	904	1	2
268	904	1	2
445	904	1	2
503	904	1	2
507	904	1	2
83	906	1	2
94	906	1	2
235	906	1	2
348	906	1	2
411	906	1	2
427	906	1	2
21	907	1	2
112	907	1	2
295	907	1	2
365	907	1	2
450	907	1	2
313	911	1	2
426	911	1	2
434	911	1	2
503	911	1	2
126	912	1	2
235	912	1	2
482	912	1	2
66	916	1	2
277	916	1	2
448	916	1	2
482	916	1	2
336	922	1	2
317	931	1	2
524	931	1	2
28	945	1	2
413	945	1	2
325	953	1	2
213	955	1	2
251	955	1	2
462	955	1	2
513	955	1	2
299	957	1	2
185	962	8	2
460	962	1	2
396	967	1	2
223	974	1	2
140	983	2	2
277	983	1	2
165	986	1	2
223	986	1	2
446	986	1	2
66	987	1	2
183	987	1	2
317	987	1	2
334	987	1	2
49	988	1	2
260	988	1	2
38	990	1	2
48	990	1	2
501	990	1	2
91	992	1	2
223	992	1	2
223	993	1	2
453	993	1	2
482	993	1	2
304	996	1	2
491	996	3	2
31	998	1	2
344	998	1	2
29	999	1	2
117	999	1	2
326	999	1	2
450	999	1	2
458	999	1	2
33	1000	1	2
250	1000	1	2
481	1000	1	2
456	1001	1	2
419	1006	1	2
66	1008	1	2
411	1008	1	2
499	1009	1	2
42	1011	1	2
117	1011	2	2
180	1011	1	2
185	1013	1	2
511	1013	1	2
385	1016	1	2
312	1017	1	2
328	1017	1	2
258	1022	1	2
491	1022	2	2
441	1024	1	2
515	1024	1	2
272	1025	1	2
12	1026	1	2
75	1026	1	2
482	1026	1	2
524	1026	1	2
46	1028	1	2
187	1028	1	2
263	1028	1	2
325	1028	1	2
370	1028	1	2
467	1028	1	2
505	1028	1	2
492	1029	1	2
223	1032	1	2
316	1032	1	2
322	1032	1	2
344	1032	1	2
422	1032	1	2
524	1032	1	2
88	1037	1	2
176	1037	1	2
12	1038	1	2
322	1038	1	2
457	1038	1	2
482	1038	1	2
223	1041	1	2
372	1041	1	2
117	1043	1	2
349	1043	1	2
110	1044	1	2
473	1044	1	2
223	1050	1	2
524	1050	1	2
98	1051	1	2
263	1051	1	2
246	1052	1	2
278	1052	1	2
282	1052	1	2
334	1052	1	2
423	1052	1	2
144	1053	1	2
264	1053	1	2
284	1053	1	2
382	1053	1	2
418	1053	1	2
37	1056	1	2
198	1056	1	2
223	1058	1	2
450	1058	1	2
201	1066	1	2
223	1066	1	2
50	1073	1	2
232	1073	1	2
370	1073	1	2
427	1073	1	2
450	1073	1	2
218	1074	1	2
277	1074	1	2
117	1076	1	2
223	1076	1	2
98	1079	1	2
92	1080	1	2
95	1080	2	2
232	1080	1	2
22	1084	1	2
36	1084	1	2
155	1084	1	2
159	1084	1	2
188	1084	1	2
349	1084	1	2
382	1084	1	2
425	1084	1	2
518	1084	1	2
180	1088	1	2
197	1088	1	2
201	1088	1	2
277	1088	1	2
384	1088	1	2
420	1088	1	2
349	1089	1	2
419	1091	1	2
520	1091	1	2
60	1093	1	2
185	1093	1	2
188	1093	1	2
350	1093	1	2
382	1093	1	2
165	1094	1	2
198	1094	1	2
272	1094	1	2
38	1095	1	2
58	1095	1	2
223	1095	1	2
321	1095	1	2
187	1097	1	2
405	1097	2	2
458	1097	1	2
464	1097	1	2
513	1097	1	2
223	1098	1	2
317	1098	1	2
453	1098	1	2
277	1100	1	2
418	1100	1	2
450	1100	1	2
19	1102	1	2
129	1102	1	2
223	1102	1	2
187	1103	1	2
207	1103	1	2
405	1103	1	2
458	1103	1	2
464	1103	1	2
513	1103	1	2
296	1104	1	2
433	1104	1	2
179	1105	1	2
476	1105	1	2
514	1105	1	2
165	1106	1	2
518	1106	1	2
71	1107	1	2
118	1107	1	2
344	1107	1	2
422	1107	1	2
469	1107	1	2
146	1108	1	2
180	1108	1	2
328	1108	1	2
516	1108	1	2
300	1110	1	2
383	1110	1	2
159	1111	1	2
188	1111	1	2
272	1111	2	2
279	1111	1	2
334	1111	1	2
12	1113	1	2
55	1113	1	2
232	1113	1	2
422	1113	1	2
482	1113	1	2
179	1114	1	2
294	1114	1	2
411	1115	1	2
45	1117	1	2
174	1117	1	2
371	1117	1	2
456	1117	1	2
118	1118	1	2
277	1118	1	2
322	1118	1	2
422	1118	1	2
482	1118	1	2
31	1119	1	2
213	1119	1	2
406	1119	1	2
442	1119	1	2
483	1119	1	2
139	1120	1	2
322	1120	1	2
334	1120	1	2
500	1120	1	2
115	1121	1	2
197	1121	1	2
198	1121	1	2
268	1121	1	2
287	1121	1	2
464	1121	1	2
309	1125	1	2
488	1126	1	2
184	1127	1	2
203	1127	1	2
26	1128	1	2
457	1128	1	2
450	1134	1	2
436	1136	1	2
191	1138	1	2
81	1139	1	2
222	1139	1	2
450	1139	1	2
29	1142	1	2
63	1142	1	2
469	1142	1	2
514	1142	1	2
427	1143	1	2
183	1144	1	2
355	1145	1	2
344	1146	1	2
349	1146	1	2
173	1148	1	2
309	1148	1	2
432	1149	1	2
8	1150	1	2
425	1150	1	2
130	1151	1	2
233	1151	1	2
317	1153	1	2
117	1155	1	2
187	1155	1	2
488	1155	1	2
129	1156	1	2
272	1156	1	2
412	1157	1	2
258	1158	1	2
363	1158	1	2
453	1158	1	2
411	1159	1	2
270	1160	1	2
277	1160	1	2
299	1162	1	2
324	1162	1	2
277	1163	1	2
293	1163	1	2
334	1164	1	2
84	1165	1	2
345	1165	1	2
166	1166	1	2
397	1166	1	2
427	1166	1	2
201	1168	1	2
259	1168	1	2
212	1169	1	2
50	1170	1	2
92	1170	1	2
56	1173	1	2
179	1173	1	2
277	1173	1	2
336	1173	1	2
383	1173	1	2
482	1173	1	2
272	1177	1	2
471	1177	1	2
223	1185	1	2
399	1185	1	2
450	1185	1	2
48	1189	1	2
280	1189	1	2
442	1192	1	2
280	1196	1	2
485	1198	1	2
119	1203	2	2
418	1203	1	2
482	1203	2	2
500	1203	1	2
182	1204	1	2
222	1204	1	2
17	1207	1	2
21	1207	1	2
45	1207	1	2
140	1207	1	2
213	1207	1	2
223	1207	1	2
483	1207	1	2
225	1210	1	2
99	1211	1	2
306	1214	1	2
317	1214	1	2
411	1214	1	2
277	1224	1	2
346	1224	1	2
412	1225	1	2
488	1225	1	2
223	1226	1	2
341	1226	1	2
353	1226	1	2
317	1228	1	2
414	1228	1	2
484	1228	1	2
279	1234	1	2
345	1235	1	2
482	1236	1	2
71	1237	1	2
340	1237	1	2
478	1237	1	2
523	1237	2	2
114	1245	1	2
129	1245	1	2
401	1245	1	2
507	1246	1	2
272	1248	1	2
124	1249	1	2
156	1249	1	2
156	1250	1	2
329	1250	1	2
349	1250	1	2
392	1262	1	2
461	1263	1	2
471	1263	1	2
115	1264	1	2
146	1264	1	2
166	1264	1	2
223	1264	1	2
127	1265	1	2
156	1265	1	2
223	1265	1	2
81	1266	1	2
223	1266	1	2
275	1270	1	2
447	1270	1	2
196	1271	1	2
450	1271	1	2
483	1271	1	2
492	1271	1	2
497	1271	1	2
214	1272	1	2
12	1275	1	2
223	1275	1	2
450	1275	1	2
492	1275	1	2
180	1276	1	2
22	1280	1	2
85	1280	1	2
58	1282	1	2
179	1282	2	2
379	1282	2	2
520	1282	1	2
157	1284	1	2
500	1284	1	2
272	1285	1	2
302	1286	1	2
500	1286	1	2
182	1287	1	2
306	1288	1	2
303	1289	1	2
8	1290	1	2
119	1290	1	2
129	1290	1	2
242	1290	1	2
418	1290	2	2
29	1291	1	2
158	1291	1	2
363	1291	1	2
426	1291	1	2
522	1291	1	2
450	1299	1	2
494	1299	1	2
223	1300	1	2
517	1300	1	2
418	1302	1	2
475	1302	1	2
523	1302	1	2
8	1307	1	2
27	1307	1	2
30	1307	1	2
427	1307	1	2
69	1308	1	2
223	1308	1	2
191	1310	2	2
199	1310	1	2
404	1310	1	2
422	1310	1	2
482	1310	1	2
91	1314	1	2
392	1314	1	2
462	1314	1	2
483	1317	1	2
79	1321	1	2
400	1321	1	2
450	1321	1	2
482	1321	1	2
493	1321	1	2
494	1321	1	2
85	1325	1	2
261	1325	1	2
38	1326	2	2
59	1326	1	2
109	1326	1	2
150	1326	1	2
34	1327	1	2
84	1327	1	2
448	1327	1	2
508	1328	1	2
80	1329	1	2
81	1329	1	2
105	1329	1	2
132	1329	1	2
223	1329	1	2
271	1329	1	2
50	1337	1	2
94	1337	1	2
176	1337	2	2
221	1337	1	2
317	1337	1	2
370	1337	1	2
411	1337	1	2
427	1337	1	2
455	1337	1	2
484	1337	1	2
59	1338	1	2
444	1338	1	2
124	1339	1	2
457	1339	1	2
48	1340	1	2
50	1340	1	2
218	1340	1	2
221	1340	1	2
370	1340	1	2
411	1340	1	2
491	1340	1	2
42	1342	1	2
59	1342	1	2
444	1342	2	2
126	1344	1	2
160	1344	1	2
190	1344	1	2
223	1344	1	2
306	1344	1	2
347	1344	1	2
411	1344	1	2
457	1344	1	2
259	1346	1	2
322	1346	1	2
457	1346	1	2
229	1347	1	2
81	1348	1	2
22	1349	1	2
452	1349	1	2
67	1350	1	2
292	1350	1	2
356	1350	1	2
425	1350	1	2
435	1350	1	2
462	1350	1	2
8	1352	1	2
93	1352	1	2
450	1352	1	2
494	1352	1	2
223	1354	1	2
341	1354	1	2
353	1354	1	2
223	1356	1	2
341	1356	1	2
353	1356	1	2
223	1360	1	2
272	1360	1	2
343	1360	1	2
223	1362	1	2
272	1362	2	2
203	1364	1	2
272	1364	1	2
424	1364	1	2
76	1365	1	2
457	1365	1	2
206	1366	1	2
75	1367	1	2
272	1367	1	2
413	1367	1	2
24	1371	1	2
81	1371	1	2
223	1371	1	2
292	1371	1	2
342	1371	1	2
462	1371	1	2
71	1373	1	2
259	1373	1	2
500	1373	1	2
508	1373	1	2
114	1374	1	2
306	1374	1	2
411	1374	1	2
488	1374	1	2
500	1374	1	2
524	1374	1	2
283	1384	1	2
389	1385	1	2
503	1386	1	2
131	1392	1	2
221	1392	1	2
318	1392	1	2
402	1392	1	2
503	1392	1	2
124	1402	1	2
232	1402	1	2
392	1402	1	2
499	1405	1	2
506	1405	1	2
32	1406	1	2
174	1409	1	2
116	1411	1	2
515	1411	1	2
232	1413	1	2
3	1414	1	2
70	1414	1	2
179	1414	1	2
318	1414	1	2
402	1414	1	2
8	1415	1	2
67	1415	1	2
179	1415	1	2
273	1415	1	2
318	1415	1	2
192	1417	1	2
100	1422	1	2
180	1422	1	2
283	1422	1	2
318	1422	1	2
482	1422	1	2
25	1427	1	2
70	1427	1	2
122	1427	1	2
179	1427	1	2
232	1427	1	2
318	1427	1	2
402	1427	1	2
17	1430	1	2
89	1430	1	2
301	1430	1	2
340	1430	1	2
489	1430	1	2
32	1432	1	2
198	1432	1	2
381	1432	1	2
30	1433	1	2
137	1433	1	2
231	1433	1	2
318	1433	1	2
402	1433	1	2
223	1435	1	2
382	1435	1	2
318	1436	1	2
48	1437	1	2
149	1437	1	2
192	1437	1	2
232	1437	1	2
318	1437	1	2
390	1437	1	2
433	1437	1	2
501	1437	1	2
503	1437	1	2
223	1438	2	2
272	1438	1	2
315	1438	1	2
360	1438	1	2
32	1440	1	2
131	1440	1	2
193	1440	1	2
232	1440	1	2
301	1440	1	2
484	1440	1	2
518	1440	1	2
156	1441	1	2
157	1441	1	2
223	1441	1	2
426	1441	1	2
81	1451	1	2
223	1451	1	2
348	1451	1	2
429	1451	1	2
494	1451	1	2
482	1459	1	2
131	1462	1	2
182	1462	1	2
232	1462	1	2
409	1462	1	2
468	1462	1	2
492	1462	1	2
306	1466	1	2
14	1467	1	2
63	1467	1	2
102	1467	1	2
192	1467	1	2
366	1467	1	2
88	1470	1	2
149	1470	1	2
76	1471	1	2
184	1471	1	2
429	1471	1	2
88	1474	1	2
94	1474	1	2
153	1474	1	2
203	1474	1	2
451	1474	1	2
76	1480	1	2
153	1482	1	2
153	1485	1	2
451	1485	1	2
208	1486	1	2
213	1486	1	2
277	1486	1	2
445	1486	1	2
524	1486	1	2
35	1496	1	2
94	1496	1	2
182	1496	1	2
318	1496	1	2
450	1496	1	2
469	1496	1	2
25	1497	1	2
72	1497	1	2
168	1497	1	2
175	1497	1	2
231	1497	1	2
496	1497	2	2
74	1498	1	2
124	1498	1	2
266	1498	1	2
277	1498	1	2
426	1498	1	2
481	1498	1	2
76	1501	1	2
260	1501	2	2
304	1501	1	2
76	1503	1	2
260	1503	1	2
304	1503	1	2
77	1504	1	2
78	1504	1	2
218	1504	1	2
487	1504	1	2
141	1506	1	2
223	1506	1	2
323	1506	1	2
406	1506	1	2
457	1506	1	2
482	1506	1	2
499	1506	1	2
76	1508	1	2
190	1508	1	2
272	1508	1	2
442	1508	2	2
498	1508	1	2
500	1508	1	2
159	1511	1	2
302	1511	1	2
518	1511	1	2
76	1512	1	2
190	1512	1	2
272	1512	1	2
442	1512	2	2
498	1512	1	2
500	1512	1	2
199	1513	1	2
241	1513	1	2
365	1513	1	2
378	1513	1	2
71	1516	1	2
127	1516	1	2
276	1516	1	2
322	1516	1	2
431	1516	2	2
457	1516	1	2
146	1517	1	2
457	1517	1	2
223	1519	1	2
68	1523	1	2
76	1523	1	2
161	1523	1	2
436	1523	1	2
263	1524	1	2
467	1524	1	2
257	1527	1	2
70	1529	1	2
179	1529	1	2
293	1529	1	2
318	1529	1	2
402	1529	1	2
451	1529	1	2
491	1529	1	2
518	1529	1	2
523	1529	1	2
318	1530	1	2
451	1530	1	2
37	1531	1	2
162	1531	1	2
198	1531	1	2
277	1531	1	2
24	1532	1	2
81	1532	1	2
416	1535	1	2
456	1535	1	2
57	1536	1	2
190	1536	2	2
323	1536	1	2
105	1537	1	2
400	1537	1	2
493	1537	1	2
318	1538	1	2
122	1540	1	2
204	1540	1	2
355	1540	1	2
48	1541	1	2
191	1541	1	2
31	1542	1	2
521	1542	1	2
22	1543	1	2
159	1543	1	2
223	1546	2	2
326	1546	1	2
457	1546	1	2
30	1547	1	2
149	1547	1	2
182	1547	1	2
215	1547	1	2
246	1547	1	2
284	1547	1	2
334	1547	1	2
390	1547	1	2
488	1547	1	2
503	1547	1	2
179	1549	1	2
187	1549	1	2
456	1549	1	2
482	1549	1	2
182	1551	1	2
223	1551	1	2
299	1551	1	2
322	1551	1	2
257	1552	1	2
300	1552	1	2
78	1554	2	2
125	1554	1	2
517	1554	1	2
191	1557	1	2
409	1557	1	2
520	1557	1	2
22	1561	1	2
197	1561	1	2
223	1561	1	2
229	1561	1	2
284	1561	1	2
301	1561	1	2
353	1561	1	2
399	1561	1	2
426	1561	1	2
522	1561	1	2
4	1562	1	2
13	1562	1	2
103	1562	1	2
450	1562	1	2
456	1562	1	2
457	1562	1	2
169	1564	1	2
318	1564	1	2
394	1564	1	2
426	1564	1	2
450	1564	1	2
223	1567	1	2
413	1567	1	2
524	1567	1	2
170	1572	1	2
277	1572	1	2
306	1572	1	2
408	1572	1	2
184	1573	1	2
457	1573	1	2
30	1574	1	2
182	1574	2	2
390	1574	1	2
416	1574	1	2
179	1576	1	2
198	1576	1	2
277	1576	1	2
407	1576	1	2
56	1578	1	2
207	1578	1	2
41	1579	1	2
450	1580	1	2
494	1580	1	2
334	1581	1	2
483	1581	1	2
117	1583	1	2
218	1583	1	2
450	1583	1	2
462	1583	1	2
500	1584	1	2
169	1587	1	2
241	1587	1	2
67	1589	1	2
276	1589	1	2
475	1589	1	2
172	1591	1	2
175	1591	1	2
276	1591	1	2
198	1593	1	2
214	1594	1	2
298	1594	1	2
424	1594	1	2
232	1595	1	2
115	1596	1	2
218	1596	1	2
305	1596	1	2
392	1596	1	2
13	1599	1	2
12	1601	1	2
49	1601	1	2
304	1601	1	2
25	1603	1	2
87	1603	1	2
124	1603	1	2
272	1603	1	2
309	1603	1	2
382	1603	1	2
411	1603	1	2
436	1603	1	2
482	1603	1	2
364	1605	1	2
411	1605	1	2
277	1606	1	2
57	1608	1	2
206	1608	1	2
51	1610	1	2
364	1610	1	2
52	1611	1	2
143	1611	1	2
191	1611	1	2
262	1611	1	2
380	1611	1	2
503	1611	1	2
240	1615	1	2
44	1616	1	2
169	1616	1	2
223	1616	1	2
268	1616	1	2
272	1616	1	2
308	1616	1	2
475	1616	1	2
225	1618	1	2
205	1619	1	2
429	1619	1	2
411	1620	1	2
404	1623	1	2
465	1625	1	2
35	1630	1	2
88	1630	1	2
149	1630	1	2
180	1630	1	2
469	1630	1	2
6	1631	1	2
32	1631	1	2
221	1631	1	2
508	1631	1	2
482	1632	1	2
35	1633	1	2
149	1633	1	2
308	1633	1	2
402	1633	1	2
450	1633	1	2
482	1635	1	2
46	1636	1	2
71	1636	1	2
76	1636	1	2
103	1636	1	2
450	1636	1	2
516	1636	1	2
52	1637	1	2
199	1637	1	2
503	1637	1	2
184	1639	1	2
35	1641	1	2
149	1641	1	2
72	1646	1	2
278	1646	1	2
500	1646	1	2
306	1654	1	2
450	1654	2	2
234	1657	1	2
288	1657	1	2
440	1658	1	2
490	1658	1	2
146	1659	1	2
213	1659	1	2
260	1659	1	2
457	1659	1	2
84	1663	1	2
114	1663	1	2
378	1663	1	2
436	1663	1	2
457	1663	1	2
382	1664	1	2
180	1667	1	2
406	1667	1	2
47	1670	1	2
97	1670	1	2
117	1670	1	2
442	1670	1	2
502	1670	1	2
189	1671	1	2
261	1671	1	2
457	1671	1	2
31	1673	1	2
41	1673	1	2
97	1673	1	2
271	1673	1	2
277	1673	1	2
306	1673	1	2
518	1673	1	2
522	1673	1	2
277	1676	1	2
338	1676	1	2
223	1677	1	2
417	1677	1	2
365	1678	1	2
197	1679	1	2
152	1681	1	2
223	1681	1	2
286	1681	1	2
289	1681	1	2
361	1681	1	2
468	1681	1	2
450	1683	1	2
498	1683	1	2
79	1685	1	2
105	1685	1	2
494	1685	1	2
152	1686	1	2
223	1686	1	2
286	1686	1	2
289	1686	1	2
361	1686	1	2
468	1686	1	2
152	1693	1	2
223	1693	1	2
286	1693	1	2
289	1693	1	2
361	1693	1	2
468	1693	1	2
111	1711	1	2
193	1711	1	2
211	1711	1	2
272	1712	1	2
390	1712	1	2
223	1713	1	2
124	1717	1	2
283	1717	1	2
306	1717	1	2
66	1721	1	2
97	1721	1	2
101	1721	1	2
433	1721	1	2
502	1721	1	2
43	1724	1	2
146	1724	1	2
450	1724	1	2
457	1724	1	2
474	1724	1	2
497	1724	1	2
88	1730	1	2
97	1730	1	2
271	1730	1	2
282	1730	1	2
502	1730	2	2
24	1731	1	2
95	1731	1	2
296	1731	1	2
4	1733	1	2
156	1733	1	2
450	1733	1	2
182	1740	1	2
188	1740	1	2
275	1740	1	2
52	1741	1	2
503	1741	1	2
521	1741	1	2
456	1744	1	2
521	1744	1	2
522	1744	1	2
80	1745	1	2
297	1745	1	2
101	1750	1	2
191	1750	1	2
427	1750	1	2
483	1750	1	2
488	1750	1	2
52	1754	1	2
94	1754	1	2
392	1754	1	2
503	1754	1	2
521	1754	1	2
52	1757	1	2
54	1757	1	2
191	1757	1	2
392	1757	1	2
430	1757	1	2
503	1757	1	2
4	1759	1	2
190	1759	1	2
469	1759	1	2
52	1760	1	2
503	1760	1	2
169	1763	1	2
427	1763	1	2
65	1768	1	2
65	1770	1	2
213	1770	1	2
223	1771	1	2
272	1771	1	2
397	1771	2	2
522	1771	1	2
523	1771	1	2
149	1774	1	2
180	1774	1	2
192	1774	1	2
277	1774	1	2
52	1777	1	2
450	1777	1	2
503	1777	1	2
280	1778	1	2
450	1778	1	2
167	1780	1	2
272	1780	1	2
284	1780	1	2
457	1780	1	2
463	1780	1	2
177	1790	1	2
208	1790	1	2
222	1790	1	2
483	1790	1	2
180	1791	1	2
269	1791	1	2
300	1791	1	2
414	1791	2	2
482	1791	1	2
143	1793	1	2
146	1797	1	2
255	1797	1	2
317	1797	1	2
458	1797	1	2
127	1798	1	2
162	1805	1	2
201	1805	1	2
450	1805	1	2
14	1808	1	2
239	1808	1	2
274	1808	1	2
349	1808	1	2
396	1808	1	2
175	1815	1	2
223	1815	1	2
130	1817	1	2
166	1818	1	2
126	1819	1	2
450	1819	1	2
522	1819	1	2
190	1825	1	2
450	1825	1	2
180	1826	1	2
182	1826	1	2
192	1826	1	2
232	1826	1	2
426	1826	1	2
272	1832	1	2
279	1834	1	2
20	1836	1	2
232	1836	1	2
322	1836	1	2
482	1836	1	2
90	1837	1	2
22	1838	1	2
272	1838	1	2
280	1838	1	2
304	1838	1	2
452	1838	1	2
62	1841	1	2
223	1843	1	2
205	1844	1	2
61	1850	1	2
435	1850	1	2
485	1850	1	2
180	1851	1	2
214	1854	1	2
280	1854	1	2
422	1854	1	2
69	1858	1	2
127	1861	2	2
181	1861	2	2
201	1861	2	2
492	1861	2	2
76	1862	1	2
141	1862	1	2
257	1862	1	2
499	1862	1	2
223	1863	1	2
315	1863	1	2
510	1863	1	2
279	1866	1	2
94	1868	1	2
232	1868	1	2
380	1868	1	2
504	1868	1	2
223	1875	1	2
269	1875	1	2
3	1877	1	2
66	1877	1	2
222	1877	2	2
259	1877	1	2
405	1877	1	2
482	1877	1	2
58	1886	1	2
223	1886	1	2
321	1886	1	2
141	1887	1	2
58	1888	1	2
223	1888	1	2
321	1888	1	2
31	1890	1	2
509	1890	1	2
31	1892	1	2
71	1892	1	2
112	1892	1	2
502	1892	1	2
223	1896	1	2
272	1896	1	2
440	1896	1	2
483	1896	1	2
76	1897	1	2
177	1897	1	2
232	1897	1	2
303	1897	1	2
510	1897	1	2
190	1898	1	2
221	1898	1	2
381	1898	1	2
409	1898	1	2
69	1899	1	2
153	1899	1	2
120	1901	1	2
175	1901	1	2
180	1901	1	2
90	1903	1	2
337	1903	1	2
50	1904	1	2
153	1904	1	2
81	1906	1	2
58	1913	2	2
223	1913	1	2
321	1913	1	2
48	1914	1	2
210	1914	1	2
493	1914	1	2
65	1920	1	2
177	1920	1	2
232	1920	1	2
303	1920	1	2
374	1920	1	2
518	1920	1	2
93	1921	1	2
283	1921	1	2
277	1922	1	2
288	1922	1	2
509	1922	1	2
299	1923	1	2
457	1925	1	2
229	1929	1	2
268	1929	2	2
344	1929	2	2
353	1929	2	2
402	1930	1	2
138	1931	1	2
510	1931	1	2
205	1934	1	2
299	1934	1	2
337	1934	1	2
450	1934	1	2
460	1934	1	2
27	1937	1	2
47	1937	1	2
48	1937	1	2
52	1937	1	2
121	1937	1	2
283	1937	1	2
402	1937	1	2
48	1938	1	2
52	1938	1	2
149	1938	1	2
269	1938	1	2
451	1938	1	2
501	1938	1	2
503	1938	1	2
10	1943	1	2
201	1944	1	2
223	1945	1	2
285	1945	1	2
124	1949	1	2
175	1950	1	2
199	1950	1	2
277	1950	2	2
348	1950	1	2
504	1950	1	2
167	1953	1	2
422	1953	1	2
175	1954	1	2
272	1954	1	2
25	1955	1	2
164	1955	1	2
191	1955	1	2
422	1955	1	2
272	1956	1	2
521	1956	1	2
442	1957	1	2
482	1957	1	2
520	1957	1	2
522	1957	1	2
36	1962	1	2
68	1963	1	2
162	1963	1	2
309	1963	1	2
164	1965	1	2
192	1965	1	2
383	1965	1	2
422	1965	1	2
436	1967	1	2
349	1971	1	2
382	1971	1	2
416	1971	1	2
78	1973	1	2
186	1973	1	2
38	1974	1	2
167	1974	2	2
191	1974	1	2
322	1974	1	2
422	1974	1	2
482	1974	1	2
501	1974	1	2
522	1974	1	2
277	1976	1	2
295	1976	1	2
382	1977	1	2
450	1977	1	2
482	1977	1	2
52	1978	1	2
149	1978	1	2
182	1978	1	2
232	1978	3	2
339	1978	1	2
414	1978	1	2
451	1978	1	2
503	1978	1	2
25	1980	1	2
172	1980	1	2
348	1980	1	2
317	1984	1	2
426	1984	1	2
492	1984	1	2
58	1988	1	2
201	1988	1	2
164	1990	1	2
191	1990	1	2
268	1990	1	2
422	1990	1	2
25	1991	1	2
146	1991	1	2
178	1991	1	2
272	1991	2	2
334	1991	1	2
455	1991	2	2
478	1991	1	2
483	1991	1	2
78	1993	2	2
94	1993	1	2
146	1993	1	2
176	1993	1	2
186	1993	1	2
190	1993	1	2
175	1994	2	2
186	1994	1	2
265	1994	1	2
317	1994	1	2
348	1994	1	2
175	1995	1	2
186	1995	1	2
186	2000	1	2
298	2000	1	2
317	2000	1	2
348	2000	1	2
332	2001	1	2
445	2001	1	2
482	2001	1	2
514	2001	1	2
520	2001	1	2
8	2003	1	2
47	2003	1	2
66	2003	1	2
78	2003	2	2
186	2003	1	2
442	2003	1	2
478	2003	1	2
272	2005	1	2
297	2005	1	2
333	2005	2	2
446	2005	1	2
521	2005	1	2
55	2007	1	2
175	2007	1	2
446	2007	1	2
159	2008	1	2
417	2008	1	2
14	2009	1	2
102	2009	1	2
440	2009	1	2
60	2010	1	2
66	2010	1	2
182	2010	1	2
450	2010	1	2
186	2011	1	2
30	2012	1	2
107	2012	1	2
306	2012	1	2
450	2012	2	2
8	2014	1	2
186	2014	1	2
265	2014	1	2
358	2014	1	2
366	2014	1	2
426	2014	1	2
455	2014	1	2
175	2015	1	2
277	2015	1	2
446	2015	1	2
450	2015	1	2
72	2020	1	2
247	2020	1	2
272	2020	1	2
446	2020	1	2
175	2022	1	2
186	2022	1	2
265	2022	1	2
291	2022	1	2
348	2022	1	2
510	2022	1	2
190	2023	1	2
223	2023	1	2
392	2023	1	2
8	2028	1	2
130	2028	1	2
186	2028	1	2
265	2028	1	2
393	2028	1	2
426	2028	1	2
8	2029	1	2
27	2029	1	2
52	2029	1	2
273	2029	1	2
471	2029	1	2
488	2029	1	2
175	2030	1	2
54	2031	1	2
173	2031	1	2
277	2031	1	2
354	2031	1	2
94	2034	1	2
186	2034	1	2
430	2034	1	2
510	2034	1	2
277	2039	1	2
416	2039	1	2
75	2040	1	2
223	2040	1	2
252	2040	1	2
277	2040	2	2
524	2040	1	2
18	2041	1	2
52	2041	1	2
149	2041	1	2
190	2041	1	2
230	2041	1	2
339	2041	1	2
451	2041	1	2
503	2041	1	2
310	2047	1	2
81	2048	1	2
322	2048	1	2
67	2049	1	2
450	2049	1	2
52	2051	1	2
149	2051	1	2
192	2051	1	2
339	2051	1	2
451	2051	1	2
503	2051	1	2
58	2053	1	2
141	2053	1	2
223	2053	1	2
321	2053	1	2
196	2055	1	2
248	2055	1	2
252	2055	1	2
270	2055	1	2
52	2059	1	2
149	2059	1	2
339	2059	1	2
451	2059	1	2
503	2059	1	2
198	2066	1	2
223	2066	1	2
211	2070	1	2
322	2070	1	2
297	2074	1	2
111	2075	1	2
391	2075	1	2
27	2078	1	2
277	2079	1	2
161	2083	1	2
260	2083	1	2
25	2085	1	2
64	2085	1	2
268	2085	1	2
18	2087	1	2
76	2087	1	2
161	2087	1	2
298	2087	1	2
333	2087	1	2
409	2087	1	2
54	2093	1	2
75	2093	1	2
259	2093	1	2
286	2093	1	2
425	2093	1	2
504	2093	1	2
381	2094	1	2
117	2097	1	2
158	2097	1	2
179	2097	1	2
469	2097	1	2
18	2101	1	2
76	2101	1	2
295	2101	1	2
333	2101	1	2
421	2101	1	2
75	2102	1	2
196	2102	1	2
248	2102	1	2
158	2103	1	2
159	2103	1	2
375	2103	1	2
469	2103	1	2
475	2103	1	2
67	2104	1	2
107	2104	1	2
232	2104	1	2
25	2105	1	2
268	2105	1	2
450	2105	1	2
334	2107	1	2
380	2109	1	2
36	2111	1	2
58	2111	1	2
59	2111	1	2
109	2111	1	2
214	2111	1	2
223	2111	1	2
94	2112	1	2
246	2112	1	2
339	2112	1	2
450	2112	1	2
33	2113	1	2
310	2113	1	2
56	2114	1	2
58	2114	1	2
272	2114	1	2
340	2114	1	2
496	2114	1	2
223	2115	1	2
342	2115	1	2
450	2115	1	2
25	2116	1	2
101	2116	1	2
177	2116	1	2
246	2116	1	2
283	2116	1	2
339	2116	1	2
450	2116	1	2
137	2117	1	2
459	2118	1	2
510	2118	1	2
482	2120	1	2
500	2120	1	2
38	2121	1	2
59	2121	1	2
150	2121	1	2
166	2121	1	2
223	2121	1	2
267	2121	1	2
291	2125	1	2
27	2126	1	2
35	2126	1	2
442	2126	1	2
475	2126	1	2
503	2126	1	2
132	2128	1	2
169	2128	1	2
252	2131	1	2
272	2131	1	2
159	2134	1	2
37	2136	1	2
124	2136	1	2
198	2136	1	2
223	2136	1	2
277	2136	1	2
391	2136	1	2
440	2136	1	2
198	2139	1	2
223	2139	1	2
276	2139	1	2
8	2141	1	2
27	2141	1	2
35	2141	1	2
94	2141	1	2
482	2141	1	2
503	2141	1	2
38	2142	1	2
108	2142	1	2
188	2142	2	2
357	2142	1	2
416	2142	1	2
196	2144	1	2
223	2144	1	2
225	2144	1	2
63	2146	1	2
27	2147	1	2
52	2147	1	2
149	2147	1	2
339	2147	1	2
391	2147	1	2
439	2147	1	2
451	2147	1	2
503	2147	1	2
122	2149	1	2
192	2149	1	2
103	2150	1	2
175	2150	1	2
223	2150	1	2
348	2150	1	2
382	2150	2	2
8	2153	1	2
184	2153	1	2
349	2153	1	2
25	2156	1	2
76	2158	1	2
223	2158	1	2
268	2158	1	2
302	2158	1	2
90	2159	1	2
146	2159	1	2
232	2159	1	2
27	2161	1	2
52	2161	1	2
90	2161	1	2
149	2161	1	2
339	2161	1	2
451	2161	1	2
503	2161	1	2
201	2162	1	2
450	2162	1	2
76	2164	1	2
290	2164	1	2
314	2164	1	2
35	2166	1	2
122	2166	1	2
180	2166	1	2
426	2166	1	2
450	2166	1	2
223	2167	1	2
35	2168	1	2
137	2168	1	2
391	2168	1	2
439	2168	1	2
47	2169	1	2
57	2169	1	2
164	2169	1	2
192	2169	1	2
503	2169	1	2
115	2170	1	2
154	2170	1	2
319	2170	1	2
488	2170	1	2
272	2171	1	2
428	2171	1	2
436	2171	1	2
8	2172	1	2
391	2172	1	2
223	2173	1	2
279	2173	1	2
450	2173	1	2
69	2174	1	2
219	2174	1	2
488	2174	1	2
137	2179	1	2
450	2179	1	2
67	2180	1	2
184	2180	1	2
164	2181	1	2
426	2181	1	2
450	2181	1	2
223	2184	1	2
245	2184	1	2
284	2185	1	2
450	2185	1	2
520	2185	1	2
179	2188	1	2
485	2188	1	2
47	2190	1	2
67	2190	1	2
454	2190	1	2
483	2190	1	2
159	2191	1	2
153	2192	1	2
223	2192	1	2
159	2196	1	2
460	2200	1	2
14	2202	1	2
102	2202	1	2
334	2202	1	2
27	2204	1	2
48	2204	1	2
231	2204	1	2
126	2205	1	2
272	2205	1	2
126	2208	1	2
328	2210	1	2
355	2210	1	2
223	2212	1	2
450	2212	1	2
452	2212	1	2
74	2213	1	2
449	2213	1	2
83	2214	1	2
81	2216	1	2
146	2217	1	2
165	2217	1	2
169	2217	1	2
450	2217	1	2
469	2217	1	2
497	2218	1	2
197	2219	1	2
223	2220	1	2
391	2220	1	2
264	2221	1	2
290	2221	1	2
352	2221	1	2
439	2221	1	2
94	2226	1	2
308	2226	1	2
373	2226	1	2
424	2226	1	2
450	2226	1	2
492	2226	1	2
496	2226	1	2
133	2227	1	2
63	2228	1	2
191	2228	1	2
414	2228	1	2
172	2231	1	2
223	2231	1	2
492	2234	1	2
9	2236	1	2
223	2236	1	2
450	2236	1	2
507	2236	1	2
223	2237	1	2
251	2240	1	2
25	2241	1	2
223	2241	1	2
234	2241	1	2
450	2241	1	2
219	2243	1	2
201	2244	2	2
210	2244	1	2
213	2245	1	2
232	2245	1	2
364	2245	1	2
159	2251	1	2
223	2251	1	2
229	2251	1	2
53	2254	1	2
62	2255	1	2
223	2255	1	2
331	2255	1	2
450	2255	1	2
301	2259	1	2
366	2259	1	2
514	2259	1	2
14	2261	1	2
100	2261	1	2
334	2261	1	2
178	2262	1	2
66	2264	1	2
196	2264	1	2
191	2265	1	2
287	2265	1	2
399	2265	1	2
471	2265	1	2
499	2265	1	2
43	2266	1	2
333	2266	1	2
427	2266	1	2
173	2267	1	2
223	2267	1	2
31	2269	1	2
414	2269	1	2
422	2269	1	2
6	2272	1	2
13	2272	1	2
27	2272	1	2
47	2272	1	2
121	2272	1	2
221	2272	1	2
283	2272	1	2
402	2272	1	2
429	2272	1	2
482	2272	1	2
503	2272	1	2
502	2276	1	2
440	2285	1	2
223	2287	1	2
188	2290	1	2
269	2290	1	2
450	2293	1	2
223	2294	1	2
469	2294	1	2
47	2298	1	2
246	2298	1	2
450	2298	1	2
64	2300	1	2
198	2300	1	2
190	2301	1	2
339	2301	1	2
345	2301	1	2
442	2301	1	2
471	2301	1	2
45	2305	1	2
230	2305	1	2
339	2305	1	2
18	2308	1	2
180	2308	1	2
277	2308	1	2
376	2308	1	2
223	2310	1	2
373	2310	1	2
392	2310	1	2
454	2310	1	2
159	2311	2	2
160	2311	1	2
363	2311	1	2
301	2312	1	2
366	2312	1	2
54	2313	1	2
203	2313	1	2
221	2313	1	2
266	2313	1	2
482	2316	1	2
505	2317	2	2
464	2318	1	2
334	2320	1	2
404	2322	1	2
441	2322	1	2
520	2323	1	2
117	2329	1	2
194	2329	1	2
135	2331	1	2
180	2331	1	2
302	2332	1	2
213	2335	1	2
50	2337	1	2
67	2337	1	2
257	2337	1	2
360	2337	1	2
500	2337	1	2
116	2341	2	2
366	2341	1	2
427	2341	1	2
463	2341	1	2
25	2342	1	2
267	2342	1	2
272	2342	1	2
453	2342	1	2
519	2342	1	2
308	2343	1	2
392	2344	1	2
419	2344	1	2
178	2345	1	2
223	2345	1	2
37	2346	1	2
179	2346	1	2
75	2350	1	2
94	2350	1	2
135	2350	1	2
272	2350	1	2
413	2350	1	2
426	2350	1	2
58	2355	1	2
223	2355	1	2
279	2355	1	2
311	2355	1	2
321	2355	1	2
232	2356	1	2
209	2357	1	2
217	2357	1	2
277	2357	1	2
301	2357	1	2
184	2361	1	2
240	2361	1	2
259	2361	1	2
464	2361	1	2
232	2365	1	2
507	2365	1	2
190	2366	1	2
198	2366	1	2
232	2366	1	2
138	2369	1	2
400	2369	1	2
493	2369	1	2
349	2370	1	2
25	2372	1	2
141	2373	1	2
262	2373	1	2
143	2375	1	2
220	2376	1	2
284	2376	1	2
324	2384	1	2
482	2384	2	2
79	2387	1	2
277	2387	1	2
475	2387	1	2
506	2387	1	2
201	2388	1	2
334	2388	1	2
404	2388	1	2
223	2389	1	2
347	2389	1	2
76	2390	1	2
187	2390	1	2
320	2390	1	2
394	2390	1	2
450	2390	1	2
471	2393	1	2
33	2394	1	2
66	2401	1	2
128	2401	1	2
457	2401	1	2
24	2403	1	2
223	2403	1	2
482	2403	1	2
501	2403	1	2
337	2405	1	2
36	2409	1	2
186	2409	1	2
199	2409	1	2
203	2409	1	2
251	2409	1	2
265	2409	1	2
426	2409	1	2
450	2414	1	2
450	2417	1	2
488	2417	1	2
48	2426	1	2
179	2426	1	2
429	2426	1	2
448	2426	1	2
179	2428	1	2
171	2430	1	2
393	2432	1	2
278	2433	1	2
334	2433	1	2
408	2433	1	2
441	2433	1	2
442	2433	1	2
213	2438	1	2
223	2438	1	2
2	2439	1	2
278	2439	1	2
334	2439	1	2
408	2439	1	2
441	2439	1	2
442	2439	1	2
500	2439	1	2
519	2439	1	2
210	2444	1	2
267	2444	1	2
2	2452	1	2
155	2452	1	2
332	2452	1	2
520	2452	1	2
223	2453	1	2
213	2463	1	2
330	2463	1	2
38	2467	1	2
184	2467	1	2
334	2467	1	2
411	2467	1	2
482	2467	1	2
501	2467	1	2
506	2467	1	2
161	2473	1	2
215	2473	1	2
523	2473	1	2
2	2476	1	2
49	2476	1	2
67	2476	1	2
155	2476	1	2
190	2476	1	2
473	2476	1	2
2	2478	1	2
49	2478	1	2
67	2478	1	2
79	2478	1	2
92	2478	1	2
155	2478	1	2
190	2478	1	2
410	2478	1	2
473	2478	1	2
475	2478	2	2
367	2481	1	2
382	2481	1	2
483	2481	2	2
77	2483	2	2
124	2483	1	2
179	2483	1	2
335	2483	1	2
347	2483	1	2
382	2483	1	2
437	2483	1	2
499	2483	1	2
520	2483	1	2
153	2484	1	2
213	2484	1	2
223	2484	1	2
283	2485	1	2
367	2485	1	2
382	2485	1	2
467	2485	1	2
498	2485	1	2
2	2487	1	2
79	2487	1	2
173	2487	1	2
482	2487	1	2
493	2487	1	2
519	2487	1	2
161	2488	1	2
485	2488	1	2
335	2491	1	2
497	2491	1	2
513	2491	1	2
180	2492	1	2
367	2492	1	2
382	2492	1	2
465	2492	1	2
521	2492	1	2
175	2493	1	2
277	2493	1	2
450	2493	1	2
365	2495	1	2
41	2498	1	2
168	2500	1	2
182	2500	1	2
210	2500	1	2
335	2500	1	2
388	2500	2	2
496	2500	1	2
2	2501	1	2
114	2501	1	2
471	2501	3	2
299	2505	1	2
300	2505	1	2
317	2505	1	2
391	2505	1	2
411	2505	1	2
49	2507	1	2
256	2507	1	2
335	2507	1	2
478	2507	1	2
192	2508	1	2
277	2508	2	2
299	2508	1	2
300	2508	1	2
49	2509	1	2
179	2509	1	2
465	2509	1	2
448	2511	1	2
308	2513	1	2
369	2513	1	2
457	2513	1	2
510	2513	1	2
277	2514	1	2
335	2514	1	2
89	2515	1	2
223	2515	1	2
404	2515	1	2
450	2515	1	2
492	2515	1	2
223	2516	1	2
257	2522	1	2
326	2522	1	2
348	2522	1	2
17	2523	1	2
76	2523	1	2
140	2523	1	2
161	2523	1	2
223	2523	1	2
450	2523	1	2
157	2524	1	2
334	2524	1	2
267	2527	1	2
475	2527	1	2
193	2528	1	2
299	2528	1	2
58	2532	1	2
110	2532	1	2
378	2532	1	2
472	2534	1	2
202	2536	1	2
205	2536	1	2
515	2536	1	2
108	2538	1	2
218	2538	1	2
258	2538	1	2
457	2538	1	2
116	2540	1	2
346	2540	1	2
443	2540	1	2
233	2541	1	2
314	2541	1	2
44	2545	1	2
223	2545	1	2
282	2546	1	2
360	2546	1	2
482	2546	1	2
360	2548	1	2
482	2548	1	2
515	2548	1	2
4	2549	1	2
416	2549	1	2
320	2550	1	2
450	2553	1	2
482	2553	1	2
41	2560	1	2
223	2560	1	2
307	2562	1	2
492	2562	1	2
518	2562	1	2
182	2563	1	2
221	2563	1	2
268	2563	1	2
357	2563	1	2
482	2563	1	2
495	2563	1	2
169	2565	1	2
465	2565	1	2
138	2568	1	2
170	2568	1	2
442	2569	1	2
173	2573	1	2
179	2577	1	2
182	2577	1	2
230	2577	1	2
316	2577	1	2
431	2577	1	2
485	2577	1	2
334	2578	1	2
442	2578	1	2
500	2578	1	2
272	2589	1	2
427	2589	1	2
382	2590	1	2
429	2590	1	2
471	2590	1	2
41	2591	1	2
163	2591	1	2
203	2591	1	2
229	2591	1	2
411	2591	1	2
471	2591	1	2
19	2595	1	2
223	2595	1	2
321	2595	1	2
272	2596	1	2
4	2598	1	2
416	2598	1	2
519	2598	1	2
432	2600	1	2
76	2602	1	2
222	2602	1	2
223	2602	1	2
4	2606	1	2
416	2606	1	2
519	2606	2	2
308	2607	1	2
83	2608	1	2
511	2608	1	2
187	2610	1	2
272	2610	1	2
313	2610	1	2
272	2612	1	2
519	2612	1	2
83	2613	1	2
521	2613	1	2
10	2617	1	2
119	2617	1	2
450	2617	1	2
456	2617	1	2
58	2619	1	2
223	2619	1	2
321	2619	1	2
10	2622	1	2
48	2622	1	2
119	2622	1	2
450	2622	1	2
456	2622	1	2
519	2622	1	2
223	2626	1	2
329	2626	1	2
450	2626	1	2
462	2626	1	2
104	2627	1	2
154	2627	1	2
190	2627	1	2
223	2627	1	2
317	2627	1	2
373	2627	1	2
162	2632	1	2
206	2632	1	2
223	2632	1	2
334	2635	1	2
389	2635	1	2
30	2639	1	2
107	2640	1	2
182	2640	1	2
333	2640	1	2
334	2640	1	2
455	2640	1	2
33	2641	1	2
296	2641	1	2
407	2641	1	2
450	2644	1	2
464	2644	1	2
37	2645	1	2
198	2645	1	2
442	1	1	3
478	1	1	3
7	2	1	3
223	2	1	3
341	2	1	3
353	2	1	3
387	2	1	3
7	7	1	3
60	7	1	3
223	7	1	3
387	7	1	3
7	13	1	3
60	13	1	3
223	13	1	3
387	13	1	3
7	20	1	3
223	20	1	3
341	20	1	3
353	20	1	3
387	20	1	3
7	26	1	3
60	26	1	3
223	26	1	3
387	26	1	3
7	80	1	3
223	80	1	3
341	80	1	3
353	80	1	3
387	80	1	3
69	83	1	3
301	83	1	3
509	83	1	3
9	92	1	3
124	92	1	3
130	92	1	3
277	92	1	3
301	92	1	3
316	92	1	3
509	92	1	3
50	97	1	3
69	97	1	3
225	97	1	3
301	97	1	3
416	97	1	3
172	103	1	3
211	103	1	3
301	103	1	3
348	103	1	3
482	103	1	3
179	112	1	3
181	112	1	3
465	112	1	3
482	112	1	3
212	117	1	3
232	117	1	3
301	117	1	3
334	117	1	3
7	146	1	3
60	146	1	3
223	146	1	3
387	146	1	3
5	196	1	3
129	196	1	3
146	197	1	3
420	197	1	3
482	197	1	3
66	203	1	3
277	203	1	3
102	214	1	3
146	233	1	3
328	233	1	3
24	240	1	3
277	240	1	3
399	240	1	3
427	241	1	3
488	241	2	3
182	243	1	3
296	243	1	3
426	246	1	3
416	248	1	3
225	249	1	3
25	260	1	3
31	263	1	3
296	263	1	3
9	264	1	3
223	264	1	3
390	264	1	3
180	266	1	3
130	267	1	3
180	268	1	3
31	269	1	3
91	269	1	3
160	272	1	3
267	272	1	3
321	272	1	3
423	272	1	3
478	272	1	3
418	275	1	3
90	276	1	3
296	276	1	3
184	281	1	3
272	281	1	3
340	281	1	3
90	287	1	3
168	287	1	3
223	287	1	3
482	287	2	3
277	291	1	3
293	291	1	3
309	291	1	3
450	291	1	3
250	293	1	3
277	293	1	3
450	293	1	3
482	293	1	3
165	300	1	3
262	300	1	3
267	300	1	3
277	301	1	3
262	303	1	3
453	305	1	3
482	305	1	3
66	306	1	3
154	306	2	3
482	306	1	3
516	306	1	3
25	307	1	3
198	307	1	3
482	307	2	3
516	307	1	3
523	307	1	3
450	308	1	3
277	312	2	3
450	312	1	3
213	318	1	3
450	318	1	3
497	318	1	3
90	319	1	3
49	330	2	3
151	330	1	3
1	339	1	3
198	344	1	3
342	345	1	3
500	345	1	3
223	353	1	3
285	353	1	3
520	353	1	3
213	356	1	3
223	356	1	3
311	356	1	3
435	356	1	3
462	356	1	3
223	359	1	3
434	359	1	3
115	362	1	3
175	362	1	3
223	362	1	3
450	362	1	3
56	363	1	3
70	363	1	3
107	363	1	3
206	363	1	3
523	363	1	3
251	368	1	3
277	368	1	3
31	376	1	3
91	381	1	3
39	383	1	3
382	383	1	3
438	383	1	3
500	392	1	3
39	393	1	3
350	393	1	3
376	393	1	3
382	393	1	3
438	393	1	3
272	397	1	3
209	400	1	3
217	400	1	3
277	400	1	3
420	400	2	3
457	400	1	3
511	400	1	3
185	404	1	3
223	404	1	3
51	408	1	3
39	413	1	3
521	413	1	3
32	414	1	3
116	414	1	3
277	414	1	3
61	435	1	3
217	435	1	3
272	435	1	3
207	468	1	3
223	468	1	3
39	472	1	3
520	472	1	3
95	475	1	3
128	475	1	3
177	475	1	3
223	475	1	3
364	475	1	3
496	475	1	3
83	477	2	3
213	477	1	3
300	477	1	3
426	477	1	3
114	478	1	3
267	478	1	3
403	480	1	3
201	531	1	3
482	531	1	3
392	539	1	3
459	539	1	3
494	539	1	3
34	545	1	3
63	545	1	3
141	545	2	3
169	545	1	3
227	545	1	3
39	549	1	3
61	550	1	3
450	550	1	3
500	550	1	3
101	563	1	3
483	563	1	3
485	563	1	3
31	570	1	3
299	570	1	3
65	584	1	3
347	616	1	3
441	621	1	3
450	621	1	3
223	622	1	3
518	622	1	3
296	629	1	3
36	630	1	3
277	630	1	3
300	630	1	3
458	630	1	3
111	660	1	3
223	660	1	3
437	660	1	3
305	715	1	3
333	715	1	3
459	715	1	3
510	715	1	3
208	723	1	3
336	725	1	3
277	735	1	3
183	752	1	3
471	752	1	3
39	754	1	3
382	754	1	3
438	754	1	3
223	779	1	3
386	779	1	3
299	780	1	3
486	780	1	3
223	794	1	3
317	794	2	3
322	794	1	3
381	794	1	3
223	809	1	3
341	809	1	3
461	809	1	3
299	824	1	3
300	827	1	3
300	834	1	3
436	834	1	3
128	835	1	3
299	835	1	3
126	837	1	3
228	837	1	3
452	837	1	3
4	839	1	3
267	839	1	3
500	852	1	3
512	852	1	3
128	864	1	3
299	864	1	3
382	864	1	3
282	881	1	3
299	881	1	3
105	889	1	3
105	892	1	3
381	892	1	3
450	898	1	3
450	901	1	3
61	913	1	3
223	913	1	3
311	913	1	3
429	913	1	3
42	937	1	3
223	937	1	3
311	937	1	3
435	937	1	3
462	937	1	3
321	941	1	3
333	972	1	3
58	979	1	3
223	979	1	3
321	979	1	3
223	1004	1	3
479	1004	1	3
511	1004	1	3
322	1012	1	3
174	1014	1	3
175	1014	1	3
415	1014	1	3
442	1014	1	3
296	1020	1	3
364	1042	1	3
131	1045	1	3
258	1045	1	3
457	1045	1	3
482	1045	1	3
223	1048	1	3
456	1048	1	3
8	1099	1	3
223	1124	1	3
275	1154	1	3
315	1154	1	3
413	1154	1	3
457	1154	1	3
118	1182	3	3
295	1190	1	3
259	1199	1	3
223	1202	1	3
500	1202	1	3
223	1208	1	3
383	1208	1	3
277	1217	1	3
334	1217	1	3
256	1218	1	3
284	1218	1	3
322	1218	1	3
457	1218	1	3
162	1219	1	3
317	1219	1	3
283	1220	1	3
340	1220	1	3
360	1220	1	3
408	1220	1	3
223	1221	1	3
471	1221	1	3
317	1222	1	3
267	1223	1	3
277	1223	1	3
19	1227	1	3
90	1227	1	3
223	1227	1	3
433	1227	1	3
494	1227	1	3
223	1240	1	3
450	1240	1	3
81	1242	1	3
223	1242	1	3
311	1242	1	3
322	1242	1	3
424	1242	1	3
435	1242	1	3
272	1244	1	3
276	1253	1	3
344	1253	1	3
349	1253	1	3
124	1267	1	3
218	1267	1	3
376	1267	1	3
223	1273	2	3
450	1273	1	3
494	1273	1	3
31	1279	1	3
37	1279	2	3
41	1279	1	3
198	1279	2	3
6	1283	1	3
194	1283	1	3
221	1283	1	3
458	1283	1	3
482	1283	1	3
508	1283	1	3
81	1293	1	3
201	1293	1	3
482	1293	1	3
168	1295	1	3
194	1295	1	3
302	1295	1	3
392	1295	2	3
495	1295	1	3
25	1298	1	3
462	1298	1	3
93	1306	1	3
448	1306	1	3
338	1318	1	3
448	1318	1	3
507	1318	1	3
518	1318	1	3
81	1320	1	3
443	1320	1	3
32	1334	1	3
317	1334	1	3
427	1334	1	3
450	1334	1	3
496	1334	1	3
264	1341	1	3
462	1341	1	3
28	1353	1	3
221	1353	1	3
261	1353	1	3
325	1353	1	3
381	1353	1	3
223	1355	1	3
363	1355	1	3
138	1363	1	3
218	1363	1	3
485	1363	1	3
332	1382	1	3
306	1389	1	3
508	1389	1	3
232	1394	1	3
146	1396	1	3
411	1396	1	3
76	1397	1	3
471	1399	1	3
76	1400	1	3
124	1400	1	3
182	1400	1	3
259	1400	1	3
300	1401	1	3
159	1404	1	3
244	1404	1	3
267	1404	1	3
270	1404	1	3
385	1404	1	3
470	1404	1	3
475	1404	2	3
90	1407	1	3
450	1407	1	3
488	1407	1	3
497	1407	1	3
94	1408	1	3
237	1408	1	3
244	1408	1	3
348	1408	1	3
357	1408	1	3
362	1408	1	3
465	1408	1	3
470	1408	1	3
522	1410	1	3
310	1412	1	3
482	1412	1	3
81	1416	1	3
379	1416	1	3
180	1419	1	3
274	1419	1	3
350	1419	1	3
457	1419	1	3
450	1442	1	3
462	1442	1	3
450	1443	1	3
6	1446	1	3
81	1446	1	3
482	1446	1	3
489	1446	1	3
500	1446	1	3
365	1447	1	3
469	1447	2	3
120	1449	1	3
488	1449	1	3
44	1464	1	3
66	1464	1	3
306	1464	1	3
44	1468	1	3
58	1468	1	3
66	1468	1	3
306	1468	1	3
274	1469	1	3
450	1469	1	3
33	1473	1	3
388	1473	1	3
459	1473	1	3
522	1473	1	3
256	1478	1	3
340	1479	1	3
372	1479	1	3
418	1479	1	3
484	1479	1	3
213	1488	1	3
429	1488	1	3
58	1493	2	3
334	1493	1	3
509	1493	2	3
58	1499	1	3
288	1499	1	3
146	1514	1	3
457	1514	1	3
472	1514	1	3
223	1521	1	3
140	1525	1	3
475	1525	3	3
305	1533	1	3
306	1533	1	3
450	1533	1	3
484	1533	1	3
223	1534	1	3
69	1550	1	3
188	1550	2	3
277	1550	1	3
340	1550	1	3
213	1553	1	3
356	1553	1	3
240	1555	1	3
69	1559	1	3
189	1559	1	3
190	1559	1	3
290	1559	1	3
351	1559	1	3
450	1559	1	3
457	1559	1	3
483	1559	1	3
495	1559	1	3
189	1560	1	3
351	1560	1	3
495	1560	1	3
195	1565	1	3
223	1565	1	3
487	1565	1	3
215	1568	1	3
450	1568	1	3
500	1568	1	3
400	1569	1	3
137	1570	1	3
229	1570	1	3
500	1570	1	3
25	1577	1	3
510	1577	1	3
25	1598	1	3
170	1598	1	3
188	1598	1	3
190	1598	1	3
237	1598	1	3
276	1598	1	3
354	1598	1	3
463	1598	1	3
475	1598	1	3
360	1614	1	3
392	1614	1	3
457	1614	1	3
144	1624	1	3
152	1624	1	3
188	1624	1	3
192	1624	1	3
244	1624	1	3
362	1624	1	3
469	1624	1	3
470	1624	1	3
277	1626	1	3
398	1626	1	3
50	1629	1	3
449	1629	1	3
483	1629	1	3
520	1629	1	3
517	1642	1	3
66	1645	1	3
137	1645	1	3
179	1645	1	3
475	1645	1	3
154	1647	1	3
348	1647	1	3
416	1647	1	3
25	1649	1	3
43	1649	1	3
73	1649	1	3
375	1649	1	3
416	1649	1	3
73	1650	1	3
284	1650	1	3
343	1650	1	3
159	1653	1	3
196	1653	1	3
307	1653	1	3
389	1653	1	3
42	1662	1	3
141	1680	1	3
213	1680	1	3
222	1680	1	3
259	1680	1	3
260	1680	1	3
455	1680	1	3
483	1680	1	3
44	1682	1	3
58	1682	1	3
66	1682	1	3
218	1682	1	3
221	1682	1	3
475	1682	1	3
521	1682	1	3
365	1687	1	3
450	1687	1	3
160	1688	1	3
259	1688	1	3
300	1688	2	3
303	1688	1	3
316	1688	1	3
213	1692	1	3
455	1692	1	3
237	1697	1	3
244	1697	1	3
331	1697	1	3
354	1697	1	3
433	1697	1	3
470	1697	1	3
471	1697	1	3
416	1703	1	3
498	1703	1	3
139	1706	1	3
188	1706	1	3
237	1706	1	3
244	1706	1	3
362	1706	1	3
470	1706	1	3
201	1707	1	3
303	1707	1	3
306	1708	1	3
223	1710	1	3
365	1710	1	3
450	1710	1	3
480	1710	1	3
225	1714	1	3
277	1714	1	3
139	1715	1	3
188	1715	1	3
237	1715	1	3
244	1715	1	3
362	1715	1	3
470	1715	1	3
18	1718	1	3
180	1718	1	3
338	1718	1	3
364	1718	1	3
416	1718	1	3
439	1719	1	3
64	1720	1	3
157	1720	1	3
223	1720	1	3
126	1722	1	3
441	1722	1	3
211	1723	1	3
429	1723	1	3
92	1726	1	3
442	1726	1	3
58	1735	2	3
223	1735	1	3
321	1735	2	3
58	1736	2	3
223	1736	1	3
321	1736	2	3
49	1737	1	3
426	1737	1	3
457	1737	1	3
488	1737	1	3
500	1737	1	3
130	1738	1	3
138	1738	1	3
478	1742	1	3
317	1747	2	3
482	1747	1	3
50	1748	2	3
94	1748	1	3
206	1748	1	3
38	1749	1	3
86	1749	1	3
167	1749	1	3
416	1749	1	3
501	1749	1	3
74	1752	1	3
334	1752	1	3
77	1753	1	3
126	1753	1	3
136	1753	1	3
154	1758	1	3
275	1758	1	3
277	1758	1	3
418	1758	1	3
450	1758	2	3
482	1758	2	3
484	1758	1	3
31	1761	1	3
223	1761	1	3
296	1761	1	3
429	1761	1	3
34	1766	1	3
227	1766	1	3
299	1766	1	3
482	1766	1	3
208	1767	1	3
338	1767	1	3
482	1767	2	3
86	1769	1	3
208	1769	1	3
316	1769	1	3
381	1769	1	3
482	1769	2	3
58	1772	1	3
388	1772	1	3
307	1775	1	3
402	1775	1	3
118	1776	1	3
73	1779	1	3
309	1779	1	3
492	1779	1	3
246	1792	1	3
392	1792	1	3
87	1802	1	3
348	1802	2	3
213	1803	1	3
223	1803	1	3
279	1803	1	3
314	1803	1	3
317	1803	1	3
411	1803	1	3
277	1804	1	3
416	1804	1	3
452	1804	1	3
518	1804	1	3
189	1812	1	3
210	1812	1	3
457	1812	1	3
58	1813	1	3
223	1813	1	3
321	1813	1	3
392	1813	1	3
205	1814	1	3
127	1821	1	3
169	1821	1	3
507	1821	1	3
68	1827	1	3
90	1827	1	3
248	1827	1	3
261	1827	1	3
272	1827	1	3
457	1828	1	3
520	1829	1	3
86	1830	1	3
223	1830	1	3
37	1831	1	3
197	1831	1	3
492	1831	1	3
9	1840	1	3
81	1840	1	3
182	1840	1	3
222	1840	1	3
232	1840	1	3
332	1840	1	3
393	1840	1	3
450	1840	1	3
223	1845	1	3
518	1845	1	3
277	1847	2	3
382	1847	1	3
93	1848	1	3
81	1852	1	3
201	1852	1	3
299	1852	1	3
392	1852	1	3
488	1852	1	3
505	1853	4	3
193	1857	1	3
232	1874	1	3
246	1874	1	3
283	1874	1	3
22	1876	1	3
223	1876	1	3
450	1876	1	3
232	1879	1	3
233	1879	1	3
457	1879	1	3
459	1879	1	3
118	1884	1	3
69	1926	1	3
201	1926	1	3
272	1926	1	3
269	1928	1	3
127	1932	1	3
184	1932	1	3
277	1932	1	3
65	1935	1	3
19	1939	1	3
58	1939	1	3
223	1939	1	3
321	1939	1	3
352	1939	1	3
139	1940	1	3
283	1940	1	3
185	1941	2	3
382	1941	1	3
5	1951	1	3
114	1951	1	3
210	1951	1	3
284	1951	1	3
375	1951	1	3
416	1951	1	3
419	1951	1	3
473	1951	1	3
132	1961	1	3
223	1961	1	3
267	1961	1	3
450	1966	1	3
223	1969	1	3
239	1969	2	3
386	1969	2	3
412	1969	1	3
277	1970	1	3
518	1970	1	3
114	1972	1	3
117	1972	1	3
214	1972	1	3
9	1979	1	3
47	1979	1	3
416	1979	1	3
512	1979	2	3
297	1983	1	3
313	1983	1	3
382	1983	1	3
469	1983	1	3
157	1986	1	3
493	1986	1	3
117	2002	1	3
139	2002	2	3
352	2002	1	3
507	2002	1	3
320	2006	2	3
324	2013	1	3
452	2013	1	3
272	2018	1	3
283	2018	1	3
521	2019	1	3
160	2024	1	3
185	2024	1	3
450	2024	1	3
287	2026	1	3
428	2026	1	3
471	2026	1	3
81	2027	1	3
185	2027	1	3
203	2027	1	3
307	2027	1	3
277	2037	2	3
452	2037	1	3
9	2044	2	3
146	2044	1	3
159	2044	1	3
225	2044	1	3
440	2044	1	3
261	2050	1	3
306	2050	1	3
316	2050	1	3
450	2050	1	3
453	2050	1	3
482	2050	1	3
34	2057	1	3
47	2057	1	3
181	2057	1	3
442	2057	1	3
496	2057	1	3
117	2058	2	3
267	2058	1	3
191	2064	1	3
237	2064	1	3
277	2064	1	3
223	2069	1	3
68	2072	1	3
151	2072	1	3
416	2072	1	3
450	2072	1	3
500	2072	1	3
36	2073	1	3
38	2073	1	3
96	2073	1	3
190	2073	1	3
300	2073	1	3
334	2073	1	3
166	2076	2	3
190	2076	1	3
308	2076	1	3
380	2076	1	3
146	2082	1	3
218	2084	1	3
307	2084	1	3
523	2084	2	3
205	2088	1	3
277	2088	1	3
361	2088	1	3
418	2088	1	3
478	2088	1	3
241	2090	1	3
255	2090	1	3
235	2091	1	3
430	2095	1	3
516	2095	1	3
396	2098	1	3
288	2106	1	3
426	2106	1	3
223	2138	1	3
239	2138	2	3
386	2138	2	3
412	2138	1	3
107	2151	1	3
405	2151	1	3
500	2151	1	3
278	2152	1	3
501	2154	1	3
211	2160	1	3
277	2160	1	3
25	2163	1	3
482	2163	1	3
450	2176	1	3
462	2176	1	3
258	2178	1	3
267	2178	1	3
482	2183	2	3
279	2187	1	3
188	2193	1	3
418	2193	1	3
442	2193	1	3
223	2199	1	3
190	2207	1	3
246	2207	1	3
425	2207	1	3
295	2224	1	3
56	2229	1	3
60	2235	1	3
223	2235	1	3
317	2235	1	3
388	2235	1	3
179	2242	2	3
223	2242	1	3
249	2242	1	3
300	2242	1	3
378	2242	1	3
493	2242	1	3
24	2247	1	3
84	2247	1	3
223	2247	1	3
234	2247	1	3
344	2247	1	3
416	2256	1	3
416	2257	1	3
63	2258	1	3
102	2258	1	3
179	2258	2	3
488	2258	1	3
517	2258	1	3
48	2268	1	3
223	2268	1	3
188	2270	1	3
300	2270	1	3
497	2270	2	3
48	2271	1	3
60	2271	1	3
64	2271	1	3
223	2271	1	3
111	2279	2	3
223	2279	1	3
303	2279	1	3
331	2279	1	3
450	2279	1	3
497	2279	1	3
37	2292	1	3
272	2292	1	3
304	2292	1	3
450	2292	2	3
455	2292	1	3
272	2296	1	3
512	2296	1	3
19	2304	1	3
22	2306	1	3
154	2306	1	3
188	2306	1	3
199	2306	1	3
316	2306	1	3
410	2306	1	3
450	2306	1	3
184	2307	1	3
58	2314	2	3
222	2314	1	3
223	2314	1	3
321	2314	1	3
8	2330	1	3
77	2330	1	3
179	2330	2	3
260	2330	1	3
284	2330	1	3
431	2330	1	3
445	2336	1	3
213	2348	1	3
321	2348	1	3
81	2351	1	3
146	2351	1	3
28	2353	1	3
199	2353	1	3
87	2364	1	3
289	2364	1	3
415	2364	1	3
448	2364	1	3
453	2364	1	3
41	2368	1	3
223	2368	1	3
223	2382	1	3
323	2382	1	3
480	2382	1	3
33	2396	1	3
201	2396	1	3
268	2396	1	3
120	2399	2	3
125	2399	1	3
407	2399	1	3
484	2399	1	3
24	2400	1	3
6	2402	1	3
176	2402	1	3
298	2402	1	3
8	2407	1	3
272	2407	1	3
523	2407	1	3
146	2411	1	3
460	2411	1	3
488	2411	1	3
523	2411	1	3
146	2421	1	3
232	2421	1	3
313	2421	1	3
382	2421	1	3
8	2423	1	3
92	2424	1	3
193	2424	1	3
223	2424	1	3
351	2440	1	3
453	2440	1	3
482	2440	1	3
87	2443	1	3
226	2443	1	3
382	2443	1	3
153	2445	1	3
459	2445	1	3
126	2446	1	3
144	2446	1	3
226	2446	1	3
483	2446	2	3
86	2448	1	3
457	2448	1	3
130	2449	1	3
144	2449	1	3
277	2449	1	3
382	2449	1	3
418	2449	1	3
77	2450	1	3
179	2450	1	3
323	2450	1	3
335	2450	1	3
197	2454	1	3
340	2454	1	3
367	2454	1	3
382	2454	1	3
120	2455	1	3
304	2455	1	3
367	2455	1	3
382	2455	1	3
169	2456	1	3
180	2456	1	3
356	2457	1	3
419	2457	1	3
130	2458	1	3
90	2459	1	3
245	2459	1	3
290	2459	1	3
304	2459	1	3
338	2459	1	3
450	2459	1	3
483	2459	1	3
144	2462	1	3
175	2462	1	3
190	2462	1	3
223	2462	1	3
450	2462	1	3
468	2462	1	3
61	2464	1	3
234	2464	1	3
267	2464	1	3
272	2464	1	3
292	2464	1	3
335	2464	1	3
501	2464	1	3
87	2469	1	3
201	2469	1	3
270	2469	1	3
335	2469	1	3
185	2490	4	3
361	2490	1	3
272	2494	1	3
332	2494	1	3
513	2494	1	3
69	2510	1	3
139	2510	1	3
146	2510	1	3
256	2510	1	3
316	2510	1	3
450	2510	1	3
117	2520	1	3
165	2521	1	3
234	2521	1	3
300	2521	1	3
365	2521	1	3
272	2526	1	3
300	2526	1	3
37	2529	1	3
459	2529	1	3
467	2529	1	3
213	2539	1	3
306	2539	1	3
104	2564	1	3
154	2564	1	3
180	2564	1	3
277	2564	1	3
407	2564	1	3
416	2564	1	3
511	2564	1	3
20	2566	1	3
277	2566	1	3
93	2567	1	3
193	2567	1	3
47	2572	1	3
203	2572	1	3
277	2574	1	3
213	2576	1	3
58	2581	1	3
223	2581	1	3
321	2581	1	3
223	2584	1	3
413	2584	1	3
25	2585	1	3
38	2585	1	3
173	2585	1	3
180	2585	1	3
230	2585	1	3
334	2585	2	3
369	2585	1	3
427	2585	1	3
442	2585	1	3
146	2597	1	3
344	2597	1	3
518	2597	1	3
462	2601	1	3
324	2605	1	3
340	2605	1	3
482	2605	1	3
433	2614	1	3
324	2615	1	3
53	2618	1	3
197	2633	1	3
268	2633	2	3
366	2633	2	3
490	2633	1	3
514	2633	1	3
159	2643	1	3
22	493	1	4
188	493	1	4
384	493	1	4
126	494	1	4
22	503	1	4
272	503	1	4
137	1644	1	4
223	1644	1	4
254	1644	1	4
441	3	1	5
23	6	1	5
148	6	1	5
187	6	1	5
269	6	1	5
272	6	1	5
25	19	1	5
23	24	1	5
24	24	1	5
125	24	1	5
148	24	1	5
272	24	1	5
91	27	1	5
349	27	1	5
220	29	1	5
381	29	1	5
411	29	1	5
259	30	1	5
277	30	1	5
453	30	1	5
138	31	1	5
23	32	1	5
148	32	1	5
232	32	1	5
280	32	1	5
390	32	1	5
452	32	1	5
482	32	1	5
482	34	1	5
485	34	1	5
25	35	1	5
482	35	1	5
125	37	1	5
24	40	1	5
482	40	2	5
485	40	1	5
146	41	1	5
277	41	1	5
68	43	1	5
330	43	1	5
223	44	1	5
68	45	1	5
264	45	1	5
482	45	1	5
418	48	1	5
450	48	1	5
482	49	1	5
517	49	1	5
23	50	1	5
25	50	1	5
148	50	1	5
192	50	1	5
482	51	1	5
199	56	1	5
301	56	1	5
482	56	1	5
491	57	1	5
23	58	1	5
33	58	1	5
148	58	1	5
316	58	1	5
482	58	1	5
272	60	1	5
243	62	1	5
277	62	1	5
418	62	1	5
296	65	1	5
24	69	1	5
478	69	1	5
482	69	1	5
517	69	1	5
25	71	1	5
482	71	1	5
418	73	1	5
450	73	1	5
180	75	1	5
483	75	1	5
25	76	1	5
223	76	1	5
125	79	1	5
26	84	1	5
418	84	1	5
12	86	1	5
26	86	1	5
223	86	1	5
243	86	1	5
54	87	1	5
144	87	1	5
251	87	1	5
317	87	1	5
492	87	1	5
247	90	1	5
376	90	1	5
445	90	1	5
486	90	1	5
119	91	2	5
147	91	1	5
272	91	1	5
457	91	1	5
448	93	1	5
26	95	1	5
223	95	1	5
243	95	1	5
23	96	1	5
148	96	1	5
338	96	1	5
418	98	1	5
269	100	1	5
351	100	1	5
363	100	1	5
437	100	1	5
493	100	1	5
500	100	1	5
419	105	1	5
6	108	1	5
67	108	1	5
176	108	1	5
478	108	1	5
23	111	1	5
77	111	1	5
148	111	1	5
232	111	1	5
452	111	1	5
23	115	1	5
146	115	1	5
148	115	1	5
225	115	1	5
77	116	1	5
136	116	1	5
185	118	2	5
418	118	1	5
223	119	1	5
91	122	1	5
205	122	1	5
229	122	1	5
272	122	1	5
419	122	1	5
280	123	1	5
401	123	1	5
458	123	1	5
518	123	1	5
450	129	1	5
500	129	1	5
188	131	1	5
232	131	1	5
157	132	1	5
223	132	1	5
322	132	1	5
341	132	1	5
353	132	1	5
157	135	1	5
223	135	1	5
322	135	1	5
341	135	1	5
353	135	1	5
23	138	1	5
148	138	1	5
482	138	1	5
140	139	1	5
241	139	1	5
277	139	1	5
429	139	1	5
157	141	1	5
223	141	1	5
322	141	1	5
341	141	1	5
353	141	1	5
157	143	1	5
223	143	1	5
322	143	1	5
341	143	1	5
353	143	1	5
411	148	1	5
223	152	1	5
341	152	1	5
353	152	1	5
381	152	1	5
190	154	1	5
242	154	1	5
179	156	1	5
223	156	1	5
218	160	1	5
277	160	1	5
478	160	1	5
224	170	1	5
272	170	1	5
132	173	1	5
223	173	1	5
253	173	1	5
410	173	1	5
223	175	1	5
365	175	1	5
196	180	1	5
224	180	1	5
259	180	1	5
288	180	1	5
347	180	1	5
520	180	1	5
224	187	1	5
482	187	1	5
208	191	1	5
224	191	1	5
392	191	1	5
482	191	1	5
10	193	1	5
108	195	1	5
118	199	1	5
309	199	1	5
482	199	1	5
118	202	1	5
309	202	1	5
382	204	1	5
33	208	1	5
277	208	1	5
33	209	1	5
269	211	1	5
205	213	1	5
249	213	1	5
223	215	1	5
321	215	1	5
524	215	1	5
223	216	1	5
450	216	1	5
25	220	1	5
146	220	1	5
171	220	1	5
317	220	1	5
372	220	1	5
460	220	1	5
36	222	1	5
218	224	1	5
340	224	1	5
343	224	1	5
206	225	1	5
33	230	4	5
218	230	1	5
277	230	1	5
201	232	1	5
184	234	1	5
223	234	1	5
329	234	1	5
384	234	1	5
8	250	1	5
84	250	1	5
287	250	1	5
445	250	1	5
32	251	1	5
248	251	1	5
359	251	1	5
223	252	1	5
515	252	1	5
223	253	1	5
311	253	1	5
321	253	1	5
424	253	1	5
435	253	1	5
524	253	1	5
223	256	1	5
358	256	1	5
374	258	1	5
36	261	1	5
55	261	1	5
133	261	1	5
168	261	1	5
203	261	1	5
290	261	1	5
348	261	1	5
4	279	1	5
90	283	1	5
138	283	1	5
37	289	1	5
483	289	1	5
225	290	1	5
450	290	1	5
159	295	1	5
12	302	1	5
81	302	1	5
223	302	1	5
277	302	1	5
347	302	1	5
494	302	1	5
197	304	1	5
281	304	1	5
75	310	1	5
188	310	1	5
223	310	1	5
384	310	1	5
524	310	1	5
277	311	1	5
437	311	1	5
9	321	1	5
281	321	1	5
413	321	1	5
479	321	1	5
200	322	1	5
223	322	1	5
322	322	1	5
90	324	1	5
308	324	1	5
482	324	1	5
515	324	1	5
117	327	1	5
127	327	1	5
145	327	1	5
281	327	1	5
195	331	1	5
223	331	1	5
140	334	1	5
277	334	1	5
140	336	1	5
277	336	1	5
139	340	1	5
429	369	1	5
252	371	1	5
272	371	1	5
427	371	1	5
469	372	1	5
515	377	1	5
68	388	1	5
180	388	1	5
188	388	1	5
349	388	1	5
146	395	1	5
281	395	1	5
359	395	1	5
521	395	1	5
212	399	1	5
457	399	1	5
3	402	1	5
234	402	1	5
336	402	2	5
223	405	1	5
329	405	1	5
341	405	1	5
353	405	1	5
281	417	1	5
408	417	1	5
418	417	1	5
257	420	1	5
326	420	1	5
492	420	1	5
8	425	1	5
299	425	1	5
375	425	1	5
382	425	1	5
448	425	1	5
50	426	1	5
239	429	1	5
450	429	1	5
496	429	1	5
275	431	1	5
340	431	1	5
90	433	1	5
120	433	1	5
403	433	1	5
251	436	1	5
46	437	1	5
492	438	1	5
3	441	1	5
442	441	1	5
500	441	1	5
514	441	1	5
32	442	1	5
169	442	1	5
197	445	1	5
360	447	1	5
474	447	1	5
418	449	1	5
450	449	1	5
500	449	1	5
277	452	1	5
330	454	2	5
299	456	1	5
110	461	1	5
272	463	1	5
175	467	1	5
200	467	1	5
223	467	1	5
450	467	1	5
492	467	1	5
90	476	1	5
94	476	1	5
104	476	1	5
182	476	1	5
321	476	1	5
462	476	1	5
277	481	1	5
471	481	1	5
267	484	1	5
300	484	3	5
488	484	1	5
517	484	1	5
251	486	1	5
291	486	1	5
118	491	1	5
32	498	1	5
185	498	3	5
248	498	1	5
146	500	1	5
201	500	1	5
482	500	1	5
68	506	1	5
151	506	1	5
268	506	2	5
452	506	1	5
492	514	1	5
146	524	1	5
427	525	1	5
212	526	1	5
369	526	1	5
185	527	3	5
279	527	2	5
312	527	1	5
480	527	1	5
80	529	1	5
120	529	1	5
184	529	1	5
6	546	1	5
43	546	1	5
264	546	1	5
296	546	1	5
223	552	1	5
223	555	1	5
277	555	1	5
450	555	1	5
500	555	1	5
69	557	1	5
146	557	1	5
263	557	2	5
90	574	1	5
272	574	1	5
223	576	1	5
321	576	1	5
524	576	1	5
448	578	1	5
272	590	1	5
482	590	1	5
518	590	1	5
160	594	1	5
326	594	1	5
426	594	1	5
160	596	1	5
351	596	1	5
239	609	1	5
382	609	1	5
423	609	1	5
272	613	1	5
349	613	1	5
521	613	1	5
107	615	1	5
56	617	1	5
12	618	1	5
55	618	1	5
208	618	1	5
223	618	1	5
354	618	1	5
173	626	1	5
272	626	1	5
512	633	1	5
114	635	1	5
382	635	1	5
445	635	1	5
480	635	1	5
482	635	1	5
164	641	1	5
169	641	1	5
182	641	1	5
187	641	1	5
57	642	1	5
121	642	1	5
138	642	1	5
175	642	1	5
261	642	1	5
357	642	1	5
430	642	1	5
480	642	1	5
482	642	1	5
47	646	1	5
330	646	1	5
81	648	1	5
226	648	1	5
121	650	1	5
450	650	1	5
22	658	1	5
418	659	1	5
25	662	1	5
154	662	1	5
145	663	1	5
169	666	1	5
175	666	1	5
190	666	1	5
243	666	1	5
348	666	1	5
223	668	1	5
365	668	1	5
455	668	1	5
501	668	1	5
505	668	1	5
243	669	1	5
175	671	1	5
243	671	1	5
348	671	1	5
482	672	1	5
67	678	1	5
117	678	1	5
255	678	1	5
259	678	1	5
93	686	1	5
242	686	1	5
272	690	1	5
159	691	1	5
424	691	1	5
41	692	1	5
481	692	1	5
272	695	1	5
317	695	1	5
359	695	1	5
459	701	1	5
493	701	1	5
159	702	1	5
175	703	1	5
450	703	1	5
512	703	1	5
102	705	1	5
505	705	1	5
507	705	1	5
272	707	1	5
317	707	1	5
359	707	1	5
63	712	1	5
66	712	1	5
145	713	1	5
164	716	1	5
223	716	1	5
159	718	1	5
243	718	1	5
158	719	1	5
223	719	1	5
450	719	1	5
518	719	2	5
121	722	1	5
450	722	1	5
117	726	1	5
272	726	1	5
334	726	1	5
476	726	1	5
46	728	1	5
177	728	1	5
245	728	1	5
263	728	1	5
478	728	1	5
452	731	1	5
121	732	1	5
382	732	1	5
450	732	1	5
467	732	1	5
279	733	1	5
279	739	1	5
33	740	1	5
419	740	1	5
489	740	1	5
500	740	2	5
124	744	1	5
182	744	1	5
250	744	1	5
330	744	1	5
482	744	1	5
447	746	1	5
285	753	1	5
473	753	1	5
182	755	1	5
194	755	1	5
401	755	1	5
420	767	1	5
285	770	1	5
396	770	1	5
26	774	1	5
93	774	1	5
191	774	1	5
221	774	1	5
243	774	1	5
272	774	1	5
364	774	1	5
450	774	1	5
277	776	1	5
180	781	1	5
223	781	1	5
379	781	1	5
29	782	1	5
146	783	1	5
412	783	1	5
317	785	2	5
416	787	1	5
153	792	1	5
424	792	2	5
492	792	1	5
500	792	1	5
450	798	2	5
88	800	1	5
156	801	1	5
200	801	1	5
223	801	1	5
5	803	1	5
24	803	1	5
153	803	1	5
156	803	1	5
277	803	1	5
401	803	1	5
492	803	1	5
277	810	1	5
331	810	1	5
401	810	1	5
146	811	1	5
276	811	1	5
276	814	1	5
479	814	1	5
223	816	1	5
212	817	1	5
479	817	1	5
336	822	1	5
129	823	1	5
152	823	1	5
153	823	1	5
199	823	1	5
210	823	1	5
308	823	1	5
492	823	1	5
514	823	1	5
212	831	1	5
430	831	1	5
175	838	1	5
182	838	1	5
251	838	1	5
102	841	1	5
479	841	1	5
101	848	1	5
355	848	1	5
187	853	1	5
267	853	1	5
268	853	1	5
381	853	1	5
411	853	1	5
460	853	1	5
21	855	1	5
197	855	1	5
250	856	1	5
464	856	1	5
47	865	1	5
90	865	1	5
235	865	1	5
379	865	1	5
442	865	1	5
110	869	1	5
344	869	1	5
334	883	1	5
420	883	1	5
500	883	1	5
223	885	1	5
353	891	1	5
223	902	1	5
266	902	1	5
277	902	1	5
350	902	1	5
382	902	1	5
401	902	1	5
418	902	1	5
25	905	1	5
372	905	1	5
510	908	1	5
23	909	1	5
117	909	1	5
148	909	1	5
420	909	1	5
8	910	1	5
191	915	1	5
224	915	1	5
482	915	1	5
182	917	1	5
223	917	1	5
317	917	1	5
111	918	1	5
113	918	1	5
134	918	1	5
223	918	2	5
253	918	1	5
410	918	1	5
111	921	1	5
113	921	1	5
123	921	1	5
134	921	1	5
223	921	2	5
253	921	1	5
410	921	1	5
477	921	1	5
223	923	1	5
277	923	1	5
334	923	1	5
111	924	1	5
113	924	1	5
123	924	1	5
134	924	1	5
223	924	2	5
253	924	1	5
410	924	1	5
477	924	1	5
111	925	1	5
113	925	1	5
123	925	1	5
134	925	1	5
223	925	2	5
253	925	1	5
410	925	1	5
477	925	1	5
111	926	1	5
113	926	1	5
123	926	1	5
134	926	1	5
223	926	2	5
253	926	1	5
410	926	1	5
477	926	1	5
111	927	1	5
113	927	1	5
123	927	1	5
134	927	1	5
223	927	2	5
253	927	1	5
410	927	1	5
477	927	1	5
117	928	1	5
334	928	1	5
442	928	1	5
55	930	1	5
273	930	1	5
69	932	1	5
305	932	1	5
111	934	1	5
113	934	1	5
134	934	1	5
223	934	2	5
253	934	1	5
410	934	1	5
135	935	1	5
146	935	1	5
472	935	1	5
247	936	1	5
304	936	1	5
450	936	1	5
14	939	1	5
144	939	1	5
469	939	1	5
369	940	1	5
96	943	1	5
141	943	1	5
154	943	1	5
188	943	1	5
382	943	1	5
416	943	1	5
460	943	1	5
111	947	1	5
113	947	1	5
123	947	1	5
134	947	1	5
223	947	2	5
253	947	1	5
348	947	1	5
410	947	1	5
477	947	1	5
382	948	1	5
216	950	1	5
416	950	1	5
146	952	1	5
223	952	1	5
334	952	1	5
382	952	1	5
25	956	1	5
67	956	1	5
68	956	1	5
223	958	1	5
284	958	1	5
382	958	1	5
399	958	1	5
453	958	1	5
3	960	1	5
517	960	1	5
146	963	1	5
162	963	1	5
348	963	1	5
200	964	1	5
322	964	1	5
223	965	1	5
321	965	1	5
524	965	1	5
87	968	1	5
93	970	1	5
263	970	1	5
483	970	1	5
411	973	1	5
440	975	1	5
72	976	1	5
25	978	1	5
485	978	1	5
200	980	2	5
223	980	1	5
267	980	1	5
322	980	1	5
163	989	1	5
274	989	1	5
308	989	1	5
382	989	1	5
443	989	1	5
220	991	1	5
481	991	1	5
146	994	1	5
225	994	1	5
416	994	1	5
136	995	1	5
184	995	1	5
30	1002	3	5
68	1002	1	5
199	1002	2	5
206	1002	1	5
360	1019	1	5
8	1021	1	5
182	1021	1	5
450	1021	1	5
472	1021	1	5
521	1021	1	5
118	1023	1	5
50	1027	1	5
102	1033	2	5
140	1033	1	5
142	1033	1	5
223	1033	1	5
506	1033	1	5
102	1034	1	5
140	1034	1	5
142	1034	1	5
153	1034	1	5
220	1034	1	5
223	1034	1	5
386	1034	1	5
506	1034	1	5
81	1036	1	5
102	1036	1	5
140	1036	1	5
142	1036	1	5
223	1036	1	5
386	1036	1	5
427	1036	1	5
489	1036	1	5
506	1036	1	5
221	1047	1	5
413	1047	1	5
472	1049	1	5
453	1059	1	5
75	1061	1	5
172	1062	1	5
298	1062	1	5
185	1067	1	5
410	1067	1	5
369	1068	1	5
50	1069	1	5
81	1070	1	5
185	1071	1	5
181	1075	3	5
266	1075	1	5
411	1075	1	5
448	1075	1	5
496	1077	1	5
22	1078	1	5
112	1082	1	5
179	1082	1	5
375	1082	1	5
448	1082	1	5
68	1083	1	5
179	1083	1	5
448	1083	1	5
223	1085	1	5
30	1092	1	5
156	1092	1	5
268	1092	1	5
432	1092	1	5
450	1092	2	5
459	1092	1	5
104	1101	1	5
242	1109	1	5
319	1109	1	5
464	1109	1	5
9	1112	1	5
450	1112	1	5
117	1116	1	5
146	1116	1	5
277	1116	1	5
303	1116	1	5
328	1116	1	5
450	1116	1	5
279	1122	1	5
450	1122	1	5
514	1122	1	5
267	1123	1	5
299	1123	1	5
187	1129	1	5
317	1129	1	5
334	1129	1	5
204	1130	1	5
500	1130	1	5
189	1132	1	5
518	1132	2	5
32	1133	1	5
449	1133	1	5
478	1133	1	5
488	1133	1	5
179	1135	1	5
108	1140	1	5
273	1140	1	5
391	1140	1	5
179	1161	1	5
384	1161	1	5
411	1161	1	5
275	1167	1	5
500	1171	1	5
43	1172	1	5
143	1172	1	5
43	1175	1	5
143	1175	1	5
379	1179	1	5
317	1180	1	5
348	1180	1	5
396	1180	1	5
489	1180	1	5
16	1184	1	5
223	1195	1	5
305	1197	1	5
16	1201	1	5
413	1201	1	5
8	1205	1	5
16	1205	1	5
120	1205	1	5
272	1205	1	5
278	1205	4	5
295	1205	1	5
414	1205	1	5
16	1212	1	5
139	1212	1	5
299	1212	1	5
16	1215	1	5
272	1215	1	5
16	1216	1	5
411	1231	1	5
308	1232	1	5
53	1238	1	5
184	1239	1	5
326	1239	1	5
411	1239	1	5
417	1239	1	5
334	1243	1	5
456	1243	1	5
500	1243	1	5
98	1252	1	5
162	1252	1	5
277	1252	1	5
317	1252	1	5
500	1252	1	5
180	1254	1	5
201	1254	1	5
62	1255	1	5
223	1255	1	5
306	1255	1	5
126	1257	1	5
450	1257	1	5
482	1257	1	5
394	1258	1	5
409	1258	1	5
5	1260	1	5
223	1277	1	5
221	1281	1	5
457	1281	1	5
166	1296	1	5
223	1296	1	5
304	1296	1	5
320	1296	1	5
450	1296	1	5
223	1297	1	5
294	1297	1	5
340	1297	1	5
124	1305	2	5
115	1309	1	5
392	1309	2	5
459	1309	1	5
200	1311	1	5
223	1311	1	5
522	1311	1	5
51	1312	1	5
457	1312	1	5
223	1313	1	5
146	1316	1	5
202	1316	1	5
37	1319	2	5
138	1319	1	5
198	1319	2	5
452	1319	1	5
17	1322	1	5
147	1322	1	5
267	1322	1	5
305	1322	1	5
508	1322	1	5
272	1323	1	5
37	1343	1	5
223	1343	1	5
272	1343	1	5
334	1343	1	5
457	1345	1	5
167	1357	1	5
246	1357	1	5
484	1368	1	5
488	1368	1	5
31	1369	1	5
223	1369	1	5
306	1369	1	5
306	1375	1	5
223	1377	1	5
302	1377	1	5
406	1377	1	5
21	1379	1	5
500	1379	32	5
230	1383	1	5
277	1383	1	5
207	1387	1	5
478	1387	1	5
239	1398	1	5
482	1398	1	5
207	1420	1	5
223	1420	1	5
190	1421	1	5
223	1421	1	5
408	1421	1	5
223	1425	1	5
272	1425	1	5
365	1425	1	5
288	1426	1	5
510	1426	1	5
130	1428	1	5
426	1428	1	5
30	1431	1	5
365	1434	1	5
140	1452	1	5
223	1452	1	5
196	1453	1	5
223	1453	1	5
250	1453	1	5
348	1453	1	5
426	1453	1	5
453	1454	1	5
289	1456	1	5
352	1456	1	5
415	1456	1	5
184	1458	1	5
259	1458	1	5
256	1460	1	5
462	1460	1	5
415	1475	1	5
96	1477	1	5
299	1477	1	5
357	1477	1	5
482	1477	1	5
302	1481	1	5
306	1481	2	5
513	1481	1	5
81	1483	1	5
203	1489	1	5
223	1489	1	5
170	1490	1	5
188	1490	1	5
189	1490	1	5
349	1490	1	5
395	1490	1	5
277	1491	1	5
306	1491	2	5
448	1491	1	5
221	1494	1	5
223	1494	1	5
268	1494	1	5
333	1494	1	5
347	1494	1	5
450	1494	1	5
116	1505	1	5
172	1505	1	5
200	1505	2	5
223	1505	1	5
277	1505	1	5
173	1518	1	5
490	1518	1	5
14	1526	1	5
442	1526	1	5
169	1528	1	5
299	1528	1	5
91	1575	1	5
100	1575	1	5
416	1575	1	5
277	1582	1	5
338	1588	1	5
398	1588	1	5
473	1588	1	5
46	1602	1	5
176	1602	1	5
227	1602	1	5
230	1602	1	5
241	1602	1	5
277	1602	2	5
363	1602	1	5
506	1613	1	5
108	1621	1	5
330	1621	1	5
471	1621	1	5
240	1622	1	5
482	1622	1	5
130	1648	1	5
102	1651	1	5
274	1651	1	5
442	1651	1	5
6	1652	1	5
147	1652	1	5
355	1652	1	5
442	1652	1	5
3	1660	1	5
30	1660	1	5
64	1660	1	5
71	1660	1	5
87	1660	1	5
340	1660	1	5
108	1661	1	5
118	1661	1	5
223	1661	1	5
280	1665	1	5
292	1666	1	5
420	1674	1	5
49	1689	1	5
523	1689	1	5
260	1696	1	5
298	1696	1	5
450	1696	1	5
168	1698	1	5
401	1698	1	5
200	1701	1	5
223	1701	1	5
30	1702	1	5
70	1702	1	5
260	1702	1	5
262	1702	1	5
317	1702	1	5
425	1702	1	5
450	1702	1	5
504	1702	1	5
184	1709	1	5
485	1709	1	5
60	1725	1	5
223	1725	1	5
469	1727	1	5
99	1729	1	5
73	1732	1	5
330	1732	1	5
365	1732	1	5
272	1743	1	5
306	1743	1	5
175	1746	1	5
453	1746	1	5
482	1746	1	5
37	1751	1	5
198	1751	1	5
223	1751	1	5
277	1751	1	5
279	1751	1	5
518	1751	1	5
221	1782	1	5
239	1782	1	5
268	1782	1	5
356	1782	1	5
488	1782	1	5
496	1782	1	5
185	1789	1	5
382	1789	1	5
168	1794	1	5
401	1794	1	5
483	1794	1	5
249	1795	1	5
380	1809	1	5
159	1810	1	5
174	1810	1	5
223	1810	1	5
445	1810	1	5
66	1811	1	5
338	1811	1	5
366	1811	1	5
426	1811	1	5
429	1811	2	5
450	1811	1	5
93	1816	1	5
174	1839	1	5
81	1846	1	5
89	1846	1	5
323	1846	1	5
214	1849	1	5
223	1849	1	5
268	1849	1	5
331	1849	1	5
450	1849	1	5
460	1849	1	5
83	1865	1	5
429	1865	1	5
462	1865	1	5
171	1867	1	5
208	1867	1	5
301	1867	1	5
410	1872	1	5
482	1872	1	5
436	1878	1	5
223	1880	1	5
48	1882	1	5
403	1883	1	5
223	1885	1	5
361	1885	2	5
51	1893	1	5
223	1893	1	5
126	1902	1	5
213	1902	1	5
411	1902	1	5
426	1902	1	5
442	1902	1	5
14	1905	1	5
117	1908	1	5
203	1908	1	5
334	1908	1	5
474	1908	1	5
500	1908	1	5
162	1916	1	5
190	1916	1	5
411	1916	1	5
32	1917	1	5
175	1919	1	5
348	1919	1	5
480	1919	1	5
356	1924	1	5
371	1924	1	5
3	1942	1	5
119	1942	1	5
145	1942	1	5
258	1942	1	5
403	1942	1	5
450	1942	1	5
200	1947	1	5
223	1947	1	5
322	1947	1	5
69	1959	1	5
68	1960	1	5
333	1960	1	5
500	1960	1	5
155	1964	1	5
209	1964	1	5
200	1968	1	5
223	1968	1	5
271	1968	1	5
65	1975	1	5
319	1975	1	5
82	1982	1	5
201	1982	5	5
222	1982	1	5
277	1982	1	5
392	1982	1	5
450	1982	1	5
319	1985	1	5
442	1985	1	5
448	1985	1	5
488	1985	1	5
450	1987	1	5
146	1989	1	5
472	1989	1	5
309	1992	1	5
352	1992	1	5
74	1996	1	5
312	1996	1	5
313	1996	1	5
348	1996	1	5
426	1996	1	5
460	1998	1	5
11	1999	1	5
348	1999	1	5
461	1999	1	5
445	2033	1	5
478	2033	1	5
522	2033	1	5
62	2043	1	5
223	2043	1	5
321	2043	1	5
424	2043	1	5
524	2043	1	5
146	2046	1	5
223	2046	1	5
365	2046	1	5
403	2046	1	5
450	2046	1	5
131	2060	1	5
198	2060	1	5
218	2060	1	5
382	2060	1	5
64	2061	2	5
223	2061	1	5
199	2067	2	5
348	2067	1	5
471	2077	1	5
74	2080	1	5
272	2080	1	5
312	2080	1	5
313	2080	1	5
348	2080	1	5
382	2080	1	5
426	2080	1	5
426	2086	1	5
457	2099	1	5
47	2100	1	5
145	2100	1	5
235	2100	1	5
403	2100	1	5
442	2100	1	5
112	2135	1	5
223	2135	1	5
396	2135	1	5
127	2137	1	5
180	2137	1	5
201	2137	1	5
233	2137	1	5
461	2137	1	5
365	2140	1	5
432	2140	1	5
25	2143	1	5
84	2143	1	5
142	2143	1	5
493	2143	1	5
11	2145	1	5
223	2145	1	5
25	2157	1	5
142	2157	1	5
272	2157	1	5
400	2157	1	5
493	2157	1	5
151	2177	1	5
450	2177	1	5
116	2182	1	5
175	2186	1	5
272	2186	1	5
348	2186	1	5
480	2186	1	5
223	2194	1	5
248	2194	1	5
321	2194	1	5
346	2194	1	5
524	2194	1	5
223	2195	1	5
248	2195	1	5
321	2195	1	5
346	2195	1	5
524	2195	1	5
199	2198	1	5
260	2198	1	5
11	2206	1	5
11	2215	1	5
188	2215	1	5
223	2223	1	5
11	2230	1	5
33	2230	1	5
190	2230	1	5
219	2230	1	5
365	2233	2	5
492	2252	1	5
86	2278	1	5
213	2278	1	5
146	2288	1	5
223	2288	1	5
472	2288	1	5
31	2289	1	5
223	2289	1	5
347	2289	1	5
461	2289	1	5
478	2289	1	5
210	2297	1	5
223	2297	1	5
326	2297	1	5
347	2297	1	5
10	2299	1	5
223	2299	1	5
266	2299	1	5
450	2299	1	5
171	2302	1	5
221	2302	1	5
223	2315	1	5
518	2315	1	5
31	2319	1	5
159	2319	2	5
223	2319	1	5
299	2319	1	5
179	2321	2	5
188	2321	2	5
248	2321	1	5
359	2321	1	5
463	2321	4	5
24	2324	1	5
85	2324	1	5
180	2324	1	5
300	2324	1	5
517	2325	1	5
277	2327	1	5
436	2327	1	5
450	2327	1	5
24	2334	1	5
200	2334	1	5
223	2334	1	5
267	2334	1	5
285	2334	1	5
320	2334	1	5
351	2334	1	5
76	2338	1	5
81	2338	1	5
485	2338	1	5
133	2352	1	5
223	2352	1	5
227	2352	1	5
300	2352	1	5
449	2352	1	5
458	2352	1	5
267	2359	1	5
334	2359	1	5
43	2360	1	5
518	2360	1	5
302	2362	1	5
421	2362	1	5
46	2367	1	5
210	2367	1	5
242	2367	1	5
482	2367	1	5
223	2371	1	5
322	2371	1	5
363	2371	1	5
459	2371	1	5
230	2377	1	5
513	2377	1	5
319	2381	1	5
450	2381	1	5
463	2381	2	5
299	2383	1	5
82	2391	1	5
84	2391	3	5
175	2391	1	5
348	2391	1	5
223	2392	1	5
392	2395	1	5
457	2395	1	5
137	2397	1	5
268	2397	1	5
275	2397	1	5
511	2397	1	5
68	2398	1	5
396	2398	1	5
448	2398	1	5
338	2404	1	5
344	2404	1	5
450	2404	1	5
115	2408	1	5
300	2408	1	5
406	2408	1	5
38	2412	2	5
439	2412	1	5
81	2413	1	5
452	2413	1	5
236	2415	1	5
179	2418	1	5
205	2418	1	5
464	2418	1	5
49	2419	1	5
277	2419	1	5
392	2419	1	5
236	2425	1	5
34	2429	1	5
236	2429	1	5
236	2431	1	5
487	2434	1	5
488	2436	1	5
500	2436	1	5
478	2437	1	5
146	2447	1	5
202	2447	1	5
496	2447	1	5
170	2451	1	5
182	2451	1	5
256	2451	1	5
317	2451	1	5
450	2451	1	5
488	2451	1	5
500	2451	1	5
198	2460	1	5
223	2460	1	5
438	2460	1	5
277	2465	1	5
157	2466	1	5
223	2466	1	5
321	2466	1	5
322	2466	1	5
342	2466	1	5
524	2466	1	5
313	2468	1	5
314	2468	1	5
100	2470	1	5
372	2470	1	5
73	2471	1	5
236	2472	1	5
223	2474	1	5
321	2474	1	5
346	2474	1	5
524	2474	1	5
223	2475	1	5
321	2475	1	5
346	2475	1	5
524	2475	1	5
456	2479	1	5
389	2486	1	5
442	2486	1	5
182	2489	1	5
262	2489	1	5
488	2489	1	5
25	2496	1	5
420	2496	1	5
296	2499	1	5
491	2499	1	5
81	2502	1	5
500	2502	1	5
115	2503	1	5
133	2503	1	5
450	2503	1	5
188	2504	1	5
223	2504	1	5
485	2504	1	5
314	2506	1	5
25	2512	1	5
482	2512	1	5
259	2517	1	5
277	2517	1	5
453	2517	1	5
48	2518	1	5
482	2518	1	5
485	2518	1	5
478	2519	1	5
482	2519	1	5
517	2519	1	5
223	2525	1	5
169	2535	1	5
494	2535	1	5
196	2547	1	5
500	2547	1	5
25	2552	1	5
300	2555	1	5
223	2557	1	5
272	2557	1	5
511	2557	1	5
1	2559	1	5
272	2559	1	5
78	2570	2	5
447	2570	1	5
139	2571	1	5
216	2571	1	5
456	2571	1	5
464	2571	1	5
493	2571	1	5
24	2580	1	5
72	2582	1	5
99	2587	1	5
1	2592	1	5
146	2592	1	5
82	2621	1	5
323	2621	1	5
54	2623	1	5
101	2623	1	5
216	2623	2	5
267	2623	1	5
201	2628	1	5
216	2628	1	5
518	2628	1	5
94	2630	1	5
267	2630	1	5
321	2630	1	5
439	2630	1	5
96	2631	1	5
146	2631	1	5
223	2631	1	5
450	2631	1	5
497	2631	1	5
184	2634	1	5
208	2634	1	5
156	2636	1	5
200	2636	1	5
223	2636	1	5
322	2636	1	5
64	2638	1	5
223	201	1	8
321	201	1	8
524	201	1	8
144	487	1	8
223	487	1	8
248	487	1	8
345	487	1	8
407	487	1	8
482	487	1	8
487	487	1	8
53	612	1	8
334	1390	1	8
112	1395	1	8
199	1423	1	8
272	1423	1	8
340	1423	1	8
396	1423	1	8
433	1423	1	8
450	1423	1	8
520	1439	1	8
366	1461	1	8
180	1465	1	8
272	1465	1	8
393	1465	1	8
520	1465	1	8
38	1484	1	8
223	1484	1	8
248	1484	1	8
378	1484	1	8
85	1515	1	8
213	1515	1	8
277	1520	1	8
488	1520	1	8
