207	37	1	0
458	37	1	0
525	37	1	0
574	37	1	0
18	39	1	0
205	39	1	0
245	39	1	0
351	39	1	0
28	45	1	0
205	45	1	0
228	45	1	0
245	45	1	0
266	45	1	0
351	45	1	0
56	65	1	0
199	65	1	0
189	88	1	0
244	88	1	0
245	88	1	0
340	88	1	0
356	88	1	0
423	88	1	0
513	88	1	0
518	88	2	0
221	97	1	0
245	103	1	0
545	103	1	0
467	122	1	0
228	129	1	0
245	129	1	0
266	129	1	0
351	129	1	0
307	132	1	0
589	132	1	0
269	140	1	0
329	140	1	0
454	140	1	0
483	140	1	0
384	146	1	0
513	146	1	0
1	162	1	0
44	162	1	0
145	162	1	0
337	162	1	0
81	203	1	0
125	203	1	0
525	203	1	0
576	203	1	0
245	206	1	0
76	208	1	0
136	208	1	0
276	208	1	0
291	208	1	0
199	215	1	0
30	216	1	0
381	216	1	0
389	216	1	0
488	216	1	0
494	216	1	0
542	216	1	0
187	240	1	0
369	240	1	0
307	288	1	0
529	288	1	0
76	363	1	0
191	363	1	0
341	363	1	0
270	373	1	0
564	373	1	0
172	393	1	0
188	393	1	0
245	393	1	0
259	393	1	0
375	393	1	0
190	406	1	0
245	406	1	0
277	406	1	0
68	408	1	0
111	408	1	0
232	408	1	0
299	408	1	0
383	408	1	0
418	408	1	0
513	408	1	0
562	408	1	0
118	413	2	0
256	413	2	0
93	414	1	0
508	414	1	0
513	414	1	0
57	419	1	0
66	419	1	0
185	419	1	0
45	420	1	0
263	420	1	0
499	420	1	0
307	424	1	0
57	431	1	0
194	431	1	0
210	431	1	0
302	431	1	0
76	433	1	0
101	433	1	0
229	433	1	0
472	433	1	0
55	455	1	0
56	478	2	0
541	478	1	0
200	487	1	0
549	487	1	0
133	497	1	0
240	497	2	0
245	497	1	0
562	497	1	0
167	544	1	0
135	549	1	0
168	549	1	0
469	549	1	0
520	552	1	0
76	581	1	0
179	581	1	0
341	581	1	0
553	581	1	0
53	584	1	0
182	613	1	0
76	622	1	0
221	622	1	0
300	622	1	0
376	622	1	0
588	622	1	0
485	648	1	0
70	649	1	0
383	649	1	0
395	649	1	0
245	650	1	0
513	650	1	0
536	650	1	0
241	668	1	0
430	668	1	0
520	682	1	0
520	683	1	0
73	684	1	0
592	684	1	0
465	688	1	0
293	694	1	0
452	694	1	0
549	694	2	0
558	694	1	0
156	700	1	0
245	700	1	0
283	700	1	0
245	702	1	0
342	702	1	0
245	704	1	0
342	704	1	0
245	709	1	0
22	716	1	0
245	728	1	0
307	728	1	0
513	728	1	0
2	730	1	0
13	731	1	0
196	731	1	0
242	731	1	0
569	731	1	0
96	749	1	0
133	749	1	0
569	749	1	0
242	751	1	0
514	751	1	0
245	757	1	0
341	757	1	0
406	757	1	0
36	758	1	0
252	758	1	0
347	758	1	0
385	758	1	0
210	764	1	0
319	764	1	0
400	774	1	0
2	779	1	0
49	779	1	0
188	779	1	0
222	779	1	0
323	779	1	0
372	779	1	0
449	779	1	0
18	782	1	0
300	782	1	0
381	782	1	0
520	782	1	0
307	793	1	0
3	795	1	0
17	795	1	0
101	795	1	0
288	796	1	0
3	797	1	0
307	797	1	0
590	797	1	0
513	803	1	0
558	803	1	0
3	808	1	0
45	808	1	0
3	811	1	0
17	811	1	0
135	811	1	0
299	811	1	0
349	811	1	0
389	811	1	0
3	827	1	0
17	827	1	0
303	827	1	0
542	827	1	0
200	834	1	0
245	834	1	0
454	857	1	0
467	857	1	0
522	857	1	0
549	857	1	0
152	872	1	0
322	872	1	0
412	882	1	0
221	945	1	0
337	945	1	0
101	947	1	0
182	947	1	0
242	947	1	0
307	947	1	0
452	947	1	0
245	989	1	0
550	989	1	0
93	992	1	0
123	992	1	0
307	992	1	0
317	992	1	0
415	992	1	0
525	992	1	0
228	993	1	0
245	993	1	0
266	993	1	0
351	993	1	0
28	1001	1	0
205	1001	1	0
228	1001	1	0
245	1001	1	0
266	1001	1	0
351	1001	1	0
37	1023	1	0
243	1029	2	0
504	1029	1	0
170	1034	1	0
256	1034	1	0
458	1034	1	0
504	1034	1	0
158	1038	1	0
199	1038	1	0
504	1038	1	0
542	1064	1	0
22	1074	1	0
227	1074	1	0
245	1074	1	0
554	1074	1	0
149	1103	1	0
58	1167	1	0
245	1167	1	0
517	1167	1	0
562	1167	1	0
118	1180	1	0
245	1180	1	0
459	1180	1	0
191	1187	1	0
327	1187	1	0
513	1187	1	0
590	1194	1	0
245	1203	1	0
381	1203	1	0
387	1203	1	0
397	1203	1	0
546	1203	1	0
547	1203	1	0
334	1212	1	0
25	1218	1	0
245	1218	1	0
334	1218	1	0
394	1218	1	0
513	1218	1	0
547	1218	1	0
549	1218	1	0
173	1230	1	0
210	1230	1	0
299	1230	1	0
303	1230	1	0
323	1230	1	0
465	1230	1	0
564	1230	1	0
187	1245	1	0
238	1267	1	0
245	1267	1	0
553	1267	1	0
37	1276	1	0
130	1276	1	0
141	1292	1	0
245	1292	1	0
376	1292	1	0
309	1312	1	0
21	1327	1	0
169	1327	1	0
263	1327	1	0
307	1327	1	0
313	1327	1	0
351	1327	1	0
484	1327	1	0
549	1327	2	0
234	1352	1	0
245	1352	1	0
513	1352	1	0
245	1360	1	0
476	1360	1	0
482	1360	1	0
548	1360	1	0
68	1386	1	0
245	1386	1	0
351	1386	1	0
549	1386	1	0
592	1386	1	0
97	1400	1	0
245	1400	1	0
513	1400	1	0
56	1460	1	0
245	1460	1	0
353	1460	1	0
546	1460	1	0
58	1461	1	0
264	1461	1	0
299	1461	1	0
364	1461	1	0
18	1488	1	0
175	1488	1	0
245	1488	1	0
351	1488	1	0
245	1503	1	0
376	1503	1	0
546	1503	1	0
8	1530	1	0
245	1530	1	0
307	1530	1	0
345	1530	1	0
490	1530	1	0
513	1530	1	0
439	1549	1	0
66	1612	1	0
242	1612	1	0
429	1612	1	0
549	1612	1	0
113	1625	1	0
245	1625	1	0
547	1625	1	0
70	1635	1	0
325	1641	1	0
589	1641	1	0
19	1692	1	0
245	1692	1	0
347	1692	1	0
476	1692	1	0
525	1692	1	0
241	1695	1	0
245	1695	1	0
266	1695	1	0
513	1695	1	0
196	1701	1	0
276	1701	1	0
122	1702	1	0
180	1706	1	0
300	1706	1	0
568	1706	1	0
78	1711	1	0
245	1711	1	0
263	1711	1	0
351	1711	1	0
183	1712	1	0
352	1712	1	0
546	1712	1	0
42	1737	1	0
62	1756	1	0
197	1762	1	0
120	1767	1	0
180	1767	1	0
34	1773	1	0
308	1790	1	0
269	1811	1	0
274	1811	1	0
275	1811	1	0
304	1811	1	0
536	1811	2	0
196	1815	1	0
255	1815	1	0
377	1815	1	0
437	1815	1	0
222	1816	1	0
189	1819	1	0
244	1819	1	0
245	1819	1	0
355	1819	1	0
356	1819	1	0
518	1819	4	0
238	1823	1	0
245	1823	1	0
558	1823	1	0
225	1847	1	0
546	1847	1	0
173	1853	1	0
435	1853	1	0
465	1853	1	0
558	1853	1	0
44	1854	1	0
187	1854	1	0
212	1854	1	0
365	1854	1	0
245	1865	1	0
545	1865	1	0
245	1880	1	0
303	1894	1	0
80	1896	1	0
106	1896	1	0
124	1896	1	0
214	1896	1	0
228	1906	1	0
245	1906	1	0
266	1906	1	0
307	1906	1	0
351	1906	1	0
352	1906	1	0
245	1907	1	0
338	1907	1	0
351	1907	1	0
400	1907	1	0
494	1907	1	0
526	1907	1	0
300	1917	1	0
395	1917	1	0
238	1921	1	0
458	1921	1	0
81	1933	1	0
142	1933	1	0
564	1933	1	0
340	1935	1	0
245	1942	1	0
376	1942	1	0
2	1951	1	0
101	1951	1	0
513	1951	1	0
536	1951	1	0
104	1967	1	0
307	1967	1	0
401	1967	1	0
122	1969	1	0
292	1969	1	0
335	1969	1	0
549	1969	1	0
469	1983	1	0
59	1984	1	0
483	1984	1	0
553	1984	1	0
245	1995	1	0
558	1995	1	0
141	2007	1	0
235	2007	1	0
399	2007	2	0
431	2007	1	0
513	2007	1	0
534	2007	1	0
546	2007	1	0
549	2007	2	0
303	2012	1	0
401	2012	1	0
437	2012	1	0
72	2016	1	0
91	2016	1	0
245	2016	1	0
400	2016	1	0
122	2023	1	0
167	2023	1	0
228	2023	1	0
245	2023	1	0
266	2023	1	0
125	2042	2	0
162	2042	1	0
234	2042	2	0
277	2042	1	0
284	2042	1	0
356	2042	1	0
359	2042	1	0
535	2042	1	0
573	2042	1	0
175	2058	1	0
245	2058	1	0
415	2058	1	0
449	2094	1	0
513	2094	1	0
18	2124	2	0
351	2124	1	0
520	2124	1	0
103	2128	1	0
368	2128	1	0
416	2128	1	0
10	2139	1	0
245	2139	1	0
462	2139	1	0
10	2141	1	0
245	2141	1	0
462	2141	1	0
18	2144	1	0
227	2144	2	0
245	2144	1	0
347	2144	1	0
400	2144	1	0
524	2144	1	0
369	2145	1	0
505	2145	1	0
536	2148	2	0
538	2148	1	0
304	2154	1	0
307	2158	1	0
191	2217	1	0
309	2217	1	0
522	2217	1	0
245	2236	1	0
387	2236	1	0
547	2236	1	0
549	2236	1	0
245	2242	1	0
303	2268	1	0
122	2306	1	0
448	2306	1	0
491	2306	2	0
245	2315	1	0
242	2318	1	0
303	2318	1	0
433	2318	1	0
564	2318	1	0
291	2322	1	0
465	2322	1	0
562	2322	1	0
576	2325	1	0
185	2330	1	0
360	2330	1	0
500	2330	1	0
579	2330	1	0
245	2335	1	0
513	2335	1	0
546	2335	1	0
1	2340	1	0
419	2340	1	0
435	2340	1	0
189	2352	1	0
365	2352	1	0
103	2355	1	0
217	2355	1	0
223	2355	1	0
316	2355	1	0
167	2356	1	0
100	2360	1	0
221	2360	1	0
303	2360	1	0
420	2360	1	0
491	2360	1	0
223	2368	1	0
522	2368	1	0
564	2368	1	0
216	2381	1	0
216	2387	1	0
60	2404	1	0
210	2404	1	0
245	2404	1	0
525	2404	1	0
238	2417	1	0
316	2417	1	0
352	2417	1	0
522	2417	1	0
546	2417	2	0
98	2445	1	0
245	2445	1	0
225	2448	1	0
245	2469	1	0
342	2469	1	0
245	2494	1	0
50	2499	1	0
91	2499	1	0
96	2499	1	0
245	2499	1	0
400	2499	1	0
478	2499	1	0
525	2499	1	0
233	2508	1	0
352	2508	1	0
383	2508	1	0
385	2508	1	0
525	2508	1	0
245	2515	1	0
271	2515	1	0
546	2515	1	0
18	2526	1	0
84	2526	1	0
245	2526	1	0
351	2526	1	0
376	2526	1	0
473	2526	1	0
592	2526	1	0
419	2559	1	0
536	2559	1	0
303	2572	1	0
303	2574	1	0
587	2574	1	0
17	2578	1	0
111	2578	1	0
118	2578	1	0
175	2578	1	0
300	2578	1	0
303	2578	1	0
587	2578	1	0
13	2580	1	0
367	2580	1	0
300	2581	1	0
580	2581	1	0
106	2583	1	0
196	2583	1	0
307	2583	1	0
160	2584	1	0
419	2584	1	0
435	2584	1	0
475	2584	1	0
303	2586	1	0
480	2586	1	0
524	2586	1	0
540	2586	1	0
35	2589	1	0
67	2589	1	0
182	2589	1	0
245	2589	1	0
456	2589	1	0
592	2589	1	0
217	2594	1	0
419	2594	1	0
505	2594	1	0
513	2594	1	0
567	2594	1	0
187	2595	1	0
329	2595	1	0
516	2595	1	0
523	2595	2	0
89	2602	1	0
207	2602	1	0
419	2602	1	0
25	2614	1	0
351	2614	1	0
552	2614	1	0
245	2617	1	0
546	2617	1	0
303	2633	1	0
329	2633	1	0
421	2633	1	0
470	2633	1	0
17	2634	1	0
466	2634	1	0
591	2634	1	0
309	2637	1	0
421	2638	1	0
303	2642	1	0
167	2654	1	0
238	2654	1	0
2	2671	1	0
294	2671	1	0
513	2671	1	0
550	2671	1	0
18	2672	1	0
245	2672	1	0
341	2672	1	0
351	2672	1	0
29	259	1	1
146	259	1	1
210	259	1	1
564	259	2	1
29	263	1	1
60	263	1	1
373	263	1	1
29	279	1	1
166	279	1	1
29	294	1	1
136	294	1	1
293	294	1	1
373	294	1	1
439	294	1	1
1	302	1	1
303	302	1	1
531	302	1	1
136	309	1	1
243	309	1	1
245	525	1	1
372	525	1	1
549	743	1	1
189	1188	1	1
245	1188	1	1
515	1188	1	1
564	1188	1	1
334	1213	1	1
369	1213	1	1
171	2271	1	1
245	2271	1	1
318	2271	1	1
402	2271	1	1
191	2530	1	1
5	1	1	2
588	1	1	2
178	89	2	2
245	89	1	2
312	89	1	2
351	89	2	2
487	89	1	2
27	114	1	2
331	114	1	2
558	114	1	2
536	176	1	2
550	176	1	2
169	276	1	2
178	276	1	2
245	276	1	2
270	276	2	2
351	276	1	2
578	284	1	2
178	326	1	2
245	326	1	2
351	326	1	2
403	337	1	2
558	337	1	2
584	337	1	2
178	346	1	2
245	346	1	2
270	346	2	2
351	346	1	2
364	346	1	2
42	415	1	2
307	415	1	2
327	469	2	2
86	471	1	2
187	471	1	2
86	561	1	2
187	561	1	2
26	573	1	2
245	573	1	2
26	588	1	2
120	588	1	2
245	588	1	2
347	588	1	2
481	588	1	2
288	621	1	2
400	621	1	2
178	763	1	2
245	763	1	2
351	763	1	2
245	768	1	2
272	768	1	2
507	768	1	2
200	771	1	2
165	831	1	2
180	831	1	2
207	831	1	2
311	831	1	2
358	831	1	2
242	1028	1	2
245	1028	1	2
417	1028	1	2
418	1028	1	2
592	1028	1	2
46	1060	1	2
243	1060	1	2
245	1060	1	2
352	1060	1	2
245	1145	1	2
351	1145	1	2
334	1165	1	2
42	1166	1	2
149	1166	1	2
161	1166	1	2
197	1166	1	2
480	1166	1	2
536	1166	1	2
541	1166	1	2
222	1211	1	2
303	1255	1	2
479	1255	1	2
508	1255	1	2
178	1264	1	2
245	1264	1	2
351	1264	1	2
71	1265	1	2
98	1265	1	2
245	1265	1	2
381	1265	1	2
469	1265	1	2
513	1265	1	2
178	1266	1	2
245	1266	1	2
312	1266	1	2
338	1266	1	2
351	1266	1	2
476	1266	1	2
494	1266	1	2
563	1291	1	2
70	1296	1	2
360	1296	1	2
579	1296	1	2
228	1348	1	2
245	1348	1	2
266	1348	1	2
307	1348	1	2
351	1348	1	2
416	1348	1	2
241	1393	1	2
50	1401	1	2
190	1401	1	2
245	1401	1	2
467	1401	1	2
543	1401	1	2
245	1430	1	2
323	1430	1	2
338	1430	1	2
386	1430	1	2
494	1430	1	2
245	1441	1	2
376	1441	1	2
54	1465	1	2
155	1485	1	2
183	1485	1	2
221	1485	1	2
238	1485	1	2
134	1576	1	2
176	1576	1	2
189	1576	1	2
522	1576	1	2
283	1633	1	2
553	1633	1	2
64	1637	1	2
433	1637	1	2
9	1687	1	2
38	1687	1	2
109	1687	1	2
250	1687	1	2
399	1687	1	2
9	1691	1	2
38	1691	1	2
109	1691	1	2
83	1704	1	2
103	1704	1	2
250	1704	1	2
463	1704	1	2
9	1709	1	2
116	1709	1	2
9	1716	2	2
83	1716	1	2
249	1716	1	2
250	1716	2	2
13	1719	1	2
178	1719	1	2
238	1719	1	2
245	1719	1	2
351	1719	1	2
427	1719	1	2
78	1721	1	2
169	1721	1	2
178	1721	1	2
245	1721	1	2
323	1721	1	2
351	1721	1	2
84	1723	1	2
245	1723	1	2
436	1723	1	2
57	1724	1	2
250	1724	1	2
330	1724	1	2
396	1724	1	2
83	1731	1	2
122	1731	1	2
249	1731	1	2
250	1731	1	2
401	1731	1	2
416	1731	1	2
459	1731	1	2
245	1733	1	2
259	1733	1	2
375	1733	1	2
389	1733	1	2
538	1733	1	2
1	1740	1	2
249	1740	1	2
480	1740	1	2
9	1749	1	2
103	1749	1	2
109	1749	1	2
249	1749	1	2
250	1749	1	2
484	1749	1	2
141	1753	1	2
233	1753	1	2
250	1753	1	2
505	1753	1	2
546	1753	1	2
9	1766	1	2
51	1766	1	2
250	1766	1	2
485	1766	1	2
173	1774	1	2
250	1774	1	2
502	1774	1	2
547	1774	2	2
111	1776	1	2
173	1776	1	2
250	1776	1	2
303	1776	1	2
369	1776	1	2
250	1782	1	2
270	1782	1	2
342	1782	1	2
392	1782	1	2
250	1784	1	2
287	1784	1	2
408	1784	1	2
559	1784	1	2
538	1791	1	2
11	1794	1	2
250	1794	1	2
396	1794	1	2
559	1794	1	2
210	1795	1	2
334	1801	1	2
11	1805	1	2
109	1805	1	2
250	1805	1	2
287	1805	1	2
396	1805	1	2
559	1805	1	2
245	1808	1	2
250	1810	1	2
287	1810	1	2
502	1810	1	2
559	1810	1	2
26	1817	1	2
178	1817	1	2
245	1817	1	2
351	1817	1	2
250	1824	1	2
56	1842	1	2
83	1842	1	2
287	1842	1	2
307	1842	1	2
399	1842	1	2
502	1842	1	2
559	1842	1	2
41	1849	1	2
183	1849	2	2
196	1849	1	2
269	1849	1	2
529	1849	1	2
56	1851	1	2
83	1851	1	2
250	1851	1	2
287	1851	1	2
307	1851	1	2
502	1851	1	2
559	1851	1	2
178	1858	1	2
245	1858	1	2
351	1858	1	2
178	1864	1	2
245	1864	1	2
312	1864	1	2
338	1864	1	2
351	1864	1	2
476	1864	1	2
494	1864	1	2
250	1868	1	2
78	1872	1	2
125	1872	1	2
245	1872	1	2
270	1872	2	2
345	1872	1	2
351	1872	1	2
356	1872	1	2
592	1872	1	2
249	1889	1	2
250	1889	1	2
178	1895	1	2
245	1895	1	2
323	1895	1	2
338	1895	1	2
351	1895	1	2
386	1895	1	2
494	1895	1	2
78	1897	1	2
169	1897	1	2
178	1897	1	2
245	1897	1	2
323	1897	1	2
351	1897	1	2
54	1915	1	2
127	1915	1	2
245	1915	1	2
340	1915	2	2
522	1944	1	2
270	2004	1	2
508	2040	1	2
210	2087	1	2
584	2087	1	2
190	2109	1	2
196	2109	1	2
1	2137	1	2
78	2137	1	2
245	2137	1	2
351	2137	1	2
400	2137	1	2
245	2142	1	2
352	2142	1	2
385	2142	1	2
481	2142	1	2
245	2143	1	2
23	2162	1	2
242	2170	3	2
245	2197	1	2
312	2197	1	2
351	2197	1	2
400	2197	1	2
487	2197	1	2
549	2199	1	2
584	2199	1	2
245	2208	1	2
592	2208	1	2
241	2244	1	2
178	2266	1	2
245	2266	1	2
338	2266	1	2
476	2266	1	2
494	2266	1	2
522	2266	1	2
549	2266	1	2
37	2291	1	2
118	2291	1	2
218	2291	1	2
366	2291	1	2
513	2291	1	2
278	2309	1	2
241	2323	1	2
108	2324	1	2
385	2324	1	2
245	2348	1	2
465	2351	1	2
524	2351	1	2
206	2362	1	2
245	2362	1	2
308	2362	1	2
312	2362	1	2
381	2362	1	2
487	2362	1	2
14	2433	1	2
54	2433	1	2
127	2433	1	2
245	2433	1	2
340	2433	2	2
368	2433	1	2
14	2436	1	2
127	2436	1	2
161	2436	1	2
245	2436	1	2
340	2436	2	2
306	2516	1	2
542	2516	1	2
564	2516	1	2
369	2547	1	2
588	2626	1	2
303	2628	1	2
358	2628	1	2
524	2628	1	2
7	7	1	3
78	7	1	3
179	7	1	3
206	7	1	3
245	7	2	3
592	7	1	3
456	9	1	3
84	12	1	3
181	12	1	3
231	12	1	3
245	12	1	3
351	12	1	3
179	19	1	3
245	19	3	3
259	19	1	3
538	19	1	3
134	22	1	3
81	32	1	3
227	32	1	3
37	47	1	3
171	47	1	3
351	47	1	3
256	69	1	3
32	72	1	3
221	72	2	3
223	72	1	3
467	72	1	3
480	72	1	3
488	72	1	3
157	80	1	3
204	80	1	3
449	80	1	3
454	80	1	3
467	80	1	3
117	81	1	3
300	81	1	3
22	83	1	3
50	83	1	3
60	83	1	3
94	83	1	3
549	83	1	3
117	90	1	3
300	90	1	3
255	104	2	3
32	110	1	3
141	110	1	3
541	110	1	3
131	115	1	3
167	115	1	3
529	115	1	3
196	125	1	3
221	125	1	3
591	125	1	3
369	143	1	3
581	143	1	3
84	153	1	3
181	153	1	3
231	153	1	3
245	153	1	3
351	153	1	3
473	153	1	3
592	153	1	3
327	168	1	3
497	168	1	3
177	194	1	3
201	194	1	3
221	207	1	3
36	214	1	3
91	214	1	3
223	214	1	3
25	223	1	3
546	223	1	3
164	224	1	3
286	224	1	3
172	234	2	3
412	234	1	3
303	239	1	3
73	262	1	3
288	262	1	3
313	262	1	3
369	262	2	3
513	262	1	3
257	265	1	3
336	265	1	3
347	265	2	3
512	265	1	3
532	265	1	3
5	271	1	3
167	271	1	3
226	271	1	3
307	271	1	3
408	271	1	3
480	271	1	3
513	271	1	3
11	272	1	3
154	272	1	3
401	272	1	3
540	272	1	3
481	292	1	3
229	295	1	3
245	296	1	3
351	296	1	3
365	296	1	3
400	296	2	3
525	296	1	3
59	310	1	3
68	310	1	3
84	310	1	3
245	310	1	3
313	310	1	3
544	310	1	3
233	312	1	3
369	312	1	3
243	313	1	3
245	313	1	3
180	319	1	3
319	319	1	3
365	320	1	3
507	320	1	3
564	320	1	3
245	330	1	3
376	330	1	3
513	330	1	3
549	330	1	3
96	332	1	3
99	332	1	3
172	332	1	3
244	332	1	3
300	332	1	3
356	332	1	3
480	332	1	3
245	333	1	3
175	355	1	3
245	355	1	3
351	355	1	3
363	355	1	3
210	357	1	3
346	357	1	3
244	380	1	3
444	380	1	3
560	380	1	3
23	387	1	3
307	387	1	3
118	418	1	3
513	418	1	3
130	425	1	3
196	425	2	3
218	446	1	3
196	453	1	3
245	453	2	3
425	453	1	3
455	453	1	3
549	453	1	3
110	460	1	3
187	460	1	3
196	460	1	3
335	460	1	3
455	460	1	3
592	467	1	3
186	474	1	3
299	474	1	3
22	485	1	3
187	485	1	3
245	485	1	3
430	485	1	3
524	485	1	3
245	491	1	3
84	511	1	3
172	511	1	3
245	511	1	3
473	511	1	3
577	511	1	3
592	511	1	3
77	516	1	3
307	522	1	3
322	524	1	3
369	530	1	3
106	532	1	3
351	532	1	3
181	539	2	3
231	539	2	3
245	539	1	3
351	539	1	3
477	548	1	3
491	548	1	3
104	565	1	3
238	565	1	3
384	575	2	3
550	582	1	3
130	583	1	3
245	583	1	3
352	583	1	3
199	587	1	3
238	587	1	3
558	587	1	3
564	587	1	3
23	590	1	3
20	591	1	3
343	591	1	3
122	594	1	3
153	594	1	3
212	594	1	3
389	594	1	3
174	606	1	3
313	606	1	3
445	606	1	3
447	606	1	3
124	635	1	3
557	635	1	3
300	676	1	3
381	676	1	3
36	690	2	3
243	690	1	3
158	708	1	3
347	708	1	3
377	708	1	3
245	712	1	3
351	712	1	3
363	712	1	3
79	713	1	3
438	713	1	3
280	719	1	3
550	719	1	3
592	719	1	3
137	722	1	3
369	722	1	3
53	733	1	3
78	733	1	3
189	733	1	3
192	733	1	3
253	733	1	3
313	733	1	3
106	740	1	3
308	740	1	3
101	750	1	3
156	750	1	3
120	769	1	3
245	769	1	3
417	769	1	3
303	770	1	3
160	773	1	3
167	773	1	3
307	773	1	3
335	773	2	3
542	773	1	3
192	781	1	3
369	781	1	3
522	781	1	3
556	781	1	3
327	799	1	3
352	799	1	3
59	806	1	3
245	806	1	3
336	806	1	3
384	806	1	3
513	806	2	3
234	830	1	3
223	841	1	3
224	841	1	3
513	841	1	3
74	847	1	3
566	871	1	3
589	871	1	3
222	898	1	3
245	898	1	3
513	898	1	3
181	900	1	3
231	900	1	3
245	900	1	3
351	900	1	3
245	909	1	3
130	920	1	3
223	920	1	3
162	925	1	3
167	925	2	3
184	925	1	3
210	925	1	3
246	925	1	3
322	925	1	3
347	925	1	3
364	925	1	3
549	925	1	3
235	931	1	3
414	931	1	3
286	932	1	3
369	932	1	3
288	954	1	3
354	954	1	3
23	955	1	3
165	955	1	3
242	955	2	3
326	955	1	3
406	955	2	3
480	955	1	3
32	957	1	3
85	957	1	3
235	957	1	3
238	957	2	3
317	957	1	3
365	957	1	3
37	963	1	3
88	963	1	3
191	963	1	3
369	963	1	3
477	963	1	3
513	963	1	3
543	963	1	3
561	963	1	3
114	965	1	3
245	965	1	3
287	968	1	3
245	971	1	3
245	972	1	3
424	972	1	3
371	974	1	3
212	984	1	3
218	984	1	3
475	1008	1	3
480	1008	1	3
497	1008	1	3
513	1008	1	3
550	1008	1	3
570	1008	1	3
24	1012	1	3
349	1012	1	3
389	1012	1	3
491	1012	1	3
441	1019	1	3
527	1019	1	3
553	1019	1	3
245	1032	2	3
88	1035	2	3
223	1035	1	3
513	1035	1	3
561	1035	1	3
562	1035	1	3
578	1035	1	3
167	1050	1	3
513	1050	1	3
36	1055	1	3
221	1055	1	3
541	1055	1	3
245	1056	1	3
329	1056	1	3
513	1056	1	3
550	1056	1	3
172	1057	1	3
200	1057	1	3
458	1057	1	3
287	1059	1	3
299	1059	1	3
340	1059	1	3
389	1059	1	3
558	1059	1	3
278	1062	1	3
557	1062	1	3
4	1085	1	3
407	1085	1	3
513	1085	1	3
549	1085	1	3
43	1100	1	3
66	1100	1	3
325	1100	1	3
564	1100	2	3
20	1102	1	3
79	1102	1	3
243	1102	1	3
434	1102	1	3
307	1112	1	3
180	1128	1	3
219	1128	1	3
347	1128	1	3
400	1128	1	3
201	1139	1	3
299	1139	1	3
138	1140	1	3
343	1140	1	3
522	1140	1	3
549	1140	1	3
577	1140	1	3
577	1141	1	3
591	1141	1	3
63	1142	1	3
68	1142	1	3
181	1142	2	3
197	1142	1	3
231	1142	1	3
245	1142	1	3
418	1142	1	3
478	1142	1	3
43	1143	1	3
513	1143	1	3
558	1143	1	3
232	1161	1	3
352	1161	1	3
356	1161	1	3
387	1161	1	3
546	1161	1	3
197	1179	1	3
275	1179	1	3
513	1179	1	3
562	1179	1	3
63	1198	1	3
123	1198	1	3
63	1200	1	3
212	1200	2	3
307	1200	1	3
167	1206	1	3
369	1206	1	3
142	1207	1	3
218	1207	1	3
321	1231	1	3
476	1231	1	3
513	1231	1	3
546	1231	1	3
581	1231	1	3
119	1235	1	3
154	1235	1	3
287	1235	1	3
483	1235	2	3
513	1241	1	3
526	1241	1	3
8	1242	1	3
88	1242	1	3
526	1242	1	3
561	1242	1	3
2	1243	1	3
154	1243	1	3
207	1243	1	3
264	1243	1	3
332	1243	1	3
448	1243	1	3
471	1243	1	3
526	1243	1	3
554	1243	1	3
235	1249	1	3
245	1249	1	3
479	1249	1	3
219	1253	1	3
245	1253	1	3
265	1253	1	3
434	1253	1	3
52	1257	1	3
551	1257	1	3
340	1260	1	3
167	1263	1	3
172	1263	1	3
254	1263	1	3
454	1263	1	3
467	1263	1	3
127	1273	1	3
207	1273	1	3
295	1273	1	3
437	1273	1	3
480	1273	1	3
144	1285	1	3
172	1285	1	3
340	1285	1	3
347	1285	1	3
458	1285	1	3
334	1288	1	3
142	1290	1	3
245	1290	1	3
284	1290	1	3
290	1290	1	3
558	1290	1	3
62	1293	1	3
334	1293	1	3
480	1293	1	3
513	1293	1	3
579	1293	1	3
183	1303	1	3
221	1303	1	3
324	1303	1	3
386	1303	1	3
536	1303	1	3
58	1313	1	3
78	1313	1	3
522	1313	1	3
536	1313	1	3
334	1324	1	3
36	1335	1	3
66	1335	1	3
141	1335	1	3
304	1335	1	3
434	1335	1	3
36	1355	1	3
255	1355	1	3
450	1355	1	3
36	1361	1	3
75	1361	1	3
88	1361	1	3
242	1361	1	3
270	1361	1	3
221	1367	1	3
245	1367	1	3
303	1367	1	3
469	1367	1	3
576	1367	1	3
307	1390	1	3
245	1409	1	3
46	1415	1	3
85	1415	1	3
107	1415	1	3
236	1415	1	3
385	1415	1	3
410	1415	1	3
443	1415	1	3
453	1415	1	3
483	1415	1	3
496	1415	1	3
501	1415	1	3
522	1415	1	3
533	1415	1	3
46	1417	1	3
85	1417	1	3
236	1417	1	3
385	1417	1	3
410	1417	1	3
443	1417	1	3
453	1417	1	3
483	1417	1	3
496	1417	1	3
501	1417	1	3
522	1417	1	3
533	1417	1	3
46	1420	1	3
85	1420	1	3
107	1420	1	3
236	1420	1	3
385	1420	1	3
410	1420	1	3
443	1420	1	3
453	1420	1	3
483	1420	1	3
501	1420	1	3
522	1420	1	3
533	1420	1	3
46	1421	1	3
85	1421	1	3
107	1421	1	3
236	1421	1	3
385	1421	1	3
410	1421	1	3
443	1421	1	3
453	1421	1	3
483	1421	1	3
501	1421	1	3
522	1421	1	3
533	1421	1	3
46	1423	1	3
85	1423	1	3
107	1423	1	3
236	1423	1	3
385	1423	1	3
410	1423	1	3
443	1423	1	3
453	1423	1	3
483	1423	1	3
501	1423	1	3
522	1423	1	3
533	1423	1	3
46	1425	1	3
85	1425	1	3
107	1425	1	3
236	1425	1	3
385	1425	1	3
410	1425	1	3
443	1425	1	3
453	1425	1	3
483	1425	1	3
501	1425	1	3
522	1425	1	3
533	1425	1	3
46	1427	1	3
107	1427	1	3
236	1427	1	3
385	1427	1	3
443	1427	1	3
501	1427	2	3
522	1427	1	3
533	1427	2	3
46	1429	1	3
236	1429	1	3
385	1429	1	3
443	1429	1	3
501	1429	2	3
522	1429	1	3
533	1429	2	3
352	1431	1	3
522	1431	1	3
546	1431	1	3
245	1434	1	3
262	1434	1	3
396	1434	1	3
517	1434	1	3
527	1434	1	3
114	1437	1	3
245	1437	1	3
262	1437	1	3
396	1437	1	3
517	1437	1	3
527	1437	1	3
245	1439	1	3
262	1439	1	3
396	1439	1	3
517	1439	1	3
527	1439	1	3
245	1443	1	3
484	1443	1	3
173	1445	1	3
245	1445	2	3
318	1445	1	3
425	1445	1	3
442	1445	1	3
562	1445	1	3
245	1446	2	3
16	1447	1	3
245	1447	1	3
503	1447	1	3
508	1447	1	3
16	1448	1	3
245	1448	1	3
503	1448	1	3
508	1448	1	3
536	1466	1	3
274	1467	1	3
327	1467	1	3
536	1467	1	3
519	1469	1	3
149	1481	1	3
167	1481	1	3
245	1481	1	3
340	1481	1	3
405	1481	1	3
577	1481	1	3
88	1487	1	3
564	1487	1	3
167	1505	1	3
448	1505	1	3
552	1505	1	3
383	1511	1	3
210	1524	1	3
245	1524	1	3
38	1526	1	3
588	1526	1	3
194	1528	1	3
541	1528	1	3
87	1554	1	3
245	1554	1	3
334	1554	1	3
371	1554	1	3
480	1554	1	3
542	1554	1	3
117	1555	1	3
275	1555	1	3
513	1555	1	3
562	1555	1	3
589	1555	1	3
480	1558	1	3
262	1574	1	3
369	1574	1	3
540	1574	1	3
210	1591	1	3
245	1591	1	3
307	1591	2	3
45	1602	1	3
87	1602	1	3
434	1602	1	3
479	1602	1	3
522	1602	1	3
38	1605	1	3
87	1605	1	3
322	1605	1	3
245	1620	1	3
351	1620	1	3
375	1620	1	3
389	1620	1	3
400	1620	1	3
83	1648	1	3
108	1648	1	3
201	1648	1	3
303	1648	1	3
359	1648	1	3
48	1650	1	3
81	1650	1	3
414	1650	1	3
484	1650	2	3
549	1650	3	3
192	1651	1	3
245	1651	1	3
352	1651	1	3
434	1651	1	3
548	1651	1	3
451	1653	1	3
591	1653	1	3
271	1656	2	3
317	1656	1	3
142	1665	1	3
245	1665	1	3
413	1665	1	3
522	1665	1	3
546	1665	1	3
8	1666	1	3
40	1666	1	3
42	1666	1	3
104	1666	1	3
145	1666	1	3
369	1666	1	3
38	1667	1	3
40	1667	1	3
195	1667	1	3
218	1667	1	3
307	1667	1	3
329	1667	1	3
425	1667	1	3
466	1667	1	3
226	1671	1	3
332	1671	1	3
454	1671	2	3
467	1671	1	3
522	1671	1	3
542	1671	1	3
550	1671	1	3
325	1675	1	3
585	1675	1	3
538	1686	1	3
23	1703	1	3
157	1703	1	3
245	1703	1	3
571	1703	1	3
245	1714	1	3
351	1714	1	3
400	1714	1	3
40	1727	1	3
245	1727	1	3
334	1727	1	3
500	1727	1	3
40	1741	2	3
218	1741	1	3
22	1743	1	3
550	1743	1	3
191	1760	1	3
215	1760	1	3
245	1760	1	3
447	1760	1	3
508	1760	1	3
513	1760	1	3
567	1760	2	3
592	1760	1	3
40	1765	1	3
93	1768	1	3
184	1768	1	3
197	1768	1	3
219	1768	1	3
241	1768	1	3
586	1768	1	3
245	1775	1	3
447	1775	1	3
41	1778	1	3
129	1778	1	3
69	1789	1	3
327	1789	1	3
331	1796	1	3
382	1796	1	3
432	1796	1	3
381	1798	1	3
78	1799	1	3
166	1799	1	3
337	1799	1	3
558	1799	1	3
242	1803	1	3
537	1803	1	3
247	1807	1	3
425	1813	1	3
461	1813	1	3
580	1813	1	3
587	1813	1	3
111	1829	1	3
369	1829	1	3
521	1829	1	3
245	1833	1	3
434	1833	1	3
546	1833	1	3
222	1838	1	3
537	1838	1	3
32	1840	1	3
217	1840	1	3
255	1840	1	3
299	1852	1	3
366	1852	1	3
368	1852	1	3
213	1867	1	3
303	1867	1	3
404	1867	1	3
515	1867	1	3
576	1867	2	3
206	1869	1	3
308	1869	1	3
530	1869	1	3
537	1869	1	3
78	1871	1	3
321	1871	1	3
348	1871	1	3
485	1871	1	3
587	1871	1	3
245	1877	1	3
351	1877	1	3
537	1879	1	3
157	1882	1	3
2	1886	1	3
167	1886	1	3
187	1886	1	3
383	1886	1	3
537	1886	1	3
152	1887	1	3
167	1887	1	3
300	1887	1	3
434	1887	1	3
476	1887	1	3
525	1887	1	3
560	1887	1	3
48	1893	1	3
309	1893	1	3
525	1893	1	3
549	1893	1	3
495	1913	1	3
57	1918	1	3
348	1918	1	3
392	1918	1	3
433	1918	1	3
553	1918	1	3
307	1927	1	3
525	1927	1	3
550	1927	1	3
187	1932	1	3
241	1932	1	3
307	1932	1	3
465	1932	1	3
481	1932	1	3
11	1936	1	3
92	1936	1	3
144	1936	1	3
193	1936	1	3
481	1936	1	3
499	1936	1	3
536	1936	1	3
144	1938	1	3
309	1938	1	3
475	1938	1	3
245	1946	1	3
354	1946	1	3
183	1970	1	3
478	1970	1	3
68	1985	1	3
245	1985	1	3
304	1985	1	3
245	1997	1	3
303	1997	1	3
442	2005	1	3
181	2028	1	3
231	2028	1	3
245	2028	1	3
351	2028	1	3
566	2028	1	3
569	2028	1	3
245	2033	1	3
303	2033	1	3
523	2033	1	3
556	2033	1	3
245	2043	1	3
270	2043	1	3
332	2043	2	3
513	2043	1	3
412	2047	1	3
245	2070	1	3
317	2070	1	3
425	2070	1	3
181	2095	1	3
231	2095	1	3
245	2095	1	3
351	2095	1	3
375	2095	1	3
389	2095	1	3
79	2102	1	3
211	2102	1	3
522	2102	1	3
90	2104	1	3
245	2104	1	3
405	2118	1	3
587	2118	1	3
66	2152	1	3
264	2152	1	3
299	2152	1	3
522	2152	1	3
524	2152	1	3
40	2155	1	3
54	2155	1	3
133	2155	1	3
149	2155	1	3
218	2155	1	3
307	2155	1	3
549	2164	1	3
181	2177	1	3
231	2177	1	3
245	2177	1	3
351	2177	1	3
566	2177	1	3
569	2177	1	3
90	2185	1	3
196	2185	1	3
210	2185	1	3
212	2185	1	3
535	2185	1	3
181	2190	1	3
231	2190	1	3
245	2190	1	3
351	2190	1	3
566	2190	1	3
569	2190	1	3
62	2191	1	3
245	2191	1	3
539	2191	1	3
283	2206	1	3
111	2240	1	3
337	2240	1	3
19	2265	1	3
181	2265	2	3
206	2265	1	3
231	2265	2	3
245	2265	1	3
338	2265	1	3
351	2265	1	3
476	2265	1	3
494	2265	1	3
175	2280	1	3
211	2280	1	3
245	2280	1	3
291	2280	1	3
577	2280	1	3
57	2287	1	3
141	2287	1	3
186	2287	1	3
207	2287	1	3
217	2287	1	3
245	2287	1	3
246	2287	1	3
294	2287	1	3
78	2305	1	3
167	2305	1	3
480	2305	1	3
181	2314	1	3
229	2314	1	3
230	2314	1	3
231	2314	1	3
245	2314	1	3
434	2314	1	3
546	2314	1	3
303	2329	1	3
70	2336	1	3
196	2336	1	3
201	2336	1	3
245	2336	1	3
210	2343	1	3
549	2343	1	3
93	2345	1	3
60	2353	2	3
382	2363	1	3
469	2363	1	3
197	2367	1	3
293	2367	1	3
221	2370	1	3
513	2370	1	3
246	2391	1	3
449	2391	1	3
191	2393	1	3
192	2393	1	3
525	2393	1	3
585	2393	1	3
122	2397	1	3
391	2397	1	3
448	2397	1	3
449	2397	1	3
140	2416	1	3
157	2420	1	3
307	2420	1	3
536	2420	1	3
97	2431	1	3
143	2431	1	3
241	2431	1	3
303	2431	1	3
59	2432	1	3
578	2432	1	3
120	2438	1	3
167	2438	2	3
244	2438	1	3
307	2438	1	3
329	2438	1	3
434	2438	1	3
549	2438	1	3
590	2438	1	3
68	2443	1	3
190	2443	1	3
201	2443	1	3
245	2443	1	3
307	2443	1	3
313	2443	1	3
329	2443	1	3
400	2443	1	3
514	2443	1	3
307	2454	1	3
108	2457	1	3
238	2457	1	3
264	2457	1	3
434	2457	1	3
552	2457	1	3
8	2461	1	3
201	2461	1	3
307	2461	1	3
340	2461	1	3
478	2461	1	3
543	2461	1	3
96	2472	1	3
238	2472	1	3
589	2475	1	3
59	2484	2	3
82	2484	1	3
99	2484	1	3
468	2484	1	3
573	2484	1	3
28	2497	1	3
196	2497	1	3
245	2497	1	3
417	2497	1	3
415	2509	1	3
197	2512	1	3
238	2512	1	3
300	2512	1	3
393	2512	1	3
371	2514	1	3
124	2517	1	3
394	2519	1	3
452	2523	1	3
212	2525	1	3
432	2525	1	3
238	2539	1	3
292	2544	1	3
225	2548	1	3
542	2548	1	3
564	2548	1	3
424	2549	1	3
503	2549	2	3
549	2549	1	3
465	2550	1	3
469	2550	1	3
212	2556	1	3
268	2556	1	3
181	2558	1	3
231	2558	1	3
245	2558	1	3
351	2558	1	3
566	2558	1	3
569	2558	1	3
29	2560	1	3
438	2560	1	3
540	2560	1	3
191	2568	1	3
299	2568	1	3
49	2573	1	3
40	2585	1	3
218	2585	1	3
245	2585	1	3
277	2585	2	3
101	2596	1	3
37	2599	1	3
275	2599	1	3
451	2599	1	3
531	2599	1	3
245	2601	1	3
338	2601	1	3
494	2601	2	3
245	2603	1	3
265	2603	1	3
294	2603	1	3
381	2603	1	3
387	2603	1	3
397	2603	1	3
482	2603	2	3
542	2603	1	3
167	2608	1	3
96	2620	1	3
238	2620	1	3
331	2620	1	3
377	2620	1	3
476	2620	1	3
484	2620	1	3
582	2620	2	3
31	2621	2	3
60	2621	1	3
123	2621	1	3
221	2621	1	3
448	2621	1	3
465	2621	1	3
492	2621	1	3
465	2627	1	3
582	2630	1	3
426	2640	1	3
564	2640	1	3
421	2646	1	3
80	2648	1	3
549	2648	1	3
245	2651	1	3
167	2655	1	3
215	2655	1	3
243	2655	1	3
290	2655	1	3
155	2657	1	3
470	2657	1	3
540	2657	1	3
225	2662	1	3
245	2662	1	3
329	2662	1	3
513	2662	1	3
542	2662	1	3
123	2663	1	3
238	2663	1	3
270	2663	1	3
481	2663	1	3
536	2663	1	3
245	2665	1	3
351	2665	1	3
363	2665	1	3
176	2675	1	3
210	2675	1	3
351	2675	1	3
367	2675	1	3
385	2675	1	3
476	2675	1	3
496	2675	1	3
524	2675	1	3
592	2675	1	3
60	2691	1	3
71	2691	2	3
167	2691	1	3
292	2691	2	3
408	2691	1	3
188	2692	1	3
245	2692	1	3
400	2692	1	3
188	2696	1	3
245	2696	1	3
199	2702	1	3
279	2702	1	3
307	2702	2	3
384	2702	1	3
530	2702	1	3
206	159	1	4
245	159	1	4
308	159	1	4
418	159	1	4
124	232	1	4
373	245	1	4
530	245	1	4
167	747	1	4
197	747	1	4
140	873	1	4
558	873	1	4
214	910	1	4
221	910	1	4
7	1170	1	4
166	1170	1	4
245	1170	1	4
21	1320	1	4
46	1320	1	4
404	1320	1	4
480	1320	1	4
140	1407	1	4
442	1407	2	4
553	1407	1	4
106	1578	1	4
505	1728	1	4
513	1924	1	4
14	2032	1	4
15	2032	1	4
117	2032	1	4
197	2032	1	4
307	2032	1	4
425	2032	1	4
193	2180	1	4
229	2396	1	4
385	2396	1	4
207	2561	2	4
221	2561	1	4
369	2561	1	4
307	2	1	5
337	2	1	5
513	2	1	5
122	5	1	5
326	5	1	5
400	5	1	5
245	10	1	5
495	11	1	5
162	18	1	5
383	18	1	5
425	18	1	5
432	18	1	5
467	18	1	5
183	24	1	5
307	24	2	5
467	24	1	5
485	24	1	5
581	24	1	5
55	31	1	5
180	31	1	5
408	35	1	5
425	38	1	5
37	41	1	5
93	44	1	5
453	44	1	5
78	54	1	5
130	54	1	5
245	54	1	5
529	54	1	5
122	58	1	5
157	58	1	5
372	58	1	5
453	58	1	5
185	61	1	5
369	61	2	5
394	61	1	5
453	61	1	5
35	73	1	5
78	73	1	5
245	73	1	5
544	73	1	5
66	74	1	5
35	77	1	5
78	77	1	5
245	77	1	5
372	77	1	5
544	77	1	5
436	78	1	5
35	85	1	5
156	85	1	5
197	85	1	5
368	85	1	5
458	85	1	5
78	87	1	5
245	87	1	5
372	87	1	5
245	92	1	5
303	92	1	5
513	92	1	5
62	99	1	5
136	99	1	5
165	99	1	5
399	99	1	5
487	99	1	5
425	107	1	5
187	121	1	5
490	121	1	5
187	133	1	5
434	133	1	5
505	133	1	5
161	138	1	5
309	138	1	5
563	138	1	5
88	147	1	5
245	147	1	5
466	147	1	5
564	149	1	5
167	154	1	5
197	154	1	5
369	154	1	5
245	160	1	5
302	160	1	5
553	164	1	5
288	169	1	5
372	169	1	5
450	169	1	5
267	174	1	5
104	182	1	5
337	182	1	5
364	182	1	5
513	182	1	5
137	185	1	5
162	185	1	5
240	185	1	5
267	185	1	5
303	185	1	5
307	185	1	5
377	185	1	5
483	185	1	5
558	185	1	5
303	187	1	5
576	187	1	5
267	191	1	5
505	191	1	5
514	191	1	5
549	191	1	5
591	191	1	5
49	195	1	5
513	195	1	5
201	199	1	5
505	205	1	5
565	205	1	5
90	210	1	5
245	210	1	5
307	210	1	5
420	210	1	5
184	211	1	5
194	211	1	5
336	211	1	5
414	211	1	5
60	212	1	5
144	212	1	5
374	212	1	5
60	217	1	5
374	217	1	5
127	219	1	5
397	219	1	5
449	219	1	5
303	220	1	5
60	229	1	5
144	229	1	5
145	229	1	5
207	229	1	5
222	229	1	5
374	229	1	5
409	229	1	5
564	229	1	5
283	243	1	5
296	243	1	5
402	243	1	5
136	247	1	5
406	247	1	5
466	247	1	5
4	251	1	5
562	251	1	5
97	287	1	5
272	287	1	5
335	287	1	5
357	287	1	5
513	287	1	5
549	287	1	5
104	289	1	5
483	289	1	5
216	293	1	5
267	293	1	5
245	305	1	5
170	308	1	5
267	308	1	5
344	311	1	5
369	314	1	5
458	314	2	5
512	314	1	5
344	318	1	5
196	323	1	5
65	335	1	5
167	335	1	5
301	335	1	5
421	335	1	5
357	341	1	5
299	342	1	5
35	348	1	5
46	348	1	5
214	348	2	5
245	348	1	5
513	348	1	5
65	350	1	5
245	350	1	5
373	350	1	5
15	356	1	5
42	356	1	5
369	356	1	5
556	362	1	5
170	369	1	5
327	369	1	5
431	369	1	5
558	369	1	5
230	372	1	5
210	377	1	5
245	377	1	5
379	377	1	5
433	377	1	5
455	377	1	5
513	377	1	5
167	381	1	5
307	381	1	5
111	389	1	5
245	389	1	5
303	392	1	5
367	392	1	5
399	392	1	5
433	402	1	5
587	402	1	5
512	403	1	5
553	403	1	5
509	404	1	5
514	404	1	5
51	405	1	5
238	405	1	5
79	409	1	5
524	409	1	5
123	429	1	5
279	429	1	5
344	429	1	5
432	430	1	5
160	437	1	5
307	437	1	5
123	439	1	5
279	439	1	5
344	439	1	5
469	439	1	5
245	447	1	5
447	454	1	5
495	454	1	5
578	454	1	5
73	477	1	5
254	477	1	5
80	480	1	5
96	480	1	5
196	480	1	5
245	488	1	5
351	488	1	5
575	488	1	5
101	492	1	5
163	492	1	5
196	492	1	5
256	492	1	5
322	492	1	5
463	492	1	5
182	493	1	5
196	493	1	5
399	493	1	5
458	493	1	5
513	493	1	5
136	505	1	5
384	505	1	5
23	510	1	5
23	513	1	5
184	513	1	5
245	513	1	5
383	513	1	5
389	513	1	5
155	515	1	5
305	515	1	5
307	515	1	5
316	515	1	5
2	519	1	5
106	519	1	5
210	519	1	5
434	519	1	5
77	533	1	5
152	533	1	5
195	533	1	5
180	537	1	5
245	537	1	5
346	538	1	5
77	542	1	5
303	542	1	5
472	542	1	5
257	545	1	5
166	555	1	5
245	555	1	5
130	562	1	5
199	562	1	5
245	563	1	5
8	577	1	5
591	577	1	5
144	579	1	5
182	592	1	5
506	592	1	5
506	593	1	5
565	593	1	5
118	598	1	5
256	598	1	5
564	598	1	5
591	598	1	5
124	601	1	5
271	601	1	5
506	601	1	5
434	610	1	5
524	610	1	5
465	617	1	5
218	625	1	5
241	625	1	5
423	625	1	5
538	625	1	5
38	626	1	5
57	626	1	5
245	626	1	5
351	626	1	5
575	626	1	5
42	636	1	5
130	636	1	5
162	641	1	5
241	641	1	5
245	645	1	5
307	645	1	5
65	647	1	5
196	647	1	5
226	647	1	5
245	647	1	5
307	647	1	5
513	647	1	5
243	653	1	5
557	653	1	5
340	657	1	5
347	657	1	5
402	657	1	5
536	657	1	5
71	661	1	5
340	661	1	5
402	661	1	5
49	663	1	5
71	663	1	5
238	675	1	5
245	675	1	5
124	679	1	5
369	679	1	5
377	679	1	5
386	679	1	5
506	679	1	5
506	685	1	5
576	685	1	5
303	691	1	5
587	691	1	5
1	695	1	5
549	695	1	5
564	695	1	5
421	699	1	5
506	699	1	5
539	699	1	5
368	701	1	5
391	701	1	5
582	701	1	5
549	707	1	5
245	725	1	5
73	735	1	5
149	735	1	5
197	735	1	5
449	735	1	5
245	741	1	5
294	741	1	5
34	754	1	5
143	754	1	5
389	754	1	5
218	761	1	5
23	765	1	5
214	765	1	5
245	765	1	5
345	765	1	5
535	765	1	5
168	772	1	5
241	772	2	5
103	776	1	5
136	776	1	5
382	776	1	5
513	776	1	5
540	776	1	5
562	776	1	5
347	786	1	5
361	786	1	5
371	786	1	5
282	794	1	5
335	794	1	5
347	794	1	5
398	794	1	5
519	794	1	5
523	794	1	5
549	794	1	5
123	800	1	5
197	800	1	5
241	800	1	5
252	800	1	5
313	800	1	5
445	800	1	5
122	807	1	5
335	807	1	5
564	807	1	5
305	810	1	5
525	810	1	5
549	810	1	5
10	813	1	5
329	814	1	5
274	816	1	5
374	816	1	5
505	816	1	5
519	816	1	5
585	816	1	5
105	820	1	5
461	820	1	5
35	824	1	5
106	824	1	5
234	824	1	5
490	824	1	5
182	837	1	5
245	848	1	5
434	848	1	5
524	848	1	5
98	853	1	5
156	853	1	5
379	853	1	5
483	853	1	5
297	854	1	5
196	865	1	5
539	865	1	5
491	867	1	5
591	888	1	5
229	892	1	5
383	892	1	5
413	892	1	5
429	892	1	5
433	892	1	5
449	892	1	5
460	892	1	5
210	897	1	5
245	897	1	5
60	899	1	5
245	899	1	5
261	914	1	5
270	914	1	5
524	914	1	5
23	916	1	5
189	916	1	5
196	916	2	5
60	917	1	5
54	918	1	5
199	918	1	5
432	918	1	5
307	941	1	5
84	943	1	5
245	943	1	5
461	952	1	5
466	952	1	5
179	976	1	5
187	976	1	5
269	976	1	5
286	976	1	5
552	976	4	5
187	978	1	5
199	978	1	5
406	978	1	5
434	978	1	5
513	978	2	5
562	978	1	5
21	980	1	5
65	980	1	5
146	980	1	5
203	980	1	5
300	980	1	5
332	980	1	5
513	980	1	5
44	982	1	5
175	982	1	5
280	982	1	5
525	982	1	5
587	982	1	5
149	985	1	5
340	985	1	5
156	987	1	5
167	987	1	5
229	987	1	5
241	987	1	5
307	987	1	5
466	987	1	5
98	994	1	5
150	994	1	5
200	994	1	5
368	994	1	5
449	994	1	5
525	994	1	5
562	994	1	5
587	994	1	5
8	996	1	5
46	996	1	5
101	996	1	5
212	996	1	5
513	996	1	5
214	1002	1	5
234	1002	1	5
398	1002	1	5
441	1002	1	5
483	1002	1	5
238	1011	1	5
37	1031	1	5
123	1031	1	5
13	1033	1	5
4	1039	1	5
303	1039	1	5
562	1039	1	5
215	1088	1	5
303	1088	1	5
535	1088	1	5
513	1094	1	5
532	1094	1	5
239	1097	1	5
245	1106	1	5
299	1106	1	5
348	1106	1	5
549	1106	2	5
47	1111	23	5
36	1136	1	5
104	1136	1	5
106	1136	1	5
234	1136	1	5
273	1136	1	5
311	1136	1	5
424	1136	1	5
549	1136	1	5
77	1144	1	5
529	1144	1	5
549	1144	2	5
350	1148	1	5
413	1148	2	5
352	1175	1	5
546	1175	1	5
322	1178	1	5
381	1178	1	5
431	1178	1	5
550	1178	1	5
557	1178	1	5
582	1178	1	5
75	1208	1	5
369	1208	1	5
261	1219	1	5
270	1219	1	5
45	1222	1	5
522	1239	1	5
5	1248	1	5
6	1248	1	5
372	1248	1	5
120	1250	1	5
149	1250	1	5
241	1250	1	5
322	1250	1	5
549	1250	1	5
218	1261	1	5
243	1261	1	5
385	1261	1	5
50	1277	1	5
189	1277	1	5
196	1277	1	5
203	1277	1	5
277	1277	1	5
513	1277	1	5
522	1277	1	5
245	1328	1	5
351	1328	2	5
167	1334	1	5
245	1334	1	5
330	1334	1	5
513	1334	1	5
549	1334	1	5
40	1336	1	5
218	1336	1	5
308	1336	1	5
327	1336	1	5
334	1338	1	5
66	1341	1	5
371	1341	1	5
588	1341	1	5
289	1356	1	5
380	1356	1	5
458	1356	1	5
554	1356	1	5
370	1364	1	5
582	1364	1	5
245	1369	1	5
265	1369	1	5
245	1373	1	5
352	1373	1	5
546	1373	1	5
89	1375	1	5
327	1375	1	5
367	1375	1	5
351	1394	1	5
546	1394	1	5
245	1408	1	5
351	1408	1	5
434	1408	1	5
575	1408	1	5
141	1419	1	5
179	1419	1	5
243	1419	1	5
321	1419	1	5
334	1419	1	5
352	1419	1	5
353	1419	1	5
513	1419	1	5
546	1419	1	5
123	1450	1	5
423	1450	1	5
513	1450	2	5
589	1450	1	5
123	1470	1	5
243	1470	1	5
434	1470	1	5
458	1470	1	5
23	1471	1	5
119	1471	1	5
196	1471	1	5
254	1471	1	5
279	1471	1	5
303	1471	1	5
306	1473	1	5
515	1473	1	5
536	1473	1	5
23	1474	1	5
337	1474	1	5
358	1474	1	5
167	1475	1	5
303	1475	1	5
465	1475	1	5
79	1476	1	5
300	1476	1	5
513	1476	2	5
526	1476	1	5
580	1476	1	5
290	1477	1	5
481	1477	1	5
152	1478	1	5
513	1478	1	5
522	1482	1	5
261	1483	1	5
270	1483	1	5
300	1486	1	5
177	1489	1	5
334	1489	1	5
261	1490	1	5
307	1490	1	5
342	1491	1	5
356	1491	1	5
394	1491	1	5
465	1491	1	5
513	1491	1	5
334	1500	1	5
173	1506	1	5
219	1506	1	5
386	1506	1	5
42	1517	1	5
218	1517	1	5
307	1517	1	5
308	1517	1	5
140	1518	1	5
553	1518	1	5
245	1520	1	5
323	1520	1	5
352	1520	1	5
546	1520	1	5
307	1521	1	5
587	1521	1	5
245	1527	1	5
334	1527	1	5
387	1527	1	5
542	1527	1	5
111	1535	1	5
132	1535	1	5
303	1535	1	5
342	1535	1	5
394	1535	1	5
515	1535	1	5
580	1535	1	5
245	1542	1	5
254	1544	1	5
187	1545	1	5
288	1552	1	5
483	1552	1	5
122	1557	1	5
230	1559	1	5
245	1559	1	5
379	1559	1	5
485	1559	1	5
492	1559	1	5
549	1559	1	5
101	1568	1	5
467	1568	1	5
477	1568	1	5
53	1589	1	5
57	1589	1	5
88	1589	1	5
245	1589	1	5
561	1589	1	5
245	1595	1	5
352	1595	1	5
546	1595	1	5
196	1636	1	5
210	1657	1	5
245	1683	1	5
256	1683	1	5
330	1684	1	5
407	1684	1	5
245	1685	1	5
261	1685	1	5
270	1685	1	5
204	1697	1	5
245	1697	1	5
345	1697	1	5
352	1697	1	5
400	1697	1	5
507	1697	1	5
138	1705	1	5
285	1705	1	5
434	1705	1	5
551	1705	1	5
228	1708	1	5
245	1708	1	5
266	1708	1	5
449	1708	1	5
499	1708	1	5
522	1708	1	5
546	1708	2	5
129	1718	1	5
182	1718	1	5
550	1725	1	5
234	1758	1	5
238	1758	1	5
495	1761	1	5
542	1761	1	5
562	1761	1	5
239	1777	1	5
245	1777	1	5
380	1777	1	5
540	1777	1	5
579	1777	1	5
210	1785	1	5
513	1785	1	5
245	1837	1	5
546	1837	1	5
548	1837	1	5
66	1860	1	5
238	1860	2	5
329	1860	1	5
481	1860	1	5
549	1860	1	5
590	1860	1	5
327	1866	1	5
106	1875	1	5
137	1875	1	5
274	1875	1	5
456	1875	1	5
288	1898	1	5
316	1902	1	5
434	1902	1	5
491	1902	1	5
24	1912	1	5
38	1912	1	5
211	1912	1	5
300	1912	1	5
311	1912	1	5
460	1912	1	5
585	1912	1	5
245	1914	1	5
338	1914	1	5
351	1914	1	5
476	1914	2	5
494	1914	1	5
575	1914	2	5
7	1922	1	5
216	1922	1	5
222	1940	1	5
128	1960	1	5
519	1960	1	5
367	1961	1	5
60	1963	1	5
307	1963	1	5
393	1963	1	5
33	1968	1	5
38	1968	1	5
245	1968	1	5
351	1968	1	5
400	1968	1	5
146	1987	1	5
316	1987	1	5
433	1987	1	5
104	1990	1	5
155	1990	1	5
212	1990	1	5
330	1990	1	5
407	1990	1	5
112	1993	1	5
321	1993	1	5
352	1993	1	5
386	1993	1	5
505	1993	1	5
546	1993	1	5
191	2006	1	5
201	2006	1	5
513	2006	1	5
567	2006	1	5
195	2013	1	5
525	2013	1	5
77	2025	1	5
367	2025	1	5
497	2025	1	5
532	2025	1	5
350	2027	1	5
550	2030	1	5
102	2035	1	5
251	2035	1	5
299	2035	1	5
522	2035	1	5
32	2041	1	5
110	2041	1	5
41	2049	1	5
167	2049	1	5
168	2049	2	5
303	2049	1	5
566	2049	1	5
254	2051	1	5
513	2051	1	5
536	2051	1	5
564	2051	1	5
2	2052	1	5
214	2052	1	5
242	2053	1	5
245	2055	1	5
540	2055	1	5
245	2060	1	5
390	2060	1	5
190	2061	1	5
302	2061	1	5
329	2061	1	5
513	2068	1	5
562	2068	1	5
567	2068	1	5
519	2080	1	5
212	2084	1	5
259	2084	1	5
66	2089	1	5
312	2089	1	5
512	2089	1	5
60	2090	1	5
245	2090	1	5
374	2090	1	5
409	2090	1	5
500	2090	1	5
138	2091	1	5
334	2091	1	5
347	2091	1	5
512	2091	1	5
224	2093	1	5
513	2093	1	5
245	2096	1	5
185	2103	1	5
245	2103	1	5
513	2103	1	5
232	2110	1	5
303	2110	1	5
119	2112	1	5
513	2112	1	5
7	2114	1	5
467	2114	1	5
495	2114	1	5
35	2122	1	5
128	2122	1	5
127	2129	1	5
245	2153	1	5
513	2153	1	5
544	2153	1	5
549	2153	1	5
187	2224	1	5
233	2224	1	5
303	2224	1	5
571	2224	1	5
30	2229	1	5
224	2229	1	5
393	2229	1	5
435	2229	1	5
558	2229	1	5
129	2233	1	5
30	2241	1	5
74	2241	1	5
224	2241	1	5
290	2241	1	5
558	2241	1	5
571	2241	1	5
30	2247	1	5
159	2247	1	5
198	2247	1	5
402	2247	1	5
435	2247	1	5
449	2247	1	5
474	2247	1	5
558	2247	1	5
245	2250	1	5
269	2250	1	5
459	2250	1	5
156	2261	1	5
456	2261	1	5
523	2261	1	5
221	2263	1	5
30	2273	1	5
187	2273	1	5
198	2273	1	5
435	2273	1	5
449	2273	1	5
558	2273	1	5
196	2276	1	5
206	2276	3	5
245	2276	1	5
293	2276	1	5
155	2281	1	5
210	2281	1	5
526	2281	1	5
549	2281	1	5
23	2284	1	5
213	2284	1	5
300	2284	1	5
379	2284	1	5
37	2286	1	5
210	2286	1	5
300	2286	1	5
480	2286	1	5
513	2286	1	5
187	2289	1	5
592	2289	1	5
89	2299	1	5
570	2302	1	5
550	2310	1	5
196	2344	1	5
245	2344	1	5
296	2344	1	5
513	2344	1	5
228	2369	1	5
245	2369	1	5
266	2369	1	5
351	2369	1	5
196	2373	1	5
138	2383	1	5
303	2383	1	5
527	2383	1	5
108	2385	1	5
385	2385	1	5
197	2386	1	5
245	2386	1	5
270	2386	1	5
586	2386	1	5
150	2394	1	5
243	2394	1	5
124	2406	1	5
431	2410	1	5
550	2410	1	5
385	2412	1	5
431	2412	1	5
197	2421	1	5
307	2421	1	5
434	2421	1	5
141	2424	1	5
365	2424	1	5
434	2424	1	5
210	2428	1	5
216	2428	1	5
564	2439	1	5
145	2446	1	5
408	2446	1	5
564	2446	1	5
124	2450	1	5
300	2459	1	5
550	2459	1	5
303	2468	1	5
529	2470	1	5
172	2471	1	5
219	2471	1	5
462	2471	1	5
508	2471	1	5
567	2471	1	5
245	2528	1	5
547	2528	1	5
575	2528	1	5
8	2533	1	5
219	2533	1	5
224	2533	1	5
245	2533	1	5
356	2533	1	5
417	2533	1	5
513	2533	1	5
78	2540	1	5
191	2540	1	5
486	2540	1	5
160	2541	2	5
307	2541	1	5
564	2541	1	5
13	2546	1	5
79	2546	1	5
196	2546	1	5
210	2546	1	5
282	2546	1	5
323	2546	1	5
522	2546	1	5
526	2546	1	5
162	2553	1	5
187	2553	1	5
196	2553	1	5
245	2553	1	5
435	2553	1	5
508	2553	1	5
19	2566	1	5
50	2566	1	5
174	2566	1	5
315	2566	1	5
447	2566	1	5
167	2579	1	5
203	2579	1	5
303	2579	1	5
316	2579	1	5
465	2579	2	5
245	2606	1	5
252	2609	1	5
183	2619	1	5
245	2619	1	5
434	2619	1	5
476	2619	1	5
522	2619	1	5
546	2619	1	5
296	2622	1	5
366	2622	1	5
483	2622	1	5
513	2622	1	5
128	2624	1	5
162	2624	1	5
21	2649	1	5
245	2649	1	5
253	2649	1	5
426	2649	1	5
33	2667	1	5
38	2667	1	5
245	2667	1	5
329	2667	1	5
507	2667	2	5
39	2670	1	5
245	2686	1	5
546	2686	1	5
210	2698	1	5
398	2698	1	5
245	2699	1	5
48	8	1	6
207	8	1	6
256	8	1	6
306	8	1	6
430	8	1	6
549	8	1	6
220	16	1	6
245	16	1	6
307	16	1	6
351	16	1	6
487	16	1	6
505	16	1	6
554	17	1	6
59	23	1	6
91	23	1	6
136	23	1	6
167	23	1	6
195	23	1	6
352	25	1	6
366	25	1	6
431	25	1	6
513	25	2	6
78	26	1	6
229	26	1	6
381	26	1	6
452	26	1	6
552	26	1	6
566	26	1	6
592	26	1	6
248	27	1	6
393	27	1	6
579	27	1	6
66	29	1	6
27	33	1	6
24	36	1	6
157	36	1	6
188	36	1	6
202	36	1	6
27	40	1	6
186	40	1	6
383	40	1	6
227	42	1	6
48	46	1	6
252	46	1	6
307	46	1	6
327	46	1	6
529	46	1	6
258	48	1	6
389	48	1	6
300	49	1	6
149	57	1	6
179	57	1	6
336	57	1	6
382	57	1	6
196	59	1	6
525	59	1	6
136	62	2	6
175	62	1	6
206	62	1	6
219	62	1	6
5	68	1	6
324	68	1	6
585	68	1	6
245	70	1	6
339	70	2	6
66	71	1	6
179	71	1	6
425	71	1	6
45	79	1	6
80	79	1	6
100	79	1	6
359	79	1	6
484	79	1	6
270	82	1	6
39	86	1	6
39	91	1	6
98	91	1	6
383	91	1	6
256	94	1	6
458	94	1	6
521	94	1	6
553	94	1	6
357	95	1	6
467	95	1	6
219	98	2	6
220	98	1	6
245	98	1	6
383	98	1	6
115	100	1	6
371	100	1	6
220	101	1	6
449	101	1	6
513	101	1	6
549	101	1	6
172	102	1	6
245	102	1	6
374	102	1	6
499	106	1	6
300	112	1	6
328	112	1	6
581	112	1	6
173	113	1	6
432	113	1	6
541	116	1	6
434	118	1	6
112	119	1	6
328	119	1	6
567	119	1	6
118	120	1	6
140	120	1	6
184	124	1	6
332	124	1	6
366	124	1	6
413	124	1	6
582	124	1	6
37	126	1	6
303	126	1	6
389	126	2	6
455	126	1	6
328	127	1	6
213	128	1	6
245	128	1	6
300	128	1	6
303	128	1	6
449	128	1	6
515	128	1	6
535	128	1	6
146	130	1	6
300	130	1	6
99	134	1	6
239	134	1	6
300	134	1	6
328	134	1	6
99	136	1	6
239	136	1	6
300	136	1	6
328	136	1	6
60	137	1	6
230	137	1	6
406	137	1	6
437	137	1	6
585	137	1	6
100	139	1	6
261	139	1	6
316	139	1	6
336	139	1	6
470	139	1	6
542	139	1	6
5	141	1	6
220	141	1	6
328	141	1	6
245	142	1	6
428	142	1	6
245	144	1	6
428	144	1	6
50	155	1	6
163	155	1	6
245	155	1	6
383	155	1	6
429	156	1	6
463	156	1	6
465	156	1	6
167	157	1	6
220	165	1	6
245	165	1	6
351	165	1	6
592	165	1	6
95	166	1	6
245	166	1	6
587	167	1	6
491	170	1	6
229	171	1	6
373	171	1	6
227	172	1	6
21	173	1	6
229	173	1	6
243	177	1	6
245	177	1	6
284	177	1	6
333	179	1	6
365	179	1	6
483	181	1	6
521	181	1	6
558	181	2	6
582	181	1	6
457	183	1	6
505	183	1	6
37	184	1	6
307	184	2	6
333	186	1	6
284	189	1	6
337	189	1	6
552	189	1	6
245	190	1	6
226	196	1	6
447	196	1	6
16	197	1	6
180	197	1	6
245	197	1	6
281	197	1	6
492	197	1	6
504	197	1	6
195	200	1	6
333	200	1	6
356	200	1	6
372	200	1	6
119	202	1	6
303	202	1	6
347	204	1	6
539	204	1	6
569	209	1	6
101	213	1	6
513	213	1	6
558	213	1	6
564	213	2	6
80	218	1	6
140	218	1	6
244	218	1	6
245	218	1	6
369	218	1	6
303	225	1	6
576	225	1	6
15	227	1	6
59	227	1	6
333	227	1	6
413	227	1	6
375	228	1	6
445	228	1	6
77	231	1	6
333	231	1	6
253	235	1	6
259	235	1	6
375	235	1	6
389	235	1	6
243	236	1	6
373	236	1	6
542	236	1	6
573	236	1	6
581	236	1	6
351	237	1	6
248	238	1	6
509	238	1	6
579	238	1	6
69	242	1	6
487	242	1	6
319	244	1	6
425	244	1	6
465	244	1	6
340	248	1	6
34	249	1	6
226	249	1	6
50	250	1	6
245	250	1	6
522	250	1	6
549	250	1	6
255	252	1	6
522	252	1	6
223	253	1	6
248	253	1	6
35	254	1	6
124	255	1	6
159	255	1	6
179	255	2	6
275	255	1	6
564	255	1	6
97	257	1	6
229	257	1	6
373	257	1	6
388	257	1	6
489	257	1	6
94	261	1	6
298	264	1	6
333	264	1	6
74	266	1	6
75	266	1	6
102	266	1	6
242	266	1	6
251	266	1	6
398	266	1	6
27	269	1	6
168	269	1	6
278	269	1	6
289	269	1	6
264	270	1	6
556	270	1	6
69	278	2	6
90	278	1	6
146	278	1	6
160	278	1	6
245	278	1	6
348	278	1	6
363	278	2	6
4	280	1	6
22	280	1	6
67	280	1	6
193	280	1	6
195	280	1	6
298	280	1	6
332	280	1	6
333	280	1	6
409	280	1	6
98	286	1	6
298	286	1	6
307	286	1	6
333	286	1	6
23	290	1	6
187	290	1	6
516	290	1	6
568	290	1	6
339	291	1	6
173	298	1	6
259	298	1	6
298	298	1	6
314	298	1	6
324	298	1	6
333	298	1	6
446	298	1	6
505	298	1	6
542	298	1	6
173	304	1	6
196	304	1	6
166	307	1	6
185	307	1	6
298	307	1	6
333	307	1	6
446	307	1	6
542	307	1	6
589	307	1	6
22	316	1	6
298	316	1	6
333	316	1	6
22	327	1	6
125	327	1	6
293	327	1	6
535	327	1	6
153	328	1	6
295	328	1	6
347	328	1	6
454	329	1	6
467	329	1	6
124	331	1	6
199	331	1	6
564	331	1	6
333	334	1	6
41	336	1	6
102	336	1	6
251	336	1	6
70	338	1	6
122	338	1	6
143	338	1	6
214	338	1	6
371	338	1	6
514	338	1	6
564	338	1	6
22	339	1	6
196	339	1	6
298	339	1	6
332	339	1	6
333	339	1	6
43	340	1	6
214	340	1	6
513	340	1	6
124	343	1	6
288	343	1	6
316	343	1	6
424	343	1	6
525	343	1	6
576	343	1	6
333	344	1	6
124	349	1	6
434	349	1	6
524	349	1	6
586	349	1	6
67	354	1	6
180	354	1	6
298	354	1	6
314	354	1	6
333	354	1	6
340	354	1	6
365	354	1	6
254	358	1	6
458	358	1	6
352	359	1	6
343	360	1	6
589	360	1	6
166	361	1	6
180	361	1	6
333	361	1	6
549	361	2	6
175	364	2	6
199	364	1	6
245	364	1	6
524	364	1	6
552	364	1	6
136	365	1	6
220	365	1	6
23	368	1	6
136	368	1	6
220	368	1	6
549	368	1	6
298	374	1	6
307	374	1	6
333	374	1	6
106	375	1	6
131	375	1	6
156	376	1	6
245	376	1	6
384	376	1	6
400	376	1	6
245	378	1	6
276	378	1	6
424	379	1	6
432	379	1	6
589	379	1	6
154	382	1	6
253	382	1	6
319	383	1	6
455	383	1	6
483	383	1	6
525	384	1	6
245	390	1	6
357	390	1	6
487	390	1	6
361	394	1	6
1	395	1	6
240	395	2	6
307	395	2	6
351	395	1	6
307	396	1	6
288	397	1	6
385	397	1	6
526	399	1	6
218	400	1	6
333	400	1	6
300	410	1	6
585	410	1	6
390	412	1	6
525	412	1	6
264	416	1	6
484	416	1	6
584	416	1	6
592	416	1	6
220	421	1	6
245	421	1	6
196	422	1	6
229	422	1	6
455	422	1	6
467	422	1	6
541	422	1	6
220	423	1	6
245	423	1	6
318	423	1	6
352	423	1	6
446	423	1	6
60	432	1	6
238	432	1	6
309	432	1	6
40	434	1	6
60	434	1	6
218	434	1	6
245	434	1	6
476	434	1	6
383	436	1	6
531	436	1	6
523	440	1	6
60	445	1	6
119	445	1	6
245	445	1	6
272	445	1	6
349	445	1	6
151	448	1	6
390	448	1	6
38	449	1	6
112	449	1	6
183	449	1	6
524	449	1	6
546	449	1	6
587	449	1	6
347	450	1	6
221	451	1	6
565	451	1	6
82	452	1	6
560	452	1	6
570	452	1	6
578	452	1	6
145	457	1	6
151	457	1	6
485	457	1	6
221	458	1	6
151	459	1	6
197	459	1	6
245	461	1	6
292	461	1	6
366	461	1	6
531	461	1	6
490	462	1	6
491	462	1	6
119	463	1	6
145	463	1	6
151	463	1	6
408	463	1	6
485	463	1	6
549	463	1	6
151	464	1	6
162	464	1	6
238	464	1	6
327	464	1	6
336	464	1	6
545	464	1	6
549	464	2	6
180	466	1	6
278	466	1	6
513	466	1	6
167	470	1	6
245	470	1	6
388	470	1	6
153	472	1	6
245	472	1	6
324	472	1	6
425	472	1	6
151	473	1	6
407	473	1	6
151	475	1	6
513	475	1	6
2	476	1	6
151	476	1	6
160	476	1	6
372	476	1	6
88	479	1	6
101	479	1	6
221	479	1	6
480	479	2	6
151	481	1	6
173	481	1	6
478	481	1	6
369	482	1	6
535	482	1	6
552	482	1	6
399	483	1	6
450	483	1	6
69	484	2	6
245	484	1	6
352	484	1	6
363	484	2	6
151	489	1	6
24	496	1	6
188	496	1	6
195	496	1	6
307	496	1	6
513	496	1	6
542	496	1	6
557	496	1	6
70	498	1	6
245	498	1	6
374	498	1	6
467	498	1	6
151	499	1	6
366	499	1	6
369	499	1	6
392	499	1	6
562	499	1	6
77	500	1	6
114	500	1	6
16	501	1	6
151	501	1	6
118	502	1	6
151	502	1	6
212	502	1	6
366	502	1	6
388	502	1	6
151	503	1	6
344	504	1	6
511	504	1	6
525	504	1	6
550	504	1	6
151	506	1	6
306	506	1	6
369	506	1	6
485	506	1	6
2	507	1	6
151	507	1	6
167	507	1	6
372	507	1	6
376	508	1	6
511	514	1	6
7	517	1	6
456	521	1	6
473	527	1	6
70	529	1	6
149	529	1	6
186	529	1	6
574	529	1	6
225	531	1	6
151	534	1	6
309	534	1	6
377	534	1	6
522	534	1	6
66	535	1	6
143	535	1	6
225	535	1	6
326	535	1	6
582	535	1	6
245	536	2	6
84	540	1	6
187	540	1	6
542	540	1	6
589	540	1	6
131	541	1	6
245	541	1	6
307	541	1	6
425	541	1	6
159	543	1	6
197	547	1	6
409	547	1	6
549	547	1	6
460	550	1	6
167	551	1	6
300	551	1	6
334	551	1	6
285	554	1	6
525	554	1	6
71	556	1	6
104	556	1	6
129	556	1	6
245	556	1	6
302	556	1	6
307	557	1	6
406	557	1	6
41	558	1	6
245	558	1	6
269	558	1	6
425	558	1	6
486	558	1	6
154	559	1	6
233	559	2	6
516	559	1	6
149	564	1	6
292	564	1	6
303	564	1	6
317	564	1	6
347	564	1	6
456	564	1	6
245	566	1	6
352	566	1	6
23	567	1	6
245	567	1	6
460	567	1	6
1	568	1	6
245	568	1	6
425	568	1	6
60	570	1	6
166	570	1	6
191	570	1	6
212	570	1	6
191	571	1	6
536	571	1	6
217	572	1	6
5	576	1	6
217	576	1	6
187	578	1	6
307	578	1	6
513	578	1	6
527	578	1	6
365	580	2	6
391	585	1	6
511	585	1	6
12	595	1	6
40	595	1	6
183	595	1	6
534	595	1	6
574	595	1	6
425	596	1	6
241	599	1	6
445	599	1	6
12	602	1	6
104	602	1	6
12	603	2	6
104	603	1	6
52	604	1	6
124	604	1	6
245	604	1	6
425	604	2	6
550	604	1	6
212	607	1	6
71	609	1	6
174	609	1	6
242	609	1	6
245	609	1	6
430	609	1	6
486	609	1	6
499	609	1	6
433	611	1	6
12	612	1	6
344	612	1	6
483	612	1	6
511	612	1	6
546	612	3	6
12	614	1	6
67	614	1	6
199	614	1	6
472	614	1	6
245	618	1	6
562	618	1	6
12	619	1	6
104	619	1	6
291	619	1	6
303	619	1	6
349	619	1	6
398	619	1	6
509	619	1	6
549	619	2	6
214	620	1	6
245	623	1	6
513	623	1	6
88	628	1	6
372	628	1	6
44	631	1	6
103	631	1	6
105	631	1	6
303	631	1	6
347	631	1	6
539	631	1	6
119	632	1	6
224	632	1	6
307	632	1	6
346	632	1	6
465	632	1	6
12	633	1	6
104	633	1	6
291	633	1	6
303	633	1	6
349	633	1	6
398	633	1	6
509	633	1	6
549	633	2	6
123	634	1	6
174	634	1	6
209	634	1	6
278	634	1	6
445	634	1	6
447	634	1	6
406	637	1	6
11	639	1	6
245	639	1	6
344	639	1	6
511	639	1	6
546	639	1	6
12	644	1	6
196	644	1	6
427	644	1	6
292	646	1	6
553	646	1	6
95	651	1	6
212	651	1	6
245	652	1	6
288	652	1	6
526	652	1	6
247	655	1	6
371	655	1	6
404	655	1	6
515	655	1	6
12	656	1	6
38	656	1	6
307	656	1	6
499	656	1	6
511	656	1	6
303	658	1	6
24	659	1	6
32	659	1	6
143	659	1	6
221	659	1	6
336	659	1	6
381	659	1	6
432	659	1	6
12	660	1	6
187	660	1	6
307	660	1	6
437	660	1	6
541	660	1	6
546	660	1	6
40	662	1	6
218	662	1	6
6	664	1	6
25	664	1	6
353	664	1	6
397	664	1	6
404	664	1	6
405	664	1	6
439	664	1	6
524	664	1	6
547	664	1	6
36	665	1	6
12	666	1	6
344	666	1	6
437	666	1	6
511	666	1	6
513	666	1	6
186	669	1	6
299	669	1	6
369	669	2	6
415	671	1	6
515	671	1	6
549	671	1	6
92	678	1	6
260	678	1	6
549	678	1	6
94	681	1	6
307	681	1	6
589	681	1	6
245	693	1	6
351	693	1	6
417	693	1	6
592	693	1	6
302	710	1	6
466	710	1	6
415	715	1	6
245	717	1	6
325	717	1	6
362	717	1	6
230	718	1	6
245	718	1	6
294	718	1	6
245	724	1	6
189	726	1	6
251	726	1	6
549	726	1	6
72	727	1	6
206	727	9	6
513	727	1	6
53	729	1	6
6	734	1	6
118	734	1	6
439	734	1	6
139	736	1	6
220	736	1	6
245	736	1	6
6	737	1	6
25	737	1	6
138	737	1	6
369	737	1	6
407	737	1	6
439	737	1	6
524	737	1	6
123	739	1	6
182	742	1	6
299	742	2	6
303	744	1	6
373	744	1	6
513	744	1	6
220	745	1	6
245	745	1	6
329	745	1	6
255	746	1	6
177	748	1	6
16	752	1	6
180	752	1	6
245	752	1	6
281	752	1	6
492	752	1	6
504	752	1	6
166	753	1	6
245	753	1	6
281	753	1	6
418	753	1	6
513	753	1	6
569	753	1	6
592	753	1	6
248	755	1	6
251	755	1	6
425	755	1	6
140	756	1	6
245	756	1	6
425	760	1	6
442	760	1	6
434	766	1	6
524	766	1	6
346	775	1	6
221	778	1	6
425	778	2	6
542	783	1	6
166	785	1	6
172	785	1	6
245	785	1	6
315	785	1	6
345	785	1	6
347	785	1	6
206	788	4	6
197	789	1	6
226	789	1	6
483	789	1	6
296	790	1	6
327	790	1	6
347	790	1	6
485	790	1	6
372	792	1	6
307	798	1	6
127	802	1	6
245	802	1	6
362	802	1	6
411	802	1	6
369	809	1	6
564	809	1	6
123	818	1	6
234	818	1	6
448	818	1	6
245	819	1	6
297	819	1	6
329	819	1	6
427	819	1	6
325	823	1	6
244	825	1	6
245	825	1	6
361	825	3	6
243	826	1	6
347	826	1	6
374	826	1	6
458	826	1	6
505	826	1	6
535	826	1	6
245	829	1	6
338	829	1	6
351	829	1	6
379	829	1	6
412	829	1	6
494	829	1	6
155	833	1	6
82	839	1	6
518	839	1	6
129	842	1	6
245	843	1	6
42	845	1	6
347	845	1	6
481	845	1	6
52	849	1	6
302	849	1	6
513	849	1	6
23	850	1	6
92	850	1	6
426	850	1	6
60	855	1	6
245	856	1	6
258	856	1	6
567	856	1	6
54	860	1	6
245	860	1	6
455	860	1	6
538	860	1	6
588	860	1	6
106	861	1	6
414	861	1	6
513	861	1	6
549	861	2	6
63	866	1	6
287	866	1	6
66	869	1	6
199	869	1	6
245	869	1	6
285	869	1	6
513	869	1	6
562	869	1	6
123	874	1	6
144	874	1	6
374	874	1	6
512	874	1	6
119	875	1	6
245	876	1	6
351	876	1	6
411	876	1	6
592	876	1	6
144	877	1	6
299	877	1	6
390	879	1	6
34	880	1	6
84	880	1	6
359	880	1	6
528	880	1	6
40	881	1	6
217	881	1	6
218	881	1	6
307	881	1	6
355	881	1	6
505	881	1	6
245	884	1	6
351	884	1	6
592	884	1	6
23	885	1	6
245	885	1	6
351	885	1	6
380	885	1	6
592	885	1	6
40	886	1	6
217	886	1	6
218	886	1	6
307	886	1	6
355	886	1	6
182	893	1	6
136	894	1	6
245	894	1	6
367	894	1	6
406	894	1	6
425	894	1	6
215	895	1	6
278	896	1	6
325	896	1	6
552	896	1	6
160	901	1	6
384	901	1	6
185	903	1	6
245	903	1	6
338	903	1	6
494	903	1	6
245	904	1	6
351	904	1	6
380	904	1	6
592	904	1	6
245	905	1	6
351	905	1	6
380	905	1	6
592	905	1	6
84	911	1	6
528	911	1	6
552	911	1	6
384	924	1	6
512	924	1	6
35	928	1	6
160	928	2	6
245	928	1	6
345	928	1	6
351	928	1	6
352	928	1	6
245	929	1	6
351	929	1	6
592	929	1	6
220	939	1	6
245	939	1	6
347	939	1	6
351	939	1	6
101	942	1	6
125	948	1	6
210	948	1	6
457	948	1	6
458	948	1	6
541	948	1	6
196	956	1	6
136	959	1	6
93	961	1	6
158	961	1	6
104	962	1	6
135	962	1	6
399	962	1	6
329	964	1	6
377	964	1	6
146	970	1	6
245	970	1	6
435	970	1	6
500	970	1	6
508	970	1	6
245	973	1	6
373	973	1	6
390	973	1	6
299	975	1	6
347	975	2	6
352	975	1	6
423	975	1	6
524	975	2	6
5	981	1	6
121	981	1	6
301	981	1	6
425	981	1	6
437	981	1	6
196	983	1	6
425	983	1	6
513	983	2	6
245	986	1	6
191	988	1	6
245	988	1	6
412	988	1	6
538	997	1	6
578	997	1	6
303	1000	1	6
245	1003	1	6
100	1006	1	6
113	1006	1	6
141	1006	1	6
352	1006	1	6
355	1006	1	6
546	1006	2	6
46	1010	1	6
113	1010	1	6
212	1010	1	6
243	1010	1	6
364	1010	1	6
508	1010	2	6
546	1010	1	6
198	1014	1	6
77	1018	1	6
346	1018	1	6
392	1018	1	6
156	1020	1	6
209	1020	1	6
549	1022	1	6
564	1022	1	6
88	1024	1	6
212	1024	1	6
513	1024	1	6
535	1024	1	6
49	1026	1	6
245	1026	1	6
284	1026	1	6
549	1026	1	6
580	1026	1	6
221	1027	1	6
307	1027	1	6
303	1030	1	6
200	1036	1	6
212	1036	1	6
245	1036	1	6
530	1037	1	6
245	1041	1	6
425	1041	1	6
476	1041	1	6
513	1041	1	6
564	1041	1	6
59	1042	1	6
143	1042	2	6
300	1042	1	6
404	1042	1	6
381	1044	1	6
564	1044	1	6
532	1045	1	6
573	1045	1	6
167	1046	1	6
221	1046	1	6
513	1046	1	6
196	1047	1	6
332	1047	1	6
513	1047	1	6
564	1047	1	6
245	1048	1	6
146	1049	1	6
157	1049	1	6
326	1049	1	6
471	1049	1	6
59	1051	2	6
131	1051	1	6
201	1051	1	6
332	1051	1	6
50	1052	1	6
7	1054	1	6
425	1054	1	6
8	1058	1	6
337	1058	1	6
549	1058	1	6
75	1063	1	6
245	1063	1	6
375	1063	1	6
389	1063	1	6
334	1067	1	6
386	1067	1	6
513	1067	1	6
549	1067	1	6
1	1069	1	6
63	1069	1	6
179	1070	1	6
307	1071	1	6
587	1073	1	6
75	1076	1	6
245	1076	1	6
375	1076	1	6
389	1076	1	6
532	1077	1	6
101	1079	1	6
96	1080	1	6
201	1080	1	6
212	1080	1	6
589	1080	1	6
223	1081	1	6
372	1081	1	6
549	1081	2	6
99	1083	1	6
484	1083	1	6
133	1084	1	6
256	1084	1	6
372	1084	1	6
461	1084	1	6
120	1087	1	6
245	1087	1	6
360	1087	1	6
513	1087	1	6
84	1089	1	6
191	1089	1	6
513	1089	1	6
528	1089	1	6
564	1089	1	6
245	1090	1	6
351	1090	1	6
380	1090	1	6
592	1090	1	6
245	1091	1	6
351	1091	1	6
380	1091	1	6
592	1091	1	6
150	1095	1	6
305	1095	1	6
386	1095	1	6
120	1096	1	6
207	1096	1	6
245	1096	1	6
360	1096	1	6
513	1096	1	6
245	1101	1	6
288	1101	1	6
351	1101	1	6
245	1105	1	6
281	1105	1	6
375	1105	1	6
389	1105	1	6
199	1109	1	6
186	1110	1	6
210	1110	1	6
394	1110	1	6
513	1110	1	6
582	1110	1	6
245	1113	1	6
303	1113	1	6
532	1113	1	6
571	1113	1	6
245	1116	1	6
513	1116	1	6
571	1116	1	6
214	1117	1	6
531	1118	1	6
81	1120	1	6
197	1120	1	6
307	1120	1	6
513	1120	1	6
303	1121	1	6
336	1121	1	6
139	1122	1	6
220	1122	1	6
245	1122	1	6
375	1122	1	6
389	1122	1	6
198	1123	1	6
243	1123	1	6
23	1124	1	6
307	1124	1	6
452	1124	1	6
245	1125	1	6
445	1125	1	6
207	1126	1	6
254	1126	1	6
522	1126	1	6
549	1126	1	6
556	1126	1	6
367	1127	1	6
592	1127	1	6
95	1130	1	6
198	1130	1	6
563	1130	1	6
20	1132	1	6
36	1132	1	6
245	1132	1	6
352	1132	1	6
19	1133	1	6
56	1133	1	6
245	1133	1	6
375	1133	1	6
389	1133	1	6
5	1134	1	6
45	1134	1	6
585	1134	1	6
307	1135	1	6
411	1135	1	6
549	1135	1	6
568	1135	1	6
383	1146	1	6
147	1150	1	6
210	1150	1	6
245	1150	1	6
513	1150	1	6
146	1151	1	6
147	1151	1	6
245	1151	1	6
64	1153	1	6
147	1153	1	6
245	1153	2	6
325	1153	1	6
218	1154	1	6
63	1155	1	6
147	1155	1	6
427	1155	1	6
549	1155	1	6
147	1156	1	6
191	1156	1	6
68	1157	1	6
245	1157	1	6
351	1157	1	6
487	1157	1	6
592	1157	1	6
69	1159	2	6
245	1159	1	6
363	1159	2	6
592	1159	1	6
275	1160	1	6
275	1162	1	6
307	1162	1	6
586	1162	1	6
275	1163	1	6
307	1163	1	6
275	1164	1	6
564	1164	1	6
574	1164	1	6
208	1168	1	6
245	1168	1	6
339	1168	1	6
351	1168	1	6
464	1168	1	6
592	1168	1	6
112	1169	1	6
183	1169	1	6
356	1169	1	6
387	1169	1	6
546	1169	1	6
84	1171	1	6
245	1171	1	6
334	1171	1	6
473	1171	1	6
534	1171	1	6
577	1171	1	6
592	1171	1	6
20	1172	1	6
481	1172	1	6
551	1172	1	6
458	1173	1	6
182	1174	1	6
521	1174	1	6
69	1177	1	6
245	1177	1	6
363	1177	1	6
427	1177	1	6
428	1177	1	6
564	1177	1	6
112	1181	1	6
113	1181	1	6
225	1181	1	6
321	1181	1	6
356	1181	1	6
387	1181	1	6
245	1182	1	6
351	1182	1	6
380	1182	1	6
592	1182	1	6
245	1183	1	6
351	1183	1	6
380	1183	1	6
592	1183	1	6
179	1184	1	6
536	1184	2	6
458	1185	1	6
245	1186	1	6
321	1186	1	6
352	1186	1	6
391	1186	1	6
546	1186	2	6
245	1189	1	6
351	1189	1	6
380	1189	1	6
592	1189	1	6
245	1190	1	6
245	1192	1	6
351	1192	1	6
417	1192	1	6
592	1192	1	6
245	1193	1	6
351	1193	1	6
489	1193	1	6
592	1193	1	6
245	1195	1	6
351	1195	1	6
352	1195	1	6
592	1195	1	6
132	1196	1	6
578	1196	1	6
245	1197	1	6
239	1202	1	6
245	1202	1	6
315	1204	1	6
354	1204	1	6
551	1204	1	6
183	1205	1	6
245	1205	1	6
352	1205	1	6
397	1205	1	6
522	1205	1	6
546	1205	1	6
69	1209	1	6
220	1209	1	6
245	1209	1	6
346	1209	1	6
363	1209	1	6
241	1210	1	6
271	1215	1	6
329	1216	1	6
347	1221	1	6
382	1221	1	6
560	1221	1	6
245	1223	1	6
299	1223	1	6
424	1223	1	6
38	1224	1	6
79	1224	1	6
241	1224	1	6
392	1224	1	6
409	1224	1	6
513	1224	1	6
160	1226	1	6
167	1226	1	6
570	1226	1	6
245	1227	1	6
375	1227	1	6
389	1227	1	6
397	1227	1	6
360	1228	1	6
496	1228	1	6
513	1228	1	6
560	1228	1	6
220	1229	1	6
245	1229	1	6
351	1229	1	6
434	1229	1	6
592	1229	1	6
172	1232	1	6
218	1232	1	6
395	1232	1	6
437	1232	1	6
576	1232	1	6
334	1233	1	6
211	1234	1	6
220	1237	1	6
245	1237	1	6
363	1237	1	6
126	1254	1	6
434	1254	1	6
542	1254	1	6
95	1259	1	6
212	1259	1	6
338	1259	1	6
494	1259	1	6
60	1262	1	6
146	1262	1	6
245	1262	1	6
245	1270	1	6
351	1270	1	6
592	1270	1	6
245	1271	1	6
351	1271	1	6
592	1271	1	6
101	1272	1	6
273	1272	1	6
284	1272	1	6
425	1272	1	6
555	1272	1	6
289	1274	1	6
303	1274	1	6
244	1275	1	6
367	1278	1	6
162	1279	1	6
555	1279	1	6
449	1283	1	6
303	1284	1	6
330	1284	1	6
407	1284	1	6
549	1284	1	6
555	1284	1	6
245	1287	1	6
480	1287	1	6
507	1287	1	6
562	1289	1	6
10	1294	1	6
245	1294	2	6
423	1294	1	6
453	1294	1	6
472	1294	1	6
187	1295	1	6
220	1297	1	6
245	1297	1	6
351	1297	1	6
592	1297	1	6
124	1300	1	6
245	1300	1	6
406	1300	1	6
514	1300	1	6
530	1300	1	6
245	1302	1	6
321	1302	1	6
365	1302	1	6
567	1302	1	6
245	1305	1	6
474	1305	1	6
69	1307	1	6
78	1307	1	6
160	1307	1	6
167	1307	1	6
212	1307	1	6
363	1307	1	6
592	1307	1	6
245	1308	1	6
351	1308	1	6
479	1308	1	6
592	1308	1	6
245	1309	1	6
318	1309	1	6
351	1309	1	6
592	1309	1	6
141	1316	1	6
218	1316	1	6
387	1316	1	6
245	1317	1	6
307	1317	1	6
353	1317	1	6
397	1317	1	6
482	1317	1	6
245	1321	1	6
265	1321	1	6
307	1321	1	6
546	1321	1	6
548	1321	1	6
35	1322	1	6
163	1322	1	6
299	1322	1	6
307	1322	2	6
334	1322	1	6
369	1322	1	6
468	1322	2	6
73	1323	1	6
316	1323	1	6
220	1325	2	6
245	1325	1	6
351	1325	1	6
92	1326	1	6
260	1326	3	6
369	1326	1	6
382	1326	1	6
483	1326	1	6
549	1326	1	6
70	1329	1	6
260	1329	2	6
292	1329	1	6
369	1329	1	6
409	1329	1	6
564	1329	1	6
245	1330	1	6
334	1330	1	6
395	1330	1	6
456	1330	1	6
300	1331	1	6
525	1331	1	6
128	1332	1	6
124	1333	1	6
142	1333	1	6
183	1333	1	6
522	1333	1	6
541	1333	1	6
546	1333	1	6
167	1339	1	6
218	1339	1	6
522	1339	1	6
245	1340	1	6
280	1340	1	6
351	1340	1	6
592	1340	1	6
242	1342	1	6
121	1344	1	6
229	1344	1	6
333	1344	1	6
152	1346	1	6
245	1347	1	6
336	1347	1	6
96	1349	1	6
149	1349	1	6
333	1349	1	6
334	1349	1	6
245	1350	1	6
295	1350	1	6
352	1350	1	6
516	1351	1	6
455	1357	2	6
522	1357	1	6
170	1358	1	6
425	1358	1	6
31	1362	1	6
499	1362	1	6
569	1362	1	6
36	1363	1	6
191	1368	1	6
213	1368	1	6
549	1368	1	6
367	1370	1	6
425	1370	1	6
92	1371	1	6
260	1371	1	6
279	1371	1	6
292	1371	1	6
382	1371	1	6
578	1371	1	6
208	1372	1	6
245	1372	1	6
339	1372	1	6
352	1372	1	6
464	1372	1	6
245	1376	1	6
173	1377	2	6
369	1377	1	6
382	1377	2	6
219	1378	1	6
565	1378	1	6
60	1379	1	6
514	1379	1	6
53	1380	1	6
235	1380	1	6
245	1380	1	6
352	1380	1	6
365	1380	1	6
492	1380	1	6
11	1381	1	6
92	1381	1	6
191	1381	1	6
260	1381	1	6
455	1381	1	6
502	1381	1	6
399	1384	1	6
245	1387	1	6
546	1387	1	6
522	1397	1	6
546	1397	1	6
78	1399	1	6
166	1399	1	6
245	1399	1	6
544	1399	1	6
54	1403	1	6
332	1406	8	6
123	1411	1	6
576	1411	1	6
8	1412	1	6
167	1412	1	6
577	1412	1	6
296	1413	1	6
224	1414	1	6
245	1414	1	6
455	1414	1	6
467	1414	1	6
513	1414	1	6
69	1416	1	6
245	1416	1	6
334	1416	1	6
352	1416	1	6
363	1416	1	6
54	1418	1	6
224	1418	1	6
142	1422	1	6
221	1422	1	6
171	1424	1	6
197	1424	1	6
241	1424	1	6
245	1424	1	6
522	1426	1	6
539	1426	1	6
38	1428	1	6
403	1428	1	6
449	1428	1	6
38	1432	1	6
273	1432	1	6
282	1432	1	6
303	1432	1	6
403	1432	1	6
438	1432	1	6
449	1432	1	6
170	1435	1	6
403	1435	1	6
514	1435	1	6
214	1440	1	6
403	1440	1	6
496	1440	1	6
38	1442	1	6
331	1442	1	6
403	1442	1	6
420	1442	1	6
449	1442	1	6
156	1444	1	6
303	1444	1	6
403	1444	1	6
438	1444	1	6
449	1444	2	6
588	1444	1	6
36	1449	1	6
551	1449	1	6
589	1449	1	6
245	1452	1	6
351	1452	1	6
479	1452	1	6
592	1452	1	6
546	1453	1	6
87	1454	1	6
150	1454	1	6
198	1454	1	6
416	1454	1	6
470	1454	1	6
399	1457	1	6
449	1457	1	6
503	1457	1	6
549	1457	1	6
320	1458	1	6
403	1458	1	6
146	1459	1	6
190	1459	1	6
403	1459	1	6
514	1459	1	6
549	1459	1	6
98	1462	1	6
441	1464	1	6
142	1468	1	6
156	1468	1	6
232	1468	2	6
245	1468	1	6
546	1468	1	6
7	1479	1	6
522	1479	1	6
6	1480	1	6
458	1480	1	6
513	1480	1	6
540	1480	1	6
245	1484	1	6
492	1484	1	6
570	1484	1	6
272	1492	1	6
307	1492	1	6
60	1493	1	6
369	1493	2	6
165	1494	1	6
241	1494	1	6
522	1494	1	6
590	1494	1	6
295	1495	1	6
401	1495	1	6
406	1495	1	6
162	1497	1	6
220	1497	1	6
245	1497	1	6
334	1497	1	6
347	1497	1	6
514	1497	1	6
551	1498	1	6
124	1499	1	6
160	1499	1	6
219	1499	1	6
241	1499	1	6
564	1499	1	6
39	1502	1	6
303	1502	1	6
512	1502	1	6
514	1502	1	6
245	1504	1	6
306	1504	1	6
307	1504	1	6
512	1507	1	6
514	1507	1	6
100	1509	1	6
217	1509	1	6
334	1509	1	6
513	1509	2	6
193	1510	1	6
374	1510	1	6
399	1513	1	6
5	1515	1	6
296	1515	1	6
133	1516	1	6
272	1516	1	6
152	1522	1	6
105	1525	1	6
245	1525	1	6
297	1525	1	6
334	1525	1	6
57	1531	1	6
139	1531	1	6
208	1531	1	6
245	1531	1	6
487	1531	1	6
87	1532	1	6
522	1533	1	6
525	1534	1	6
137	1537	1	6
173	1537	1	6
190	1537	1	6
196	1537	1	6
203	1537	2	6
379	1537	1	6
389	1537	1	6
137	1538	1	6
173	1538	1	6
190	1538	1	6
196	1538	1	6
203	1538	2	6
379	1538	1	6
389	1538	1	6
301	1539	1	6
337	1539	1	6
505	1539	1	6
212	1540	1	6
122	1541	1	6
196	1541	1	6
334	1541	1	6
450	1541	1	6
513	1541	1	6
95	1543	1	6
150	1543	1	6
172	1543	1	6
351	1543	1	6
477	1543	1	6
549	1543	1	6
141	1546	1	6
146	1546	1	6
245	1546	1	6
351	1546	1	6
352	1546	1	6
423	1550	1	6
197	1551	1	6
227	1551	1	6
354	1551	1	6
356	1551	1	6
454	1551	1	6
513	1551	1	6
589	1551	1	6
358	1556	1	6
590	1556	1	6
22	1560	1	6
59	1560	1	6
72	1560	1	6
102	1560	1	6
140	1560	1	6
300	1560	4	6
384	1560	1	6
46	1561	1	6
404	1561	1	6
113	1563	1	6
220	1563	1	6
245	1563	1	6
354	1563	1	6
546	1563	2	6
89	1564	2	6
219	1564	2	6
230	1564	1	6
399	1564	1	6
513	1564	1	6
513	1565	1	6
5	1566	1	6
522	1569	1	6
307	1570	1	6
576	1571	1	6
124	1572	1	6
277	1572	1	6
300	1573	1	6
65	1575	1	6
106	1575	1	6
325	1575	1	6
84	1577	1	6
528	1577	1	6
87	1579	1	6
88	1579	1	6
120	1581	1	6
204	1581	1	6
272	1581	1	6
310	1581	1	6
441	1581	1	6
167	1583	1	6
321	1583	1	6
352	1583	1	6
353	1583	1	6
522	1583	1	6
546	1583	1	6
554	1583	1	6
13	1584	1	6
272	1584	2	6
357	1584	1	6
60	1585	1	6
68	1585	1	6
245	1585	1	6
260	1585	1	6
331	1585	1	6
481	1586	1	6
167	1587	1	6
321	1587	1	6
352	1587	1	6
353	1587	1	6
522	1587	1	6
546	1587	1	6
554	1587	1	6
45	1588	1	6
316	1590	1	6
329	1592	1	6
388	1592	1	6
449	1592	1	6
96	1594	1	6
124	1594	1	6
329	1594	1	6
514	1594	1	6
307	1596	1	6
319	1596	1	6
425	1596	1	6
538	1596	1	6
573	1596	1	6
5	1597	1	6
425	1597	1	6
300	1598	1	6
242	1599	1	6
295	1599	1	6
427	1600	1	6
134	1604	1	6
180	1604	1	6
367	1604	1	6
513	1604	1	6
562	1604	1	6
212	1606	1	6
243	1606	1	6
93	1608	1	6
115	1608	1	6
163	1608	1	6
256	1608	1	6
425	1608	1	6
542	1608	1	6
336	1609	1	6
363	1609	1	6
567	1609	1	6
300	1611	1	6
322	1611	1	6
167	1613	1	6
212	1613	1	6
294	1613	1	6
307	1613	1	6
412	1613	1	6
439	1613	1	6
514	1613	1	6
552	1613	1	6
148	1615	1	6
245	1615	1	6
422	1615	1	6
428	1615	1	6
592	1615	1	6
411	1617	1	6
189	1618	1	6
307	1618	1	6
189	1619	1	6
201	1619	1	6
307	1619	1	6
69	1622	1	6
158	1622	1	6
245	1622	1	6
258	1622	1	6
352	1622	1	6
363	1622	1	6
369	1622	2	6
101	1623	1	6
303	1624	1	6
245	1626	2	6
347	1626	1	6
164	1628	1	6
245	1628	1	6
318	1628	1	6
351	1628	1	6
476	1628	1	6
592	1628	1	6
50	1630	1	6
513	1630	1	6
42	1631	1	6
97	1631	1	6
135	1631	1	6
186	1631	2	6
197	1631	1	6
522	1631	1	6
57	1632	1	6
245	1632	1	6
352	1632	1	6
381	1632	1	6
387	1632	1	6
546	1632	1	6
13	1634	1	6
164	1634	1	6
245	1634	1	6
318	1634	1	6
476	1634	1	6
381	1638	1	6
245	1639	1	6
351	1639	1	6
592	1639	1	6
53	1642	1	6
209	1642	1	6
223	1642	1	6
337	1642	1	6
369	1642	1	6
434	1642	1	6
540	1642	1	6
146	1643	1	6
209	1643	1	6
217	1643	1	6
256	1643	1	6
369	1643	1	6
164	1644	1	6
245	1644	1	6
318	1644	1	6
476	1644	1	6
253	1645	1	6
299	1645	1	6
513	1645	1	6
140	1646	1	6
42	1647	1	6
549	1649	1	6
164	1655	1	6
245	1655	1	6
318	1655	1	6
476	1655	1	6
48	1660	1	6
335	1660	1	6
512	1660	1	6
245	1663	1	6
108	1664	1	6
155	1664	1	6
233	1664	1	6
379	1664	1	6
172	1668	1	6
299	1668	1	6
424	1668	1	6
40	1669	1	6
118	1669	1	6
218	1669	1	6
307	1669	1	6
513	1669	1	6
574	1669	1	6
208	1670	1	6
245	1670	1	6
339	1670	1	6
464	1670	1	6
40	1673	1	6
196	1673	1	6
300	1673	1	6
471	1673	1	6
550	1673	1	6
214	1674	1	6
221	1674	1	6
557	1674	1	6
154	1678	1	6
230	1678	1	6
369	1678	1	6
439	1678	1	6
138	1679	1	6
288	1679	1	6
431	1679	1	6
58	1680	1	6
139	1680	1	6
140	1682	1	6
143	1682	1	6
226	1682	1	6
245	1682	1	6
336	1688	1	6
127	1690	1	6
245	1690	1	6
362	1690	1	6
411	1690	1	6
104	1693	1	6
194	1693	1	6
289	1693	1	6
555	1693	1	6
148	1694	1	6
245	1694	1	6
422	1694	1	6
428	1694	1	6
592	1694	1	6
555	1696	1	6
587	1696	1	6
40	1699	1	6
161	1699	1	6
402	1699	1	6
194	1700	1	6
10	1717	1	6
472	1717	1	6
354	1722	1	6
356	1722	1	6
389	1722	1	6
26	1726	1	6
41	1726	1	6
245	1726	1	6
280	1726	1	6
489	1726	1	6
160	1732	1	6
245	1732	1	6
307	1732	1	6
220	1734	1	6
245	1734	1	6
474	1734	1	6
476	1734	1	6
513	1734	1	6
84	1735	1	6
245	1735	1	6
276	1735	1	6
365	1735	1	6
473	1735	1	6
563	1735	1	6
592	1735	1	6
303	1736	1	6
555	1736	1	6
589	1736	1	6
204	1738	1	6
289	1738	1	6
507	1738	1	6
190	1742	1	6
186	1744	1	6
238	1744	1	6
245	1744	1	6
36	1745	2	6
256	1745	1	6
359	1745	1	6
245	1746	1	6
315	1746	1	6
544	1746	1	6
51	1747	1	6
124	1748	1	6
256	1748	1	6
555	1748	1	6
142	1750	1	6
391	1750	1	6
546	1750	2	6
194	1751	1	6
156	1752	1	6
197	1752	1	6
308	1752	1	6
221	1754	1	6
185	1755	1	6
245	1755	1	6
352	1755	1	6
474	1755	2	6
513	1755	1	6
569	1755	1	6
488	1757	1	6
324	1763	1	6
334	1763	1	6
513	1763	1	6
574	1763	1	6
245	1764	1	6
385	1764	2	6
208	1770	1	6
245	1770	1	6
339	1770	1	6
464	1770	1	6
245	1772	1	6
327	1772	1	6
245	1779	1	6
264	1779	1	6
327	1779	1	6
466	1779	1	6
78	1780	1	6
245	1780	1	6
339	1780	1	6
376	1780	1	6
592	1780	1	6
69	1787	1	6
146	1787	1	6
245	1787	1	6
348	1787	1	6
351	1787	1	6
363	1787	1	6
592	1787	1	6
434	1788	1	6
7	1792	1	6
231	1792	1	6
303	1792	1	6
379	1792	1	6
8	1793	1	6
145	1793	1	6
316	1793	1	6
369	1793	1	6
543	1793	1	6
558	1793	1	6
89	1800	1	6
245	1800	1	6
310	1800	1	6
434	1800	1	6
463	1800	1	6
160	1804	1	6
245	1804	1	6
352	1804	1	6
363	1804	1	6
476	1804	1	6
244	1812	1	6
245	1812	1	6
16	1818	1	6
140	1818	1	6
199	1818	1	6
220	1818	1	6
245	1818	1	6
310	1818	1	6
363	1818	2	6
208	1822	1	6
245	1822	1	6
339	1822	1	6
464	1822	1	6
374	1825	2	6
33	1826	1	6
245	1826	1	6
92	1827	1	6
78	1830	1	6
116	1830	1	6
141	1830	1	6
436	1830	1	6
513	1830	1	6
546	1830	1	6
90	1832	1	6
160	1832	1	6
245	1832	1	6
336	1832	1	6
389	1832	1	6
487	1832	1	6
492	1832	1	6
141	1834	1	6
245	1834	1	6
321	1834	1	6
352	1834	1	6
531	1834	1	6
548	1834	1	6
320	1835	1	6
374	1835	1	6
390	1835	1	6
492	1835	1	6
41	1836	1	6
245	1836	1	6
307	1836	1	6
243	1841	1	6
245	1841	1	6
425	1841	1	6
471	1841	1	6
555	1841	1	6
558	1841	1	6
57	1843	1	6
245	1843	1	6
354	1843	1	6
407	1843	1	6
549	1843	1	6
64	1846	1	6
222	1846	1	6
243	1846	1	6
542	1846	1	6
49	1848	1	6
346	1848	1	6
416	1848	1	6
69	1856	1	6
192	1856	1	6
245	1856	1	6
351	1856	1	6
363	1856	1	6
592	1856	1	6
503	1857	1	6
523	1857	1	6
555	1857	1	6
245	1859	1	6
362	1859	1	6
398	1859	1	6
570	1859	1	6
245	1861	1	6
351	1861	1	6
592	1861	1	6
100	1863	1	6
144	1863	1	6
179	1870	1	6
372	1870	1	6
538	1870	1	6
303	1873	1	6
555	1873	1	6
87	1874	1	6
251	1874	1	6
238	1876	1	6
405	1876	1	6
63	1881	1	6
367	1881	1	6
522	1881	1	6
69	1883	1	6
245	1883	1	6
348	1883	1	6
363	1883	1	6
122	1884	1	6
389	1884	1	6
401	1884	1	6
273	1885	1	6
567	1885	1	6
67	1888	1	6
212	1888	3	6
478	1888	1	6
152	1890	1	6
220	1890	1	6
245	1890	1	6
262	1890	1	6
560	1890	1	6
165	1891	1	6
221	1891	1	6
540	1891	1	6
468	1892	1	6
79	1899	2	6
238	1899	1	6
334	1899	2	6
522	1899	1	6
590	1899	1	6
310	1900	1	6
343	1900	1	6
36	1901	1	6
105	1901	1	6
197	1901	1	6
273	1901	1	6
292	1901	1	6
513	1901	1	6
552	1901	1	6
69	1904	1	6
245	1904	1	6
351	1904	1	6
363	1904	1	6
476	1904	1	6
51	1908	1	6
310	1908	1	6
208	1909	1	6
245	1909	1	6
339	1909	1	6
351	1909	1	6
464	1909	1	6
592	1909	1	6
80	1910	1	6
167	1910	1	6
243	1910	1	6
424	1910	1	6
171	1916	2	6
245	1916	1	6
340	1916	1	6
543	1916	1	6
22	1920	1	6
245	1920	1	6
447	1920	1	6
513	1920	1	6
543	1920	1	6
558	1920	1	6
66	1925	1	6
245	1925	1	6
256	1925	1	6
307	1925	1	6
359	1925	1	6
445	1925	1	6
124	1926	1	6
167	1926	1	6
534	1926	1	6
369	1928	1	6
453	1928	1	6
540	1928	1	6
245	1929	1	6
215	1930	1	6
327	1930	1	6
77	1931	1	6
220	1937	1	6
245	1937	1	6
35	1939	1	6
307	1939	1	6
140	1941	1	6
180	1941	1	6
468	1941	1	6
245	1943	1	6
363	1943	1	6
379	1943	1	6
52	1947	1	6
167	1947	1	6
148	1948	1	6
245	1948	1	6
258	1948	1	6
422	1948	1	6
428	1948	1	6
592	1948	1	6
148	1950	1	6
245	1950	1	6
258	1950	1	6
422	1950	1	6
428	1950	1	6
592	1950	1	6
64	1955	1	6
358	1955	1	6
374	1955	1	6
550	1955	1	6
590	1955	1	6
139	1956	1	6
245	1956	2	6
429	1956	1	6
477	1956	1	6
562	1956	1	6
173	1957	1	6
286	1957	1	6
321	1957	1	6
352	1957	1	6
546	1957	1	6
242	1959	1	6
497	1962	1	6
189	1964	1	6
206	1965	9	6
314	1965	1	6
153	1966	1	6
299	1966	1	6
405	1971	1	6
514	1971	1	6
31	1972	1	6
242	1972	1	6
299	1973	1	6
35	1974	1	6
245	1974	1	6
336	1974	1	6
513	1974	1	6
245	1977	1	6
351	1977	1	6
376	1977	1	6
592	1977	1	6
152	1978	1	6
347	1978	1	6
480	1978	1	6
504	1978	1	6
524	1978	1	6
291	1979	1	6
486	1979	1	6
522	1979	1	6
425	1981	1	6
505	1981	1	6
576	1981	1	6
352	1982	1	6
404	1982	1	6
546	1982	1	6
78	1986	1	6
245	1986	1	6
339	1986	1	6
351	1986	1	6
592	1986	3	6
386	1991	1	6
385	1992	1	6
513	1992	1	6
542	1992	1	6
144	1994	1	6
405	1994	1	6
245	1996	1	6
351	1996	1	6
376	1996	1	6
592	1996	1	6
1	1998	1	6
63	1998	1	6
159	1998	1	6
201	1998	1	6
490	1998	1	6
513	1998	1	6
141	2009	1	6
245	2009	1	6
303	2009	1	6
546	2009	1	6
546	2010	1	6
245	2018	1	6
1	2019	1	6
63	2019	1	6
159	2019	1	6
201	2019	1	6
513	2019	1	6
245	2020	1	6
47	2021	1	6
238	2021	1	6
256	2021	1	6
245	2024	1	6
351	2024	2	6
173	2029	1	6
176	2029	1	6
210	2029	1	6
524	2029	1	6
173	2031	1	6
176	2031	1	6
210	2031	1	6
524	2031	1	6
8	2038	1	6
94	2038	1	6
169	2038	1	6
245	2038	1	6
263	2038	1	6
307	2038	1	6
19	2039	1	6
139	2039	1	6
245	2039	1	6
476	2039	2	6
592	2039	1	6
172	2045	1	6
238	2046	1	6
481	2046	1	6
8	2054	1	6
191	2054	1	6
210	2054	1	6
307	2054	1	6
435	2054	1	6
462	2054	1	6
188	2059	1	6
241	2059	1	6
245	2059	1	6
411	2059	1	6
436	2059	1	6
494	2059	1	6
78	2063	1	6
245	2063	1	6
339	2063	1	6
375	2063	1	6
389	2063	1	6
592	2063	1	6
71	2064	1	6
212	2064	1	6
320	2064	1	6
522	2064	1	6
245	2066	1	6
545	2066	1	6
208	2067	1	6
245	2067	1	6
339	2067	1	6
351	2067	1	6
464	2067	1	6
592	2067	1	6
16	2071	1	6
245	2071	1	6
307	2071	1	6
311	2071	1	6
343	2071	1	6
546	2071	2	6
589	2072	1	6
30	2073	1	6
474	2073	1	6
549	2073	1	6
560	2073	1	6
28	2074	1	6
139	2074	1	6
452	2074	1	6
462	2074	1	6
394	2076	1	6
166	2077	1	6
459	2078	1	6
425	2082	1	6
303	2083	1	6
135	2085	1	6
244	2085	1	6
8	2088	1	6
43	2088	1	6
132	2088	1	6
167	2088	1	6
214	2088	1	6
452	2092	1	6
245	2097	1	6
513	2097	1	6
589	2097	1	6
35	2098	1	6
152	2098	1	6
245	2098	1	6
71	2099	1	6
261	2099	1	6
340	2099	1	6
499	2099	1	6
504	2099	1	6
162	2101	1	6
233	2101	1	6
245	2101	1	6
358	2101	1	6
381	2101	1	6
513	2105	1	6
536	2105	1	6
549	2105	1	6
43	2106	1	6
132	2106	1	6
193	2106	1	6
196	2106	1	6
214	2106	1	6
523	2106	1	6
494	2107	1	6
238	2108	1	6
408	2108	1	6
549	2108	1	6
220	2111	1	6
245	2111	1	6
351	2111	1	6
146	2113	1	6
245	2113	1	6
8	2115	1	6
40	2115	1	6
245	2115	1	6
549	2115	1	6
245	2117	1	6
1	2119	1	6
314	2119	1	6
38	2120	1	6
71	2120	1	6
245	2120	1	6
371	2120	1	6
480	2120	1	6
245	2121	1	6
385	2121	2	6
101	2123	1	6
245	2123	1	6
479	2123	2	6
564	2123	1	6
207	2125	1	6
492	2125	1	6
541	2125	2	6
300	2127	1	6
589	2127	1	6
571	2131	1	6
334	2132	1	6
518	2132	1	6
167	2133	1	6
220	2133	1	6
245	2133	1	6
280	2133	1	6
314	2133	1	6
362	2133	1	6
416	2133	1	6
35	2134	1	6
69	2134	2	6
139	2134	1	6
245	2134	1	6
307	2134	1	6
363	2134	2	6
476	2134	1	6
522	2134	1	6
187	2135	1	6
196	2135	1	6
245	2135	1	6
356	2135	1	6
587	2140	1	6
173	2147	1	6
223	2149	1	6
134	2150	1	6
154	2150	1	6
176	2150	1	6
310	2150	1	6
552	2150	1	6
554	2150	1	6
148	2151	1	6
245	2151	1	6
422	2151	1	6
428	2151	1	6
592	2151	1	6
277	2156	1	6
564	2159	1	6
65	2161	1	6
69	2161	1	6
139	2161	1	6
160	2161	1	6
245	2161	1	6
352	2161	1	6
363	2161	1	6
542	2161	1	6
114	2165	1	6
238	2165	1	6
245	2165	1	6
403	2165	1	6
46	2166	1	6
170	2166	1	6
307	2166	1	6
586	2166	1	6
437	2168	1	6
591	2168	1	6
123	2169	1	6
549	2169	1	6
23	2174	1	6
220	2174	1	6
441	2174	1	6
245	2175	1	6
110	2176	1	6
256	2176	1	6
279	2176	1	6
297	2176	1	6
425	2176	1	6
466	2176	1	6
545	2176	1	6
172	2179	1	6
218	2179	1	6
303	2179	1	6
491	2179	1	6
543	2179	1	6
116	2183	1	6
245	2183	1	6
397	2183	1	6
434	2183	1	6
546	2183	1	6
513	2184	1	6
425	2186	1	6
119	2187	1	6
8	2188	1	6
146	2188	1	6
220	2188	1	6
245	2188	1	6
310	2188	1	6
351	2188	1	6
371	2188	1	6
220	2189	2	6
245	2189	1	6
165	2192	1	6
212	2192	1	6
245	2192	1	6
246	2192	1	6
307	2192	1	6
336	2192	1	6
196	2193	1	6
425	2193	1	6
468	2195	1	6
513	2195	1	6
530	2195	1	6
37	2196	1	6
79	2198	1	6
524	2198	1	6
395	2200	1	6
586	2200	1	6
180	2202	1	6
513	2204	1	6
521	2204	1	6
220	2205	1	6
245	2205	1	6
351	2205	1	6
592	2205	1	6
238	2207	1	6
307	2207	1	6
352	2207	1	6
549	2207	1	6
182	2209	1	6
214	2209	1	6
300	2209	1	6
307	2209	1	6
383	2209	1	6
238	2210	1	6
109	2211	2	6
152	2211	1	6
245	2211	1	6
277	2211	2	6
515	2211	1	6
223	2212	1	6
166	2213	1	6
191	2213	1	6
218	2213	1	6
245	2213	1	6
352	2213	1	6
381	2213	1	6
483	2213	1	6
256	2214	1	6
199	2215	1	6
234	2215	1	6
525	2215	1	6
568	2215	1	6
549	2216	1	6
590	2216	1	6
379	2218	1	6
223	2219	1	6
294	2219	1	6
342	2219	1	6
388	2219	1	6
465	2219	1	6
493	2219	1	6
327	2222	1	6
493	2222	1	6
220	2223	1	6
245	2223	1	6
310	2223	1	6
4	2226	1	6
212	2226	1	6
241	2227	1	6
493	2227	1	6
562	2227	1	6
128	2228	1	6
470	2228	1	6
502	2228	1	6
493	2230	1	6
562	2230	1	6
160	2231	1	6
307	2231	1	6
522	2231	1	6
220	2232	1	6
230	2232	1	6
245	2232	1	6
434	2232	1	6
546	2232	1	6
133	2235	1	6
241	2235	1	6
493	2235	1	6
146	2237	1	6
167	2237	1	6
286	2237	1	6
307	2237	1	6
493	2238	1	6
384	2239	1	6
448	2243	1	6
35	2248	1	6
288	2248	1	6
245	2251	1	6
56	2252	1	6
66	2252	1	6
191	2252	1	6
363	2252	1	6
513	2252	1	6
471	2254	1	6
290	2255	1	6
518	2255	1	6
549	2255	1	6
62	2256	1	6
196	2256	1	6
585	2256	1	6
196	2257	1	6
527	2258	1	6
549	2258	1	6
348	2259	1	6
494	2259	1	6
526	2259	1	6
564	2259	1	6
585	2260	1	6
208	2262	1	6
245	2262	1	6
339	2262	1	6
351	2262	1	6
464	2262	1	6
592	2262	1	6
104	2267	1	6
465	2269	1	6
101	2270	1	6
327	2270	1	6
384	2270	1	6
587	2270	1	6
117	2272	1	6
196	2272	1	6
525	2272	1	6
104	2274	1	6
124	2274	1	6
223	2274	1	6
301	2274	1	6
495	2274	1	6
549	2274	2	6
549	2277	1	6
577	2277	1	6
124	2278	1	6
331	2278	1	6
399	2278	1	6
557	2278	1	6
14	2279	1	6
35	2279	1	6
167	2279	1	6
199	2279	1	6
301	2279	1	6
527	2279	1	6
558	2279	1	6
221	2282	1	6
103	2283	1	6
118	2283	1	6
299	2283	1	6
307	2288	1	6
446	2288	2	6
194	2294	1	6
307	2294	1	6
394	2294	1	6
463	2295	1	6
513	2295	1	6
560	2295	1	6
175	2296	1	6
245	2296	1	6
179	2297	1	6
452	2297	1	6
487	2298	1	6
505	2298	1	6
552	2298	1	6
34	2300	1	6
155	2300	1	6
226	2300	1	6
8	2301	1	6
166	2301	1	6
218	2301	1	6
467	2301	1	6
513	2301	1	6
245	2303	1	6
513	2303	1	6
536	2303	1	6
549	2303	1	6
55	2304	1	6
425	2304	1	6
219	2307	1	6
245	2308	1	6
366	2311	1	6
549	2311	1	6
245	2312	1	6
351	2312	1	6
376	2312	1	6
592	2312	1	6
210	2313	1	6
347	2313	1	6
426	2313	1	6
307	2317	1	6
245	2319	1	6
351	2319	1	6
592	2319	1	6
78	2321	1	6
245	2321	1	6
351	2321	1	6
592	2321	2	6
522	2327	1	6
447	2328	1	6
58	2331	1	6
201	2331	1	6
256	2331	1	6
257	2331	1	6
481	2331	1	6
513	2332	1	6
518	2332	1	6
138	2333	1	6
257	2333	1	6
334	2333	1	6
480	2333	1	6
37	2334	1	6
124	2334	1	6
212	2337	1	6
130	2339	1	6
245	2339	1	6
352	2339	1	6
363	2339	1	6
505	2342	1	6
36	2346	1	6
153	2346	1	6
280	2346	1	6
161	2349	1	6
427	2349	1	6
522	2349	1	6
300	2354	1	6
183	2361	1	6
558	2364	1	6
337	2365	1	6
589	2366	1	6
78	2371	1	6
245	2371	1	6
429	2371	1	6
245	2372	1	6
351	2372	1	6
376	2372	1	6
434	2372	1	6
528	2372	1	6
592	2372	1	6
42	2374	1	6
60	2374	1	6
110	2374	1	6
336	2376	1	6
220	2377	2	6
245	2377	1	6
351	2377	1	6
336	2379	1	6
145	2382	1	6
171	2382	1	6
215	2382	1	6
245	2382	1	6
564	2382	1	6
124	2388	1	6
199	2388	1	6
245	2388	1	6
284	2388	1	6
314	2388	1	6
585	2388	1	6
217	2399	1	6
245	2401	1	6
534	2401	1	6
87	2402	1	6
238	2403	1	6
19	2407	1	6
160	2407	1	6
245	2407	1	6
315	2407	1	6
347	2407	1	6
476	2407	1	6
549	2408	1	6
14	2409	1	6
245	2409	1	6
294	2409	1	6
299	2409	1	6
486	2409	1	6
179	2411	2	6
550	2411	1	6
564	2411	2	6
318	2413	1	6
116	2414	1	6
294	2414	1	6
352	2414	1	6
563	2414	1	6
425	2415	1	6
245	2418	1	6
351	2418	1	6
592	2418	1	6
82	2419	1	6
186	2419	1	6
193	2419	1	6
196	2419	2	6
299	2419	1	6
305	2419	1	6
379	2419	1	6
196	2423	1	6
234	2423	1	6
305	2423	1	6
483	2423	1	6
64	2425	1	6
237	2425	1	6
210	2426	1	6
372	2426	1	6
190	2430	1	6
22	2434	1	6
38	2434	1	6
63	2434	1	6
277	2434	1	6
307	2434	1	6
334	2434	1	6
196	2435	1	6
167	2437	1	6
196	2437	1	6
221	2437	1	6
514	2437	1	6
277	2440	1	6
303	2440	1	6
576	2440	1	6
31	2441	1	6
82	2441	1	6
118	2441	1	6
186	2441	1	6
303	2441	1	6
465	2441	1	6
73	2442	1	6
383	2442	1	6
84	2447	1	6
199	2447	1	6
449	2447	1	6
492	2447	1	6
237	2449	1	6
391	2449	1	6
564	2449	2	6
303	2451	1	6
38	2452	1	6
155	2453	1	6
245	2453	1	6
168	2456	1	6
187	2456	2	6
237	2456	1	6
376	2456	1	6
437	2456	1	6
23	2458	1	6
237	2458	1	6
564	2458	1	6
22	2460	1	6
237	2460	1	6
211	2462	1	6
115	2466	1	6
210	2466	1	6
140	2467	1	6
245	2467	1	6
307	2467	1	6
329	2467	1	6
206	2474	1	6
450	2474	1	6
229	2478	1	6
329	2478	1	6
245	2480	1	6
351	2480	1	6
592	2480	1	6
167	2481	1	6
167	2482	1	6
549	2483	1	6
425	2487	1	6
480	2487	1	6
555	2487	1	6
170	2489	1	6
214	2489	1	6
425	2489	1	6
555	2489	1	6
23	2492	1	6
226	2492	1	6
425	2492	1	6
535	2492	1	6
555	2492	1	6
167	2495	1	6
230	2496	1	6
215	2498	1	6
426	2498	1	6
98	2502	1	6
121	2502	1	6
300	2502	1	6
347	2502	1	6
503	2502	1	6
518	2502	1	6
237	2503	1	6
379	2503	1	6
437	2503	1	6
513	2503	1	6
53	2505	1	6
98	2505	1	6
152	2505	1	6
201	2505	1	6
325	2505	1	6
382	2505	1	6
55	2506	1	6
5	2507	1	6
319	2507	1	6
121	2510	1	6
255	2510	1	6
303	2510	1	6
587	2510	3	6
384	2513	1	6
437	2513	1	6
197	2518	1	6
282	2518	1	6
483	2518	1	6
134	2522	1	6
264	2522	1	6
429	2522	1	6
513	2522	1	6
38	2524	1	6
438	2524	1	6
564	2529	1	6
59	2531	1	6
87	2531	1	6
199	2531	1	6
187	2532	1	6
290	2532	1	6
449	2532	1	6
549	2532	1	6
57	2535	1	6
245	2536	1	6
363	2536	1	6
5	2537	1	6
556	2537	1	6
566	2537	1	6
245	2538	1	6
352	2538	1	6
487	2538	1	6
546	2538	1	6
308	2542	2	6
457	2542	1	6
550	2542	1	6
220	2543	1	6
146	2551	1	6
245	2551	1	6
522	2551	1	6
546	2551	1	6
245	2552	1	6
475	2552	1	6
146	2554	1	6
365	2554	1	6
453	2554	1	6
75	2555	1	6
174	2555	1	6
242	2555	1	6
554	2555	1	6
24	2562	1	6
42	2562	1	6
82	2562	1	6
134	2562	1	6
475	2562	1	6
490	2562	1	6
497	2562	1	6
108	2563	1	6
207	2563	1	6
238	2563	1	6
245	2563	1	6
5	2565	1	6
204	2565	1	6
452	2565	1	6
139	2567	1	6
220	2567	1	6
94	2569	1	6
187	2569	1	6
118	2570	1	6
513	2570	1	6
86	2571	1	6
245	2571	1	6
385	2571	1	6
513	2571	1	6
517	2571	1	6
525	2571	1	6
553	2571	1	6
256	2577	1	6
285	2577	1	6
513	2577	1	6
71	2588	1	6
245	2588	1	6
543	2588	1	6
220	2590	1	6
245	2590	1	6
285	2590	1	6
336	2590	1	6
348	2590	1	6
488	2590	1	6
526	2590	1	6
245	2597	1	6
281	2597	1	6
541	2598	1	6
88	2605	1	6
311	2605	1	6
513	2605	1	6
592	2605	1	6
88	2610	1	6
105	2610	1	6
325	2610	1	6
442	2610	1	6
513	2610	1	6
561	2610	1	6
364	2611	1	6
369	2611	1	6
578	2611	1	6
2	2612	1	6
408	2612	1	6
429	2612	1	6
490	2612	1	6
101	2613	2	6
513	2613	1	6
91	2615	1	6
257	2615	1	6
361	2615	1	6
327	2623	1	6
71	2631	1	6
187	2631	1	6
214	2631	1	6
245	2631	1	6
423	2631	1	6
156	2632	1	6
173	2632	1	6
190	2632	1	6
212	2632	2	6
467	2635	1	6
194	2636	1	6
495	2636	1	6
543	2636	1	6
564	2636	1	6
47	2641	1	6
220	2641	1	6
248	2641	1	6
316	2641	1	6
505	2641	1	6
552	2641	1	6
564	2641	1	6
11	2643	1	6
123	2643	1	6
393	2643	1	6
245	2647	1	6
514	2647	1	6
564	2647	1	6
15	2650	1	6
86	2650	2	6
247	2650	1	6
303	2650	1	6
589	2652	1	6
31	2653	1	6
60	2653	1	6
404	2656	1	6
245	2660	1	6
546	2660	1	6
69	2666	1	6
245	2666	1	6
363	2666	1	6
427	2666	1	6
526	2666	1	6
141	2669	1	6
245	2669	1	6
265	2669	1	6
385	2669	1	6
482	2669	1	6
547	2669	1	6
548	2669	1	6
57	2678	1	6
245	2678	1	6
294	2678	1	6
354	2678	1	6
485	2679	1	6
71	2680	1	6
259	2680	1	6
587	2680	1	6
311	2681	1	6
481	2681	1	6
582	2681	1	6
50	2683	1	6
221	2683	1	6
307	2683	1	6
477	2683	1	6
307	2684	1	6
591	2684	1	6
36	2687	1	6
91	2687	1	6
223	2687	1	6
32	2693	1	6
70	2693	1	6
115	2693	1	6
376	2693	1	6
541	2693	1	6
564	2695	1	6
123	2700	1	6
128	2700	1	6
113	2701	1	6
116	2701	1	6
546	2701	1	6
141	2703	1	6
322	2703	1	6
355	2703	2	6
457	2703	1	6
167	3	1	7
245	4	1	7
342	4	1	7
210	6	1	7
212	6	1	7
297	6	1	7
326	6	1	7
404	6	1	7
512	6	1	7
399	14	1	7
549	14	1	7
277	20	1	7
300	21	1	7
460	21	1	7
492	21	1	7
585	21	1	7
50	30	1	7
245	30	1	7
398	30	1	7
156	34	1	7
212	34	1	7
214	34	1	7
245	34	1	7
348	34	1	7
406	34	1	7
435	34	1	7
327	50	1	7
448	50	1	7
66	51	1	7
588	51	1	7
28	52	1	7
33	52	1	7
481	52	1	7
558	52	1	7
335	53	1	7
415	53	1	7
471	53	1	7
296	55	2	7
494	55	1	7
122	56	1	7
242	56	1	7
447	56	1	7
508	56	1	7
564	56	1	7
22	60	1	7
104	60	1	7
224	60	1	7
352	60	1	7
421	60	1	7
33	63	1	7
162	63	2	7
245	63	1	7
400	63	1	7
300	66	1	7
167	67	1	7
221	67	1	7
513	67	1	7
384	76	1	7
483	76	1	7
245	84	3	7
276	84	1	7
316	84	1	7
320	84	1	7
378	84	1	7
440	84	1	7
510	84	1	7
583	84	1	7
128	96	1	7
210	96	1	7
229	96	1	7
300	96	1	7
445	96	1	7
558	96	1	7
18	108	1	7
245	108	1	7
351	108	1	7
245	123	1	7
330	123	1	7
376	123	1	7
247	135	1	7
253	135	1	7
292	135	1	7
459	135	1	7
187	145	1	7
335	145	1	7
28	150	1	7
110	150	1	7
205	150	1	7
245	150	1	7
347	150	1	7
65	158	1	7
201	158	1	7
285	158	1	7
50	180	1	7
196	180	1	7
245	180	1	7
365	180	1	7
512	180	1	7
519	180	1	7
129	192	1	7
168	192	1	7
240	192	1	7
307	192	1	7
535	192	1	7
536	192	2	7
245	198	1	7
403	201	1	7
562	201	1	7
72	222	1	7
205	222	1	7
245	222	1	7
53	230	1	7
180	230	1	7
465	230	1	7
18	241	1	7
28	241	1	7
245	241	1	7
351	241	1	7
568	241	1	7
212	246	1	7
403	246	1	7
584	246	1	7
2	258	1	7
247	258	1	7
115	267	1	7
516	267	1	7
120	268	1	7
306	268	1	7
346	268	2	7
549	268	1	7
241	273	1	7
198	281	1	7
245	283	1	7
232	285	1	7
241	285	1	7
307	299	1	7
245	301	1	7
316	301	1	7
421	301	1	7
463	301	1	7
564	301	1	7
146	306	1	7
167	306	1	7
245	306	1	7
474	306	1	7
510	306	1	7
585	306	1	7
26	315	1	7
224	315	1	7
505	315	1	7
565	315	1	7
47	317	1	7
303	317	1	7
198	321	1	7
322	321	1	7
346	321	1	7
549	321	1	7
205	324	1	7
245	324	1	7
185	325	1	7
285	325	1	7
394	325	1	7
496	325	1	7
70	347	1	7
327	347	1	7
562	347	1	7
245	352	1	7
351	352	1	7
381	352	1	7
400	352	1	7
91	366	1	7
303	371	1	7
542	371	1	7
564	371	1	7
37	388	1	7
347	388	1	7
549	388	1	7
14	398	1	7
127	398	1	7
161	398	1	7
173	398	1	7
245	398	1	7
340	398	1	7
467	398	1	7
65	411	1	7
84	411	1	7
245	411	1	7
400	411	1	7
487	411	1	7
246	417	1	7
270	417	2	7
549	417	1	7
47	426	1	7
564	426	1	7
61	427	1	7
245	427	3	7
440	427	1	7
446	427	1	7
572	427	1	7
583	427	1	7
167	428	1	7
270	428	1	7
316	428	1	7
226	435	1	7
423	435	1	7
589	442	1	7
71	456	1	7
126	456	1	7
207	456	1	7
140	495	1	7
380	495	1	7
453	495	1	7
484	495	1	7
509	495	1	7
513	495	1	7
18	509	1	7
132	509	1	7
180	509	1	7
72	512	1	7
150	512	1	7
336	512	1	7
373	512	1	7
4	520	1	7
171	520	1	7
218	520	1	7
522	520	1	7
245	523	1	7
307	523	1	7
513	523	1	7
212	526	1	7
451	526	1	7
536	526	1	7
433	528	1	7
245	546	1	7
492	546	1	7
513	546	1	7
365	553	1	7
481	553	1	7
144	560	1	7
349	560	1	7
437	560	1	7
449	560	1	7
163	616	1	7
179	616	1	7
256	616	1	7
384	616	1	7
327	624	1	7
210	627	1	7
224	629	1	7
245	630	1	7
149	638	1	7
449	638	1	7
564	638	1	7
50	642	1	7
123	642	1	7
245	642	1	7
347	643	1	7
581	643	1	7
203	654	1	7
481	654	1	7
515	654	1	7
524	654	1	7
536	654	1	7
571	654	1	7
52	672	1	7
252	672	1	7
290	672	1	7
430	672	1	7
229	674	2	7
306	674	1	7
307	674	1	7
434	680	1	7
366	687	1	7
401	687	1	7
99	692	1	7
108	692	1	7
324	697	1	7
574	697	1	7
549	698	1	7
326	705	1	7
324	706	1	7
542	706	2	7
256	711	1	7
405	711	1	7
38	714	1	7
524	714	1	7
212	720	1	7
343	720	1	7
458	720	1	7
522	720	1	7
198	721	1	7
332	721	2	7
445	721	1	7
61	787	1	7
202	787	1	7
245	787	2	7
513	787	1	7
572	787	1	7
91	804	1	7
307	804	1	7
404	805	1	7
31	817	1	7
53	817	1	7
87	817	1	7
426	817	1	7
503	817	1	7
513	817	1	7
522	817	1	7
26	821	1	7
53	821	1	7
87	821	1	7
426	821	1	7
437	821	1	7
503	821	1	7
522	821	1	7
385	835	1	7
446	835	1	7
564	835	1	7
245	838	3	7
352	838	1	7
446	838	1	7
494	838	1	7
583	838	1	7
212	840	1	7
420	840	1	7
473	840	1	7
75	846	1	7
245	846	1	7
78	852	1	7
306	852	1	7
321	852	1	7
592	852	2	7
384	858	1	7
564	858	1	7
270	862	1	7
564	862	1	7
284	864	1	7
361	864	1	7
488	864	1	7
209	868	1	7
386	868	1	7
384	870	2	7
158	878	1	7
207	878	1	7
499	878	1	7
549	878	1	7
268	902	1	7
384	902	1	7
430	902	1	7
126	907	1	7
576	908	1	7
589	908	1	7
126	912	1	7
134	912	1	7
238	912	1	7
324	912	1	7
279	915	1	7
299	915	1	7
384	915	1	7
18	922	1	7
245	922	1	7
351	922	1	7
183	923	1	7
381	923	1	7
513	923	1	7
18	926	1	7
245	926	1	7
351	926	1	7
70	927	1	7
18	933	1	7
19	933	1	7
245	933	1	7
338	933	1	7
351	933	1	7
494	933	1	7
303	934	1	7
549	934	1	7
18	937	2	7
19	937	1	7
245	937	1	7
338	937	1	7
351	937	1	7
494	937	1	7
40	938	1	7
347	938	1	7
549	938	1	7
386	940	1	7
191	944	1	7
525	944	1	7
101	946	1	7
136	946	1	7
300	949	1	7
349	949	1	7
74	950	1	7
427	950	1	7
508	950	1	7
550	950	1	7
567	950	1	7
406	951	1	7
408	951	2	7
516	951	1	7
123	953	1	7
549	953	2	7
439	958	1	7
446	958	1	7
300	960	1	7
513	960	1	7
218	966	1	7
173	967	1	7
300	967	1	7
450	967	1	7
209	969	1	7
300	969	1	7
500	969	1	7
513	969	1	7
579	969	1	7
101	977	2	7
589	977	1	7
101	979	1	7
101	991	1	7
223	991	1	7
245	991	1	7
300	998	1	7
347	999	1	7
87	1004	1	7
212	1004	1	7
279	1004	1	7
349	1004	1	7
212	1005	1	7
135	1007	1	7
432	1007	1	7
521	1007	1	7
66	1009	1	7
326	1009	1	7
140	1016	1	7
238	1016	1	7
245	1016	1	7
285	1016	2	7
347	1016	1	7
469	1016	1	7
485	1016	1	7
523	1016	1	7
15	1021	1	7
126	1021	1	7
300	1021	1	7
346	1021	1	7
374	1021	1	7
383	1021	1	7
87	1025	1	7
197	1025	1	7
535	1025	1	7
143	1072	1	7
319	1082	1	7
184	1093	1	7
245	1098	1	7
288	1098	1	7
549	1098	1	7
167	1104	1	7
483	1104	1	7
57	1107	1	7
245	1107	1	7
451	1107	1	7
513	1107	1	7
552	1107	1	7
18	1114	1	7
218	1114	1	7
245	1114	1	7
351	1114	1	7
245	1115	1	7
406	1115	1	7
451	1115	1	7
461	1147	1	7
588	1152	1	7
243	1158	1	7
347	1158	1	7
477	1158	1	7
494	1158	1	7
513	1158	1	7
542	1158	1	7
550	1158	2	7
43	1191	1	7
88	1191	1	7
245	1191	1	7
458	1191	1	7
513	1191	1	7
554	1191	1	7
18	1201	2	7
245	1201	1	7
334	1201	1	7
351	1201	1	7
352	1201	1	7
400	1201	1	7
245	1214	1	7
373	1214	1	7
546	1214	1	7
18	1220	1	7
20	1220	1	7
245	1220	1	7
334	1220	1	7
363	1220	1	7
570	1220	1	7
245	1225	1	7
373	1225	1	7
400	1225	1	7
245	1236	2	7
583	1236	1	7
334	1244	1	7
245	1247	1	7
158	1251	1	7
212	1251	1	7
351	1251	1	7
546	1251	3	7
42	1256	1	7
182	1256	1	7
482	1258	1	7
546	1258	1	7
218	1269	1	7
242	1269	1	7
245	1269	1	7
334	1269	1	7
414	1269	1	7
480	1269	1	7
534	1269	1	7
581	1269	1	7
141	1298	1	7
245	1298	1	7
381	1298	1	7
387	1298	1	7
546	1298	1	7
138	1299	1	7
197	1299	1	7
245	1299	1	7
265	1299	1	7
352	1299	1	7
212	1301	1	7
381	1301	1	7
473	1301	1	7
18	1304	2	7
245	1304	1	7
351	1304	1	7
546	1304	1	7
245	1310	1	7
479	1310	1	7
22	1311	1	7
219	1311	1	7
245	1311	1	7
283	1311	1	7
513	1311	1	7
66	1314	1	7
307	1314	1	7
245	1318	1	7
352	1318	1	7
546	1318	1	7
189	1319	1	7
264	1319	1	7
303	1319	1	7
245	1337	1	7
376	1337	1	7
397	1337	1	7
546	1337	1	7
149	1343	1	7
295	1343	1	7
18	1365	1	7
382	1391	1	7
551	1391	1	7
556	1391	1	7
230	1392	1	7
307	1392	1	7
434	1392	1	7
463	1392	1	7
18	1398	1	7
245	1398	1	7
546	1398	1	7
118	1404	1	7
118	1405	1	7
300	1405	1	7
245	1410	1	7
546	1410	1	7
56	1438	1	7
284	1438	1	7
285	1438	1	7
47	1463	1	7
25	1519	1	7
119	1519	1	7
142	1519	1	7
353	1519	1	7
365	1519	1	7
369	1519	1	7
540	1519	1	7
245	1523	1	7
375	1523	1	7
400	1523	1	7
445	1523	1	7
478	1523	1	7
522	1523	1	7
61	1529	1	7
202	1529	1	7
245	1529	2	7
370	1529	1	7
440	1529	1	7
444	1529	1	7
510	1529	1	7
513	1529	1	7
572	1529	1	7
8	1567	1	7
40	1567	1	7
218	1567	1	7
5	1582	1	7
347	1582	1	7
477	1582	1	7
190	1610	1	7
212	1616	1	7
346	1616	1	7
420	1616	1	7
513	1652	1	7
117	1654	1	7
196	1654	1	7
525	1654	1	7
61	1658	1	7
202	1658	1	7
245	1658	2	7
370	1658	1	7
440	1658	1	7
510	1658	1	7
572	1658	1	7
62	1661	1	7
78	1661	1	7
245	1661	1	7
263	1661	1	7
513	1661	1	7
119	1672	1	7
245	1672	1	7
485	1672	1	7
499	1672	1	7
123	1713	1	7
553	1713	1	7
95	1720	2	7
121	1720	1	7
162	1720	1	7
187	1720	1	7
442	1720	1	7
245	1769	1	7
400	1769	1	7
434	1769	1	7
546	1769	1	7
245	1781	1	7
316	1781	1	7
320	1781	1	7
370	1781	1	7
510	1781	1	7
189	1783	1	7
270	1783	1	7
23	1786	1	7
35	1786	1	7
196	1786	1	7
346	1786	1	7
564	1786	1	7
245	1797	1	7
269	1797	1	7
274	1797	1	7
275	1797	1	7
304	1797	1	7
536	1797	2	7
4	1802	1	7
134	1802	1	7
513	1802	1	7
515	1802	1	7
562	1802	1	7
199	1806	1	7
223	1806	1	7
254	1806	1	7
513	1806	1	7
522	1806	1	7
549	1806	1	7
18	1809	1	7
245	1809	1	7
351	1809	1	7
143	1814	1	7
174	1814	1	7
467	1814	1	7
490	1814	1	7
334	1820	1	7
431	1820	1	7
177	1828	1	7
71	1831	1	7
245	1831	1	7
386	1831	1	7
245	1839	1	7
354	1839	1	7
389	1839	1	7
172	1850	1	7
435	1850	1	7
98	1855	1	7
214	1855	1	7
245	1855	1	7
513	1855	1	7
522	1905	1	7
245	1919	1	7
320	1919	1	7
371	1919	1	7
378	1919	1	7
510	1919	1	7
74	1945	1	7
110	1953	1	7
191	1988	1	7
558	1988	1	7
490	1989	1	7
542	1989	1	7
580	1989	1	7
347	2000	1	7
383	2000	1	7
385	2000	1	7
480	2000	1	7
525	2000	1	7
534	2000	1	7
61	2014	1	7
245	2014	2	7
378	2014	1	7
510	2014	1	7
572	2014	1	7
587	2017	1	7
10	2026	1	7
185	2026	1	7
229	2034	1	7
356	2034	1	7
525	2034	1	7
61	2100	1	7
245	2100	2	7
378	2100	1	7
572	2100	1	7
180	2126	2	7
307	2130	1	7
327	2130	1	7
449	2130	1	7
27	2136	1	7
167	2136	1	7
184	2136	1	7
382	2136	1	7
398	2136	1	7
457	2136	1	7
558	2136	1	7
55	2138	1	7
325	2138	1	7
481	2138	1	7
140	2146	1	7
243	2146	1	7
436	2146	1	7
486	2146	1	7
16	2163	1	7
227	2163	1	7
276	2163	1	7
384	2163	1	7
483	2163	1	7
513	2163	2	7
245	2181	1	7
78	2201	1	7
352	2201	1	7
427	2201	1	7
61	2234	1	7
111	2234	1	7
202	2234	1	7
245	2234	2	7
370	2234	1	7
440	2234	1	7
444	2234	1	7
513	2234	1	7
572	2234	1	7
18	2245	1	7
245	2245	1	7
351	2245	1	7
199	2246	1	7
305	2246	1	7
336	2246	1	7
374	2246	1	7
18	2292	1	7
245	2292	1	7
351	2292	1	7
18	2316	1	7
245	2316	1	7
351	2316	1	7
489	2316	1	7
352	2338	1	7
398	2338	1	7
241	2341	1	7
307	2341	1	7
177	2357	1	7
245	2357	1	7
350	2357	1	7
489	2357	1	7
199	2378	1	7
245	2378	1	7
340	2378	1	7
400	2378	1	7
513	2378	1	7
245	2380	1	7
371	2380	1	7
378	2380	1	7
444	2380	1	7
510	2380	1	7
270	2384	1	7
303	2384	1	7
315	2389	1	7
549	2389	1	7
40	2400	1	7
240	2400	1	7
245	2400	1	7
299	2400	1	7
340	2400	1	7
347	2400	1	7
365	2400	1	7
383	2400	1	7
463	2400	1	7
525	2400	1	7
18	2405	2	7
23	2405	1	7
245	2405	1	7
351	2405	1	7
392	2405	1	7
48	2465	1	7
245	2476	1	7
386	2476	1	7
394	2476	1	7
513	2476	1	7
41	2477	1	7
206	2477	5	7
563	2477	1	7
61	2486	1	7
202	2486	1	7
245	2486	3	7
440	2486	1	7
572	2486	1	7
583	2486	1	7
245	2520	1	7
376	2520	1	7
397	2520	1	7
546	2520	1	7
46	2557	1	7
114	2557	1	7
245	2557	1	7
307	2557	1	7
395	2557	1	7
522	2557	1	7
549	2557	1	7
234	2564	1	7
268	2564	1	7
549	2564	1	7
245	2582	1	7
281	2582	1	7
351	2582	1	7
592	2582	1	7
61	2593	1	7
245	2593	2	7
446	2593	1	7
572	2593	1	7
18	2604	2	7
39	2604	1	7
186	2604	1	7
245	2604	1	7
351	2604	1	7
119	2629	1	7
245	2629	1	7
245	2659	1	7
23	2661	1	7
380	2661	1	7
245	2668	1	7
350	2668	1	7
408	2668	1	7
413	2668	2	7
564	2668	1	7
86	2673	1	7
245	2673	1	7
276	2673	1	7
316	2673	1	7
370	2673	1	7
510	2673	1	7
245	2676	1	7
352	2676	1	7
546	2676	1	7
245	2677	1	7
18	2682	1	7
65	2688	1	7
152	2688	1	7
160	2688	1	7
163	2688	1	7
168	2688	1	7
245	2690	1	7
25	2697	1	7
404	2697	1	7
513	2697	1	7
526	2697	1	7
546	2697	1	7
162	28	1	8
394	28	1	8
456	28	1	8
188	131	1	8
245	148	1	8
418	148	1	8
457	148	1	8
479	148	1	8
498	148	1	8
295	161	1	8
404	161	1	8
425	161	1	8
558	161	1	8
245	256	1	8
87	260	1	8
102	260	1	8
245	260	1	8
251	260	1	8
41	303	1	8
239	303	1	8
513	303	1	8
549	303	1	8
264	465	1	8
508	465	1	8
120	518	1	8
245	518	1	8
376	518	1	8
341	597	1	8
37	600	1	8
129	667	1	8
234	667	1	8
238	667	1	8
481	667	1	8
519	667	1	8
50	673	1	8
513	686	1	8
288	762	1	8
304	762	1	8
483	767	1	8
245	791	1	8
458	791	1	8
476	791	1	8
51	801	1	8
192	801	1	8
268	801	1	8
313	801	1	8
78	812	1	8
245	812	1	8
431	812	1	8
301	815	1	8
104	822	1	8
212	822	1	8
297	822	1	8
15	836	1	8
101	836	1	8
301	836	1	8
244	859	1	8
253	859	1	8
303	859	1	8
336	859	1	8
340	859	1	8
383	859	1	8
197	863	1	8
199	863	1	8
213	863	1	8
285	863	1	8
329	863	1	8
481	863	1	8
16	919	1	8
196	919	1	8
539	919	1	8
123	930	1	8
307	930	1	8
184	990	1	8
321	990	1	8
352	990	1	8
354	990	1	8
546	990	1	8
303	995	1	8
508	995	1	8
576	995	1	8
229	1015	3	8
245	1015	1	8
23	1061	1	8
221	1061	1	8
369	1061	1	8
65	1066	1	8
158	1066	1	8
191	1066	1	8
201	1066	1	8
513	1066	1	8
549	1066	1	8
22	1131	1	8
245	1131	1	8
367	1131	1	8
522	1131	1	8
353	1149	1	8
387	1149	1	8
25	1199	1	8
271	1199	1	8
401	1199	1	8
407	1199	1	8
546	1199	1	8
287	1246	1	8
439	1246	1	8
546	1280	2	8
28	1315	1	8
411	1315	1	8
40	1345	1	8
87	1345	1	8
238	1345	1	8
245	1345	1	8
349	1345	1	8
480	1345	1	8
513	1345	1	8
245	1353	1	8
476	1353	1	8
551	1353	1	8
245	1354	1	8
476	1354	1	8
551	1354	1	8
56	1359	1	8
115	1359	1	8
285	1359	1	8
352	1359	2	8
356	1359	1	8
522	1359	1	8
564	1359	1	8
141	1374	1	8
245	1374	1	8
352	1374	1	8
376	1374	1	8
546	1374	1	8
44	1382	1	8
193	1382	1	8
299	1382	2	8
307	1382	1	8
466	1382	1	8
245	1383	1	8
375	1383	1	8
389	1383	1	8
192	1385	1	8
209	1385	1	8
245	1385	1	8
268	1385	1	8
376	1385	1	8
447	1385	1	8
476	1385	1	8
245	1388	1	8
375	1388	1	8
389	1388	1	8
84	1395	1	8
245	1395	1	8
376	1395	1	8
476	1395	1	8
78	1402	1	8
241	1402	1	8
294	1402	1	8
546	1402	1	8
592	1402	1	8
20	1433	1	8
138	1433	1	8
513	1433	1	8
564	1433	1	8
211	1436	1	8
138	1496	1	8
160	1496	1	8
458	1496	1	8
245	1514	1	8
303	1536	1	8
334	1536	1	8
449	1536	1	8
513	1536	1	8
245	1547	1	8
375	1547	1	8
389	1547	1	8
245	1548	1	8
375	1548	1	8
389	1548	1	8
131	1553	1	8
233	1553	1	8
245	1562	1	8
288	1562	1	8
290	1562	1	8
513	1562	1	8
549	1607	1	8
513	1614	1	8
307	1627	1	8
350	1629	1	8
413	1629	2	8
546	1629	1	8
194	1640	1	8
329	1659	1	8
365	1659	1	8
245	1662	1	8
400	1662	1	8
282	1681	1	8
523	1681	1	8
556	1681	1	8
585	1681	1	8
232	1689	1	8
245	1707	1	8
329	1707	1	8
347	1707	1	8
352	1707	1	8
449	1707	1	8
513	1707	1	8
245	1715	1	8
399	1715	1	8
466	1715	1	8
513	1715	1	8
35	1730	1	8
284	1730	1	8
530	1730	1	8
245	1903	1	8
142	1923	1	8
245	1923	1	8
352	1923	1	8
364	1923	1	8
513	1923	1	8
535	1923	1	8
40	1949	1	8
84	1949	1	8
195	1949	1	8
245	1949	1	8
444	1949	1	8
473	1949	1	8
492	1949	1	8
498	1949	1	8
577	1949	1	8
592	1949	1	8
245	1980	1	8
327	1980	1	8
245	2008	1	8
351	2008	1	8
397	2008	1	8
498	2008	1	8
180	2011	1	8
245	2011	1	8
323	2011	1	8
351	2011	1	8
498	2011	2	8
247	2015	1	8
535	2015	1	8
245	2022	1	8
375	2022	1	8
389	2022	1	8
245	2036	1	8
375	2036	1	8
389	2036	1	8
245	2044	1	8
375	2044	1	8
389	2044	1	8
245	2048	1	8
375	2048	1	8
389	2048	1	8
245	2050	1	8
375	2050	1	8
389	2050	1	8
245	2056	1	8
375	2056	1	8
389	2056	1	8
245	2062	1	8
375	2062	1	8
389	2062	1	8
245	2065	1	8
351	2065	1	8
376	2065	1	8
400	2065	1	8
476	2065	1	8
245	2160	1	8
351	2160	2	8
498	2160	2	8
212	2194	1	8
245	2194	1	8
400	2194	1	8
498	2194	1	8
172	2225	1	8
245	2225	1	8
484	2225	1	8
152	2390	1	8
32	2395	1	8
182	2395	1	8
519	2395	1	8
32	2398	1	8
182	2398	1	8
519	2398	1	8
214	2463	1	8
245	2463	1	8
534	2463	1	8
564	2463	1	8
558	2485	1	8
154	2527	1	8
324	2575	1	8
582	2575	1	8
245	2607	1	8
376	2607	1	8
476	2607	1	8
558	2607	1	8
212	2616	1	8
245	2616	1	8
375	2616	1	8
389	2616	1	8
245	2618	1	8
375	2618	1	8
389	2618	1	8
155	2645	1	8
245	2645	1	8
245	2694	1	8
434	2694	1	8
546	2694	1	8
