8	1	1	0
151	1	1	0
253	1	1	0
8	2	1	0
130	2	1	0
208	10	1	0
85	15	1	0
193	15	1	0
276	15	1	0
84	19	1	0
118	19	1	0
233	19	1	0
123	21	1	0
182	29	1	0
267	29	1	0
167	36	1	0
204	36	1	0
48	37	1	0
319	37	1	0
11	38	1	0
73	43	1	0
259	43	1	0
123	45	1	0
17	52	1	0
104	52	1	0
171	52	1	0
176	52	1	0
209	52	1	0
243	52	1	0
267	52	1	0
130	53	1	0
140	53	1	0
141	53	1	0
207	53	1	0
322	53	1	0
233	54	1	0
6	58	1	0
86	58	1	0
193	58	1	0
202	58	1	0
183	61	1	0
193	61	1	0
202	61	1	0
268	61	1	0
64	63	1	0
126	68	1	0
296	68	1	0
231	71	1	0
315	71	1	0
47	77	1	0
256	77	1	0
268	78	1	0
123	80	1	0
17	86	1	0
270	88	1	0
93	90	1	0
130	90	1	0
123	91	1	0
239	91	1	0
276	91	1	0
17	95	1	0
41	95	1	0
147	95	1	0
259	95	1	0
299	95	1	0
300	95	1	0
123	99	1	0
100	106	1	0
193	106	1	0
253	106	1	0
276	106	1	0
291	106	1	0
295	106	1	0
12	111	1	0
33	111	1	0
123	111	1	0
126	111	1	0
239	111	1	0
138	117	1	0
193	117	1	0
50	121	1	0
130	121	1	0
154	121	1	0
305	121	1	0
26	129	1	0
118	129	1	0
184	129	1	0
301	129	1	0
82	133	1	0
100	133	1	0
193	136	1	0
257	149	1	0
265	158	1	0
168	167	1	0
299	167	1	0
192	172	1	0
260	172	1	0
305	176	1	0
318	176	1	0
2	194	1	0
167	194	1	0
98	219	1	0
192	219	1	0
268	219	1	0
154	221	1	0
123	228	1	0
94	229	1	0
177	229	1	0
209	229	1	0
216	229	1	0
247	229	1	0
302	233	1	0
223	240	1	0
285	240	1	0
50	242	1	0
130	247	1	0
144	247	1	0
266	247	1	0
143	251	1	0
144	251	1	0
143	257	1	0
84	261	2	0
295	261	2	0
285	263	1	0
85	264	1	0
97	264	1	0
104	264	2	0
106	264	2	0
227	264	1	0
144	270	1	0
274	270	1	0
85	271	1	0
123	271	1	0
141	271	1	0
167	271	1	0
223	271	1	0
167	273	1	0
168	273	1	0
123	279	1	0
48	285	1	0
110	285	1	0
130	285	1	0
206	315	1	0
262	315	1	0
307	315	1	0
233	326	1	0
123	331	1	0
130	331	1	0
179	331	1	0
248	331	1	0
117	363	1	0
117	364	1	0
309	372	1	0
137	378	1	0
99	391	1	0
123	405	1	0
312	405	1	0
121	414	1	0
159	414	1	0
298	414	1	0
301	414	1	0
2	419	1	0
90	419	1	0
274	419	1	0
104	423	1	0
111	423	1	0
84	426	1	0
102	427	3	0
123	427	1	0
109	428	1	0
123	428	1	0
172	428	1	0
227	428	1	0
74	433	1	0
211	433	1	0
256	433	1	0
233	436	1	0
123	447	1	0
13	449	1	0
288	449	1	0
182	451	1	0
191	451	1	0
250	451	1	0
191	452	1	0
49	460	1	0
276	460	1	0
130	466	1	0
123	474	1	0
164	474	1	0
11	476	1	0
13	476	1	0
86	476	1	0
110	476	1	0
112	476	1	0
141	476	1	0
99	478	1	0
141	478	1	0
76	485	1	0
99	485	1	0
112	485	1	0
141	485	1	0
305	485	1	0
103	492	1	0
141	492	1	0
167	492	1	0
192	492	1	0
141	494	1	0
164	494	1	0
262	494	1	0
123	501	1	0
130	501	1	0
141	501	1	0
296	501	1	0
2	502	1	0
11	502	1	0
13	502	1	0
119	502	1	0
141	502	1	0
270	502	1	0
295	502	1	0
250	511	1	0
39	513	2	0
62	513	1	0
98	513	1	0
130	513	1	0
209	513	1	0
62	521	1	0
127	521	2	0
216	521	1	0
269	521	1	0
304	521	1	0
33	522	2	0
123	522	1	0
194	522	1	0
13	526	1	0
57	526	1	0
141	526	1	0
270	526	1	0
295	526	1	0
69	532	1	0
89	532	1	0
143	532	1	0
296	532	1	0
268	535	1	0
298	535	1	0
192	540	1	0
231	540	1	0
62	541	1	0
287	541	1	0
297	541	1	0
32	543	1	0
140	543	1	0
164	543	1	0
32	544	1	0
164	544	1	0
170	544	1	0
274	544	1	0
295	544	1	0
297	544	1	0
119	552	1	0
303	555	1	0
123	564	1	0
218	564	1	0
103	567	1	0
226	567	1	0
54	591	1	0
266	591	1	0
69	606	1	0
305	606	1	0
152	611	1	0
289	611	1	0
11	632	1	0
99	632	1	0
276	632	1	0
193	634	1	0
299	634	1	0
202	644	1	0
61	656	1	0
99	656	1	0
193	656	1	0
247	656	1	0
17	661	1	0
17	666	1	0
164	666	1	0
63	668	1	0
105	668	1	0
122	668	1	0
204	668	1	0
192	705	1	0
193	718	1	0
59	720	1	0
89	720	1	0
59	723	1	0
89	723	1	0
242	723	1	0
59	727	1	0
33	729	1	0
123	729	1	0
232	729	1	0
59	730	1	0
99	730	1	0
164	751	1	0
280	751	1	0
296	753	1	0
130	754	1	0
280	754	1	0
18	759	1	0
313	760	1	0
74	774	1	0
267	774	1	0
285	774	1	0
295	774	1	0
84	790	1	0
130	790	1	0
33	810	1	0
123	810	1	0
194	810	2	0
7	812	1	0
33	812	1	0
123	812	1	0
194	812	1	0
200	812	1	0
93	817	1	0
130	817	1	0
183	819	1	0
192	819	1	0
74	823	1	0
167	831	1	0
50	837	1	0
180	837	1	0
14	840	1	0
126	848	1	0
266	848	1	0
300	848	1	0
122	853	1	0
123	853	1	0
108	862	1	0
123	862	1	0
166	862	1	0
180	862	1	0
114	868	1	0
115	868	1	0
126	868	1	0
268	870	1	0
151	874	1	0
179	885	1	0
34	892	1	0
281	892	1	0
316	892	1	0
172	921	1	0
279	924	1	0
123	937	1	0
199	939	1	0
205	939	1	0
206	939	2	0
212	939	1	0
123	947	1	0
317	947	1	0
83	967	1	0
123	967	1	0
218	967	1	0
268	967	1	0
302	967	1	0
171	1004	1	0
206	1004	1	0
20	1008	1	0
268	1031	1	0
303	1031	1	0
300	1038	1	0
277	1044	1	0
317	1044	1	0
245	1049	1	0
123	1053	1	0
183	1053	1	0
295	1062	1	0
216	1064	1	0
270	1064	1	0
295	1064	1	0
119	1065	1	0
216	1065	1	0
266	1065	1	0
33	1077	1	0
123	1077	1	0
198	1089	1	0
312	1089	1	0
35	1101	1	0
138	1101	1	0
62	1119	1	0
123	1119	1	0
158	1119	1	0
296	1138	1	0
308	1138	1	0
239	1143	1	0
15	1144	1	0
192	1144	1	0
260	1144	1	0
304	1144	1	0
151	1148	1	0
221	1148	1	0
305	1148	1	0
83	1151	1	0
84	1151	1	0
187	1151	1	0
67	1152	1	0
83	1152	2	0
108	1152	1	0
187	1152	1	0
206	1152	1	0
83	1153	1	0
70	1195	1	0
211	1195	1	0
74	1224	1	0
228	1224	1	0
291	1224	1	0
156	1225	1	0
271	1225	1	0
305	1225	1	0
22	1245	1	0
34	1245	1	0
39	1245	1	0
209	1245	1	0
215	1245	1	0
299	1268	1	0
123	1269	1	0
64	1297	1	0
203	1297	1	0
295	1297	1	0
313	1297	1	0
98	1300	1	0
123	1300	1	0
177	1300	1	0
99	1327	1	0
159	1327	1	0
314	1327	1	0
105	1329	1	0
167	1329	1	0
305	1329	1	0
11	1331	1	0
141	1331	1	0
257	1331	1	0
27	1332	1	0
123	1332	1	0
301	1332	1	0
74	1367	1	0
78	1367	1	0
268	1373	1	0
268	1382	1	0
254	1387	1	0
256	1387	1	0
294	1396	1	0
294	1397	1	0
7	1398	1	0
294	1398	1	0
112	1399	1	0
294	1399	1	0
294	1400	1	0
53	1401	1	0
294	1401	1	0
123	1402	1	0
294	1404	1	0
164	1408	1	0
123	1411	1	0
180	1411	1	0
98	1413	1	0
218	1413	1	0
226	1413	1	0
262	1413	1	0
271	1413	1	0
299	1413	1	0
74	1420	1	0
123	1420	1	0
201	1420	1	0
268	1420	1	0
113	1423	1	0
223	1423	1	0
218	1427	1	0
226	1427	1	0
262	1427	1	0
285	1427	1	0
291	1427	1	0
295	1427	1	0
113	1429	1	0
223	1429	1	0
39	1434	1	0
296	1436	1	0
11	1437	1	0
211	1437	1	0
123	1443	1	0
146	1443	1	0
239	1443	1	0
49	1445	1	0
73	1445	1	0
87	1445	1	0
274	1445	1	0
276	1448	1	0
285	1451	1	0
6	1474	1	0
138	1474	1	0
256	1474	1	0
74	1478	1	0
78	1478	1	0
130	1480	1	0
143	1480	1	0
99	1482	1	0
144	1482	1	0
144	1487	1	0
77	1488	1	0
299	1488	1	0
18	1489	1	0
39	1489	1	0
37	1491	1	0
123	1491	1	0
73	1498	1	0
168	1517	1	0
223	1517	1	0
158	1527	1	0
177	1527	1	0
277	1527	1	0
52	1530	1	0
84	1530	1	0
118	1530	1	0
300	1530	1	0
3	1539	1	0
261	1544	1	0
23	1545	1	0
41	1545	1	0
164	1545	1	0
170	1545	1	0
209	1545	1	0
290	1545	1	0
123	1550	1	0
41	1551	1	0
118	1551	1	0
248	1551	1	0
261	1551	1	0
265	1560	1	0
110	1567	1	0
28	1572	1	0
97	1572	1	0
164	1572	1	0
215	1572	1	0
217	1572	1	0
226	1575	1	0
124	1580	1	0
305	1580	1	0
58	1581	1	0
152	1581	1	0
296	1582	1	0
144	1590	1	0
108	1599	1	0
303	1599	1	0
32	1615	1	0
67	5	1	1
189	5	1	1
259	5	1	1
251	6	1	1
164	8	1	1
319	8	1	1
97	14	1	1
120	14	1	1
295	14	1	1
123	22	2	1
234	22	1	1
14	26	1	1
111	26	1	1
123	26	2	1
234	26	1	1
123	67	1	1
97	89	1	1
217	89	1	1
15	93	1	1
39	93	1	1
123	93	1	1
87	119	1	1
268	119	1	1
314	119	1	1
216	122	1	1
301	123	1	1
307	131	1	1
48	132	1	1
308	132	1	1
61	139	3	1
104	139	1	1
119	139	1	1
256	139	1	1
295	139	1	1
307	139	1	1
61	140	1	1
21	143	1	1
1	147	1	1
291	147	1	1
206	150	1	1
274	162	1	1
295	162	1	1
100	166	1	1
259	166	1	1
21	168	1	1
107	170	1	1
123	175	1	1
154	175	1	1
167	175	1	1
268	175	1	1
297	175	1	1
21	187	1	1
158	187	1	1
206	187	1	1
95	190	1	1
234	190	2	1
123	223	1	1
150	223	1	1
236	223	1	1
42	230	1	1
109	230	1	1
123	230	1	1
129	230	1	1
142	230	1	1
292	230	1	1
320	230	1	1
42	231	1	1
109	231	1	1
123	231	1	1
129	231	1	1
142	231	1	1
292	231	1	1
320	231	1	1
42	232	1	1
109	232	1	1
123	232	1	1
129	232	1	1
142	232	1	1
292	232	1	1
320	232	1	1
42	234	1	1
109	234	1	1
123	234	1	1
129	234	1	1
142	234	1	1
292	234	1	1
320	234	1	1
190	235	1	1
220	235	1	1
21	237	1	1
282	237	1	1
295	237	1	1
21	241	1	1
283	241	1	1
21	246	1	1
33	248	1	1
123	249	1	1
210	249	1	1
168	255	2	1
167	262	1	1
245	262	1	1
21	267	1	1
257	269	1	1
316	272	1	1
21	275	1	1
35	275	1	1
250	275	1	1
268	275	1	1
299	275	1	1
147	278	1	1
167	278	1	1
268	278	1	1
21	280	1	1
147	280	1	1
147	281	1	1
167	281	1	1
219	281	1	1
284	281	1	1
301	281	1	1
149	282	1	1
14	286	1	1
20	286	1	1
98	286	1	1
171	286	1	1
234	286	1	1
311	286	1	1
11	288	1	1
84	288	1	1
149	288	1	1
164	288	1	1
104	290	1	1
167	295	1	1
42	299	1	1
109	299	1	1
123	299	1	1
129	299	1	1
142	299	1	1
292	299	1	1
320	299	1	1
42	300	1	1
109	300	1	1
123	300	1	1
129	300	1	1
142	300	1	1
292	300	1	1
320	300	1	1
42	301	1	1
109	301	1	1
123	301	1	1
129	301	1	1
142	301	1	1
292	301	1	1
320	301	1	1
42	302	1	1
109	302	1	1
123	302	1	1
129	302	1	1
142	302	1	1
292	302	1	1
320	302	1	1
42	303	1	1
109	303	1	1
123	303	1	1
129	303	1	1
142	303	1	1
292	303	1	1
320	303	1	1
42	304	1	1
109	304	1	1
123	304	1	1
129	304	1	1
142	304	1	1
292	304	1	1
320	304	1	1
42	306	1	1
109	306	1	1
123	306	1	1
129	306	1	1
142	306	1	1
292	306	1	1
320	306	1	1
147	307	1	1
164	307	1	1
25	309	1	1
192	309	1	1
264	309	1	1
21	318	1	1
120	318	1	1
137	318	1	1
318	318	1	1
305	333	1	1
21	339	1	1
224	339	1	1
21	343	1	1
268	343	1	1
18	349	1	1
33	349	1	1
108	349	1	1
21	365	1	1
29	365	1	1
25	366	1	1
99	368	1	1
137	368	1	1
21	370	1	1
314	370	1	1
42	371	1	1
109	371	1	1
123	371	1	1
129	371	1	1
142	371	1	1
292	371	1	1
320	371	1	1
42	373	1	1
109	373	1	1
123	373	1	1
129	373	1	1
142	373	1	1
292	373	1	1
320	373	1	1
42	376	1	1
109	376	1	1
123	376	1	1
129	376	1	1
142	376	1	1
292	376	1	1
320	376	1	1
42	377	1	1
109	377	1	1
123	377	1	1
129	377	1	1
142	377	1	1
292	377	1	1
320	377	1	1
18	379	1	1
21	379	1	1
293	379	1	1
42	380	1	1
109	380	1	1
123	380	1	1
129	380	1	1
142	380	1	1
292	380	1	1
320	380	1	1
42	382	1	1
109	382	1	1
123	382	1	1
129	382	1	1
142	382	1	1
236	382	1	1
292	382	1	1
320	382	1	1
42	386	1	1
109	386	1	1
123	386	1	1
129	386	1	1
142	386	1	1
236	386	1	1
292	386	1	1
320	386	1	1
42	388	1	1
109	388	1	1
123	388	1	1
129	388	1	1
142	388	1	1
236	388	1	1
292	388	1	1
320	388	1	1
102	398	1	1
21	401	1	1
282	401	1	1
21	402	1	1
22	402	1	1
293	402	1	1
21	406	1	1
128	408	1	1
295	408	1	1
21	411	1	1
293	411	1	1
5	413	1	1
97	434	1	1
108	434	1	1
167	434	1	1
215	434	1	1
273	434	1	1
195	438	1	1
268	438	1	1
106	484	2	1
258	509	1	1
291	509	1	1
91	510	1	1
112	510	1	1
167	510	1	1
269	510	1	1
103	514	1	1
166	530	1	1
110	531	1	1
209	531	1	1
215	531	1	1
220	533	3	1
11	545	1	1
29	545	1	1
62	545	1	1
297	545	1	1
97	547	2	1
149	554	1	1
164	554	1	1
165	554	1	1
41	559	1	1
110	562	1	1
167	562	1	1
236	562	1	1
14	563	1	1
123	563	1	1
150	563	1	1
123	565	1	1
150	565	1	1
107	573	1	1
216	579	1	1
26	589	1	1
123	589	1	1
268	589	1	1
123	594	1	1
33	595	1	1
59	595	1	1
154	595	1	1
159	595	1	1
167	595	1	1
247	595	1	1
265	595	1	1
192	596	1	1
194	596	1	1
223	596	1	1
227	596	1	1
120	598	1	1
41	604	1	1
321	604	1	1
64	610	1	1
318	610	1	1
123	614	1	1
77	619	1	1
119	624	1	1
268	624	1	1
123	628	1	1
102	630	3	1
116	631	1	1
260	631	1	1
305	631	1	1
307	631	1	1
72	643	1	1
102	652	2	1
123	652	1	1
167	652	1	1
236	652	1	1
162	653	1	1
170	654	1	1
280	657	1	1
20	663	1	1
164	663	1	1
101	669	1	1
164	669	1	1
253	669	1	1
321	669	1	1
72	672	1	1
97	672	1	1
112	672	1	1
123	680	1	1
138	681	1	1
256	681	1	1
312	681	1	1
6	694	1	1
33	694	1	1
164	694	1	1
33	710	1	1
123	710	1	1
194	710	1	1
222	748	1	1
256	748	1	1
123	776	1	1
167	776	1	1
250	776	1	1
257	776	1	1
167	789	1	1
227	791	1	1
192	792	1	1
83	793	1	1
89	799	1	1
167	799	1	1
172	800	1	1
85	801	1	1
100	801	1	1
157	801	1	1
44	803	1	1
100	803	1	1
253	807	1	1
33	808	1	1
122	808	1	1
123	808	1	1
194	808	1	1
73	813	1	1
73	818	1	1
183	818	1	1
268	818	1	1
305	820	1	1
19	822	1	1
108	822	1	1
148	822	1	1
167	822	1	1
174	822	1	1
30	825	1	1
53	825	1	1
128	825	1	1
305	825	1	1
40	827	1	1
73	827	1	1
130	827	1	1
194	827	1	1
268	827	1	1
11	828	1	1
167	828	1	1
174	828	1	1
164	829	1	1
291	829	1	1
84	830	1	1
291	830	1	1
274	834	1	1
66	839	1	1
192	849	1	1
213	849	1	1
253	849	1	1
261	849	1	1
295	849	1	1
305	849	1	1
14	850	1	1
102	850	2	1
183	850	2	1
243	850	1	1
30	851	1	1
201	854	2	1
119	855	1	1
167	855	1	1
177	855	1	1
269	855	1	1
93	864	1	1
183	864	1	1
268	864	1	1
108	865	1	1
169	865	1	1
219	865	1	1
221	865	1	1
98	866	1	1
45	871	1	1
63	871	1	1
84	871	1	1
101	871	1	1
115	871	1	1
235	871	1	1
309	871	1	1
130	876	1	1
109	878	1	1
259	878	1	1
274	878	1	1
303	878	1	1
19	881	1	1
39	881	1	1
86	881	1	1
94	881	1	1
209	881	1	1
214	881	1	1
314	881	1	1
121	891	1	1
253	891	1	1
183	894	1	1
30	895	1	1
108	903	1	1
180	903	1	1
183	903	1	1
157	919	1	1
187	919	1	1
310	919	1	1
20	922	2	1
156	922	1	1
274	922	1	1
302	922	1	1
311	922	1	1
20	923	1	1
102	923	3	1
138	923	1	1
302	923	1	1
41	925	1	1
102	925	2	1
167	925	1	1
169	925	1	1
215	925	1	1
84	926	1	1
239	926	1	1
10	927	1	1
188	927	1	1
272	927	1	1
10	931	1	1
188	931	1	1
272	931	1	1
66	933	1	1
30	938	1	1
231	938	1	1
112	940	1	1
167	940	1	1
174	940	1	1
105	941	1	1
313	941	1	1
264	944	1	1
236	946	1	1
22	948	1	1
136	948	1	1
10	949	1	1
167	949	1	1
174	949	1	1
183	952	1	1
164	960	1	1
172	960	1	1
91	969	1	1
158	969	1	1
223	969	1	1
258	970	1	1
15	974	2	1
22	974	1	1
146	974	1	1
164	974	1	1
183	974	1	1
268	974	1	1
310	974	1	1
22	975	1	1
313	975	1	1
174	977	1	1
295	977	1	1
167	978	1	1
112	980	1	1
311	980	1	1
240	985	1	1
123	993	1	1
78	994	1	1
175	994	1	1
123	999	1	1
115	1000	1	1
262	1000	1	1
117	1001	1	1
281	1001	1	1
108	1003	1	1
180	1003	1	1
33	1021	1	1
123	1021	1	1
186	1021	1	1
194	1021	1	1
101	1029	1	1
260	1029	1	1
289	1029	1	1
308	1029	1	1
55	1034	1	1
3	1035	1	1
33	1045	1	1
49	1045	1	1
123	1045	1	1
314	1046	1	1
64	1050	1	1
123	1052	1	1
285	1052	1	1
236	1054	1	1
164	1056	1	1
26	1057	1	1
29	1057	1	1
97	1057	2	1
187	1057	1	1
31	1060	1	1
45	1060	1	1
115	1060	1	1
119	1060	1	1
216	1060	1	1
277	1060	1	1
313	1060	1	1
321	1060	1	1
44	1066	1	1
274	1066	1	1
112	1071	1	1
48	1074	1	1
98	1075	1	1
210	1075	1	1
218	1075	1	1
227	1075	1	1
101	1076	1	1
224	1076	1	1
311	1076	1	1
52	1081	1	1
246	1084	1	1
164	1085	1	1
192	1090	1	1
220	1090	1	1
33	1091	1	1
167	1091	1	1
322	1091	1	1
98	1093	1	1
321	1093	1	1
26	1096	1	1
88	1096	1	1
189	1096	1	1
254	1111	1	1
123	1115	1	1
164	1126	1	1
234	1126	1	1
154	1164	1	1
299	1164	1	1
105	1166	1	1
285	1166	1	1
290	1168	1	1
123	1181	1	1
164	1181	1	1
47	1190	1	1
164	1190	2	1
220	1190	1	1
206	1191	1	1
262	1191	1	1
46	1206	1	1
158	1234	1	1
296	1234	1	1
218	1235	2	1
285	1235	1	1
100	1236	2	1
123	1248	1	1
84	1259	1	1
92	1259	1	1
123	1259	2	1
198	1259	1	1
245	1259	1	1
177	1265	1	1
247	1265	1	1
270	1265	1	1
318	1265	1	1
102	1270	2	1
273	1270	1	1
4	1275	1	1
8	1275	1	1
20	1275	1	1
103	1275	1	1
211	1275	1	1
4	1276	1	1
8	1276	1	1
4	1278	1	1
268	1278	1	1
303	1278	1	1
4	1280	1	1
8	1280	1	1
162	1280	1	1
90	1281	1	1
123	1281	1	1
192	1281	1	1
268	1281	1	1
84	1282	1	1
97	1282	1	1
102	1282	2	1
255	1282	1	1
307	1282	1	1
130	1287	1	1
274	1287	1	1
150	1290	1	1
167	1290	1	1
247	1290	1	1
295	1290	1	1
4	1296	1	1
123	1296	1	1
157	1298	1	1
182	1298	1	1
281	1298	1	1
4	1299	1	1
11	1299	1	1
268	1299	1	1
101	1302	1	1
153	1302	2	1
168	1302	2	1
184	1302	1	1
274	1302	1	1
121	1335	1	1
180	1335	1	1
33	1336	1	1
49	1336	1	1
123	1336	1	1
14	1341	1	1
311	1341	1	1
84	1347	1	1
176	1350	1	1
179	1350	1	1
247	1350	1	1
260	1350	1	1
301	1350	1	1
167	1353	1	1
257	1356	1	1
64	1374	1	1
190	1376	1	1
210	1376	1	1
296	1377	1	1
319	1377	1	1
117	1378	1	1
141	1378	1	1
292	1378	1	1
116	1380	1	1
167	1380	1	1
248	1380	1	1
288	1380	1	1
309	1380	1	1
98	1391	1	1
123	1391	1	1
16	1417	1	1
115	1417	1	1
274	1417	1	1
33	1421	1	1
49	1421	1	1
123	1421	1	1
164	1421	1	1
92	1462	2	1
206	1466	1	1
118	1470	1	1
164	1470	1	1
187	1471	1	1
271	1471	1	1
274	1471	1	1
151	1501	1	1
183	1501	1	1
253	1501	1	1
276	1501	1	1
14	1507	1	1
92	1507	1	1
118	1507	1	1
258	1507	1	1
299	1507	1	1
39	1514	1	1
110	1514	1	1
115	1514	1	1
243	1514	1	1
305	1514	1	1
33	1525	1	1
98	1528	1	1
123	1529	1	1
18	1531	1	1
180	1531	1	1
228	1531	1	1
268	1531	1	1
305	1531	1	1
167	1533	1	1
233	1533	1	1
42	1540	1	1
53	1540	1	1
109	1540	1	1
123	1540	1	1
129	1540	1	1
140	1540	1	1
236	1540	1	1
320	1540	1	1
14	1552	1	1
89	1552	1	1
104	1553	1	1
184	1553	1	1
26	1563	1	1
167	1577	1	1
268	1577	1	1
123	1587	1	1
210	1587	1	1
237	1587	1	1
308	1587	1	1
78	1605	1	1
216	1605	1	1
266	1605	1	1
164	1607	1	1
56	1612	1	1
89	1612	2	1
236	1612	1	1
316	1612	1	1
221	1616	1	1
123	1617	1	1
261	1617	1	1
164	1619	1	1
270	1619	1	1
295	1619	1	1
78	11	1	2
121	11	1	2
252	11	1	2
264	12	1	2
130	17	1	2
156	17	1	2
319	17	1	2
110	18	1	2
134	18	1	2
136	18	1	2
164	18	1	2
305	18	1	2
3	20	1	2
110	20	1	2
164	20	1	2
182	20	1	2
267	20	1	2
130	25	1	2
155	25	1	2
164	25	1	2
207	25	1	2
269	25	1	2
316	25	1	2
319	25	1	2
65	31	1	2
89	31	1	2
164	31	2	2
268	31	1	2
100	32	1	2
130	32	1	2
172	34	1	2
180	39	1	2
276	39	1	2
288	39	1	2
303	39	1	2
2	46	1	2
229	46	1	2
229	50	1	2
11	57	1	2
35	57	1	2
141	57	1	2
123	59	1	2
141	59	1	2
72	66	1	2
98	66	1	2
167	66	1	2
244	66	1	2
268	66	1	2
289	66	1	2
155	69	1	2
123	70	1	2
202	70	1	2
206	70	1	2
247	70	1	2
128	73	1	2
163	73	1	2
24	74	1	2
79	74	1	2
155	74	1	2
101	79	1	2
155	79	1	2
218	79	1	2
246	79	1	2
259	79	1	2
221	82	1	2
20	85	1	2
123	85	1	2
219	85	1	2
11	92	1	2
82	94	1	2
5	98	1	2
123	98	1	2
134	98	1	2
136	98	1	2
161	98	1	2
32	100	1	2
72	100	1	2
98	100	1	2
154	100	1	2
164	100	2	2
309	100	1	2
110	102	1	2
130	107	1	2
169	108	1	2
295	109	1	2
16	113	1	2
155	113	1	2
256	113	1	2
259	113	1	2
11	115	1	2
80	115	1	2
155	115	1	2
256	115	1	2
16	116	1	2
24	116	1	2
62	116	1	2
155	116	1	2
256	116	1	2
259	116	1	2
11	118	1	2
103	118	1	2
110	118	1	2
84	134	1	2
98	134	1	2
259	134	1	2
11	138	1	2
58	138	1	2
106	138	1	2
124	138	1	2
56	145	1	2
61	145	3	2
82	145	1	2
295	145	1	2
307	145	1	2
56	148	1	2
61	148	3	2
82	148	1	2
295	148	1	2
312	148	1	2
110	151	1	2
164	152	1	2
5	153	1	2
167	153	1	2
206	153	1	2
261	153	1	2
24	155	1	2
110	155	1	2
162	155	1	2
262	155	1	2
56	156	1	2
61	156	2	2
307	156	2	2
164	157	1	2
184	157	1	2
110	160	1	2
164	160	1	2
284	160	1	2
3	161	1	2
20	161	1	2
41	163	1	2
106	164	1	2
181	164	1	2
55	169	1	2
252	169	1	2
259	169	1	2
291	169	1	2
312	169	1	2
219	171	2	2
98	173	1	2
234	173	1	2
225	181	1	2
147	182	1	2
164	182	1	2
181	182	1	2
214	182	1	2
116	184	1	2
249	184	1	2
20	188	1	2
94	188	1	2
162	188	1	2
225	188	1	2
3	193	1	2
18	193	1	2
20	193	2	2
77	193	1	2
227	193	1	2
269	193	1	2
43	195	1	2
177	195	1	2
179	195	1	2
201	195	1	2
69	197	1	2
98	197	1	2
188	197	1	2
234	197	1	2
264	197	1	2
179	199	1	2
279	199	1	2
295	199	1	2
305	199	1	2
169	200	1	2
223	200	1	2
110	201	1	2
148	201	1	2
18	203	1	2
112	203	1	2
181	203	1	2
221	203	1	2
275	203	1	2
295	203	2	2
314	203	1	2
51	205	1	2
66	205	1	2
73	205	2	2
123	205	1	2
154	205	1	2
182	205	2	2
123	206	1	2
177	209	1	2
182	209	1	2
48	211	1	2
112	211	1	2
153	211	1	2
123	212	1	2
56	214	1	2
78	214	1	2
110	214	1	2
162	214	1	2
252	214	1	2
312	214	1	2
177	215	1	2
105	217	1	2
123	218	1	2
199	220	1	2
39	222	1	2
199	222	1	2
261	222	1	2
13	224	2	2
199	224	1	2
215	224	1	2
229	224	1	2
164	227	1	2
199	227	1	2
62	236	1	2
164	236	1	2
238	236	1	2
77	244	1	2
123	244	1	2
253	244	1	2
110	250	1	2
164	250	2	2
203	250	1	2
238	250	1	2
46	253	2	2
154	253	1	2
162	253	1	2
57	256	1	2
165	256	1	2
170	256	1	2
175	256	1	2
184	256	1	2
238	256	1	2
160	258	1	2
223	258	1	2
238	258	1	2
13	259	1	2
77	259	1	2
128	259	1	2
266	259	1	2
290	259	2	2
161	260	1	2
238	260	1	2
42	265	1	2
77	265	2	2
98	265	1	2
299	266	1	2
103	274	1	2
161	274	1	2
210	274	1	2
284	274	1	2
239	289	1	2
295	289	2	2
35	294	1	2
203	297	1	2
91	311	1	2
110	311	1	2
165	311	1	2
285	311	1	2
299	311	1	2
82	313	1	2
277	316	1	2
307	316	1	2
98	327	1	2
220	327	1	2
242	327	1	2
277	327	1	2
253	337	1	2
2	340	1	2
51	340	1	2
274	340	1	2
285	340	1	2
66	346	1	2
228	346	1	2
57	347	1	2
117	347	1	2
175	347	1	2
223	347	1	2
32	350	1	2
55	350	1	2
257	350	1	2
33	352	1	2
37	352	1	2
123	352	1	2
194	352	1	2
152	355	1	2
254	358	1	2
286	358	1	2
20	367	2	2
98	367	4	2
110	367	2	2
125	367	1	2
145	367	1	2
164	367	1	2
257	369	1	2
268	369	1	2
20	381	1	2
167	381	1	2
158	384	1	2
167	384	1	2
84	390	1	2
167	390	1	2
224	392	1	2
183	393	1	2
254	393	1	2
61	394	1	2
123	394	1	2
79	397	1	2
125	397	1	2
145	397	1	2
164	397	1	2
123	399	1	2
268	399	1	2
57	404	1	2
110	404	1	2
203	409	1	2
284	409	1	2
157	430	1	2
247	430	1	2
291	430	1	2
123	437	1	2
196	437	1	2
301	437	1	2
306	437	1	2
324	437	1	2
87	439	1	2
18	443	1	2
266	445	1	2
147	446	1	2
276	453	1	2
321	453	1	2
318	456	1	2
25	458	1	2
253	458	1	2
159	462	1	2
211	462	1	2
179	463	1	2
268	463	1	2
20	467	1	2
164	467	1	2
20	469	1	2
72	469	1	2
98	469	1	2
110	469	1	2
225	469	1	2
12	471	1	2
106	479	1	2
111	479	1	2
120	479	2	2
125	479	1	2
145	479	1	2
103	481	1	2
314	481	1	2
167	486	1	2
125	488	1	2
145	488	1	2
27	489	1	2
58	489	1	2
267	489	1	2
62	495	1	2
196	495	1	2
295	495	1	2
296	495	1	2
306	495	1	2
313	495	1	2
324	495	1	2
26	498	1	2
89	500	1	2
101	500	1	2
188	500	1	2
196	500	1	2
306	500	1	2
324	500	1	2
36	505	1	2
196	505	1	2
306	505	1	2
324	505	1	2
160	507	1	2
160	515	1	2
24	518	1	2
123	518	1	2
196	518	1	2
306	518	1	2
324	518	1	2
140	519	1	2
141	519	1	2
167	519	1	2
103	520	1	2
196	520	1	2
223	520	1	2
253	520	1	2
306	520	1	2
316	520	1	2
324	520	1	2
80	524	1	2
80	527	1	2
281	527	1	2
1	549	1	2
167	549	1	2
206	549	1	2
19	558	1	2
108	558	1	2
123	558	1	2
291	558	1	2
73	560	1	2
24	561	1	2
163	561	1	2
196	561	1	2
306	561	1	2
324	561	1	2
123	566	1	2
34	570	1	2
47	570	1	2
171	570	1	2
299	570	1	2
36	571	1	2
299	571	1	2
66	574	1	2
268	576	1	2
291	576	1	2
301	576	1	2
128	582	1	2
164	582	1	2
299	582	1	2
316	582	1	2
98	585	1	2
123	585	1	2
179	586	1	2
78	588	1	2
276	588	1	2
232	593	1	2
179	599	1	2
55	601	1	2
108	601	1	2
156	607	1	2
299	607	1	2
65	609	1	2
196	609	1	2
306	609	1	2
324	609	1	2
130	615	1	2
319	615	1	2
123	616	1	2
164	616	1	2
164	617	1	2
196	617	1	2
306	617	1	2
324	617	1	2
302	618	1	2
255	621	1	2
134	625	1	2
136	625	1	2
160	625	1	2
98	635	1	2
295	635	2	2
283	638	1	2
296	638	1	2
24	641	1	2
134	641	1	2
136	641	1	2
156	641	3	2
162	641	1	2
156	645	1	2
164	646	1	2
171	646	1	2
236	646	1	2
101	648	1	2
106	648	1	2
222	648	1	2
116	649	1	2
181	649	1	2
164	651	1	2
173	651	1	2
249	655	1	2
44	658	1	2
163	659	1	2
236	659	1	2
79	662	1	2
230	662	1	2
291	662	3	2
62	664	1	2
316	664	1	2
276	665	1	2
219	670	1	2
282	670	1	2
44	673	1	2
173	673	1	2
15	674	1	2
5	675	1	2
266	675	1	2
36	676	1	2
26	677	1	2
27	677	1	2
134	677	1	2
136	677	1	2
161	677	1	2
79	678	2	2
123	678	1	2
160	678	1	2
325	678	1	2
109	682	1	2
295	682	1	2
42	683	1	2
148	683	1	2
160	683	1	2
107	684	1	2
180	684	1	2
276	684	1	2
98	685	1	2
171	685	1	2
247	685	1	2
29	686	1	2
112	686	1	2
286	686	1	2
309	686	1	2
24	687	1	2
42	687	1	2
134	687	1	2
136	687	1	2
148	687	1	2
160	687	1	2
163	687	1	2
168	687	1	2
236	687	1	2
261	687	1	2
55	688	1	2
84	688	1	2
155	689	1	2
267	689	1	2
275	689	1	2
282	689	1	2
151	690	1	2
300	690	1	2
56	691	1	2
230	691	1	2
240	691	1	2
65	692	1	2
219	692	2	2
228	692	1	2
240	692	1	2
265	693	1	2
123	695	1	2
226	696	1	2
285	696	1	2
24	697	1	2
56	697	1	2
167	697	1	2
230	697	1	2
240	697	1	2
280	697	1	2
104	698	1	2
192	698	1	2
287	698	1	2
123	700	1	2
160	700	1	2
267	700	1	2
268	700	2	2
12	701	1	2
316	701	1	2
289	702	1	2
156	704	1	2
167	704	2	2
173	704	1	2
290	704	1	2
318	704	1	2
63	709	1	2
173	711	1	2
305	711	1	2
123	712	1	2
268	712	1	2
167	714	1	2
173	714	1	2
24	716	1	2
110	716	1	2
155	716	1	2
164	716	1	2
167	716	1	2
286	716	1	2
94	719	1	2
173	719	1	2
173	721	1	2
192	721	2	2
3	722	1	2
181	722	1	2
279	722	1	2
15	724	1	2
184	725	1	2
299	725	1	2
48	728	1	2
85	731	1	2
123	733	1	2
219	733	1	2
161	734	1	2
286	734	1	2
48	735	1	2
164	735	1	2
223	735	1	2
236	735	1	2
18	736	1	2
90	736	1	2
219	736	1	2
266	736	1	2
316	736	2	2
106	737	1	2
223	737	1	2
253	737	1	2
110	738	1	2
130	738	1	2
190	738	1	2
116	739	1	2
20	740	1	2
86	740	1	2
134	740	1	2
136	740	1	2
235	740	1	2
256	740	1	2
160	741	1	2
97	743	1	2
127	743	1	2
167	743	1	2
215	743	1	2
268	743	1	2
305	744	1	2
248	745	1	2
315	745	1	2
123	747	1	2
36	749	1	2
297	749	1	2
84	752	1	2
11	758	1	2
98	758	1	2
231	758	1	2
164	761	1	2
182	761	1	2
260	763	1	2
23	765	1	2
255	765	1	2
266	767	1	2
151	768	1	2
84	770	1	2
316	770	1	2
5	772	1	2
211	773	1	2
259	773	1	2
26	775	1	2
71	775	1	2
253	775	1	2
31	777	1	2
184	777	1	2
204	777	1	2
305	777	1	2
54	778	1	2
57	778	1	2
101	778	1	2
154	778	1	2
250	778	1	2
283	778	1	2
34	780	1	2
94	780	1	2
122	781	1	2
318	781	1	2
39	782	1	2
229	782	1	2
267	782	1	2
123	783	1	2
176	783	1	2
269	783	1	2
268	785	1	2
98	786	1	2
63	787	1	2
123	788	1	2
240	788	1	2
164	795	1	2
206	795	1	2
322	795	1	2
2	796	1	2
22	796	1	2
206	796	1	2
32	804	1	2
123	804	1	2
305	804	1	2
32	805	1	2
123	805	1	2
305	805	1	2
123	806	1	2
140	806	1	2
143	806	1	2
204	806	1	2
287	806	1	2
89	809	1	2
123	809	1	2
167	809	1	2
33	811	1	2
123	811	1	2
194	811	1	2
13	814	1	2
176	814	1	2
252	814	1	2
93	816	1	2
13	846	1	2
15	846	1	2
48	846	1	2
101	846	1	2
253	846	1	2
261	846	1	2
130	847	1	2
295	847	1	2
98	857	1	2
100	857	1	2
194	857	1	2
180	861	1	2
93	883	1	2
120	883	1	2
180	883	1	2
207	883	1	2
259	883	1	2
295	883	1	2
29	890	1	2
100	899	1	2
183	901	1	2
152	902	1	2
29	904	1	2
3	905	1	2
296	905	1	2
62	907	1	2
89	907	1	2
119	907	1	2
216	907	1	2
297	907	1	2
192	908	1	2
253	908	1	2
268	908	2	2
303	908	1	2
33	916	1	2
37	916	1	2
123	916	1	2
194	916	1	2
159	932	1	2
307	932	1	2
77	936	1	2
108	936	1	2
130	936	1	2
147	936	1	2
274	936	1	2
157	958	1	2
231	958	1	2
247	958	1	2
48	959	1	2
88	959	1	2
33	962	1	2
97	962	1	2
276	962	1	2
12	963	1	2
83	963	1	2
276	963	1	2
301	963	1	2
33	979	1	2
123	979	1	2
183	979	1	2
210	979	1	2
239	991	1	2
317	991	1	2
66	995	1	2
99	995	1	2
11	996	1	2
99	996	1	2
239	1006	1	2
267	1006	1	2
130	1007	1	2
144	1007	1	2
147	1013	1	2
239	1015	1	2
48	1020	1	2
256	1024	1	2
267	1024	1	2
79	1025	1	2
167	1025	1	2
268	1025	1	2
71	1027	2	2
280	1027	1	2
291	1027	1	2
310	1028	1	2
15	1036	1	2
154	1036	1	2
299	1036	1	2
222	1079	1	2
219	1080	1	2
219	1082	1	2
26	1083	1	2
275	1083	1	2
295	1083	1	2
166	1086	1	2
219	1086	1	2
220	1086	1	2
98	1092	1	2
164	1092	1	2
171	1092	1	2
20	1100	1	2
164	1104	1	2
261	1104	1	2
67	1108	1	2
305	1108	1	2
311	1108	2	2
57	1110	1	2
67	1110	1	2
164	1110	1	2
208	1113	1	2
237	1113	1	2
54	1121	1	2
123	1121	1	2
164	1124	1	2
295	1124	1	2
118	1125	1	2
274	1125	1	2
2	1127	1	2
84	1127	1	2
99	1127	1	2
111	1127	1	2
127	1127	1	2
128	1127	1	2
164	1127	1	2
176	1127	1	2
50	1136	1	2
118	1136	1	2
170	1136	1	2
180	1136	1	2
274	1136	1	2
163	1137	1	2
27	1139	1	2
155	1139	1	2
266	1139	1	2
45	1140	1	2
155	1142	1	2
164	1142	1	2
255	1142	1	2
316	1142	1	2
219	1145	1	2
266	1145	1	2
285	1145	1	2
285	1146	1	2
164	1149	1	2
29	1150	1	2
101	1150	1	2
171	1150	1	2
256	1150	1	2
249	1155	1	2
285	1155	1	2
295	1155	1	2
164	1156	1	2
210	1156	1	2
218	1156	1	2
94	1158	1	2
98	1158	1	2
164	1158	1	2
266	1158	1	2
289	1158	1	2
78	1160	1	2
99	1160	1	2
268	1160	1	2
272	1160	1	2
305	1160	1	2
325	1160	1	2
268	1163	1	2
44	1165	1	2
98	1165	1	2
57	1169	2	2
89	1169	1	2
128	1169	1	2
285	1169	1	2
135	1170	1	2
244	1170	1	2
316	1170	1	2
243	1171	1	2
52	1173	1	2
285	1173	1	2
135	1174	1	2
98	1176	1	2
103	1176	1	2
57	1177	1	2
125	1177	1	2
145	1177	1	2
209	1177	1	2
268	1178	1	2
269	1178	2	2
312	1178	1	2
28	1179	1	2
100	1179	1	2
135	1179	1	2
164	1179	1	2
268	1179	1	2
295	1179	1	2
325	1179	1	2
107	1180	1	2
125	1180	1	2
145	1180	1	2
164	1180	1	2
183	1180	1	2
268	1180	1	2
39	1184	1	2
84	1184	1	2
215	1184	1	2
267	1184	1	2
135	1185	1	2
161	1185	1	2
325	1185	1	2
125	1186	1	2
135	1186	1	2
145	1186	1	2
325	1186	1	2
3	1187	1	2
205	1187	1	2
19	1192	1	2
108	1192	1	2
33	1197	2	2
123	1197	1	2
194	1197	1	2
239	1197	1	2
161	1198	1	2
123	1200	1	2
108	1201	1	2
123	1201	1	2
185	1201	1	2
99	1202	1	2
164	1202	1	2
185	1202	1	2
161	1203	1	2
185	1203	1	2
188	1204	1	2
101	1208	1	2
160	1208	1	2
185	1208	1	2
62	1212	1	2
255	1212	1	2
299	1212	1	2
54	1215	1	2
76	1216	1	2
312	1216	1	2
101	1218	1	2
67	1222	1	2
161	1222	1	2
185	1222	1	2
236	1222	1	2
274	1222	1	2
315	1222	1	2
164	1227	1	2
84	1228	1	2
107	1228	1	2
164	1228	1	2
54	1230	1	2
164	1230	1	2
192	1230	1	2
275	1230	1	2
295	1230	1	2
54	1231	1	2
164	1231	1	2
192	1231	1	2
275	1231	1	2
295	1231	1	2
33	1232	1	2
123	1232	1	2
186	1232	1	2
245	1232	1	2
263	1232	1	2
123	1238	1	2
84	1239	1	2
167	1239	1	2
295	1239	1	2
64	1241	1	2
97	1241	2	2
192	1241	1	2
215	1241	1	2
323	1241	1	2
167	1243	1	2
35	1244	1	2
244	1244	1	2
323	1244	1	2
153	1246	1	2
181	1246	1	2
215	1246	1	2
323	1246	1	2
74	1247	1	2
164	1247	1	2
263	1247	2	2
291	1247	1	2
297	1247	1	2
23	1249	1	2
218	1249	1	2
270	1249	1	2
25	1250	1	2
97	1250	1	2
192	1250	1	2
251	1250	1	2
123	1251	1	2
175	1251	1	2
212	1251	1	2
268	1251	1	2
299	1251	1	2
40	1253	1	2
99	1253	1	2
103	1253	1	2
153	1253	1	2
184	1253	1	2
40	1254	1	2
99	1254	1	2
103	1254	1	2
153	1254	1	2
184	1254	1	2
28	1255	1	2
184	1255	1	2
170	1257	1	2
283	1257	1	2
301	1257	1	2
63	1262	1	2
72	1262	1	2
115	1262	1	2
266	1262	1	2
63	1263	1	2
72	1263	1	2
115	1263	1	2
266	1263	1	2
36	1264	1	2
160	1264	1	2
26	1267	1	2
236	1267	4	2
92	1272	1	2
118	1272	1	2
261	1273	1	2
266	1273	1	2
98	1284	1	2
54	1285	1	2
57	1285	1	2
256	1285	1	2
164	1292	1	2
57	1293	1	2
164	1293	1	2
24	1294	1	2
164	1294	1	2
52	1304	1	2
295	1304	1	2
275	1305	1	2
123	1306	1	2
55	1309	1	2
295	1309	1	2
160	1311	1	2
267	1316	1	2
269	1316	1	2
9	1319	1	2
80	1319	1	2
88	1319	1	2
159	1319	1	2
74	1320	1	2
206	1320	1	2
227	1320	1	2
254	1320	1	2
305	1320	1	2
9	1321	1	2
88	1321	1	2
182	1321	1	2
183	1321	1	2
9	1322	1	2
214	1322	1	2
213	1325	1	2
268	1325	1	2
9	1326	1	2
10	1326	1	2
204	1326	1	2
273	1326	1	2
9	1328	1	2
47	1328	1	2
80	1328	1	2
158	1328	1	2
220	1328	1	2
117	1330	1	2
9	1333	1	2
95	1333	1	2
312	1333	1	2
316	1333	1	2
319	1333	1	2
167	1334	1	2
27	1338	1	2
58	1338	1	2
316	1338	1	2
9	1340	1	2
81	1340	1	2
151	1340	1	2
182	1340	1	2
198	1340	1	2
213	1340	1	2
9	1343	1	2
53	1343	1	2
166	1343	1	2
218	1343	1	2
9	1345	1	2
81	1345	1	2
9	1346	1	2
124	1346	1	2
3	1351	1	2
50	1351	1	2
97	1351	1	2
245	1351	1	2
268	1351	1	2
9	1352	1	2
81	1352	1	2
114	1352	1	2
268	1352	1	2
167	1354	1	2
1	1355	1	2
9	1355	1	2
81	1355	1	2
205	1355	1	2
279	1355	1	2
295	1355	1	2
9	1357	1	2
63	1357	1	2
81	1357	1	2
86	1357	1	2
9	1361	1	2
11	1361	1	2
88	1361	1	2
190	1361	1	2
9	1363	1	2
291	1363	1	2
53	1368	1	2
9	1369	1	2
118	1369	1	2
221	1369	1	2
279	1369	1	2
166	1370	1	2
262	1370	1	2
9	1371	1	2
81	1371	1	2
260	1371	1	2
70	1383	1	2
101	1383	1	2
158	1383	1	2
301	1383	1	2
316	1383	1	2
70	1384	1	2
101	1384	1	2
158	1384	1	2
301	1384	1	2
316	1384	1	2
11	1386	1	2
65	1386	1	2
206	1386	1	2
305	1386	1	2
33	1390	1	2
37	1390	1	2
123	1390	1	2
195	1390	1	2
232	1390	1	2
38	1392	1	2
259	1392	1	2
9	1393	1	2
10	1393	1	2
146	1394	1	2
158	1394	1	2
172	1394	1	2
208	1394	1	2
250	1394	1	2
322	1394	1	2
146	1395	1	2
158	1395	1	2
172	1395	1	2
208	1395	1	2
250	1395	1	2
322	1395	1	2
67	1406	1	2
110	1406	1	2
244	1406	1	2
24	1418	1	2
167	1418	1	2
286	1418	1	2
38	1422	1	2
167	1422	1	2
38	1424	1	2
100	1424	1	2
268	1424	1	2
38	1426	1	2
69	1426	1	2
74	1426	1	2
214	1426	1	2
223	1426	1	2
259	1426	1	2
38	1428	1	2
243	1428	1	2
268	1428	1	2
268	1430	1	2
158	1432	1	2
230	1432	2	2
158	1433	1	2
230	1433	2	2
74	1435	1	2
171	1435	1	2
31	1439	1	2
288	1439	1	2
318	1439	2	2
176	1442	1	2
236	1442	1	2
295	1446	1	2
177	1447	1	2
286	1447	1	2
2	1450	1	2
66	1450	1	2
123	1450	1	2
212	1450	1	2
90	1456	1	2
305	1458	1	2
39	1459	1	2
291	1459	1	2
75	1467	1	2
157	1467	1	2
208	1467	1	2
2	1469	1	2
60	1469	1	2
75	1469	1	2
104	1469	1	2
307	1469	1	2
60	1490	1	2
66	1490	1	2
75	1490	1	2
307	1490	1	2
60	1493	1	2
64	1493	1	2
75	1493	1	2
164	1493	1	2
215	1493	1	2
217	1493	1	2
295	1493	1	2
52	1495	1	2
60	1495	1	2
72	1495	1	2
75	1495	1	2
77	1495	1	2
32	1497	1	2
52	1497	1	2
60	1497	1	2
75	1497	1	2
11	1500	1	2
60	1500	1	2
75	1500	1	2
151	1500	1	2
177	1500	1	2
60	1506	1	2
75	1506	1	2
60	1509	1	2
75	1509	1	2
60	1511	1	2
75	1511	1	2
164	1511	1	2
24	1512	1	2
123	1512	1	2
189	1512	1	2
236	1512	1	2
60	1515	1	2
75	1515	1	2
97	1515	1	2
165	1515	1	2
295	1515	1	2
60	1516	1	2
75	1516	1	2
157	1516	1	2
11	1518	1	2
84	1518	1	2
60	1521	1	2
75	1521	1	2
303	1522	1	2
52	1523	1	2
189	1523	1	2
203	1523	1	2
255	1523	1	2
10	1534	1	2
11	1537	1	2
106	1537	1	2
295	1537	1	2
123	1541	1	2
268	1541	1	2
151	1542	1	2
206	1542	1	2
214	1542	1	2
247	1542	1	2
289	1542	1	2
33	1543	1	2
123	1543	1	2
194	1543	1	2
322	1543	1	2
170	1548	1	2
182	1548	1	2
123	1555	1	2
163	1555	1	2
1	1557	1	2
312	1557	1	2
253	1558	1	2
281	1558	1	2
295	1561	1	2
86	1566	1	2
125	1566	1	2
145	1566	1	2
305	1566	1	2
123	1569	1	2
98	1576	1	2
209	1576	1	2
249	1576	1	2
268	1576	1	2
177	1578	1	2
123	1579	1	2
163	1579	1	2
101	1583	1	2
276	1583	1	2
202	1585	1	2
167	1589	1	2
150	1591	1	2
161	1591	1	2
268	1591	1	2
14	1593	1	2
106	1593	1	2
26	1594	1	2
161	1594	1	2
266	1594	1	2
164	1600	1	2
316	1600	1	2
3	1603	1	2
26	1603	1	2
164	1603	1	2
169	1603	1	2
249	1603	1	2
123	1604	1	2
28	359	1	3
31	359	1	3
99	359	1	3
192	359	1	3
77	580	1	3
95	620	1	3
212	620	1	3
123	842	1	3
215	842	1	3
98	981	1	3
268	981	1	3
66	1040	1	3
289	1040	1	3
49	1095	1	3
182	1095	1	3
43	1097	1	3
73	1097	1	3
74	1097	1	3
183	1097	1	3
266	1120	1	3
323	1123	1	3
318	1129	1	3
46	1130	1	3
198	1130	1	3
212	1130	1	3
259	1130	1	3
323	1130	1	3
102	1131	8	3
123	1131	1	3
124	1133	1	3
128	1135	1	3
87	1175	1	3
115	1175	1	3
90	1182	1	3
213	1182	2	3
239	1182	1	3
49	1188	1	3
87	1188	1	3
123	1188	1	3
258	1188	1	3
97	1209	1	3
192	1209	1	3
272	1209	1	3
204	1210	1	3
205	1210	1	3
323	1214	1	3
177	1217	1	3
268	1220	1	3
303	1220	1	3
170	1318	1	3
115	1323	1	3
203	1323	1	3
235	1323	1	3
159	1412	1	3
182	1412	1	3
73	1438	1	3
239	1438	1	3
268	1438	1	3
119	1441	1	3
207	1441	1	3
41	1468	1	3
248	1468	1	3
268	1486	3	3
60	1547	1	3
75	1547	1	3
97	1547	1	3
103	1547	1	3
214	1547	1	3
223	1547	1	3
307	1547	1	3
89	3	1	4
108	3	1	4
259	3	1	4
295	3	1	4
226	4	1	4
166	7	1	4
217	7	1	4
140	40	1	4
156	40	1	4
175	40	1	4
216	40	1	4
114	44	1	4
123	47	1	4
141	47	1	4
2	49	1	4
239	49	1	4
32	56	1	4
268	56	1	4
99	60	1	4
164	60	1	4
141	62	1	4
190	62	1	4
99	64	1	4
111	64	1	4
160	64	1	4
170	64	1	4
44	65	1	4
54	65	1	4
108	84	1	4
293	84	1	4
295	84	1	4
304	84	1	4
123	87	1	4
208	87	1	4
13	101	1	4
92	101	1	4
312	101	1	4
251	103	1	4
266	103	1	4
268	103	1	4
295	103	1	4
123	105	1	4
268	105	1	4
123	110	1	4
126	110	1	4
70	114	1	4
84	114	1	4
123	114	1	4
276	114	1	4
278	114	1	4
123	126	1	4
278	126	1	4
297	126	1	4
123	127	1	4
278	127	1	4
297	127	1	4
76	135	1	4
212	135	1	4
278	135	1	4
110	137	1	4
164	137	1	4
123	141	1	4
167	141	1	4
268	141	1	4
110	165	1	4
124	165	1	4
160	165	1	4
189	165	1	4
28	177	1	4
123	177	1	4
242	177	1	4
206	185	1	4
218	185	1	4
240	185	1	4
242	185	1	4
290	185	1	4
292	185	1	4
102	238	4	4
109	268	1	4
123	268	1	4
206	268	1	4
289	268	1	4
304	268	1	4
123	276	1	4
239	276	1	4
276	276	1	4
247	283	1	4
301	283	1	4
66	292	1	4
7	298	1	4
123	298	1	4
160	298	1	4
248	305	1	4
295	305	1	4
78	308	1	4
123	308	1	4
48	312	1	4
270	320	1	4
123	325	1	4
229	325	1	4
239	325	1	4
268	325	1	4
276	325	1	4
123	334	1	4
158	334	1	4
207	334	1	4
233	334	1	4
241	334	1	4
290	336	1	4
103	338	1	4
106	341	1	4
123	341	1	4
299	341	1	4
39	348	1	4
227	348	1	4
235	348	1	4
112	351	1	4
80	353	1	4
101	353	1	4
99	354	1	4
167	354	1	4
62	356	1	4
297	356	1	4
70	357	1	4
147	357	1	4
256	357	1	4
276	357	1	4
278	357	1	4
123	361	1	4
295	361	1	4
112	362	1	4
33	383	1	4
123	383	1	4
232	383	1	4
245	383	1	4
33	385	1	4
123	385	1	4
166	385	1	4
232	385	1	4
245	385	1	4
291	385	1	4
318	387	1	4
33	389	1	4
123	389	1	4
33	395	1	4
123	395	1	4
123	410	1	4
298	415	1	4
44	420	1	4
51	420	1	4
123	420	1	4
110	424	1	4
123	432	1	4
298	435	1	4
118	457	1	4
149	457	1	4
268	457	1	4
108	480	1	4
229	480	1	4
268	480	1	4
118	482	1	4
268	482	1	4
304	482	1	4
239	487	1	4
268	487	1	4
288	487	1	4
303	487	1	4
123	490	1	4
46	491	1	4
164	491	1	4
278	491	1	4
121	493	1	4
140	493	1	4
176	493	1	4
203	493	1	4
168	497	7	4
268	497	1	4
287	497	1	4
1	504	1	4
322	504	1	4
103	506	1	4
123	508	1	4
140	508	1	4
296	508	1	4
241	516	1	4
110	523	1	4
123	523	1	4
167	528	1	4
212	528	1	4
14	536	1	4
167	536	1	4
123	539	1	4
180	539	1	4
216	539	1	4
256	539	1	4
296	539	1	4
303	539	1	4
146	546	1	4
235	546	1	4
252	546	1	4
296	546	1	4
157	551	1	4
268	551	1	4
123	553	1	4
231	553	1	4
119	556	1	4
268	556	1	4
296	556	1	4
304	556	1	4
299	557	1	4
123	597	1	4
113	600	1	4
99	612	1	4
119	612	1	4
318	612	1	4
275	623	1	4
295	623	1	4
296	623	1	4
147	626	1	4
285	626	1	4
192	633	1	4
277	633	1	4
296	636	1	4
25	640	1	4
106	640	1	4
296	642	1	4
36	667	1	4
123	667	1	4
183	667	1	4
240	699	1	4
167	706	3	4
274	706	1	4
276	706	1	4
104	707	1	4
222	707	1	4
167	708	1	4
73	726	1	4
104	726	1	4
308	726	1	4
33	732	1	4
118	732	1	4
123	732	1	4
194	732	1	4
94	798	1	4
318	815	1	4
71	836	1	4
39	843	1	4
290	843	1	4
93	844	1	4
130	844	1	4
123	856	1	4
210	856	1	4
107	858	1	4
206	858	1	4
123	859	1	4
45	867	1	4
39	869	1	4
48	869	1	4
244	869	1	4
122	877	1	4
123	877	1	4
239	877	1	4
183	882	1	4
102	887	4	4
239	887	1	4
249	887	1	4
195	888	1	4
168	893	1	4
49	897	1	4
287	897	1	4
291	897	1	4
112	911	1	4
165	911	1	4
115	913	1	4
139	913	1	4
178	913	1	4
19	928	1	4
72	928	1	4
76	928	1	4
108	928	1	4
177	929	1	4
47	934	1	4
123	935	1	4
268	935	1	4
123	951	1	4
210	951	1	4
33	957	1	4
123	957	1	4
194	957	1	4
272	961	1	4
274	961	1	4
107	964	1	4
186	964	1	4
295	964	1	4
33	968	2	4
123	968	1	4
194	968	1	4
33	971	1	4
123	971	1	4
248	971	1	4
314	983	1	4
99	992	1	4
206	992	1	4
284	992	1	4
139	1009	1	4
178	1009	1	4
253	1009	1	4
123	1010	1	4
139	1010	2	4
178	1010	1	4
242	1010	1	4
139	1011	1	4
178	1011	1	4
242	1011	1	4
139	1012	1	4
178	1012	1	4
253	1012	1	4
139	1014	1	4
178	1014	1	4
56	1016	1	4
98	1016	1	4
139	1016	1	4
178	1016	1	4
71	1017	1	4
168	1017	5	4
192	1017	1	4
55	1018	1	4
310	1018	1	4
100	1019	1	4
139	1019	1	4
178	1019	1	4
215	1019	1	4
277	1019	1	4
84	1022	1	4
139	1022	1	4
178	1022	1	4
237	1022	1	4
110	1023	1	4
139	1023	1	4
178	1023	2	4
71	1026	3	4
305	1026	1	4
139	1032	1	4
178	1032	1	4
19	1033	1	4
76	1033	1	4
108	1033	1	4
139	1037	1	4
178	1037	1	4
15	1039	1	4
48	1039	1	4
235	1039	1	4
299	1039	1	4
32	1041	1	4
213	1042	1	4
5	1048	1	4
206	1048	1	4
250	1048	1	4
259	1048	1	4
7	1055	1	4
123	1055	1	4
69	1061	1	4
137	1061	1	4
167	1061	1	4
315	1061	1	4
33	1088	1	4
123	1088	1	4
186	1088	1	4
194	1088	1	4
263	1088	1	4
266	1141	1	4
277	1157	1	4
139	1159	1	4
178	1159	1	4
19	1161	1	4
175	1161	1	4
295	1161	2	4
13	1167	1	4
208	1167	1	4
305	1167	1	4
108	1199	1	4
194	1199	1	4
312	1199	1	4
274	1205	1	4
288	1205	1	4
295	1207	1	4
123	1213	1	4
277	1213	1	4
123	1221	1	4
277	1221	1	4
105	1223	1	4
268	1242	1	4
270	1242	1	4
151	1260	1	4
209	1260	1	4
256	1260	1	4
108	1271	1	4
123	1271	1	4
168	1271	1	4
191	1279	1	4
268	1279	1	4
123	1283	1	4
167	1283	2	4
191	1283	1	4
247	1283	1	4
314	1286	1	4
251	1289	1	4
71	1291	2	4
123	1291	1	4
192	1291	1	4
11	1301	1	4
66	1301	1	4
86	1301	1	4
206	1301	1	4
159	1303	1	4
290	1307	1	4
299	1307	1	4
225	1308	1	4
12	1310	1	4
77	1310	1	4
123	1310	1	4
11	1314	1	4
114	1314	1	4
239	1314	1	4
47	1315	1	4
183	1315	1	4
270	1315	1	4
233	1344	1	4
305	1360	1	4
123	1365	1	4
191	1365	1	4
191	1366	1	4
47	1372	1	4
123	1372	1	4
158	1372	1	4
186	1372	1	4
263	1372	1	4
264	1372	1	4
94	1379	1	4
253	1379	1	4
295	1379	1	4
122	1381	1	4
213	1381	1	4
171	1388	1	4
296	1388	1	4
20	1389	1	4
164	1389	1	4
32	1416	1	4
167	1416	1	4
316	1416	1	4
35	1452	1	4
299	1452	1	4
307	1452	1	4
33	1453	1	4
123	1453	1	4
194	1453	1	4
140	1454	1	4
311	1454	1	4
123	1475	1	4
207	1475	1	4
83	1476	1	4
164	1476	1	4
205	1476	1	4
287	1476	1	4
304	1477	1	4
5	1479	1	4
82	1479	1	4
285	1479	1	4
52	1481	1	4
77	1481	1	4
299	1481	1	4
33	1499	1	4
83	1499	1	4
123	1499	1	4
293	1504	1	4
97	1505	1	4
164	1505	1	4
170	1505	1	4
268	1505	1	4
78	1508	1	4
115	1508	1	4
124	1508	1	4
313	1508	1	4
103	1513	1	4
106	1513	1	4
128	1513	1	4
167	1519	1	4
167	1520	1	4
33	1524	1	4
123	1524	1	4
148	1524	1	4
224	1524	1	4
237	1524	1	4
46	1535	1	4
123	1535	2	4
158	1535	1	4
258	1535	1	4
123	1549	1	4
317	1549	1	4
43	1559	1	4
167	1562	1	4
80	1565	1	4
296	1565	1	4
3	1568	1	4
190	1568	1	4
6	1574	1	4
45	1574	1	4
123	1592	1	4
34	1595	1	4
33	1596	1	4
123	1596	1	4
48	1598	1	4
23	1602	1	4
123	1602	1	4
187	1602	1	4
237	1602	1	4
292	1602	2	4
295	1606	1	4
33	1608	1	4
123	1608	1	4
224	1608	1	4
157	16	1	5
169	16	1	5
219	16	1	5
85	24	1	5
123	24	1	5
157	28	1	5
223	28	1	5
123	41	1	5
7	72	1	5
123	72	1	5
186	72	1	5
263	72	1	5
279	72	1	5
123	75	1	5
167	75	1	5
51	81	1	5
312	81	1	5
7	146	1	5
111	146	1	5
123	146	1	5
186	146	1	5
263	146	1	5
48	159	1	5
118	159	1	5
123	159	1	5
190	159	1	5
300	159	1	5
302	159	1	5
287	284	1	5
110	322	1	5
179	322	1	5
141	464	1	5
164	473	1	5
123	475	1	5
140	503	1	5
141	503	1	5
65	512	1	5
123	512	1	5
140	512	1	5
268	512	1	5
44	525	1	5
103	525	1	5
209	525	1	5
105	529	1	5
123	529	1	5
140	529	1	5
268	529	1	5
123	537	1	5
140	537	1	5
46	538	1	5
146	538	1	5
177	538	1	5
102	613	1	5
140	613	1	5
233	613	1	5
292	613	1	5
33	660	1	5
123	660	1	5
174	660	1	5
11	717	1	5
67	717	1	5
91	717	1	5
85	755	1	5
84	896	1	5
93	896	1	5
123	896	1	5
300	896	1	5
217	900	1	5
295	900	1	5
98	909	1	5
120	1030	1	5
123	1030	1	5
227	1030	1	5
216	1058	1	5
318	1058	1	5
33	1059	1	5
123	1059	1	5
194	1059	1	5
200	1059	1	5
138	1103	1	5
283	1103	1	5
104	1112	1	5
249	1112	1	5
33	1128	1	5
123	1128	1	5
194	1128	1	5
18	1147	1	5
19	1147	1	5
83	1147	1	5
108	1147	1	5
296	1147	1	5
118	1172	1	5
123	1172	1	5
223	1172	1	5
302	1172	1	5
84	1337	1	5
43	1342	1	5
83	1342	1	5
201	1342	1	5
100	1348	1	5
268	1348	1	5
277	1348	1	5
78	1358	1	5
79	1358	1	5
78	1359	1	5
79	1359	1	5
11	1375	1	5
72	1375	1	5
84	1375	1	5
100	1385	1	5
107	1385	3	5
301	1385	1	5
20	1407	1	5
78	1407	1	5
143	1407	1	5
225	1407	1	5
19	1409	1	5
108	1409	1	5
123	1409	1	5
210	1409	1	5
113	1414	1	5
43	1425	1	5
123	1425	1	5
123	1465	1	5
194	1465	1	5
51	30	1	6
123	30	1	6
123	42	1	6
284	42	1	6
123	48	1	6
284	48	1	6
99	124	1	6
150	124	1	6
220	124	1	6
274	124	1	6
84	142	1	6
256	142	1	6
45	144	1	6
114	144	1	6
123	144	1	6
322	144	1	6
299	174	1	6
158	178	1	6
157	179	1	6
268	180	1	6
111	183	1	6
123	183	1	6
164	186	1	6
299	189	1	6
37	191	1	6
123	191	1	6
33	192	1	6
123	192	1	6
194	192	1	6
33	196	1	6
123	196	1	6
194	196	1	6
107	202	1	6
273	202	1	6
107	204	1	6
273	208	1	6
103	210	1	6
107	210	1	6
171	210	1	6
206	210	1	6
268	210	1	6
299	210	1	6
215	213	1	6
159	239	1	6
267	239	1	6
99	252	1	6
31	277	1	6
90	277	1	6
118	277	1	6
251	277	1	6
84	296	1	6
152	296	1	6
5	310	1	6
146	310	1	6
268	310	1	6
313	310	1	6
95	314	1	6
123	323	1	6
202	323	1	6
252	323	1	6
113	324	1	6
123	324	1	6
13	328	1	6
130	328	1	6
318	328	1	6
268	329	1	6
167	342	1	6
16	345	1	6
88	345	1	6
100	345	1	6
110	396	1	6
40	403	1	6
123	403	1	6
209	403	1	6
254	407	2	6
296	407	1	6
316	407	1	6
41	412	1	6
67	412	1	6
167	416	1	6
282	416	1	6
170	417	1	6
23	418	1	6
94	418	1	6
130	421	1	6
34	422	1	6
97	429	1	6
149	429	1	6
268	429	1	6
71	440	1	6
107	440	1	6
228	440	1	6
276	441	1	6
66	442	1	6
107	442	2	6
127	442	2	6
127	444	1	6
268	444	1	6
147	448	1	6
247	448	1	6
253	448	1	6
270	448	1	6
301	448	1	6
305	448	1	6
305	450	1	6
170	454	1	6
315	454	1	6
76	455	1	6
222	459	1	6
270	459	1	6
62	477	1	6
247	477	1	6
297	477	1	6
298	499	1	6
7	517	1	6
123	517	1	6
195	517	1	6
246	517	1	6
84	534	1	6
164	534	1	6
260	534	1	6
182	569	1	6
203	569	1	6
276	578	1	6
103	583	1	6
266	583	1	6
268	583	1	6
16	584	1	6
152	587	1	6
207	590	1	6
123	608	1	6
95	622	1	6
206	622	1	6
95	627	1	6
206	627	1	6
215	627	1	6
268	627	1	6
48	703	1	6
137	703	1	6
277	703	1	6
32	750	1	6
198	750	1	6
15	769	1	6
40	769	1	6
108	769	1	6
208	769	1	6
91	784	1	6
183	821	1	6
246	821	1	6
268	821	1	6
147	824	1	6
271	824	1	6
30	826	1	6
123	826	1	6
159	832	1	6
239	832	1	6
256	832	1	6
183	835	1	6
223	835	1	6
27	838	2	6
177	838	1	6
322	838	1	6
26	873	1	6
115	873	1	6
167	873	1	6
177	873	1	6
194	873	1	6
198	873	1	6
246	873	1	6
180	879	1	6
183	879	1	6
56	886	1	6
85	886	1	6
164	886	1	6
123	906	1	6
295	906	1	6
52	912	1	6
123	912	1	6
195	912	1	6
301	912	1	6
15	915	1	6
164	915	1	6
274	915	1	6
124	918	1	6
271	918	1	6
177	920	1	6
276	920	1	6
310	920	1	6
103	950	1	6
274	953	1	6
274	954	1	6
33	955	1	6
123	955	1	6
183	955	1	6
200	955	1	6
167	965	1	6
297	965	1	6
62	966	1	6
167	966	1	6
297	966	1	6
33	972	1	6
123	972	2	6
195	972	2	6
171	976	1	6
187	976	1	6
84	988	1	6
106	989	1	6
241	989	1	6
290	989	1	6
241	990	1	6
167	997	1	6
177	997	1	6
128	998	1	6
177	998	2	6
14	1002	1	6
39	1002	1	6
256	1002	1	6
274	1005	1	6
159	1067	1	6
167	1067	1	6
257	1067	1	6
265	1067	1	6
268	1067	1	6
313	1067	1	6
6	1068	1	6
48	1069	1	6
268	1069	1	6
106	1070	1	6
241	1070	1	6
58	1078	1	6
123	1078	1	6
183	1078	1	6
268	1078	1	6
68	1099	1	6
96	1099	1	6
123	1099	2	6
131	1099	1	6
132	1099	1	6
133	1099	1	6
197	1099	1	6
236	1099	1	6
268	1099	1	6
307	1099	1	6
68	1102	1	6
96	1102	1	6
123	1102	2	6
131	1102	1	6
132	1102	1	6
133	1102	1	6
197	1102	1	6
268	1102	1	6
307	1102	1	6
317	1102	1	6
123	1105	2	6
132	1105	1	6
133	1105	1	6
68	1107	1	6
123	1107	2	6
131	1107	1	6
133	1107	1	6
198	1107	1	6
236	1107	1	6
318	1107	1	6
68	1109	1	6
123	1109	2	6
131	1109	1	6
132	1109	1	6
198	1109	1	6
236	1109	1	6
120	1114	1	6
123	1114	1	6
131	1114	1	6
132	1114	1	6
133	1114	1	6
268	1114	1	6
19	1116	1	6
68	1116	1	6
96	1116	1	6
123	1116	2	6
133	1116	1	6
197	1116	1	6
201	1116	1	6
280	1116	1	6
201	1118	1	6
250	1118	1	6
313	1118	1	6
19	1122	1	6
68	1122	1	6
96	1122	1	6
123	1122	2	6
131	1122	1	6
197	1122	1	6
201	1122	1	6
236	1122	1	6
280	1122	1	6
19	1132	1	6
68	1132	1	6
96	1132	1	6
123	1132	2	6
131	1132	1	6
197	1132	1	6
201	1132	1	6
280	1132	1	6
167	1134	1	6
277	1183	1	6
88	1193	1	6
100	1193	1	6
274	1193	1	6
104	1194	1	6
268	1194	1	6
299	1194	1	6
304	1194	1	6
28	1211	1	6
154	1211	1	6
299	1211	1	6
43	1219	1	6
123	1219	1	6
84	1252	2	6
89	1252	1	6
183	1274	1	6
268	1274	1	6
281	1274	1	6
37	1312	1	6
123	1312	1	6
119	1324	1	6
159	1324	1	6
274	1324	1	6
268	1405	1	6
107	1440	1	6
138	1440	1	6
162	1440	1	6
268	1440	1	6
123	1444	1	6
28	1461	1	6
49	1461	1	6
91	1461	1	6
123	1461	1	6
114	1472	1	6
231	1472	1	6
295	1472	2	6
33	1484	1	6
123	1484	1	6
167	1484	1	6
200	1484	1	6
33	1494	1	6
123	1494	1	6
195	1494	1	6
200	1494	1	6
299	1496	1	6
161	1510	1	6
89	1532	1	6
164	1532	1	6
50	1536	1	6
220	1536	1	6
123	1573	1	6
151	1573	1	6
62	1584	1	6
231	1584	1	6
297	1584	1	6
65	1597	1	6
206	1597	1	6
