234	14	1	0
248	14	1	0
268	14	1	0
366	14	1	0
524	25	1	0
52	75	1	0
266	75	1	0
219	90	1	0
248	102	1	0
367	102	1	0
432	102	1	0
561	102	1	0
308	121	1	0
544	121	1	0
248	181	1	0
319	181	1	0
390	181	1	0
358	236	2	0
381	236	1	0
440	236	1	0
513	236	1	0
521	236	1	0
550	236	1	0
239	239	1	0
264	239	1	0
519	239	1	0
110	300	1	0
248	300	1	0
40	314	1	0
248	314	1	0
367	314	1	0
202	333	1	0
335	333	1	0
564	333	1	0
83	365	1	0
107	365	1	0
109	382	1	0
368	382	1	0
172	392	1	0
335	392	1	0
111	405	1	0
140	405	1	0
160	405	1	0
196	405	1	0
248	405	1	0
310	405	1	0
345	405	1	0
385	405	1	0
411	405	1	0
513	405	1	0
219	414	1	0
248	414	1	0
431	414	1	0
558	414	1	0
559	414	1	0
248	454	1	0
61	467	1	0
214	467	1	0
303	467	1	0
310	467	1	0
503	467	1	0
255	501	1	0
304	501	1	0
310	501	1	0
248	503	1	0
69	512	1	0
95	512	1	0
104	512	1	0
232	512	1	0
241	512	1	0
333	512	1	0
350	512	1	0
529	512	1	0
585	512	1	0
177	524	1	0
197	524	1	0
243	524	1	0
320	524	1	0
333	524	1	0
406	524	1	0
487	524	1	0
83	528	1	0
145	528	1	0
203	528	1	0
256	528	2	0
180	532	1	0
513	532	1	0
558	532	1	0
561	532	1	0
153	533	1	0
304	539	1	0
338	539	1	0
388	539	1	0
59	550	1	0
138	550	1	0
189	550	1	0
373	550	1	0
215	573	1	0
406	573	1	0
466	573	1	0
156	583	1	0
580	583	1	0
11	584	1	0
248	584	1	0
310	584	1	0
173	651	1	0
549	651	1	0
561	651	1	0
310	698	1	0
557	698	1	0
227	722	1	0
338	722	1	0
149	731	1	0
218	731	1	0
549	731	1	0
376	736	1	0
536	736	1	0
23	831	1	0
26	831	1	0
248	831	1	0
472	831	1	0
379	881	1	0
29	913	1	0
310	913	1	0
492	913	1	0
44	914	1	0
193	914	1	0
232	914	1	0
333	914	1	0
379	914	1	0
181	949	1	0
325	949	1	0
387	949	1	0
550	949	1	0
156	975	1	0
246	975	1	0
299	975	1	0
338	975	1	0
36	986	1	0
98	986	1	0
124	986	1	0
219	986	1	0
223	986	1	0
461	986	1	0
70	988	1	0
241	988	1	0
424	988	1	0
173	1005	1	0
526	1005	1	0
6	1007	1	0
203	1007	1	0
419	1007	1	0
44	1010	1	0
103	1010	1	0
523	1010	1	0
329	1015	1	0
549	1015	1	0
40	1018	1	0
79	1018	1	0
517	1018	1	0
529	1018	1	0
85	1032	1	0
261	1035	1	0
262	1035	1	0
445	1035	1	0
23	1042	1	0
26	1042	1	0
193	1042	1	0
248	1042	1	0
361	1042	1	0
475	1042	1	0
517	1042	1	0
7	1045	1	0
72	1045	1	0
172	1045	1	0
181	1045	1	0
241	1045	1	0
480	1045	1	0
509	1045	2	0
256	1046	1	0
513	1046	1	0
16	1048	1	0
181	1051	1	0
294	1051	1	0
7	1054	1	0
241	1054	1	0
509	1054	1	0
461	1057	1	0
193	1058	1	0
248	1058	1	0
350	1058	1	0
513	1058	1	0
517	1058	1	0
228	1064	1	0
361	1064	1	0
538	1064	1	0
258	1075	1	0
279	1075	1	0
171	1077	1	0
196	1077	2	0
462	1077	1	0
494	1077	1	0
306	1081	1	0
338	1081	1	0
305	1083	1	0
233	1093	1	0
245	1093	1	0
248	1093	1	0
350	1093	1	0
362	1093	1	0
411	1093	1	0
138	1104	1	0
256	1104	1	0
258	1104	1	0
558	1104	1	0
471	1113	1	0
321	1126	1	0
402	1126	1	0
418	1126	1	0
248	1132	1	0
287	1132	1	0
410	1132	1	0
310	1135	1	0
36	1136	1	0
164	1136	1	0
303	1136	1	0
306	1137	1	0
580	1137	1	0
28	1138	1	0
50	1154	1	0
161	1154	1	0
204	1154	1	0
478	1154	1	0
536	1154	1	0
90	1163	1	0
95	1163	1	0
184	1163	1	0
248	1163	1	0
321	1163	1	0
585	1163	1	0
303	1174	1	0
410	1174	1	0
519	1174	1	0
521	1174	1	0
470	1175	1	0
545	1175	1	0
23	1198	1	0
233	1198	1	0
245	1198	1	0
248	1198	1	0
362	1198	1	0
367	1198	1	0
411	1198	1	0
484	1198	1	0
325	1202	1	0
360	1202	1	0
344	1207	1	0
461	1213	1	0
104	1225	1	0
340	1225	1	0
39	1236	1	0
119	1236	1	0
227	1236	1	0
294	1236	1	0
361	1236	1	0
423	1236	1	0
443	1236	1	0
549	1236	1	0
513	1242	1	0
560	1242	1	0
227	1264	1	0
310	1264	1	0
24	1282	1	0
31	1282	1	0
150	1282	2	0
248	1282	1	0
354	1282	1	0
418	1282	1	0
473	1282	1	0
558	1282	1	0
323	1293	1	0
384	1293	1	0
387	1293	2	0
521	1293	1	0
543	1293	1	0
575	1293	1	0
196	1302	1	0
274	1332	1	0
275	1332	1	0
499	1332	1	0
85	1389	1	0
248	1389	1	0
366	1389	1	0
585	1389	1	0
203	1395	1	0
11	1396	1	0
306	1398	1	0
241	1401	1	0
253	1401	1	0
332	1401	1	0
566	1401	1	0
306	1404	1	0
321	1404	2	0
367	1404	1	0
513	1404	1	0
567	1404	1	0
478	1417	1	0
513	1419	1	0
410	1422	1	0
418	1422	1	0
572	1422	1	0
526	1423	1	0
188	1427	1	0
306	1427	1	0
306	1429	1	0
310	1429	1	0
305	1431	1	0
580	1431	1	0
248	1432	1	0
325	1432	1	0
502	1432	1	0
68	1434	1	0
235	1434	1	0
177	1470	1	0
39	1474	1	0
250	1474	1	0
305	1485	1	0
35	1500	1	0
168	1500	1	0
256	1500	1	0
373	1500	1	0
479	1500	1	0
519	1500	1	0
555	1502	1	0
251	1509	1	0
461	1509	1	0
509	1509	1	0
251	1517	1	0
130	1526	1	0
258	1526	1	0
294	1526	1	0
250	1528	1	0
197	1553	1	0
374	1553	1	0
385	1553	1	0
480	1553	1	0
547	1553	1	0
552	1553	1	0
585	1553	1	0
51	1559	1	0
67	1559	1	0
130	1559	1	0
145	1559	1	0
294	1559	1	0
509	1559	1	0
306	1561	1	0
107	1569	1	0
306	1569	1	0
116	1571	1	0
145	1571	1	0
509	1571	1	0
540	1576	1	0
549	1576	1	0
223	1579	1	0
248	1579	1	0
344	1579	1	0
555	1579	1	0
16	1584	1	0
248	1614	1	0
411	1614	1	0
310	1624	1	0
337	1624	1	0
584	1624	1	0
85	1625	1	0
248	1625	1	0
294	1625	1	0
390	1625	1	0
528	1625	1	0
529	1625	1	0
186	1710	1	0
248	1710	1	0
440	1710	1	0
525	1710	1	0
569	1710	1	0
340	1712	1	0
215	1715	1	0
296	1715	1	0
521	1715	1	0
49	1720	1	0
483	1720	1	0
74	1743	1	0
513	1743	1	0
563	1743	1	0
335	1745	1	0
28	1775	1	0
143	1775	1	0
248	1775	1	0
335	1775	1	0
513	1775	1	0
566	1775	1	0
53	1794	1	0
248	1794	1	0
306	1794	1	0
475	1794	1	0
580	1794	1	0
227	1802	1	0
513	1802	1	0
560	1802	1	0
361	1809	1	0
413	1809	1	0
579	1809	1	0
306	1815	1	0
310	1815	1	0
310	1817	1	0
401	1820	1	0
532	1820	1	0
566	1821	1	0
566	1825	1	0
144	1833	1	0
543	1833	1	0
219	1841	1	0
327	1841	1	0
248	1848	1	0
272	1848	2	0
366	1848	1	0
248	1849	1	0
272	1849	2	0
366	1849	1	0
164	1861	1	0
461	1861	1	0
248	1862	1	0
234	1871	1	0
248	1871	1	0
268	1871	1	0
366	1871	1	0
495	1871	1	0
361	1883	1	0
461	1883	1	0
482	1885	1	0
532	1885	1	0
566	1885	1	0
108	1888	1	0
181	1888	1	0
206	1888	1	0
310	1888	1	0
461	1888	1	0
248	1902	1	0
348	1902	1	0
357	1902	1	0
489	1902	1	0
529	1902	1	0
202	1931	1	0
396	1931	1	0
545	1931	1	0
23	2021	1	0
99	2021	1	0
248	2021	1	0
366	2021	1	0
390	2021	1	0
473	2021	1	0
585	2021	1	0
23	2027	1	0
67	2027	1	0
99	2027	1	0
233	2027	1	0
248	2027	1	0
411	2027	1	0
524	2027	1	0
244	2062	1	0
234	2084	1	0
248	2084	1	0
268	2084	1	0
366	2084	1	0
495	2084	1	0
181	2120	1	0
241	2120	1	0
248	2135	1	0
325	2135	1	0
543	2135	1	0
234	2159	1	0
248	2159	1	0
268	2159	1	0
366	2159	1	0
53	2172	1	0
248	2172	1	0
475	2172	1	0
303	2214	1	0
253	2226	1	0
417	2226	1	0
248	2231	1	0
287	2231	1	0
398	2231	1	0
492	2231	1	0
36	2232	1	0
164	2232	1	0
345	2232	1	0
461	2232	1	0
164	2240	1	0
306	2240	1	0
219	2241	1	0
244	2241	1	0
536	2241	1	0
23	2243	1	0
248	2243	1	0
278	2243	1	0
390	2243	1	0
550	2243	1	0
164	2256	1	0
250	2256	1	0
306	2256	1	0
56	2257	1	0
164	2257	1	0
306	2257	1	0
373	2257	1	0
486	2257	1	0
103	2259	1	0
279	2259	1	0
544	2259	1	0
48	2283	1	0
223	2283	1	0
248	2283	1	0
338	2283	1	0
394	2283	1	0
428	2291	1	0
68	2307	1	0
105	2307	1	0
248	2307	1	0
304	2307	1	0
310	2307	1	0
348	2307	1	0
93	2314	1	0
300	2314	1	0
410	2314	1	0
484	2314	1	0
41	2315	1	0
144	2315	1	0
575	2315	1	0
145	2317	1	0
217	2317	1	0
177	2337	1	0
513	2337	1	0
547	2337	1	0
554	2337	1	0
561	2337	1	0
332	2367	1	0
55	2368	1	0
142	2368	1	0
365	2368	1	0
429	2368	1	0
31	2446	1	0
203	2446	1	0
227	2446	1	0
404	2446	1	0
214	2453	1	0
393	2453	1	0
18	2460	1	0
139	2460	1	0
540	2460	1	0
435	2461	1	0
177	2467	1	0
119	2487	1	0
504	2487	1	0
23	2515	1	0
233	2515	1	0
248	2515	1	0
340	2515	1	0
362	2515	1	0
367	2515	1	0
411	2515	1	0
484	2515	1	0
99	2519	1	0
248	2519	1	0
473	2519	1	0
513	2519	1	0
562	2519	1	0
585	2519	1	0
308	2545	1	0
463	2545	4	0
493	2545	1	0
143	2548	1	0
248	2560	1	0
287	2560	1	0
366	2560	1	0
411	2560	1	0
499	2560	1	0
160	2563	1	0
352	2563	1	0
180	2564	1	0
437	2564	1	0
72	2569	1	0
160	2569	1	0
206	2569	1	0
549	2569	1	0
557	2569	2	0
177	2575	1	0
248	2594	1	0
390	2594	1	0
410	2594	1	0
513	2594	1	0
23	2610	1	0
186	2610	1	0
248	2610	1	0
366	2610	1	0
241	2619	1	0
486	2619	1	0
550	2619	1	0
113	2625	1	0
248	2625	1	0
20	2636	2	0
549	2636	1	0
549	2657	1	0
189	108	1	1
461	108	1	1
483	108	1	1
570	108	1	1
48	110	1	1
223	110	1	1
312	117	1	1
475	117	1	1
529	117	1	1
248	292	1	1
262	292	1	1
431	292	1	1
214	400	1	1
305	400	1	1
310	400	1	1
434	400	1	1
246	413	1	1
416	413	1	1
116	2352	1	1
306	2352	1	1
150	17	1	2
248	17	1	2
309	17	2	2
390	17	1	2
248	33	1	2
585	33	1	2
382	93	1	2
173	122	1	2
248	122	1	2
305	122	1	2
310	122	1	2
513	122	1	2
79	161	1	2
346	161	1	2
557	161	1	2
562	192	1	2
53	200	2	2
248	200	1	2
233	226	1	2
293	238	1	2
187	242	1	2
248	242	1	2
337	242	1	2
411	242	1	2
455	242	1	2
568	242	1	2
37	282	1	2
330	282	1	2
224	284	1	2
242	286	1	2
388	286	1	2
38	306	1	2
61	306	1	2
203	306	1	2
310	306	1	2
404	308	1	2
544	308	1	2
552	308	1	2
585	308	1	2
70	349	1	2
187	349	1	2
248	349	1	2
394	349	1	2
404	349	1	2
513	349	1	2
484	491	1	2
557	491	1	2
32	678	1	2
138	678	1	2
166	678	1	2
254	678	1	2
274	678	1	2
513	678	1	2
564	678	1	2
187	701	1	2
248	701	1	2
366	701	1	2
248	875	1	2
369	875	1	2
156	929	1	2
248	929	1	2
425	929	1	2
248	967	1	2
310	967	1	2
241	1068	1	2
433	1068	1	2
305	1070	1	2
461	1070	1	2
524	1070	1	2
308	1078	1	2
385	1078	1	2
543	1080	1	2
579	1080	1	2
187	1134	1	2
248	1134	1	2
310	1134	1	2
113	1140	1	2
248	1140	1	2
366	1140	1	2
344	1148	1	2
104	1149	1	2
367	1149	1	2
521	1149	1	2
201	1185	1	2
242	1185	1	2
248	1185	2	2
273	1185	1	2
292	1185	1	2
340	1185	1	2
385	1185	1	2
389	1185	1	2
113	1203	1	2
248	1203	1	2
366	1203	1	2
33	1241	1	2
222	1241	1	2
305	1241	1	2
402	1241	1	2
471	1261	1	2
187	1291	1	2
248	1291	1	2
366	1291	1	2
187	1292	1	2
248	1292	1	2
317	1292	1	2
348	1292	1	2
366	1292	1	2
475	1292	1	2
489	1292	1	2
248	1402	1	2
325	1402	2	2
310	1464	1	2
394	1464	1	2
513	1467	1	2
244	1512	1	2
513	1512	1	2
241	1539	1	2
531	1539	1	2
550	1539	1	2
513	1542	1	2
248	1588	1	2
366	1588	1	2
389	1588	1	2
402	1588	1	2
585	1588	1	2
344	1594	1	2
396	1594	1	2
248	1599	1	2
236	1632	1	2
488	1632	1	2
20	1638	1	2
138	1638	1	2
305	1638	1	2
344	1640	1	2
410	1676	1	2
456	1676	1	2
1	1684	1	2
252	1684	1	2
417	1684	1	2
305	1694	1	2
334	1694	1	2
120	1703	1	2
252	1703	1	2
259	1703	2	2
499	1703	1	2
44	1769	1	2
128	1769	2	2
252	1769	1	2
406	1769	2	2
128	1770	1	2
252	1770	1	2
410	1770	1	2
415	1797	1	2
310	1806	1	2
557	1806	1	2
185	1822	1	2
248	1822	1	2
431	1822	1	2
436	1822	1	2
263	1838	1	2
327	1838	1	2
1	1840	1	2
44	1840	1	2
128	1840	1	2
485	1840	1	2
498	1840	1	2
14	1856	1	2
200	1856	1	2
214	1856	1	2
514	1856	1	2
549	1856	1	2
461	1868	1	2
549	1868	1	2
576	1868	1	2
15	1876	1	2
252	1876	1	2
237	1882	1	2
252	1882	1	2
95	1904	1	2
187	1904	1	2
248	1904	1	2
327	1904	1	2
366	1904	1	2
390	1904	1	2
252	1910	1	2
356	1910	1	2
418	1910	1	2
436	1910	1	2
44	1915	1	2
77	1915	2	2
128	1915	1	2
229	1915	2	2
44	1927	1	2
77	1927	2	2
128	1927	1	2
229	1927	2	2
252	1927	1	2
262	1927	1	2
44	1938	1	2
77	1938	2	2
134	1938	1	2
229	1938	2	2
252	1938	1	2
436	1938	1	2
128	1945	1	2
252	1945	1	2
292	1945	1	2
557	1952	2	2
128	1958	2	2
252	1958	1	2
309	1958	1	2
521	1958	1	2
57	1992	1	2
147	1992	1	2
239	1992	1	2
248	1992	1	2
350	1992	2	2
384	1992	1	2
50	2010	2	2
60	2010	2	2
201	2010	1	2
224	2010	1	2
248	2010	2	2
513	2010	1	2
545	2010	1	2
70	2017	1	2
523	2017	1	2
548	2017	5	2
113	2038	1	2
248	2038	1	2
187	2098	1	2
248	2098	1	2
366	2098	1	2
477	2098	1	2
14	2145	1	2
323	2145	1	2
485	2145	1	2
549	2188	1	2
346	2201	1	2
557	2201	1	2
248	2207	1	2
492	2207	1	2
223	2250	1	2
248	2250	1	2
375	2250	1	2
398	2250	1	2
416	2250	1	2
232	2297	1	2
282	2297	1	2
310	2297	1	2
564	2297	1	2
171	2300	1	2
418	2300	1	2
453	2300	1	2
212	2305	2	2
478	2305	1	2
544	2305	2	2
111	2313	1	2
248	2313	1	2
448	2318	1	2
552	2325	1	2
367	2328	1	2
417	2340	1	2
196	2342	1	2
248	2342	1	2
106	2350	1	2
202	2350	1	2
288	2350	1	2
399	2350	1	2
440	2350	1	2
524	2350	1	2
97	2403	1	2
248	2403	1	2
367	2403	1	2
402	2403	1	2
448	2403	1	2
300	2473	1	2
550	2473	1	2
480	2478	1	2
343	2489	1	2
104	2499	1	2
249	2499	1	2
521	2499	1	2
398	2508	1	2
239	2521	1	2
474	2521	1	2
203	2540	1	2
204	2540	1	2
116	2547	1	2
422	2547	1	2
580	2547	1	2
248	2556	1	2
310	2556	1	2
513	2556	2	2
87	5	1	3
87	8	1	3
193	8	1	3
466	8	1	3
248	20	1	3
59	26	1	3
248	26	1	3
394	26	1	3
549	26	1	3
557	26	1	3
582	26	1	3
122	29	1	3
149	29	1	3
481	29	1	3
552	29	1	3
241	42	1	3
248	42	1	3
199	47	1	3
151	72	1	3
411	72	1	3
211	87	1	3
248	87	1	3
361	87	1	3
513	87	1	3
214	94	1	3
385	94	1	3
494	94	1	3
83	129	1	3
177	129	1	3
466	129	1	3
352	132	1	3
564	132	1	3
202	146	1	3
396	146	1	3
433	147	1	3
513	147	1	3
1	148	1	3
279	148	1	3
564	148	1	3
575	148	1	3
103	156	1	3
190	156	1	3
238	156	1	3
248	156	1	3
366	156	1	3
419	163	1	3
545	163	1	3
342	171	1	3
381	171	1	3
513	171	1	3
138	198	1	3
173	198	1	3
193	198	1	3
224	198	1	3
304	198	1	3
549	198	1	3
513	204	1	3
561	204	1	3
50	210	1	3
184	221	1	3
329	221	1	3
513	221	1	3
337	223	1	3
248	244	1	3
491	244	1	3
196	276	1	3
248	276	1	3
337	276	1	3
311	278	1	3
31	279	1	3
311	285	1	3
241	289	1	3
461	289	1	3
206	319	1	3
230	319	1	3
275	319	1	3
310	319	1	3
350	319	1	3
248	320	1	3
190	350	1	3
238	350	1	3
248	350	1	3
366	350	1	3
222	351	1	3
339	351	1	3
479	351	1	3
138	360	1	3
227	360	1	3
388	360	1	3
480	360	1	3
489	360	1	3
364	362	1	3
440	362	1	3
31	373	1	3
560	373	1	3
564	373	1	3
293	378	1	3
521	378	1	3
331	387	1	3
337	387	1	3
97	390	1	3
173	390	1	3
557	390	1	3
20	394	1	3
117	394	1	3
219	394	1	3
279	394	1	3
296	394	1	3
455	394	1	3
513	394	1	3
538	394	1	3
204	397	1	3
6	399	1	3
512	399	1	3
524	399	1	3
306	408	1	3
385	408	1	3
392	408	1	3
442	408	1	3
251	410	1	3
460	410	1	3
248	412	1	3
366	412	1	3
378	412	1	3
163	416	1	3
222	416	1	3
513	416	1	3
49	420	1	3
214	420	1	3
458	423	1	3
28	425	1	3
351	425	1	3
214	427	1	3
203	428	1	3
529	428	1	3
29	430	1	3
88	430	1	3
148	430	1	3
549	430	1	3
305	433	1	3
387	433	1	3
408	433	1	3
306	440	1	3
460	440	1	3
3	447	1	3
59	447	1	3
450	447	1	3
478	447	1	3
557	447	1	3
522	465	1	3
189	482	1	3
248	482	1	3
287	482	1	3
12	494	1	3
13	494	1	3
248	494	1	3
391	494	5	3
553	494	1	3
138	495	1	3
410	514	1	3
468	514	1	3
482	514	1	3
130	517	1	3
307	517	1	3
503	517	1	3
513	517	1	3
561	517	1	3
248	519	1	3
81	522	1	3
195	522	1	3
258	522	1	3
286	522	1	3
523	522	1	3
540	522	1	3
248	525	1	3
4	527	1	3
262	527	1	3
346	527	1	3
413	527	1	3
513	527	1	3
68	537	1	3
310	537	1	3
458	537	1	3
223	557	1	3
256	557	1	3
38	560	1	3
327	560	1	3
71	561	1	3
214	561	1	3
248	561	1	3
270	561	1	3
384	561	1	3
390	561	1	3
248	578	1	3
269	602	1	3
295	602	1	3
304	602	1	3
407	602	1	3
284	614	1	3
241	638	1	3
248	638	1	3
302	638	1	3
284	653	3	3
138	657	1	3
248	659	1	3
32	671	1	3
166	671	1	3
275	671	1	3
95	672	1	3
189	672	1	3
345	672	1	3
550	672	1	3
304	679	1	3
361	679	1	3
573	679	2	3
342	684	1	3
513	684	1	3
535	684	1	3
244	697	1	3
306	697	1	3
381	697	1	3
456	697	1	3
518	697	1	3
248	703	2	3
203	707	1	3
280	707	1	3
385	707	1	3
408	707	1	3
421	707	1	3
559	707	1	3
247	709	1	3
284	709	1	3
557	709	1	3
4	711	1	3
25	711	1	3
248	711	1	3
481	711	1	3
525	711	1	3
507	726	1	3
138	740	1	3
206	740	1	3
550	740	1	3
561	740	1	3
576	740	1	3
13	741	1	3
29	741	1	3
248	741	1	3
390	741	1	3
442	741	1	3
556	741	1	3
187	748	1	3
248	748	1	3
366	748	1	3
310	754	1	3
405	754	1	3
491	754	1	3
122	760	1	3
248	760	1	3
513	760	1	3
192	762	1	3
195	762	1	3
248	762	1	3
248	771	1	3
366	771	1	3
411	771	1	3
13	774	1	3
206	774	1	3
512	774	1	3
513	776	1	3
517	776	1	3
3	778	1	3
178	778	1	3
196	778	1	3
337	778	1	3
342	778	1	3
437	778	2	3
144	782	1	3
364	792	1	3
200	814	1	3
204	814	1	3
568	814	1	3
431	818	1	3
92	827	1	3
130	827	1	3
271	827	1	3
499	827	1	3
564	827	1	3
256	830	1	3
519	830	1	3
33	838	1	3
256	838	1	3
466	838	1	3
508	838	1	3
131	850	1	3
310	850	1	3
304	865	1	3
361	866	1	3
447	870	1	3
559	870	1	3
83	877	1	3
315	877	1	3
488	877	1	3
160	879	1	3
364	879	1	3
83	880	1	3
315	880	2	3
488	880	1	3
227	882	1	3
278	882	1	3
419	882	1	3
522	884	1	3
408	886	1	3
463	886	1	3
264	887	1	3
346	887	1	3
361	890	1	3
380	890	1	3
534	890	1	3
533	891	1	3
222	894	1	3
382	894	1	3
196	896	1	3
248	896	1	3
319	896	1	3
361	896	1	3
495	896	1	3
410	897	2	3
145	900	1	3
222	900	1	3
382	900	1	3
304	901	1	3
411	901	1	3
431	901	1	3
544	901	1	3
578	901	1	3
193	902	1	3
333	902	1	3
264	903	1	3
346	903	1	3
91	904	1	3
188	904	1	3
564	904	1	3
248	911	1	3
306	911	1	3
442	911	1	3
545	911	1	3
90	912	1	3
513	912	1	3
564	912	1	3
398	921	1	3
323	925	1	3
48	927	1	3
223	927	1	3
244	927	1	3
361	928	1	3
557	928	1	3
549	934	1	3
59	940	1	3
74	947	1	3
203	947	1	3
306	947	1	3
554	947	1	3
306	960	1	3
442	960	1	3
457	960	1	3
459	960	1	3
513	960	1	3
248	962	1	3
357	962	1	3
366	962	1	3
411	962	1	3
143	963	1	3
217	963	1	3
385	963	1	3
93	965	1	3
248	965	1	3
390	965	1	3
387	974	1	3
387	978	1	3
465	979	1	3
201	987	1	3
200	996	1	3
341	1020	1	3
461	1036	1	3
92	1043	1	3
149	1043	1	3
218	1043	1	3
493	1043	1	3
459	1052	1	3
70	1065	1	3
111	1065	1	3
304	1065	1	3
385	1065	1	3
479	1065	1	3
196	1066	1	3
385	1066	1	3
424	1066	1	3
148	1076	1	3
248	1076	1	3
325	1076	1	3
13	1100	1	3
162	1100	1	3
362	1100	1	3
513	1100	1	3
13	1105	1	3
162	1105	1	3
362	1105	1	3
523	1107	1	3
306	1110	1	3
499	1111	1	3
579	1111	1	3
454	1115	1	3
242	1127	1	3
310	1133	1	3
223	1155	1	3
311	1155	1	3
344	1155	1	3
385	1155	1	3
478	1155	1	3
196	1158	1	3
532	1167	1	3
5	1169	1	3
104	1194	1	3
371	1194	1	3
569	1194	1	3
125	1201	1	3
344	1201	1	3
537	1201	1	3
551	1201	1	3
332	1212	1	3
329	1217	1	3
521	1217	1	3
550	1217	1	3
267	1220	1	3
206	1226	1	3
230	1226	1	3
337	1235	1	3
21	1244	1	3
59	1244	1	3
248	1244	1	3
478	1244	1	3
561	1244	1	3
31	1251	1	3
248	1251	1	3
365	1251	1	3
194	1266	1	3
57	1278	1	3
67	1278	1	3
196	1278	1	3
344	1300	1	3
223	1342	1	3
248	1342	1	3
340	1342	1	3
478	1342	1	3
521	1342	1	3
240	1343	1	3
549	1343	1	3
143	1347	1	3
248	1348	1	3
513	1348	1	3
532	1348	1	3
37	1425	1	3
232	1425	1	3
556	1425	1	3
584	1425	1	3
144	1428	1	3
215	1428	1	3
344	1477	1	3
513	1477	1	3
216	1507	1	3
122	1508	1	3
306	1508	2	3
83	1566	1	3
104	1566	1	3
402	1566	1	3
429	1566	1	3
537	1566	1	3
549	1566	2	3
342	1585	1	3
480	1585	2	3
513	1585	2	3
418	1590	1	3
301	1622	1	3
416	1622	1	3
454	1628	1	3
513	1628	2	3
544	1628	1	3
202	1635	2	3
241	1635	1	3
306	1635	1	3
342	1635	1	3
399	1635	1	3
513	1635	1	3
289	1637	2	3
83	1643	1	3
135	1643	1	3
310	1643	1	3
560	1643	1	3
79	1693	1	3
552	1693	1	3
580	1693	1	3
31	1697	1	3
178	1697	1	3
466	1697	1	3
104	1707	1	3
279	1707	1	3
513	1707	1	3
15	1735	1	3
359	1735	1	3
394	1735	1	3
549	1735	1	3
85	1742	1	3
157	1742	1	3
248	1742	1	3
366	1742	1	3
411	1742	1	3
190	1777	1	3
238	1777	1	3
248	1777	1	3
366	1777	1	3
389	1777	1	3
402	1777	1	3
157	1799	1	3
189	1799	1	3
248	1799	1	3
366	1799	1	3
157	1801	1	3
248	1801	1	3
366	1801	1	3
378	1801	1	3
15	1813	1	3
88	1813	1	3
322	1813	1	3
327	1813	2	3
248	1816	1	3
113	1826	1	3
187	1826	1	3
248	1826	1	3
366	1826	1	3
369	1826	1	3
378	1826	1	3
585	1826	1	3
88	1827	2	3
231	1827	1	3
322	1827	1	3
327	1827	1	3
415	1827	2	3
503	1827	1	3
222	1839	1	3
462	1839	1	3
513	1839	1	3
248	1847	1	3
390	1847	1	3
410	1847	1	3
507	1847	1	3
130	1863	1	3
143	1863	1	3
306	1863	1	3
356	1863	1	3
465	1863	1	3
522	1863	1	3
306	1867	1	3
412	1867	1	3
580	1867	1	3
48	1874	1	3
223	1874	1	3
51	1877	1	3
74	1877	1	3
171	1877	1	3
479	1877	1	3
499	1877	1	3
549	1880	1	3
549	1895	1	3
153	1899	1	3
244	1906	1	3
306	1906	1	3
96	1911	1	3
104	1911	1	3
299	1932	1	3
407	1932	1	3
417	1932	1	3
437	1932	1	3
461	1933	1	3
549	1933	1	3
239	1934	1	3
352	1934	1	3
144	1935	1	3
310	1935	1	3
340	1935	1	3
383	1935	1	3
113	1939	1	3
187	1939	1	3
248	1939	1	3
378	1939	1	3
432	1939	1	3
334	1942	1	3
513	1942	1	3
199	1959	1	3
459	1959	1	3
504	1959	1	3
545	1959	1	3
550	1959	1	3
155	1960	1	3
241	1960	1	3
437	1960	1	3
206	1962	1	3
395	1962	1	3
478	1962	1	3
215	1965	1	3
247	1965	1	3
460	1965	1	3
533	1965	1	3
3	1967	1	3
51	1967	1	3
306	1967	1	3
402	1967	1	3
459	1967	1	3
545	1967	1	3
73	1969	1	3
105	1969	1	3
391	1969	1	3
478	1969	1	3
550	1969	1	3
247	1970	1	3
407	1970	1	3
16	1986	1	3
19	1986	1	3
58	1986	1	3
202	1986	1	3
396	1986	1	3
442	1986	1	3
487	1986	2	3
564	1986	1	3
181	1995	1	3
204	1995	1	3
302	1995	1	3
253	1998	1	3
549	1998	1	3
30	2000	1	3
417	2000	1	3
451	2000	1	3
462	2001	1	3
248	2004	1	3
366	2004	1	3
411	2004	1	3
248	2014	1	3
366	2014	1	3
411	2014	1	3
418	2014	1	3
479	2014	1	3
499	2014	1	3
341	2019	1	3
521	2026	1	3
578	2026	1	3
103	2039	1	3
247	2039	1	3
10	2045	1	3
152	2045	1	3
490	2045	1	3
437	2047	1	3
569	2047	1	3
390	2050	1	3
392	2050	1	3
206	2052	1	3
248	2052	1	3
370	2052	1	3
521	2052	1	3
437	2053	1	3
248	2089	1	3
478	2089	1	3
248	2123	1	3
263	2123	1	3
461	2123	1	3
554	2123	1	3
316	2133	1	3
15	2138	1	3
183	2138	1	3
359	2138	1	3
361	2138	1	3
435	2138	1	3
549	2138	1	3
90	2150	1	3
248	2150	1	3
129	2156	1	3
148	2156	1	3
367	2156	1	3
71	2160	1	3
145	2160	1	3
341	2160	1	3
564	2160	1	3
359	2163	1	3
476	2163	1	3
561	2163	1	3
5	2167	1	3
28	2167	1	3
134	2167	1	3
137	2167	1	3
183	2167	1	3
239	2167	1	3
326	2167	1	3
359	2167	1	3
549	2167	1	3
227	2176	1	3
227	2177	1	3
306	2177	1	3
5	2235	1	3
359	2235	1	3
21	2251	1	3
104	2251	1	3
248	2251	1	3
350	2251	1	3
585	2251	1	3
576	2255	1	3
310	2285	1	3
495	2285	1	3
38	2303	1	3
248	2303	1	3
337	2303	1	3
396	2303	1	3
221	2304	1	3
248	2304	1	3
366	2304	1	3
411	2304	1	3
463	2304	1	3
248	2310	1	3
115	2319	1	3
156	2319	1	3
169	2319	1	3
255	2319	1	3
398	2319	1	3
480	2319	1	3
93	2330	1	3
518	2330	1	3
576	2330	1	3
248	2334	1	3
513	2334	1	3
379	2336	1	3
513	2336	1	3
549	2336	1	3
66	2338	1	3
232	2338	1	3
210	2365	1	3
248	2365	1	3
379	2365	1	3
431	2365	1	3
513	2365	1	3
74	2382	1	3
133	2382	1	3
196	2382	1	3
64	2386	1	3
235	2386	1	3
248	2386	1	3
390	2386	1	3
398	2386	1	3
513	2386	1	3
67	2395	1	3
243	2395	1	3
387	2395	1	3
487	2398	1	3
181	2407	1	3
466	2407	1	3
543	2407	1	3
158	2410	1	3
578	2410	1	3
41	2414	1	3
462	2414	1	3
533	2414	1	3
564	2414	1	3
203	2420	1	3
214	2420	1	3
227	2420	1	3
310	2420	1	3
207	2421	1	3
122	2443	1	3
296	2443	1	3
347	2443	1	3
122	2451	1	3
182	2451	1	3
192	2451	1	3
241	2451	1	3
248	2451	1	3
448	2451	1	3
550	2451	1	3
215	2452	1	3
52	2456	1	3
105	2456	1	3
190	2456	1	3
238	2456	1	3
248	2456	1	3
310	2456	1	3
366	2456	1	3
513	2456	1	3
162	2486	1	3
248	2486	1	3
305	2486	1	3
338	2486	1	3
431	2486	1	3
521	2486	1	3
31	2491	2	3
143	2501	1	3
203	2501	1	3
373	2517	2	3
395	2517	1	3
548	2517	2	3
270	2523	1	3
248	2527	1	3
544	2533	1	3
227	2536	1	3
460	2536	1	3
203	2542	2	3
283	2542	1	3
549	2542	1	3
77	2550	1	3
82	2550	1	3
375	2550	1	3
228	2551	1	3
70	2559	1	3
449	2559	1	3
48	2567	1	3
223	2567	1	3
338	2585	2	3
33	2597	1	3
65	2597	1	3
306	2597	1	3
514	2597	1	3
579	2597	1	3
190	2601	2	3
238	2601	2	3
248	2601	1	3
366	2601	2	3
211	2613	1	3
248	2613	1	3
32	2622	1	3
214	2622	1	3
365	2622	2	3
2	2633	1	3
394	2633	1	3
52	2638	1	3
333	2638	1	3
422	2640	1	3
513	2640	1	3
517	2640	1	3
190	2644	1	3
238	2644	1	3
248	2644	1	3
366	2644	1	3
52	2645	1	3
311	2645	1	3
360	2645	1	3
528	2645	1	3
478	2647	1	3
521	2647	1	3
310	2652	1	3
139	60	1	4
320	60	1	4
544	60	1	4
382	63	1	4
280	69	1	4
557	69	1	4
244	86	1	4
282	86	1	4
387	86	1	4
575	86	1	4
204	89	1	4
385	89	1	4
212	95	1	4
253	95	1	4
534	95	1	4
262	97	1	4
438	98	1	4
582	98	1	4
204	104	1	4
311	104	2	4
431	104	1	4
466	104	1	4
17	109	1	4
257	109	1	4
326	109	1	4
344	109	1	4
388	109	1	4
227	113	1	4
388	113	1	4
499	113	1	4
388	115	1	4
499	115	1	4
478	119	1	4
526	119	1	4
543	123	1	4
204	126	1	4
305	126	1	4
345	126	1	4
188	169	1	4
256	169	2	4
247	254	1	4
306	254	1	4
390	254	1	4
556	254	1	4
436	384	1	4
542	384	1	4
80	567	1	4
305	567	1	4
248	572	1	4
322	572	1	4
366	572	1	4
390	572	1	4
400	572	1	4
6	577	1	4
208	577	1	4
346	577	1	4
534	577	1	4
132	706	1	4
139	706	1	4
385	706	1	4
382	713	1	4
535	727	1	4
257	751	1	4
535	751	1	4
71	763	1	4
149	763	1	4
177	763	1	4
420	763	1	4
431	779	1	4
513	779	1	4
385	781	2	4
163	788	1	4
440	788	1	4
58	796	1	4
131	796	1	4
403	796	1	4
431	796	1	4
57	1117	1	4
211	1117	1	4
269	1117	1	4
311	1117	1	4
351	1117	1	4
570	1117	1	4
257	1118	1	4
511	1118	1	4
527	1118	1	4
11	1446	1	4
316	1446	1	4
521	1446	2	4
300	1804	1	4
44	1812	1	4
48	1812	1	4
204	1812	1	4
249	1812	1	4
576	1812	1	4
34	2245	1	4
95	2245	1	4
189	2245	1	4
248	2245	1	4
585	2245	1	4
2	2393	1	4
160	2393	1	4
300	2393	1	4
399	2393	1	4
436	2393	1	4
582	2393	1	4
586	2393	1	4
177	2524	1	4
18	6	1	5
132	6	1	5
248	6	1	5
294	6	1	5
296	6	1	5
513	6	1	5
540	6	1	5
73	35	1	5
200	35	1	5
311	35	3	5
549	35	1	5
204	53	1	5
207	53	1	5
335	53	1	5
387	53	1	5
34	59	1	5
504	59	1	5
10	64	1	5
326	64	1	5
508	64	1	5
19	73	1	5
129	73	1	5
147	73	1	5
248	73	2	5
464	73	1	5
4	76	1	5
193	76	1	5
248	76	1	5
547	76	1	5
218	85	1	5
248	85	1	5
472	85	1	5
40	128	1	5
385	128	1	5
203	139	1	5
248	145	1	5
272	145	1	5
513	145	1	5
215	149	1	5
552	149	1	5
39	151	1	5
54	151	1	5
177	151	1	5
411	151	1	5
248	154	1	5
243	157	1	5
286	157	1	5
450	157	1	5
501	157	1	5
194	168	1	5
248	173	1	5
330	173	1	5
248	176	1	5
330	176	1	5
30	178	1	5
104	178	1	5
306	178	1	5
248	182	1	5
330	182	1	5
341	185	1	5
521	185	1	5
281	203	1	5
549	203	1	5
202	206	1	5
365	206	1	5
26	209	1	5
68	209	1	5
241	209	1	5
248	209	1	5
367	209	1	5
475	209	1	5
523	209	1	5
248	211	1	5
366	211	1	5
574	211	1	5
111	213	1	5
217	213	1	5
169	216	1	5
236	216	1	5
336	216	1	5
430	216	1	5
549	216	1	5
337	222	1	5
11	225	1	5
76	225	1	5
248	225	1	5
366	225	1	5
450	225	1	5
484	225	1	5
336	228	1	5
430	228	1	5
306	229	1	5
315	229	1	5
336	229	1	5
430	229	1	5
499	229	1	5
131	230	1	5
549	230	1	5
581	231	1	5
248	233	1	5
264	233	1	5
288	233	1	5
384	233	1	5
456	233	1	5
270	234	1	5
38	235	1	5
168	235	1	5
270	235	1	5
336	235	1	5
430	235	1	5
336	240	1	5
430	240	1	5
463	240	1	5
562	240	1	5
177	245	1	5
241	249	1	5
305	249	1	5
201	250	1	5
236	250	1	5
323	250	1	5
336	250	1	5
430	250	1	5
354	251	1	5
197	259	1	5
336	259	1	5
430	259	1	5
480	259	1	5
549	259	1	5
31	271	1	5
177	271	1	5
38	272	1	5
91	274	1	5
58	277	1	5
74	277	1	5
202	281	1	5
284	281	1	5
440	281	1	5
513	281	1	5
248	287	1	5
376	287	1	5
549	287	1	5
206	297	1	5
381	297	1	5
416	297	1	5
518	297	1	5
310	309	1	5
24	316	2	5
196	316	1	5
461	316	1	5
212	331	1	5
564	344	1	5
284	354	1	5
340	361	1	5
411	361	1	5
126	363	1	5
420	363	1	5
49	376	1	5
248	376	1	5
446	376	1	5
559	376	1	5
310	379	1	5
171	380	1	5
176	380	1	5
275	380	2	5
398	380	1	5
418	380	1	5
431	380	1	5
536	380	1	5
540	380	1	5
248	386	1	5
37	393	1	5
142	393	1	5
248	393	1	5
361	393	1	5
157	424	1	5
248	424	1	5
366	424	1	5
458	432	1	5
367	436	1	5
418	436	1	5
513	449	1	5
138	450	1	5
256	450	1	5
549	450	1	5
564	450	1	5
163	459	1	5
335	459	1	5
478	459	1	5
512	459	1	5
174	462	1	5
188	462	1	5
206	462	1	5
256	462	1	5
325	462	1	5
48	463	2	5
150	463	1	5
189	463	1	5
203	463	1	5
223	463	1	5
248	463	1	5
361	463	1	5
435	463	1	5
510	463	1	5
193	471	1	5
432	471	1	5
12	480	1	5
310	480	2	5
428	480	1	5
450	480	1	5
513	480	1	5
553	480	1	5
77	481	1	5
204	481	1	5
256	481	1	5
8	484	1	5
338	484	1	5
47	489	1	5
47	490	1	5
479	490	1	5
121	500	1	5
278	500	1	5
67	506	1	5
451	506	1	5
138	511	1	5
457	511	1	5
476	511	1	5
50	513	1	5
524	513	1	5
549	513	1	5
60	516	1	5
231	516	1	5
476	516	1	5
12	518	1	5
427	518	1	5
512	518	1	5
557	518	1	5
512	531	1	5
121	534	1	5
248	536	1	5
425	536	1	5
510	536	1	5
527	536	1	5
177	540	1	5
567	540	1	5
30	541	1	5
241	541	1	5
248	541	1	5
337	541	1	5
550	541	1	5
138	546	2	5
487	546	1	5
539	546	1	5
554	546	1	5
248	547	1	5
83	548	1	5
121	548	1	5
361	548	1	5
549	548	1	5
177	552	1	5
248	552	1	5
203	553	1	5
564	553	1	5
310	554	1	5
11	556	1	5
468	556	1	5
470	556	1	5
170	564	1	5
303	564	1	5
335	564	1	5
486	564	1	5
493	564	1	5
549	564	1	5
564	564	1	5
11	570	1	5
532	570	1	5
549	570	1	5
557	570	1	5
12	579	1	5
248	579	1	5
512	579	1	5
553	579	1	5
586	579	1	5
279	586	1	5
487	586	2	5
248	587	1	5
513	587	1	5
532	587	1	5
564	587	1	5
204	588	1	5
130	591	1	5
163	591	1	5
513	591	1	5
552	591	1	5
306	592	1	5
60	608	1	5
192	608	1	5
367	608	1	5
513	608	1	5
534	608	1	5
140	611	1	5
223	611	1	5
248	611	1	5
310	611	1	5
510	611	1	5
135	615	1	5
194	615	1	5
344	615	1	5
400	615	1	5
523	615	1	5
524	615	1	5
206	617	1	5
256	617	1	5
483	617	1	5
486	617	1	5
78	622	1	5
111	622	1	5
310	622	1	5
152	629	2	5
255	629	1	5
508	629	1	5
177	633	1	5
376	633	1	5
83	648	1	5
138	648	1	5
283	648	2	5
284	666	1	5
310	677	1	5
499	677	1	5
216	682	1	5
272	682	1	5
337	682	1	5
360	682	1	5
491	682	1	5
580	685	1	5
306	710	1	5
388	712	1	5
513	712	1	5
578	712	1	5
305	717	1	5
428	717	1	5
481	717	1	5
71	730	1	5
92	730	2	5
304	730	1	5
367	730	1	5
513	730	1	5
124	733	1	5
217	733	1	5
253	733	1	5
256	733	1	5
39	744	1	5
196	747	1	5
283	747	1	5
308	747	1	5
394	747	1	5
177	757	2	5
538	757	1	5
551	757	1	5
13	768	1	5
143	768	1	5
427	768	1	5
539	768	1	5
49	769	1	5
52	769	1	5
81	769	1	5
195	769	1	5
286	769	1	5
446	769	1	5
559	769	2	5
127	772	1	5
206	772	1	5
277	772	1	5
427	772	1	5
127	775	1	5
206	775	1	5
278	775	1	5
279	775	1	5
440	775	1	5
127	783	1	5
173	783	1	5
206	783	2	5
265	783	1	5
277	783	1	5
294	783	1	5
427	783	1	5
482	783	1	5
13	785	1	5
400	785	1	5
499	785	1	5
544	785	1	5
546	785	1	5
81	795	1	5
195	795	1	5
286	795	1	5
559	795	1	5
494	800	1	5
501	800	1	5
145	801	1	5
342	801	1	5
81	806	1	5
145	806	1	5
195	806	1	5
286	806	1	5
127	807	1	5
134	807	1	5
182	807	1	5
210	807	1	5
424	807	1	5
427	807	1	5
455	807	1	5
501	810	1	5
44	812	1	5
248	812	1	5
366	812	1	5
574	812	1	5
117	819	1	5
248	819	1	5
81	822	1	5
145	822	1	5
195	822	1	5
286	822	1	5
581	822	1	5
501	828	1	5
211	842	12	5
294	844	1	5
403	844	1	5
410	844	1	5
501	845	1	5
514	845	1	5
191	848	1	5
306	848	1	5
427	848	1	5
79	852	1	5
92	852	2	5
255	852	1	5
319	852	1	5
478	852	1	5
549	853	1	5
256	863	1	5
542	863	1	5
94	864	1	5
244	864	1	5
232	868	1	5
551	885	1	5
31	907	1	5
104	907	1	5
248	907	1	5
390	907	1	5
560	907	1	5
196	926	1	5
294	926	1	5
490	926	1	5
272	932	1	5
523	932	1	5
177	944	1	5
248	944	1	5
256	951	1	5
437	951	1	5
341	964	1	5
437	964	1	5
56	977	1	5
219	977	1	5
537	977	1	5
396	980	1	5
417	980	1	5
310	982	1	5
367	982	1	5
111	992	1	5
247	992	1	5
360	992	1	5
248	993	1	5
585	993	1	5
562	994	1	5
156	998	1	5
360	998	1	5
310	1000	1	5
416	1000	1	5
285	1002	1	5
306	1002	1	5
442	1002	1	5
62	1003	1	5
203	1012	1	5
217	1012	1	5
572	1012	1	5
156	1013	1	5
285	1013	1	5
292	1022	1	5
10	1026	1	5
176	1026	1	5
290	1026	1	5
285	1031	1	5
512	1031	1	5
546	1031	1	5
12	1038	1	5
553	1038	1	5
586	1038	1	5
50	1039	1	5
196	1039	1	5
310	1039	1	5
431	1039	1	5
279	1040	1	5
285	1040	1	5
310	1040	1	5
396	1040	1	5
512	1040	1	5
546	1040	1	5
586	1040	1	5
201	1044	1	5
248	1044	1	5
285	1044	1	5
306	1044	2	5
17	1050	1	5
99	1050	1	5
203	1050	1	5
458	1050	1	5
129	1053	1	5
246	1053	1	5
394	1053	1	5
395	1053	1	5
478	1053	1	5
483	1053	1	5
519	1053	1	5
443	1055	1	5
248	1060	1	5
285	1060	1	5
306	1060	1	5
160	1062	1	5
272	1062	1	5
379	1062	1	5
403	1062	1	5
461	1062	1	5
523	1062	1	5
212	1067	1	5
513	1067	1	5
212	1072	1	5
306	1072	1	5
513	1072	1	5
248	1074	1	5
557	1074	1	5
11	1096	1	5
116	1096	1	5
391	1096	1	5
561	1096	1	5
233	1102	1	5
30	1103	1	5
337	1103	1	5
177	1114	1	5
454	1114	1	5
461	1114	1	5
175	1129	2	5
184	1129	1	5
248	1129	1	5
450	1129	1	5
484	1129	1	5
488	1129	1	5
561	1129	1	5
479	1131	1	5
74	1145	1	5
95	1145	1	5
196	1145	2	5
207	1145	1	5
367	1145	1	5
396	1145	1	5
432	1145	1	5
562	1145	1	5
245	1147	1	5
397	1147	1	5
130	1164	1	5
230	1164	1	5
197	1166	1	5
266	1166	1	5
480	1166	1	5
155	1168	1	5
344	1168	1	5
95	1170	1	5
319	1170	1	5
513	1170	1	5
248	1176	1	5
407	1176	1	5
117	1184	1	5
248	1184	1	5
303	1184	1	5
513	1191	1	5
560	1191	1	5
248	1208	1	5
378	1208	1	5
432	1208	1	5
515	1208	1	5
165	1209	1	5
248	1209	1	5
411	1209	1	5
423	1209	1	5
574	1209	1	5
18	1210	1	5
440	1210	1	5
248	1215	1	5
378	1215	1	5
411	1215	1	5
432	1215	1	5
111	1218	1	5
196	1218	1	5
542	1230	1	5
306	1231	1	5
312	1231	1	5
521	1231	1	5
205	1233	1	5
310	1233	1	5
442	1233	1	5
513	1233	1	5
217	1259	1	5
361	1259	1	5
289	1263	1	5
340	1263	1	5
478	1263	1	5
168	1270	1	5
203	1270	1	5
248	1279	1	5
532	1279	1	5
364	1340	1	5
248	1357	1	5
318	1357	1	5
477	1357	1	5
248	1387	1	5
390	1387	1	5
421	1387	1	5
477	1387	2	5
193	1397	1	5
549	1397	1	5
311	1400	1	5
20	1413	1	5
345	1413	1	5
513	1413	1	5
529	1413	1	5
535	1413	1	5
312	1418	1	5
440	1418	1	5
513	1418	1	5
248	1451	1	5
475	1451	1	5
161	1522	1	5
248	1522	1	5
384	1522	1	5
475	1522	1	5
549	1522	1	5
552	1522	1	5
585	1522	2	5
264	1544	1	5
155	1563	1	5
420	1563	1	5
177	1565	2	5
310	1565	1	5
143	1568	1	5
310	1568	1	5
578	1568	1	5
96	1592	1	5
289	1592	1	5
338	1592	1	5
310	1613	2	5
311	1613	1	5
536	1613	1	5
205	1623	1	5
248	1623	1	5
390	1623	1	5
248	1671	1	5
390	1671	1	5
322	1680	1	5
227	1681	1	5
558	1681	1	5
124	1688	1	5
202	1688	1	5
361	1688	1	5
524	1688	1	5
529	1688	1	5
545	1688	1	5
407	1737	1	5
559	1737	1	5
92	1767	1	5
305	1767	1	5
478	1767	1	5
524	1767	1	5
92	1774	1	5
152	1774	1	5
450	1774	1	5
544	1774	1	5
287	1776	1	5
344	1776	1	5
248	1793	1	5
335	1793	1	5
429	1793	1	5
215	1819	1	5
222	1819	1	5
248	1819	1	5
316	1819	1	5
248	1830	1	5
33	1864	1	5
206	1864	1	5
103	1914	1	5
104	1914	1	5
248	1914	1	5
477	1914	1	5
513	1914	1	5
560	1914	1	5
104	1919	1	5
194	1919	1	5
306	1919	1	5
411	1919	1	5
495	1919	1	5
143	1926	1	5
221	1926	1	5
228	1926	1	5
256	1926	1	5
319	1926	1	5
554	1926	1	5
53	1941	1	5
385	1941	1	5
411	1941	1	5
432	1941	1	5
188	1943	1	5
73	1946	1	5
248	1946	1	5
142	1968	1	5
248	1980	1	5
366	1980	1	5
585	1980	1	5
234	1991	1	5
248	1991	1	5
268	1991	1	5
366	1991	1	5
44	2007	1	5
214	2015	1	5
306	2015	1	5
248	2022	1	5
27	2030	1	5
53	2030	1	5
104	2030	1	5
172	2030	1	5
248	2030	1	5
367	2030	1	5
411	2030	1	5
453	2030	1	5
584	2030	1	5
104	2033	1	5
248	2033	1	5
146	2034	1	5
248	2034	1	5
248	2037	1	5
366	2037	1	5
437	2037	1	5
574	2037	1	5
487	2042	1	5
531	2042	1	5
549	2042	1	5
310	2044	1	5
466	2044	1	5
41	2063	1	5
63	2063	1	5
223	2063	1	5
290	2063	1	5
463	2063	1	5
520	2063	1	5
564	2063	1	5
248	2079	1	5
61	2081	1	5
132	2081	1	5
394	2081	1	5
490	2081	1	5
544	2081	1	5
248	2082	1	5
306	2082	1	5
202	2083	1	5
248	2083	1	5
441	2083	1	5
221	2097	1	5
572	2097	2	5
279	2106	1	5
573	2126	1	5
325	2132	1	5
14	2134	1	5
290	2134	1	5
398	2134	1	5
402	2134	1	5
485	2134	1	5
14	2137	1	5
360	2137	1	5
485	2137	1	5
272	2139	1	5
246	2140	1	5
248	2143	1	5
194	2147	1	5
129	2149	1	5
342	2149	1	5
396	2149	1	5
450	2149	1	5
28	2162	1	5
196	2162	1	5
224	2162	1	5
278	2162	1	5
550	2162	1	5
306	2165	1	5
64	2171	1	5
242	2171	1	5
294	2171	1	5
450	2171	1	5
111	2195	1	5
206	2195	2	5
524	2195	1	5
580	2195	1	5
87	2196	1	5
139	2196	1	5
277	2196	1	5
301	2196	1	5
554	2196	1	5
177	2200	1	5
579	2200	1	5
581	2200	1	5
64	2202	1	5
107	2202	1	5
580	2202	1	5
248	2205	1	5
532	2205	1	5
38	2206	1	5
68	2206	1	5
248	2206	1	5
348	2206	1	5
361	2206	1	5
475	2206	1	5
480	2206	1	5
248	2220	1	5
305	2220	1	5
448	2220	1	5
220	2223	1	5
418	2223	1	5
248	2236	1	5
366	2236	1	5
574	2236	1	5
64	2268	1	5
161	2268	1	5
241	2268	1	5
531	2268	1	5
175	2277	2	5
248	2277	1	5
450	2277	1	5
561	2277	1	5
291	2280	1	5
562	2280	1	5
177	2286	1	5
248	2286	1	5
310	2286	2	5
369	2286	1	5
378	2286	1	5
390	2286	1	5
133	2287	1	5
288	2289	1	5
338	2289	1	5
484	2289	1	5
552	2289	1	5
215	2293	1	5
55	2295	1	5
95	2295	1	5
325	2296	1	5
326	2296	1	5
398	2296	1	5
170	2306	1	5
466	2306	1	5
294	2308	1	5
31	2311	1	5
343	2311	1	5
385	2311	1	5
191	2312	1	5
385	2312	1	5
537	2312	1	5
471	2326	1	5
513	2326	1	5
189	2327	1	5
196	2327	1	5
157	2343	1	5
248	2343	1	5
378	2343	1	5
390	2343	1	5
417	2343	1	5
569	2343	1	5
201	2347	1	5
273	2347	1	5
63	2353	1	5
208	2353	1	5
262	2353	1	5
302	2353	1	5
315	2353	1	5
520	2353	1	5
248	2369	1	5
367	2369	1	5
63	2374	1	5
91	2374	1	5
150	2374	2	5
380	2374	2	5
463	2374	2	5
520	2374	1	5
94	2375	1	5
248	2375	1	5
390	2375	1	5
513	2375	1	5
564	2375	1	5
585	2375	1	5
64	2376	1	5
206	2376	1	5
257	2376	1	5
315	2376	1	5
340	2376	1	5
63	2378	1	5
69	2378	1	5
394	2378	1	5
520	2378	1	5
7	2381	1	5
83	2381	1	5
231	2381	1	5
366	2381	1	5
385	2381	1	5
149	2385	1	5
248	2385	1	5
310	2385	1	5
348	2385	1	5
63	2390	1	5
65	2390	1	5
142	2390	1	5
365	2390	1	5
520	2390	1	5
193	2441	2	5
518	2441	1	5
248	2450	1	5
308	2450	1	5
455	2450	1	5
497	2450	1	5
549	2472	1	5
108	2476	1	5
76	2496	1	5
247	2496	1	5
296	2496	1	5
332	2496	1	5
450	2496	1	5
514	2496	1	5
549	2496	1	5
568	2496	1	5
106	2506	1	5
403	2506	1	5
406	2506	1	5
543	2506	1	5
49	2512	1	5
168	2512	1	5
310	2512	1	5
60	2518	2	5
181	2518	1	5
523	2518	1	5
148	2530	1	5
304	2530	1	5
495	2530	1	5
490	2535	1	5
98	2538	1	5
214	2538	1	5
337	2538	1	5
494	2538	1	5
64	2543	1	5
96	2543	1	5
60	2544	1	5
292	2544	1	5
143	2562	1	5
200	2562	1	5
247	2562	1	5
281	2562	1	5
470	2562	1	5
524	2576	1	5
140	2581	1	5
489	2581	1	5
182	2589	1	5
320	2589	1	5
391	2589	1	5
513	2589	1	5
236	2590	1	5
256	2590	1	5
315	2590	1	5
463	2590	1	5
564	2590	1	5
580	2590	1	5
157	2607	1	5
186	2607	1	5
248	2607	1	5
366	2607	1	5
526	2607	1	5
156	2609	1	5
248	2609	1	5
524	2609	1	5
565	2609	1	5
156	2614	1	5
248	2617	1	5
421	2617	1	5
550	2617	1	5
248	2618	1	5
263	2618	1	5
272	2618	1	5
157	2626	1	5
248	2626	1	5
366	2626	1	5
279	2628	1	5
463	2628	1	5
248	2641	1	5
366	2641	2	5
574	2641	2	5
206	1	1	6
255	1	1	6
256	1	3	6
302	1	1	6
468	1	1	6
519	1	2	6
523	1	1	6
550	1	1	6
107	3	1	6
151	3	1	6
312	3	1	6
381	3	1	6
152	4	1	6
248	4	1	6
310	4	1	6
390	4	1	6
410	4	1	6
431	4	1	6
573	4	1	6
36	7	1	6
145	7	1	6
275	7	1	6
329	7	2	6
468	7	2	6
491	7	1	6
564	7	1	6
524	9	1	6
468	11	1	6
202	12	2	6
241	12	1	6
421	12	1	6
435	12	1	6
437	12	1	6
492	12	1	6
513	12	1	6
559	12	1	6
278	31	1	6
279	15	1	6
554	15	1	6
42	16	1	6
43	16	1	6
175	16	1	6
223	16	1	6
248	16	1	6
347	16	1	6
411	16	1	6
274	18	1	6
282	18	1	6
554	18	1	6
283	19	1	6
584	19	1	6
248	21	1	6
389	21	1	6
402	21	1	6
248	22	1	6
389	22	1	6
402	22	1	6
470	22	1	6
298	23	1	6
256	24	1	6
345	24	1	6
202	27	1	6
222	27	1	6
396	27	1	6
468	28	1	6
193	30	1	6
374	30	1	6
557	32	1	6
71	34	1	6
138	34	1	6
206	34	1	6
208	34	1	6
227	34	1	6
256	34	1	6
564	34	1	6
222	37	1	6
308	37	1	6
6	38	1	6
445	38	1	6
71	39	1	6
302	39	1	6
554	39	1	6
564	39	2	6
138	41	1	6
388	41	1	6
506	41	1	6
513	41	1	6
43	43	1	6
248	43	1	6
289	43	1	6
320	43	1	6
361	43	1	6
385	43	1	6
491	43	1	6
513	43	1	6
138	45	1	6
241	45	1	6
388	45	1	6
506	45	1	6
513	45	1	6
71	48	1	6
279	48	1	6
468	48	1	6
72	51	1	6
208	51	1	6
255	51	1	6
523	51	1	6
98	52	1	6
454	52	1	6
547	52	1	6
272	54	1	6
304	54	1	6
342	56	1	6
65	61	1	6
513	61	1	6
557	61	1	6
562	61	1	6
513	65	1	6
564	65	1	6
1	66	1	6
310	66	1	6
170	70	1	6
310	70	1	6
54	77	1	6
181	77	1	6
196	77	1	6
303	77	1	6
521	77	1	6
558	77	1	6
83	78	1	6
203	78	1	6
234	78	1	6
248	78	1	6
575	78	1	6
585	78	1	6
43	79	1	6
175	79	1	6
225	79	1	6
380	79	1	6
411	79	1	6
421	79	1	6
440	79	1	6
450	79	1	6
155	81	1	6
568	81	1	6
310	82	1	6
19	84	1	6
193	84	1	6
248	84	1	6
305	84	1	6
350	84	1	6
361	84	1	6
415	84	2	6
513	84	1	6
523	84	1	6
108	88	1	6
202	88	1	6
359	88	1	6
438	88	1	6
475	88	1	6
567	88	1	6
576	88	1	6
43	91	1	6
215	92	1	6
504	92	1	6
42	96	1	6
48	96	1	6
223	96	1	6
225	96	1	6
248	96	1	6
380	96	1	6
421	96	1	6
174	99	1	6
253	99	1	6
320	99	1	6
361	99	1	6
441	99	1	6
549	99	1	6
41	103	1	6
143	103	1	6
189	103	2	6
316	103	1	6
462	103	1	6
149	105	1	6
245	105	1	6
248	105	1	6
298	105	1	6
524	105	1	6
308	107	1	6
361	107	1	6
513	107	1	6
549	107	1	6
74	112	1	6
83	112	1	6
461	112	1	6
550	112	1	6
61	114	1	6
125	114	1	6
171	114	1	6
77	116	1	6
305	116	1	6
318	116	1	6
396	118	1	6
106	120	1	6
564	120	1	6
279	124	1	6
524	124	1	6
576	124	1	6
35	127	1	6
176	131	1	6
30	133	1	6
38	133	1	6
30	134	1	6
466	135	1	6
208	137	1	6
156	138	1	6
554	138	1	6
138	140	1	6
257	140	1	6
461	140	1	6
523	140	1	6
241	142	1	6
511	142	1	6
155	143	1	6
461	143	1	6
513	143	1	6
562	143	1	6
461	144	1	6
103	152	1	6
248	152	1	6
297	152	1	6
302	152	1	6
319	152	1	6
361	152	1	6
491	152	1	6
134	159	1	6
549	159	1	6
181	162	1	6
184	164	1	6
513	164	1	6
561	164	1	6
15	165	1	6
40	165	1	6
138	165	1	6
150	165	1	6
202	165	1	6
396	165	1	6
311	167	1	6
387	167	1	6
48	170	1	6
156	170	1	6
225	170	1	6
248	170	1	6
309	170	1	6
425	170	1	6
143	172	1	6
323	172	1	6
36	175	1	6
229	175	1	6
236	175	1	6
437	175	1	6
498	175	1	6
547	175	1	6
550	175	1	6
148	177	1	6
184	177	1	6
248	177	1	6
260	177	1	6
301	177	1	6
521	177	1	6
532	177	1	6
361	184	1	6
202	188	1	6
564	189	1	6
126	191	1	6
326	191	1	6
508	191	1	6
188	196	1	6
95	199	1	6
248	199	1	6
321	199	1	6
368	199	1	6
503	199	1	6
585	199	1	6
48	201	1	6
223	201	1	6
248	201	1	6
89	202	1	6
210	202	1	6
248	202	1	6
513	202	1	6
248	207	1	6
478	207	1	6
482	207	1	6
573	214	1	6
248	215	1	6
111	217	1	6
248	218	1	6
248	227	1	6
484	227	1	6
177	246	1	6
337	246	1	6
338	246	1	6
526	246	1	6
158	255	1	6
235	255	1	6
288	255	1	6
443	255	1	6
248	258	1	6
265	258	1	6
377	258	1	6
523	258	1	6
564	262	1	6
418	266	1	6
554	270	1	6
248	280	1	6
377	280	1	6
478	280	1	6
525	280	1	6
216	283	1	6
422	283	1	6
82	288	1	6
248	288	1	6
360	288	1	6
390	288	1	6
513	288	1	6
514	288	1	6
272	293	1	6
330	293	1	6
516	293	1	6
521	293	1	6
219	294	1	6
235	294	1	6
240	294	1	6
179	296	1	6
460	296	1	6
478	296	1	6
211	299	2	6
266	299	1	6
374	299	1	6
375	299	1	6
380	299	1	6
40	302	1	6
140	302	1	6
196	302	1	6
225	302	1	6
248	302	1	6
473	302	1	6
107	303	1	6
109	303	1	6
248	303	1	6
310	303	1	6
368	303	1	6
513	303	1	6
400	305	1	6
424	305	1	6
516	305	1	6
73	307	1	6
87	307	1	6
256	307	1	6
104	312	1	6
247	312	1	6
416	313	1	6
537	313	1	6
334	315	1	6
579	315	1	6
179	318	1	6
179	321	1	6
396	321	1	6
197	323	1	6
199	323	1	6
206	323	1	6
243	323	1	6
375	323	1	6
537	323	1	6
179	324	1	6
215	324	1	6
449	324	1	6
564	324	1	6
179	326	1	6
184	326	1	6
208	326	1	6
284	326	1	6
397	326	1	6
478	326	1	6
433	328	1	6
538	328	1	6
49	329	1	6
125	329	1	6
203	329	2	6
232	329	1	6
428	329	1	6
476	329	1	6
410	330	1	6
474	330	1	6
44	332	1	6
107	332	1	6
109	332	1	6
248	332	1	6
277	332	1	6
310	332	1	6
368	332	1	6
453	332	1	6
24	334	1	6
156	334	1	6
256	335	1	6
270	335	1	6
248	337	1	6
366	337	1	6
585	337	1	6
244	338	1	6
337	338	2	6
453	339	1	6
524	339	1	6
121	341	1	6
256	341	1	6
66	342	1	6
191	342	1	6
306	342	1	6
503	342	1	6
549	342	1	6
8	345	1	6
91	345	1	6
172	345	1	6
177	345	1	6
248	345	1	6
371	345	1	6
421	345	1	6
422	348	1	6
98	352	1	6
182	352	1	6
361	352	1	6
447	352	1	6
284	353	1	6
400	353	1	6
406	353	1	6
432	353	1	6
77	355	1	6
144	355	1	6
243	355	1	6
254	355	1	6
466	355	1	6
471	355	1	6
549	355	1	6
564	355	1	6
584	355	1	6
248	356	1	6
521	356	1	6
36	358	1	6
150	358	1	6
196	358	1	6
248	358	1	6
309	358	1	6
425	358	1	6
199	359	1	6
248	359	1	6
309	359	1	6
425	359	1	6
74	364	1	6
222	364	1	6
540	364	1	6
83	366	1	6
143	366	1	6
431	366	1	6
203	368	1	6
217	368	2	6
480	368	1	6
513	368	1	6
248	369	1	6
366	369	1	6
585	369	1	6
121	370	1	6
513	370	1	6
550	370	1	6
577	370	1	6
2	371	1	6
350	371	1	6
513	371	1	6
95	372	1	6
248	372	1	6
297	372	1	6
377	372	1	6
2	375	1	6
350	375	1	6
513	375	1	6
82	377	1	6
117	377	1	6
540	377	1	6
398	383	1	6
453	389	1	6
543	389	1	6
248	391	1	6
380	391	1	6
513	391	1	6
161	395	1	6
168	398	1	6
385	398	1	6
11	402	1	6
108	402	1	6
407	402	1	6
6	403	1	6
66	403	1	6
248	403	1	6
377	403	1	6
166	407	1	6
361	407	1	6
457	407	1	6
468	407	1	6
491	407	1	6
203	409	1	6
224	411	1	6
248	418	1	6
354	418	1	6
367	418	1	6
404	418	1	6
521	418	1	6
513	419	1	6
49	422	1	6
203	422	1	6
318	422	1	6
428	422	1	6
500	422	1	6
524	422	1	6
549	422	1	6
580	422	1	6
31	426	1	6
203	426	1	6
396	426	1	6
41	429	1	6
177	429	1	6
513	429	1	6
3	435	1	6
41	435	1	6
188	435	1	6
310	435	1	6
134	441	1	6
137	441	1	6
345	441	1	6
469	441	1	6
544	441	1	6
215	443	1	6
396	443	1	6
521	443	1	6
74	445	1	6
474	445	1	6
552	445	1	6
176	448	1	6
223	448	1	6
582	448	1	6
114	451	1	6
248	451	1	6
265	451	1	6
333	451	1	6
57	452	1	6
358	452	1	6
507	452	1	6
513	452	1	6
302	453	1	6
339	453	1	6
460	453	1	6
528	453	1	6
206	456	1	6
274	456	1	6
456	456	1	6
513	456	1	6
228	458	1	6
254	458	1	6
305	458	1	6
388	458	1	6
223	460	1	6
248	460	1	6
256	460	1	6
310	464	1	6
352	464	1	6
499	464	1	6
5	468	1	6
114	468	1	6
216	468	1	6
232	472	1	6
544	472	1	6
175	475	1	6
248	475	1	6
96	476	2	6
487	476	1	6
564	476	1	6
104	477	1	6
248	477	1	6
429	477	1	6
70	478	1	6
96	478	2	6
151	478	1	6
212	478	1	6
487	478	1	6
568	478	1	6
192	479	1	6
263	479	1	6
424	479	1	6
30	483	1	6
116	483	1	6
248	486	1	6
357	486	1	6
513	486	1	6
238	493	1	6
248	493	1	6
306	509	1	6
86	515	1	6
248	515	1	6
368	515	1	6
378	515	1	6
432	515	1	6
248	523	1	6
297	523	1	6
322	523	1	6
366	523	1	6
585	523	1	6
30	543	1	6
206	543	1	6
508	544	1	6
87	549	1	6
307	549	1	6
203	551	1	6
579	551	1	6
185	555	1	6
257	558	1	6
306	558	1	6
508	558	1	6
11	559	1	6
576	559	1	6
310	562	1	6
302	563	1	6
468	563	1	6
513	563	1	6
116	565	1	6
198	565	1	6
228	565	1	6
553	565	1	6
87	566	1	6
98	566	1	6
123	566	1	6
284	566	1	6
306	566	1	6
422	566	1	6
542	566	1	6
42	574	1	6
43	574	1	6
84	574	1	6
248	574	1	6
288	574	1	6
347	574	1	6
248	580	1	6
260	580	1	6
513	580	1	6
111	597	1	6
240	597	1	6
363	597	1	6
545	597	1	6
549	597	1	6
578	597	1	6
8	599	1	6
158	599	1	6
225	599	1	6
248	599	1	6
260	599	1	6
516	599	1	6
579	599	1	6
24	603	1	6
406	603	1	6
513	603	1	6
528	603	1	6
279	605	1	6
315	606	1	6
363	606	1	6
564	606	1	6
21	610	1	6
394	610	1	6
419	610	1	6
437	610	1	6
445	610	1	6
196	613	1	6
310	613	1	6
418	613	1	6
465	613	1	6
91	618	1	6
112	618	1	6
180	618	1	6
208	618	1	6
306	618	2	6
315	618	1	6
363	618	1	6
431	618	1	6
432	623	1	6
439	623	1	6
530	623	1	6
248	624	1	6
337	624	1	6
381	624	1	6
514	624	1	6
90	626	1	6
544	626	1	6
549	626	1	6
77	632	1	6
206	632	1	6
243	632	1	6
410	632	1	6
564	632	1	6
55	635	1	6
130	635	1	6
293	635	1	6
512	635	1	6
553	635	1	6
42	639	1	6
48	639	1	6
99	639	1	6
223	639	1	6
248	639	1	6
112	640	1	6
248	640	1	6
363	640	1	6
431	640	1	6
439	640	1	6
530	640	1	6
58	642	1	6
138	642	1	6
367	642	1	6
92	647	1	6
248	647	1	6
502	647	1	6
564	647	1	6
572	647	1	6
39	650	1	6
112	656	1	6
200	656	1	6
248	656	1	6
363	656	1	6
431	656	1	6
439	656	1	6
530	656	1	6
35	663	1	6
115	663	1	6
188	663	1	6
385	663	1	6
521	663	1	6
537	663	1	6
544	663	1	6
74	667	1	6
216	667	1	6
104	675	1	6
119	675	1	6
294	675	1	6
431	675	1	6
554	675	1	6
145	676	1	6
543	676	1	6
310	680	1	6
346	680	1	6
513	680	1	6
579	681	1	6
417	687	1	6
439	687	1	6
530	687	1	6
115	688	1	6
123	688	1	6
277	688	1	6
305	688	1	6
306	688	1	6
437	688	1	6
248	689	1	6
306	689	1	6
401	689	1	6
513	689	2	6
248	690	1	6
293	690	1	6
437	690	1	6
340	692	1	6
361	692	1	6
433	692	1	6
491	692	1	6
523	692	1	6
214	693	1	6
361	693	1	6
541	693	1	6
248	695	1	6
293	695	1	6
248	696	1	6
248	699	1	6
207	702	1	6
248	702	1	6
297	702	1	6
390	702	1	6
248	705	1	6
278	705	1	6
422	705	1	6
431	705	1	6
513	705	1	6
549	705	1	6
131	708	1	6
563	708	1	6
220	714	1	6
310	715	1	6
259	719	1	6
521	719	1	6
385	720	1	6
479	720	1	6
174	721	1	6
227	721	1	6
284	721	1	6
513	721	1	6
210	723	1	6
326	723	1	6
513	723	1	6
210	725	1	6
277	725	1	6
403	725	1	6
427	725	1	6
512	725	1	6
550	725	1	6
210	729	1	6
277	729	1	6
403	729	1	6
427	729	1	6
512	729	1	6
134	732	1	6
487	732	1	6
112	735	1	6
431	735	1	6
439	735	1	6
442	735	1	6
530	735	1	6
385	738	1	6
487	738	1	6
135	742	1	6
215	750	2	6
503	750	1	6
5	756	1	6
78	758	1	6
206	758	1	6
432	758	1	6
557	758	1	6
202	761	1	6
320	761	1	6
438	761	1	6
516	761	1	6
549	761	1	6
230	767	1	6
248	767	1	6
167	770	1	6
339	770	1	6
11	773	1	6
450	773	1	6
176	777	1	6
248	777	1	6
324	777	1	6
278	784	1	6
392	784	1	6
402	784	1	6
563	784	1	6
163	789	1	6
207	789	1	6
513	789	1	6
549	789	1	6
37	791	1	6
90	791	1	6
248	791	1	6
16	794	1	6
254	798	1	6
83	802	1	6
248	802	1	6
361	802	1	6
491	802	1	6
367	803	1	6
215	805	1	6
242	805	1	6
544	805	1	6
71	808	1	6
82	808	1	6
181	808	1	6
205	808	1	6
256	808	1	6
289	808	1	6
475	808	1	6
92	813	1	6
163	813	1	6
271	813	1	6
513	813	1	6
515	813	1	6
553	813	1	6
470	815	1	6
535	816	1	6
231	817	1	6
290	817	1	6
433	817	1	6
544	817	1	6
6	821	1	6
318	821	1	6
584	821	1	6
52	823	1	6
94	823	1	6
248	823	1	6
367	823	1	6
546	823	1	6
279	825	1	6
512	825	1	6
385	826	1	6
203	829	1	6
423	829	1	6
493	829	1	6
248	832	1	6
416	832	1	6
431	832	1	6
310	835	1	6
320	835	1	6
458	835	1	6
19	839	1	6
214	839	1	6
513	839	1	6
248	840	1	6
439	840	1	6
530	840	1	6
248	841	1	6
300	841	1	6
306	841	1	6
60	843	1	6
225	843	1	6
235	843	1	6
248	843	1	6
565	843	1	6
38	846	1	6
97	846	1	6
365	846	1	6
580	846	1	6
6	847	1	6
272	847	1	6
418	847	1	6
67	854	1	6
74	854	1	6
241	854	1	6
302	854	1	6
83	855	1	6
227	855	1	6
385	855	1	6
499	855	1	6
39	856	1	6
248	856	1	6
441	856	1	6
227	857	1	6
248	858	1	6
260	858	1	6
248	859	1	6
326	859	1	6
13	860	1	6
271	860	1	6
248	861	1	6
260	861	1	6
567	861	1	6
74	862	1	6
121	862	1	6
361	862	1	6
388	862	1	6
370	869	1	6
414	869	1	6
523	869	1	6
212	872	1	6
215	872	1	6
248	872	1	6
306	872	1	6
307	872	1	6
402	872	1	6
507	872	1	6
304	874	2	6
365	874	1	6
366	874	1	6
385	874	1	6
419	874	1	6
484	874	1	6
244	878	1	6
273	878	1	6
305	878	1	6
561	878	1	6
338	888	1	6
470	888	1	6
202	892	1	6
439	892	1	6
530	892	1	6
95	893	1	6
248	893	1	6
433	893	1	6
439	895	1	6
467	895	1	6
530	895	1	6
549	895	1	6
70	905	1	6
248	905	1	6
310	905	1	6
431	905	1	6
513	905	1	6
202	906	1	6
575	906	1	6
248	909	1	6
366	910	1	6
66	915	1	6
248	915	1	6
431	915	1	6
513	915	1	6
514	915	1	6
86	917	1	6
248	917	1	6
260	917	1	6
268	917	1	6
321	917	1	6
378	917	1	6
168	918	1	6
73	922	1	6
483	922	1	6
549	922	1	6
248	923	1	6
138	924	1	6
173	924	1	6
304	924	1	6
380	924	1	6
429	924	1	6
39	930	1	6
196	930	1	6
228	930	1	6
247	933	1	6
248	933	1	6
418	933	1	6
21	935	1	6
140	935	1	6
248	935	1	6
278	935	1	6
366	935	1	6
450	935	1	6
511	935	1	6
513	937	1	6
406	942	1	6
537	942	1	6
549	942	1	6
156	943	1	6
557	943	1	6
256	950	1	6
486	950	1	6
519	950	1	6
182	952	1	6
392	952	1	6
579	952	1	6
265	954	1	6
248	956	1	6
366	956	1	6
429	956	1	6
585	956	1	6
42	957	1	6
43	957	1	6
175	957	1	6
223	957	1	6
248	957	1	6
318	957	1	6
411	957	1	6
248	958	1	6
531	958	1	6
89	959	1	6
116	959	1	6
210	959	1	6
338	966	1	6
117	968	1	6
461	968	1	6
42	970	1	6
43	970	1	6
248	970	1	6
310	970	1	6
347	970	1	6
492	970	1	6
513	970	1	6
194	972	1	6
202	972	1	6
227	972	1	6
581	972	1	6
134	973	1	6
478	973	1	6
167	976	1	6
304	981	1	6
320	981	1	6
436	981	1	6
480	981	1	6
503	981	1	6
30	983	1	6
119	983	1	6
248	983	1	6
163	989	1	6
513	989	1	6
296	990	1	6
513	990	1	6
561	990	1	6
251	991	1	6
398	991	1	6
177	995	3	6
387	995	1	6
532	995	1	6
306	997	1	6
39	999	1	6
6	1001	1	6
155	1001	1	6
247	1001	1	6
340	1001	1	6
344	1001	1	6
396	1001	1	6
513	1001	1	6
244	1006	1	6
246	1006	1	6
367	1006	1	6
383	1006	1	6
443	1008	1	6
304	1009	1	6
387	1011	1	6
288	1016	1	6
337	1016	1	6
301	1017	2	6
479	1017	1	6
294	1019	1	6
554	1019	1	6
538	1021	1	6
513	1023	1	6
442	1024	1	6
31	1025	1	6
513	1025	2	6
17	1027	1	6
143	1027	1	6
351	1027	1	6
431	1027	1	6
508	1027	1	6
21	1028	2	6
248	1028	1	6
298	1028	1	6
401	1028	2	6
149	1033	1	6
248	1033	1	6
298	1033	1	6
27	1041	1	6
86	1041	1	6
160	1041	1	6
248	1041	1	6
277	1041	1	6
331	1041	1	6
378	1041	1	6
478	1041	1	6
513	1041	1	6
549	1041	1	6
95	1047	1	6
104	1047	1	6
414	1047	1	6
524	1047	1	6
87	1049	1	6
225	1049	1	6
39	1069	1	6
114	1069	1	6
182	1069	1	6
225	1069	1	6
304	1069	1	6
429	1069	2	6
559	1069	1	6
182	1073	1	6
244	1073	1	6
461	1073	1	6
524	1073	1	6
306	1079	1	6
513	1079	1	6
570	1079	1	6
549	1082	1	6
570	1082	1	6
450	1084	1	6
83	1085	1	6
502	1085	1	6
147	1086	1	6
248	1086	1	6
377	1086	1	6
421	1086	1	6
500	1086	1	6
250	1087	1	6
256	1087	1	6
144	1088	1	6
177	1088	1	6
431	1089	1	6
203	1090	1	6
176	1092	1	6
425	1092	1	6
431	1092	1	6
579	1092	1	6
511	1094	1	6
550	1094	1	6
160	1097	1	6
257	1097	1	6
364	1097	1	6
244	1112	1	6
418	1112	1	6
216	1119	1	6
76	1120	1	6
248	1120	1	6
366	1120	1	6
585	1120	1	6
76	1122	1	6
248	1122	1	6
402	1122	1	6
545	1122	1	6
248	1124	1	6
333	1124	1	6
6	1125	1	6
168	1125	1	6
248	1125	1	6
341	1125	1	6
377	1125	1	6
484	1125	1	6
557	1125	1	6
196	1130	1	6
310	1130	1	6
236	1141	1	6
329	1141	1	6
68	1142	1	6
248	1142	1	6
380	1142	1	6
310	1143	1	6
346	1143	1	6
350	1143	1	6
513	1143	1	6
480	1144	1	6
487	1144	2	6
248	1151	1	6
513	1151	1	6
536	1151	1	6
248	1152	1	6
340	1152	1	6
85	1156	1	6
248	1156	1	6
413	1156	1	6
484	1156	1	6
49	1160	1	6
110	1160	1	6
224	1160	1	6
248	1160	1	6
155	1165	1	6
367	1165	1	6
279	1171	1	6
344	1171	1	6
513	1171	1	6
576	1171	1	6
31	1177	1	6
96	1177	1	6
337	1177	1	6
398	1182	1	6
409	1183	1	6
544	1183	1	6
130	1187	1	6
267	1187	1	6
338	1187	1	6
254	1189	1	6
538	1189	1	6
310	1190	1	6
549	1190	1	6
582	1190	1	6
267	1192	1	6
289	1192	1	6
347	1192	1	6
437	1192	1	6
550	1192	1	6
203	1193	1	6
177	1195	1	6
194	1196	1	6
429	1196	1	6
451	1196	1	6
557	1196	1	6
50	1197	1	6
431	1197	1	6
437	1197	1	6
303	1199	1	6
37	1205	1	6
205	1205	1	6
321	1205	1	6
256	1211	1	6
563	1211	1	6
68	1214	1	6
119	1214	1	6
466	1214	1	6
513	1214	1	6
461	1216	1	6
554	1216	1	6
39	1219	1	6
155	1219	2	6
555	1219	1	6
39	1221	1	6
544	1221	1	6
482	1222	1	6
72	1223	1	6
206	1223	1	6
256	1223	1	6
451	1223	1	6
8	1224	1	6
104	1224	1	6
314	1224	1	6
373	1224	1	6
513	1224	1	6
408	1227	1	6
521	1227	1	6
306	1228	1	6
492	1228	1	6
513	1228	1	6
514	1228	1	6
549	1228	1	6
159	1229	1	6
215	1229	1	6
94	1232	1	6
469	1232	1	6
248	1237	1	6
319	1237	1	6
366	1237	1	6
367	1237	1	6
65	1238	1	6
155	1238	1	6
236	1239	1	6
56	1240	1	6
74	1240	1	6
177	1240	1	6
225	1243	1	6
248	1243	1	6
366	1243	1	6
437	1243	1	6
585	1243	1	6
417	1245	1	6
513	1245	1	6
561	1245	1	6
169	1247	1	6
487	1247	1	6
513	1248	1	6
26	1249	1	6
331	1249	1	6
549	1249	1	6
225	1253	1	6
248	1253	1	6
437	1253	1	6
513	1253	1	6
39	1254	1	6
104	1254	1	6
215	1254	1	6
224	1254	1	6
436	1254	1	6
513	1254	1	6
569	1254	1	6
77	1257	1	6
222	1257	2	6
400	1257	1	6
513	1257	1	6
54	1258	1	6
172	1258	1	6
137	1260	1	6
204	1260	1	6
280	1260	1	6
293	1260	1	6
387	1260	1	6
522	1260	1	6
554	1265	1	6
74	1267	1	6
182	1267	1	6
77	1269	1	6
385	1269	1	6
515	1269	1	6
270	1271	1	6
305	1271	1	6
345	1271	1	6
408	1272	1	6
212	1273	1	6
183	1276	1	6
543	1276	1	6
385	1281	1	6
394	1281	1	6
146	1285	1	6
513	1285	1	6
133	1286	1	6
524	1286	1	6
3	1287	1	6
466	1287	1	6
223	1288	1	6
549	1288	1	6
310	1289	1	6
248	1294	1	6
348	1294	1	6
366	1294	1	6
475	1294	1	6
489	1294	1	6
585	1294	1	6
70	1295	1	6
166	1295	1	6
200	1295	1	6
206	1295	1	6
561	1295	1	6
344	1298	1	6
385	1301	1	6
90	1303	1	6
466	1303	1	6
228	1304	1	6
513	1304	1	6
62	1305	1	6
101	1305	1	6
177	1305	1	6
300	1305	1	6
521	1305	1	6
560	1305	1	6
569	1305	1	6
585	1305	1	6
248	1306	1	6
513	1306	1	6
104	1307	1	6
133	1307	1	6
181	1307	1	6
212	1307	1	6
248	1307	1	6
585	1307	1	6
39	1308	1	6
54	1308	1	6
333	1308	1	6
580	1308	1	6
149	1309	1	6
227	1309	1	6
74	1310	1	6
98	1310	1	6
513	1310	1	6
6	1311	1	6
224	1312	1	6
239	1312	1	6
240	1312	1	6
431	1312	1	6
462	1312	1	6
167	1313	1	6
310	1313	1	6
11	1314	1	6
513	1314	2	6
122	1316	1	6
146	1316	1	6
344	1316	1	6
227	1317	1	6
37	1318	1	6
65	1319	1	6
112	1319	1	6
248	1319	1	6
431	1319	2	6
513	1319	1	6
58	1320	1	6
228	1320	1	6
256	1320	1	6
306	1320	1	6
52	1321	1	6
248	1321	1	6
340	1321	1	6
344	1321	1	6
101	1322	1	6
169	1322	1	6
267	1322	1	6
101	1323	1	6
559	1323	1	6
159	1324	2	6
310	1324	1	6
438	1324	1	6
19	1325	1	6
350	1325	1	6
433	1325	1	6
513	1325	1	6
467	1326	1	6
166	1329	1	6
310	1329	1	6
345	1329	1	6
404	1329	1	6
168	1330	1	6
215	1330	1	6
317	1330	1	6
375	1330	1	6
450	1330	1	6
513	1330	1	6
182	1331	1	6
209	1331	1	6
153	1333	1	6
171	1333	1	6
256	1333	1	6
499	1333	1	6
549	1333	1	6
76	1334	1	6
149	1334	1	6
248	1335	1	6
366	1335	1	6
585	1335	1	6
470	1336	1	6
225	1337	2	6
248	1337	1	6
366	1337	1	6
104	1338	1	6
410	1338	1	6
513	1338	1	6
521	1338	1	6
560	1338	1	6
277	1339	1	6
340	1339	1	6
417	1339	1	6
225	1341	1	6
248	1341	1	6
366	1341	1	6
585	1341	1	6
138	1344	1	6
217	1344	1	6
51	1345	1	6
87	1345	1	6
122	1350	1	6
342	1351	1	6
521	1351	1	6
549	1351	1	6
182	1352	1	6
514	1352	1	6
554	1353	1	6
119	1354	1	6
343	1354	1	6
54	1355	2	6
97	1355	1	6
310	1355	1	6
334	1355	1	6
344	1358	1	6
461	1358	1	6
39	1359	1	6
96	1359	1	6
335	1359	1	6
564	1359	1	6
437	1361	1	6
422	1362	1	6
446	1362	1	6
398	1364	1	6
431	1364	1	6
146	1365	1	6
305	1365	1	6
531	1365	1	6
564	1366	1	6
48	1367	1	6
223	1367	1	6
437	1368	1	6
3	1369	1	6
343	1369	1	6
521	1369	1	6
248	1370	1	6
248	1372	1	6
106	1373	1	6
385	1373	2	6
575	1373	1	6
33	1374	1	6
344	1375	1	6
155	1377	1	6
370	1377	1	6
404	1377	1	6
420	1377	1	6
139	1378	1	6
225	1378	1	6
246	1378	1	6
248	1378	1	6
367	1378	1	6
389	1378	1	6
436	1378	1	6
484	1378	1	6
130	1379	1	6
163	1379	1	6
440	1379	1	6
513	1379	1	6
552	1379	1	6
121	1380	1	6
219	1380	1	6
427	1380	1	6
450	1380	1	6
306	1381	1	6
461	1381	1	6
483	1381	1	6
62	1382	1	6
214	1382	1	6
242	1382	1	6
400	1382	1	6
569	1382	1	6
306	1384	1	6
50	1385	1	6
80	1386	1	6
163	1386	1	6
215	1390	1	6
326	1390	1	6
466	1390	1	6
7	1393	1	6
185	1393	1	6
138	1394	1	6
177	1394	1	6
413	1399	1	6
573	1399	1	6
149	1403	1	6
152	1403	1	6
199	1403	1	6
225	1403	1	6
390	1403	1	6
151	1405	1	6
321	1405	1	6
367	1405	1	6
337	1406	1	6
514	1406	1	6
151	1407	1	6
332	1407	1	6
535	1407	1	6
248	1408	1	6
366	1408	1	6
393	1408	1	6
585	1408	1	6
248	1409	1	6
521	1409	1	6
585	1409	1	6
248	1410	1	6
366	1410	1	6
393	1410	1	6
585	1410	1	6
37	1411	1	6
239	1411	1	6
438	1411	1	6
570	1411	1	6
222	1412	1	6
239	1412	1	6
513	1412	1	6
50	1414	1	6
94	1414	1	6
161	1414	1	6
189	1414	1	6
193	1414	1	6
324	1414	1	6
385	1414	1	6
177	1416	1	6
513	1416	1	6
33	1424	1	6
228	1424	1	6
247	1424	1	6
294	1424	1	6
513	1424	1	6
307	1433	1	6
398	1433	1	6
484	1433	1	6
83	1435	1	6
177	1435	1	6
508	1435	1	6
554	1435	1	6
558	1436	1	6
41	1437	1	6
310	1437	1	6
387	1437	1	6
129	1439	1	6
306	1439	1	6
344	1439	1	6
513	1439	1	6
561	1439	1	6
248	1441	1	6
443	1441	1	6
513	1441	1	6
4	1442	1	6
273	1442	1	6
306	1442	1	6
415	1442	1	6
513	1442	1	6
34	1443	1	6
514	1443	1	6
248	1444	1	6
306	1444	1	6
83	1447	1	6
130	1447	1	6
177	1447	1	6
246	1447	1	6
552	1447	1	6
188	1448	1	6
223	1448	1	6
34	1449	1	6
95	1452	1	6
135	1452	1	6
555	1452	1	6
585	1452	1	6
345	1453	1	6
411	1453	1	6
454	1458	1	6
513	1458	1	6
222	1459	1	6
431	1460	1	6
462	1460	1	6
44	1461	1	6
90	1461	1	6
248	1461	2	6
402	1461	1	6
74	1462	1	6
76	1462	1	6
248	1462	1	6
431	1462	1	6
442	1462	1	6
460	1462	1	6
513	1462	1	6
552	1462	1	6
49	1463	1	6
237	1463	1	6
248	1463	1	6
276	1463	1	6
353	1463	1	6
355	1463	1	6
371	1463	1	6
561	1463	1	6
49	1465	1	6
237	1465	1	6
248	1465	1	6
276	1465	1	6
353	1465	1	6
355	1465	1	6
371	1465	1	6
561	1465	1	6
125	1466	1	6
248	1466	1	6
370	1466	1	6
380	1466	1	6
49	1468	1	6
237	1468	1	6
248	1468	1	6
276	1468	1	6
353	1468	1	6
355	1468	1	6
371	1468	1	6
561	1468	1	6
310	1469	1	6
385	1469	1	6
431	1469	2	6
580	1469	1	6
49	1471	1	6
237	1471	1	6
248	1471	1	6
276	1471	1	6
353	1471	1	6
355	1471	1	6
371	1471	1	6
561	1471	1	6
30	1472	1	6
537	1472	1	6
97	1473	1	6
347	1473	1	6
478	1473	1	6
522	1473	1	6
214	1475	1	6
306	1475	1	6
400	1475	2	6
248	1476	1	6
431	1476	1	6
399	1478	1	6
518	1478	1	6
550	1478	1	6
230	1479	1	6
385	1479	1	6
519	1479	1	6
400	1480	1	6
237	1482	1	6
248	1482	1	6
276	1482	1	6
355	1482	1	6
371	1482	1	6
561	1482	1	6
139	1483	1	6
376	1483	1	6
537	1483	1	6
549	1483	1	6
237	1484	1	6
247	1484	1	6
248	1484	1	6
276	1484	1	6
355	1484	1	6
361	1484	1	6
373	1484	1	6
561	1484	1	6
237	1486	1	6
248	1486	1	6
276	1486	1	6
355	1486	1	6
361	1486	1	6
371	1486	1	6
373	1486	1	6
561	1486	1	6
220	1487	1	6
248	1487	1	6
521	1487	1	6
143	1488	1	6
214	1488	1	6
554	1488	1	6
555	1488	1	6
564	1488	1	6
237	1489	1	6
248	1489	1	6
276	1489	1	6
355	1489	1	6
371	1489	1	6
373	1489	1	6
561	1489	1	6
166	1490	1	6
389	1490	1	6
104	1491	1	6
177	1491	1	6
248	1491	1	6
310	1491	1	6
513	1491	1	6
237	1492	1	6
248	1492	1	6
276	1492	1	6
355	1492	1	6
371	1492	1	6
373	1492	1	6
561	1492	1	6
437	1493	1	6
248	1494	1	6
564	1494	1	6
237	1496	1	6
248	1496	1	6
361	1496	1	6
373	1496	1	6
476	1496	1	6
561	1496	1	6
151	1497	1	6
248	1497	1	6
306	1497	1	6
513	1497	1	6
58	1498	1	6
142	1498	1	6
306	1498	1	6
584	1498	1	6
31	1499	1	6
343	1499	1	6
344	1499	1	6
513	1499	1	6
173	1504	1	6
241	1504	1	6
248	1504	1	6
344	1504	1	6
418	1505	1	6
567	1505	1	6
11	1510	1	6
248	1516	1	6
331	1516	1	6
549	1516	1	6
25	1524	1	6
308	1524	1	6
310	1524	1	6
397	1524	1	6
420	1524	1	6
103	1525	1	6
177	1525	1	6
222	1525	1	6
248	1525	1	6
513	1525	1	6
576	1535	1	6
196	1537	1	6
107	1538	1	6
248	1538	1	6
432	1538	1	6
544	1538	1	6
248	1540	1	6
354	1541	1	6
43	1546	1	6
48	1546	1	6
223	1546	1	6
70	1548	1	6
186	1548	1	6
291	1548	1	6
380	1548	1	6
561	1548	1	6
188	1549	1	6
320	1549	1	6
536	1549	2	6
575	1549	1	6
172	1550	1	6
310	1550	1	6
460	1550	1	6
463	1550	1	6
515	1550	1	6
549	1550	1	6
513	1551	1	6
182	1554	1	6
226	1554	1	6
513	1554	1	6
564	1554	1	6
133	1555	1	6
405	1555	1	6
306	1556	1	6
248	1562	1	6
337	1562	1	6
225	1567	1	6
248	1567	1	6
333	1567	1	6
478	1567	1	6
513	1567	1	6
561	1567	1	6
68	1573	1	6
248	1573	1	6
366	1573	1	6
585	1573	1	6
26	1574	1	6
205	1574	1	6
248	1574	1	6
331	1574	1	6
432	1574	1	6
459	1574	1	6
549	1574	1	6
194	1575	1	6
248	1575	1	6
529	1575	1	6
2	1577	1	6
248	1577	1	6
349	1577	1	6
582	1577	1	6
437	1578	1	6
248	1581	2	6
474	1581	1	6
11	1582	1	6
248	1582	1	6
304	1582	1	6
123	1595	1	6
248	1595	1	6
224	1597	1	6
466	1597	1	6
3	1598	1	6
30	1598	1	6
62	1601	1	6
248	1601	1	6
317	1601	1	6
484	1601	1	6
83	1602	1	6
104	1602	1	6
244	1602	1	6
417	1602	1	6
452	1602	1	6
513	1602	1	6
150	1605	1	6
513	1605	1	6
29	1607	1	6
248	1607	1	6
331	1607	1	6
339	1607	1	6
474	1607	1	6
585	1607	1	6
102	1609	1	6
405	1609	1	6
128	1615	1	6
511	1615	1	6
514	1615	1	6
248	1616	1	6
217	1617	1	6
549	1617	1	6
559	1617	1	6
493	1618	1	6
158	1619	1	6
226	1619	1	6
306	1619	1	6
549	1619	1	6
581	1619	1	6
118	1620	1	6
154	1620	1	6
213	1620	1	6
291	1620	1	6
328	1620	1	6
48	1621	1	6
57	1621	1	6
223	1621	1	6
35	1626	1	6
92	1627	1	6
306	1627	1	6
213	1629	1	6
248	1629	1	6
66	1630	1	6
479	1631	1	6
535	1634	1	6
212	1636	1	6
189	1639	1	6
306	1639	1	6
445	1639	1	6
521	1639	1	6
584	1639	1	6
16	1642	1	6
130	1642	1	6
290	1642	1	6
302	1642	1	6
350	1642	1	6
452	1642	1	6
248	1644	1	6
465	1644	1	6
206	1645	1	6
429	1645	1	6
256	1646	1	6
513	1646	1	6
519	1646	1	6
74	1647	1	6
130	1647	1	6
208	1647	1	6
310	1647	1	6
514	1647	1	6
31	1649	1	6
290	1649	1	6
358	1649	1	6
118	1650	2	6
215	1650	1	6
328	1650	1	6
550	1650	1	6
115	1651	1	6
283	1651	1	6
342	1651	1	6
479	1651	1	6
351	1653	1	6
215	1654	1	6
248	1654	1	6
345	1654	1	6
364	1654	1	6
435	1654	1	6
531	1654	1	6
396	1656	1	6
533	1657	1	6
306	1658	1	6
529	1658	1	6
388	1659	1	6
454	1659	1	6
48	1660	1	6
67	1660	1	6
161	1660	1	6
223	1660	1	6
248	1660	1	6
137	1661	1	6
543	1661	1	6
131	1662	1	6
204	1662	1	6
429	1662	1	6
239	1663	1	6
247	1663	1	6
258	1663	1	6
338	1663	1	6
511	1663	1	6
522	1663	1	6
549	1663	1	6
140	1665	1	6
288	1665	1	6
418	1665	1	6
431	1665	2	6
469	1665	1	6
490	1665	1	6
130	1666	1	6
484	1666	1	6
515	1666	1	6
550	1670	1	6
99	1672	1	6
397	1672	1	6
64	1674	1	6
320	1674	1	6
346	1674	1	6
554	1674	1	6
143	1675	1	6
177	1675	1	6
499	1675	1	6
564	1675	1	6
464	1678	1	6
481	1678	1	6
26	1683	1	6
185	1683	1	6
248	1683	1	6
124	1685	1	6
176	1685	1	6
124	1686	1	6
176	1686	1	6
579	1687	1	6
248	1689	1	6
375	1689	1	6
431	1689	1	6
513	1689	1	6
561	1689	1	6
225	1691	1	6
248	1691	1	6
208	1692	1	6
351	1692	1	6
11	1695	1	6
70	1695	1	6
118	1695	1	6
365	1695	1	6
465	1695	1	6
130	1696	1	6
310	1696	1	6
346	1696	1	6
513	1696	1	6
557	1696	1	6
138	1700	1	6
584	1700	1	6
118	1702	1	6
291	1702	1	6
302	1702	1	6
367	1702	1	6
502	1702	1	6
513	1704	1	6
71	1705	1	6
39	1706	1	6
156	1706	1	6
244	1706	1	6
495	1706	1	6
118	1708	1	6
188	1709	1	6
241	1709	1	6
244	1709	1	6
362	1709	1	6
418	1711	1	6
549	1711	1	6
60	1714	1	6
61	1714	1	6
130	1714	1	6
499	1714	1	6
513	1714	1	6
514	1714	1	6
549	1714	1	6
550	1714	1	6
564	1714	1	6
499	1716	1	6
514	1716	1	6
118	1718	1	6
370	1719	1	6
323	1723	1	6
490	1723	1	6
511	1723	1	6
302	1724	1	6
403	1724	1	6
437	1724	1	6
199	1725	1	6
340	1725	1	6
344	1725	1	6
88	1726	1	6
118	1726	1	6
143	1726	1	6
442	1726	1	6
550	1728	1	6
248	1730	1	6
366	1730	1	6
585	1730	1	6
147	1731	1	6
193	1731	1	6
248	1731	1	6
377	1731	1	6
421	1731	1	6
500	1731	1	6
104	1732	1	6
371	1732	1	6
30	1733	1	6
398	1736	1	6
523	1736	1	6
548	1736	1	6
217	1738	1	6
340	1738	1	6
250	1739	1	6
384	1740	1	6
34	1741	1	6
419	1741	1	6
515	1741	1	6
208	1744	1	6
224	1744	1	6
341	1744	1	6
383	1744	1	6
436	1744	1	6
131	1746	1	6
177	1746	1	6
293	1746	1	6
502	1746	1	6
575	1746	1	6
147	1747	1	6
248	1747	1	6
377	1747	1	6
421	1747	1	6
500	1747	1	6
561	1748	1	6
131	1749	1	6
422	1749	1	6
452	1749	1	6
513	1749	1	6
535	1749	1	6
549	1749	2	6
557	1749	1	6
216	1750	1	6
248	1750	1	6
260	1750	1	6
477	1750	1	6
248	1751	1	6
585	1751	1	6
178	1752	1	6
283	1752	1	6
227	1753	1	6
467	1753	1	6
153	1754	1	6
428	1754	1	6
61	1756	1	6
203	1756	1	6
254	1756	1	6
452	1756	1	6
513	1756	2	6
564	1756	1	6
217	1757	1	6
227	1757	1	6
352	1757	1	6
385	1757	1	6
177	1758	1	6
214	1758	1	6
345	1758	1	6
38	1759	1	6
74	1759	1	6
204	1759	1	6
244	1759	1	6
246	1759	1	6
305	1759	1	6
432	1759	1	6
461	1759	1	6
561	1759	1	6
3	1760	1	6
580	1760	3	6
204	1761	1	6
248	1761	1	6
71	1762	1	6
188	1762	2	6
402	1762	1	6
513	1762	1	6
549	1762	1	6
213	1763	1	6
248	1763	1	6
349	1763	1	6
366	1763	1	6
585	1763	1	6
114	1765	1	6
214	1765	1	6
248	1765	1	6
360	1765	1	6
389	1765	1	6
513	1765	1	6
548	1765	1	6
549	1765	2	6
228	1766	1	6
30	1771	1	6
256	1771	1	6
294	1771	1	6
18	1772	1	6
54	1772	1	6
115	1772	1	6
561	1772	1	6
345	1773	1	6
371	1773	1	6
153	1779	1	6
578	1779	1	6
573	1781	1	6
176	1782	1	6
538	1782	1	6
61	1783	1	6
204	1783	1	6
365	1783	1	6
499	1783	1	6
256	1784	1	6
484	1784	1	6
334	1785	1	6
340	1785	1	6
376	1785	1	6
417	1785	1	6
470	1785	1	6
580	1785	1	6
118	1786	1	6
306	1788	1	6
248	1789	1	6
349	1789	1	6
582	1789	1	6
118	1791	1	6
248	1791	1	6
465	1791	1	6
74	1792	1	6
306	1792	1	6
143	1795	1	6
188	1795	1	6
248	1795	1	6
310	1796	1	6
248	1798	1	6
366	1798	1	6
585	1798	1	6
118	1803	1	6
465	1803	1	6
62	1805	1	6
219	1805	1	6
248	1805	1	6
313	1805	1	6
367	1805	1	6
513	1805	1	6
118	1807	1	6
310	1807	1	6
55	1810	1	6
306	1814	1	6
499	1814	1	6
549	1814	1	6
557	1814	1	6
74	1818	1	6
118	1818	1	6
248	1818	1	6
388	1818	1	6
74	1824	1	6
118	1824	1	6
304	1824	1	6
406	1829	1	6
564	1829	1	6
39	1832	1	6
60	1832	1	6
581	1832	1	6
182	1835	1	6
321	1835	1	6
559	1835	1	6
248	1836	1	6
282	1836	1	6
105	1837	1	6
248	1837	1	6
310	1837	1	6
565	1837	2	6
191	1842	1	6
390	1842	1	6
205	1845	1	6
122	1846	1	6
380	1846	1	6
52	1850	1	6
172	1850	1	6
248	1850	1	6
367	1850	1	6
513	1851	1	6
550	1851	1	6
177	1854	1	6
409	1854	1	6
248	1858	1	6
300	1858	1	6
349	1858	1	6
156	1860	1	6
193	1860	1	6
403	1860	1	6
27	1869	1	6
225	1869	1	6
248	1869	1	6
297	1869	1	6
367	1869	1	6
484	1869	1	6
34	1870	1	6
118	1870	1	6
120	1870	1	6
230	1870	1	6
482	1870	1	6
10	1872	1	6
227	1872	1	6
397	1872	1	6
421	1872	1	6
168	1873	1	6
306	1873	1	6
387	1873	1	6
416	1873	1	6
431	1873	2	6
437	1873	1	6
504	1873	1	6
3	1875	1	6
304	1875	1	6
248	1878	1	6
255	1878	1	6
341	1878	1	6
499	1878	1	6
34	1879	2	6
118	1879	1	6
120	1879	1	6
154	1879	1	6
89	1881	1	6
196	1881	1	6
30	1884	1	6
191	1884	1	6
342	1884	1	6
513	1884	1	6
561	1884	1	6
64	1886	1	6
224	1886	1	6
248	1886	1	6
445	1886	1	6
30	1887	1	6
191	1887	1	6
342	1887	1	6
513	1887	1	6
561	1887	1	6
118	1889	1	6
120	1889	1	6
129	1891	1	6
141	1891	1	6
222	1891	1	6
314	1891	1	6
221	1892	1	6
338	1892	2	6
387	1892	1	6
129	1894	1	6
141	1894	1	6
222	1894	1	6
313	1894	1	6
90	1896	1	6
129	1896	1	6
141	1896	1	6
306	1896	1	6
314	1896	1	6
327	1896	1	6
462	1896	1	6
111	1898	1	6
141	1898	1	6
305	1898	1	6
508	1898	1	6
204	1900	1	6
253	1900	1	6
495	1900	1	6
521	1900	1	6
118	1901	1	6
154	1901	1	6
299	1901	1	6
159	1905	1	6
581	1905	1	6
38	1908	1	6
248	1908	1	6
308	1908	1	6
407	1908	1	6
513	1908	1	6
43	1912	1	6
48	1912	1	6
248	1912	1	6
335	1912	1	6
361	1912	1	6
367	1912	1	6
380	1912	1	6
513	1912	1	6
44	1913	1	6
170	1913	1	6
248	1913	1	6
513	1913	1	6
565	1913	1	6
535	1917	1	6
564	1917	1	6
298	1918	1	6
227	1920	1	6
452	1920	1	6
118	1921	1	6
154	1921	1	6
479	1921	1	6
38	1922	1	6
150	1922	1	6
74	1923	1	6
383	1923	1	6
392	1923	1	6
506	1923	1	6
290	1924	1	6
306	1924	1	6
118	1925	1	6
120	1925	1	6
154	1925	1	6
528	1925	1	6
248	1928	1	6
367	1928	1	6
129	1929	1	6
141	1929	1	6
306	1929	1	6
313	1929	1	6
314	1929	1	6
470	1929	1	6
92	1936	1	6
374	1936	1	6
385	1937	1	6
68	1940	1	6
158	1940	1	6
248	1940	1	6
348	1940	1	6
475	1940	1	6
418	1944	1	6
118	1947	1	6
154	1947	1	6
328	1947	1	6
346	1948	1	6
432	1948	1	6
118	1949	2	6
120	1949	1	6
154	1949	1	6
167	1949	1	6
230	1949	1	6
317	1949	1	6
328	1949	1	6
549	1949	1	6
452	1950	1	6
467	1950	1	6
26	1951	2	6
68	1951	1	6
248	1951	1	6
348	1951	1	6
475	1951	2	6
118	1954	1	6
128	1954	1	6
167	1954	1	6
64	1955	1	6
95	1955	1	6
385	1955	1	6
479	1955	1	6
514	1955	1	6
554	1955	1	6
118	1963	1	6
151	1963	1	6
248	1963	1	6
506	1963	1	6
248	1966	2	6
521	1966	1	6
118	1971	1	6
248	1971	1	6
402	1971	1	6
450	1971	1	6
118	1972	1	6
412	1972	1	6
304	1973	1	6
222	1974	1	6
272	1974	1	6
291	1974	1	6
306	1974	1	6
308	1974	1	6
380	1974	1	6
449	1974	1	6
545	1974	1	6
68	1975	1	6
248	1975	1	6
348	1975	1	6
366	1975	1	6
585	1975	1	6
215	1976	1	6
62	1977	1	6
248	1979	1	6
366	1979	1	6
585	1979	1	6
118	1981	1	6
248	1981	1	6
328	1981	1	6
573	1981	1	6
256	1982	1	6
519	1982	1	6
6	1983	1	6
83	1983	1	6
177	1983	1	6
487	1983	1	6
169	1984	1	6
306	1984	1	6
357	1984	1	6
533	1984	1	6
393	1985	1	6
73	1987	1	6
193	1987	1	6
313	1987	1	6
317	1987	1	6
484	1987	1	6
431	1988	1	6
73	1989	1	6
156	1989	1	6
160	1990	1	6
206	1990	1	6
334	1990	1	6
513	1990	1	6
116	1993	1	6
385	1993	1	6
241	1994	1	6
74	1997	1	6
202	1997	1	6
365	1997	1	6
16	2002	1	6
211	2002	1	6
311	2002	1	6
333	2002	1	6
403	2002	1	6
213	2003	1	6
248	2003	1	6
349	2003	1	6
366	2003	1	6
585	2003	1	6
50	2005	1	6
204	2005	1	6
306	2006	1	6
357	2006	1	6
499	2006	1	6
310	2009	1	6
499	2009	1	6
579	2009	1	6
3	2011	1	6
144	2011	1	6
420	2011	1	6
564	2011	1	6
64	2013	1	6
177	2013	1	6
196	2013	1	6
383	2013	1	6
389	2013	1	6
572	2013	1	6
77	2016	1	6
144	2016	1	6
208	2016	1	6
272	2016	1	6
402	2016	1	6
86	2018	1	6
95	2018	1	6
138	2018	1	6
172	2018	1	6
182	2018	1	6
248	2018	1	6
378	2018	1	6
432	2018	1	6
48	2020	1	6
223	2020	1	6
141	2023	1	6
306	2023	1	6
314	2023	1	6
436	2023	1	6
215	2024	1	6
310	2024	1	6
404	2024	1	6
440	2024	1	6
503	2024	1	6
557	2024	1	6
248	2025	1	6
139	2028	1	6
387	2028	1	6
395	2028	1	6
552	2028	1	6
49	2031	2	6
54	2031	1	6
385	2031	2	6
424	2031	1	6
480	2031	1	6
575	2031	2	6
103	2040	1	6
248	2040	1	6
324	2040	1	6
402	2040	1	6
93	2048	1	6
155	2048	1	6
223	2048	1	6
248	2048	1	6
483	2048	1	6
213	2049	1	6
248	2049	1	6
349	2049	1	6
213	2054	1	6
248	2054	1	6
349	2054	1	6
521	2054	1	6
248	2055	1	6
117	2059	1	6
310	2059	1	6
529	2059	1	6
139	2061	1	6
217	2061	1	6
417	2061	1	6
24	2064	1	6
263	2064	1	6
270	2064	1	6
462	2068	1	6
214	2069	1	6
458	2069	1	6
479	2069	1	6
95	2070	1	6
248	2070	1	6
366	2070	1	6
585	2070	2	6
108	2072	1	6
256	2072	1	6
306	2072	1	6
321	2072	1	6
334	2072	1	6
561	2072	1	6
203	2073	1	6
310	2073	1	6
135	2074	1	6
272	2074	1	6
317	2074	1	6
203	2076	1	6
310	2076	1	6
35	2077	1	6
125	2077	1	6
169	2077	1	6
174	2077	1	6
230	2077	1	6
248	2077	1	6
494	2077	1	6
34	2078	1	6
248	2085	1	6
272	2085	1	6
531	2085	1	6
273	2086	1	6
177	2087	1	6
488	2087	1	6
573	2087	1	6
248	2091	1	6
498	2091	1	6
552	2092	1	6
552	2093	1	6
69	2095	1	6
247	2095	1	6
305	2095	1	6
398	2095	1	6
416	2095	1	6
248	2096	1	6
90	2099	1	6
206	2099	1	6
342	2099	1	6
513	2099	1	6
181	2100	1	6
241	2100	1	6
248	2101	1	6
310	2101	1	6
192	2105	1	6
143	2107	1	6
247	2109	1	6
315	2109	1	6
549	2109	1	6
47	2110	1	6
248	2110	1	6
369	2110	1	6
378	2110	1	6
390	2110	1	6
438	2110	1	6
557	2110	1	6
313	2111	1	6
521	2111	1	6
25	2112	1	6
146	2112	1	6
174	2112	1	6
196	2112	1	6
248	2112	1	6
17	2116	1	6
48	2118	1	6
84	2118	1	6
222	2118	1	6
248	2118	1	6
280	2118	1	6
288	2118	1	6
310	2118	1	6
361	2118	1	6
513	2118	1	6
343	2119	1	6
225	2121	1	6
248	2121	1	6
367	2121	1	6
76	2122	1	6
144	2122	1	6
421	2122	2	6
431	2122	1	6
565	2122	1	6
169	2124	1	6
248	2124	1	6
513	2124	2	6
551	2124	1	6
90	2125	1	6
549	2125	1	6
578	2125	1	6
200	2127	1	6
248	2127	1	6
484	2127	1	6
44	2128	1	6
95	2128	1	6
248	2128	1	6
184	2130	1	6
221	2130	1	6
200	2136	1	6
248	2136	1	6
484	2136	1	6
70	2141	1	6
74	2141	1	6
214	2141	2	6
310	2141	1	6
360	2141	1	6
22	2142	1	6
45	2142	1	6
46	2142	1	6
557	2142	1	6
583	2142	1	6
22	2144	1	6
45	2144	1	6
46	2144	1	6
583	2144	1	6
248	2146	1	6
204	2157	1	6
255	2157	1	6
306	2157	1	6
429	2157	1	6
360	2158	1	6
417	2158	1	6
225	2166	1	6
248	2166	1	6
47	2168	1	6
576	2168	1	6
22	2169	1	6
45	2169	1	6
46	2169	1	6
567	2169	1	6
583	2169	1	6
22	2170	1	6
45	2170	1	6
46	2170	1	6
89	2170	1	6
182	2170	1	6
325	2170	1	6
360	2170	1	6
407	2170	1	6
583	2170	1	6
22	2173	1	6
45	2173	1	6
46	2173	1	6
583	2173	1	6
172	2174	1	6
248	2174	1	6
340	2174	1	6
248	2175	1	6
513	2175	1	6
47	2179	1	6
165	2179	1	6
201	2179	1	6
431	2179	2	6
576	2179	1	6
310	2180	1	6
333	2180	1	6
521	2180	1	6
549	2180	1	6
156	2181	1	6
378	2181	1	6
557	2182	1	6
54	2184	1	6
217	2184	1	6
311	2184	1	6
451	2184	1	6
120	2185	1	6
121	2185	1	6
248	2185	1	6
372	2185	1	6
405	2185	1	6
120	2186	1	6
121	2186	1	6
248	2186	1	6
372	2186	1	6
405	2186	1	6
120	2187	1	6
121	2187	1	6
248	2187	1	6
372	2187	1	6
405	2187	1	6
22	2189	1	6
45	2189	1	6
46	2189	1	6
198	2189	1	6
280	2189	1	6
583	2189	1	6
91	2191	1	6
165	2192	1	6
120	2193	1	6
121	2193	1	6
248	2193	1	6
372	2193	1	6
405	2193	1	6
22	2194	1	6
45	2194	1	6
46	2194	1	6
89	2194	1	6
521	2194	1	6
583	2194	1	6
165	2197	1	6
340	2197	1	6
400	2197	1	6
514	2197	1	6
110	2199	1	6
311	2199	7	6
338	2199	1	6
248	2203	1	6
565	2203	1	6
165	2208	1	6
550	2208	1	6
562	2208	1	6
74	2209	1	6
92	2209	1	6
323	2210	1	6
110	2212	1	6
186	2212	1	6
241	2212	2	6
248	2212	1	6
324	2212	1	6
41	2213	1	6
294	2216	1	6
580	2216	1	6
122	2218	1	6
248	2221	1	6
259	2221	1	6
270	2221	1	6
498	2221	1	6
48	2224	1	6
311	2224	1	6
248	2227	1	6
366	2227	1	6
393	2227	1	6
585	2227	1	6
97	2228	1	6
248	2229	1	6
366	2229	1	6
393	2229	1	6
585	2229	1	6
337	2230	1	6
513	2230	1	6
515	2230	1	6
521	2230	1	6
337	2234	1	6
513	2234	1	6
515	2234	1	6
521	2234	1	6
248	2237	1	6
366	2237	1	6
585	2237	1	6
30	2238	2	6
41	2238	1	6
74	2238	1	6
466	2238	1	6
68	2239	1	6
248	2239	1	6
366	2239	1	6
585	2239	1	6
412	2242	1	6
544	2242	1	6
581	2242	1	6
225	2244	1	6
228	2244	1	6
248	2244	1	6
580	2244	1	6
116	2246	1	6
248	2246	1	6
366	2246	1	6
393	2246	1	6
585	2246	1	6
116	2247	1	6
248	2247	1	6
366	2247	1	6
393	2247	1	6
585	2247	1	6
248	2248	1	6
299	2248	1	6
248	2253	1	6
366	2253	1	6
393	2253	1	6
585	2253	1	6
192	2254	1	6
248	2254	1	6
367	2254	1	6
580	2254	1	6
38	2258	1	6
269	2258	1	6
248	2262	1	6
366	2262	1	6
393	2262	1	6
585	2262	1	6
248	2263	1	6
366	2263	1	6
393	2263	1	6
585	2263	1	6
248	2266	1	6
280	2266	1	6
513	2266	1	6
104	2270	1	6
269	2271	1	6
310	2271	1	6
364	2272	1	6
536	2272	1	6
173	2274	1	6
215	2274	1	6
259	2274	1	6
310	2274	1	6
492	2274	1	6
544	2274	1	6
248	2275	1	6
475	2275	1	6
167	2276	1	6
304	2276	1	6
367	2276	1	6
385	2276	1	6
544	2276	1	6
148	2279	1	6
304	2279	1	6
394	2279	1	6
532	2279	1	6
203	2288	1	6
513	2288	1	6
536	2288	1	6
241	2290	1	6
39	2298	1	6
228	2298	1	6
248	2299	1	6
267	2299	1	6
371	2299	1	6
569	2299	1	6
138	2302	1	6
550	2302	1	6
87	2309	1	6
215	2309	1	6
217	2316	1	6
344	2316	1	6
361	2316	1	6
550	2316	1	6
248	2320	1	6
513	2320	1	6
338	2321	1	6
375	2331	1	6
416	2331	1	6
90	2332	1	6
248	2332	1	6
301	2332	1	6
401	2332	1	6
481	2332	1	6
521	2332	1	6
38	2333	1	6
214	2333	1	6
296	2333	1	6
522	2333	1	6
166	2341	1	6
221	2341	1	6
374	2341	1	6
392	2341	1	6
513	2341	1	6
535	2341	1	6
578	2341	1	6
23	2346	1	6
287	2346	1	6
508	2348	1	6
159	2349	1	6
225	2354	1	6
248	2354	1	6
370	2354	1	6
215	2355	1	6
266	2355	1	6
310	2356	1	6
197	2357	1	6
227	2357	1	6
360	2357	1	6
385	2357	2	6
535	2357	1	6
248	2358	1	6
373	2358	1	6
16	2359	1	6
222	2359	1	6
499	2359	1	6
189	2360	1	6
513	2360	1	6
183	2363	1	6
249	2363	1	6
86	2364	1	6
105	2364	1	6
160	2364	1	6
248	2364	1	6
364	2364	1	6
367	2364	1	6
378	2364	1	6
249	2366	1	6
91	2370	1	6
218	2370	1	6
247	2370	1	6
248	2370	1	6
380	2370	1	6
525	2370	1	6
229	2377	1	6
248	2377	1	6
366	2377	1	6
398	2377	1	6
177	2379	1	6
280	2379	1	6
292	2379	1	6
320	2379	1	6
343	2379	1	6
186	2380	1	6
429	2380	1	6
540	2380	1	6
166	2383	1	6
524	2387	1	6
27	2388	1	6
225	2388	1	6
248	2388	1	6
319	2388	1	6
366	2388	2	6
484	2388	1	6
27	2389	1	6
225	2389	1	6
248	2389	1	6
319	2389	1	6
366	2389	2	6
484	2389	1	6
499	2391	1	6
513	2391	1	6
248	2392	1	6
390	2392	1	6
421	2392	1	6
561	2392	1	6
225	2396	2	6
248	2396	1	6
366	2396	1	6
248	2397	1	6
366	2397	1	6
369	2397	1	6
378	2397	1	6
585	2397	1	6
248	2399	1	6
366	2399	1	6
393	2399	1	6
585	2399	1	6
248	2400	1	6
366	2400	1	6
393	2400	1	6
585	2400	1	6
189	2404	1	6
248	2404	1	6
297	2404	1	6
515	2404	1	6
222	2406	1	6
281	2406	1	6
468	2406	1	6
482	2406	1	6
545	2406	1	6
32	2408	1	6
514	2408	1	6
5	2409	1	6
114	2409	1	6
216	2409	1	6
137	2412	1	6
572	2412	1	6
106	2413	1	6
225	2413	1	6
248	2413	1	6
521	2413	1	6
248	2416	1	6
245	2418	2	6
330	2418	1	6
500	2418	1	6
334	2419	1	6
139	2423	1	6
265	2423	1	6
513	2423	1	6
550	2423	1	6
210	2424	1	6
290	2424	1	6
310	2424	1	6
326	2424	1	6
248	2425	1	6
366	2425	1	6
549	2425	1	6
585	2425	1	6
67	2426	1	6
109	2426	1	6
191	2426	1	6
4	2427	1	6
5	2427	1	6
189	2430	1	6
231	2430	1	6
414	2430	1	6
468	2430	1	6
282	2431	1	6
126	2432	1	6
399	2432	1	6
521	2433	1	6
162	2434	1	6
263	2434	1	6
306	2434	1	6
224	2436	1	6
388	2436	1	6
428	2436	1	6
544	2436	1	6
581	2436	1	6
478	2437	1	6
177	2440	1	6
356	2440	1	6
410	2440	1	6
465	2440	1	6
513	2440	1	6
248	2444	1	6
297	2444	1	6
366	2444	1	6
585	2444	1	6
310	2445	1	6
469	2445	1	6
581	2447	1	6
215	2449	1	6
269	2449	1	6
2	2454	1	6
345	2454	1	6
418	2454	1	6
503	2454	1	6
541	2454	1	6
202	2455	1	6
248	2455	2	6
261	2455	1	6
447	2455	1	6
10	2457	1	6
306	2457	1	6
26	2458	1	6
415	2458	1	6
478	2458	1	6
560	2458	1	6
196	2462	2	6
499	2462	1	6
177	2463	1	6
499	2463	1	6
521	2463	1	6
306	2464	1	6
419	2464	1	6
549	2464	1	6
578	2464	1	6
83	2465	1	6
306	2465	1	6
385	2465	1	6
513	2465	1	6
537	2465	1	6
161	2466	1	6
226	2466	1	6
247	2466	1	6
373	2466	1	6
65	2468	1	6
248	2468	1	6
341	2468	1	6
184	2469	1	6
303	2469	1	6
374	2469	1	6
226	2470	1	6
247	2470	1	6
248	2470	1	6
373	2470	1	6
148	2477	1	6
549	2477	1	6
577	2477	1	6
44	2479	1	6
248	2479	1	6
577	2480	1	6
248	2481	1	6
366	2481	1	6
393	2481	1	6
425	2481	1	6
585	2481	1	6
248	2482	1	6
366	2482	1	6
393	2482	1	6
425	2482	1	6
549	2482	1	6
585	2482	1	6
248	2483	1	6
299	2483	1	6
549	2484	1	6
361	2485	1	6
95	2488	1	6
413	2488	1	6
531	2488	1	6
41	2494	1	6
329	2494	1	6
214	2495	1	6
248	2495	1	6
310	2495	1	6
431	2495	1	6
117	2498	1	6
206	2498	1	6
310	2498	1	6
44	2500	1	6
244	2500	1	6
248	2500	1	6
249	2500	1	6
318	2500	1	6
431	2500	1	6
310	2502	1	6
379	2502	1	6
431	2502	1	6
549	2502	1	6
580	2502	1	6
74	2503	1	6
210	2503	1	6
248	2503	1	6
550	2503	1	6
225	2505	1	6
248	2505	1	6
366	2505	1	6
585	2505	1	6
580	2507	1	6
3	2509	1	6
123	2509	1	6
248	2509	1	6
367	2522	1	6
398	2522	1	6
521	2522	1	6
38	2525	1	6
208	2525	1	6
248	2525	1	6
407	2525	1	6
513	2525	1	6
201	2529	1	6
247	2531	1	6
248	2531	1	6
248	2532	1	6
356	2532	1	6
499	2532	1	6
73	2539	1	6
156	2539	1	6
307	2539	1	6
401	2539	1	6
513	2539	1	6
95	2553	1	6
74	2554	1	6
310	2554	1	6
18	2555	1	6
186	2555	1	6
494	2555	1	6
225	2561	1	6
226	2561	1	6
580	2561	1	6
248	2565	1	6
441	2565	1	6
241	2566	1	6
248	2566	1	6
366	2566	1	6
585	2566	1	6
305	2570	1	6
490	2570	1	6
579	2570	1	6
196	2571	1	6
248	2571	1	6
399	2571	1	6
499	2571	1	6
524	2571	1	6
225	2572	1	6
226	2572	1	6
225	2573	1	6
248	2573	1	6
291	2573	1	6
3	2577	1	6
111	2577	1	6
241	2577	1	6
248	2577	1	6
390	2577	1	6
414	2577	1	6
203	2578	1	6
306	2578	1	6
462	2578	1	6
203	2579	1	6
306	2579	1	6
462	2579	1	6
132	2582	1	6
350	2582	1	6
418	2582	1	6
404	2583	1	6
162	2584	1	6
428	2587	1	6
513	2587	1	6
560	2587	1	6
72	2588	1	6
174	2588	1	6
235	2588	1	6
365	2588	1	6
473	2588	1	6
540	2591	1	6
203	2592	1	6
404	2592	1	6
541	2592	1	6
145	2593	1	6
215	2593	1	6
248	2593	1	6
462	2593	1	6
11	2598	1	6
86	2598	1	6
160	2598	1	6
248	2598	1	6
378	2598	1	6
248	2599	1	6
425	2599	1	6
17	2600	1	6
229	2600	1	6
248	2600	1	6
71	2602	1	6
101	2602	1	6
339	2602	1	6
569	2602	1	6
1	2603	1	6
418	2603	1	6
499	2603	1	6
86	2604	1	6
248	2604	1	6
310	2604	1	6
366	2604	1	6
378	2604	1	6
51	2605	1	6
135	2605	1	6
173	2605	1	6
241	2605	1	6
418	2605	1	6
226	2606	1	6
248	2606	1	6
441	2606	1	6
175	2608	1	6
248	2608	1	6
569	2608	1	6
71	2612	1	6
101	2612	1	6
569	2612	1	6
143	2615	1	6
167	2615	1	6
110	2616	1	6
256	2616	1	6
11	2621	1	6
372	2621	1	6
86	2630	1	6
248	2630	1	6
354	2630	3	6
378	2630	1	6
400	2630	1	6
248	2631	1	6
354	2631	4	6
134	2632	1	6
414	2632	1	6
124	2634	1	6
431	2634	1	6
548	2634	1	6
580	2634	2	6
364	2635	1	6
517	2635	1	6
532	2635	1	6
225	2639	1	6
248	2642	1	6
354	2642	4	6
172	2646	1	6
310	2646	2	6
385	2646	1	6
248	2648	1	6
345	2648	1	6
421	2648	1	6
248	2649	1	6
354	2649	4	6
196	2650	1	6
69	2651	1	6
293	2651	1	6
304	2651	1	6
497	2651	1	6
535	2651	1	6
513	2653	1	6
225	2654	1	6
248	2654	1	6
186	2655	1	6
202	2655	1	6
248	2655	1	6
55	2	1	7
102	2	1	7
209	2	1	7
248	2	2	7
386	2	1	7
444	2	1	7
505	2	1	7
7	10	1	7
31	10	1	7
203	10	1	7
3	13	1	7
13	13	1	7
360	13	1	7
524	13	1	7
576	13	1	7
177	46	1	7
196	46	1	7
361	46	1	7
396	46	1	7
55	50	1	7
102	50	1	7
246	50	1	7
248	50	1	7
296	50	1	7
385	50	1	7
386	50	1	7
434	50	1	7
513	50	1	7
215	57	1	7
303	57	1	7
334	57	1	7
440	71	1	7
478	71	1	7
579	71	1	7
174	80	1	7
432	80	1	7
557	80	1	7
380	100	1	7
394	100	1	7
549	100	1	7
573	100	1	7
248	101	1	7
55	106	1	7
102	106	1	7
248	106	2	7
386	106	1	7
434	106	1	7
138	111	1	7
215	111	1	7
524	111	1	7
469	150	1	7
564	150	1	7
55	155	1	7
102	155	1	7
199	155	1	7
209	155	1	7
248	155	1	7
386	155	1	7
446	155	1	7
505	155	1	7
513	155	1	7
524	155	1	7
180	158	1	7
206	158	1	7
306	158	1	7
379	158	1	7
536	158	1	7
549	158	1	7
177	174	1	7
395	174	1	7
64	179	1	7
398	179	1	7
513	179	1	7
555	179	1	7
560	179	1	7
564	180	1	7
177	183	1	7
475	187	1	7
139	190	1	7
334	190	1	7
503	190	2	7
398	194	1	7
432	194	1	7
516	194	1	7
65	197	1	7
147	197	1	7
239	197	1	7
248	197	1	7
350	197	1	7
384	197	1	7
468	197	1	7
180	208	1	7
202	208	1	7
305	208	1	7
581	208	1	7
137	212	1	7
143	212	1	7
185	212	1	7
202	212	1	7
358	212	1	7
449	212	1	7
503	212	1	7
513	212	1	7
23	220	1	7
248	220	1	7
367	220	1	7
159	224	1	7
303	224	1	7
492	224	1	7
55	232	1	7
102	232	1	7
160	232	1	7
248	232	2	7
386	232	1	7
434	232	1	7
446	232	1	7
513	232	1	7
524	232	1	7
31	241	1	7
74	241	1	7
152	241	1	7
396	241	1	7
221	247	1	7
247	247	1	7
360	247	1	7
206	248	1	7
310	248	1	7
391	248	1	7
397	248	1	7
549	248	1	7
506	252	1	7
575	252	1	7
161	253	1	7
338	256	1	7
396	257	1	7
404	257	1	7
422	257	1	7
185	261	2	7
306	261	1	7
420	261	1	7
513	261	1	7
515	261	1	7
556	261	1	7
104	265	1	7
241	265	1	7
248	265	1	7
251	265	1	7
258	265	1	7
169	269	1	7
219	269	1	7
236	269	1	7
109	273	1	7
248	273	1	7
321	273	1	7
367	273	1	7
521	273	1	7
212	275	1	7
50	291	1	7
108	291	1	7
21	295	1	7
202	295	1	7
248	295	1	7
437	295	1	7
108	301	1	7
162	301	1	7
534	301	1	7
410	304	1	7
361	310	1	7
396	310	1	7
491	310	1	7
28	311	1	7
246	311	1	7
518	311	1	7
61	317	1	7
182	317	1	7
513	322	1	7
55	336	1	7
75	336	1	7
102	336	1	7
248	336	2	7
386	336	1	7
436	336	1	7
524	336	1	7
571	336	1	7
23	340	1	7
104	340	1	7
248	340	1	7
253	340	1	7
378	340	1	7
432	340	1	7
513	340	1	7
546	340	1	7
83	343	1	7
144	343	1	7
208	343	1	7
126	346	1	7
155	346	1	7
564	346	1	7
67	367	1	7
248	367	1	7
306	367	1	7
396	367	1	7
39	401	1	7
104	401	1	7
466	401	1	7
472	404	1	7
555	406	1	7
280	415	1	7
472	415	1	7
472	417	1	7
123	421	1	7
337	421	1	7
23	431	1	7
215	431	1	7
248	431	1	7
366	431	1	7
60	434	1	7
203	434	1	7
217	434	1	7
55	438	1	7
75	438	1	7
102	438	1	7
248	438	2	7
329	438	1	7
386	438	1	7
444	438	1	7
505	438	1	7
571	438	1	7
324	439	1	7
418	439	1	7
212	444	1	7
454	457	1	7
174	469	1	7
248	469	1	7
248	474	1	7
3	485	1	7
507	485	1	7
567	485	1	7
55	488	1	7
102	488	1	7
248	488	1	7
329	488	1	7
366	488	1	7
434	488	1	7
448	488	1	7
505	488	1	7
74	496	1	7
130	496	1	7
159	496	1	7
326	496	1	7
508	496	1	7
552	496	1	7
228	497	1	7
396	497	1	7
469	497	1	7
478	497	1	7
133	505	1	7
181	505	1	7
205	505	1	7
414	505	1	7
450	505	1	7
557	505	1	7
218	507	1	7
371	507	1	7
399	507	1	7
524	507	1	7
426	508	1	7
23	510	1	7
48	510	1	7
248	510	1	7
380	510	1	7
473	510	1	7
437	521	2	7
523	521	1	7
534	521	1	7
564	521	1	7
576	526	1	7
23	535	1	7
248	535	1	7
366	535	1	7
159	545	1	7
315	545	1	7
374	545	1	7
248	568	1	7
310	568	1	7
521	568	1	7
244	569	1	7
172	575	1	7
293	575	1	7
467	575	1	7
203	582	1	7
248	590	1	7
310	590	1	7
367	590	1	7
426	595	1	7
29	598	1	7
73	598	1	7
84	598	1	7
129	598	1	7
248	598	1	7
311	598	1	7
390	598	1	7
402	598	1	7
513	598	1	7
191	616	1	7
395	616	1	7
426	616	1	7
513	616	1	7
549	616	1	7
100	619	1	7
412	619	1	7
513	619	1	7
561	619	1	7
100	620	1	7
136	620	1	7
580	625	1	7
513	627	1	7
561	627	1	7
3	628	1	7
200	628	1	7
278	628	1	7
549	628	1	7
75	630	1	7
248	630	2	7
295	630	1	7
447	630	1	7
571	630	1	7
496	634	1	7
155	636	1	7
248	636	1	7
559	636	1	7
224	643	1	7
338	643	1	7
100	646	1	7
136	646	1	7
360	646	1	7
82	652	1	7
136	652	1	7
144	652	1	7
467	652	1	7
573	652	1	7
161	655	1	7
561	655	1	7
248	660	1	7
227	661	1	7
39	662	1	7
177	662	1	7
361	662	1	7
496	662	1	7
100	664	1	7
200	664	1	7
344	664	1	7
74	668	1	7
136	668	1	7
244	668	1	7
361	668	2	7
496	673	1	7
100	674	1	7
496	674	1	7
580	674	1	7
100	686	1	7
361	686	1	7
456	686	1	7
496	686	1	7
499	686	1	7
206	691	1	7
265	691	1	7
426	691	1	7
513	691	1	7
29	724	1	7
111	724	1	7
241	724	1	7
399	724	1	7
524	724	1	7
549	724	1	7
129	737	1	7
575	739	1	7
181	746	1	7
373	746	1	7
500	746	1	7
310	749	1	7
426	749	1	7
160	752	1	7
209	752	1	7
246	752	1	7
248	752	1	7
295	752	1	7
434	752	1	7
505	752	1	7
249	764	1	7
115	765	1	7
208	765	1	7
244	765	1	7
379	765	1	7
562	765	1	7
110	766	1	7
248	766	1	7
491	766	1	7
524	766	1	7
80	780	1	7
248	786	1	7
368	786	1	7
521	786	1	7
557	787	1	7
248	790	1	7
303	790	1	7
310	790	1	7
461	790	1	7
2	793	1	7
144	793	1	7
182	793	1	7
202	793	1	7
203	793	1	7
310	793	2	7
396	793	1	7
454	793	1	7
12	804	1	7
78	804	1	7
308	804	1	7
337	804	1	7
553	804	1	7
223	811	1	7
248	811	1	7
510	811	1	7
117	836	1	7
457	836	1	7
478	836	1	7
585	836	2	7
193	867	1	7
39	871	1	7
79	871	1	7
580	876	1	7
23	889	1	7
248	889	1	7
248	898	1	7
260	898	1	7
390	898	1	7
11	916	1	7
27	916	2	7
248	916	1	7
260	916	1	7
321	916	1	7
331	916	1	7
367	916	1	7
390	916	1	7
122	931	1	7
203	931	1	7
155	936	1	7
513	936	1	7
528	936	1	7
122	938	1	7
203	938	1	7
248	939	1	7
345	939	1	7
361	939	1	7
450	939	1	7
544	939	2	7
48	941	1	7
235	941	1	7
21	945	1	7
248	945	1	7
367	945	1	7
248	948	1	7
316	948	1	7
350	948	1	7
248	961	2	7
138	985	1	7
176	985	1	7
203	985	1	7
214	985	1	7
223	985	1	7
457	985	1	7
468	985	1	7
491	985	1	7
513	985	1	7
150	1004	1	7
166	1004	1	7
222	1004	1	7
421	1004	1	7
478	1004	1	7
536	1004	1	7
549	1004	2	7
38	1095	1	7
111	1095	1	7
140	1095	1	7
248	1095	1	7
338	1095	1	7
502	1095	1	7
524	1095	1	7
23	1116	1	7
248	1116	1	7
253	1116	1	7
309	1116	1	7
366	1116	1	7
212	1121	1	7
513	1121	1	7
544	1121	1	7
116	1128	1	7
151	1128	1	7
499	1128	1	7
551	1139	1	7
564	1139	1	7
569	1139	1	7
169	1162	1	7
248	1162	1	7
278	1162	1	7
549	1162	1	7
136	1180	1	7
136	1181	1	7
155	1181	1	7
173	1181	1	7
294	1181	1	7
471	1181	1	7
310	1186	1	7
104	1200	1	7
177	1200	2	7
366	1200	1	7
521	1200	1	7
160	1204	1	7
513	1204	1	7
562	1204	1	7
367	1206	1	7
437	1206	1	7
100	1250	1	7
561	1252	1	7
205	1255	1	7
93	1268	2	7
230	1268	1	7
350	1268	1	7
371	1268	1	7
428	1268	1	7
440	1268	1	7
561	1277	1	7
84	1280	1	7
305	1280	1	7
100	1283	1	7
306	1283	1	7
93	1290	1	7
201	1290	1	7
227	1290	1	7
304	1290	1	7
457	1290	1	7
468	1290	1	7
241	1315	1	7
554	1315	1	7
96	1346	1	7
335	1346	1	7
478	1346	1	7
77	1349	1	7
83	1349	1	7
215	1349	1	7
305	1349	1	7
498	1349	1	7
499	1349	2	7
315	1383	1	7
419	1383	1	7
513	1383	1	7
203	1440	1	7
373	1440	1	7
513	1440	1	7
181	1445	1	7
200	1445	1	7
524	1445	1	7
580	1445	1	7
56	1454	1	7
139	1454	1	7
549	1454	1	7
23	1456	1	7
248	1456	1	7
325	1456	1	7
367	1456	1	7
378	1456	1	7
411	1456	1	7
455	1456	1	7
96	1506	1	7
550	1506	1	7
8	1514	1	7
104	1514	1	7
300	1514	1	7
513	1514	1	7
74	1519	1	7
306	1519	1	7
388	1519	1	7
525	1519	1	7
85	1521	1	7
425	1521	1	7
26	1523	1	7
248	1523	1	7
256	1523	1	7
348	1523	1	7
389	1523	1	7
402	1523	1	7
489	1523	1	7
344	1527	1	7
72	1529	1	7
206	1529	1	7
289	1529	1	7
344	1529	1	7
542	1529	1	7
26	1530	1	7
248	1530	1	7
340	1530	1	7
348	1530	1	7
385	1530	1	7
489	1530	1	7
518	1530	1	7
550	1530	1	7
564	1530	2	7
5	1531	1	7
96	1531	1	7
261	1531	1	7
293	1531	1	7
513	1531	1	7
48	1532	2	7
222	1532	1	7
223	1532	1	7
442	1532	1	7
521	1532	1	7
249	1543	1	7
459	1552	1	7
9	1557	1	7
75	1557	1	7
248	1557	2	7
444	1557	1	7
448	1557	1	7
571	1557	1	7
306	1572	1	7
150	1583	1	7
561	1583	1	7
244	1586	1	7
261	1586	1	7
417	1586	1	7
334	1587	1	7
423	1587	1	7
429	1587	1	7
513	1587	1	7
506	1591	1	7
537	1591	1	7
513	1596	1	7
28	1600	1	7
537	1600	1	7
549	1600	1	7
84	1603	1	7
248	1603	1	7
323	1603	1	7
339	1603	1	7
537	1603	1	7
231	1604	1	7
406	1604	1	7
537	1604	1	7
370	1608	1	7
404	1610	1	7
495	1633	1	7
561	1664	1	7
80	1667	1	7
244	1667	1	7
23	1668	1	7
26	1668	1	7
247	1668	1	7
248	1668	1	7
266	1668	1	7
513	1668	1	7
585	1668	1	7
360	1677	1	7
178	1679	1	7
279	1679	1	7
521	1679	1	7
248	1713	1	7
28	1717	1	7
467	1717	1	7
9	1721	1	7
75	1721	1	7
209	1721	1	7
248	1721	2	7
505	1721	1	7
571	1721	1	7
90	1722	1	7
248	1722	1	7
294	1722	1	7
310	1722	1	7
416	1722	1	7
104	1727	1	7
344	1727	1	7
423	1727	1	7
551	1727	1	7
560	1727	1	7
248	1729	1	7
497	1729	1	7
513	1729	1	7
163	1734	1	7
241	1734	1	7
248	1734	1	7
410	1734	1	7
529	1734	1	7
431	1764	1	7
577	1764	1	7
189	1768	1	7
308	1768	1	7
513	1768	1	7
248	1790	1	7
416	1790	1	7
513	1790	1	7
521	1790	1	7
536	1790	1	7
25	1831	1	7
75	1831	1	7
209	1831	1	7
248	1831	2	7
295	1831	1	7
464	1831	1	7
505	1831	1	7
571	1831	1	7
189	1843	1	7
206	1843	1	7
350	1843	1	7
432	1843	1	7
499	1843	1	7
526	1855	1	7
537	1855	1	7
23	1857	1	7
248	1857	1	7
366	1857	1	7
23	1859	2	7
248	1859	1	7
366	1859	1	7
552	1859	1	7
23	1865	1	7
114	1865	1	7
392	1865	1	7
513	1865	1	7
544	1865	1	7
9	1897	1	7
75	1897	1	7
248	1897	2	7
505	1897	1	7
513	1897	1	7
571	1897	1	7
74	1907	1	7
398	1907	1	7
23	1909	2	7
248	1909	1	7
366	1909	1	7
369	1909	1	7
378	1909	1	7
390	1909	1	7
490	1916	1	7
261	1956	1	7
274	1956	1	7
306	1956	1	7
545	1956	1	7
379	1964	1	7
394	1964	1	7
544	1964	1	7
367	1978	1	7
95	1996	1	7
248	1996	1	7
366	1996	1	7
248	1999	2	7
364	1999	1	7
421	1999	1	7
248	2008	1	7
367	2008	1	7
23	2012	1	7
248	2012	1	7
277	2012	1	7
9	2029	1	7
75	2029	1	7
102	2029	1	7
248	2029	2	7
386	2029	1	7
444	2029	1	7
464	2029	1	7
505	2029	1	7
571	2029	1	7
23	2046	1	7
248	2046	1	7
549	2046	1	7
248	2051	1	7
403	2056	1	7
116	2060	1	7
248	2060	1	7
310	2060	1	7
248	2066	1	7
272	2066	1	7
379	2066	1	7
513	2071	1	7
521	2080	1	7
248	2088	1	7
411	2088	1	7
212	2090	1	7
305	2090	2	7
384	2090	1	7
403	2090	1	7
245	2108	1	7
248	2108	1	7
309	2108	1	7
524	2108	1	7
120	2113	1	7
122	2113	2	7
182	2113	1	7
254	2113	1	7
243	2115	1	7
265	2117	1	7
387	2117	1	7
466	2117	1	7
14	2131	1	7
485	2131	1	7
406	2152	1	7
531	2153	1	7
9	2161	1	7
75	2161	1	7
146	2161	1	7
209	2161	1	7
248	2161	2	7
505	2161	2	7
513	2161	1	7
571	2161	1	7
228	2164	1	7
23	2215	2	7
26	2215	1	7
53	2215	1	7
248	2215	1	7
348	2215	1	7
366	2215	1	7
489	2215	1	7
56	2233	1	7
304	2233	1	7
366	2233	1	7
407	2233	1	7
416	2233	1	7
489	2233	1	7
549	2233	2	7
240	2252	1	7
95	2260	1	7
248	2260	1	7
366	2260	1	7
90	2264	1	7
224	2264	1	7
460	2264	1	7
248	2267	1	7
325	2267	1	7
379	2267	1	7
552	2267	1	7
246	2269	1	7
370	2269	1	7
484	2269	1	7
549	2269	1	7
23	2278	1	7
303	2278	1	7
75	2284	1	7
248	2284	2	7
295	2284	1	7
444	2284	1	7
447	2284	1	7
448	2284	1	7
505	2284	1	7
571	2284	1	7
23	2294	1	7
34	2294	1	7
248	2294	1	7
366	2294	1	7
463	2322	1	7
510	2323	1	7
146	2361	1	7
248	2361	1	7
425	2361	1	7
513	2361	1	7
130	2362	1	7
248	2362	1	7
431	2362	1	7
580	2362	1	7
75	2371	1	7
248	2371	2	7
446	2371	1	7
464	2371	1	7
505	2371	1	7
513	2371	1	7
571	2371	1	7
31	2372	2	7
148	2372	2	7
77	2402	1	7
169	2402	2	7
203	2402	1	7
308	2402	1	7
404	2402	1	7
513	2402	1	7
541	2402	1	7
513	2405	1	7
561	2405	1	7
166	2411	1	7
248	2411	1	7
263	2411	1	7
311	2411	2	7
513	2411	1	7
561	2411	1	7
581	2411	1	7
160	2417	1	7
200	2417	1	7
253	2417	1	7
361	2417	1	7
130	2428	1	7
337	2428	2	7
513	2428	1	7
552	2428	1	7
561	2428	1	7
333	2429	1	7
544	2429	1	7
75	2435	1	7
102	2435	1	7
248	2435	2	7
386	2435	1	7
446	2435	1	7
464	2435	1	7
513	2435	1	7
571	2435	1	7
215	2439	1	7
258	2439	1	7
440	2439	1	7
248	2459	1	7
413	2459	1	7
248	2471	1	7
166	2474	1	7
202	2474	1	7
30	2475	1	7
69	2475	1	7
544	2475	1	7
148	2490	1	7
304	2490	1	7
495	2490	1	7
391	2493	1	7
549	2493	1	7
23	2510	1	7
99	2510	1	7
186	2510	1	7
248	2510	1	7
366	2510	1	7
353	2511	1	7
241	2513	1	7
248	2513	1	7
340	2513	1	7
219	2514	1	7
544	2514	1	7
11	2516	1	7
564	2516	1	7
23	2520	2	7
248	2520	1	7
366	2520	1	7
120	2534	1	7
122	2534	1	7
216	2534	1	7
244	2534	1	7
383	2534	1	7
513	2534	1	7
185	2541	1	7
248	2541	2	7
295	2541	1	7
89	2546	1	7
429	2546	1	7
535	2546	1	7
173	2552	2	7
248	2552	1	7
411	2552	1	7
418	2557	1	7
440	2557	1	7
201	2558	1	7
482	2558	1	7
521	2558	1	7
527	2558	1	7
549	2558	1	7
30	2580	1	7
85	2580	1	7
183	2580	1	7
248	2580	1	7
425	2586	1	7
74	2595	1	7
99	2595	1	7
338	2595	1	7
487	2595	1	7
194	2596	1	7
241	2596	1	7
432	2596	1	7
204	2611	1	7
206	2611	1	7
248	2611	1	7
341	2611	1	7
360	2611	1	7
421	2611	1	7
432	2611	1	7
121	2620	1	7
358	2620	1	7
374	2620	1	7
478	2620	1	7
499	2620	1	7
220	2623	2	7
272	2623	1	7
359	2623	1	7
385	2623	1	7
412	2623	1	7
353	2627	1	7
75	2629	1	7
102	2629	1	7
248	2629	2	7
505	2629	1	7
513	2629	1	7
571	2629	1	7
33	2637	1	7
182	2637	1	7
202	2637	1	7
288	2637	1	7
391	2637	1	7
549	2637	1	7
398	2643	1	7
466	2643	1	7
49	2656	1	7
71	2656	1	7
241	40	1	8
513	40	1	8
248	58	1	8
236	130	1	8
248	160	1	8
366	160	1	8
411	160	1	8
64	205	1	8
117	205	1	8
541	205	1	8
20	237	1	8
338	237	1	8
521	237	1	8
570	237	1	8
450	243	1	8
513	243	1	8
521	243	1	8
558	243	1	8
236	298	1	8
333	298	1	8
549	298	1	8
80	347	1	8
450	347	1	8
521	347	1	8
523	347	1	8
31	374	1	8
32	374	1	8
71	374	1	8
124	374	1	8
256	374	1	8
306	374	1	8
385	374	1	8
196	381	1	8
287	381	1	8
312	381	1	8
513	381	1	8
515	381	1	8
220	396	1	8
235	446	1	8
321	446	1	8
12	499	1	8
199	499	1	8
512	499	1	8
539	499	1	8
172	504	1	8
427	504	1	8
512	504	1	8
74	520	2	8
338	520	1	8
512	520	1	8
414	529	1	8
512	529	1	8
512	530	1	8
78	538	1	8
217	538	1	8
512	538	1	8
512	542	1	8
539	542	1	8
586	542	1	8
455	571	1	8
198	576	2	8
392	576	1	8
512	576	1	8
198	581	1	8
305	581	1	8
512	581	1	8
56	593	1	8
396	593	1	8
512	593	1	8
3	596	1	8
170	596	1	8
506	596	1	8
512	596	1	8
513	596	1	8
73	601	1	8
198	601	1	8
512	601	1	8
512	607	1	8
64	621	1	8
198	621	1	8
380	621	1	8
198	631	1	8
202	631	1	8
427	631	1	8
429	631	1	8
512	631	1	8
513	631	1	8
527	631	1	8
78	637	1	8
409	637	1	8
512	637	1	8
549	637	1	8
556	637	1	8
558	637	1	8
114	644	1	8
216	644	1	8
512	644	1	8
248	645	1	8
461	645	1	8
475	645	1	8
512	649	1	8
461	654	1	8
337	658	1	8
427	658	1	8
512	658	1	8
12	669	1	8
198	669	1	8
210	669	1	8
512	669	1	8
553	669	1	8
561	669	1	8
248	670	1	8
450	670	1	8
127	694	1	8
210	694	1	8
512	694	1	8
92	718	1	8
214	718	1	8
271	718	1	8
281	718	1	8
409	728	1	8
512	728	1	8
539	728	2	8
558	728	1	8
281	734	1	8
542	734	1	8
204	743	1	8
310	743	1	8
385	743	1	8
450	743	1	8
512	743	1	8
513	743	1	8
557	743	1	8
215	753	1	8
409	753	1	8
512	753	1	8
524	753	1	8
92	755	1	8
198	755	1	8
271	755	1	8
281	755	1	8
92	759	1	8
198	759	1	8
271	759	1	8
281	759	1	8
512	759	1	8
248	883	1	8
357	883	1	8
411	883	1	8
449	883	1	8
108	946	1	8
178	1029	1	8
556	1029	1	8
367	1063	1	8
565	1063	1	8
306	1098	1	8
581	1098	1	8
454	1099	1	8
576	1099	1	8
248	1123	1	8
366	1123	1	8
41	1150	1	8
340	1150	1	8
132	1153	1	8
294	1153	1	8
513	1153	1	8
559	1153	1	8
417	1157	1	8
529	1157	2	8
550	1157	1	8
248	1159	1	8
497	1159	1	8
221	1161	1	8
248	1161	1	8
497	1161	1	8
259	1178	1	8
294	1178	1	8
344	1178	1	8
400	1178	1	8
513	1178	2	8
577	1275	1	8
344	1363	1	8
554	1376	1	8
248	1420	1	8
366	1420	1	8
437	1420	1	8
181	1430	1	8
440	1430	1	8
477	1430	1	8
248	1501	1	8
475	1501	1	8
551	1501	1	8
248	1503	1	8
475	1503	1	8
551	1503	1	8
104	1511	1	8
214	1511	1	8
521	1511	1	8
88	1513	1	8
248	1513	1	8
475	1513	1	8
557	1513	1	8
248	1515	1	8
389	1515	1	8
402	1515	1	8
248	1518	1	8
319	1518	1	8
88	1520	1	8
248	1520	1	8
390	1520	1	8
475	1520	1	8
557	1520	1	8
54	1533	1	8
304	1533	2	8
310	1533	1	8
467	1533	1	8
248	1558	1	8
390	1558	1	8
440	1558	1	8
475	1558	1	8
557	1558	1	8
549	1652	1	8
563	1652	1	8
582	1652	1	8
248	1755	1	8
375	1755	2	8
244	1787	1	8
272	1787	2	8
104	1890	1	8
151	1890	1	8
248	1890	1	8
366	1890	1	8
370	1890	1	8
391	1890	1	8
398	1890	1	8
513	1890	1	8
560	1890	1	8
356	1961	1	8
465	1961	1	8
325	2041	1	8
406	2041	1	8
549	2041	1	8
65	2043	1	8
184	2057	1	8
533	2057	1	8
581	2057	1	8
248	2065	1	8
321	2065	1	8
436	2065	1	8
83	2067	1	8
159	2067	1	8
184	2067	1	8
581	2067	1	8
14	2114	1	8
404	2114	1	8
485	2114	1	8
71	2217	1	8
96	2217	1	8
293	2217	1	8
341	2217	1	8
428	2217	1	8
248	2222	1	8
513	2222	1	8
76	2225	1	8
248	2225	1	8
527	2225	1	8
85	2261	1	8
248	2261	1	8
366	2261	1	8
95	2265	1	8
207	2265	1	8
393	2265	1	8
531	2265	1	8
436	2273	1	8
466	2273	1	8
25	2339	1	8
74	2339	1	8
126	2373	2	8
294	2373	1	8
513	2373	1	8
221	2528	1	8
248	2528	1	8
308	2528	1	8
373	2528	1	8
385	2528	1	8
425	2528	1	8
561	2528	1	8
248	2537	1	8
350	2537	1	8
484	2537	1	8
310	2568	1	8
248	2574	1	8
425	2574	1	8
504	2574	1	8
561	2574	1	8
