53	13	1	0
104	13	1	0
233	13	1	0
126	15	1	0
227	15	1	0
234	15	1	0
236	49	1	0
90	51	1	0
70	182	1	0
104	182	1	0
24	183	1	0
51	240	1	0
79	240	1	0
87	240	1	0
155	240	1	0
60	255	2	0
74	255	1	0
121	255	2	0
60	299	1	0
74	299	1	0
104	299	1	0
133	299	1	0
158	299	1	0
60	300	1	0
74	300	1	0
104	300	1	0
60	301	1	0
74	301	1	0
60	304	1	0
74	304	1	0
104	304	1	0
60	306	1	0
74	306	1	0
104	306	1	0
131	321	1	0
210	353	1	0
104	378	1	0
92	454	1	0
96	454	1	0
92	458	1	0
96	458	1	0
12	707	1	0
21	707	1	0
40	707	1	0
66	707	1	0
121	707	1	0
171	707	1	0
242	707	1	0
19	722	1	0
73	722	1	0
94	722	2	0
171	722	1	0
182	722	1	0
38	772	1	0
68	772	1	0
210	772	1	0
109	790	1	0
229	790	1	0
237	790	1	0
57	791	1	0
104	796	1	0
255	796	2	0
90	804	1	0
14	835	1	0
131	835	1	0
104	878	1	0
148	878	1	0
236	878	1	0
36	900	1	0
182	900	1	0
49	919	1	0
82	919	1	0
104	919	1	0
25	921	1	0
104	921	1	0
156	921	1	0
18	926	1	0
145	926	1	0
161	926	1	0
195	926	1	0
18	929	1	0
16	990	1	0
34	990	1	0
95	990	1	0
75	993	1	0
100	993	1	0
148	993	1	0
251	993	4	0
54	994	1	0
133	994	1	0
25	1001	1	0
77	1001	1	0
104	1001	1	0
156	1001	1	0
104	1033	1	0
186	1033	2	0
210	1033	1	0
236	1033	1	0
25	1095	1	0
104	1095	1	0
156	1095	1	0
86	1169	1	0
195	1206	1	0
240	1301	1	0
24	1309	1	0
65	1309	1	0
199	1309	1	0
226	1309	1	0
25	1360	1	0
104	1360	1	0
156	1360	1	0
12	1381	1	0
82	1381	1	0
98	1381	1	0
37	1393	1	0
76	1393	1	0
104	1393	1	0
182	1393	1	0
102	217	1	4
35	249	1	4
153	249	1	4
9	317	1	4
58	317	1	4
98	317	1	4
175	361	1	4
119	858	1	4
120	858	1	4
132	858	1	4
199	858	1	4
235	858	1	4
89	884	1	4
42	889	1	4
43	1070	1	4
55	1072	1	4
160	1072	1	4
199	1072	1	4
18	1257	1	4
6	1	1	5
186	1	1	5
210	1	1	5
190	7	1	5
229	38	1	5
131	57	1	5
184	57	1	5
101	60	1	5
131	60	1	5
26	61	1	5
93	61	1	5
131	61	1	5
133	66	1	5
73	73	1	5
229	73	1	5
208	74	1	5
243	74	1	5
16	75	1	5
85	75	1	5
125	75	1	5
152	75	1	5
229	75	1	5
239	75	2	5
151	79	1	5
172	79	1	5
231	79	1	5
4	88	1	5
100	88	1	5
210	95	1	5
5	97	1	5
69	101	1	5
86	101	1	5
177	101	1	5
105	104	1	5
95	115	1	5
151	115	1	5
57	117	1	5
82	117	1	5
92	117	1	5
178	117	1	5
126	118	1	5
133	118	1	5
151	120	1	5
231	120	1	5
137	122	1	5
63	155	1	5
87	155	1	5
137	155	1	5
33	156	1	5
96	156	1	5
131	156	1	5
103	159	1	5
133	159	1	5
119	161	1	5
76	162	1	5
102	162	1	5
183	162	1	5
198	162	1	5
216	162	1	5
221	162	1	5
43	163	1	5
210	163	1	5
236	163	1	5
9	166	1	5
105	166	1	5
166	166	1	5
172	166	1	5
63	170	1	5
85	170	1	5
210	170	1	5
137	171	1	5
63	174	1	5
85	174	1	5
210	174	1	5
168	178	1	5
210	178	1	5
30	181	1	5
137	181	1	5
93	185	1	5
151	185	1	5
168	185	1	5
217	185	1	5
81	187	1	5
105	187	1	5
217	187	1	5
239	187	1	5
70	190	1	5
143	190	1	5
127	193	1	5
210	193	1	5
221	193	1	5
144	202	1	5
86	210	1	5
210	210	1	5
137	211	1	5
184	211	1	5
239	211	1	5
52	213	1	5
58	213	1	5
104	213	1	5
131	213	1	5
200	221	1	5
9	224	1	5
113	224	1	5
138	225	1	5
34	226	1	5
237	226	1	5
84	235	1	5
104	235	1	5
229	235	1	5
34	236	1	5
210	236	1	5
175	237	1	5
253	242	1	5
32	250	1	5
79	251	1	5
82	251	1	5
160	257	1	5
168	257	1	5
205	257	1	5
210	258	1	5
8	260	1	5
133	263	1	5
189	263	1	5
166	265	1	5
230	265	1	5
85	274	1	5
184	274	1	5
39	282	1	5
86	282	1	5
180	282	1	5
163	287	1	5
141	290	1	5
227	290	1	5
94	295	1	5
162	295	1	5
31	309	1	5
129	309	1	5
141	309	1	5
227	309	1	5
230	309	1	5
87	312	1	5
101	331	1	5
198	337	1	5
20	338	1	5
172	338	1	5
97	352	2	5
101	352	1	5
133	352	1	5
200	352	1	5
211	352	1	5
62	356	1	5
110	356	1	5
117	356	1	5
62	363	1	5
117	363	1	5
133	363	1	5
104	377	1	5
3	379	1	5
20	379	1	5
133	384	1	5
100	386	1	5
144	386	1	5
215	386	1	5
131	387	1	5
85	389	1	5
210	389	1	5
237	402	1	5
104	407	1	5
191	412	1	5
82	428	1	5
92	428	1	5
104	428	1	5
99	437	1	5
105	437	1	5
140	437	1	5
33	440	1	5
48	440	1	5
166	440	1	5
230	440	1	5
232	440	1	5
235	440	1	5
104	446	1	5
229	446	1	5
48	460	1	5
97	460	1	5
232	460	1	5
162	464	1	5
124	471	1	5
20	480	1	5
88	480	1	5
124	480	1	5
133	480	1	5
143	480	1	5
119	484	1	5
152	484	1	5
9	486	1	5
133	486	1	5
160	498	1	5
137	510	1	5
244	510	1	5
5	516	1	5
69	516	1	5
104	516	1	5
133	527	1	5
160	527	2	5
92	531	1	5
107	531	1	5
115	531	1	5
7	535	1	5
224	535	1	5
234	535	1	5
49	536	1	5
173	536	2	5
85	538	1	5
241	538	1	5
252	538	1	5
71	539	1	5
186	539	1	5
86	544	1	5
104	544	1	5
219	544	1	5
75	552	1	5
166	552	1	5
30	556	1	5
155	557	1	5
104	561	1	5
174	561	1	5
100	562	2	5
162	562	1	5
167	562	1	5
238	563	1	5
2	565	1	5
142	565	1	5
126	566	1	5
142	566	1	5
97	567	1	5
115	567	1	5
104	580	1	5
183	580	1	5
191	580	1	5
210	580	1	5
3	582	1	5
35	582	1	5
43	582	1	5
115	582	2	5
211	582	1	5
67	587	1	5
210	587	1	5
31	617	1	5
54	617	1	5
210	619	1	5
252	619	1	5
82	625	1	5
79	631	1	5
97	631	1	5
175	631	1	5
222	631	1	5
182	642	1	5
223	642	1	5
104	643	1	5
98	644	1	5
155	644	1	5
10	651	1	5
104	651	1	5
105	651	1	5
10	654	1	5
131	654	1	5
198	656	1	5
216	656	1	5
67	659	1	5
184	659	1	5
210	662	1	5
24	663	1	5
186	663	1	5
24	665	1	5
217	665	1	5
229	665	1	5
235	665	1	5
252	665	1	5
93	670	1	5
101	670	1	5
208	670	1	5
216	670	1	5
62	682	1	5
117	682	1	5
23	684	1	5
164	684	1	5
245	684	1	5
62	688	1	5
117	688	1	5
45	690	1	5
111	690	2	5
182	690	1	5
235	690	1	5
62	693	1	5
117	693	1	5
133	693	1	5
39	705	1	5
21	724	1	5
30	724	1	5
32	724	1	5
96	724	1	5
142	724	1	5
90	739	1	5
176	744	1	5
182	744	1	5
251	744	1	5
126	767	1	5
9	777	1	5
56	777	1	5
214	777	1	5
229	777	2	5
235	777	1	5
162	779	1	5
99	780	1	5
133	780	1	5
44	786	2	5
52	786	1	5
73	786	1	5
205	786	1	5
104	788	1	5
189	788	1	5
210	789	1	5
97	794	1	5
104	794	1	5
114	794	1	5
82	795	1	5
83	795	1	5
126	795	1	5
131	795	1	5
163	795	1	5
160	797	1	5
178	797	1	5
7	798	1	5
153	798	1	5
104	799	1	5
167	801	1	5
229	802	1	5
50	808	1	5
216	808	1	5
114	811	1	5
131	811	1	5
158	811	1	5
198	811	1	5
93	813	1	5
98	813	1	5
168	813	1	5
104	814	1	5
41	817	1	5
160	817	1	5
210	817	1	5
234	817	1	5
12	820	1	5
131	820	1	5
183	820	1	5
216	820	1	5
126	836	1	5
210	838	1	5
16	839	1	5
100	839	1	5
148	839	1	5
22	862	1	5
37	862	1	5
118	865	1	5
202	865	1	5
31	866	1	5
17	879	1	5
96	879	1	5
183	890	1	5
210	890	1	5
41	903	1	5
104	903	1	5
83	965	1	5
244	965	1	5
23	966	1	5
66	966	1	5
67	966	1	5
145	966	1	5
157	966	1	5
208	966	2	5
169	971	1	5
95	972	1	5
180	972	1	5
208	972	1	5
104	1012	1	5
126	1012	2	5
145	1012	1	5
104	1013	1	5
217	1013	1	5
104	1015	1	5
217	1015	1	5
125	1041	1	5
168	1041	1	5
125	1044	1	5
244	1044	1	5
93	1065	1	5
114	1065	1	5
17	1073	1	5
188	1081	1	5
96	1086	1	5
92	1137	1	5
139	1137	1	5
210	1137	1	5
217	1146	1	5
185	1149	1	5
127	1150	1	5
100	1165	1	5
133	1165	1	5
104	1170	1	5
228	1170	1	5
3	1171	1	5
229	1171	1	5
87	1182	1	5
88	1183	1	5
131	1183	1	5
8	1197	1	5
104	1225	1	5
170	1225	1	5
104	1229	1	5
104	1231	1	5
153	1241	1	5
8	1244	1	5
104	1244	1	5
189	1244	1	5
235	1250	1	5
47	1264	1	5
103	1264	1	5
159	1264	1	5
189	1264	1	5
104	1267	1	5
133	1267	1	5
186	1272	1	5
237	1272	1	5
3	1273	1	5
29	1273	1	5
84	1273	1	5
144	1273	1	5
173	1273	1	5
189	1273	1	5
104	1281	1	5
227	1335	1	5
240	1335	1	5
72	1341	1	5
133	1341	1	5
38	1350	1	5
143	1350	1	5
87	1353	1	5
106	1366	1	5
86	1369	1	5
131	1369	1	5
111	1371	1	5
123	1371	1	5
148	1371	1	5
198	1371	1	5
82	1377	1	5
111	1377	1	5
3	1378	1	5
45	1378	1	5
104	1378	1	5
210	9	1	6
252	9	1	6
104	22	1	6
133	22	1	6
219	22	1	6
187	28	1	6
229	28	1	6
141	77	1	6
20	83	1	6
49	83	1	6
85	83	1	6
88	83	1	6
210	83	1	6
229	83	1	6
238	83	1	6
237	93	2	6
73	94	1	6
120	94	1	6
190	94	1	6
233	94	1	6
56	96	1	6
171	96	1	6
47	112	1	6
109	112	1	6
149	112	1	6
211	112	1	6
32	119	1	6
171	119	1	6
13	121	1	6
84	127	1	6
86	127	1	6
228	127	1	6
132	134	1	6
151	134	1	6
181	137	1	6
124	139	1	6
80	141	1	6
97	141	1	6
182	141	1	6
185	141	1	6
20	157	1	6
131	165	1	6
236	165	2	6
94	172	1	6
49	175	1	6
56	175	1	6
119	175	1	6
153	175	1	6
191	175	1	6
137	180	1	6
142	180	1	6
151	180	1	6
181	180	1	6
210	180	1	6
131	186	1	6
168	186	1	6
181	186	1	6
252	186	1	6
111	203	1	6
113	203	1	6
191	203	1	6
210	203	1	6
191	216	1	6
230	216	1	6
68	241	1	6
92	241	1	6
189	241	1	6
94	280	1	6
98	280	1	6
213	280	1	6
252	291	1	6
113	297	1	6
131	303	1	6
77	308	1	6
132	308	1	6
64	310	1	6
85	310	1	6
119	310	1	6
208	310	1	6
210	310	1	6
70	318	1	6
111	318	1	6
165	318	1	6
182	318	1	6
211	318	1	6
230	318	1	6
131	322	1	6
171	322	1	6
20	334	1	6
122	334	1	6
127	334	1	6
133	334	2	6
219	334	1	6
20	346	1	6
122	346	1	6
127	346	1	6
133	346	2	6
219	346	1	6
235	369	1	6
100	372	1	6
104	372	1	6
219	372	1	6
73	376	1	6
171	376	1	6
119	399	1	6
132	399	1	6
73	401	1	6
132	401	1	6
133	415	1	6
44	417	1	6
119	417	1	6
132	417	1	6
181	417	1	6
191	417	1	6
181	421	1	6
133	425	1	6
171	425	1	6
44	431	1	6
5	438	1	6
168	438	1	6
210	438	1	6
119	451	1	6
168	451	1	6
181	453	1	6
118	461	1	6
181	461	1	6
100	473	1	6
181	473	1	6
119	475	1	6
205	475	1	6
85	489	1	6
133	489	1	6
210	489	1	6
211	489	1	6
208	496	1	6
210	496	1	6
245	499	2	6
176	508	1	6
183	508	1	6
111	523	1	6
245	523	1	6
185	524	1	6
85	532	1	6
210	532	1	6
230	532	1	6
152	537	1	6
164	537	1	6
198	537	1	6
15	547	1	6
93	547	1	6
163	547	1	6
15	584	1	6
85	599	1	6
99	599	1	6
142	599	1	6
161	611	1	6
240	611	1	6
15	614	1	6
159	614	1	6
15	645	1	6
15	652	1	6
94	652	1	6
163	652	1	6
51	657	1	6
25	671	1	6
104	671	1	6
156	671	1	6
218	671	1	6
55	679	1	6
143	679	1	6
171	679	1	6
83	685	1	6
153	685	1	6
171	685	1	6
203	685	1	6
204	685	1	6
229	685	1	6
242	685	1	6
153	687	1	6
171	687	1	6
203	687	1	6
204	687	1	6
229	687	1	6
242	687	1	6
19	691	1	6
133	691	1	6
171	691	1	6
6	697	1	6
171	697	1	6
170	708	1	6
193	708	1	6
12	732	1	6
19	732	1	6
121	732	1	6
171	732	1	6
131	741	1	6
153	748	1	6
199	748	1	6
245	752	1	6
21	755	1	6
32	755	1	6
230	755	1	6
121	768	1	6
175	768	1	6
190	768	1	6
210	768	1	6
214	768	1	6
43	771	1	6
118	771	1	6
183	771	1	6
229	771	2	6
210	773	1	6
163	784	1	6
104	793	1	6
195	805	1	6
202	805	1	6
76	822	1	6
228	822	1	6
26	842	1	6
77	860	1	6
96	860	1	6
145	860	1	6
239	860	1	6
251	860	1	6
186	864	1	6
210	864	1	6
181	883	1	6
210	883	1	6
255	883	1	6
41	885	1	6
100	885	1	6
104	885	1	6
69	888	1	6
181	888	1	6
24	909	1	6
25	909	1	6
104	909	1	6
156	909	1	6
55	913	1	6
131	913	1	6
181	913	2	6
190	913	1	6
100	927	1	6
104	927	1	6
148	927	1	6
100	937	1	6
252	937	1	6
181	939	1	6
215	939	1	6
3	960	1	6
104	975	1	6
194	975	1	6
210	975	1	6
229	975	1	6
3	976	1	6
38	985	1	6
73	985	1	6
61	991	1	6
54	992	3	6
104	992	1	6
210	992	1	6
229	992	1	6
237	995	1	6
114	1007	1	6
152	1007	1	6
208	1007	1	6
18	1018	1	6
68	1027	1	6
196	1027	1	6
46	1038	1	6
123	1040	1	6
127	1040	1	6
93	1047	1	6
104	1047	1	6
157	1047	1	6
37	1049	1	6
54	1049	1	6
96	1049	1	6
104	1049	1	6
150	1049	1	6
147	1050	1	6
210	1050	1	6
228	1050	1	6
147	1051	1	6
210	1051	1	6
228	1051	1	6
48	1068	1	6
254	1068	1	6
205	1076	1	6
51	1077	1	6
79	1077	1	6
205	1077	1	6
51	1078	1	6
79	1078	1	6
127	1078	1	6
205	1078	1	6
51	1079	1	6
79	1079	1	6
127	1079	1	6
205	1079	1	6
41	1083	1	6
79	1085	1	6
33	1087	1	6
135	1087	1	6
143	1087	1	6
249	1087	1	6
98	1113	1	6
104	1113	1	6
147	1113	1	6
210	1113	1	6
237	1121	1	6
23	1138	1	6
104	1138	1	6
217	1138	1	6
24	1161	1	6
111	1161	1	6
64	1172	1	6
6	1187	1	6
44	1187	1	6
82	1187	1	6
96	1187	1	6
133	1187	1	6
143	1187	1	6
164	1187	1	6
52	1188	1	6
210	1188	1	6
236	1188	1	6
237	1188	1	6
72	1247	1	6
104	1247	1	6
123	1247	1	6
181	1253	1	6
104	1256	1	6
197	1256	1	6
238	1256	1	6
4	1258	1	6
173	1258	1	6
181	1258	2	6
22	1259	1	6
104	1259	1	6
9	1261	1	6
73	1261	1	6
37	1265	1	6
131	1266	1	6
131	1268	1	6
181	1277	1	6
215	1277	1	6
73	1283	1	6
187	1283	1	6
37	1306	1	6
210	1306	1	6
227	1306	2	6
229	1306	1	6
182	1321	1	6
200	1321	1	6
100	1324	1	6
190	1324	1	6
192	1324	1	6
230	1324	1	6
86	1347	1	6
133	1365	1	6
181	1400	1	6
254	3	1	7
88	4	1	7
179	5	1	7
153	6	1	7
84	18	1	7
92	18	1	7
221	19	1	7
46	20	1	7
126	25	1	7
127	25	1	7
2	26	1	7
223	26	1	7
237	26	1	7
59	40	1	7
214	40	1	7
131	41	1	7
153	41	1	7
210	41	1	7
245	41	1	7
90	42	1	7
5	43	1	7
46	43	1	7
247	43	1	7
237	44	1	7
30	46	1	7
104	46	1	7
153	46	1	7
176	46	1	7
163	47	1	7
249	47	1	7
237	50	1	7
243	50	1	7
249	50	1	7
52	53	1	7
19	54	1	7
42	54	2	7
153	56	1	7
190	56	1	7
124	62	1	7
133	63	1	7
97	64	1	7
133	64	1	7
223	65	1	7
229	65	1	7
144	67	1	7
146	67	1	7
178	67	1	7
210	67	1	7
236	67	1	7
146	68	1	7
180	69	1	7
149	71	1	7
180	71	1	7
180	72	1	7
98	81	1	7
186	81	3	7
237	81	1	7
240	81	1	7
229	82	1	7
40	89	1	7
85	89	1	7
119	89	2	7
176	89	1	7
210	89	1	7
153	92	1	7
255	92	1	7
191	99	1	7
16	100	1	7
96	100	1	7
133	100	1	7
227	100	1	7
230	100	1	7
249	100	1	7
130	105	1	7
127	107	1	7
192	107	1	7
211	107	1	7
127	108	1	7
192	108	1	7
31	116	1	7
103	116	1	7
146	116	1	7
241	116	1	7
246	116	1	7
79	123	1	7
110	123	1	7
136	123	1	7
79	124	1	7
136	124	1	7
79	126	1	7
110	126	1	7
136	126	1	7
79	128	1	7
110	128	1	7
136	128	1	7
79	129	1	7
110	129	1	7
136	129	1	7
79	130	1	7
110	130	1	7
136	130	1	7
71	135	1	7
79	135	1	7
110	135	1	7
136	135	1	7
226	135	1	7
255	135	1	7
71	136	1	7
79	136	1	7
110	136	1	7
136	136	1	7
173	136	1	7
226	136	2	7
171	138	1	7
6	143	1	7
71	143	1	7
136	143	1	7
226	143	1	7
34	145	1	7
154	145	1	7
198	145	1	7
113	146	1	7
233	146	1	7
104	150	1	7
210	150	1	7
131	153	1	7
86	164	1	7
33	184	1	7
210	188	1	7
28	191	1	7
143	191	1	7
153	191	1	7
255	191	1	7
120	194	1	7
153	194	1	7
190	194	1	7
199	194	1	7
55	197	1	7
180	197	1	7
21	198	1	7
73	198	2	7
153	198	1	7
55	200	1	7
180	200	1	7
210	200	1	7
146	201	1	7
210	201	1	7
69	205	2	7
160	205	1	7
18	209	1	7
73	209	1	7
77	209	1	7
137	212	1	7
242	212	1	7
133	218	1	7
100	227	1	7
142	227	1	7
26	228	1	7
104	228	1	7
254	228	1	7
163	229	1	7
223	229	1	7
16	230	1	7
31	230	1	7
39	230	1	7
177	230	1	7
127	234	1	7
148	234	1	7
231	234	1	7
57	245	1	7
160	245	1	7
87	246	1	7
160	246	1	7
210	246	1	7
214	252	1	7
73	259	1	7
121	261	1	7
171	261	1	7
104	262	1	7
35	264	1	7
82	264	1	7
189	264	1	7
35	266	1	7
104	266	1	7
102	267	1	7
168	267	1	7
181	267	1	7
224	267	1	7
233	267	1	7
84	270	1	7
97	270	1	7
99	270	1	7
106	270	1	7
17	271	1	7
35	271	1	7
104	271	1	7
81	275	1	7
145	275	1	7
183	275	1	7
4	276	1	7
86	276	1	7
135	276	1	7
249	276	1	7
96	279	1	7
50	281	1	7
30	283	1	7
125	284	1	7
230	284	1	7
104	285	1	7
161	285	1	7
114	292	1	7
194	292	1	7
61	307	1	7
104	307	1	7
181	307	1	7
160	311	1	7
119	313	1	7
169	313	1	7
109	314	1	7
168	314	1	7
200	314	1	7
237	314	1	7
133	320	1	7
153	320	1	7
203	320	1	7
231	326	1	7
248	326	1	7
69	333	1	7
216	333	1	7
17	335	1	7
96	335	1	7
39	342	1	7
67	342	1	7
199	344	1	7
26	345	1	7
93	345	1	7
109	345	1	7
244	345	1	7
198	349	1	7
143	350	1	7
72	351	1	7
93	351	1	7
130	355	1	7
205	355	1	7
229	355	1	7
150	362	2	7
97	373	1	7
104	381	1	7
30	383	1	7
85	385	1	7
87	385	1	7
168	385	1	7
210	385	1	7
237	388	1	7
127	391	1	7
88	394	1	7
172	395	1	7
183	395	1	7
216	395	1	7
210	396	1	7
8	398	1	7
133	398	1	7
171	398	1	7
16	400	1	7
130	404	1	7
33	409	1	7
67	409	1	7
163	409	2	7
4	418	1	7
97	418	1	7
127	418	2	7
160	418	1	7
48	422	1	7
144	422	1	7
213	422	1	7
104	424	1	7
35	426	1	7
68	427	1	7
109	429	1	7
198	432	1	7
210	432	1	7
26	435	1	7
104	435	1	7
91	441	1	7
99	441	1	7
127	441	1	7
131	441	1	7
97	442	1	7
160	442	1	7
222	442	1	7
6	443	1	7
12	443	1	7
229	443	1	7
163	448	1	7
86	450	1	7
131	450	1	7
190	452	1	7
13	455	1	7
138	455	1	7
66	457	1	7
157	457	1	7
104	462	1	7
125	462	1	7
188	462	1	7
113	465	1	7
119	465	1	7
86	466	1	7
128	466	1	7
254	466	1	7
119	469	1	7
159	469	1	7
185	469	1	7
214	469	1	7
88	470	1	7
131	470	1	7
116	472	1	7
118	472	1	7
9	474	1	7
111	474	1	7
193	474	1	7
26	476	1	7
163	476	1	7
131	477	1	7
210	478	1	7
235	478	1	7
119	482	1	7
211	482	1	7
162	483	1	7
116	485	1	7
131	485	1	7
119	491	1	7
133	492	1	7
135	492	1	7
207	492	1	7
4	493	1	7
32	494	1	7
85	494	1	7
100	494	1	7
141	494	1	7
133	495	1	7
207	495	1	7
4	504	1	7
210	504	1	7
94	513	1	7
119	513	1	7
163	513	1	7
213	513	1	7
119	518	1	7
133	518	1	7
140	518	1	7
149	519	1	7
205	520	1	7
79	522	1	7
116	522	1	7
116	526	1	7
79	530	1	7
116	530	1	7
223	530	1	7
226	530	1	7
16	534	2	7
20	534	1	7
149	534	1	7
187	534	1	7
236	534	1	7
245	534	1	7
116	542	1	7
59	546	1	7
68	546	1	7
220	546	1	7
78	550	1	7
78	553	1	7
100	554	2	7
204	554	1	7
58	558	1	7
78	558	1	7
211	558	1	7
227	558	1	7
104	559	1	7
114	559	1	7
131	560	1	7
230	560	1	7
235	560	1	7
58	564	1	7
78	564	1	7
130	564	1	7
48	568	1	7
78	568	1	7
88	568	1	7
100	568	1	7
210	568	1	7
227	568	1	7
230	568	1	7
236	568	1	7
1	571	1	7
211	571	1	7
132	572	1	7
146	572	1	7
78	573	1	7
194	575	1	7
1	576	1	7
86	577	1	7
108	577	1	7
1	581	1	7
109	581	1	7
225	581	1	7
1	585	1	7
86	586	1	7
127	586	1	7
146	586	1	7
241	586	1	7
160	588	1	7
181	588	1	7
237	588	1	7
1	589	1	7
20	591	1	7
59	591	1	7
86	591	1	7
161	592	1	7
20	593	1	7
104	593	1	7
210	593	1	7
238	593	1	7
210	594	1	7
6	596	1	7
210	596	1	7
80	598	1	7
104	598	1	7
188	598	1	7
193	598	1	7
226	598	1	7
24	601	1	7
210	601	1	7
220	601	1	7
45	606	1	7
24	609	1	7
220	609	1	7
8	612	1	7
220	612	1	7
80	613	1	7
93	613	1	7
24	618	1	7
129	618	1	7
220	618	1	7
68	620	1	7
220	620	1	7
134	622	1	7
108	624	1	7
134	624	1	7
211	624	1	7
220	629	1	7
134	630	1	7
195	632	1	7
211	632	1	7
219	632	1	7
220	632	1	7
15	634	1	7
139	635	1	7
104	639	1	7
161	639	1	7
88	641	1	7
232	641	1	7
91	648	1	7
64	660	1	7
68	660	1	7
108	660	1	7
249	660	1	7
41	664	1	7
91	664	1	7
48	666	1	7
104	666	1	7
90	667	1	7
104	667	1	7
144	669	1	7
149	669	2	7
215	669	1	7
229	669	1	7
122	672	1	7
217	672	1	7
171	673	1	7
229	673	1	7
100	674	1	7
171	674	1	7
48	676	1	7
90	677	1	7
67	678	1	7
100	680	1	7
143	680	1	7
183	680	1	7
189	680	1	7
230	680	1	7
183	681	1	7
196	681	1	7
236	681	1	7
239	681	1	7
176	683	1	7
42	692	1	7
242	695	1	7
3	702	1	7
12	702	1	7
42	711	1	7
245	711	1	7
3	713	1	7
31	713	1	7
103	713	1	7
232	713	1	7
179	714	1	7
190	717	1	7
177	719	2	7
30	721	1	7
177	721	1	7
133	725	1	7
75	726	1	7
212	728	1	7
40	731	1	7
121	731	1	7
131	737	1	7
160	737	1	7
3	740	1	7
19	740	1	7
73	740	1	7
129	740	1	7
205	740	1	7
210	740	1	7
254	740	1	7
3	745	1	7
30	745	1	7
227	745	2	7
230	745	1	7
80	746	1	7
115	746	1	7
213	751	1	7
34	754	1	7
93	754	1	7
115	754	1	7
159	756	1	7
179	756	1	7
86	757	1	7
92	757	1	7
154	757	1	7
10	758	1	7
92	758	1	7
115	758	1	7
129	758	1	7
237	758	1	7
4	759	1	7
46	759	1	7
227	759	1	7
246	759	1	7
10	760	1	7
115	760	1	7
129	760	1	7
205	760	1	7
10	762	1	7
115	762	1	7
222	762	1	7
69	765	2	7
133	765	1	7
3	766	1	7
19	766	1	7
23	770	1	7
127	770	1	7
131	770	1	7
30	775	1	7
166	775	1	7
237	775	1	7
256	776	1	7
34	781	1	7
124	785	1	7
126	785	1	7
3	787	1	7
187	787	1	7
126	803	1	7
243	803	1	7
34	806	1	7
14	815	1	7
19	815	1	7
64	815	1	7
226	815	1	7
231	815	1	7
88	816	1	7
36	821	1	7
67	821	1	7
148	821	1	7
182	821	1	7
14	823	1	7
101	823	1	7
148	823	1	7
36	824	1	7
149	824	1	7
104	825	1	7
114	825	2	7
156	825	1	7
208	825	2	7
36	826	1	7
84	826	1	7
102	826	2	7
120	826	1	7
36	827	1	7
63	827	1	7
222	827	1	7
14	828	1	7
104	828	1	7
210	828	1	7
212	828	1	7
14	831	1	7
197	831	1	7
14	833	1	7
95	833	1	7
138	833	1	7
191	833	1	7
229	833	1	7
246	833	1	7
14	834	1	7
95	834	1	7
138	834	1	7
191	834	1	7
229	834	1	7
246	834	1	7
150	837	1	7
160	837	1	7
183	837	1	7
210	837	1	7
42	847	1	7
124	849	1	7
28	850	1	7
143	850	1	7
200	850	1	7
120	852	1	7
234	852	1	7
42	868	1	7
210	868	1	7
190	872	1	7
210	872	1	7
163	874	1	7
41	875	1	7
145	875	1	7
223	877	1	7
230	880	1	7
236	880	1	7
93	881	1	7
215	881	1	7
42	887	1	7
148	887	1	7
210	887	1	7
89	891	1	7
181	891	1	7
66	893	1	7
89	894	1	7
89	895	1	7
89	896	1	7
89	897	1	7
89	898	1	7
133	898	1	7
183	899	1	7
11	901	1	7
82	901	1	7
89	901	1	7
93	901	1	7
142	901	1	7
171	902	1	7
204	902	1	7
89	904	1	7
11	906	1	7
89	906	1	7
89	907	1	7
89	908	1	7
133	908	1	7
89	910	1	7
73	911	1	7
88	912	1	7
158	914	1	7
171	914	1	7
251	914	1	7
47	915	1	7
131	915	1	7
240	915	1	7
131	916	1	7
215	916	1	7
9	917	1	7
133	917	1	7
171	917	1	7
131	918	1	7
229	918	1	7
131	920	1	7
104	923	1	7
145	923	1	7
148	923	1	7
167	923	1	7
174	923	1	7
210	923	1	7
64	930	1	7
42	933	1	7
210	933	1	7
237	933	1	7
40	936	1	7
177	936	1	7
178	936	1	7
210	936	1	7
66	938	1	7
127	938	1	7
243	938	1	7
93	941	1	7
183	941	1	7
193	941	1	7
237	941	1	7
190	942	1	7
97	946	1	7
143	946	1	7
65	954	1	7
193	954	1	7
233	954	1	7
25	964	1	7
77	964	1	7
104	964	1	7
156	964	1	7
104	967	1	7
148	967	1	7
4	968	2	7
29	969	1	7
236	969	1	7
168	970	1	7
25	979	1	7
104	979	1	7
114	979	1	7
156	979	2	7
63	983	1	7
160	983	1	7
235	983	1	7
128	984	1	7
235	984	1	7
196	986	1	7
196	987	1	7
196	988	1	7
84	996	1	7
97	996	1	7
160	996	1	7
225	996	1	7
225	997	1	7
35	998	1	7
42	998	1	7
65	998	1	7
210	998	1	7
12	999	1	7
19	999	1	7
131	999	1	7
149	999	1	7
41	1002	1	7
88	1005	1	7
155	1005	1	7
196	1005	1	7
210	1008	1	7
50	1014	1	7
131	1014	1	7
234	1014	1	7
122	1016	1	7
100	1022	1	7
233	1022	1	7
77	1024	1	7
104	1024	1	7
211	1026	1	7
230	1026	1	7
248	1026	1	7
104	1028	1	7
238	1028	1	7
57	1029	1	7
100	1029	1	7
127	1029	1	7
131	1029	1	7
135	1029	1	7
248	1029	1	7
107	1030	1	7
124	1030	1	7
95	1031	1	7
201	1031	1	7
248	1031	1	7
252	1032	1	7
65	1034	1	7
88	1034	1	7
227	1034	1	7
201	1035	1	7
248	1035	1	7
24	1036	1	7
23	1037	1	7
107	1037	1	7
109	1037	1	7
124	1037	1	7
210	1037	1	7
237	1037	1	7
235	1042	1	7
59	1048	1	7
98	1060	1	7
73	1062	1	7
24	1071	1	7
38	1082	1	7
104	1082	1	7
165	1082	1	7
7	1084	1	7
215	1084	1	7
25	1088	1	7
37	1088	1	7
182	1088	1	7
230	1090	1	7
200	1092	1	7
159	1094	1	7
25	1102	1	7
37	1102	1	7
104	1102	1	7
156	1102	1	7
123	1117	1	7
227	1117	1	7
83	1118	1	7
104	1119	1	7
210	1119	1	7
220	1127	1	7
83	1128	1	7
104	1131	1	7
147	1131	2	7
24	1139	1	7
68	1139	1	7
220	1139	1	7
229	1139	1	7
104	1140	1	7
145	1140	1	7
134	1141	1	7
137	1141	1	7
242	1141	1	7
134	1143	1	7
104	1144	1	7
251	1144	1	7
16	1145	1	7
104	1145	1	7
107	1145	1	7
133	1145	1	7
7	1147	1	7
176	1148	1	7
106	1151	1	7
28	1153	1	7
43	1153	1	7
86	1153	1	7
237	1153	1	7
73	1156	1	7
254	1156	1	7
104	1157	1	7
150	1157	1	7
174	1157	1	7
2	1158	1	7
28	1158	1	7
32	1158	1	7
26	1160	1	7
175	1160	1	7
190	1160	1	7
133	1162	1	7
202	1162	1	7
104	1163	1	7
174	1163	1	7
215	1163	1	7
143	1164	1	7
181	1166	1	7
57	1167	1	7
127	1167	1	7
216	1167	1	7
149	1173	1	7
178	1173	1	7
160	1174	1	7
196	1174	1	7
229	1175	1	7
93	1176	1	7
138	1176	1	7
103	1190	1	7
230	1190	1	7
100	1191	1	7
70	1201	1	7
104	1204	1	7
144	1204	1	7
25	1208	1	7
29	1208	1	7
104	1208	1	7
25	1220	1	7
104	1220	1	7
124	1220	1	7
93	1238	1	7
193	1239	1	7
77	1248	1	7
87	1248	1	7
191	1248	1	7
215	1248	1	7
61	1249	1	7
231	1249	1	7
32	1263	1	7
47	1263	1	7
48	1263	1	7
241	1263	1	7
53	1290	1	7
56	1290	1	7
104	1303	1	7
253	1303	1	7
96	1313	1	7
86	1328	1	7
96	1328	1	7
215	1328	1	7
229	1328	1	7
77	1352	1	7
104	1352	1	7
165	1352	1	7
87	1357	1	7
127	1357	1	7
217	1364	1	7
129	1370	1	7
246	1370	1	7
97	1372	1	7
129	1372	1	7
57	1373	1	7
229	1373	1	7
210	1380	1	7
233	1380	1	7
133	1383	1	7
248	1384	1	7
253	1384	1	7
88	1385	1	7
139	1385	1	7
211	1385	1	7
230	1385	1	7
248	1385	1	7
245	1387	1	7
248	1389	1	7
126	2	1	8
127	2	1	8
197	2	1	8
210	2	1	8
2	8	1	8
53	8	1	8
104	11	1	8
217	11	1	8
227	11	1	8
147	12	1	8
153	12	1	8
177	12	1	8
223	12	1	8
227	12	1	8
227	17	1	8
124	21	1	8
158	21	1	8
162	21	1	8
201	24	1	8
224	24	1	8
104	29	1	8
133	29	1	8
73	30	1	8
104	30	1	8
198	30	1	8
104	31	1	8
131	31	1	8
168	31	1	8
103	32	1	8
104	32	1	8
177	32	1	8
205	32	1	8
127	33	1	8
133	33	1	8
252	33	1	8
104	35	1	8
129	52	1	8
45	55	1	8
11	58	1	8
104	58	1	8
181	58	1	8
230	58	1	8
256	58	1	8
247	59	1	8
131	70	1	8
223	70	1	8
212	76	1	8
73	78	2	8
104	78	1	8
168	80	1	8
211	80	1	8
61	84	1	8
228	85	1	8
241	85	1	8
177	86	1	8
186	86	1	8
218	86	2	8
253	86	1	8
86	87	1	8
131	87	1	8
228	87	1	8
241	87	1	8
124	90	1	8
245	90	1	8
104	98	1	8
153	98	1	8
158	98	1	8
4	102	1	8
82	102	1	8
146	102	1	8
65	103	1	8
210	103	1	8
241	103	1	8
252	103	1	8
25	114	1	8
104	114	1	8
156	114	1	8
96	131	1	8
127	131	1	8
135	131	1	8
144	131	1	8
133	132	1	8
23	133	1	8
86	133	1	8
133	140	1	8
229	144	1	8
175	147	1	8
229	147	1	8
24	148	1	8
91	149	1	8
104	149	1	8
104	152	1	8
105	152	1	8
192	152	1	8
169	154	1	8
94	167	1	8
140	167	1	8
237	167	1	8
82	169	1	8
168	169	1	8
104	176	1	8
104	177	1	8
158	177	1	8
119	179	1	8
17	189	1	8
119	192	1	8
119	204	1	8
104	208	1	8
195	208	1	8
210	208	1	8
119	219	1	8
172	219	1	8
191	220	1	8
210	220	1	8
217	220	1	8
131	222	1	8
129	231	1	8
71	243	1	8
133	243	1	8
210	243	1	8
119	247	1	8
102	248	1	8
256	248	1	8
21	253	1	8
22	253	1	8
131	254	1	8
104	272	1	8
81	273	1	8
143	277	1	8
167	286	1	8
111	289	1	8
133	316	1	8
82	319	1	8
99	319	1	8
9	324	1	8
168	324	1	8
104	325	1	8
230	325	1	8
97	327	1	8
179	327	1	8
186	327	1	8
224	327	1	8
237	327	1	8
256	327	1	8
111	328	1	8
256	329	1	8
106	330	1	8
193	330	1	8
233	330	1	8
256	330	1	8
126	332	1	8
251	332	1	8
13	340	1	8
222	343	1	8
76	348	1	8
157	348	1	8
256	348	1	8
160	357	1	8
246	358	1	8
35	364	1	8
50	364	1	8
167	364	1	8
181	364	1	8
229	364	1	8
237	364	1	8
13	365	1	8
62	365	1	8
117	365	1	8
75	367	1	8
104	367	1	8
251	367	1	8
3	368	1	8
158	368	1	8
229	368	2	8
254	368	1	8
98	370	1	8
175	370	1	8
48	371	1	8
232	371	1	8
96	375	1	8
111	375	2	8
7	382	1	8
97	382	1	8
135	382	1	8
48	390	1	8
232	390	1	8
86	397	1	8
175	397	1	8
194	397	1	8
17	406	1	8
32	411	1	8
50	411	1	8
92	411	1	8
131	411	1	8
229	411	2	8
80	413	1	8
104	413	1	8
188	413	1	8
193	413	1	8
226	413	1	8
48	414	1	8
131	414	1	8
133	423	1	8
245	423	1	8
99	433	1	8
140	433	1	8
88	434	1	8
229	434	1	8
253	434	1	8
162	439	1	8
231	439	1	8
103	444	1	8
104	444	1	8
203	444	1	8
32	447	1	8
143	447	1	8
205	447	1	8
42	468	1	8
182	481	1	8
133	487	1	8
54	488	1	8
9	497	1	8
185	497	1	8
191	497	1	8
104	500	1	8
139	500	1	8
194	500	1	8
219	501	1	8
128	503	1	8
210	503	1	8
97	505	1	8
133	505	1	8
152	505	1	8
33	506	1	8
168	506	1	8
237	509	1	8
129	511	1	8
194	511	1	8
205	511	1	8
245	511	1	8
210	512	1	8
237	512	1	8
133	514	1	8
155	514	1	8
104	517	1	8
203	517	1	8
213	525	1	8
251	525	1	8
46	540	1	8
49	540	1	8
86	540	1	8
210	540	1	8
29	541	1	8
85	541	1	8
119	541	1	8
221	541	1	8
104	543	1	8
38	549	1	8
201	549	1	8
216	549	1	8
224	549	1	8
236	551	1	8
82	555	1	8
114	569	2	8
205	569	1	8
56	570	1	8
221	570	1	8
16	574	1	8
80	574	1	8
104	574	1	8
119	574	1	8
140	574	1	8
149	574	1	8
70	578	1	8
92	578	1	8
193	578	1	8
235	578	1	8
245	583	1	8
82	590	1	8
92	590	1	8
41	600	1	8
104	600	1	8
184	600	1	8
210	600	1	8
97	602	1	8
160	602	1	8
180	602	1	8
223	603	1	8
43	605	1	8
91	605	1	8
6	607	1	8
81	607	1	8
203	607	1	8
210	607	1	8
229	607	1	8
102	608	1	8
191	608	1	8
59	610	1	8
75	610	1	8
107	610	1	8
122	610	1	8
39	615	1	8
111	615	1	8
180	615	2	8
190	615	2	8
210	615	1	8
2	621	1	8
20	621	1	8
86	621	1	8
244	621	1	8
5	623	1	8
86	627	1	8
191	627	1	8
235	627	1	8
90	628	1	8
70	636	1	8
103	636	1	8
146	636	1	8
249	636	1	8
111	637	1	8
133	637	1	8
193	637	1	8
205	640	1	8
35	646	1	8
52	646	1	8
93	646	1	8
133	646	1	8
193	646	1	8
200	646	1	8
104	647	1	8
206	647	1	8
33	649	1	8
72	649	1	8
16	650	1	8
24	650	1	8
29	650	1	8
118	650	1	8
133	650	2	8
153	650	1	8
210	650	2	8
161	653	1	8
190	655	1	8
201	655	1	8
245	655	1	8
24	661	1	8
84	661	1	8
104	661	1	8
131	661	1	8
190	668	1	8
223	668	1	8
104	675	1	8
131	675	1	8
183	689	1	8
199	689	1	8
216	689	1	8
143	694	1	8
111	696	1	8
111	698	1	8
202	699	1	8
210	699	1	8
180	701	1	8
210	703	1	8
180	704	1	8
111	706	2	8
143	706	1	8
109	709	1	8
190	709	1	8
111	710	1	8
88	712	1	8
239	712	1	8
190	716	1	8
18	718	1	8
90	718	1	8
190	720	1	8
216	720	1	8
3	723	1	8
8	723	1	8
104	723	1	8
143	723	1	8
225	727	2	8
8	729	1	8
16	729	1	8
104	729	1	8
8	730	1	8
16	730	1	8
111	730	1	8
6	734	1	8
104	736	1	8
11	738	1	8
229	738	1	8
111	742	1	8
190	742	1	8
104	750	1	8
130	750	1	8
11	753	1	8
86	753	1	8
238	753	1	8
44	763	1	8
81	763	1	8
88	763	1	8
95	769	1	8
139	774	1	8
211	774	1	8
198	778	1	8
55	782	1	8
104	782	1	8
156	782	1	8
175	783	1	8
8	810	1	8
133	810	1	8
90	819	1	8
252	819	1	8
233	829	1	8
18	832	1	8
26	832	1	8
199	832	1	8
133	840	1	8
206	840	1	8
236	840	1	8
247	840	1	8
206	841	1	8
247	841	1	8
18	843	1	8
76	843	1	8
81	843	1	8
101	843	1	8
206	843	1	8
247	843	2	8
195	844	1	8
206	844	1	8
219	844	1	8
104	845	1	8
256	845	1	8
25	846	1	8
104	846	1	8
156	846	1	8
223	848	1	8
12	851	1	8
66	851	1	8
84	851	1	8
106	851	1	8
127	851	1	8
229	851	1	8
148	853	1	8
52	854	1	8
103	854	1	8
231	854	2	8
237	854	1	8
59	855	1	8
183	855	1	8
202	855	1	8
3	856	1	8
72	856	1	8
133	856	1	8
160	856	1	8
222	856	1	8
40	869	1	8
100	869	1	8
199	869	1	8
21	871	1	8
102	876	1	8
160	886	1	8
186	886	1	8
37	892	1	8
104	892	1	8
133	892	1	8
236	892	1	8
104	905	1	8
184	905	1	8
208	925	1	8
69	928	1	8
138	928	1	8
11	932	1	8
104	932	1	8
161	932	1	8
104	935	1	8
148	935	1	8
164	935	1	8
165	935	1	8
97	943	1	8
3	944	1	8
100	944	1	8
218	947	1	8
28	948	1	8
88	948	1	8
144	949	1	8
246	952	1	8
57	953	1	8
75	953	1	8
102	953	1	8
218	953	1	8
204	955	1	8
229	955	1	8
28	956	1	8
227	956	1	8
38	957	1	8
88	957	1	8
88	958	1	8
120	958	1	8
187	958	1	8
218	958	2	8
111	959	1	8
8	961	1	8
104	961	1	8
104	962	1	8
212	962	1	8
96	963	1	8
104	963	1	8
145	963	1	8
67	973	1	8
104	973	1	8
190	973	1	8
210	973	1	8
104	974	1	8
145	974	1	8
55	977	1	8
104	980	1	8
148	980	1	8
104	981	1	8
214	981	1	8
103	982	1	8
104	982	1	8
164	982	1	8
104	989	1	8
150	989	1	8
146	1003	3	8
153	1003	1	8
190	1003	1	8
129	1004	1	8
219	1004	1	8
252	1004	1	8
40	1006	1	8
82	1006	1	8
103	1006	1	8
168	1006	1	8
242	1006	1	8
141	1010	1	8
160	1010	1	8
165	1010	1	8
133	1017	1	8
17	1019	1	8
104	1019	1	8
138	1019	1	8
158	1019	1	8
104	1020	1	8
118	1020	1	8
133	1020	1	8
104	1021	1	8
133	1021	2	8
210	1021	1	8
4	1023	1	8
104	1023	1	8
210	1023	2	8
104	1046	1	8
95	1052	1	8
245	1053	1	8
40	1054	1	8
157	1054	1	8
199	1059	1	8
24	1064	1	8
73	1064	1	8
104	1064	1	8
104	1066	1	8
222	1066	1	8
131	1067	1	8
144	1067	1	8
227	1080	1	8
96	1089	1	8
111	1089	1	8
25	1093	1	8
246	1093	1	8
97	1096	1	8
210	1097	1	8
216	1098	1	8
230	1098	1	8
135	1099	1	8
216	1099	1	8
241	1099	1	8
88	1100	1	8
119	1100	1	8
104	1101	1	8
206	1103	1	8
133	1104	1	8
207	1104	1	8
4	1105	1	8
183	1105	1	8
133	1107	1	8
207	1107	1	8
32	1108	1	8
24	1109	1	8
133	1109	1	8
54	1110	1	8
93	1110	1	8
153	1110	1	8
88	1111	1	8
124	1111	1	8
61	1112	1	8
111	1114	1	8
127	1115	1	8
183	1116	1	8
160	1122	1	8
31	1123	1	8
131	1124	1	8
56	1129	1	8
104	1129	1	8
188	1129	1	8
104	1130	1	8
150	1130	1	8
104	1133	1	8
177	1134	1	8
229	1134	1	8
197	1142	1	8
146	1155	1	8
131	1177	1	8
163	1177	1	8
175	1177	1	8
210	1177	1	8
181	1180	1	8
150	1181	1	8
28	1184	1	8
202	1184	1	8
229	1184	1	8
131	1185	1	8
85	1189	1	8
47	1192	1	8
235	1193	1	8
64	1194	1	8
235	1194	1	8
230	1195	1	8
93	1198	1	8
160	1198	1	8
150	1199	1	8
104	1202	1	8
166	1202	1	8
170	1202	1	8
181	1202	1	8
30	1205	1	8
53	1205	1	8
133	1205	1	8
161	1205	1	8
26	1207	1	8
133	1207	1	8
133	1209	1	8
160	1209	1	8
246	1209	1	8
9	1210	1	8
21	1211	1	8
84	1211	1	8
131	1211	1	8
229	1211	2	8
108	1212	1	8
111	1212	1	8
133	1213	1	8
210	1213	1	8
34	1214	1	8
86	1214	1	8
229	1214	1	8
111	1215	2	8
173	1215	1	8
27	1216	1	8
217	1216	1	8
225	1218	1	8
179	1222	1	8
42	1223	1	8
27	1224	1	8
76	1224	1	8
111	1224	1	8
133	1224	1	8
207	1224	1	8
230	1224	1	8
131	1226	1	8
169	1227	1	8
197	1227	1	8
209	1227	1	8
210	1227	1	8
148	1228	1	8
197	1228	1	8
203	1228	1	8
209	1228	1	8
210	1228	1	8
236	1228	1	8
197	1230	1	8
209	1230	1	8
227	1230	1	8
243	1230	1	8
52	1232	1	8
144	1232	1	8
197	1232	1	8
209	1232	1	8
226	1232	1	8
143	1233	1	8
197	1234	1	8
209	1234	1	8
131	1235	1	8
75	1236	1	8
100	1236	1	8
88	1240	1	8
166	1240	1	8
92	1242	1	8
133	1243	1	8
207	1243	1	8
223	1243	1	8
229	1243	1	8
68	1245	1	8
100	1245	1	8
111	1245	1	8
133	1245	1	8
210	1245	1	8
53	1246	2	8
104	1246	1	8
210	1246	1	8
243	1246	1	8
4	1251	1	8
16	1251	1	8
34	1251	1	8
88	1251	1	8
155	1251	1	8
183	1251	1	8
249	1251	1	8
13	1255	1	8
16	1255	1	8
149	1255	2	8
191	1255	1	8
249	1255	1	8
146	1260	1	8
44	1269	2	8
133	1269	1	8
184	1269	1	8
191	1269	1	8
229	1269	2	8
236	1269	1	8
229	1270	1	8
27	1271	1	8
127	1271	1	8
111	1274	1	8
31	1275	1	8
138	1276	1	8
112	1282	2	8
170	1282	1	8
250	1282	1	8
238	1284	1	8
17	1285	1	8
79	1285	1	8
112	1285	1	8
170	1285	1	8
250	1285	1	8
81	1286	1	8
145	1286	1	8
190	1286	1	8
26	1287	1	8
79	1287	1	8
112	1287	1	8
250	1287	1	8
79	1288	1	8
112	1288	1	8
170	1288	1	8
250	1288	1	8
17	1289	1	8
79	1289	1	8
112	1289	1	8
170	1289	2	8
250	1289	1	8
79	1291	1	8
112	1291	1	8
250	1291	1	8
183	1292	1	8
210	1292	1	8
245	1292	1	8
79	1293	1	8
112	1293	1	8
170	1293	1	8
250	1293	1	8
17	1294	1	8
79	1294	1	8
112	1294	2	8
170	1294	1	8
250	1294	1	8
79	1295	1	8
112	1295	1	8
170	1295	16	8
250	1295	1	8
17	1296	1	8
79	1296	1	8
112	1296	1	8
170	1296	1	8
250	1296	1	8
82	1297	1	8
87	1298	1	8
112	1298	1	8
127	1298	1	8
172	1298	1	8
250	1298	1	8
22	1299	1	8
25	1300	1	8
104	1300	1	8
156	1300	1	8
149	1302	1	8
86	1305	1	8
43	1307	1	8
8	1308	1	8
133	1314	1	8
99	1315	1	8
92	1316	1	8
237	1316	1	8
82	1317	1	8
168	1317	1	8
192	1318	1	8
133	1319	1	8
12	1320	1	8
38	1320	1	8
166	1320	1	8
212	1320	1	8
215	1320	1	8
183	1322	1	8
216	1322	1	8
82	1326	1	8
88	1327	1	8
48	1329	1	8
131	1329	1	8
84	1330	1	8
154	1331	1	8
82	1332	1	8
128	1333	1	8
229	1333	2	8
149	1334	1	8
181	1334	1	8
108	1336	1	8
134	1336	1	8
154	1336	1	8
245	1337	1	8
58	1338	1	8
131	1338	1	8
154	1338	1	8
134	1339	1	8
242	1339	1	8
210	1342	1	8
211	1342	1	8
131	1343	1	8
174	1343	1	8
210	1343	1	8
123	1344	1	8
174	1345	1	8
81	1346	1	8
131	1346	1	8
45	1349	1	8
160	1349	1	8
20	1351	1	8
33	1351	1	8
205	1351	1	8
27	1358	1	8
100	1358	1	8
27	1361	1	8
100	1362	1	8
56	1363	1	8
104	1363	1	8
52	1367	1	8
168	1367	1	8
237	1367	1	8
251	1367	2	8
104	1368	1	8
128	1375	1	8
22	1376	1	8
104	1376	1	8
153	1376	1	8
210	1376	1	8
104	1379	1	8
104	1382	1	8
100	1386	1	8
30	1388	1	8
193	1388	1	8
13	1390	1	8
56	1391	1	8
181	1392	1	8
233	1392	1	8
25	1395	1	8
104	1395	1	8
41	1397	1	8
104	1397	1	8
169	1398	1	8
235	1398	1	8
46	1399	1	8
81	1399	1	8
