13	22	1	0
19	22	1	0
21	22	1	0
26	22	1	0
46	22	1	0
96	22	1	0
67	34	1	0
103	34	1	0
88	35	1	0
49	37	1	0
67	37	1	0
90	37	1	0
102	37	1	0
105	37	1	0
24	42	1	0
50	42	1	0
92	42	1	0
102	42	1	0
2	43	1	0
1	44	1	0
24	44	1	0
61	44	1	0
105	44	1	0
39	46	1	0
21	50	1	0
23	50	1	0
40	50	1	0
102	50	1	0
109	50	1	0
21	54	1	0
38	60	1	0
60	60	1	0
12	62	1	0
21	62	1	0
40	62	1	0
46	62	1	0
52	62	1	0
111	62	1	0
90	69	1	0
2	70	2	0
46	70	1	0
58	70	1	0
17	72	1	0
12	73	1	0
53	74	1	0
12	76	1	0
25	76	1	0
2	78	1	0
31	78	1	0
90	78	1	0
4	79	2	0
34	79	1	0
40	81	1	0
91	81	1	0
22	86	1	0
88	86	1	0
97	86	1	0
60	93	1	0
67	93	1	0
88	93	1	0
91	93	1	0
7	96	1	0
105	96	1	0
40	108	1	0
46	108	1	0
80	108	1	0
93	108	1	0
13	117	2	0
38	117	1	0
20	118	1	0
31	118	1	0
40	118	1	0
71	118	1	0
81	118	1	0
13	126	1	0
73	126	1	0
97	126	1	0
49	134	1	0
59	134	1	0
66	134	1	0
101	134	1	0
34	136	1	0
107	137	1	0
40	178	1	0
89	178	1	0
21	207	1	0
30	207	1	0
90	207	1	0
92	207	1	0
67	212	1	0
53	213	1	0
90	213	1	0
67	228	1	0
71	241	1	0
96	241	1	0
71	254	1	0
108	263	1	0
9	269	1	0
46	269	1	0
51	269	1	0
80	269	1	0
40	270	1	0
82	270	1	0
84	271	1	0
65	272	1	0
107	272	1	0
101	277	1	0
2	289	1	0
45	289	1	0
46	289	1	0
62	289	1	0
90	289	1	0
100	289	1	0
101	289	1	0
13	290	1	0
40	290	1	0
46	290	1	0
32	295	1	0
29	322	1	0
45	322	1	0
107	322	1	0
35	326	1	0
37	326	1	0
40	326	1	0
111	326	1	0
81	337	1	0
17	351	1	0
46	351	1	0
63	351	1	0
94	351	1	0
2	354	1	0
34	354	1	0
40	354	1	0
65	354	1	0
67	354	1	0
40	355	1	0
44	355	1	0
66	355	1	0
89	355	1	0
21	361	1	0
40	361	1	0
46	361	1	0
40	363	1	0
44	363	1	0
66	363	1	0
89	363	1	0
84	365	1	0
45	369	1	0
37	370	1	0
8	371	1	0
45	371	1	0
54	371	1	0
61	371	1	0
28	375	1	0
36	375	1	0
40	375	1	0
90	375	1	0
13	396	1	0
40	396	1	0
66	396	1	0
76	396	1	0
2	399	1	0
16	399	1	0
35	399	1	0
45	399	1	0
46	399	1	0
7	400	2	0
111	400	1	0
40	410	1	0
44	410	1	0
66	410	1	0
89	410	1	0
27	411	1	0
40	411	1	0
66	411	1	0
76	411	1	0
89	411	1	0
46	432	1	0
49	432	1	0
37	447	1	0
49	447	1	0
40	457	1	0
46	457	1	0
66	457	1	0
76	457	1	0
89	457	1	0
101	472	1	0
2	484	1	0
40	484	1	0
43	484	1	0
46	484	1	0
47	484	1	0
48	484	1	0
40	486	1	0
66	486	1	0
111	486	2	0
25	502	1	0
40	507	1	0
80	507	1	0
89	507	1	0
111	514	1	0
20	518	1	0
37	518	1	0
40	518	1	0
21	529	1	0
45	529	1	0
69	529	1	0
96	529	1	0
40	532	1	0
46	532	1	0
66	532	1	0
76	532	1	0
13	533	1	0
40	533	1	0
46	533	1	0
110	535	1	0
85	536	1	0
2	537	1	0
68	537	1	0
27	539	1	0
37	539	1	0
40	539	1	0
46	539	1	0
71	539	1	0
2	550	1	0
35	550	1	0
40	550	1	0
102	550	1	0
40	564	1	0
70	564	1	0
40	568	1	0
89	568	1	0
4	580	1	0
12	580	1	0
22	582	1	0
42	582	1	0
97	582	1	0
46	584	1	0
72	584	1	0
88	584	1	0
102	584	1	0
3	586	1	0
4	586	1	0
42	586	1	0
55	586	1	0
58	586	1	0
101	586	1	0
19	587	1	0
42	587	1	0
84	587	1	0
101	587	1	0
42	589	1	0
76	589	1	0
101	589	1	0
60	590	1	0
101	590	1	0
42	591	1	0
58	591	1	0
59	591	1	0
68	591	1	0
83	591	2	0
101	591	1	0
42	595	1	0
72	595	1	0
101	595	1	0
40	598	1	0
42	600	1	0
58	600	1	0
101	600	1	0
19	602	1	0
42	602	1	0
59	602	1	0
101	602	1	0
40	604	1	0
42	604	1	0
40	614	1	0
40	618	1	0
89	618	1	0
2	620	1	0
8	620	1	0
101	620	1	0
46	623	1	0
90	623	1	0
100	623	1	0
8	628	1	0
2	630	1	0
68	8	1	1
14	10	1	1
18	15	1	1
38	30	1	1
54	30	1	1
56	39	1	1
85	39	1	1
104	48	1	1
56	58	1	1
64	58	1	1
104	58	1	1
6	59	1	1
64	59	1	1
33	61	1	1
68	61	1	1
40	65	1	1
41	67	1	1
64	67	1	1
64	77	1	1
104	77	1	1
73	101	1	1
41	102	1	1
73	102	1	1
39	112	1	1
81	112	1	1
90	112	1	1
100	112	1	1
103	112	1	1
54	115	1	1
72	122	1	1
90	150	1	1
98	157	1	1
108	157	1	1
54	158	1	1
26	167	1	1
54	167	1	1
72	167	1	1
88	167	1	1
108	167	1	1
11	172	1	1
53	172	1	1
54	172	1	1
17	174	1	1
61	174	1	1
29	176	1	1
82	176	1	1
101	195	1	1
107	195	1	1
40	198	1	1
1	203	1	1
79	203	1	1
25	210	1	1
101	210	1	1
56	216	1	1
72	216	1	1
90	216	1	1
95	216	1	1
102	216	1	1
104	216	1	1
79	223	1	1
90	223	1	1
102	223	1	1
105	223	2	1
8	225	1	1
29	225	1	1
73	225	1	1
105	225	1	1
79	286	1	1
91	286	1	1
92	286	1	1
98	286	1	1
107	286	1	1
35	303	1	1
79	303	1	1
90	303	1	1
35	304	1	1
79	304	1	1
90	304	1	1
35	305	1	1
79	305	1	1
90	305	1	1
40	311	1	1
34	313	1	1
40	313	1	1
90	317	1	1
14	319	1	1
16	319	1	1
75	319	1	1
18	323	2	1
40	331	1	1
66	331	1	1
30	339	1	1
54	339	1	1
14	343	1	1
16	343	1	1
75	343	1	1
95	343	1	1
33	344	1	1
53	344	1	1
56	344	1	1
14	347	1	1
28	347	1	1
97	347	1	1
14	350	1	1
16	350	1	1
75	350	1	1
97	350	2	1
14	380	1	1
85	380	1	1
14	389	2	1
16	389	1	1
34	389	1	1
75	389	1	1
85	389	1	1
16	390	1	1
41	390	1	1
75	390	1	1
14	394	1	1
15	394	1	1
16	394	1	1
75	394	1	1
16	401	1	1
75	401	1	1
14	402	1	1
25	403	1	1
32	403	1	1
98	403	1	1
107	403	1	1
109	403	1	1
17	404	1	1
83	404	1	1
4	405	1	1
11	405	1	1
12	405	1	1
14	405	1	1
16	405	1	1
75	405	1	1
11	406	1	1
40	406	1	1
11	407	1	1
14	407	1	1
16	407	1	1
75	407	1	1
61	408	1	1
1	412	1	1
14	421	2	1
16	421	1	1
75	421	1	1
14	422	1	1
16	422	1	1
75	422	1	1
26	438	1	1
40	438	1	1
66	438	1	1
70	438	1	1
40	440	1	1
40	442	1	1
17	453	1	1
24	453	1	1
95	453	1	1
34	474	1	1
40	474	1	1
40	483	1	1
74	483	1	1
40	488	1	1
81	495	1	1
32	496	1	1
61	496	1	1
86	496	1	1
100	496	1	1
55	510	1	1
14	526	2	1
16	526	1	1
75	526	1	1
14	547	1	1
16	547	1	1
34	547	1	1
75	547	1	1
90	592	1	1
97	592	1	1
22	596	2	1
97	596	1	1
54	622	1	1
41	626	1	1
64	626	1	1
91	626	1	1
101	626	1	1
23	235	1	2
101	238	1	2
40	11	1	4
47	11	1	4
52	11	1	4
40	32	1	4
21	45	2	4
46	45	1	4
4	83	1	4
3	85	1	4
22	85	1	4
101	90	1	4
56	94	1	4
52	103	2	4
68	103	1	4
98	103	1	4
40	104	1	4
89	104	1	4
62	105	1	4
90	105	1	4
54	106	1	4
3	116	1	4
67	119	1	4
94	119	1	4
25	120	1	4
87	135	1	4
9	154	1	4
22	154	1	4
70	154	1	4
56	188	1	4
73	188	1	4
5	189	1	4
90	191	1	4
56	194	1	4
73	194	1	4
5	197	1	4
6	197	1	4
36	197	1	4
102	197	1	4
5	208	1	4
38	214	1	4
54	214	1	4
63	214	1	4
110	214	1	4
51	232	1	4
32	233	1	4
79	237	1	4
92	237	1	4
37	239	1	4
92	240	1	4
69	242	1	4
69	243	1	4
102	243	1	4
56	246	1	4
77	246	1	4
61	248	1	4
82	248	1	4
106	248	1	4
40	249	1	4
38	253	1	4
56	253	1	4
17	259	1	4
41	259	1	4
30	267	1	4
91	267	1	4
103	267	1	4
52	291	1	4
54	291	1	4
30	301	1	4
37	301	1	4
57	301	1	4
78	301	1	4
91	301	1	4
102	301	1	4
57	307	1	4
78	307	1	4
3	308	1	4
70	308	1	4
90	308	1	4
19	309	1	4
57	309	1	4
78	309	1	4
1	310	1	4
90	310	1	4
19	312	1	4
54	312	1	4
57	312	1	4
78	312	1	4
84	312	1	4
50	314	1	4
53	314	1	4
54	314	1	4
57	314	1	4
78	314	1	4
82	318	1	4
109	320	1	4
40	334	1	4
44	334	1	4
66	334	1	4
89	334	1	4
54	338	1	4
63	338	1	4
20	340	1	4
46	340	1	4
68	340	1	4
29	360	1	4
77	360	1	4
82	360	1	4
85	360	1	4
33	364	1	4
101	364	1	4
29	368	1	4
38	368	1	4
5	386	1	4
53	386	1	4
40	388	1	4
44	388	1	4
66	388	1	4
89	388	1	4
5	395	1	4
54	395	1	4
109	395	1	4
1	398	1	4
59	415	1	4
53	416	1	4
40	417	1	4
90	417	1	4
40	428	1	4
89	428	1	4
111	428	1	4
20	430	1	4
46	430	1	4
49	430	1	4
94	430	1	4
27	452	1	4
40	452	1	4
44	452	1	4
66	452	1	4
40	459	1	4
44	459	1	4
66	459	1	4
89	459	1	4
18	461	1	4
49	461	1	4
90	475	1	4
101	477	1	4
40	478	1	4
101	479	1	4
102	479	2	4
23	490	1	4
61	490	1	4
100	490	1	4
29	492	1	4
56	492	1	4
40	501	1	4
67	501	1	4
76	501	1	4
40	505	1	4
40	548	1	4
52	548	1	4
89	548	1	4
6	554	1	4
22	554	1	4
6	557	2	4
6	560	1	4
22	560	1	4
6	565	1	4
10	572	1	4
99	572	1	4
10	574	1	4
99	574	1	4
10	576	1	4
99	576	1	4
10	578	1	4
31	578	1	4
99	578	1	4
39	585	1	4
6	603	1	4
69	612	1	4
3	613	1	4
56	613	1	4
10	632	1	4
54	632	1	4
99	632	1	4
90	634	1	4
45	2	1	5
49	2	1	5
74	2	1	5
86	2	1	5
102	2	1	5
108	2	1	5
95	16	1	5
28	17	1	5
31	17	1	5
90	17	1	5
90	18	1	5
90	19	1	5
28	20	1	5
55	23	1	5
68	23	1	5
40	52	1	5
55	52	1	5
56	63	1	5
36	66	1	5
90	66	1	5
56	71	2	5
54	128	1	5
73	128	1	5
93	146	1	5
96	146	1	5
90	152	1	5
93	152	1	5
96	152	1	5
15	162	1	5
26	162	2	5
110	162	1	5
77	163	1	5
77	164	1	5
40	165	1	5
72	222	1	5
110	226	1	5
90	247	1	5
100	247	1	5
41	293	1	5
39	297	1	5
30	382	1	5
40	382	1	5
61	382	1	5
66	382	1	5
90	382	1	5
83	429	1	5
92	429	1	5
28	436	1	5
53	436	1	5
90	436	1	5
103	436	1	5
106	437	1	5
40	439	1	5
90	439	1	5
102	439	1	5
54	454	1	5
106	458	1	5
9	503	1	5
53	503	2	5
69	503	1	5
54	521	1	5
87	521	1	5
23	551	1	5
31	607	1	5
54	607	1	5
2	3	1	6
40	3	1	6
46	3	1	6
74	3	1	6
111	3	1	6
56	5	1	6
76	13	1	6
15	21	1	6
18	21	1	6
33	21	1	6
53	21	2	6
92	21	1	6
40	36	1	6
65	36	1	6
46	56	1	6
40	121	1	6
44	121	1	6
66	121	1	6
22	144	1	6
40	144	1	6
20	151	1	6
40	151	1	6
29	175	1	6
34	175	2	6
68	175	1	6
29	177	1	6
34	177	2	6
68	177	1	6
40	193	1	6
95	193	1	6
55	202	1	6
61	202	1	6
102	202	1	6
31	204	1	6
32	211	1	6
90	211	1	6
22	217	1	6
31	218	1	6
77	219	1	6
85	219	1	6
28	220	1	6
8	251	1	6
40	251	1	6
4	256	1	6
15	256	1	6
40	262	1	6
46	262	1	6
66	262	1	6
76	262	1	6
34	265	1	6
35	265	1	6
37	265	1	6
50	265	1	6
90	265	1	6
40	274	1	6
44	274	1	6
66	274	1	6
2	276	1	6
40	276	1	6
107	276	1	6
8	278	1	6
84	278	1	6
40	279	1	6
66	279	1	6
21	282	1	6
101	282	2	6
39	283	1	6
85	284	1	6
101	284	1	6
29	285	1	6
30	285	1	6
54	285	1	6
101	285	3	6
90	298	1	6
59	306	1	6
62	306	1	6
90	306	1	6
94	306	1	6
3	315	1	6
40	315	1	6
52	315	1	6
9	353	1	6
40	353	1	6
65	353	1	6
90	353	1	6
11	376	1	6
40	376	1	6
59	376	1	6
68	376	1	6
40	378	1	6
59	378	1	6
68	378	1	6
40	379	1	6
40	397	1	6
49	397	1	6
91	397	1	6
60	413	1	6
101	413	1	6
40	418	1	6
49	418	1	6
91	418	1	6
40	423	1	6
67	423	1	6
39	431	1	6
90	431	1	6
6	433	1	6
40	443	1	6
85	449	1	6
40	451	1	6
59	451	1	6
20	471	1	6
37	473	1	6
18	481	1	6
50	481	1	6
93	481	1	6
21	482	1	6
51	482	1	6
72	482	1	6
90	482	1	6
21	494	1	6
22	494	1	6
62	494	1	6
90	494	1	6
101	494	1	6
108	494	1	6
34	509	1	6
40	509	1	6
66	509	1	6
41	516	1	6
20	524	1	6
39	524	1	6
33	525	1	6
40	525	1	6
77	525	1	6
40	541	1	6
80	541	1	6
89	541	2	6
101	546	1	6
24	562	1	6
79	562	1	6
101	563	1	6
24	569	1	6
54	569	1	6
21	593	1	6
40	593	1	6
46	593	1	6
90	593	1	6
21	601	1	6
40	601	1	6
50	608	1	6
51	608	1	6
89	608	1	6
94	608	1	6
101	608	1	6
22	610	1	6
21	611	1	6
27	611	2	6
74	611	1	6
96	611	1	6
46	624	1	6
101	625	1	6
102	625	1	6
2	629	1	6
27	629	1	6
40	629	1	6
43	629	1	6
45	629	1	6
46	629	1	6
89	629	1	6
88	1	1	7
2	24	1	7
37	24	2	7
40	24	1	7
43	24	1	7
46	24	1	7
47	24	1	7
48	24	1	7
86	24	1	7
2	27	1	7
40	27	1	7
43	27	1	7
44	27	1	7
46	27	1	7
47	27	1	7
48	27	1	7
66	27	1	7
67	28	1	7
2	29	1	7
40	29	1	7
43	29	1	7
46	29	1	7
47	29	1	7
48	29	1	7
67	29	1	7
40	41	1	7
40	47	1	7
40	49	1	7
46	49	1	7
94	49	1	7
2	55	1	7
21	55	1	7
40	55	1	7
43	55	1	7
46	55	1	7
47	55	1	7
48	55	1	7
40	57	1	7
66	57	1	7
70	57	1	7
76	57	1	7
2	84	1	7
40	84	1	7
43	84	1	7
44	84	1	7
46	84	1	7
47	84	1	7
48	84	1	7
66	84	1	7
2	99	1	7
20	99	1	7
40	99	1	7
43	99	1	7
46	99	1	7
47	99	1	7
48	99	1	7
70	99	1	7
2	111	1	7
37	111	2	7
40	111	1	7
43	111	1	7
46	111	1	7
47	111	1	7
48	111	1	7
86	111	1	7
4	114	1	7
21	114	1	7
2	132	1	7
40	132	1	7
43	132	1	7
46	132	1	7
47	132	1	7
48	132	1	7
71	132	1	7
107	133	1	7
2	140	1	7
2	149	2	7
40	149	1	7
43	149	1	7
46	149	2	7
47	149	1	7
48	149	1	7
67	149	1	7
2	156	1	7
37	156	1	7
40	156	1	7
43	156	1	7
46	156	1	7
47	156	1	7
48	156	1	7
70	156	1	7
111	156	1	7
2	159	1	7
40	159	1	7
43	159	1	7
46	159	1	7
47	159	1	7
48	159	1	7
2	166	1	7
40	166	1	7
43	166	1	7
46	166	1	7
47	166	1	7
48	166	1	7
2	169	1	7
40	169	1	7
43	169	1	7
46	169	1	7
47	169	1	7
48	169	1	7
111	169	2	7
2	171	1	7
40	171	1	7
43	171	1	7
44	171	1	7
46	171	1	7
47	171	1	7
48	171	1	7
66	171	1	7
2	179	1	7
40	179	1	7
43	179	1	7
44	179	1	7
46	179	1	7
47	179	1	7
48	179	1	7
66	179	1	7
2	180	1	7
40	180	1	7
43	180	1	7
44	180	1	7
46	180	1	7
47	180	1	7
48	180	1	7
66	180	1	7
2	206	1	7
40	206	1	7
43	206	1	7
46	206	2	7
47	206	1	7
48	206	1	7
2	227	1	7
37	227	1	7
40	227	1	7
43	227	1	7
46	227	1	7
47	227	1	7
48	227	1	7
2	255	1	7
21	255	1	7
40	255	1	7
43	255	1	7
46	255	1	7
47	255	1	7
48	255	1	7
2	258	1	7
40	258	1	7
43	258	1	7
46	258	1	7
47	258	1	7
48	258	1	7
2	260	1	7
37	260	1	7
40	260	1	7
43	260	1	7
46	260	1	7
47	260	1	7
48	260	1	7
2	261	1	7
40	261	1	7
43	261	1	7
46	261	1	7
47	261	1	7
48	261	1	7
2	266	1	7
40	266	1	7
43	266	1	7
46	266	1	7
47	266	1	7
48	266	1	7
40	268	1	7
67	268	1	7
106	268	1	7
2	273	1	7
40	273	1	7
43	273	1	7
44	273	1	7
46	273	1	7
47	273	1	7
48	273	1	7
66	273	1	7
2	275	1	7
40	275	1	7
43	275	1	7
46	275	1	7
47	275	1	7
48	275	1	7
90	275	1	7
111	275	1	7
2	280	1	7
40	280	1	7
43	280	1	7
46	280	1	7
47	280	1	7
48	280	1	7
2	281	1	7
40	281	1	7
43	281	1	7
46	281	1	7
47	281	1	7
48	281	1	7
111	281	1	7
2	287	1	7
40	287	1	7
43	287	1	7
46	287	1	7
47	287	1	7
48	287	1	7
2	288	1	7
40	288	1	7
43	288	1	7
46	288	1	7
47	288	1	7
48	288	1	7
67	288	1	7
2	292	1	7
40	292	1	7
43	292	1	7
44	292	1	7
46	292	1	7
47	292	1	7
48	292	1	7
66	292	1	7
2	299	1	7
40	299	1	7
43	299	1	7
46	299	1	7
47	299	1	7
48	299	1	7
58	299	1	7
67	299	1	7
40	316	1	7
46	321	1	7
59	321	1	7
2	324	2	7
40	324	1	7
43	324	1	7
46	324	1	7
47	324	1	7
48	324	1	7
62	324	1	7
21	325	1	7
30	325	1	7
39	325	1	7
2	328	1	7
40	328	1	7
43	328	1	7
44	328	1	7
46	328	1	7
47	328	1	7
48	328	1	7
66	328	1	7
40	330	1	7
47	330	1	7
49	330	1	7
109	330	1	7
2	332	1	7
40	332	1	7
43	332	1	7
44	332	1	7
46	332	1	7
47	332	1	7
48	332	1	7
66	332	1	7
2	333	1	7
40	333	1	7
43	333	1	7
44	333	1	7
46	333	1	7
47	333	1	7
48	333	1	7
66	333	1	7
34	336	1	7
40	336	1	7
47	336	1	7
48	336	1	7
65	336	1	7
67	336	1	7
2	342	1	7
37	342	1	7
40	342	1	7
43	342	1	7
46	342	1	7
47	342	1	7
48	342	1	7
7	348	1	7
27	348	1	7
40	348	1	7
67	348	1	7
70	348	1	7
40	349	1	7
43	349	1	7
47	349	1	7
48	349	1	7
2	357	1	7
40	357	1	7
43	357	1	7
46	357	1	7
47	357	1	7
48	357	1	7
59	357	1	7
83	357	1	7
85	357	1	7
90	357	1	7
105	357	1	7
2	358	1	7
36	358	1	7
40	358	1	7
43	358	1	7
46	358	1	7
47	358	1	7
48	358	1	7
102	358	1	7
2	359	1	7
36	359	1	7
40	359	1	7
43	359	1	7
46	359	1	7
47	359	1	7
48	359	1	7
102	359	1	7
2	362	1	7
23	362	1	7
40	362	1	7
47	362	1	7
48	362	1	7
67	362	1	7
2	372	1	7
40	372	1	7
43	372	1	7
44	372	1	7
46	372	1	7
47	372	1	7
48	372	1	7
66	372	1	7
40	374	1	7
60	374	1	7
67	374	1	7
84	374	1	7
2	383	1	7
40	383	1	7
43	383	1	7
46	383	1	7
47	383	1	7
48	383	1	7
67	383	1	7
2	384	1	7
40	384	1	7
43	384	1	7
44	384	1	7
46	384	1	7
47	384	1	7
48	384	1	7
66	384	1	7
2	385	1	7
40	385	1	7
43	385	1	7
46	385	1	7
47	385	1	7
48	385	1	7
66	385	1	7
2	387	1	7
40	387	1	7
43	387	1	7
44	387	1	7
46	387	1	7
47	387	1	7
48	387	1	7
66	387	1	7
2	391	1	7
40	391	1	7
43	391	1	7
46	391	1	7
47	391	1	7
48	391	1	7
61	391	1	7
67	391	1	7
2	409	1	7
40	409	1	7
43	409	1	7
46	409	1	7
47	409	1	7
48	409	1	7
111	409	1	7
21	414	1	7
54	414	1	7
72	414	1	7
90	414	1	7
94	414	1	7
2	419	1	7
40	419	1	7
43	419	1	7
46	419	1	7
47	419	1	7
48	419	1	7
2	420	1	7
40	420	1	7
43	420	1	7
46	420	1	7
47	420	1	7
48	420	1	7
59	420	1	7
83	420	1	7
85	420	1	7
90	420	1	7
105	420	1	7
2	425	1	7
40	425	1	7
43	425	1	7
46	425	2	7
47	425	1	7
48	425	1	7
67	425	1	7
2	426	1	7
37	426	2	7
40	426	1	7
43	426	1	7
46	426	1	7
47	426	1	7
48	426	1	7
86	426	1	7
2	427	1	7
40	427	1	7
43	427	1	7
46	427	1	7
47	427	1	7
48	427	1	7
2	441	1	7
40	441	1	7
43	441	1	7
44	441	1	7
46	441	1	7
47	441	1	7
48	441	1	7
66	441	1	7
40	444	1	7
90	444	1	7
106	444	1	7
46	446	1	7
2	448	1	7
40	448	1	7
43	448	1	7
44	448	1	7
46	448	1	7
47	448	1	7
48	448	1	7
66	448	1	7
110	448	1	7
2	450	1	7
40	450	1	7
43	450	1	7
44	450	1	7
46	450	1	7
47	450	1	7
48	450	1	7
66	450	1	7
2	455	1	7
7	455	1	7
40	455	1	7
43	455	1	7
46	455	1	7
47	455	1	7
48	455	1	7
111	455	1	7
2	456	1	7
40	456	1	7
43	456	1	7
44	456	1	7
46	456	1	7
47	456	1	7
48	456	1	7
66	456	1	7
2	460	1	7
40	460	1	7
43	460	1	7
44	460	1	7
46	460	1	7
47	460	1	7
48	460	1	7
66	460	1	7
2	462	1	7
37	462	2	7
40	462	1	7
43	462	1	7
46	462	1	7
47	462	1	7
48	462	1	7
86	462	1	7
2	463	1	7
7	463	1	7
16	463	1	7
40	463	1	7
43	463	1	7
46	463	1	7
47	463	1	7
48	463	1	7
2	464	1	7
4	464	1	7
40	464	1	7
43	464	1	7
46	464	1	7
47	464	1	7
48	464	1	7
2	465	1	7
40	465	1	7
43	465	1	7
44	465	1	7
46	465	1	7
47	465	1	7
48	465	1	7
66	465	1	7
2	466	1	7
40	466	1	7
43	466	1	7
44	466	1	7
46	466	1	7
47	466	1	7
48	466	1	7
66	466	1	7
40	467	1	7
56	467	1	7
90	467	1	7
40	468	1	7
46	468	1	7
49	468	1	7
92	468	1	7
93	468	1	7
2	470	1	7
40	470	1	7
43	470	1	7
46	470	1	7
47	470	1	7
48	470	1	7
98	476	1	7
2	485	2	7
40	485	1	7
43	485	1	7
45	485	1	7
46	485	1	7
47	485	1	7
48	485	1	7
89	485	2	7
2	487	1	7
40	487	1	7
43	487	1	7
44	487	1	7
46	487	1	7
47	487	1	7
48	487	1	7
66	487	1	7
56	489	1	7
67	489	1	7
2	493	1	7
40	493	1	7
43	493	1	7
46	493	1	7
47	493	1	7
48	493	1	7
70	493	1	7
2	497	1	7
40	497	1	7
43	497	1	7
44	497	1	7
46	497	1	7
47	497	1	7
48	497	1	7
66	497	1	7
2	498	1	7
40	498	1	7
43	498	1	7
46	498	1	7
47	498	1	7
48	498	1	7
2	500	1	7
40	500	1	7
43	500	1	7
46	500	1	7
47	500	1	7
48	500	1	7
2	504	1	7
40	504	1	7
43	504	1	7
44	504	1	7
46	504	1	7
47	504	1	7
48	504	1	7
66	504	1	7
102	506	1	7
2	508	1	7
40	508	1	7
43	508	1	7
46	508	1	7
47	508	1	7
48	508	1	7
2	511	1	7
40	511	1	7
43	511	1	7
44	511	1	7
46	511	1	7
47	511	1	7
48	511	1	7
66	511	1	7
2	512	1	7
40	512	1	7
43	512	1	7
46	512	1	7
47	512	1	7
48	512	1	7
111	513	1	7
2	515	1	7
39	515	1	7
40	515	1	7
43	515	1	7
46	515	1	7
47	515	1	7
48	515	1	7
2	517	1	7
40	517	1	7
43	517	1	7
44	517	1	7
46	517	1	7
47	517	1	7
48	517	1	7
66	517	1	7
2	520	1	7
40	520	1	7
43	520	1	7
46	520	1	7
47	520	1	7
48	520	1	7
67	520	1	7
70	520	1	7
2	522	1	7
40	522	1	7
43	522	1	7
44	522	1	7
46	522	1	7
47	522	1	7
48	522	1	7
66	522	1	7
2	527	1	7
40	527	1	7
43	527	1	7
46	527	1	7
47	527	1	7
48	527	1	7
40	528	1	7
111	528	1	7
2	530	1	7
40	530	1	7
43	530	1	7
46	530	1	7
47	530	1	7
48	530	1	7
40	531	1	7
66	531	1	7
76	531	1	7
111	531	1	7
9	534	1	7
51	534	1	7
80	534	1	7
102	534	2	7
13	543	1	7
40	543	1	7
2	545	1	7
37	545	1	7
40	545	1	7
43	545	1	7
46	545	1	7
47	545	1	7
48	545	1	7
2	549	1	7
40	549	1	7
43	549	1	7
46	549	1	7
47	549	1	7
48	549	1	7
2	552	1	7
40	552	1	7
43	552	1	7
46	552	1	7
47	552	1	7
48	552	1	7
2	555	1	7
40	555	1	7
43	555	1	7
46	555	1	7
47	555	1	7
48	555	1	7
66	555	1	7
2	556	1	7
40	556	1	7
43	556	1	7
46	556	1	7
47	556	1	7
48	556	1	7
2	559	1	7
40	559	1	7
43	559	1	7
46	559	1	7
47	559	1	7
48	559	1	7
8	561	1	7
40	561	1	7
46	561	1	7
101	561	1	7
2	566	1	7
40	566	1	7
43	566	1	7
46	566	1	7
47	566	1	7
48	566	1	7
92	566	1	7
46	570	1	7
69	570	1	7
81	570	1	7
25	571	1	7
31	571	1	7
91	571	1	7
31	573	1	7
40	573	1	7
56	573	1	7
67	573	1	7
90	573	1	7
89	575	1	7
90	575	1	7
40	579	1	7
2	583	1	7
40	583	1	7
43	583	1	7
44	583	1	7
46	583	1	7
47	583	1	7
48	583	1	7
66	583	1	7
2	588	1	7
4	588	1	7
40	588	1	7
43	588	1	7
46	588	1	7
47	588	1	7
48	588	1	7
105	588	1	7
2	594	1	7
37	594	1	7
40	594	1	7
43	594	1	7
46	594	1	7
47	594	1	7
48	594	1	7
2	599	1	7
40	599	1	7
43	599	1	7
46	599	1	7
47	599	1	7
48	599	1	7
85	599	1	7
94	599	1	7
21	605	1	7
37	605	1	7
40	605	1	7
47	605	1	7
48	605	1	7
61	605	1	7
90	605	1	7
2	606	1	7
40	606	1	7
43	606	1	7
44	606	1	7
46	606	1	7
47	606	1	7
48	606	1	7
66	606	1	7
2	609	1	7
9	609	1	7
40	609	1	7
43	609	1	7
46	609	1	7
47	609	1	7
48	609	1	7
67	609	1	7
110	609	1	7
2	616	1	7
40	616	1	7
43	616	1	7
44	616	1	7
46	616	1	7
47	616	1	7
48	616	1	7
66	616	1	7
109	617	1	7
2	619	1	7
40	619	1	7
43	619	1	7
46	619	1	7
47	619	1	7
48	619	1	7
102	619	1	7
2	621	1	7
40	621	1	7
43	621	1	7
44	621	1	7
46	621	1	7
47	621	1	7
48	621	1	7
66	621	1	7
21	631	1	7
37	631	1	7
39	631	1	7
50	631	1	7
2	633	1	7
37	633	1	7
40	633	1	7
43	633	1	7
46	633	1	7
47	633	1	7
48	633	1	7
40	635	1	7
90	635	1	7
2	636	1	7
31	636	1	7
40	636	1	7
43	636	1	7
46	636	1	7
47	636	1	7
48	636	1	7
56	636	1	7
70	636	1	7
3	26	1	8
37	31	1	8
40	31	1	8
74	31	1	8
41	64	1	8
15	68	1	8
100	68	1	8
17	75	2	8
107	75	1	8
28	80	1	8
54	87	1	8
104	87	1	8
107	87	1	8
56	88	1	8
63	88	1	8
82	100	1	8
87	100	2	8
53	107	1	8
90	113	1	8
53	123	1	8
56	123	1	8
101	124	1	8
34	127	1	8
34	129	1	8
101	129	1	8
37	153	1	8
40	153	1	8
74	153	1	8
32	181	1	8
41	182	1	8
79	182	1	8
96	183	1	8
103	184	1	8
87	185	1	8
90	185	1	8
28	199	1	8
87	199	1	8
90	199	1	8
40	215	1	8
41	215	1	8
40	250	1	8
40	252	1	8
40	327	1	8
40	329	1	8
56	329	1	8
72	335	1	8
110	335	1	8
56	352	1	8
13	435	1	8
27	435	1	8
40	435	1	8
46	435	1	8
66	435	1	8
102	435	1	8
40	538	1	8
40	540	1	8
101	540	1	8
101	558	1	8
30	577	1	8
63	577	1	8
104	577	1	8
26	627	1	8
56	627	1	8
