21	3	1	0
82	3	1	0
67	9	1	0
82	11	1	0
34	17	1	0
32	52	1	0
73	52	1	0
75	52	1	0
14	54	2	0
24	54	2	0
15	62	1	0
40	62	1	0
55	62	1	0
21	66	1	0
15	69	1	0
26	69	1	0
40	69	1	0
55	69	1	0
45	97	1	0
34	104	1	0
26	105	1	0
67	120	1	0
15	124	1	0
40	124	1	0
55	124	1	0
15	125	1	0
40	125	1	0
55	125	1	0
27	128	1	0
34	139	1	0
15	143	1	0
40	143	1	0
55	143	1	0
15	144	1	0
40	144	1	0
47	144	1	0
55	144	1	0
34	152	1	0
75	175	1	0
41	176	1	0
67	176	1	0
46	190	1	0
79	190	1	0
66	199	1	0
66	235	1	0
86	235	1	0
45	286	1	0
48	286	1	0
84	288	1	0
30	327	1	0
31	327	1	0
34	327	1	0
62	327	1	0
81	327	1	0
34	341	1	0
36	341	1	0
51	341	1	0
34	342	1	0
36	342	1	0
51	342	1	0
34	345	1	0
51	345	1	0
75	357	1	0
48	364	1	0
86	364	1	0
28	367	1	0
34	396	1	0
51	396	1	0
34	407	1	0
75	407	1	0
34	411	1	0
28	412	1	0
62	412	1	0
84	412	1	0
25	417	1	0
34	417	1	0
53	421	1	0
79	421	1	0
84	421	1	0
73	427	1	0
27	436	1	0
23	440	1	0
46	440	1	0
58	440	1	0
75	447	1	0
75	470	1	0
34	477	1	0
85	477	1	0
34	480	1	0
34	488	1	0
54	488	1	0
46	489	1	0
27	497	1	0
53	501	1	0
16	502	1	0
46	504	1	0
54	504	1	0
32	514	1	0
10	530	1	0
47	530	1	0
16	540	1	0
16	541	1	0
16	551	1	0
16	563	1	0
67	563	1	0
75	563	1	0
82	563	2	0
8	571	1	0
10	575	1	0
34	93	1	5
49	93	1	5
64	93	1	5
75	93	1	5
21	276	1	5
46	276	1	5
48	276	1	5
46	8	1	6
56	8	1	6
71	21	1	6
82	21	1	6
62	23	1	6
75	23	1	6
82	23	1	6
47	24	2	6
71	24	1	6
73	24	1	6
59	26	1	6
71	27	1	6
78	29	1	6
32	32	1	6
71	34	1	6
18	36	1	6
73	39	2	6
75	40	1	6
84	40	1	6
17	43	1	6
26	43	1	6
46	44	1	6
34	45	1	6
59	45	1	6
75	47	1	6
45	49	1	6
23	51	1	6
46	57	1	6
71	57	1	6
85	57	1	6
71	59	1	6
76	59	1	6
71	61	1	6
45	64	1	6
71	64	1	6
46	67	1	6
75	68	1	6
14	71	1	6
2	74	1	6
50	74	1	6
35	75	1	6
86	75	1	6
2	76	1	6
35	76	1	6
50	76	1	6
14	78	1	6
5	81	1	6
45	81	1	6
71	81	1	6
5	82	1	6
85	82	1	6
21	83	1	6
45	83	1	6
45	84	1	6
47	84	1	6
76	84	1	6
83	85	1	6
45	87	1	6
71	87	1	6
45	88	1	6
49	88	1	6
75	88	1	6
27	89	1	6
45	90	1	6
71	90	1	6
75	94	1	6
76	94	1	6
45	95	1	6
71	95	1	6
76	95	1	6
71	96	1	6
78	100	1	6
46	101	1	6
49	101	1	6
6	109	1	6
71	110	1	6
79	113	1	6
18	114	1	6
75	116	1	6
81	116	1	6
46	117	2	6
49	119	1	6
27	130	1	6
34	130	1	6
64	133	1	6
78	133	1	6
34	134	1	6
37	134	1	6
51	134	1	6
34	135	1	6
51	135	1	6
56	135	1	6
67	138	1	6
34	145	1	6
56	145	1	6
3	156	1	6
45	158	1	6
3	159	1	6
5	159	1	6
30	159	1	6
86	159	1	6
3	160	1	6
5	160	1	6
30	160	1	6
86	160	1	6
27	162	1	6
44	162	1	6
61	163	1	6
66	165	1	6
73	166	1	6
29	168	1	6
68	173	1	6
83	173	1	6
46	182	1	6
5	183	1	6
34	184	1	6
53	184	1	6
86	184	1	6
34	187	1	6
34	188	1	6
66	188	1	6
75	188	1	6
78	188	1	6
82	188	1	6
18	191	1	6
78	191	1	6
18	193	1	6
57	193	1	6
86	193	1	6
84	194	1	6
34	196	1	6
45	196	1	6
56	196	1	6
10	200	2	6
64	201	1	6
82	201	1	6
24	203	1	6
46	203	1	6
75	203	1	6
78	204	1	6
82	204	1	6
12	205	1	6
79	228	1	6
25	232	1	6
27	232	1	6
62	234	1	6
86	234	1	6
85	236	1	6
34	246	1	6
69	247	1	6
10	260	1	6
30	260	1	6
44	260	1	6
17	263	1	6
75	271	1	6
34	274	1	6
17	280	1	6
23	280	1	6
76	285	1	6
8	287	1	6
59	287	1	6
8	289	1	6
59	289	1	6
75	289	1	6
65	292	1	6
49	293	1	6
66	293	1	6
79	293	1	6
33	295	1	6
44	295	1	6
65	295	1	6
67	295	1	6
73	295	1	6
27	296	1	6
35	296	1	6
53	296	1	6
65	298	1	6
18	299	1	6
5	300	1	6
35	300	1	6
44	300	1	6
65	300	1	6
46	302	1	6
65	302	1	6
3	303	1	6
5	303	1	6
17	304	1	6
46	305	1	6
33	306	1	6
46	306	2	6
67	306	1	6
57	307	1	6
44	308	1	6
45	308	1	6
65	308	1	6
75	311	1	6
45	312	1	6
57	312	1	6
14	315	1	6
45	315	1	6
65	315	1	6
30	317	1	6
29	318	1	6
30	318	1	6
35	319	1	6
46	319	2	6
49	319	1	6
83	319	1	6
75	321	1	6
24	322	1	6
29	322	1	6
29	325	1	6
86	330	1	6
24	333	1	6
56	333	1	6
57	346	1	6
86	348	1	6
46	349	1	6
45	350	1	6
82	350	1	6
25	351	1	6
31	351	1	6
4	352	1	6
25	352	1	6
64	352	1	6
70	352	1	6
31	353	1	6
31	354	1	6
45	354	2	6
4	355	1	6
21	355	1	6
45	355	1	6
64	355	1	6
75	355	1	6
73	356	1	6
82	356	1	6
32	358	1	6
45	360	1	6
34	361	1	6
45	365	1	6
79	365	1	6
48	377	1	6
10	382	1	6
31	383	1	6
34	383	1	6
52	383	1	6
31	384	1	6
45	384	1	6
52	384	1	6
57	384	1	6
75	384	1	6
76	384	1	6
45	387	1	6
52	388	1	6
31	393	1	6
6	397	1	6
23	397	1	6
34	397	1	6
4	399	1	6
45	399	1	6
57	399	1	6
75	399	1	6
4	401	1	6
34	402	1	6
45	402	1	6
45	403	1	6
82	403	1	6
23	406	1	6
46	406	1	6
6	413	1	6
34	416	1	6
12	453	1	6
73	453	1	6
34	457	1	6
37	457	1	6
51	457	1	6
86	458	1	6
34	461	1	6
45	466	1	6
47	466	1	6
86	466	1	6
34	482	1	6
34	483	1	6
34	484	1	6
4	493	1	6
4	500	1	6
25	503	1	6
2	505	1	6
50	505	1	6
3	508	1	6
34	508	1	6
86	508	1	6
34	513	1	6
34	515	1	6
2	517	1	6
35	517	1	6
45	517	1	6
50	517	1	6
75	518	1	6
34	519	1	6
69	526	1	6
81	526	1	6
86	532	1	6
86	533	1	6
2	535	1	6
45	535	1	6
50	535	1	6
82	545	1	6
33	547	1	6
35	547	1	6
46	553	1	6
2	554	1	6
45	554	1	6
50	554	1	6
34	557	1	6
82	557	1	6
6	559	1	6
34	560	1	6
46	560	1	6
41	561	1	6
69	564	1	6
70	564	1	6
2	568	1	6
50	568	1	6
53	568	1	6
35	569	1	6
45	569	1	6
62	1	1	7
25	6	1	7
46	6	1	7
49	12	1	7
19	18	1	7
33	18	1	7
39	18	1	7
75	18	2	7
27	46	1	7
62	46	1	7
34	60	1	7
37	60	1	7
51	60	1	7
74	60	1	7
59	65	1	7
67	91	1	7
86	91	1	7
17	92	1	7
24	107	1	7
43	121	1	7
46	121	1	7
78	122	1	7
46	123	1	7
53	131	1	7
87	146	1	7
14	148	1	7
48	148	1	7
84	148	1	7
66	151	1	7
49	155	1	7
9	157	1	7
19	157	1	7
23	157	1	7
29	157	1	7
34	197	1	7
70	197	1	7
11	198	1	7
1	207	1	7
34	207	1	7
39	207	1	7
87	207	1	7
52	208	1	7
49	227	1	7
62	233	1	7
34	254	1	7
37	254	1	7
51	254	1	7
22	255	1	7
34	255	1	7
37	255	1	7
51	255	1	7
34	256	1	7
37	256	1	7
51	256	1	7
74	256	1	7
25	266	1	7
34	266	1	7
35	266	1	7
34	267	1	7
81	267	1	7
12	272	1	7
34	272	1	7
39	272	1	7
66	272	1	7
74	272	1	7
8	275	1	7
44	278	1	7
45	279	1	7
49	291	1	7
24	294	1	7
33	294	1	7
34	314	2	7
58	329	2	7
69	331	1	7
83	331	1	7
25	337	1	7
27	362	1	7
10	370	1	7
53	370	1	7
45	371	1	7
6	372	1	7
70	385	1	7
75	386	1	7
79	386	1	7
30	389	1	7
7	390	1	7
72	390	1	7
82	390	1	7
82	392	1	7
7	394	1	7
8	394	1	7
25	394	1	7
30	394	1	7
72	394	1	7
70	404	1	7
28	405	1	7
86	405	1	7
59	408	1	7
29	410	1	7
32	410	1	7
11	422	1	7
8	425	1	7
68	425	1	7
75	425	1	7
83	425	1	7
53	428	1	7
7	432	1	7
11	432	1	7
72	432	1	7
85	432	1	7
7	435	1	7
45	435	1	7
64	435	1	7
68	435	1	7
72	435	1	7
34	437	1	7
7	438	1	7
8	438	1	7
45	438	1	7
68	438	1	7
72	438	1	7
19	439	1	7
20	439	1	7
60	439	1	7
68	449	1	7
76	449	1	7
26	450	1	7
25	456	1	7
45	456	1	7
85	456	1	7
45	459	1	7
53	474	1	7
69	474	1	7
34	485	1	7
51	485	1	7
54	485	1	7
34	490	1	7
37	490	1	7
51	490	1	7
64	492	1	7
68	492	1	7
34	494	1	7
52	494	1	7
27	495	1	7
35	495	1	7
32	539	1	7
28	543	1	7
32	548	1	7
11	562	1	7
19	578	1	7
34	578	1	7
1	2	1	8
34	4	1	8
32	5	1	8
62	5	1	8
34	7	1	8
54	7	1	8
1	10	1	8
12	10	1	8
51	10	1	8
75	10	1	8
87	10	1	8
22	13	1	8
34	13	1	8
87	13	1	8
9	14	1	8
57	14	1	8
87	14	1	8
19	19	2	8
39	19	1	8
34	20	1	8
39	22	1	8
69	22	1	8
74	22	1	8
1	25	1	8
9	25	1	8
34	25	1	8
36	25	1	8
39	25	1	8
41	25	1	8
42	25	1	8
51	25	1	8
54	25	1	8
1	30	1	8
34	30	1	8
36	30	1	8
39	30	1	8
41	30	1	8
42	30	1	8
54	30	1	8
34	37	1	8
43	42	1	8
87	50	1	8
32	108	1	8
34	108	1	8
74	108	1	8
34	140	1	8
26	142	1	8
34	142	1	8
38	142	1	8
45	142	1	8
77	209	1	8
77	210	1	8
77	211	1	8
77	212	1	8
77	213	1	8
46	214	1	8
13	215	1	8
19	215	1	8
20	215	1	8
34	215	1	8
39	215	1	8
43	215	1	8
60	215	1	8
61	215	1	8
63	215	1	8
80	215	1	8
87	215	1	8
77	216	1	8
77	217	1	8
77	218	1	8
77	219	1	8
67	222	1	8
73	222	1	8
23	224	1	8
34	224	1	8
58	224	1	8
75	224	1	8
81	224	1	8
44	225	1	8
58	225	1	8
77	226	1	8
34	229	1	8
51	229	1	8
77	230	1	8
29	231	1	8
34	231	1	8
77	241	1	8
9	243	1	8
13	245	1	8
19	245	1	8
20	245	1	8
34	245	1	8
39	245	1	8
43	245	1	8
60	245	1	8
61	245	1	8
63	245	1	8
80	245	1	8
87	245	1	8
44	248	1	8
77	251	1	8
77	253	1	8
38	257	1	8
75	257	1	8
11	258	1	8
34	258	1	8
58	261	1	8
75	261	1	8
77	262	1	8
77	264	1	8
46	268	1	8
77	268	1	8
1	269	1	8
19	270	1	8
34	270	1	8
18	290	1	8
53	290	1	8
1	326	1	8
34	326	1	8
36	326	1	8
39	326	1	8
41	326	1	8
42	326	1	8
54	326	1	8
22	328	1	8
34	328	1	8
37	328	1	8
51	328	1	8
9	338	1	8
34	338	1	8
68	338	1	8
87	338	1	8
13	340	1	8
19	340	1	8
20	340	1	8
34	340	1	8
39	340	1	8
43	340	1	8
60	340	1	8
61	340	1	8
63	340	1	8
80	340	1	8
87	340	1	8
34	359	1	8
12	378	1	8
34	378	1	8
34	415	1	8
38	415	1	8
39	415	1	8
74	415	1	8
34	418	1	8
74	418	1	8
34	420	1	8
51	420	1	8
56	420	1	8
34	423	1	8
74	423	1	8
22	426	1	8
28	426	1	8
22	429	2	8
34	429	1	8
38	429	1	8
74	429	1	8
28	430	1	8
34	433	1	8
38	433	1	8
52	441	1	8
13	444	1	8
19	444	1	8
20	444	1	8
34	444	1	8
39	444	1	8
43	444	1	8
60	444	1	8
61	444	1	8
63	444	1	8
80	444	1	8
87	444	1	8
19	448	1	8
34	448	1	8
39	448	1	8
41	448	1	8
42	448	1	8
53	448	1	8
19	451	1	8
34	451	1	8
38	451	1	8
87	454	1	8
13	455	1	8
19	455	1	8
20	455	1	8
34	455	1	8
39	455	1	8
43	455	1	8
60	455	1	8
61	455	1	8
63	455	1	8
80	455	1	8
87	455	1	8
32	467	2	8
34	468	1	8
74	468	1	8
25	469	1	8
46	472	1	8
34	486	1	8
45	486	1	8
74	486	1	8
34	487	1	8
38	487	1	8
34	496	1	8
51	496	1	8
87	496	1	8
1	506	1	8
19	506	1	8
39	506	1	8
87	507	1	8
46	509	1	8
34	510	1	8
74	510	2	8
74	511	1	8
1	512	1	8
34	512	1	8
36	512	1	8
39	512	1	8
41	512	1	8
42	512	1	8
75	512	1	8
34	522	1	8
74	522	1	8
34	523	1	8
34	537	1	8
44	544	1	8
87	544	1	8
34	555	1	8
17	556	1	8
59	556	1	8
19	558	1	8
53	558	1	8
86	558	1	8
27	565	1	8
34	565	1	8
75	565	1	8
18	570	1	8
19	570	1	8
34	573	1	8
34	576	1	8
34	577	1	8
60	577	1	8
