21	23	1	0
23	23	1	0
16	36	1	0
25	58	1	0
4	68	1	0
15	76	1	0
21	76	1	0
24	76	1	0
1	198	1	0
8	198	1	0
17	212	1	0
19	305	1	0
19	321	1	0
4	326	1	0
23	346	1	0
20	82	1	1
23	82	1	1
9	104	1	1
9	142	1	1
22	142	1	1
17	11	1	2
14	13	1	2
21	19	1	2
23	19	1	2
11	20	1	2
7	30	1	2
11	32	1	2
25	37	1	2
9	43	1	2
9	46	1	2
4	49	1	2
6	51	1	2
23	51	1	2
5	52	1	2
22	52	1	2
19	64	1	2
1	87	1	2
6	87	1	2
8	87	1	2
14	87	1	2
11	116	1	2
19	116	1	2
5	117	1	2
26	117	1	2
10	118	1	2
3	120	1	2
19	120	1	2
24	124	1	2
3	132	1	2
10	133	1	2
17	133	1	2
3	134	1	2
18	138	1	2
20	138	1	2
9	165	1	2
14	165	1	2
22	185	1	2
9	192	1	2
19	200	1	2
15	204	1	2
14	206	1	2
9	238	1	2
19	238	1	2
2	250	1	2
13	272	1	2
23	328	1	2
15	344	1	2
6	2	1	3
19	5	1	3
9	6	1	3
1	8	1	3
8	8	1	3
20	9	1	3
23	9	1	3
20	15	1	3
23	15	1	3
14	21	1	3
4	34	1	3
14	34	1	3
9	41	1	3
14	41	1	3
4	61	1	3
15	61	1	3
10	63	1	3
20	63	2	3
10	65	1	3
5	67	1	3
9	67	1	3
26	67	1	3
5	70	1	3
9	70	1	3
16	70	1	3
26	70	1	3
13	72	1	3
4	75	1	3
6	79	1	3
14	79	1	3
7	88	1	3
9	91	1	3
9	95	1	3
4	96	1	3
14	101	1	3
13	105	1	3
5	109	1	3
19	109	1	3
23	109	1	3
24	109	3	3
26	109	1	3
6	110	1	3
19	110	1	3
23	113	1	3
7	115	1	3
19	125	2	3
9	126	1	3
19	127	2	3
24	127	1	3
22	130	1	3
25	130	1	3
18	137	1	3
14	139	1	3
18	139	1	3
18	141	1	3
18	144	1	3
2	148	1	3
19	149	1	3
5	154	1	3
10	154	1	3
14	154	1	3
24	154	1	3
26	155	1	3
19	157	1	3
24	157	1	3
3	158	1	3
10	158	1	3
26	158	1	3
5	161	1	3
23	161	1	3
5	162	1	3
26	162	1	3
26	167	2	3
3	169	1	3
10	169	1	3
24	169	1	3
22	177	1	3
6	178	1	3
19	178	1	3
2	186	1	3
6	186	1	3
24	187	1	3
13	191	1	3
9	193	1	3
21	194	1	3
26	194	1	3
9	202	1	3
14	202	1	3
16	220	1	3
20	222	1	3
23	222	1	3
23	224	1	3
7	225	1	3
24	226	1	3
21	234	1	3
17	235	1	3
7	237	1	3
23	240	1	3
5	241	1	3
14	241	1	3
15	241	1	3
2	243	1	3
23	243	1	3
13	244	1	3
2	247	1	3
5	251	1	3
9	256	1	3
25	256	1	3
5	265	1	3
25	266	1	3
5	268	1	3
12	268	1	3
25	269	1	3
5	276	1	3
23	277	1	3
16	281	1	3
12	282	1	3
12	283	1	3
17	283	1	3
12	284	1	3
12	285	1	3
5	288	1	3
17	288	1	3
5	292	1	3
14	292	1	3
6	297	1	3
19	297	1	3
14	310	1	3
16	310	1	3
25	312	1	3
19	313	1	3
9	322	1	3
23	339	1	3
15	342	1	3
23	342	1	3
9	347	1	3
19	347	1	3
17	12	1	5
4	14	1	5
22	40	1	5
9	103	1	5
4	107	1	5
9	147	1	5
23	150	1	5
26	160	1	5
1	163	1	5
8	163	1	5
23	176	1	5
25	179	1	5
4	180	1	5
23	183	1	5
25	183	1	5
11	190	1	5
1	217	1	5
8	217	1	5
25	227	2	5
7	230	1	5
9	239	1	5
2	308	1	5
11	308	1	5
25	308	1	5
23	315	1	5
23	316	1	5
9	343	1	5
14	343	1	5
