222	245	1	0
266	245	1	0
304	245	1	0
143	276	1	0
201	276	1	0
48	286	1	0
334	286	1	0
89	682	1	0
350	682	1	0
183	1501	1	0
250	1501	1	0
254	1501	1	0
347	1501	1	0
54	1687	1	0
90	1687	1	0
263	1687	1	0
335	1687	1	0
130	1708	1	0
139	1708	1	0
4	8	1	1
143	8	1	1
152	8	1	1
157	8	1	1
160	8	1	1
164	8	1	1
143	11	1	1
229	11	1	1
344	11	1	1
4	12	1	1
101	12	1	1
4	13	1	1
15	13	1	1
143	13	1	1
152	13	1	1
157	13	1	1
160	13	1	1
164	13	1	1
359	13	1	1
143	19	1	1
229	19	1	1
290	19	1	1
143	20	1	1
341	20	1	1
2	24	1	1
89	24	2	1
138	24	1	1
269	24	1	1
313	24	1	1
10	31	1	1
127	31	1	1
143	31	1	1
160	31	1	1
164	31	1	1
318	31	1	1
4	41	1	1
143	41	1	1
152	41	1	1
154	41	1	1
157	41	1	1
160	41	1	1
164	41	1	1
218	41	1	1
143	42	1	1
229	42	1	1
297	42	1	1
7	47	2	1
104	47	1	1
143	47	1	1
292	47	1	1
319	47	1	1
143	49	1	1
213	49	1	1
4	71	1	1
7	71	1	1
51	71	1	1
176	71	1	1
218	71	1	1
304	71	1	1
343	71	1	1
359	71	1	1
14	80	1	1
143	80	1	1
147	80	1	1
359	80	1	1
129	83	1	1
36	86	1	1
254	86	1	1
359	86	1	1
4	97	1	1
143	97	1	1
152	97	1	1
154	97	1	1
157	97	1	1
160	97	1	1
164	97	1	1
218	97	1	1
72	100	1	1
99	100	2	1
157	100	1	1
291	100	1	1
143	103	1	1
10	106	1	1
72	106	1	1
84	106	1	1
157	106	1	1
292	106	1	1
302	106	1	1
352	106	1	1
185	115	1	1
189	115	1	1
254	115	1	1
340	115	1	1
341	115	1	1
4	116	1	1
36	116	1	1
143	116	1	1
152	116	1	1
157	116	1	1
160	116	1	1
164	116	1	1
218	116	1	1
229	116	1	1
4	117	1	1
99	117	1	1
143	117	1	1
152	117	1	1
157	117	2	1
160	117	1	1
164	117	1	1
104	121	1	1
143	121	1	1
143	128	1	1
284	128	1	1
99	131	1	1
118	131	1	1
176	131	1	1
177	131	1	1
291	131	1	1
4	134	1	1
143	134	1	1
152	134	1	1
157	134	1	1
160	134	1	1
164	134	1	1
229	134	1	1
38	138	1	1
149	138	1	1
241	138	1	1
243	138	1	1
355	138	1	1
21	140	1	1
47	140	1	1
129	140	1	1
254	140	1	1
329	140	1	1
334	140	1	1
129	145	1	1
167	145	1	1
240	145	1	1
4	147	1	1
143	147	1	1
152	147	1	1
154	147	1	1
157	147	1	1
160	147	1	1
164	147	1	1
218	147	1	1
143	154	1	1
228	154	1	1
238	154	1	1
4	157	1	1
143	157	1	1
152	157	1	1
154	157	1	1
157	157	1	1
160	157	1	1
164	157	1	1
218	157	1	1
182	158	1	1
232	158	1	1
359	183	1	1
108	192	1	1
126	192	1	1
254	192	1	1
346	209	1	1
4	217	1	1
143	217	1	1
152	217	1	1
157	217	1	1
160	217	1	1
164	217	1	1
359	217	1	1
201	229	1	1
345	229	1	1
4	237	1	1
49	237	1	1
143	237	1	1
152	237	1	1
157	237	1	1
160	237	1	1
164	237	1	1
4	238	1	1
143	238	1	1
152	238	1	1
154	238	1	1
157	238	1	1
160	238	1	1
164	238	1	1
218	238	1	1
4	241	1	1
143	241	1	1
145	241	1	1
152	241	1	1
157	241	1	1
160	241	1	1
164	241	1	1
304	241	1	1
137	246	1	1
189	246	1	1
227	246	1	1
296	246	1	1
289	250	1	1
233	278	1	1
26	297	1	1
340	317	1	1
4	318	1	1
143	318	1	1
152	318	1	1
157	318	1	1
160	318	1	1
164	318	1	1
4	327	1	1
143	327	1	1
152	327	1	1
154	327	1	1
157	327	1	1
160	327	1	1
164	327	1	1
218	327	1	1
4	345	1	1
143	345	1	1
152	345	1	1
157	345	1	1
160	345	1	1
164	345	1	1
4	353	1	1
143	353	1	1
152	353	1	1
154	353	1	1
157	353	1	1
160	353	1	1
164	353	1	1
218	353	1	1
189	365	1	1
38	368	1	1
185	368	1	1
243	368	1	1
295	368	1	1
138	371	1	1
143	371	1	1
302	371	1	1
16	372	1	1
4	378	1	1
143	378	1	1
152	378	1	1
157	378	1	1
160	378	1	1
164	378	1	1
189	379	1	1
304	379	1	1
143	380	1	1
79	381	2	1
139	381	1	1
149	381	1	1
183	381	1	1
299	381	1	1
334	381	1	1
226	384	1	1
324	384	1	1
182	394	1	1
304	394	1	1
16	398	1	1
108	403	1	1
283	403	1	1
340	403	1	1
157	409	1	1
89	411	1	1
179	421	1	1
79	423	1	1
179	423	1	1
295	423	1	1
60	428	1	1
4	440	1	1
143	440	1	1
152	440	1	1
157	440	1	1
160	440	1	1
164	440	1	1
4	460	1	1
143	460	1	1
152	460	1	1
157	460	2	1
160	460	1	1
164	460	1	1
17	461	1	1
119	461	1	1
314	461	1	1
143	469	1	1
157	469	1	1
179	469	1	1
302	469	1	1
4	471	1	1
143	471	1	1
152	471	1	1
157	471	1	1
160	471	1	1
164	471	1	1
185	473	1	1
229	475	1	1
304	475	1	1
334	475	1	1
202	476	1	1
249	476	1	1
92	483	1	1
109	483	1	1
232	483	1	1
304	483	1	1
340	486	1	1
140	488	1	1
326	488	1	1
16	504	1	1
149	504	1	1
304	504	1	1
334	512	1	1
10	515	1	1
143	515	1	1
171	515	1	1
143	519	1	1
189	519	1	1
120	523	1	1
4	538	1	1
143	538	1	1
152	538	1	1
154	538	1	1
157	538	1	1
160	538	1	1
164	538	1	1
218	538	1	1
245	538	1	1
169	539	1	1
313	539	1	1
324	539	1	1
120	544	1	1
143	544	1	1
156	544	1	1
185	544	1	1
235	544	1	1
47	557	1	1
335	560	1	1
4	564	1	1
265	564	1	1
170	566	1	1
4	568	1	1
143	568	1	1
152	568	1	1
157	568	1	1
160	568	1	1
164	568	1	1
218	568	1	1
143	626	1	1
176	626	1	1
219	626	1	1
336	764	1	1
346	764	1	1
125	766	1	1
137	766	1	1
138	766	1	1
143	766	1	1
216	766	1	1
4	770	1	1
143	770	1	1
152	770	1	1
157	770	1	1
160	770	1	1
164	770	1	1
219	770	1	1
353	770	1	1
310	771	1	1
310	772	1	1
310	773	1	1
310	774	1	1
310	775	1	1
189	777	1	1
70	781	1	1
99	781	1	1
103	781	1	1
143	781	1	1
157	781	1	1
182	781	1	1
216	781	1	1
267	781	1	1
268	781	1	1
272	781	1	1
322	781	1	1
331	781	1	1
359	781	1	1
4	782	1	1
143	782	1	1
152	782	1	1
154	782	1	1
157	782	1	1
160	782	1	1
164	782	1	1
218	782	1	1
310	783	1	1
310	784	1	1
310	785	1	1
310	786	1	1
97	788	1	1
4	790	1	1
143	790	1	1
152	790	1	1
154	790	1	1
157	790	1	1
160	790	1	1
164	790	1	1
218	790	1	1
286	791	1	1
299	791	1	1
4	792	1	1
94	792	1	1
138	792	1	1
143	792	1	1
152	792	1	1
157	792	1	1
160	792	1	1
164	792	1	1
4	794	1	1
143	794	1	1
152	794	1	1
154	794	1	1
157	794	1	1
160	794	1	1
164	794	1	1
218	794	1	1
110	795	1	1
115	795	1	1
143	795	1	1
171	795	1	1
259	795	1	1
304	795	1	1
333	795	1	1
183	796	1	1
259	796	1	1
310	797	1	1
4	800	1	1
83	800	1	1
143	800	1	1
152	800	1	1
157	800	1	1
160	800	1	1
164	800	1	1
27	803	1	1
95	805	1	1
210	805	1	1
273	805	1	1
286	805	1	1
304	805	1	1
102	807	1	1
157	807	1	1
318	807	1	1
143	813	1	1
218	813	1	1
310	814	1	1
186	816	1	1
329	816	1	1
347	816	1	1
79	817	2	1
87	817	1	1
129	817	1	1
141	817	1	1
159	817	1	1
304	817	1	1
42	818	1	1
51	818	1	1
139	818	1	1
305	818	1	1
313	818	1	1
98	819	1	1
125	820	1	1
130	820	1	1
143	820	1	1
216	820	1	1
4	821	1	1
143	821	1	1
152	821	1	1
154	821	1	1
157	821	1	1
160	821	1	1
164	821	1	1
218	821	1	1
4	824	1	1
143	824	1	1
152	824	1	1
154	824	1	1
157	824	1	1
160	824	1	1
164	824	1	1
218	824	1	1
189	831	1	1
4	834	1	1
143	834	1	1
152	834	1	1
157	834	1	1
160	834	1	1
164	834	1	1
219	834	1	1
4	835	1	1
143	835	1	1
152	835	1	1
157	835	1	1
160	835	1	1
164	835	1	1
359	835	1	1
4	839	1	1
143	839	1	1
152	839	1	1
157	839	1	1
160	839	1	1
164	839	1	1
97	844	1	1
4	845	1	1
143	845	1	1
152	845	1	1
154	845	1	1
157	845	1	1
160	845	1	1
164	845	1	1
218	845	1	1
180	848	1	1
182	848	1	1
248	848	1	1
334	848	1	1
4	850	1	1
143	850	1	1
152	850	1	1
154	850	1	1
157	850	1	1
160	850	1	1
164	850	1	1
218	850	1	1
229	850	1	1
310	851	1	1
143	855	1	1
103	856	1	1
130	856	1	1
143	856	1	1
267	856	1	1
4	860	1	1
143	860	1	1
152	860	1	1
154	860	1	1
157	860	1	1
160	860	1	1
164	860	1	1
218	860	1	1
36	862	1	1
72	864	1	1
233	864	1	1
70	866	1	1
71	866	1	1
99	866	1	1
103	866	1	1
143	866	1	1
157	866	1	1
182	866	1	1
267	866	1	1
268	866	1	1
272	866	1	1
331	866	1	1
359	866	1	1
120	873	1	1
139	873	1	1
250	873	1	1
254	873	1	1
337	873	1	1
30	874	1	1
93	875	1	1
99	875	1	1
337	875	1	1
254	876	1	1
276	876	1	1
14	879	1	1
99	879	1	1
4	880	1	1
19	880	1	1
143	880	1	1
152	880	1	1
157	880	1	1
160	880	1	1
164	880	1	1
292	880	1	1
359	880	1	1
176	881	1	1
183	881	1	1
233	881	1	1
93	882	1	1
233	882	1	1
7	883	1	1
347	883	1	1
4	886	1	1
143	886	1	1
152	886	1	1
157	886	1	1
160	886	1	1
164	886	1	1
47	887	1	1
72	887	1	1
87	887	2	1
139	887	1	1
323	887	1	1
18	888	1	1
260	888	2	1
288	888	1	1
336	888	1	1
102	889	1	1
204	889	1	1
161	890	1	1
162	890	1	1
189	890	1	1
310	893	1	1
162	895	1	1
247	895	1	1
260	895	1	1
288	895	1	1
162	898	1	1
33	901	1	1
131	901	1	1
162	901	1	1
210	901	1	1
288	901	1	1
309	901	1	1
4	902	1	1
143	902	1	1
152	902	1	1
157	902	1	1
160	902	1	1
164	902	1	1
7	904	1	1
93	904	1	1
162	904	1	1
189	904	1	1
288	904	1	1
96	906	1	1
256	906	1	1
304	906	1	1
344	906	1	1
4	907	1	1
143	907	1	1
152	907	1	1
154	907	1	1
157	907	1	1
160	907	1	1
164	907	1	1
218	907	1	1
310	908	1	1
2	913	1	1
64	913	1	1
127	913	1	1
143	913	1	1
225	913	1	1
286	913	1	1
15	914	1	1
156	914	1	1
252	914	1	1
304	914	1	1
143	915	1	1
4	917	1	1
143	917	1	1
152	917	1	1
154	917	1	1
157	917	1	1
160	917	1	1
164	917	1	1
218	917	1	1
166	918	1	1
259	918	1	1
304	918	1	1
143	920	1	1
160	920	1	1
164	920	1	1
203	920	1	1
233	920	1	1
335	920	1	1
310	923	1	1
310	927	1	1
189	931	1	1
310	931	1	1
4	933	1	1
101	933	1	1
231	933	1	1
4	936	1	1
143	936	1	1
152	936	1	1
154	936	1	1
157	936	1	1
160	936	1	1
164	936	1	1
218	936	1	1
99	937	1	1
143	937	1	1
193	939	1	1
225	939	1	1
264	939	1	1
335	939	1	1
218	940	1	1
271	940	1	1
141	941	1	1
304	941	1	1
335	941	1	1
83	948	1	1
99	948	1	1
143	948	1	1
157	948	1	1
272	948	1	1
110	949	1	1
327	949	1	1
346	949	1	1
126	953	1	1
258	953	1	1
334	953	1	1
4	954	1	1
36	954	1	1
102	954	1	1
143	954	1	1
152	954	1	1
157	954	1	1
160	954	1	1
164	954	1	1
188	954	1	1
219	954	1	1
319	957	1	1
143	960	1	1
79	961	1	1
225	961	1	1
4	962	1	1
143	962	1	1
152	962	1	1
157	962	1	1
160	962	1	1
164	962	1	1
31	965	1	1
110	965	1	1
138	965	1	1
202	965	1	1
277	965	1	1
347	965	1	1
138	966	1	1
177	966	1	1
79	968	1	1
148	968	1	1
149	968	1	1
174	968	1	1
202	968	2	1
277	968	1	1
282	968	1	1
110	970	1	1
142	970	1	1
185	970	2	1
191	970	1	1
277	970	1	1
110	977	1	1
142	977	1	1
185	977	2	1
191	977	1	1
277	977	1	1
296	977	1	1
78	978	1	1
143	978	1	1
286	978	1	1
303	978	1	1
324	978	1	1
37	982	1	1
110	982	1	1
138	982	1	1
259	982	1	1
277	982	1	1
312	982	1	1
334	982	1	1
138	983	1	1
177	983	1	1
305	984	1	1
16	988	1	1
157	988	1	1
185	988	1	1
15	989	1	1
93	1013	1	1
16	1028	1	1
28	1028	1	1
335	1028	1	1
16	1030	1	1
185	1030	1	1
16	1031	1	1
104	1031	1	1
4	1038	1	1
143	1038	1	1
152	1038	1	1
154	1038	1	1
157	1038	1	1
160	1038	1	1
164	1038	1	1
218	1038	1	1
129	1043	1	1
15	1045	1	1
93	1045	1	1
225	1045	1	1
14	1046	1	1
143	1046	1	1
304	1046	1	1
225	1048	1	1
286	1048	1	1
359	1048	1	1
123	1050	1	1
143	1050	1	1
279	1050	1	1
15	1051	1	1
202	1051	1	1
227	1051	1	1
184	1063	1	1
91	1069	1	1
31	1071	1	1
318	1071	1	1
27	1074	1	1
93	1076	1	1
4	1083	1	1
134	1083	2	1
143	1083	1	1
152	1083	1	1
157	1083	2	1
160	1083	1	1
164	1083	1	1
273	1084	1	1
304	1084	1	1
345	1094	1	1
189	1097	1	1
4	1104	1	1
143	1104	1	1
152	1104	1	1
157	1104	1	1
160	1104	1	1
164	1104	1	1
229	1104	1	1
16	1119	1	1
350	1119	1	1
49	1124	1	1
129	1124	1	1
137	1124	1	1
217	1124	1	1
225	1124	1	1
137	1126	1	1
217	1126	1	1
16	1129	1	1
93	1129	1	1
112	1129	1	1
131	1129	1	1
149	1129	1	1
143	1135	1	1
154	1135	1	1
218	1135	1	1
16	1137	1	1
126	1137	1	1
38	1155	1	1
126	1155	1	1
243	1155	1	1
38	1156	1	1
243	1156	1	1
38	1160	1	1
126	1160	1	1
220	1160	1	1
243	1160	1	1
355	1160	1	1
90	1168	1	1
96	1168	1	1
201	1168	1	1
241	1168	1	1
36	1173	1	1
143	1173	1	1
290	1173	1	1
359	1173	1	1
4	1176	1	1
143	1176	1	1
152	1176	1	1
154	1176	1	1
157	1176	1	1
160	1176	1	1
164	1176	1	1
218	1176	1	1
345	1178	1	1
70	1179	1	1
71	1179	1	1
99	1179	1	1
103	1179	1	1
143	1179	1	1
157	1179	1	1
182	1179	1	1
267	1179	1	1
268	1179	1	1
272	1179	1	1
331	1179	1	1
359	1179	1	1
4	1180	1	1
143	1180	1	1
152	1180	1	1
154	1180	1	1
157	1180	1	1
160	1180	1	1
164	1180	1	1
218	1180	1	1
28	1201	1	1
106	1201	1	1
185	1201	1	1
279	1201	1	1
306	1201	1	1
312	1201	1	1
334	1201	1	1
337	1201	1	1
4	1217	1	1
143	1217	1	1
152	1217	1	1
154	1217	1	1
157	1217	1	1
160	1217	1	1
164	1217	1	1
218	1217	1	1
4	1222	1	1
24	1222	1	1
143	1222	1	1
152	1222	1	1
157	1222	1	1
160	1222	1	1
164	1222	1	1
45	1223	1	1
98	1223	1	1
143	1223	1	1
233	1223	1	1
162	1228	1	1
335	1228	1	1
28	1231	2	1
99	1231	1	1
143	1231	1	1
331	1231	1	1
2	1249	1	1
241	1249	1	1
304	1249	1	1
60	1255	1	1
150	1255	1	1
72	1258	1	1
143	1258	1	1
157	1258	1	1
160	1258	1	1
164	1258	1	1
202	1258	1	1
219	1258	1	1
335	1258	1	1
51	1260	1	1
143	1260	1	1
168	1260	1	1
12	1278	1	1
89	1278	1	1
143	1278	1	1
319	1278	1	1
331	1278	1	1
4	1293	1	1
143	1293	1	1
152	1293	1	1
154	1293	1	1
157	1293	1	1
160	1293	1	1
164	1293	1	1
218	1293	1	1
4	1307	1	1
143	1307	1	1
152	1307	1	1
154	1307	1	1
157	1307	1	1
160	1307	1	1
164	1307	1	1
218	1307	1	1
4	1308	1	1
143	1308	1	1
152	1308	1	1
157	1308	1	1
160	1308	1	1
164	1308	1	1
143	1316	1	1
160	1316	1	1
164	1316	1	1
266	1316	1	1
354	1323	1	1
3	1339	1	1
95	1339	1	1
4	1341	1	1
143	1341	1	1
152	1341	1	1
154	1341	1	1
157	1341	1	1
160	1341	1	1
164	1341	1	1
218	1341	1	1
4	1347	1	1
143	1347	1	1
152	1347	1	1
157	1347	1	1
160	1347	1	1
164	1347	1	1
143	1348	1	1
156	1348	1	1
157	1348	1	1
302	1348	1	1
4	1353	1	1
12	1353	1	1
82	1353	1	1
143	1353	1	1
152	1353	1	1
157	1353	1	1
160	1353	1	1
164	1353	1	1
10	1356	1	1
143	1356	1	1
302	1356	1	1
179	1357	1	1
4	1360	1	1
143	1360	1	1
152	1360	1	1
154	1360	1	1
157	1360	1	1
160	1360	1	1
164	1360	1	1
218	1360	1	1
143	1363	1	1
218	1363	1	1
248	1363	1	1
285	1363	1	1
4	1366	1	1
138	1366	1	1
143	1366	1	1
152	1366	1	1
157	1366	1	1
160	1366	1	1
164	1366	1	1
4	1367	1	1
143	1367	1	1
152	1367	1	1
154	1367	1	1
157	1367	1	1
160	1367	1	1
164	1367	1	1
218	1367	1	1
143	1377	1	1
302	1377	1	1
134	1385	1	1
253	1385	1	1
360	1385	1	1
4	1387	1	1
44	1387	1	1
105	1387	1	1
143	1387	1	1
152	1387	1	1
157	1387	1	1
160	1387	1	1
164	1387	1	1
219	1387	1	1
353	1387	1	1
47	1389	1	1
129	1389	1	1
4	1390	1	1
27	1390	1	1
143	1390	1	1
152	1390	1	1
157	1390	1	1
160	1390	1	1
164	1390	1	1
143	1391	1	1
156	1391	1	1
302	1391	1	1
112	1393	1	1
129	1393	1	1
143	1395	1	1
156	1395	1	1
4	1396	1	1
53	1396	1	1
143	1396	1	1
152	1396	1	1
157	1396	1	1
160	1396	1	1
164	1396	1	1
292	1396	1	1
249	1398	1	1
350	1398	1	1
79	1399	1	1
350	1399	1	1
219	1402	1	1
4	1404	1	1
36	1404	3	1
143	1404	1	1
152	1404	1	1
157	1404	1	1
160	1404	1	1
164	1404	1	1
219	1404	1	1
93	1408	1	1
28	1409	1	1
31	1409	1	1
85	1409	2	1
129	1409	2	1
286	1409	2	1
299	1409	1	1
346	1409	1	1
94	1411	1	1
118	1411	1	1
149	1411	1	1
34	1413	1	1
335	1413	1	1
346	1413	1	1
70	1414	1	1
71	1414	1	1
99	1414	1	1
103	1414	1	1
143	1414	1	1
157	1414	1	1
182	1414	1	1
267	1414	1	1
268	1414	1	1
272	1414	1	1
331	1414	1	1
359	1414	1	1
23	1415	1	1
64	1415	1	1
91	1415	1	1
224	1415	1	1
304	1415	1	1
4	1418	1	1
143	1418	1	1
152	1418	1	1
154	1418	1	1
157	1418	1	1
160	1418	1	1
164	1418	1	1
218	1418	1	1
87	1419	1	1
143	1419	1	1
234	1419	1	1
304	1419	1	1
84	1424	1	1
99	1424	1	1
143	1424	1	1
157	1424	1	1
160	1424	1	1
164	1424	1	1
225	1424	1	1
99	1432	1	1
143	1432	1	1
156	1432	1	1
300	1432	1	1
4	1436	1	1
143	1436	1	1
152	1436	1	1
157	1436	1	1
160	1436	1	1
164	1436	1	1
218	1436	1	1
309	1436	1	1
72	1439	1	1
99	1439	1	1
117	1439	1	1
143	1439	1	1
157	1439	2	1
318	1439	1	1
10	1446	1	1
83	1446	1	1
143	1446	1	1
189	1446	1	1
4	1447	1	1
117	1447	1	1
143	1447	1	1
152	1447	1	1
157	1447	1	1
160	1447	1	1
164	1447	1	1
219	1447	1	1
102	1449	1	1
105	1449	1	1
359	1449	1	1
4	1450	1	1
117	1450	4	1
143	1450	1	1
152	1450	1	1
157	1450	1	1
160	1450	1	1
164	1450	1	1
41	1451	1	1
359	1451	1	1
4	1454	1	1
143	1454	1	1
152	1454	1	1
157	1454	1	1
160	1454	1	1
164	1454	1	1
70	1456	1	1
99	1456	1	1
103	1456	1	1
143	1456	1	1
157	1456	1	1
182	1456	1	1
216	1456	1	1
267	1456	1	1
268	1456	1	1
272	1456	1	1
322	1456	1	1
331	1456	1	1
359	1456	1	1
4	1468	1	1
143	1468	1	1
152	1468	1	1
154	1468	1	1
157	1468	1	1
160	1468	1	1
164	1468	1	1
218	1468	1	1
4	1471	1	1
143	1471	1	1
152	1471	1	1
157	1471	1	1
160	1471	1	1
164	1471	1	1
292	1471	1	1
138	1472	2	1
143	1474	1	1
207	1474	1	1
304	1474	1	1
341	1474	1	1
4	1481	1	1
99	1481	1	1
143	1481	1	1
152	1481	1	1
157	1481	1	1
160	1481	1	1
164	1481	1	1
143	1482	1	1
302	1482	1	1
4	1483	1	1
143	1483	1	1
152	1483	1	1
154	1483	1	1
157	1483	1	1
160	1483	1	1
164	1483	1	1
218	1483	1	1
143	1485	1	1
160	1485	1	1
219	1485	1	1
119	1486	1	1
232	1486	1	1
4	1491	1	1
143	1491	1	1
152	1491	1	1
154	1491	1	1
157	1491	1	1
160	1491	1	1
164	1491	1	1
218	1491	1	1
4	1492	1	1
127	1492	1	1
143	1492	1	1
152	1492	1	1
157	1492	1	1
160	1492	1	1
164	1492	1	1
322	1492	1	1
89	1493	1	1
92	1493	1	1
131	1493	1	1
222	1493	1	1
4	1495	1	1
101	1495	1	1
157	1495	1	1
302	1495	1	1
189	1497	1	1
232	1497	1	1
4	1500	1	1
99	1500	1	1
141	1500	1	1
143	1500	1	1
152	1500	1	1
157	1500	1	1
160	1500	1	1
164	1500	1	1
177	1500	1	1
93	1503	1	1
143	1504	1	1
4	1506	1	1
143	1506	1	1
152	1506	1	1
157	1506	1	1
160	1506	1	1
164	1506	1	1
219	1506	1	1
130	1507	1	1
133	1507	1	1
143	1507	1	1
219	1507	1	1
4	1515	1	1
143	1515	1	1
152	1515	1	1
157	1515	1	1
160	1515	1	1
164	1515	1	1
359	1515	1	1
143	1528	1	1
304	1528	1	1
4	1529	1	1
304	1529	1	1
4	1535	1	1
143	1535	1	1
152	1535	1	1
154	1535	1	1
157	1535	1	1
160	1535	1	1
164	1535	1	1
218	1535	1	1
55	1543	1	1
292	1543	1	1
342	1543	1	1
143	1548	1	1
185	1548	1	1
302	1548	1	1
143	1549	1	1
156	1549	1	1
213	1549	1	1
4	1551	1	1
143	1551	1	1
152	1551	1	1
154	1551	1	1
157	1551	1	1
160	1551	1	1
164	1551	1	1
218	1551	1	1
4	1559	1	1
143	1559	1	1
152	1559	1	1
154	1559	1	1
157	1559	1	1
160	1559	1	1
164	1559	1	1
218	1559	1	1
143	1575	1	1
160	1575	1	1
164	1575	1	1
335	1575	1	1
359	1575	1	1
143	1578	1	1
333	1578	1	1
143	1580	1	1
229	1580	1	1
333	1580	1	1
4	1587	1	1
143	1587	1	1
152	1587	1	1
157	1587	1	1
160	1587	1	1
164	1587	1	1
4	1601	1	1
143	1601	1	1
152	1601	1	1
157	1601	1	1
160	1601	1	1
164	1601	1	1
219	1601	1	1
4	1603	1	1
143	1603	1	1
152	1603	1	1
157	1603	1	1
160	1603	1	1
164	1603	1	1
267	1603	1	1
141	1604	1	1
143	1604	1	1
218	1604	1	1
359	1604	1	1
254	1607	1	1
37	1609	1	1
141	1609	1	1
143	1609	1	1
171	1609	1	1
4	1611	1	1
27	1611	1	1
143	1611	1	1
152	1611	1	1
157	1611	1	1
160	1611	1	1
164	1611	1	1
4	1618	1	1
29	1618	1	1
44	1618	1	1
81	1618	1	1
99	1618	1	1
157	1618	1	1
250	1618	1	1
360	1618	1	1
359	1619	1	1
189	1621	1	1
143	1623	1	1
302	1623	2	1
98	1627	1	1
128	1627	1	1
302	1627	1	1
4	1628	1	1
143	1628	1	1
152	1628	1	1
157	1628	1	1
160	1628	1	1
164	1628	1	1
304	1628	1	1
4	1633	1	1
143	1633	1	1
152	1633	1	1
157	1633	1	1
160	1633	1	1
164	1633	1	1
143	1637	1	1
359	1637	1	1
4	1638	1	1
143	1638	1	1
152	1638	1	1
157	1638	1	1
160	1638	1	1
164	1638	1	1
143	1642	1	1
302	1642	1	1
72	1643	1	1
143	1643	1	1
13	1647	1	1
215	1647	1	1
218	1647	1	1
248	1647	1	1
254	1647	1	1
117	1649	5	1
304	1649	1	1
10	1651	1	1
120	1651	1	1
4	1658	1	1
143	1658	1	1
152	1658	1	1
157	1658	2	1
160	1658	1	1
164	1658	1	1
103	1660	1	1
143	1660	1	1
157	1660	1	1
160	1660	1	1
164	1660	1	1
267	1660	1	1
291	1660	1	1
329	1660	1	1
143	1661	1	1
215	1661	1	1
218	1661	1	1
248	1661	1	1
254	1661	1	1
143	1683	1	1
4	1688	1	1
143	1688	1	1
152	1688	1	1
154	1688	1	1
157	1688	1	1
160	1688	1	1
164	1688	1	1
218	1688	1	1
183	1693	1	1
359	1693	1	1
143	1694	1	1
160	1694	1	1
185	1694	1	1
230	1694	1	1
341	1694	1	1
4	1700	1	1
27	1700	1	1
103	1700	1	1
120	1700	1	1
143	1700	1	1
152	1700	1	1
157	1700	1	1
160	1700	1	1
164	1700	1	1
267	1700	1	1
143	1715	1	1
177	1715	1	1
15	1717	1	1
87	1717	1	1
122	1717	1	1
265	1717	1	1
99	1723	1	1
225	1723	1	1
346	1723	1	1
4	1724	1	1
143	1724	1	1
152	1724	1	1
154	1724	1	1
157	1724	1	1
160	1724	1	1
164	1724	1	1
218	1724	1	1
333	1728	1	1
127	1739	1	1
143	1739	1	1
176	1739	1	1
304	1739	1	1
4	1744	1	1
51	1744	1	1
72	1744	1	1
99	1744	1	1
143	1744	1	1
164	1744	1	1
99	1745	1	1
120	1745	1	1
253	1745	1	1
282	1745	1	1
304	1745	1	1
47	1746	1	1
118	1746	1	1
201	1746	1	1
232	1746	1	1
334	1746	1	1
93	1747	1	1
201	1747	1	1
219	1747	1	1
337	1747	1	1
341	1747	1	1
93	1748	1	1
99	1748	1	1
4	1753	1	1
143	1753	1	1
152	1753	1	1
154	1753	1	1
157	1753	1	1
160	1753	1	1
164	1753	1	1
218	1753	1	1
143	1754	1	1
151	1754	1	1
273	1754	1	1
143	1758	1	1
143	1762	1	1
267	1762	1	1
89	5	1	4
92	5	1	4
143	25	1	4
304	25	1	4
32	38	1	4
143	38	1	4
178	148	1	4
304	150	1	4
305	150	1	4
59	153	1	4
195	153	1	4
283	153	1	4
305	153	1	4
328	153	1	4
334	153	1	4
159	159	1	4
31	224	1	4
178	224	1	4
328	224	1	4
117	239	3	4
231	239	1	4
22	244	1	4
251	244	1	4
199	248	1	4
218	337	1	4
253	337	1	4
142	367	1	4
263	367	1	4
268	367	1	4
333	367	1	4
100	373	1	4
112	373	1	4
240	373	1	4
100	400	1	4
203	400	1	4
286	400	1	4
306	414	1	4
49	418	1	4
286	418	2	4
313	418	1	4
68	427	1	4
104	508	1	4
110	508	1	4
119	508	1	4
240	508	1	4
326	508	1	4
214	514	1	4
304	514	1	4
29	529	1	4
242	529	1	4
37	569	1	4
180	569	1	4
335	569	1	4
143	570	1	4
214	570	1	4
32	578	1	4
143	578	1	4
188	578	1	4
238	578	1	4
304	578	1	4
320	578	1	4
84	581	1	4
335	583	1	4
335	587	1	4
303	589	1	4
138	596	1	4
113	664	1	4
214	664	1	4
226	664	1	4
241	664	1	4
309	664	1	4
87	706	1	4
143	708	1	4
206	708	1	4
113	716	1	4
196	802	2	4
293	802	1	4
333	802	2	4
359	802	1	4
47	804	1	4
138	804	1	4
196	804	1	4
200	804	1	4
291	804	1	4
333	804	2	4
343	804	1	4
359	804	1	4
111	836	1	4
128	836	1	4
167	925	1	4
208	925	1	4
304	925	1	4
338	925	1	4
63	955	1	4
143	955	1	4
174	955	1	4
209	955	1	4
95	1161	1	4
128	1161	1	4
143	1161	1	4
127	1196	1	4
202	1212	1	4
269	1212	1	4
293	1212	1	4
299	1212	1	4
166	1213	1	4
311	1215	1	4
13	1244	1	4
215	1244	1	4
248	1244	1	4
266	1244	1	4
317	1244	1	4
34	1319	2	4
143	1319	1	4
209	1319	1	4
335	1319	1	4
32	1336	1	4
143	1336	1	4
218	1336	1	4
240	1351	1	4
271	1351	1	4
253	1380	1	4
125	1386	1	4
286	1386	1	4
23	1525	1	4
104	1525	1	4
110	1525	1	4
111	1525	1	4
205	1525	1	4
323	1525	1	4
77	1527	1	4
289	1527	1	4
58	1531	1	4
119	1531	1	4
296	1531	1	4
304	1531	1	4
258	1540	1	4
108	1579	1	4
127	1579	1	4
314	1579	1	4
340	1579	1	4
235	1586	2	4
245	1586	1	4
270	1586	1	4
32	1612	1	4
143	1612	1	4
218	1612	1	4
44	1626	1	4
143	1626	1	4
271	1626	1	4
304	1626	1	4
74	1685	1	4
93	1685	1	4
300	1685	1	4
143	1733	1	4
229	1733	1	4
245	1733	1	4
143	1769	1	4
249	1769	1	4
119	2	1	6
1	3	1	6
92	6	1	6
143	6	1	6
183	6	1	6
221	6	1	6
299	9	1	6
311	9	1	6
129	10	1	6
180	14	1	6
189	14	1	6
220	14	1	6
299	14	1	6
340	14	1	6
262	15	1	6
32	16	1	6
52	16	1	6
131	16	1	6
143	16	1	6
262	16	1	6
304	16	1	6
66	17	1	6
143	17	1	6
255	17	1	6
304	17	1	6
334	17	1	6
127	18	1	6
143	18	1	6
279	18	1	6
126	21	1	6
185	21	1	6
128	22	1	6
265	22	1	6
323	22	1	6
189	23	1	6
7	26	1	6
225	26	1	6
289	27	1	6
340	27	1	6
185	29	1	6
334	30	1	6
112	32	1	6
242	32	1	6
47	33	1	6
185	33	1	6
283	33	1	6
55	34	1	6
92	34	1	6
219	35	1	6
185	36	1	6
189	37	1	6
6	39	1	6
68	39	1	6
88	39	1	6
274	39	1	6
293	39	1	6
353	39	1	6
131	40	1	6
199	40	1	6
254	40	1	6
286	40	1	6
6	43	1	6
68	43	1	6
88	43	1	6
274	43	1	6
293	43	1	6
353	43	1	6
112	44	1	6
192	44	1	6
303	44	1	6
304	44	1	6
6	45	1	6
68	45	1	6
88	45	1	6
274	45	1	6
293	45	1	6
353	45	1	6
23	46	1	6
92	46	1	6
127	46	1	6
136	46	1	6
68	48	1	6
236	50	1	6
149	51	1	6
304	51	1	6
189	52	1	6
242	52	1	6
33	53	1	6
69	53	1	6
150	53	1	6
254	53	1	6
304	53	1	6
335	53	1	6
33	54	1	6
150	54	1	6
254	54	1	6
304	54	1	6
335	54	1	6
129	55	1	6
225	55	1	6
338	56	1	6
149	57	1	6
53	58	1	6
283	58	1	6
93	59	1	6
150	59	1	6
210	62	1	6
287	63	1	6
309	63	1	6
109	64	1	6
143	64	1	6
276	64	1	6
128	66	1	6
116	67	1	6
300	68	1	6
335	68	1	6
343	68	1	6
227	70	1	6
227	72	1	6
337	72	1	6
67	75	1	6
175	75	1	6
186	75	1	6
256	75	1	6
266	75	2	6
124	77	1	6
93	79	1	6
304	79	1	6
326	79	1	6
67	82	1	6
175	82	1	6
186	82	1	6
256	82	1	6
266	82	3	6
30	88	1	6
316	90	1	6
189	91	1	6
97	92	1	6
127	92	1	6
311	92	1	6
320	93	1	6
143	94	1	6
306	94	1	6
334	94	1	6
93	98	1	6
174	98	1	6
193	98	1	6
346	98	1	6
143	99	1	6
11	101	1	6
8	104	1	6
143	104	1	6
354	105	1	6
8	108	1	6
140	108	1	6
8	110	1	6
332	110	1	6
214	111	1	6
304	111	1	6
294	113	1	6
29	114	1	6
201	114	1	6
340	114	1	6
32	120	1	6
143	120	1	6
218	120	1	6
258	122	1	6
361	122	1	6
185	123	1	6
52	124	1	6
143	124	1	6
269	124	1	6
32	125	1	6
109	125	1	6
143	125	1	6
218	125	1	6
204	127	1	6
214	127	1	6
251	127	1	6
270	129	1	6
303	129	1	6
324	129	1	6
334	129	1	6
96	130	1	6
304	130	1	6
334	132	1	6
44	133	1	6
86	133	1	6
166	133	1	6
252	135	1	6
127	136	1	6
22	137	1	6
334	137	1	6
110	139	1	6
143	139	1	6
286	139	1	6
303	139	1	6
353	139	1	6
195	141	1	6
106	143	1	6
286	146	1	6
303	146	1	6
17	149	1	6
201	151	1	6
246	151	1	6
350	152	1	6
85	155	1	6
195	155	1	6
85	156	1	6
195	156	1	6
143	160	1	6
314	160	1	6
201	161	1	6
342	162	1	6
166	163	1	6
206	163	1	6
351	163	1	6
166	164	1	6
206	164	1	6
351	164	1	6
178	165	1	6
185	165	1	6
188	165	1	6
288	165	2	6
304	165	1	6
305	165	1	6
335	165	1	6
344	165	1	6
32	166	1	6
108	166	1	6
143	166	2	6
64	167	1	6
166	169	1	6
206	169	1	6
351	169	1	6
166	170	1	6
206	170	1	6
351	170	1	6
6	171	1	6
68	171	1	6
88	171	1	6
274	171	1	6
293	171	1	6
353	171	1	6
143	172	1	6
304	172	1	6
343	172	1	6
2	173	1	6
96	173	1	6
105	173	1	6
110	173	1	6
210	173	1	6
330	173	1	6
82	174	1	6
143	175	1	6
135	176	1	6
138	176	1	6
185	176	1	6
285	177	1	6
66	178	1	6
149	178	1	6
265	178	1	6
304	178	1	6
324	179	1	6
66	180	1	6
3	181	1	6
195	181	1	6
346	181	1	6
185	184	1	6
312	184	1	6
68	186	1	6
112	186	1	6
178	186	1	6
288	186	1	6
329	186	1	6
334	186	1	6
189	187	1	6
6	188	1	6
68	188	1	6
88	188	1	6
274	188	1	6
293	188	1	6
353	188	1	6
68	189	1	6
218	189	1	6
284	189	1	6
66	190	1	6
234	190	1	6
143	191	1	6
295	191	1	6
304	193	1	6
48	194	1	6
62	194	1	6
128	194	1	6
143	194	1	6
147	194	1	6
161	194	1	6
265	194	1	6
281	194	1	6
357	194	1	6
130	196	1	6
145	196	1	6
48	197	1	6
62	197	1	6
128	197	1	6
143	197	1	6
147	197	1	6
161	197	1	6
265	197	1	6
281	197	1	6
357	197	1	6
33	199	1	6
111	199	1	6
353	199	1	6
48	200	1	6
62	200	1	6
128	200	1	6
143	200	1	6
147	200	1	6
161	200	1	6
265	200	1	6
281	200	1	6
357	200	1	6
122	201	1	6
293	201	1	6
335	201	1	6
48	202	1	6
62	202	1	6
128	202	1	6
143	202	1	6
147	202	1	6
161	202	1	6
265	202	1	6
281	202	1	6
357	202	1	6
86	203	1	6
48	204	1	6
62	204	1	6
128	204	1	6
143	204	1	6
147	204	1	6
161	204	1	6
265	204	1	6
281	204	1	6
357	204	1	6
313	205	1	6
48	206	1	6
62	206	1	6
128	206	1	6
143	206	1	6
147	206	1	6
161	206	1	6
265	206	1	6
281	206	1	6
357	206	1	6
112	207	1	6
48	208	1	6
62	208	1	6
128	208	1	6
143	208	1	6
147	208	1	6
161	208	1	6
265	208	1	6
281	208	1	6
357	208	1	6
48	210	1	6
62	210	1	6
128	210	1	6
143	210	1	6
147	210	1	6
161	210	1	6
265	210	1	6
281	210	1	6
357	210	1	6
212	211	1	6
44	212	1	6
53	212	1	6
99	212	1	6
48	213	1	6
62	213	1	6
128	213	1	6
143	213	1	6
147	213	1	6
161	213	1	6
265	213	1	6
281	213	1	6
357	213	1	6
350	214	1	6
45	215	1	6
87	215	1	6
204	215	1	6
214	215	1	6
332	215	1	6
48	216	1	6
62	216	1	6
128	216	1	6
143	216	1	6
147	216	1	6
161	216	1	6
265	216	1	6
281	216	1	6
357	216	1	6
48	218	1	6
62	218	1	6
128	218	1	6
143	218	1	6
147	218	1	6
161	218	1	6
265	218	1	6
281	218	1	6
357	218	1	6
116	219	1	6
135	219	1	6
326	220	1	6
48	221	1	6
77	221	1	6
241	221	1	6
325	221	1	6
112	222	1	6
110	223	1	6
116	225	1	6
116	227	1	6
48	228	1	6
62	228	1	6
128	228	1	6
143	228	1	6
147	228	1	6
161	228	1	6
265	228	1	6
281	228	1	6
357	228	1	6
143	230	1	6
215	230	1	6
345	230	1	6
80	231	1	6
117	231	2	6
168	231	1	6
144	232	1	6
201	232	1	6
288	232	1	6
91	234	1	6
143	234	1	6
304	234	1	6
304	236	1	6
41	247	1	6
112	247	1	6
139	247	1	6
289	247	1	6
304	247	1	6
29	251	1	6
68	252	1	6
351	252	1	6
24	253	1	6
183	253	1	6
136	255	1	6
180	255	1	6
184	256	1	6
313	256	1	6
111	257	1	6
239	257	1	6
304	257	1	6
346	257	1	6
335	258	1	6
343	258	1	6
353	258	1	6
53	261	1	6
140	261	1	6
214	261	1	6
121	262	1	6
297	263	1	6
299	263	1	6
304	264	1	6
133	266	1	6
143	266	1	6
200	266	1	6
201	266	1	6
203	266	1	6
25	267	1	6
246	267	1	6
64	268	1	6
145	268	1	6
28	269	1	6
130	269	1	6
334	269	1	6
30	270	1	6
120	270	1	6
133	270	1	6
326	270	1	6
325	272	1	6
48	273	1	6
62	273	1	6
128	273	1	6
143	273	1	6
147	273	1	6
161	273	1	6
265	273	1	6
281	273	1	6
357	273	1	6
189	274	1	6
346	274	1	6
129	275	1	6
189	275	1	6
226	275	1	6
269	277	1	6
313	277	1	6
110	279	1	6
112	279	1	6
143	279	1	6
149	279	1	6
314	279	1	6
149	280	1	6
211	280	1	6
355	280	1	6
21	281	1	6
90	281	1	6
26	282	1	6
36	283	1	6
201	283	1	6
234	283	1	6
343	283	1	6
251	284	1	6
346	284	1	6
26	285	1	6
221	285	1	6
340	285	1	6
58	287	1	6
225	287	1	6
53	288	1	6
304	288	1	6
68	289	1	6
304	289	1	6
59	290	1	6
226	290	1	6
241	290	1	6
340	290	2	6
343	290	1	6
74	292	1	6
334	292	1	6
15	294	1	6
121	294	1	6
137	294	1	6
258	294	1	6
350	295	1	6
53	298	1	6
304	298	1	6
269	299	1	6
240	300	1	6
246	300	1	6
297	302	1	6
79	303	1	6
225	303	1	6
28	304	1	6
2	305	1	6
51	305	1	6
115	305	1	6
214	305	1	6
29	306	1	6
112	306	1	6
176	306	1	6
304	306	1	6
42	308	1	6
68	308	1	6
138	308	1	6
139	308	1	6
291	308	1	6
130	309	1	6
145	309	1	6
94	311	1	6
254	311	1	6
268	311	1	6
120	312	1	6
187	314	1	6
37	316	1	6
112	316	1	6
312	316	1	6
334	316	2	6
335	316	1	6
3	319	1	6
37	321	1	6
183	321	1	6
93	322	1	6
106	322	1	6
305	322	1	6
143	323	1	6
167	325	1	6
90	326	1	6
189	326	2	6
202	326	1	6
287	326	2	6
29	330	1	6
303	331	1	6
338	331	1	6
93	332	2	6
182	332	1	6
26	334	1	6
98	335	1	6
283	336	2	6
287	336	1	6
314	336	1	6
249	338	1	6
32	341	1	6
146	341	1	6
176	341	1	6
185	341	1	6
287	341	1	6
189	342	1	6
130	343	1	6
235	343	1	6
123	344	1	6
124	344	1	6
182	344	1	6
185	344	1	6
299	344	1	6
45	346	1	6
111	346	1	6
143	346	1	6
149	346	1	6
131	347	1	6
273	347	1	6
314	347	1	6
334	347	1	6
325	348	1	6
22	349	1	6
251	349	1	6
276	349	1	6
123	350	1	6
185	350	1	6
334	350	1	6
110	351	1	6
304	351	1	6
5	352	1	6
35	352	1	6
149	352	1	6
305	352	1	6
338	352	1	6
110	355	1	6
304	356	1	6
313	356	1	6
80	357	1	6
52	358	1	6
143	358	3	6
50	359	1	6
173	359	1	6
185	359	1	6
3	360	1	6
240	360	1	6
242	360	1	6
3	361	1	6
110	361	1	6
140	361	1	6
189	361	2	6
228	361	1	6
238	361	1	6
358	361	1	6
332	362	1	6
96	363	1	6
109	363	1	6
143	363	1	6
265	363	1	6
275	363	1	6
304	363	1	6
264	364	1	6
5	369	1	6
194	369	1	6
304	369	1	6
247	370	1	6
128	374	1	6
226	374	1	6
343	374	1	6
346	374	1	6
128	375	1	6
226	375	1	6
343	375	1	6
346	375	1	6
23	376	1	6
32	376	1	6
50	376	1	6
173	376	1	6
194	377	1	6
143	382	1	6
273	382	1	6
311	382	1	6
20	383	1	6
78	383	1	6
120	383	2	6
276	383	1	6
332	383	1	6
17	385	1	6
110	385	1	6
200	385	1	6
225	385	1	6
340	385	1	6
48	386	1	6
62	386	1	6
128	386	1	6
143	386	1	6
147	386	1	6
161	386	1	6
265	386	1	6
281	386	1	6
357	386	1	6
48	387	1	6
62	387	1	6
128	387	1	6
143	387	1	6
147	387	1	6
161	387	1	6
265	387	1	6
281	387	1	6
357	387	1	6
60	388	1	6
11	389	1	6
49	389	1	6
304	389	1	6
340	389	1	6
346	389	1	6
58	390	1	6
146	390	1	6
48	391	1	6
62	391	1	6
128	391	1	6
143	391	1	6
147	391	1	6
161	391	1	6
265	391	1	6
281	391	1	6
357	391	1	6
37	392	1	6
136	392	1	6
219	392	1	6
48	393	1	6
62	393	1	6
128	393	1	6
143	393	1	6
147	393	1	6
161	393	1	6
265	393	1	6
281	393	1	6
357	393	1	6
32	395	1	6
143	395	1	6
218	395	1	6
143	396	1	6
143	397	1	6
32	401	1	6
138	401	1	6
143	401	1	6
218	401	1	6
160	402	1	6
48	404	1	6
62	404	1	6
128	404	1	6
143	404	1	6
147	404	1	6
161	404	1	6
265	404	1	6
281	404	1	6
357	404	1	6
78	405	1	6
143	405	1	6
187	408	1	6
185	410	1	6
191	410	1	6
143	412	1	6
294	412	1	6
89	413	1	6
143	413	1	6
219	413	1	6
304	413	1	6
244	416	1	6
143	417	1	6
354	417	2	6
105	419	1	6
249	419	1	6
50	420	1	6
119	420	1	6
173	420	1	6
183	420	1	6
201	420	1	6
264	420	1	6
280	424	1	6
143	425	1	6
271	425	1	6
346	425	1	6
119	426	1	6
304	426	1	6
346	426	1	6
146	429	1	6
181	429	1	6
210	429	1	6
325	429	1	6
346	429	1	6
143	430	1	6
85	431	1	6
92	431	1	6
104	431	1	6
180	431	1	6
85	432	1	6
92	432	1	6
104	432	1	6
180	432	1	6
50	433	1	6
173	433	1	6
181	434	1	6
210	434	1	6
252	434	1	6
325	434	1	6
166	435	1	6
287	435	1	6
48	436	1	6
304	436	1	6
176	438	1	6
183	438	1	6
121	442	1	6
313	443	1	6
166	445	1	6
185	445	2	6
191	445	1	6
246	445	1	6
251	446	1	6
335	446	1	6
223	447	1	6
292	447	1	6
317	447	1	6
48	449	1	6
178	449	1	6
110	450	1	6
119	450	1	6
137	450	1	6
167	450	1	6
303	450	1	6
346	450	1	6
126	451	1	6
185	451	1	6
210	451	1	6
330	451	1	6
334	451	1	6
335	451	1	6
145	452	1	6
304	452	1	6
337	452	1	6
166	454	1	6
304	455	1	6
323	455	1	6
49	456	1	6
185	456	1	6
143	457	1	6
263	457	1	6
143	459	1	6
243	459	1	6
304	459	1	6
159	462	1	6
338	462	1	6
342	462	1	6
93	463	1	6
189	463	1	6
111	464	3	6
309	464	1	6
323	465	1	6
335	465	1	6
318	466	1	6
25	468	1	6
232	470	1	6
240	470	1	6
64	472	1	6
131	472	1	6
338	472	1	6
63	477	1	6
185	477	2	6
193	478	1	6
149	479	1	6
159	479	1	6
185	479	1	6
355	479	1	6
138	480	1	6
280	480	1	6
335	480	1	6
138	481	1	6
178	481	1	6
280	481	1	6
335	481	1	6
66	482	1	6
229	482	1	6
270	482	1	6
143	484	1	6
305	484	1	6
306	485	1	6
295	487	1	6
304	489	1	6
55	490	1	6
122	490	1	6
105	491	1	6
143	491	1	6
304	491	1	6
346	491	1	6
166	492	1	6
50	493	1	6
121	493	1	6
173	493	1	6
230	493	1	6
330	493	1	6
32	494	1	6
143	494	1	6
218	494	1	6
121	495	1	6
239	495	1	6
290	495	1	6
305	495	1	6
319	495	1	6
334	495	1	6
108	496	1	6
304	496	1	6
143	497	1	6
304	497	1	6
305	497	1	6
129	498	1	6
260	498	1	6
68	499	1	6
90	499	1	6
143	499	1	6
185	499	1	6
304	499	1	6
340	499	1	6
254	500	1	6
305	500	1	6
189	501	1	6
208	501	1	6
68	502	1	6
324	502	1	6
113	503	1	6
76	506	2	6
265	506	1	6
239	507	2	6
295	507	1	6
76	509	2	6
100	509	1	6
113	509	1	6
199	509	1	6
265	509	1	6
112	510	1	6
254	510	1	6
328	510	1	6
347	510	1	6
20	511	1	6
113	511	1	6
144	511	1	6
214	511	1	6
282	511	1	6
298	511	1	6
308	511	1	6
191	516	1	6
313	516	1	6
206	517	1	6
178	518	1	6
247	518	1	6
287	518	1	6
37	520	2	6
202	520	1	6
306	520	1	6
346	520	1	6
68	521	1	6
304	521	1	6
340	521	1	6
25	522	1	6
76	522	1	6
100	522	1	6
334	524	1	6
20	525	1	6
113	525	1	6
144	525	1	6
214	525	1	6
282	525	1	6
298	525	1	6
308	525	1	6
20	526	1	6
113	526	1	6
144	526	1	6
214	526	1	6
282	526	1	6
298	526	1	6
308	526	1	6
20	527	1	6
113	527	1	6
144	527	1	6
214	527	1	6
282	527	1	6
298	527	1	6
308	527	1	6
20	528	1	6
113	528	1	6
144	528	1	6
214	528	1	6
282	528	1	6
298	528	1	6
308	528	1	6
20	530	1	6
113	530	1	6
144	530	1	6
214	530	1	6
282	530	1	6
298	530	1	6
308	530	1	6
58	531	1	6
225	531	1	6
20	532	1	6
113	532	1	6
144	532	1	6
214	532	1	6
282	532	1	6
298	532	1	6
308	532	1	6
189	533	1	6
111	534	1	6
343	534	1	6
115	535	1	6
9	536	1	6
303	536	1	6
324	536	1	6
36	537	1	6
32	540	1	6
101	540	1	6
143	540	1	6
250	540	1	6
185	541	1	6
69	542	1	6
167	542	1	6
235	543	1	6
166	548	1	6
141	549	1	6
179	549	1	6
206	549	1	6
268	549	1	6
69	550	1	6
176	550	1	6
328	550	2	6
354	550	1	6
308	551	1	6
346	551	1	6
123	552	1	6
236	552	1	6
115	553	1	6
143	553	1	6
346	553	1	6
69	554	1	6
225	554	1	6
63	555	1	6
148	556	1	6
327	556	1	6
37	558	1	6
304	558	1	6
335	558	1	6
37	559	1	6
286	559	1	6
37	561	1	6
190	562	3	6
323	562	1	6
121	563	1	6
345	563	1	6
15	565	1	6
108	565	1	6
329	565	1	6
348	565	1	6
360	565	1	6
299	567	1	6
189	571	1	6
120	573	1	6
137	574	1	6
189	574	1	6
186	576	3	6
111	579	1	6
91	580	1	6
104	580	1	6
113	580	1	6
138	580	1	6
142	580	1	6
143	580	1	6
213	580	1	6
141	584	1	6
231	585	1	6
19	586	1	6
36	586	1	6
56	586	1	6
79	586	1	6
110	586	1	6
212	586	1	6
311	586	1	6
334	588	1	6
151	590	1	6
190	590	2	6
284	590	1	6
311	590	1	6
313	590	1	6
336	590	1	6
74	591	1	6
93	591	1	6
242	591	1	6
286	591	1	6
214	592	1	6
92	593	1	6
143	593	1	6
161	593	1	6
194	593	1	6
228	593	1	6
270	593	1	6
304	593	1	6
35	594	1	6
217	594	1	6
244	594	2	6
12	595	1	6
262	595	1	6
18	598	1	6
162	598	1	6
189	598	1	6
210	598	1	6
304	598	1	6
18	599	1	6
35	599	1	6
217	599	1	6
244	599	2	6
126	600	1	6
143	600	1	6
304	600	1	6
143	602	1	6
162	602	1	6
316	602	1	6
335	602	1	6
225	604	2	6
261	604	1	6
283	604	1	6
214	605	1	6
108	606	1	6
325	606	1	6
18	607	1	6
162	607	1	6
260	607	1	6
269	607	1	6
262	608	1	6
18	609	1	6
260	609	1	6
227	610	1	6
303	610	1	6
90	611	1	6
124	611	1	6
286	611	1	6
221	612	1	6
162	613	1	6
18	614	1	6
143	614	1	6
162	614	1	6
95	615	1	6
225	615	1	6
269	615	1	6
39	616	1	6
162	617	1	6
189	617	1	6
214	618	1	6
245	618	1	6
327	619	1	6
346	619	1	6
128	620	1	6
162	621	1	6
324	621	1	6
162	623	1	6
170	625	1	6
304	625	1	6
36	627	1	6
299	628	1	6
58	629	1	6
75	629	1	6
49	630	1	6
75	630	1	6
104	630	1	6
158	630	1	6
212	630	1	6
361	630	1	6
75	631	1	6
91	631	1	6
158	631	1	6
361	631	1	6
75	632	1	6
158	632	1	6
55	636	1	6
75	638	1	6
158	638	1	6
170	638	1	6
212	638	1	6
75	639	1	6
158	639	1	6
334	639	1	6
12	640	1	6
55	640	1	6
123	640	1	6
262	640	1	6
9	641	1	6
75	641	1	6
158	641	1	6
212	641	1	6
158	644	1	6
361	644	1	6
63	646	1	6
304	646	1	6
158	648	1	6
170	648	1	6
263	648	1	6
324	648	1	6
46	649	1	6
78	649	1	6
32	650	1	6
143	650	1	6
84	651	1	6
166	651	1	6
22	652	1	6
70	652	1	6
350	652	1	6
46	654	1	6
78	654	1	6
158	656	1	6
334	656	1	6
3	658	1	6
108	658	1	6
129	658	1	6
292	658	1	6
325	659	1	6
84	660	1	6
339	661	1	6
158	662	1	6
200	662	1	6
252	662	1	6
207	663	1	6
338	663	1	6
311	665	1	6
324	665	1	6
338	665	1	6
32	667	1	6
32	670	1	6
108	670	1	6
185	670	1	6
313	670	1	6
342	670	1	6
78	671	1	6
235	671	1	6
247	671	1	6
339	673	1	6
143	674	1	6
345	674	1	6
63	675	1	6
95	675	1	6
129	675	1	6
283	675	1	6
32	676	2	6
143	676	1	6
218	676	1	6
269	676	1	6
73	677	1	6
304	677	1	6
129	678	1	6
299	678	1	6
127	679	1	6
210	680	1	6
17	681	1	6
338	681	1	6
292	683	1	6
35	684	1	6
149	684	1	6
22	686	1	6
291	686	1	6
345	686	1	6
234	687	1	6
334	687	1	6
129	688	1	6
225	688	1	6
314	688	1	6
63	689	1	6
108	689	1	6
304	690	1	6
334	690	1	6
200	691	1	6
306	691	1	6
63	692	1	6
214	694	1	6
138	695	1	6
339	698	1	6
128	699	1	6
282	699	1	6
94	700	1	6
282	700	2	6
291	700	1	6
158	701	1	6
170	701	1	6
59	702	1	6
137	702	1	6
219	702	1	6
341	702	1	6
324	703	1	6
325	705	1	6
234	707	1	6
42	710	1	6
79	710	1	6
304	710	1	6
116	714	1	6
225	714	1	6
283	714	1	6
20	715	1	6
93	715	1	6
193	718	2	6
167	720	1	6
120	721	1	6
185	721	1	6
21	722	1	6
23	722	1	6
206	722	1	6
304	722	1	6
84	724	1	6
203	724	1	6
306	724	1	6
203	725	2	6
293	725	1	6
356	725	1	6
348	726	1	6
356	726	1	6
240	727	1	6
275	727	1	6
338	727	1	6
305	728	1	6
73	729	1	6
81	729	1	6
285	729	1	6
283	730	1	6
282	731	1	6
3	732	1	6
37	732	1	6
100	732	1	6
295	732	1	6
346	732	1	6
100	733	4	6
127	733	1	6
143	733	1	6
265	733	2	6
304	733	1	6
202	734	1	6
340	734	1	6
283	735	1	6
304	735	1	6
53	736	2	6
328	736	1	6
346	737	1	6
351	738	1	6
77	739	1	6
78	739	1	6
11	740	1	6
280	740	1	6
330	740	1	6
340	740	1	6
282	742	1	6
91	743	1	6
143	743	1	6
297	743	1	6
143	744	1	6
229	744	1	6
263	744	1	6
315	744	1	6
129	745	1	6
193	745	1	6
240	745	2	6
247	745	1	6
276	745	1	6
306	747	1	6
334	747	1	6
324	748	1	6
265	749	1	6
67	750	1	6
183	750	1	6
14	752	1	6
218	752	1	6
252	752	1	6
193	753	1	6
258	754	1	6
149	755	1	6
214	756	1	6
254	756	1	6
304	756	1	6
282	757	1	6
65	758	1	6
185	758	1	6
301	758	1	6
65	759	1	6
185	759	1	6
301	759	1	6
334	759	1	6
143	760	1	6
24	761	1	6
232	762	1	6
239	762	1	6
324	762	1	6
143	763	1	6
180	763	1	6
239	763	1	6
13	765	1	6
248	765	1	6
74	767	1	6
132	767	1	6
143	767	1	6
222	767	1	6
333	767	3	6
32	768	1	6
143	768	1	6
218	768	1	6
13	769	1	6
32	769	1	6
143	769	1	6
218	769	1	6
107	776	1	6
224	776	1	6
107	778	1	6
224	778	1	6
311	778	1	6
346	779	1	6
268	780	1	6
142	787	1	6
143	787	1	6
282	787	1	6
78	806	1	6
129	806	1	6
311	806	1	6
77	811	1	6
214	811	1	6
334	811	1	6
80	815	1	6
225	822	1	6
207	823	1	6
4	825	1	6
53	827	1	6
70	827	1	6
219	827	1	6
23	828	1	6
127	828	1	6
148	830	1	6
162	830	1	6
256	830	1	6
190	832	2	6
100	833	1	6
143	833	1	6
189	833	1	6
142	840	1	6
304	840	1	6
336	840	1	6
142	841	1	6
304	841	1	6
336	841	1	6
189	842	1	6
24	843	1	6
225	843	1	6
311	843	1	6
320	843	1	6
322	843	1	6
346	843	1	6
89	847	1	6
304	847	1	6
143	849	1	6
143	852	1	6
168	852	1	6
216	852	1	6
236	852	1	6
322	852	1	6
333	852	1	6
129	853	1	6
133	853	1	6
189	853	1	6
143	854	1	6
223	854	1	6
235	854	1	6
143	857	1	6
24	858	1	6
207	858	1	6
237	858	1	6
259	858	1	6
291	858	1	6
311	858	1	6
76	859	2	6
100	859	1	6
199	859	1	6
207	859	1	6
265	859	1	6
37	863	1	6
39	863	1	6
40	863	1	6
93	863	1	6
265	863	1	6
69	865	1	6
73	865	1	6
143	865	1	6
333	865	1	6
118	868	1	6
149	868	1	6
340	868	1	6
76	869	1	6
100	869	1	6
144	869	1	6
20	870	1	6
24	870	1	6
114	870	1	6
189	870	1	6
207	870	1	6
237	870	1	6
259	870	1	6
311	870	1	6
143	871	1	6
333	871	2	6
20	872	1	6
24	872	1	6
114	872	1	6
189	872	1	6
207	872	1	6
237	872	1	6
259	872	1	6
311	872	1	6
143	877	1	6
284	877	1	6
33	878	1	6
130	878	1	6
138	878	1	6
336	884	1	6
18	885	1	6
162	885	1	6
269	885	1	6
337	885	1	6
333	891	2	6
333	894	3	6
65	896	1	6
301	896	1	6
78	897	1	6
342	897	1	6
65	899	1	6
261	899	1	6
301	899	1	6
143	900	1	6
333	900	1	6
65	903	1	6
80	903	1	6
143	903	1	6
229	903	1	6
301	903	2	6
102	905	1	6
131	905	1	6
5	909	1	6
290	909	1	6
65	910	1	6
157	910	1	6
301	910	1	6
135	911	1	6
143	911	1	6
269	911	1	6
333	911	1	6
44	912	1	6
89	912	1	6
314	912	1	6
143	916	1	6
207	916	1	6
225	916	1	6
207	919	1	6
269	919	1	6
22	921	1	6
86	921	1	6
116	921	1	6
269	921	1	6
338	921	1	6
352	924	1	6
143	928	1	6
217	928	1	6
229	928	1	6
333	928	1	6
130	929	1	6
256	929	1	6
127	930	1	6
175	932	1	6
130	935	1	6
143	935	1	6
349	935	1	6
84	938	1	6
206	942	1	6
249	944	1	6
104	947	1	6
201	947	1	6
304	947	1	6
107	950	1	6
196	950	1	6
219	950	3	6
235	950	1	6
333	950	1	6
119	951	1	6
186	951	2	6
143	952	1	6
219	952	1	6
333	952	2	6
360	952	1	6
20	956	2	6
55	956	1	6
15	963	1	6
23	963	1	6
6	964	1	6
73	964	1	6
149	964	1	6
183	964	1	6
305	964	1	6
182	967	1	6
214	967	1	6
223	967	1	6
247	971	1	6
92	972	1	6
162	972	1	6
204	972	1	6
343	972	1	6
32	973	1	6
37	973	1	6
143	973	1	6
52	974	1	6
192	974	1	6
311	974	1	6
97	975	1	6
143	976	1	6
311	976	1	6
333	976	3	6
29	979	1	6
104	979	1	6
290	986	1	6
25	987	1	6
207	987	1	6
141	990	1	6
185	990	1	6
84	991	1	6
101	991	1	6
128	991	1	6
159	991	1	6
69	994	1	6
333	994	2	6
111	995	1	6
311	995	1	6
313	995	1	6
143	996	1	6
11	997	2	6
143	997	1	6
238	997	1	6
48	998	1	6
62	998	1	6
128	998	1	6
143	998	1	6
147	998	1	6
161	998	1	6
265	998	1	6
281	998	1	6
357	998	1	6
48	999	1	6
62	999	1	6
128	999	1	6
143	999	1	6
147	999	1	6
161	999	1	6
265	999	1	6
281	999	1	6
357	999	1	6
48	1000	1	6
62	1000	1	6
128	1000	1	6
143	1000	1	6
147	1000	1	6
161	1000	1	6
265	1000	1	6
281	1000	1	6
357	1000	1	6
48	1001	1	6
62	1001	1	6
128	1001	1	6
143	1001	1	6
147	1001	1	6
161	1001	1	6
265	1001	1	6
281	1001	1	6
357	1001	1	6
48	1002	1	6
62	1002	1	6
128	1002	1	6
143	1002	1	6
147	1002	1	6
161	1002	1	6
265	1002	1	6
281	1002	1	6
357	1002	1	6
48	1003	1	6
62	1003	1	6
128	1003	1	6
143	1003	1	6
147	1003	1	6
161	1003	1	6
265	1003	1	6
281	1003	1	6
357	1003	1	6
11	1004	1	6
214	1004	1	6
324	1004	1	6
48	1005	1	6
62	1005	1	6
128	1005	1	6
143	1005	1	6
147	1005	1	6
161	1005	1	6
265	1005	1	6
281	1005	1	6
357	1005	1	6
48	1006	1	6
62	1006	1	6
128	1006	1	6
143	1006	1	6
147	1006	1	6
161	1006	1	6
265	1006	1	6
281	1006	1	6
357	1006	1	6
48	1007	1	6
62	1007	1	6
128	1007	1	6
143	1007	1	6
147	1007	1	6
161	1007	1	6
265	1007	1	6
281	1007	1	6
357	1007	1	6
48	1008	1	6
62	1008	1	6
128	1008	1	6
143	1008	1	6
147	1008	1	6
161	1008	1	6
265	1008	1	6
281	1008	1	6
357	1008	1	6
31	1009	1	6
213	1009	1	6
133	1011	1	6
208	1011	1	6
82	1012	1	6
227	1012	1	6
266	1012	1	6
279	1012	1	6
294	1012	1	6
48	1014	1	6
62	1014	1	6
128	1014	1	6
143	1014	1	6
147	1014	1	6
161	1014	1	6
265	1014	1	6
281	1014	1	6
357	1014	1	6
48	1015	1	6
62	1015	1	6
128	1015	1	6
143	1015	1	6
147	1015	1	6
161	1015	1	6
265	1015	1	6
281	1015	1	6
357	1015	1	6
48	1016	1	6
62	1016	1	6
128	1016	1	6
143	1016	1	6
147	1016	1	6
161	1016	1	6
265	1016	1	6
281	1016	1	6
357	1016	1	6
48	1017	1	6
62	1017	1	6
128	1017	1	6
143	1017	1	6
147	1017	1	6
161	1017	1	6
265	1017	1	6
281	1017	1	6
357	1017	1	6
48	1018	1	6
62	1018	1	6
128	1018	1	6
143	1018	1	6
147	1018	1	6
161	1018	1	6
265	1018	1	6
281	1018	1	6
357	1018	1	6
48	1019	1	6
62	1019	1	6
128	1019	1	6
143	1019	1	6
147	1019	1	6
161	1019	1	6
265	1019	1	6
281	1019	1	6
357	1019	1	6
43	1020	1	6
48	1020	1	6
62	1020	1	6
128	1020	1	6
143	1020	1	6
147	1020	1	6
161	1020	1	6
257	1020	1	6
265	1020	1	6
281	1020	1	6
357	1020	1	6
48	1021	1	6
62	1021	1	6
128	1021	1	6
129	1021	1	6
143	1021	1	6
147	1021	1	6
161	1021	1	6
265	1021	1	6
281	1021	1	6
357	1021	1	6
48	1022	1	6
62	1022	1	6
128	1022	1	6
143	1022	1	6
147	1022	1	6
161	1022	1	6
265	1022	1	6
281	1022	1	6
357	1022	1	6
48	1023	1	6
62	1023	1	6
128	1023	1	6
143	1023	1	6
147	1023	1	6
161	1023	1	6
265	1023	1	6
281	1023	1	6
357	1023	1	6
42	1024	1	6
93	1024	1	6
143	1024	1	6
151	1024	1	6
7	1025	1	6
165	1025	1	6
48	1026	1	6
62	1026	1	6
128	1026	1	6
143	1026	1	6
147	1026	1	6
161	1026	1	6
265	1026	1	6
281	1026	1	6
357	1026	1	6
225	1029	1	6
263	1029	1	6
135	1032	1	6
141	1033	1	6
193	1033	1	6
311	1033	1	6
104	1034	1	6
304	1034	1	6
135	1035	1	6
143	1035	1	6
160	1035	1	6
269	1035	1	6
317	1035	1	6
259	1037	1	6
334	1037	1	6
358	1037	1	6
77	1039	1	6
187	1039	1	6
268	1039	2	6
311	1039	1	6
346	1039	1	6
60	1040	1	6
183	1040	1	6
220	1040	1	6
77	1041	1	6
104	1041	1	6
182	1041	1	6
20	1042	1	6
25	1042	1	6
90	1042	1	6
110	1042	1	6
201	1042	1	6
283	1044	1	6
119	1047	1	6
207	1047	1	6
253	1049	1	6
47	1054	1	6
21	1055	1	6
225	1055	1	6
276	1056	1	6
149	1058	1	6
149	1059	1	6
143	1061	1	6
221	1061	1	6
304	1061	2	6
321	1061	1	6
358	1061	1	6
360	1061	1	6
320	1062	1	6
351	1062	1	6
24	1065	1	6
151	1065	1	6
200	1065	1	6
247	1065	1	6
276	1065	1	6
330	1065	1	6
335	1066	1	6
175	1068	1	6
181	1068	1	6
84	1073	1	6
116	1073	1	6
194	1073	1	6
232	1073	1	6
47	1075	1	6
45	1078	1	6
59	1078	1	6
14	1079	1	6
101	1079	1	6
185	1080	1	6
334	1080	1	6
325	1081	1	6
143	1082	1	6
335	1082	1	6
32	1085	1	6
142	1085	1	6
143	1085	1	6
218	1085	1	6
207	1086	1	6
306	1089	1	6
110	1090	1	6
200	1093	1	6
259	1093	1	6
282	1093	1	6
336	1093	1	6
24	1095	1	6
115	1095	1	6
139	1096	1	6
311	1096	1	6
143	1098	1	6
275	1098	1	6
342	1098	1	6
122	1099	1	6
346	1099	1	6
24	1100	1	6
189	1100	1	6
207	1100	1	6
237	1100	1	6
291	1100	1	6
19	1101	1	6
89	1101	1	6
335	1101	1	6
323	1103	1	6
76	1105	1	6
100	1105	1	6
67	1106	1	6
122	1106	1	6
20	1107	1	6
24	1107	1	6
114	1107	1	6
189	1107	1	6
207	1107	1	6
237	1107	1	6
259	1107	1	6
311	1107	1	6
20	1108	1	6
24	1108	1	6
114	1108	1	6
189	1108	1	6
207	1108	1	6
237	1108	1	6
259	1108	1	6
311	1108	1	6
3	1109	1	6
133	1109	1	6
185	1109	1	6
189	1109	1	6
264	1109	1	6
290	1109	1	6
184	1110	1	6
20	1112	1	6
24	1112	1	6
114	1112	1	6
189	1112	1	6
207	1112	1	6
237	1112	1	6
259	1112	1	6
311	1112	1	6
20	1113	1	6
24	1113	1	6
114	1113	1	6
189	1113	1	6
207	1113	1	6
237	1113	1	6
259	1113	1	6
311	1113	1	6
34	1114	1	6
304	1114	1	6
346	1114	1	6
352	1114	1	6
20	1115	1	6
24	1115	1	6
114	1115	1	6
189	1115	1	6
207	1115	1	6
237	1115	1	6
259	1115	1	6
311	1115	1	6
20	1116	1	6
24	1116	1	6
114	1116	1	6
189	1116	1	6
207	1116	1	6
237	1116	1	6
259	1116	1	6
311	1116	1	6
269	1117	1	6
271	1117	1	6
292	1117	1	6
20	1118	1	6
24	1118	1	6
114	1118	1	6
189	1118	1	6
207	1118	1	6
237	1118	1	6
259	1118	1	6
311	1118	1	6
125	1120	1	6
311	1120	1	6
20	1121	1	6
24	1121	1	6
114	1121	1	6
189	1121	1	6
207	1121	1	6
237	1121	1	6
259	1121	1	6
311	1121	1	6
20	1122	1	6
24	1122	1	6
114	1122	1	6
189	1122	1	6
207	1122	1	6
237	1122	1	6
259	1122	1	6
311	1122	1	6
283	1123	1	6
338	1125	1	6
84	1127	1	6
170	1127	1	6
259	1127	1	6
32	1128	1	6
149	1128	1	6
192	1128	1	6
231	1128	1	6
311	1128	1	6
2	1130	1	6
64	1130	1	6
207	1131	1	6
224	1132	1	6
90	1133	1	6
93	1133	1	6
129	1133	1	6
304	1133	1	6
343	1133	1	6
346	1133	1	6
19	1136	1	6
202	1136	1	6
285	1136	1	6
52	1138	1	6
143	1138	1	6
229	1138	1	6
334	1138	1	6
48	1139	1	6
148	1139	1	6
159	1139	1	6
185	1139	1	6
32	1140	1	6
143	1140	1	6
218	1140	1	6
32	1141	1	6
143	1141	1	6
171	1141	1	6
218	1141	1	6
172	1142	1	6
200	1142	1	6
214	1142	1	6
334	1142	1	6
146	1144	1	6
225	1144	1	6
255	1144	1	6
283	1144	1	6
224	1145	1	6
175	1146	1	6
182	1146	1	6
185	1146	1	6
208	1146	1	6
41	1147	1	6
269	1148	1	6
311	1148	1	6
264	1149	2	6
329	1149	1	6
57	1150	1	6
207	1150	1	6
126	1151	1	6
306	1151	1	6
117	1152	3	6
204	1152	1	6
207	1152	1	6
231	1152	1	6
132	1153	1	6
332	1153	1	6
108	1154	1	6
268	1154	1	6
286	1154	1	6
314	1154	1	6
30	1157	1	6
32	1157	1	6
64	1157	1	6
212	1157	1	6
106	1158	1	6
200	1158	1	6
32	1159	1	6
24	1162	1	6
115	1162	1	6
185	1162	1	6
207	1162	1	6
311	1162	1	6
206	1163	1	6
226	1163	1	6
334	1163	2	6
106	1164	1	6
111	1164	1	6
205	1164	1	6
266	1164	1	6
185	1165	1	6
51	1166	1	6
333	1166	1	6
359	1166	1	6
294	1167	1	6
304	1167	1	6
225	1170	1	6
270	1170	1	6
275	1170	1	6
291	1170	1	6
296	1170	1	6
143	1171	1	6
149	1171	1	6
166	1171	1	6
106	1172	1	6
143	1174	1	6
168	1174	1	6
229	1174	1	6
20	1175	1	6
24	1175	1	6
114	1175	1	6
189	1175	1	6
207	1175	1	6
237	1175	1	6
259	1175	1	6
311	1175	1	6
74	1182	1	6
106	1182	1	6
159	1182	1	6
225	1182	1	6
350	1182	1	6
74	1183	1	6
106	1183	1	6
159	1183	1	6
225	1183	1	6
350	1183	1	6
29	1184	1	6
115	1184	1	6
185	1184	1	6
252	1184	1	6
328	1184	3	6
335	1184	1	6
185	1187	1	6
339	1187	2	6
185	1188	1	6
339	1188	2	6
39	1189	1	6
40	1189	1	6
79	1189	1	6
101	1189	1	6
189	1189	1	6
265	1189	1	6
339	1189	1	6
143	1192	1	6
39	1193	1	6
40	1193	1	6
100	1193	1	6
265	1193	1	6
143	1194	1	6
41	1195	1	6
91	1198	1	6
143	1198	1	6
290	1198	1	6
360	1198	1	6
190	1199	2	6
315	1199	1	6
254	1203	1	6
207	1204	1	6
269	1204	1	6
55	1205	1	6
143	1205	1	6
189	1205	2	6
9	1206	1	6
185	1206	1	6
249	1206	1	6
52	1208	1	6
143	1208	1	6
254	1208	1	6
198	1210	1	6
307	1210	1	6
143	1211	1	6
334	1211	1	6
5	1214	1	6
61	1214	1	6
93	1214	1	6
181	1214	1	6
205	1214	1	6
307	1214	1	6
346	1214	1	6
1	1216	1	6
61	1216	1	6
131	1216	1	6
181	1216	1	6
205	1216	1	6
307	1216	1	6
338	1216	1	6
1	1219	1	6
198	1219	1	6
288	1219	1	6
299	1219	1	6
96	1220	1	6
61	1221	1	6
205	1221	1	6
307	1221	1	6
129	1225	1	6
205	1225	1	6
240	1225	1	6
201	1227	1	6
236	1227	1	6
300	1227	1	6
61	1229	1	6
197	1229	1	6
198	1229	1	6
205	1229	1	6
307	1229	1	6
350	1229	1	6
172	1230	1	6
360	1230	1	6
61	1232	1	6
197	1232	1	6
198	1232	1	6
205	1232	1	6
307	1232	1	6
110	1233	1	6
143	1233	1	6
334	1233	1	6
22	1234	2	6
155	1234	1	6
211	1234	1	6
349	1234	1	6
5	1235	1	6
61	1235	1	6
197	1235	1	6
205	1235	1	6
255	1235	1	6
307	1235	1	6
315	1235	1	6
56	1238	1	6
74	1238	1	6
132	1238	1	6
143	1238	1	6
333	1238	2	6
265	1239	1	6
304	1239	1	6
61	1240	1	6
181	1240	1	6
205	1240	1	6
255	1240	1	6
307	1240	1	6
73	1241	1	6
150	1241	1	6
285	1241	1	6
340	1241	1	6
17	1242	1	6
104	1242	1	6
185	1242	1	6
286	1242	1	6
143	1243	2	6
342	1243	1	6
5	1245	2	6
22	1245	1	6
181	1245	1	6
185	1245	1	6
255	1245	1	6
287	1245	1	6
349	1245	1	6
5	1246	1	6
61	1246	1	6
116	1246	1	6
155	1246	1	6
205	1246	1	6
261	1246	1	6
84	1247	1	6
189	1247	1	6
299	1248	1	6
155	1250	1	6
185	1250	1	6
261	1250	1	6
299	1250	1	6
349	1250	1	6
162	1251	1	6
22	1252	1	6
307	1252	1	6
208	1253	1	6
224	1253	1	6
225	1253	1	6
126	1254	1	6
185	1254	1	6
256	1254	1	6
349	1254	1	6
197	1256	1	6
315	1256	1	6
126	1257	1	6
143	1257	1	6
304	1257	1	6
100	1259	1	6
117	1259	1	6
292	1259	1	6
61	1261	1	6
169	1261	1	6
185	1261	1	6
198	1261	1	6
205	1261	1	6
73	1262	1	6
184	1262	1	6
304	1262	1	6
197	1263	1	6
315	1263	1	6
304	1264	1	6
338	1264	1	6
26	1265	1	6
76	1265	1	6
286	1265	1	6
213	1266	1	6
320	1266	1	6
39	1267	1	6
40	1267	1	6
111	1267	1	6
242	1267	1	6
265	1267	1	6
273	1267	1	6
323	1267	1	6
39	1268	1	6
40	1268	1	6
255	1268	1	6
265	1268	1	6
61	1270	1	6
185	1270	1	6
198	1270	1	6
205	1270	1	6
315	1270	1	6
346	1270	1	6
201	1271	1	6
22	1272	1	6
185	1272	1	6
304	1272	1	6
321	1272	1	6
236	1273	1	6
261	1273	2	6
327	1273	1	6
3	1275	1	6
155	1275	1	6
211	1275	1	6
100	1276	1	6
20	1277	1	6
329	1277	1	6
26	1279	1	6
130	1279	1	6
185	1279	1	6
311	1279	1	6
356	1279	1	6
185	1280	1	6
41	1281	1	6
269	1281	2	6
5	1282	1	6
155	1282	1	6
349	1282	1	6
20	1283	1	6
216	1283	1	6
155	1284	1	6
197	1284	1	6
211	1284	1	6
304	1284	1	6
315	1284	1	6
321	1284	1	6
189	1286	1	6
255	1286	1	6
169	1287	1	6
315	1287	1	6
234	1288	1	6
23	1289	1	6
127	1289	1	6
22	1290	1	6
334	1290	1	6
143	1291	1	6
177	1291	1	6
253	1291	1	6
304	1291	1	6
343	1291	1	6
49	1292	1	6
211	1292	1	6
299	1292	1	6
349	1292	1	6
28	1294	1	6
130	1294	1	6
58	1295	1	6
131	1295	1	6
317	1295	1	6
334	1295	1	6
48	1296	1	6
96	1296	1	6
342	1297	1	6
19	1298	1	6
47	1298	1	6
155	1298	2	6
193	1298	1	6
306	1298	1	6
349	1298	1	6
143	1300	1	6
143	1301	1	6
333	1301	1	6
138	1302	2	6
143	1302	1	6
192	1302	1	6
297	1302	1	6
185	1303	1	6
287	1303	1	6
315	1303	1	6
349	1303	1	6
135	1304	1	6
143	1304	1	6
160	1304	1	6
244	1304	1	6
269	1304	1	6
7	1305	1	6
93	1305	1	6
108	1305	3	6
137	1305	1	6
194	1305	1	6
236	1305	1	6
211	1306	1	6
155	1309	1	6
252	1309	1	6
352	1309	1	6
213	1310	1	6
86	1311	1	6
198	1311	1	6
240	1311	1	6
304	1311	1	6
127	1312	1	6
148	1312	2	6
166	1312	1	6
206	1312	1	6
303	1312	1	6
9	1313	1	6
86	1313	1	6
210	1313	1	6
326	1313	1	6
59	1314	1	6
143	1314	1	6
189	1314	1	6
218	1314	1	6
32	1315	1	6
34	1315	1	6
143	1315	1	6
209	1315	1	6
218	1315	1	6
32	1317	1	6
143	1317	1	6
218	1317	1	6
62	1318	1	6
159	1318	1	6
212	1320	1	6
278	1320	1	6
329	1320	1	6
348	1320	1	6
13	1321	1	6
32	1321	1	6
34	1321	1	6
143	1321	1	6
209	1321	1	6
218	1321	1	6
189	1322	1	6
48	1324	1	6
143	1324	1	6
216	1324	1	6
97	1325	1	6
143	1325	1	6
127	1326	1	6
143	1326	1	6
192	1326	1	6
253	1327	1	6
347	1327	1	6
32	1328	1	6
143	1328	1	6
218	1328	1	6
32	1329	1	6
46	1329	1	6
143	1329	1	6
218	1329	1	6
9	1330	1	6
202	1330	1	6
227	1330	1	6
312	1331	1	6
23	1332	1	6
110	1332	1	6
275	1332	1	6
297	1332	1	6
329	1332	1	6
340	1332	1	6
13	1334	1	6
32	1334	2	6
54	1334	1	6
143	1334	1	6
209	1334	1	6
218	1334	1	6
77	1335	1	6
143	1335	1	6
199	1335	1	6
304	1335	2	6
321	1335	1	6
143	1337	1	6
104	1340	2	6
129	1340	1	6
305	1340	1	6
23	1342	1	6
127	1342	1	6
311	1344	1	6
2	1346	1	6
42	1346	1	6
104	1346	1	6
185	1346	2	6
222	1346	1	6
306	1346	1	6
334	1346	1	6
32	1349	1	6
54	1349	1	6
143	1349	1	6
229	1349	1	6
32	1350	1	6
46	1350	1	6
54	1350	1	6
143	1350	1	6
48	1352	1	6
143	1352	1	6
252	1352	1	6
306	1352	1	6
32	1355	1	6
143	1355	1	6
218	1355	1	6
352	1359	2	6
171	1361	1	6
172	1361	1	6
143	1365	1	6
219	1365	1	6
264	1368	1	6
143	1369	1	6
218	1369	1	6
22	1370	1	6
51	1370	1	6
80	1371	1	6
90	1371	1	6
276	1371	1	6
143	1372	1	6
32	1373	1	6
143	1373	1	6
171	1373	1	6
294	1373	1	6
213	1375	2	6
319	1375	1	6
359	1375	1	6
37	1376	1	6
143	1376	1	6
201	1376	1	6
246	1378	1	6
52	1379	1	6
92	1379	1	6
143	1379	1	6
228	1379	1	6
230	1379	1	6
312	1379	1	6
25	1381	1	6
30	1381	1	6
352	1382	1	6
77	1383	1	6
186	1383	1	6
143	1384	1	6
66	1388	2	6
143	1392	1	6
230	1392	1	6
93	1394	1	6
143	1394	1	6
13	1397	2	6
32	1397	1	6
117	1397	2	6
182	1397	1	6
13	1400	1	6
91	1400	1	6
142	1400	1	6
223	1400	1	6
225	1401	1	6
238	1401	1	6
295	1401	1	6
143	1403	1	6
299	1403	1	6
112	1405	1	6
193	1405	1	6
240	1405	1	6
327	1405	1	6
346	1405	2	6
189	1407	1	6
32	1410	1	6
143	1410	1	6
218	1410	1	6
119	1417	1	6
189	1417	1	6
284	1417	1	6
335	1417	1	6
27	1420	1	6
52	1420	1	6
314	1420	1	6
27	1421	1	6
52	1421	1	6
314	1421	1	6
93	1422	1	6
143	1422	1	6
168	1422	1	6
245	1422	1	6
311	1422	1	6
333	1422	2	6
143	1423	1	6
244	1423	1	6
265	1423	1	6
333	1423	2	6
17	1425	1	6
29	1425	1	6
143	1425	1	6
120	1426	1	6
265	1426	1	6
286	1426	1	6
52	1427	1	6
350	1427	1	6
104	1428	1	6
340	1428	1	6
55	1431	1	6
101	1431	1	6
346	1433	1	6
185	1434	1	6
79	1435	1	6
286	1435	1	6
303	1435	1	6
142	1437	1	6
176	1437	1	6
313	1440	1	6
344	1440	1	6
225	1441	1	6
265	1441	1	6
92	1442	1	6
300	1442	1	6
17	1443	1	6
78	1443	1	6
172	1448	1	6
180	1448	1	6
293	1448	1	6
312	1448	1	6
320	1448	1	6
333	1448	1	6
95	1452	1	6
84	1453	1	6
185	1455	1	6
192	1455	1	6
202	1455	1	6
185	1457	2	6
241	1457	1	6
259	1457	1	6
348	1457	1	6
94	1458	1	6
200	1459	1	6
48	1460	1	6
143	1460	1	6
250	1460	1	6
140	1463	1	6
219	1464	1	6
313	1464	1	6
32	1465	1	6
108	1465	1	6
17	1466	1	6
122	1466	1	6
306	1466	1	6
334	1466	1	6
5	1467	1	6
125	1467	1	6
162	1467	1	6
32	1469	1	6
143	1469	1	6
218	1469	1	6
327	1470	1	6
73	1473	1	6
104	1473	1	6
249	1473	1	6
269	1473	1	6
304	1473	2	6
344	1473	2	6
346	1473	1	6
128	1475	1	6
213	1475	1	6
45	1477	1	6
93	1478	1	6
141	1478	1	6
333	1478	1	6
26	1479	1	6
346	1479	1	6
100	1480	1	6
120	1480	1	6
118	1484	1	6
264	1484	1	6
1	1488	1	6
179	1488	1	6
185	1488	1	6
244	1489	1	6
138	1490	1	6
177	1490	1	6
264	1490	1	6
269	1490	1	6
282	1490	1	6
185	1494	1	6
17	1496	1	6
36	1496	1	6
227	1496	1	6
143	1498	1	6
304	1498	1	6
124	1499	1	6
202	1499	1	6
334	1502	1	6
143	1508	1	6
196	1508	1	6
219	1508	1	6
245	1508	1	6
333	1508	1	6
196	1510	1	6
219	1510	1	6
333	1510	1	6
311	1511	1	6
143	1512	1	6
206	1512	1	6
323	1512	1	6
168	1514	1	6
295	1514	1	6
320	1514	1	6
334	1514	2	6
143	1516	1	6
333	1516	1	6
185	1518	1	6
32	1519	1	6
122	1519	1	6
143	1519	1	6
218	1519	1	6
21	1520	1	6
110	1520	1	6
143	1520	1	6
149	1521	1	6
338	1522	1	6
52	1523	1	6
54	1523	1	6
118	1523	1	6
123	1523	1	6
185	1523	1	6
212	1526	1	6
304	1526	1	6
323	1526	1	6
185	1532	1	6
206	1532	1	6
77	1533	1	6
189	1533	1	6
118	1534	1	6
107	1536	1	6
71	1538	1	6
304	1538	1	6
344	1538	1	6
203	1539	2	6
245	1539	1	6
284	1539	1	6
304	1539	2	6
48	1541	1	6
62	1541	1	6
128	1541	1	6
134	1541	1	6
143	1541	1	6
163	1541	1	6
265	1541	1	6
48	1542	1	6
62	1542	1	6
128	1542	1	6
134	1542	1	6
143	1542	1	6
163	1542	1	6
265	1542	1	6
48	1544	1	6
62	1544	1	6
128	1544	1	6
134	1544	1	6
143	1544	1	6
147	1544	1	6
163	1544	1	6
265	1544	1	6
357	1544	1	6
48	1545	1	6
62	1545	1	6
128	1545	1	6
129	1545	1	6
134	1545	1	6
143	1545	1	6
147	1545	1	6
163	1545	1	6
265	1545	1	6
357	1545	1	6
48	1546	1	6
62	1546	1	6
128	1546	1	6
134	1546	1	6
143	1546	1	6
147	1546	1	6
163	1546	1	6
265	1546	1	6
357	1546	1	6
137	1547	1	6
143	1547	1	6
43	1550	1	6
48	1550	1	6
62	1550	1	6
128	1550	1	6
134	1550	1	6
143	1550	1	6
147	1550	1	6
163	1550	1	6
257	1550	1	6
265	1550	1	6
357	1550	1	6
29	1552	1	6
37	1552	1	6
95	1552	1	6
165	1552	1	6
328	1552	1	6
43	1554	1	6
48	1554	1	6
62	1554	1	6
128	1554	1	6
134	1554	1	6
143	1554	1	6
147	1554	1	6
163	1554	1	6
257	1554	1	6
265	1554	1	6
357	1554	1	6
43	1555	1	6
48	1555	1	6
62	1555	1	6
128	1555	1	6
134	1555	1	6
143	1555	1	6
147	1555	1	6
163	1555	1	6
257	1555	1	6
265	1555	1	6
357	1555	1	6
48	1556	1	6
62	1556	1	6
128	1556	1	6
134	1556	1	6
143	1556	1	6
147	1556	1	6
163	1556	1	6
265	1556	1	6
357	1556	1	6
48	1557	1	6
62	1557	1	6
128	1557	1	6
134	1557	1	6
143	1557	1	6
147	1557	1	6
163	1557	1	6
265	1557	1	6
357	1557	1	6
43	1558	1	6
48	1558	1	6
62	1558	1	6
128	1558	1	6
134	1558	1	6
143	1558	1	6
147	1558	1	6
163	1558	1	6
257	1558	1	6
265	1558	1	6
357	1558	1	6
48	1560	1	6
62	1560	1	6
128	1560	1	6
134	1560	1	6
143	1560	1	6
147	1560	1	6
163	1560	1	6
265	1560	1	6
357	1560	1	6
48	1561	1	6
62	1561	1	6
128	1561	1	6
134	1561	1	6
143	1561	1	6
147	1561	1	6
163	1561	1	6
265	1561	1	6
357	1561	1	6
48	1562	1	6
62	1562	1	6
128	1562	1	6
134	1562	1	6
143	1562	1	6
147	1562	1	6
163	1562	1	6
265	1562	1	6
357	1562	1	6
48	1563	1	6
62	1563	1	6
128	1563	1	6
134	1563	1	6
143	1563	1	6
147	1563	1	6
163	1563	1	6
265	1563	1	6
357	1563	1	6
48	1564	1	6
62	1564	1	6
128	1564	1	6
134	1564	1	6
143	1564	1	6
147	1564	1	6
163	1564	1	6
265	1564	1	6
357	1564	1	6
201	1565	1	6
48	1566	1	6
62	1566	1	6
128	1566	1	6
134	1566	1	6
143	1566	1	6
147	1566	1	6
163	1566	1	6
265	1566	1	6
357	1566	1	6
48	1567	1	6
62	1567	1	6
128	1567	1	6
134	1567	1	6
143	1567	1	6
147	1567	1	6
163	1567	1	6
265	1567	1	6
357	1567	1	6
48	1568	1	6
62	1568	1	6
128	1568	1	6
134	1568	1	6
143	1568	1	6
147	1568	1	6
163	1568	1	6
265	1568	1	6
357	1568	1	6
2	1569	1	6
174	1569	1	6
188	1569	1	6
48	1570	1	6
62	1570	1	6
128	1570	1	6
134	1570	1	6
143	1570	1	6
147	1570	1	6
163	1570	1	6
265	1570	1	6
357	1570	1	6
104	1571	1	6
165	1571	1	6
184	1571	1	6
95	1572	1	6
165	1572	1	6
42	1574	1	6
290	1574	1	6
104	1576	1	6
165	1576	1	6
235	1576	1	6
320	1576	1	6
32	1582	1	6
143	1582	1	6
218	1582	1	6
143	1583	1	6
334	1583	1	6
100	1585	2	6
137	1585	1	6
143	1585	1	6
189	1585	1	6
230	1585	1	6
270	1585	1	6
324	1585	1	6
27	1588	1	6
138	1588	1	6
189	1589	1	6
34	1590	1	6
119	1590	1	6
120	1590	1	6
119	1591	1	6
132	1591	1	6
182	1591	1	6
340	1591	1	6
17	1592	1	6
32	1592	1	6
54	1592	1	6
143	1592	1	6
201	1593	1	6
314	1593	1	6
87	1594	1	6
108	1594	1	6
128	1594	1	6
183	1594	1	6
203	1594	1	6
276	1594	1	6
119	1595	1	6
132	1595	1	6
182	1595	1	6
340	1595	1	6
174	1596	1	6
220	1596	1	6
291	1596	1	6
304	1597	1	6
81	1598	1	6
83	1598	1	6
138	1598	1	6
335	1598	1	6
33	1599	1	6
358	1599	1	6
89	1600	1	6
96	1605	1	6
93	1606	1	6
226	1610	1	6
286	1610	1	6
291	1610	1	6
346	1610	1	6
1	1613	1	6
278	1613	1	6
299	1613	1	6
304	1613	1	6
316	1613	1	6
321	1613	1	6
334	1613	1	6
143	1614	1	6
228	1614	1	6
238	1614	1	6
278	1615	1	6
321	1615	1	6
355	1615	1	6
181	1616	1	6
254	1617	1	6
337	1620	1	6
292	1622	1	6
342	1622	1	6
93	1624	1	6
304	1624	1	6
143	1625	1	6
67	1630	1	6
7	1631	1	6
112	1631	1	6
183	1632	1	6
290	1632	1	6
112	1634	1	6
167	1634	1	6
126	1635	1	6
292	1635	1	6
304	1635	1	6
354	1635	1	6
81	1640	1	6
117	1640	2	6
214	1640	1	6
291	1640	1	6
304	1640	1	6
82	1644	1	6
172	1644	1	6
305	1644	1	6
9	1645	1	6
227	1645	1	6
328	1645	1	6
201	1646	1	6
56	1648	1	6
64	1648	1	6
120	1648	1	6
136	1648	1	6
110	1650	1	6
290	1650	1	6
304	1650	1	6
202	1652	1	6
313	1652	1	6
353	1654	1	6
56	1655	1	6
32	1657	1	6
143	1657	1	6
218	1657	1	6
359	1657	1	6
32	1659	1	6
143	1659	1	6
185	1662	1	6
187	1662	1	6
346	1662	1	6
222	1663	1	6
242	1665	1	6
254	1665	1	6
8	1666	1	6
131	1666	1	6
8	1667	1	6
128	1667	1	6
189	1667	1	6
227	1667	1	6
247	1667	1	6
23	1669	1	6
127	1669	1	6
1	1670	1	6
48	1670	1	6
278	1670	1	6
321	1670	1	6
356	1670	1	6
1	1671	1	6
55	1671	1	6
187	1671	1	6
354	1671	2	6
361	1671	1	6
3	1672	1	6
185	1672	1	6
208	1672	1	6
14	1673	1	6
213	1673	1	6
221	1673	1	6
303	1673	1	6
32	1674	2	6
143	1674	1	6
218	1674	1	6
229	1674	1	6
269	1674	1	6
120	1675	1	6
136	1675	1	6
189	1675	1	6
32	1676	2	6
54	1676	1	6
143	1676	1	6
218	1676	1	6
32	1677	2	6
54	1677	1	6
143	1677	1	6
218	1677	1	6
32	1678	1	6
143	1678	1	6
218	1678	1	6
203	1679	1	6
250	1679	1	6
256	1679	1	6
111	1680	1	6
162	1680	1	6
333	1681	1	6
162	1682	1	6
219	1682	1	6
79	1684	1	6
175	1689	1	6
185	1689	1	6
188	1689	1	6
329	1689	1	6
313	1691	1	6
46	1692	1	6
97	1695	1	6
223	1696	1	6
235	1696	2	6
241	1696	1	6
313	1696	1	6
278	1697	1	6
289	1697	1	6
321	1697	1	6
358	1697	1	6
189	1698	1	6
162	1701	1	6
189	1701	1	6
87	1702	1	6
162	1702	1	6
210	1702	1	6
181	1703	1	6
185	1703	1	6
278	1703	1	6
288	1703	1	6
321	1703	1	6
120	1704	1	6
162	1705	1	6
210	1705	1	6
333	1706	1	6
185	1707	1	6
193	1707	1	6
271	1707	1	6
279	1709	1	6
261	1710	1	6
79	1711	1	6
84	1711	1	6
82	1712	1	6
185	1712	1	6
278	1712	1	6
306	1712	1	6
321	1712	1	6
329	1712	1	6
259	1713	1	6
334	1713	1	6
270	1714	1	6
278	1714	1	6
316	1714	1	6
321	1714	1	6
146	1716	1	6
270	1716	1	6
303	1716	1	6
185	1720	1	6
278	1720	1	6
316	1720	1	6
186	1721	1	6
299	1721	1	6
314	1721	1	6
143	1726	1	6
189	1726	1	6
224	1726	1	6
311	1729	1	6
317	1730	1	6
340	1730	1	6
112	1731	1	6
313	1731	1	6
185	1732	1	6
342	1732	1	6
143	1734	1	6
166	1737	1	6
223	1737	1	6
304	1737	1	6
29	1738	1	6
100	1740	1	6
100	1741	1	6
265	1742	1	6
100	1743	1	6
276	1743	1	6
306	1743	1	6
334	1743	1	6
353	1743	1	6
131	1749	1	6
137	1749	1	6
234	1749	1	6
304	1749	1	6
317	1749	1	6
323	1750	1	6
143	1751	1	6
317	1751	1	6
143	1752	1	6
53	1756	1	6
359	1756	1	6
292	1757	1	6
100	1759	1	6
189	1759	1	6
48	1760	1	6
62	1760	1	6
128	1760	1	6
134	1760	1	6
143	1760	1	6
147	1760	1	6
163	1760	1	6
265	1760	1	6
357	1760	1	6
48	1761	1	6
62	1761	1	6
128	1761	1	6
134	1761	1	6
143	1761	1	6
147	1761	1	6
163	1761	1	6
265	1761	1	6
357	1761	1	6
30	1763	1	6
227	1763	1	6
48	1764	1	6
62	1764	1	6
128	1764	1	6
134	1764	1	6
143	1764	1	6
147	1764	1	6
163	1764	1	6
265	1764	1	6
357	1764	1	6
48	1765	1	6
62	1765	1	6
128	1765	1	6
134	1765	1	6
143	1765	1	6
147	1765	1	6
163	1765	1	6
265	1765	1	6
357	1765	1	6
130	1766	1	6
143	1766	1	6
48	1767	1	6
62	1767	1	6
128	1767	1	6
134	1767	1	6
143	1767	1	6
147	1767	1	6
163	1767	1	6
265	1767	1	6
357	1767	1	6
48	1770	1	6
62	1770	1	6
128	1770	1	6
134	1770	1	6
143	1770	1	6
147	1770	1	6
163	1770	1	6
265	1770	1	6
357	1770	1	6
129	1771	1	6
185	1771	1	6
346	1771	1	6
350	1771	1	6
48	1772	1	6
62	1772	1	6
128	1772	1	6
134	1772	1	6
143	1772	1	6
147	1772	1	6
163	1772	1	6
265	1772	1	6
357	1772	1	6
48	1774	1	6
62	1774	1	6
128	1774	1	6
134	1774	1	6
143	1774	1	6
147	1774	1	6
163	1774	1	6
265	1774	1	6
357	1774	1	6
117	1	1	7
143	1	1	7
276	1	1	7
53	60	1	7
71	60	1	7
342	60	1	7
143	61	1	7
190	61	1	7
304	65	1	7
337	65	1	7
117	81	1	7
250	81	1	7
151	89	1	7
190	89	1	7
104	107	1	7
201	107	1	7
304	109	1	7
2	112	1	7
185	112	1	7
254	112	1	7
350	112	1	7
12	185	1	7
91	185	1	7
175	185	1	7
202	185	1	7
290	185	1	7
303	185	1	7
35	195	1	7
41	195	1	7
53	301	1	7
81	301	1	7
141	301	1	7
2	315	1	7
121	315	1	7
138	315	1	7
2	328	1	7
252	328	1	7
338	328	1	7
98	444	1	7
131	444	1	7
138	444	1	7
348	505	1	7
30	545	1	7
96	545	1	7
109	545	1	7
120	545	1	7
150	545	1	7
275	545	1	7
143	546	1	7
143	642	1	7
219	642	1	7
182	655	1	7
189	709	1	7
299	709	1	7
340	709	1	7
185	711	1	7
37	713	1	7
116	713	1	7
137	723	1	7
143	723	1	7
32	751	1	7
57	751	1	7
143	751	1	7
153	751	1	7
219	751	1	7
32	798	1	7
57	798	1	7
143	798	1	7
153	798	1	7
218	798	1	7
228	798	1	7
238	798	1	7
32	801	1	7
57	801	1	7
143	801	1	7
153	801	1	7
218	801	1	7
228	801	1	7
238	801	1	7
13	812	1	7
57	812	1	7
143	812	1	7
153	812	1	7
209	812	1	7
228	812	1	7
238	812	1	7
143	829	1	7
207	829	1	7
219	829	1	7
269	829	1	7
304	829	1	7
83	892	1	7
138	892	1	7
143	892	1	7
220	892	1	7
252	892	1	7
282	892	1	7
342	892	1	7
107	922	1	7
143	922	1	7
200	922	1	7
207	922	1	7
253	922	1	7
360	922	1	7
52	946	1	7
311	946	1	7
333	946	1	7
311	958	1	7
17	980	1	7
137	980	1	7
149	980	1	7
48	981	1	7
143	981	1	7
214	981	1	7
215	981	1	7
143	985	1	7
214	985	1	7
94	992	1	7
181	992	2	7
210	992	1	7
181	993	1	7
52	1010	1	7
207	1010	1	7
214	1010	1	7
207	1052	1	7
93	1057	1	7
290	1057	1	7
356	1057	1	7
182	1064	2	7
248	1064	1	7
49	1067	1	7
138	1067	1	7
32	1169	1	7
57	1169	1	7
153	1169	1	7
52	1190	1	7
225	1190	1	7
26	1197	1	7
52	1197	1	7
225	1197	1	7
304	1197	1	7
45	1200	1	7
106	1200	2	7
129	1200	1	7
169	1200	1	7
25	1207	1	7
124	1207	1	7
143	1207	1	7
311	1207	1	7
100	1209	1	7
169	1209	1	7
185	1209	1	7
112	1218	1	7
141	1218	1	7
280	1218	1	7
20	1226	1	7
351	1226	1	7
143	1274	1	7
183	1338	1	7
296	1338	1	7
327	1338	1	7
23	1345	1	7
100	1345	1	7
172	1345	1	7
304	1345	1	7
311	1345	1	7
52	1406	1	7
131	1412	1	7
60	1416	1	7
78	1416	1	7
117	1416	1	7
119	1416	1	7
304	1416	1	7
333	1416	3	7
354	1416	1	7
129	1438	1	7
335	1438	1	7
91	1444	1	7
129	1444	1	7
34	1445	1	7
129	1445	1	7
209	1445	1	7
54	1461	1	7
56	1461	1	7
143	1461	1	7
138	1476	1	7
47	1513	1	7
143	1513	1	7
219	1513	1	7
32	1524	1	7
54	1524	1	7
56	1524	1	7
143	1524	1	7
218	1524	1	7
345	1573	1	7
202	1686	1	7
247	1686	1	7
32	1718	1	7
54	1718	1	7
56	1718	1	7
143	1718	1	7
218	1718	1	7
54	1725	1	7
56	1725	1	7
143	1725	1	7
100	1735	1	7
185	1735	2	7
