97	46	1	0
136	46	1	0
110	72	1	0
117	80	1	0
205	80	1	0
63	103	1	0
136	110	1	0
144	110	1	0
199	110	1	0
96	117	1	0
172	117	1	0
199	117	1	0
279	117	1	0
294	117	1	0
108	155	1	0
209	155	1	0
218	155	1	0
21	195	1	0
110	195	1	0
131	195	1	0
136	216	1	0
146	216	1	0
267	216	1	0
7	239	1	0
146	239	1	0
298	239	1	0
314	239	1	0
232	246	1	0
214	274	1	0
7	320	1	0
37	327	1	0
168	327	1	0
103	329	1	0
123	329	1	0
243	329	1	0
281	329	1	0
292	329	1	0
239	331	1	0
299	331	1	0
7	370	1	0
95	370	1	0
130	370	1	0
134	370	1	0
146	370	1	0
205	370	1	0
293	370	1	0
136	410	1	0
199	410	1	0
203	410	1	0
2	447	1	0
10	447	1	0
93	447	1	0
96	447	1	0
267	447	1	0
34	474	1	0
254	474	1	0
303	474	1	0
115	478	1	0
136	478	1	0
294	478	1	0
76	497	1	0
205	497	1	0
208	497	1	0
135	500	1	0
205	500	1	0
227	500	1	0
293	500	1	0
304	500	1	0
121	587	1	0
166	587	1	0
205	587	1	0
320	611	1	0
132	613	1	0
172	613	1	0
234	704	1	0
215	718	1	0
292	718	1	0
21	751	1	0
131	751	1	0
165	751	1	0
295	751	1	0
24	767	1	0
172	767	1	0
17	770	1	0
131	770	1	0
151	770	1	0
6	819	1	0
55	819	1	0
136	819	1	0
230	819	1	0
269	819	1	0
2	820	1	0
279	820	1	0
62	875	1	0
115	875	1	0
134	875	1	0
231	875	1	0
267	875	1	0
81	878	1	0
114	878	1	0
155	878	1	0
294	878	1	0
116	906	1	0
168	908	1	0
82	918	1	0
87	918	1	0
15	1004	1	0
205	1004	1	0
115	1016	1	0
252	1016	1	0
127	1100	1	0
187	1100	1	0
269	1100	1	0
272	1112	1	0
102	1164	1	0
197	1164	1	0
269	1164	1	0
20	1187	1	0
48	1187	1	0
136	1187	1	0
175	1187	1	0
227	1187	1	0
97	1202	1	0
137	1202	1	0
44	1261	1	0
201	1268	1	0
293	1268	1	0
243	1280	1	0
96	1309	1	0
134	1309	1	0
152	1309	1	0
294	1309	1	0
293	1368	1	0
275	1398	1	0
33	1399	1	0
136	1399	1	0
292	1399	1	0
1	1409	1	0
292	1409	1	0
116	1514	1	0
291	1514	1	0
172	1553	1	0
89	1607	2	0
269	1607	1	0
5	24	1	1
172	24	1	1
224	24	1	1
42	50	1	1
264	59	1	1
293	59	1	1
16	64	1	1
238	64	1	1
253	64	1	1
269	64	1	1
289	64	1	1
293	64	1	1
8	69	1	1
155	69	1	1
177	69	2	1
264	69	1	1
266	69	1	1
160	78	1	1
233	78	1	1
283	78	1	1
264	81	1	1
277	88	1	1
131	93	1	1
111	97	1	1
264	99	1	1
247	109	1	1
90	111	1	1
194	116	1	1
266	116	2	1
217	119	1	1
269	119	1	1
297	119	1	1
143	121	1	1
87	124	1	1
116	124	1	1
194	124	1	1
172	126	1	1
136	128	1	1
233	128	1	1
269	135	1	1
168	140	1	1
108	146	1	1
296	146	1	1
318	146	2	1
174	152	1	1
172	154	1	1
264	154	1	1
299	154	1	1
264	159	1	1
270	159	1	1
264	164	1	1
126	170	1	1
168	170	1	1
264	170	1	1
172	174	1	1
269	176	1	1
61	178	1	1
76	178	1	1
61	180	1	1
3	183	1	1
151	183	1	1
196	183	1	1
141	184	1	1
307	184	1	1
3	189	1	1
61	189	1	1
141	189	1	1
196	189	1	1
211	189	1	1
74	190	1	1
221	190	1	1
76	192	1	1
15	206	1	1
168	206	1	1
264	206	1	1
15	208	1	1
299	208	1	1
104	209	1	1
168	209	1	1
8	210	1	1
168	210	1	1
177	210	1	1
252	210	1	1
270	210	1	1
294	214	1	1
55	218	1	1
168	218	1	1
264	218	1	1
78	220	1	1
81	220	1	1
168	220	1	1
195	220	1	1
269	220	1	1
20	225	1	1
24	225	1	1
121	225	1	1
168	226	1	1
264	226	1	1
153	235	1	1
269	235	1	1
270	235	1	1
168	236	1	1
264	236	1	1
270	236	1	1
91	241	1	1
264	241	1	1
280	248	1	1
277	249	1	1
172	250	1	1
195	250	1	1
22	296	1	1
264	299	1	1
137	302	1	1
157	302	1	1
33	307	1	1
283	307	1	1
284	307	1	1
90	308	1	1
135	312	1	1
207	312	2	1
269	312	1	1
292	312	1	1
172	315	2	1
157	318	1	1
207	318	1	1
223	318	1	1
195	319	1	1
121	372	1	1
136	372	1	1
230	386	1	1
54	388	1	1
243	388	1	1
277	388	1	1
136	396	1	1
144	396	1	1
199	396	1	1
253	396	1	1
260	396	1	1
136	397	1	1
199	397	1	1
224	397	1	1
249	406	1	1
185	423	1	1
193	423	1	1
241	423	1	1
136	441	1	1
208	441	1	1
218	441	1	1
224	441	1	1
4	513	1	1
33	513	1	1
164	513	1	1
137	526	1	1
168	526	1	1
4	529	1	1
15	529	1	1
127	529	1	1
307	529	1	1
4	531	1	1
15	531	1	1
100	531	1	1
127	531	1	1
153	531	1	1
251	531	1	1
307	531	1	1
1	535	1	1
24	535	1	1
48	535	1	1
121	535	1	1
167	535	1	1
216	537	1	1
237	537	1	1
100	538	1	1
181	538	1	1
246	541	1	1
53	542	1	1
266	542	1	1
276	543	1	1
125	544	1	1
257	544	1	1
114	557	1	1
254	559	1	1
294	559	1	1
97	561	1	1
128	561	1	1
112	568	1	1
206	568	1	1
53	571	1	1
172	573	1	1
239	573	1	1
15	574	1	1
111	574	1	1
276	574	1	1
136	575	1	1
205	575	1	1
307	575	1	1
226	576	1	1
231	576	1	1
33	580	1	1
136	580	1	1
43	582	1	1
136	582	1	1
246	582	1	1
269	582	1	1
277	582	1	1
293	582	1	1
65	585	1	1
90	585	1	1
277	585	1	1
62	592	1	1
90	592	1	1
219	592	1	1
227	592	1	1
305	592	1	1
307	592	1	1
71	593	1	1
297	593	1	1
136	597	1	1
168	597	1	1
224	597	1	1
16	615	1	1
40	615	2	1
112	615	1	1
119	615	1	1
214	615	1	1
223	615	1	1
234	615	1	1
289	615	1	1
243	617	1	1
247	617	1	1
293	617	1	1
228	618	3	1
289	618	1	1
301	618	1	1
308	618	1	1
309	618	1	1
109	619	1	1
172	619	1	1
239	619	1	1
269	619	1	1
192	620	1	1
214	620	1	1
277	620	1	1
293	620	1	1
52	621	1	1
88	621	1	1
192	621	1	1
192	622	1	1
188	676	1	1
284	676	1	1
115	690	1	1
121	690	1	1
81	696	1	1
238	696	1	1
307	696	1	1
299	698	1	1
136	746	1	1
290	746	1	1
258	749	1	1
83	783	1	1
40	785	1	1
127	785	1	1
160	785	1	1
167	785	1	1
87	796	1	1
273	796	1	1
14	799	1	1
259	816	1	1
269	816	1	1
136	834	1	1
143	837	1	1
248	837	1	1
295	837	1	1
27	846	1	1
87	846	1	1
108	846	1	1
83	852	1	1
270	857	1	1
35	862	1	1
65	862	1	1
77	862	1	1
191	862	1	1
233	862	1	1
234	862	1	1
35	863	1	1
44	863	1	1
65	863	1	1
77	863	1	1
155	863	1	1
233	863	1	1
256	863	1	1
269	863	1	1
128	867	1	1
245	867	1	1
188	868	2	1
195	868	1	1
246	868	1	1
284	868	1	1
13	870	1	1
133	870	1	1
167	870	1	1
245	870	1	1
249	870	1	1
266	870	1	1
121	871	1	1
141	871	1	1
205	871	1	1
13	873	1	1
245	873	1	1
306	873	1	1
90	874	1	1
15	877	1	1
141	877	1	1
167	877	1	1
245	877	1	1
16	880	1	1
172	882	1	1
245	882	1	1
314	882	1	1
4	883	1	1
15	883	1	1
160	883	1	1
164	883	1	1
251	883	1	1
87	885	1	1
106	887	1	1
172	887	1	1
133	888	1	1
172	888	2	1
249	888	1	1
227	889	1	1
67	890	1	1
167	890	1	1
168	890	1	1
245	890	1	1
51	894	1	1
248	894	1	1
269	894	1	1
88	895	1	1
168	895	1	1
227	895	1	1
76	898	1	1
168	898	1	1
245	898	1	1
314	898	1	1
248	899	1	1
127	902	1	1
48	904	1	1
125	904	1	1
127	904	1	1
228	904	1	1
141	907	1	1
172	907	2	1
195	907	1	1
294	907	1	1
31	909	1	1
106	910	1	1
269	910	1	1
50	914	1	1
109	914	1	1
125	914	1	1
278	914	1	1
125	919	1	1
278	919	1	1
31	932	1	1
53	932	1	1
88	932	1	1
101	932	1	1
143	932	1	1
192	932	1	1
307	932	1	1
210	935	1	1
109	936	1	1
224	936	1	1
1	937	1	1
140	937	1	1
13	961	1	1
85	972	1	1
227	972	1	1
307	974	1	1
172	978	1	1
168	979	1	1
293	979	1	1
115	980	1	1
129	980	1	1
319	980	1	1
12	982	1	1
43	982	1	1
92	982	1	1
115	982	1	1
243	982	1	1
262	982	1	1
129	983	1	1
129	984	1	1
168	984	2	1
12	986	1	1
93	986	1	1
104	986	1	1
168	986	1	1
243	986	1	1
269	986	1	1
266	987	1	1
293	987	1	1
128	988	1	1
131	988	1	1
232	988	1	1
11	1001	1	1
168	1001	1	1
89	1002	1	1
136	1002	1	1
91	1020	1	1
103	1020	1	1
168	1020	1	1
284	1020	1	1
56	1021	1	1
232	1021	1	1
175	1034	1	1
186	1039	1	1
175	1041	1	1
40	1045	1	1
213	1045	1	1
232	1045	1	1
129	1047	1	1
136	1047	1	1
200	1047	1	1
129	1050	1	1
168	1050	1	1
200	1050	1	1
227	1050	1	1
269	1050	1	1
270	1050	1	1
168	1055	1	1
200	1057	1	1
173	1063	2	1
55	1067	1	1
129	1067	1	1
36	1072	1	1
275	1072	1	1
22	1073	1	1
108	1073	1	1
136	1073	1	1
318	1073	1	1
12	1078	1	1
168	1078	1	1
227	1078	1	1
269	1078	1	1
63	1079	1	1
181	1079	1	1
215	1079	1	1
12	1081	1	1
187	1081	1	1
136	1084	1	1
168	1084	1	1
232	1084	1	1
168	1085	1	1
293	1085	1	1
108	1094	1	1
172	1094	1	1
312	1110	1	1
22	1143	1	1
50	1143	1	1
252	1143	1	1
25	1148	1	1
122	1148	1	1
136	1148	1	1
52	1241	1	1
266	1241	1	1
278	1241	1	1
136	1254	1	1
144	1254	1	1
199	1254	1	1
253	1254	1	1
260	1254	1	1
41	1255	1	1
307	1255	1	1
136	1266	1	1
118	1271	1	1
242	1271	1	1
183	1273	1	1
130	1275	1	1
168	1275	1	1
177	1275	1	1
307	1275	1	1
136	1357	1	1
136	1359	1	1
136	1362	1	1
58	1395	1	1
12	1402	1	1
63	1402	1	1
140	1402	1	1
12	1422	1	1
164	1422	1	1
115	1426	1	1
225	1426	1	1
3	1429	1	1
196	1429	1	1
4	1432	1	1
80	1432	1	1
136	1432	1	1
201	1432	1	1
307	1432	1	1
25	1445	1	1
136	1445	1	1
136	1446	1	1
302	1448	1	1
3	1450	1	1
82	1450	1	1
141	1450	1	1
168	1450	1	1
196	1450	1	1
225	1450	1	1
269	1451	1	1
302	1451	1	1
136	1453	1	1
79	1457	1	1
300	1457	1	1
214	1468	1	1
258	1468	1	1
292	1468	1	1
132	1473	1	1
29	1474	1	1
184	1474	1	1
120	1476	1	1
307	1491	1	1
207	1496	1	1
285	1496	1	1
307	1496	1	1
61	1501	1	1
3	1503	1	1
168	1503	1	1
196	1503	1	1
206	1506	1	1
293	1521	1	1
253	1524	1	1
133	1525	1	1
141	1525	1	1
172	1536	1	1
3	1537	1	1
168	1537	1	1
196	1537	1	1
136	1543	1	1
178	1543	1	1
293	1543	1	1
22	1548	1	1
180	1548	1	1
210	1548	1	1
136	1552	1	1
172	1552	1	1
310	1552	1	1
147	1556	1	1
59	1566	1	1
189	1566	1	1
258	1566	1	1
262	1566	1	1
3	1584	1	1
196	1584	1	1
205	1584	1	1
141	1585	1	1
168	1585	1	1
60	1594	1	1
241	1594	1	1
238	6	1	2
115	18	1	2
172	18	1	2
216	18	1	2
290	18	1	2
185	40	1	2
195	40	1	2
225	40	1	2
7	54	1	2
96	54	1	2
110	54	1	2
133	54	1	2
146	54	1	2
269	54	2	2
121	129	1	2
238	129	1	2
43	138	1	2
48	138	1	2
110	138	1	2
273	138	1	2
312	138	1	2
165	157	1	2
136	162	1	2
144	162	1	2
199	162	1	2
267	162	1	2
221	172	1	2
233	172	1	2
124	227	1	2
249	227	1	2
268	227	2	2
307	227	1	2
87	229	1	2
109	285	1	2
215	285	1	2
166	323	1	2
172	323	1	2
154	325	1	2
277	325	1	2
172	326	1	2
62	364	1	2
135	385	1	2
205	385	1	2
153	398	1	2
20	443	1	2
154	443	1	2
320	443	1	2
76	452	1	2
126	452	1	2
176	452	1	2
186	452	1	2
297	452	1	2
246	475	1	2
197	504	1	2
195	512	1	2
38	525	1	2
96	525	1	2
108	525	1	2
125	525	1	2
275	525	1	2
19	602	1	2
136	602	1	2
262	602	1	2
47	604	1	2
2	623	1	2
136	623	1	2
146	623	1	2
320	623	1	2
21	632	1	2
200	632	1	2
77	667	1	2
195	667	1	2
238	695	1	2
170	724	1	2
183	724	1	2
203	724	1	2
89	736	1	2
39	742	1	2
55	776	1	2
136	776	1	2
144	776	1	2
199	776	1	2
286	776	1	2
107	777	1	2
136	777	1	2
144	777	1	2
199	777	1	2
136	778	1	2
144	778	1	2
199	778	1	2
267	778	1	2
115	800	1	2
136	800	1	2
141	800	1	2
308	800	1	2
136	804	1	2
157	804	1	2
292	804	1	2
52	817	1	2
136	817	1	2
146	817	1	2
246	817	1	2
267	817	1	2
162	825	1	2
35	835	1	2
49	835	1	2
62	835	1	2
167	842	1	2
150	844	1	2
168	844	1	2
195	866	1	2
281	866	1	2
20	869	1	2
29	869	1	2
109	869	1	2
133	869	1	2
256	869	1	2
136	897	2	2
229	929	2	2
17	934	1	2
91	934	1	2
223	934	1	2
258	934	1	2
294	934	1	2
75	939	1	2
188	939	1	2
115	942	1	2
251	942	1	2
122	969	1	2
130	969	1	2
250	969	1	2
121	1012	1	2
176	1012	1	2
184	1012	1	2
40	1024	1	2
71	1024	1	2
183	1024	1	2
205	1024	1	2
207	1024	1	2
268	1024	1	2
168	1025	1	2
268	1025	1	2
298	1025	1	2
22	1027	1	2
41	1035	1	2
75	1035	1	2
72	1038	1	2
181	1038	1	2
262	1052	1	2
91	1054	1	2
269	1054	1	2
284	1054	1	2
69	1060	1	2
127	1060	1	2
251	1060	1	2
28	1062	1	2
62	1062	1	2
265	1062	1	2
293	1062	1	2
293	1066	1	2
28	1070	1	2
35	1070	1	2
69	1070	1	2
115	1070	1	2
127	1070	1	2
265	1070	1	2
262	1086	1	2
123	1087	1	2
307	1087	1	2
221	1103	1	2
233	1103	1	2
125	1117	1	2
130	1117	1	2
131	1117	1	2
153	1117	1	2
234	1117	1	2
25	1167	1	2
47	1167	1	2
84	1179	1	2
35	1182	1	2
254	1182	1	2
269	1182	1	2
294	1182	1	2
205	1190	1	2
223	1190	1	2
28	1193	1	2
47	1193	1	2
265	1193	1	2
299	1193	1	2
28	1198	1	2
168	1198	1	2
243	1198	1	2
254	1198	1	2
265	1198	1	2
136	1206	1	2
28	1207	1	2
35	1207	1	2
168	1207	1	2
254	1207	1	2
265	1207	1	2
96	1208	1	2
99	1208	1	2
235	1208	1	2
311	1208	1	2
319	1208	1	2
120	1218	1	2
254	1231	1	2
270	1231	1	2
116	1232	1	2
286	1232	1	2
115	1251	1	2
168	1251	1	2
299	1251	1	2
84	1260	1	2
168	1260	1	2
112	1314	1	2
205	1314	1	2
258	1314	1	2
268	1314	1	2
286	1323	1	2
36	1369	1	2
136	1369	1	2
199	1369	1	2
209	1369	1	2
55	1389	1	2
136	1389	1	2
144	1389	1	2
171	1389	1	2
199	1389	1	2
243	1396	1	2
254	1396	1	2
86	1406	1	2
136	1406	1	2
156	1406	1	2
189	1406	1	2
200	1406	1	2
121	1407	1	2
141	1407	1	2
97	1467	1	2
131	1516	1	2
123	1519	1	2
159	1519	1	2
193	1519	1	2
131	1526	1	2
47	1561	1	2
204	1561	1	2
96	1605	1	2
136	1605	1	2
2	10	1	3
98	10	1	3
160	10	1	3
136	16	1	3
300	16	1	3
1	17	1	3
86	17	2	3
131	17	1	3
238	17	1	3
276	17	1	3
136	23	1	3
209	23	1	3
263	23	1	3
2	34	1	3
5	34	1	3
52	34	1	3
158	34	1	3
199	34	1	3
269	34	1	3
303	34	1	3
320	34	1	3
11	41	1	3
107	41	1	3
136	41	1	3
320	41	1	3
38	43	1	3
227	43	1	3
320	43	1	3
70	55	1	3
96	55	2	3
146	55	1	3
156	55	1	3
256	55	1	3
136	57	1	3
10	60	1	3
70	60	1	3
82	60	1	3
146	60	1	3
258	60	1	3
267	60	1	3
317	60	1	3
2	70	1	3
38	70	1	3
136	70	1	3
142	70	1	3
146	70	1	3
147	70	1	3
149	70	1	3
199	70	1	3
209	70	1	3
2	90	1	3
136	90	1	3
142	90	1	3
146	90	1	3
147	90	1	3
149	90	1	3
209	90	1	3
136	113	1	3
208	113	1	3
218	113	1	3
166	123	1	3
320	141	1	3
213	217	1	3
131	294	1	3
136	294	1	3
267	294	1	3
184	363	1	3
6	412	1	3
10	412	1	3
136	412	1	3
152	412	1	3
116	436	1	3
136	436	1	3
145	436	1	3
168	436	1	3
215	436	1	3
274	640	1	3
274	641	1	3
274	642	1	3
274	643	1	3
274	644	1	3
172	645	1	3
68	646	1	3
96	646	1	3
99	646	1	3
136	646	1	3
146	646	1	3
166	646	1	3
197	646	1	3
235	646	1	3
237	646	1	3
240	646	1	3
281	646	1	3
291	646	1	3
320	646	1	3
274	648	1	3
274	649	1	3
274	650	1	3
274	652	1	3
272	653	1	3
272	655	1	3
249	657	1	3
266	657	1	3
108	661	1	3
136	661	1	3
152	661	1	3
229	661	1	3
269	661	1	3
292	661	1	3
167	662	1	3
229	662	1	3
274	664	1	3
136	682	1	3
199	682	1	3
274	683	1	3
125	686	1	3
136	686	1	3
197	686	1	3
272	707	1	3
272	713	1	3
274	728	1	3
38	740	1	3
68	744	1	3
96	744	1	3
99	744	1	3
136	744	1	3
146	744	1	3
166	744	1	3
235	744	1	3
237	744	1	3
240	744	1	3
291	744	1	3
320	744	1	3
158	754	1	3
167	754	1	3
213	754	1	3
5	756	1	3
309	756	1	3
274	766	1	3
274	775	1	3
14	780	1	3
145	780	1	3
269	780	1	3
47	782	1	3
136	782	1	3
150	788	1	3
229	788	1	3
269	788	1	3
274	794	1	3
274	798	1	3
172	808	1	3
274	808	1	3
2	810	1	3
98	810	1	3
212	810	1	3
96	815	1	3
136	815	1	3
14	864	1	3
90	864	1	3
205	864	1	3
85	891	1	3
34	893	1	3
279	893	1	3
32	896	1	3
306	916	1	3
2	920	1	3
136	920	1	3
142	920	1	3
146	920	1	3
147	920	1	3
149	920	1	3
209	920	1	3
107	928	1	3
136	928	1	3
144	928	1	3
199	928	1	3
38	946	1	3
88	946	1	3
136	946	1	3
254	946	1	3
320	946	1	3
306	949	1	3
68	950	1	3
96	950	1	3
99	950	1	3
136	950	1	3
146	950	1	3
166	950	1	3
235	950	1	3
237	950	1	3
240	950	1	3
291	950	1	3
320	950	1	3
44	996	1	3
95	996	1	3
136	996	1	3
213	996	1	3
52	1040	1	3
136	1040	1	3
136	1144	1	3
145	1144	1	3
146	1144	1	3
267	1144	1	3
10	1158	1	3
136	1158	1	3
267	1158	1	3
161	1161	1	3
136	1165	1	3
199	1165	1	3
224	1165	1	3
248	1165	1	3
54	1178	1	3
136	1178	1	3
267	1178	1	3
48	1185	1	3
107	1185	1	3
123	1185	1	3
107	1191	2	3
136	1191	1	3
145	1191	1	3
267	1191	1	3
111	1192	1	3
123	1192	1	3
136	1194	1	3
145	1194	1	3
154	1211	1	3
200	1211	1	3
68	1217	1	3
96	1217	1	3
99	1217	1	3
136	1217	1	3
146	1217	1	3
166	1217	1	3
235	1217	1	3
236	1217	1	3
237	1217	1	3
240	1217	1	3
291	1217	1	3
320	1217	1	3
82	1229	1	3
96	1229	1	3
136	1229	1	3
146	1229	1	3
147	1229	1	3
149	1229	1	3
205	1229	1	3
96	1235	1	3
136	1235	1	3
145	1235	1	3
320	1248	1	3
68	1250	1	3
96	1250	1	3
99	1250	1	3
136	1250	1	3
146	1250	1	3
166	1250	1	3
197	1250	1	3
235	1250	1	3
237	1250	1	3
240	1250	1	3
281	1250	1	3
291	1250	1	3
320	1250	1	3
131	1282	2	3
136	1288	1	3
267	1288	1	3
115	1293	1	3
172	1308	1	3
136	1373	1	3
168	1373	1	3
267	1373	1	3
136	1374	1	3
145	1374	1	3
194	1374	1	3
134	1408	1	3
136	1408	1	3
199	1408	1	3
320	1408	1	3
2	1430	1	3
42	1430	1	3
79	1430	1	3
96	1430	1	3
146	1430	1	3
320	1431	1	3
172	1434	1	3
136	1436	1	3
267	1436	2	3
95	1438	1	3
122	1438	1	3
267	1438	1	3
2	1441	1	3
136	1441	1	3
142	1441	1	3
146	1441	1	3
147	1441	1	3
149	1441	1	3
269	1441	1	3
136	1463	1	3
267	1463	1	3
70	1464	1	3
136	1464	1	3
136	1508	1	3
167	1520	1	3
320	1520	1	3
136	1541	1	3
159	1541	1	3
14	1542	1	3
87	1542	1	3
118	1542	1	3
233	1542	1	3
96	1544	1	3
205	1544	1	3
307	1544	1	3
121	1568	1	3
136	1568	1	3
158	1568	1	3
269	1568	1	3
90	1586	1	3
96	1586	1	3
242	1586	1	3
136	1591	1	3
136	1601	1	3
136	1602	1	3
235	1602	1	3
75	20	1	4
90	21	1	4
108	21	1	4
251	21	1	4
293	21	1	4
136	28	1	4
144	28	1	4
163	28	2	4
255	28	1	4
278	28	1	4
288	28	1	4
50	30	1	4
315	30	1	4
155	31	1	4
123	35	1	4
136	36	1	4
144	36	1	4
199	36	1	4
212	36	1	4
136	48	1	4
256	48	1	4
269	48	1	4
166	53	1	4
205	53	1	4
269	53	1	4
94	62	1	4
134	62	1	4
139	62	1	4
189	62	1	4
202	62	1	4
243	62	1	4
121	74	1	4
37	75	1	4
71	75	1	4
125	75	1	4
229	75	1	4
131	77	1	4
184	77	1	4
277	77	1	4
309	77	1	4
109	79	1	4
15	84	1	4
259	102	1	4
302	102	1	4
21	104	1	4
29	104	1	4
90	104	1	4
104	104	1	4
131	104	1	4
172	104	1	4
250	104	1	4
263	104	1	4
136	105	1	4
136	112	1	4
136	122	1	4
24	131	2	4
136	131	1	4
204	131	1	4
297	131	1	4
122	133	2	4
55	134	1	4
36	136	1	4
143	142	1	4
147	142	1	4
167	142	1	4
214	142	1	4
253	142	1	4
261	142	1	4
136	145	1	4
144	145	1	4
199	145	1	4
269	163	1	4
278	163	1	4
183	166	1	4
205	188	1	4
244	200	1	4
285	200	1	4
317	200	1	4
123	221	2	4
238	233	1	4
276	233	1	4
42	238	1	4
172	244	1	4
127	258	1	4
293	258	1	4
131	259	1	4
215	259	1	4
34	260	1	4
134	269	1	4
40	270	1	4
58	270	1	4
206	270	1	4
275	275	1	4
92	278	1	4
136	282	1	4
79	284	1	4
262	284	1	4
112	314	1	4
136	321	1	4
173	321	1	4
136	324	1	4
173	324	1	4
51	328	1	4
19	330	1	4
111	330	1	4
215	330	1	4
225	330	1	4
249	330	1	4
168	333	1	4
22	339	1	4
133	339	1	4
225	339	1	4
243	339	1	4
293	341	1	4
15	345	1	4
153	345	1	4
227	345	1	4
288	352	1	4
35	354	1	4
176	354	1	4
186	354	1	4
233	354	1	4
270	354	1	4
119	355	1	4
193	355	1	4
194	355	1	4
207	355	1	4
241	355	1	4
243	355	1	4
65	357	1	4
77	357	1	4
117	357	1	4
233	357	2	4
258	357	1	4
288	357	1	4
191	360	1	4
210	366	1	4
97	369	1	4
101	369	1	4
65	374	1	4
77	374	1	4
117	374	1	4
153	374	1	4
191	374	1	4
233	374	1	4
294	377	1	4
299	377	1	4
217	378	1	4
225	380	1	4
153	383	1	4
160	383	1	4
186	383	1	4
191	383	1	4
166	384	1	4
199	384	1	4
6	387	1	4
44	387	1	4
103	387	1	4
111	387	1	4
167	387	2	4
312	387	1	4
318	387	2	4
133	389	1	4
251	390	1	4
290	390	1	4
123	392	1	4
172	393	1	4
242	393	1	4
130	395	1	4
150	395	1	4
154	399	1	4
234	399	1	4
90	404	1	4
41	405	1	4
111	408	1	4
205	408	1	4
269	408	1	4
54	409	1	4
184	409	1	4
275	409	1	4
108	415	1	4
190	415	1	4
6	420	1	4
15	420	1	4
205	420	1	4
172	422	2	4
123	425	1	4
108	426	1	4
123	426	1	4
282	440	1	4
300	440	1	4
39	442	1	4
94	450	1	4
289	450	1	4
177	454	1	4
293	454	1	4
14	455	1	4
168	456	1	4
185	457	1	4
129	459	1	4
129	461	2	4
123	462	1	4
162	462	1	4
172	462	1	4
161	466	1	4
48	470	2	4
57	472	1	4
118	472	1	4
71	476	1	4
229	476	1	4
100	479	1	4
136	479	1	4
152	479	1	4
166	479	1	4
195	479	1	4
24	485	1	4
133	485	1	4
30	487	1	4
155	487	1	4
205	487	1	4
289	487	1	4
84	490	1	4
266	493	1	4
24	499	1	4
73	499	1	4
121	499	1	4
136	499	1	4
166	499	1	4
259	499	1	4
287	499	1	4
136	501	1	4
277	501	1	4
320	501	1	4
136	506	1	4
212	506	1	4
97	508	1	4
170	510	1	4
289	510	2	4
293	511	1	4
90	515	1	4
93	515	1	4
261	515	1	4
313	515	1	4
72	518	1	4
282	518	1	4
40	520	1	4
190	520	1	4
217	520	1	4
223	520	1	4
269	520	1	4
310	520	1	4
134	521	1	4
283	521	1	4
269	524	1	4
9	534	1	4
136	534	1	4
166	534	1	4
171	534	1	4
195	534	1	4
211	534	1	4
224	534	1	4
259	534	1	4
287	534	1	4
9	539	2	4
100	539	1	4
136	539	1	4
166	539	1	4
171	539	2	4
224	539	1	4
259	539	1	4
277	539	1	4
287	539	1	4
110	546	1	4
223	546	1	4
239	546	1	4
269	546	1	4
24	563	1	4
136	563	1	4
172	563	1	4
195	563	1	4
243	563	1	4
296	563	1	4
9	567	1	4
100	567	1	4
136	567	1	4
166	567	1	4
171	567	1	4
224	567	1	4
259	567	1	4
277	567	1	4
287	567	1	4
136	578	1	4
172	578	1	4
209	578	1	4
263	578	1	4
269	578	1	4
9	586	1	4
100	586	1	4
136	586	1	4
166	586	1	4
171	586	1	4
217	586	1	4
224	586	1	4
287	586	1	4
150	589	1	4
209	589	1	4
301	589	1	4
18	594	1	4
121	594	1	4
136	594	1	4
161	594	1	4
185	594	1	4
195	594	1	4
316	595	1	4
136	598	1	4
166	598	1	4
217	598	1	4
287	598	1	4
307	598	1	4
256	605	1	4
303	605	1	4
137	607	1	4
9	609	1	4
136	609	1	4
166	609	1	4
171	609	1	4
185	609	1	4
217	609	1	4
258	609	1	4
37	610	1	4
192	610	1	4
299	610	1	4
195	612	2	4
246	612	1	4
255	612	1	4
179	626	1	4
151	627	1	4
90	631	1	4
116	631	1	4
250	631	1	4
168	633	1	4
182	635	1	4
254	635	1	4
136	654	1	4
144	654	1	4
199	654	1	4
199	663	1	4
293	663	1	4
17	668	1	4
105	668	1	4
128	668	1	4
179	668	1	4
183	668	1	4
278	668	1	4
289	668	1	4
304	668	1	4
75	669	1	4
81	669	1	4
105	669	1	4
200	669	1	4
278	669	1	4
289	669	1	4
105	670	1	4
179	670	2	4
289	670	1	4
105	671	1	4
112	671	1	4
105	672	1	4
134	672	1	4
165	672	1	4
173	672	1	4
179	672	1	4
215	672	1	4
290	673	1	4
299	673	1	4
4	675	1	4
105	675	1	4
136	675	1	4
246	680	1	4
124	688	1	4
243	688	1	4
299	688	2	4
310	691	1	4
214	701	1	4
136	705	1	4
154	705	1	4
163	705	1	4
101	706	1	4
123	706	1	4
284	706	1	4
80	708	1	4
135	708	1	4
158	708	1	4
136	709	1	4
144	709	1	4
199	709	1	4
63	716	1	4
134	719	1	4
234	719	1	4
246	719	1	4
84	720	1	4
134	720	1	4
269	720	1	4
94	729	1	4
164	729	1	4
258	729	1	4
63	730	1	4
246	730	1	4
108	734	1	4
120	734	1	4
238	734	1	4
293	734	1	4
78	737	1	4
136	759	1	4
144	759	2	4
163	759	1	4
199	759	1	4
255	759	1	4
134	761	1	4
188	761	1	4
269	761	1	4
281	761	1	4
71	771	1	4
177	771	1	4
243	771	1	4
257	771	1	4
266	771	1	4
215	781	1	4
297	781	1	4
238	802	2	4
109	803	1	4
190	803	1	4
123	806	1	4
48	807	1	4
106	807	1	4
136	807	1	4
269	807	1	4
23	809	1	4
111	809	1	4
168	809	1	4
173	811	1	4
136	814	1	4
184	814	1	4
292	814	1	4
137	818	1	4
23	823	1	4
27	823	1	4
177	823	1	4
27	824	1	4
118	824	1	4
233	824	1	4
311	824	1	4
82	827	1	4
103	827	1	4
1	829	1	4
23	829	1	4
275	829	1	4
23	831	1	4
50	831	2	4
112	831	1	4
116	831	1	4
191	831	1	4
5	836	1	4
52	836	1	4
102	836	1	4
230	836	1	4
278	836	1	4
206	839	1	4
223	839	1	4
243	839	1	4
275	839	1	4
103	841	1	4
131	841	1	4
139	841	1	4
215	845	1	4
249	845	1	4
294	845	1	4
182	848	1	4
202	848	1	4
160	853	1	4
266	855	1	4
269	860	1	4
21	881	1	4
249	881	1	4
299	881	1	4
97	900	1	4
123	900	1	4
283	900	1	4
293	905	1	4
312	905	2	4
122	912	1	4
15	923	1	4
40	923	1	4
48	923	1	4
214	923	1	4
227	923	2	4
41	925	1	4
150	925	1	4
152	925	1	4
168	925	1	4
268	925	1	4
136	930	1	4
144	930	1	4
76	933	1	4
150	933	1	4
152	933	1	4
206	933	1	4
253	933	1	4
268	933	1	4
150	938	1	4
152	938	1	4
168	938	1	4
216	938	1	4
293	938	1	4
150	940	1	4
152	940	1	4
168	940	1	4
44	941	1	4
150	941	1	4
152	941	1	4
168	941	1	4
150	953	1	4
152	953	1	4
254	953	1	4
285	954	1	4
8	959	1	4
106	959	1	4
124	959	1	4
150	959	1	4
152	959	1	4
168	959	1	4
40	965	1	4
150	965	1	4
152	965	1	4
249	965	1	4
289	965	1	4
108	971	1	4
1	976	1	4
78	976	1	4
85	976	1	4
226	976	1	4
131	985	1	4
136	985	1	4
151	985	1	4
275	989	1	4
275	992	1	4
276	992	1	4
298	992	1	4
150	993	1	4
152	993	1	4
269	993	1	4
167	997	1	4
205	997	1	4
254	997	1	4
313	997	1	4
318	997	1	4
319	997	1	4
167	999	1	4
168	999	1	4
255	999	1	4
278	999	1	4
320	999	1	4
44	1003	1	4
63	1003	1	4
94	1003	1	4
150	1003	1	4
152	1003	1	4
168	1003	1	4
254	1003	1	4
266	1003	1	4
150	1006	1	4
152	1006	1	4
168	1006	1	4
293	1006	1	4
172	1026	1	4
277	1049	1	4
57	1083	1	4
285	1083	1	4
178	1090	1	4
87	1105	1	4
162	1105	1	4
305	1105	1	4
136	1114	1	4
144	1114	2	4
163	1114	1	4
199	1114	1	4
255	1114	1	4
144	1120	1	4
224	1120	1	4
111	1123	1	4
118	1123	1	4
200	1123	1	4
23	1124	1	4
247	1124	1	4
250	1124	1	4
112	1125	1	4
136	1125	1	4
269	1125	2	4
307	1125	1	4
102	1126	1	4
297	1126	1	4
169	1127	1	4
51	1131	1	4
172	1131	1	4
195	1131	1	4
168	1133	1	4
63	1134	1	4
136	1134	1	4
269	1134	3	4
180	1139	1	4
293	1139	1	4
109	1140	1	4
179	1140	1	4
180	1140	1	4
184	1140	2	4
55	1141	1	4
303	1142	1	4
101	1145	1	4
140	1145	1	4
179	1145	2	4
117	1146	1	4
250	1149	1	4
168	1154	2	4
241	1154	1	4
290	1154	1	4
80	1157	1	4
109	1157	1	4
125	1157	1	4
204	1157	1	4
136	1159	1	4
179	1159	1	4
249	1159	1	4
293	1159	1	4
136	1162	1	4
224	1162	1	4
247	1162	1	4
292	1162	1	4
136	1173	1	4
222	1173	1	4
292	1173	3	4
136	1177	1	4
247	1177	1	4
41	1189	1	4
136	1189	1	4
144	1189	2	4
199	1189	2	4
136	1199	1	4
144	1199	1	4
199	1199	1	4
168	1200	1	4
67	1201	1	4
187	1201	1	4
55	1204	1	4
136	1204	1	4
190	1204	1	4
108	1205	1	4
168	1205	1	4
16	1214	1	4
116	1214	1	4
179	1214	1	4
257	1214	1	4
294	1214	1	4
275	1222	1	4
215	1228	1	4
176	1230	1	4
309	1230	1	4
52	1242	1	4
24	1277	1	4
92	1277	1	4
117	1277	1	4
121	1277	1	4
183	1277	1	4
128	1279	1	4
136	1279	1	4
230	1279	1	4
136	1291	1	4
172	1291	1	4
293	1291	1	4
172	1295	1	4
200	1295	1	4
240	1295	1	4
178	1298	1	4
200	1298	1	4
258	1298	1	4
136	1305	1	4
178	1305	1	4
258	1305	1	4
136	1306	1	4
269	1306	1	4
76	1310	1	4
194	1310	1	4
319	1310	1	4
140	1311	1	4
62	1312	1	4
293	1312	1	4
257	1313	1	4
120	1317	1	4
54	1319	1	4
74	1319	1	4
181	1319	1	4
238	1319	1	4
46	1320	1	4
90	1320	1	4
168	1320	1	4
285	1320	1	4
219	1321	1	4
317	1321	1	4
66	1324	1	4
227	1324	1	4
66	1326	1	4
244	1326	1	4
46	1328	1	4
168	1328	1	4
253	1328	1	4
66	1330	1	4
93	1330	1	4
122	1330	1	4
14	1331	1	4
39	1331	1	4
66	1331	1	4
86	1333	1	4
118	1333	1	4
303	1333	1	4
50	1335	1	4
97	1335	1	4
114	1335	1	4
150	1335	1	4
233	1335	1	4
228	1336	1	4
150	1339	1	4
213	1339	1	4
293	1339	1	4
244	1342	1	4
285	1342	1	4
14	1344	2	4
39	1344	1	4
72	1345	1	4
129	1347	2	4
172	1348	1	4
136	1349	1	4
207	1349	1	4
211	1349	1	4
269	1349	1	4
283	1349	1	4
121	1350	1	4
195	1350	1	4
251	1350	1	4
52	1352	1	4
66	1352	1	4
116	1352	1	4
170	1352	1	4
168	1354	1	4
207	1354	1	4
211	1354	1	4
216	1354	1	4
271	1354	1	4
293	1354	1	4
36	1356	1	4
136	1356	1	4
199	1356	1	4
23	1361	1	4
136	1361	1	4
168	1361	1	4
233	1361	1	4
46	1364	1	4
168	1364	1	4
289	1365	1	4
258	1366	1	4
314	1366	1	4
108	1380	1	4
219	1380	1	4
233	1380	1	4
136	1382	1	4
243	1382	1	4
136	1390	2	4
256	1390	1	4
291	1390	1	4
101	1394	1	4
243	1394	1	4
30	1400	1	4
136	1400	1	4
46	1404	1	4
130	1404	1	4
270	1404	1	4
293	1404	1	4
60	1405	1	4
221	1405	1	4
46	1411	1	4
49	1411	1	4
124	1411	1	4
130	1411	1	4
141	1411	1	4
51	1417	1	4
106	1417	1	4
277	1417	1	4
297	1417	1	4
299	1417	1	4
81	1421	1	4
123	1421	1	4
172	1425	1	4
311	1425	1	4
59	1433	1	4
223	1433	1	4
284	1433	1	4
136	1435	1	4
208	1435	1	4
218	1435	1	4
117	1437	1	4
136	1439	1	4
63	1440	1	4
195	1440	1	4
74	1442	1	4
90	1442	1	4
138	1442	1	4
233	1443	1	4
270	1443	1	4
296	1443	1	4
27	1444	1	4
40	1444	1	4
41	1444	1	4
111	1444	1	4
135	1444	1	4
201	1444	1	4
49	1447	1	4
128	1447	1	4
174	1447	1	4
293	1447	1	4
167	1452	1	4
177	1452	1	4
195	1452	1	4
89	1456	1	4
251	1456	1	4
101	1459	1	4
140	1459	1	4
164	1459	1	4
266	1459	1	4
67	1465	1	4
69	1465	1	4
160	1465	1	4
169	1465	1	4
257	1469	1	4
312	1469	1	4
150	1477	1	4
152	1477	1	4
41	1481	1	4
67	1481	1	4
112	1481	1	4
119	1481	1	4
136	1481	1	4
269	1481	1	4
271	1481	1	4
293	1481	1	4
150	1486	1	4
152	1486	1	4
206	1486	1	4
214	1486	1	4
283	1486	1	4
317	1486	1	4
150	1487	1	4
152	1487	1	4
168	1487	1	4
150	1488	1	4
152	1488	1	4
19	1489	1	4
56	1489	1	4
269	1489	1	4
56	1493	1	4
136	1493	1	4
136	1494	1	4
144	1494	2	4
199	1494	2	4
136	1495	1	4
199	1495	1	4
224	1495	1	4
150	1497	1	4
152	1497	1	4
284	1497	1	4
293	1497	1	4
136	1498	1	4
144	1498	2	4
163	1498	1	4
199	1498	1	4
255	1498	1	4
150	1500	1	4
152	1500	1	4
168	1500	1	4
150	1502	1	4
152	1502	1	4
289	1504	1	4
167	1509	1	4
269	1509	1	4
277	1509	1	4
150	1510	1	4
152	1510	1	4
44	1517	1	4
69	1517	1	4
83	1517	1	4
277	1517	1	4
115	1531	1	4
133	1532	1	4
189	1532	1	4
30	1533	1	4
116	1533	1	4
133	1533	1	4
158	1533	1	4
93	1534	1	4
160	1534	1	4
162	1534	1	4
210	1534	1	4
223	1534	1	4
112	1535	1	4
125	1535	1	4
168	1535	2	4
241	1535	1	4
269	1535	1	4
318	1535	1	4
115	1538	1	4
249	1538	1	4
136	1540	1	4
144	1540	1	4
198	1545	1	4
243	1545	1	4
283	1545	1	4
252	1547	1	4
150	1550	1	4
10	1551	1	4
81	1551	1	4
136	1551	1	4
144	1551	2	4
163	1551	1	4
188	1551	1	4
200	1551	1	4
255	1551	2	4
278	1551	1	4
269	1557	1	4
266	1558	1	4
297	1558	1	4
299	1559	1	4
162	1563	1	4
210	1563	1	4
293	1563	1	4
198	1564	1	4
307	1564	1	4
150	1565	1	4
270	1565	1	4
13	1567	1	4
167	1567	1	4
288	1567	1	4
169	1569	1	4
258	1569	1	4
169	1570	1	4
239	1570	1	4
168	1573	1	4
187	1573	1	4
293	1573	1	4
269	1574	1	4
269	1576	1	4
303	1576	2	4
95	1578	1	4
85	1579	1	4
115	1579	1	4
162	1579	1	4
210	1579	1	4
293	1579	1	4
169	1580	1	4
293	1580	1	4
108	1582	1	4
198	1582	1	4
301	1582	1	4
317	1582	1	4
64	1587	1	4
90	1587	1	4
198	1588	1	4
169	1589	1	4
246	1589	1	4
168	1592	1	4
219	1593	1	4
124	1596	1	4
136	1596	1	4
160	1596	1	4
167	1596	1	4
187	1596	1	4
269	1596	1	4
198	1597	1	4
169	1598	1	4
5	1599	1	4
212	1599	1	4
233	1599	1	4
315	1599	1	4
169	1600	1	4
160	1603	1	4
161	1603	1	4
169	1603	1	4
147	1604	1	4
212	1604	1	4
249	1604	1	4
315	1604	1	4
2	4	1	5
136	4	1	5
142	4	1	5
146	4	1	5
147	4	1	5
149	4	1	5
136	8	1	5
209	8	1	5
304	8	1	5
2	12	1	5
14	12	1	5
136	12	1	5
142	12	1	5
146	12	1	5
147	12	1	5
149	12	1	5
320	12	1	5
136	15	1	5
209	15	1	5
254	15	1	5
10	19	1	5
121	19	1	5
136	19	1	5
147	19	1	5
149	19	1	5
279	19	1	5
2	22	1	5
136	22	1	5
142	22	1	5
144	22	1	5
146	22	1	5
147	22	1	5
149	22	1	5
199	22	1	5
5	26	2	5
101	26	1	5
136	26	1	5
258	26	1	5
280	26	1	5
2	51	1	5
136	51	1	5
142	51	1	5
144	51	1	5
146	51	1	5
147	51	1	5
149	51	1	5
199	51	1	5
2	71	1	5
96	71	1	5
136	71	1	5
142	71	1	5
146	71	2	5
147	71	1	5
149	71	1	5
96	86	1	5
114	86	1	5
158	86	1	5
159	86	1	5
182	86	1	5
256	86	1	5
2	101	1	5
136	101	1	5
142	101	1	5
144	101	1	5
146	101	1	5
147	101	1	5
149	101	1	5
199	101	1	5
2	118	1	5
136	118	1	5
142	118	1	5
144	118	1	5
146	118	1	5
147	118	1	5
149	118	1	5
199	118	1	5
307	153	1	5
2	161	1	5
136	161	1	5
142	161	1	5
146	161	1	5
147	161	1	5
149	161	1	5
320	161	1	5
2	185	1	5
51	185	1	5
136	185	1	5
142	185	1	5
146	185	1	5
147	185	1	5
149	185	1	5
2	186	1	5
136	186	1	5
142	186	1	5
144	186	1	5
146	186	1	5
147	186	1	5
149	186	1	5
199	186	1	5
2	194	1	5
136	194	1	5
138	194	1	5
142	194	1	5
146	194	1	5
147	194	1	5
149	194	1	5
269	194	1	5
2	237	1	5
136	237	1	5
142	237	1	5
146	237	1	5
147	237	1	5
149	237	1	5
2	242	1	5
136	242	1	5
142	242	1	5
144	242	1	5
146	242	1	5
147	242	1	5
149	242	1	5
199	242	1	5
2	257	1	5
136	257	1	5
142	257	1	5
146	257	1	5
147	257	1	5
149	257	1	5
154	257	1	5
2	266	1	5
136	266	1	5
142	266	1	5
144	266	1	5
146	266	1	5
147	266	1	5
149	266	1	5
199	266	1	5
2	298	1	5
136	298	1	5
142	298	1	5
146	298	1	5
147	298	1	5
149	298	1	5
2	337	1	5
136	337	1	5
142	337	1	5
146	337	1	5
147	337	1	5
149	337	1	5
2	348	1	5
136	348	1	5
142	348	1	5
146	348	2	5
147	348	1	5
149	348	1	5
136	356	1	5
146	356	1	5
161	356	1	5
171	356	1	5
267	356	1	5
2	361	1	5
136	361	1	5
142	361	1	5
146	361	1	5
147	361	1	5
149	361	1	5
7	373	1	5
299	373	1	5
285	375	1	5
7	416	1	5
116	416	1	5
156	416	1	5
2	433	1	5
136	433	1	5
142	433	1	5
144	433	1	5
146	433	1	5
147	433	1	5
149	433	1	5
199	433	1	5
222	433	1	5
124	434	1	5
276	434	1	5
283	434	1	5
286	453	1	5
294	453	1	5
2	463	1	5
233	463	1	5
286	463	1	5
2	467	1	5
136	467	1	5
142	467	1	5
146	467	1	5
147	467	1	5
149	467	1	5
199	467	1	5
286	471	1	5
39	488	1	5
39	503	1	5
136	522	1	5
158	522	1	5
200	522	1	5
2	637	1	5
136	637	1	5
142	637	1	5
146	637	1	5
147	637	1	5
149	637	1	5
200	637	1	5
318	637	1	5
2	647	1	5
136	647	1	5
142	647	1	5
144	647	1	5
146	647	1	5
147	647	1	5
149	647	1	5
199	647	1	5
2	656	1	5
136	656	1	5
142	656	1	5
144	656	1	5
146	656	1	5
147	656	1	5
149	656	1	5
199	656	1	5
2	658	1	5
92	658	1	5
131	658	1	5
136	658	1	5
142	658	1	5
146	658	1	5
147	658	1	5
149	658	1	5
2	660	1	5
136	660	1	5
142	660	1	5
144	660	1	5
146	660	1	5
147	660	1	5
149	660	1	5
199	660	1	5
2	674	1	5
81	674	1	5
136	674	1	5
142	674	1	5
146	674	1	5
147	674	1	5
149	674	1	5
32	677	1	5
146	679	1	5
179	679	1	5
279	679	1	5
95	685	1	5
2	687	1	5
136	687	1	5
142	687	1	5
144	687	1	5
146	687	1	5
147	687	1	5
149	687	1	5
199	687	1	5
2	689	1	5
136	689	1	5
142	689	1	5
144	689	1	5
146	689	1	5
147	689	1	5
149	689	1	5
199	689	1	5
172	697	1	5
2	702	1	5
136	702	1	5
142	702	1	5
146	702	1	5
147	702	1	5
149	702	1	5
200	702	1	5
2	703	1	5
136	703	1	5
142	703	1	5
146	703	1	5
147	703	1	5
149	703	1	5
320	703	1	5
2	710	1	5
136	710	1	5
142	710	1	5
146	710	1	5
147	710	1	5
149	710	1	5
2	714	1	5
136	714	1	5
142	714	1	5
144	714	1	5
146	714	1	5
147	714	1	5
149	714	1	5
199	714	1	5
100	723	1	5
162	723	1	5
166	723	1	5
224	723	1	5
293	723	1	5
2	726	1	5
136	726	1	5
142	726	1	5
144	726	1	5
146	726	1	5
147	726	1	5
149	726	1	5
199	726	1	5
209	726	1	5
136	733	1	5
201	733	1	5
99	735	1	5
125	735	1	5
136	735	1	5
235	735	1	5
2	738	1	5
136	738	1	5
142	738	1	5
144	738	1	5
146	738	1	5
147	738	1	5
149	738	1	5
199	738	1	5
139	739	1	5
70	741	1	5
213	741	1	5
90	750	1	5
96	750	1	5
296	750	1	5
11	752	1	5
96	752	1	5
2	753	1	5
17	753	1	5
136	753	1	5
142	753	1	5
146	753	1	5
147	753	1	5
149	753	1	5
258	753	1	5
320	753	1	5
90	755	1	5
213	755	1	5
305	755	1	5
310	755	1	5
2	758	1	5
136	758	1	5
142	758	1	5
146	758	1	5
147	758	1	5
149	758	1	5
48	760	1	5
70	760	1	5
133	760	1	5
282	760	1	5
2	772	1	5
136	772	1	5
142	772	1	5
146	772	1	5
147	772	1	5
149	772	1	5
2	774	1	5
136	774	1	5
142	774	1	5
144	774	1	5
146	774	1	5
147	774	1	5
149	774	1	5
199	774	1	5
1	779	1	5
63	779	1	5
121	779	1	5
136	779	1	5
205	779	1	5
249	779	1	5
2	784	1	5
136	784	1	5
142	784	1	5
144	784	1	5
146	784	1	5
147	784	1	5
149	784	1	5
199	784	1	5
136	790	1	5
147	790	1	5
149	790	1	5
154	790	1	5
213	790	1	5
294	790	1	5
2	812	1	5
136	812	1	5
142	812	1	5
144	812	1	5
146	812	1	5
147	812	1	5
149	812	1	5
199	812	1	5
81	821	1	5
96	821	1	5
136	821	1	5
146	821	1	5
156	821	1	5
240	821	1	5
2	826	1	5
38	826	1	5
136	826	1	5
142	826	1	5
146	826	1	5
147	826	1	5
149	826	1	5
170	826	1	5
200	826	1	5
280	833	1	5
2	838	1	5
136	838	1	5
142	838	1	5
146	838	1	5
147	838	1	5
149	838	1	5
2	858	1	5
136	858	1	5
142	858	1	5
144	858	1	5
146	858	1	5
147	858	1	5
149	858	1	5
199	858	1	5
2	915	1	5
128	915	2	5
136	915	1	5
142	915	1	5
146	915	2	5
147	915	1	5
149	915	1	5
2	947	1	5
136	947	1	5
142	947	1	5
144	947	1	5
146	947	1	5
147	947	1	5
149	947	1	5
199	947	1	5
2	951	1	5
136	951	1	5
142	951	1	5
144	951	1	5
146	951	1	5
147	951	1	5
149	951	1	5
199	951	1	5
2	990	1	5
136	990	1	5
142	990	1	5
144	990	1	5
146	990	1	5
147	990	1	5
149	990	1	5
199	990	1	5
2	995	1	5
29	995	1	5
136	995	1	5
142	995	1	5
146	995	1	5
147	995	1	5
149	995	1	5
33	1009	2	5
96	1009	1	5
136	1009	1	5
291	1009	1	5
70	1029	1	5
136	1029	1	5
146	1029	1	5
147	1029	1	5
149	1029	1	5
184	1029	1	5
200	1029	1	5
294	1029	1	5
86	1059	1	5
136	1059	1	5
280	1059	1	5
291	1059	1	5
2	1077	1	5
136	1077	1	5
142	1077	1	5
144	1077	1	5
146	1077	1	5
147	1077	1	5
149	1077	1	5
199	1077	1	5
2	1088	1	5
136	1088	1	5
142	1088	1	5
144	1088	1	5
146	1088	1	5
147	1088	1	5
149	1088	1	5
199	1088	1	5
2	1089	1	5
136	1089	1	5
142	1089	1	5
146	1089	1	5
147	1089	1	5
149	1089	1	5
136	1099	1	5
147	1099	1	5
149	1099	1	5
234	1099	1	5
2	1122	1	5
136	1122	1	5
142	1122	1	5
144	1122	1	5
146	1122	1	5
147	1122	1	5
149	1122	1	5
199	1122	1	5
2	1138	1	5
136	1138	1	5
142	1138	1	5
146	1138	1	5
147	1138	1	5
149	1138	1	5
228	1138	1	5
2	1156	1	5
80	1156	1	5
136	1156	1	5
142	1156	1	5
146	1156	1	5
147	1156	1	5
149	1156	1	5
2	1163	1	5
136	1163	1	5
142	1163	1	5
144	1163	1	5
146	1163	1	5
147	1163	1	5
149	1163	1	5
199	1163	1	5
2	1169	1	5
131	1169	1	5
136	1169	1	5
142	1169	1	5
146	1169	1	5
147	1169	1	5
149	1169	1	5
2	1171	1	5
136	1171	1	5
142	1171	1	5
144	1171	1	5
146	1171	1	5
147	1171	1	5
149	1171	1	5
199	1171	1	5
2	1184	1	5
42	1184	1	5
103	1184	1	5
136	1184	1	5
142	1184	1	5
146	1184	1	5
147	1184	1	5
149	1184	1	5
200	1184	1	5
318	1184	1	5
2	1186	1	5
32	1186	1	5
136	1186	1	5
142	1186	1	5
146	1186	1	5
147	1186	1	5
149	1186	1	5
2	1195	1	5
56	1195	1	5
136	1195	1	5
142	1195	1	5
146	1195	1	5
147	1195	1	5
149	1195	1	5
258	1195	1	5
302	1195	1	5
2	1212	1	5
38	1212	3	5
136	1212	1	5
142	1212	1	5
146	1212	1	5
147	1212	1	5
149	1212	1	5
200	1212	1	5
2	1225	1	5
136	1225	1	5
142	1225	1	5
144	1225	1	5
146	1225	1	5
147	1225	1	5
149	1225	1	5
199	1225	1	5
136	1226	1	5
214	1226	1	5
269	1226	1	5
2	1237	1	5
136	1237	1	5
142	1237	1	5
146	1237	1	5
147	1237	1	5
149	1237	1	5
199	1237	1	5
273	1237	1	5
70	1239	1	5
96	1239	1	5
113	1239	1	5
136	1239	1	5
146	1239	2	5
156	1239	2	5
279	1239	1	5
6	1244	1	5
7	1244	1	5
10	1244	1	5
81	1244	1	5
136	1244	1	5
172	1244	1	5
2	1245	1	5
113	1245	1	5
136	1245	1	5
142	1245	1	5
146	1245	1	5
147	1245	1	5
149	1245	1	5
200	1245	1	5
103	1246	1	5
320	1246	1	5
2	1247	1	5
113	1247	4	5
136	1247	1	5
142	1247	1	5
146	1247	1	5
147	1247	1	5
149	1247	1	5
2	1249	1	5
136	1249	1	5
142	1249	1	5
146	1249	1	5
147	1249	1	5
149	1249	1	5
2	1272	1	5
136	1272	1	5
142	1272	1	5
144	1272	1	5
146	1272	1	5
147	1272	1	5
149	1272	1	5
199	1272	1	5
2	1276	1	5
136	1276	1	5
142	1276	1	5
146	1276	1	5
147	1276	1	5
149	1276	1	5
258	1276	1	5
136	1284	1	5
188	1284	1	5
269	1284	1	5
300	1284	1	5
2	1286	1	5
96	1286	1	5
136	1286	1	5
142	1286	1	5
146	1286	1	5
147	1286	1	5
149	1286	1	5
2	1289	1	5
136	1289	1	5
142	1289	1	5
144	1289	1	5
146	1289	1	5
147	1289	1	5
149	1289	1	5
199	1289	1	5
136	1292	1	5
147	1292	1	5
200	1292	1	5
2	1300	1	5
136	1300	1	5
142	1300	1	5
144	1300	1	5
146	1300	1	5
147	1300	1	5
149	1300	1	5
199	1300	1	5
2	1301	1	5
121	1301	1	5
136	1301	1	5
142	1301	1	5
146	1301	1	5
147	1301	1	5
149	1301	1	5
281	1301	1	5
86	1302	1	5
89	1302	1	5
126	1302	1	5
204	1302	1	5
2	1307	1	5
98	1307	1	5
146	1307	1	5
267	1307	1	5
2	1322	1	5
96	1322	1	5
134	1322	1	5
136	1322	1	5
142	1322	1	5
146	1322	1	5
147	1322	1	5
149	1322	1	5
159	1322	1	5
90	1325	1	5
2	1337	1	5
136	1337	1	5
142	1337	1	5
146	1337	1	5
147	1337	1	5
149	1337	1	5
200	1337	1	5
69	1338	1	5
125	1338	1	5
136	1338	1	5
200	1338	1	5
2	1340	1	5
136	1340	1	5
142	1340	1	5
146	1340	1	5
147	1340	1	5
149	1340	1	5
320	1340	1	5
2	1351	1	5
269	1351	1	5
2	1363	1	5
136	1363	1	5
142	1363	1	5
144	1363	1	5
146	1363	1	5
147	1363	1	5
149	1363	1	5
199	1363	1	5
27	1372	1	5
57	1372	1	5
258	1372	1	5
301	1372	1	5
2	1375	1	5
136	1375	1	5
142	1375	1	5
144	1375	1	5
146	1375	1	5
147	1375	1	5
149	1375	1	5
199	1375	1	5
2	1376	1	5
136	1376	1	5
142	1376	1	5
144	1376	1	5
146	1376	1	5
147	1376	1	5
149	1376	1	5
199	1376	1	5
136	1377	1	5
147	1377	1	5
149	1377	1	5
294	1377	1	5
305	1377	1	5
320	1377	1	5
2	1388	1	5
136	1388	1	5
142	1388	1	5
146	1388	1	5
147	1388	1	5
149	1388	1	5
2	1397	1	5
136	1397	1	5
142	1397	1	5
146	1397	1	5
147	1397	1	5
149	1397	1	5
200	1397	1	5
2	1401	1	5
136	1401	1	5
142	1401	1	5
146	1401	1	5
147	1401	1	5
149	1401	1	5
235	1401	1	5
227	1410	1	5
40	1413	1	5
134	1413	1	5
136	1413	1	5
152	1413	1	5
2	1418	1	5
32	1418	1	5
136	1418	1	5
142	1418	1	5
146	1418	1	5
147	1418	1	5
149	1418	1	5
2	1458	1	5
136	1458	1	5
142	1458	1	5
146	1458	1	5
147	1458	1	5
149	1458	1	5
77	1460	1	5
136	1460	1	5
320	1460	1	5
2	1461	1	5
136	1461	1	5
142	1461	1	5
146	1461	1	5
147	1461	1	5
149	1461	1	5
113	1470	5	5
269	1470	1	5
302	1470	1	5
10	1471	1	5
116	1471	1	5
2	1480	1	5
136	1480	1	5
142	1480	1	5
146	1480	2	5
147	1480	1	5
149	1480	1	5
99	1483	1	5
136	1483	1	5
146	1483	1	5
147	1483	1	5
149	1483	1	5
235	1483	1	5
256	1483	1	5
289	1483	1	5
2	1513	1	5
136	1513	1	5
142	1513	1	5
144	1513	1	5
146	1513	1	5
147	1513	1	5
149	1513	1	5
199	1513	1	5
136	1522	1	5
147	1522	1	5
168	1522	1	5
211	1522	1	5
300	1522	1	5
2	1529	1	5
32	1529	1	5
99	1529	1	5
116	1529	1	5
136	1529	1	5
142	1529	1	5
146	1529	1	5
147	1529	1	5
149	1529	1	5
235	1529	1	5
2	1546	1	5
136	1546	1	5
142	1546	1	5
144	1546	1	5
146	1546	1	5
147	1546	1	5
149	1546	1	5
199	1546	1	5
2	1575	1	5
52	1575	1	5
70	1575	1	5
96	1575	1	5
136	1575	1	5
149	1575	1	5
96	1581	1	5
116	1581	1	5
226	1581	1	5
246	1581	1	5
269	1581	1	5
90	1583	1	5
154	1583	1	5
183	1583	1	5
200	1583	1	5
296	1583	1	5
300	1583	1	5
2	1590	1	5
136	1590	1	5
142	1590	1	5
144	1590	1	5
146	1590	1	5
147	1590	1	5
149	1590	1	5
199	1590	1	5
57	2	1	6
114	2	1	6
64	3	1	6
136	5	1	6
227	5	1	6
318	5	1	6
167	13	1	6
268	13	1	6
27	14	1	6
136	14	1	6
205	14	1	6
81	27	1	6
86	27	1	6
269	27	1	6
118	38	1	6
136	38	1	6
183	38	1	6
136	42	1	6
299	42	1	6
136	45	1	6
297	47	1	6
57	52	1	6
15	58	1	6
108	58	1	6
118	58	1	6
211	58	1	6
223	58	1	6
283	58	1	6
35	65	1	6
299	65	1	6
117	66	1	6
172	66	1	6
183	66	1	6
158	76	1	6
205	76	1	6
79	98	1	6
111	98	1	6
185	98	1	6
254	98	1	6
273	100	1	6
136	106	1	6
199	106	1	6
203	106	1	6
136	108	1	6
237	108	1	6
269	108	1	6
303	108	1	6
205	120	1	6
116	125	1	6
205	125	1	6
108	127	1	6
221	127	1	6
269	127	1	6
108	137	1	6
266	137	1	6
275	137	1	6
299	139	1	6
318	139	1	6
101	143	1	6
284	143	1	6
306	143	1	6
49	144	1	6
86	144	1	6
136	144	1	6
193	144	1	6
233	144	1	6
135	147	1	6
238	147	1	6
276	147	1	6
136	148	1	6
299	148	1	6
136	150	1	6
179	150	1	6
269	150	1	6
293	150	1	6
313	156	1	6
123	158	1	6
285	158	1	6
293	167	1	6
200	168	1	6
214	168	1	6
269	168	1	6
79	173	1	6
136	173	1	6
218	173	1	6
106	175	1	6
273	175	1	6
166	193	1	6
215	193	1	6
218	193	1	6
87	196	1	6
125	205	2	6
52	207	1	6
131	207	1	6
135	211	1	6
195	211	1	6
254	212	1	6
72	213	1	6
269	213	1	6
293	213	1	6
215	223	1	6
172	228	1	6
86	232	1	6
293	232	1	6
184	234	1	6
234	234	1	6
276	234	1	6
293	234	1	6
95	240	1	6
74	253	1	6
227	253	1	6
195	256	1	6
244	256	1	6
248	256	1	6
1	261	1	6
27	261	1	6
168	261	1	6
293	261	1	6
30	265	1	6
62	265	1	6
202	265	1	6
205	265	1	6
284	265	1	6
289	265	1	6
40	267	1	6
172	267	1	6
202	267	1	6
184	271	1	6
269	271	1	6
289	271	1	6
299	271	1	6
278	281	1	6
20	290	1	6
209	290	1	6
90	291	1	6
64	292	1	6
75	292	1	6
282	292	1	6
296	292	1	6
318	295	1	6
319	295	1	6
64	297	4	6
136	297	1	6
294	303	1	6
74	342	1	6
136	349	1	6
132	350	1	6
180	350	1	6
206	350	1	6
261	350	1	6
289	350	1	6
136	353	1	6
193	353	1	6
73	362	2	6
200	362	1	6
139	365	1	6
293	365	2	6
37	367	1	6
276	367	1	6
292	367	1	6
187	371	1	6
261	371	1	6
269	371	1	6
210	376	1	6
19	379	1	6
53	379	1	6
309	379	1	6
84	381	1	6
90	381	2	6
106	382	1	6
254	382	1	6
108	391	1	6
200	391	1	6
308	391	1	6
101	400	1	6
126	400	1	6
207	400	1	6
56	401	1	6
123	401	1	6
200	413	1	6
216	413	1	6
111	414	1	6
151	414	1	6
269	414	1	6
168	428	1	6
93	430	1	6
133	430	1	6
167	430	1	6
314	430	1	6
62	432	1	6
229	432	1	6
230	432	1	6
278	432	1	6
120	437	1	6
227	437	1	6
102	439	1	6
120	444	1	6
14	451	1	6
249	451	1	6
268	451	1	6
11	458	1	6
60	458	1	6
115	458	1	6
40	465	1	6
210	465	1	6
40	469	1	6
167	469	1	6
195	469	1	6
236	469	1	6
182	473	1	6
136	480	1	6
251	480	1	6
269	480	1	6
131	484	1	6
195	484	1	6
234	484	1	6
278	484	1	6
33	489	1	6
5	492	1	6
11	492	1	6
13	492	1	6
277	492	1	6
73	494	1	6
136	494	1	6
26	496	1	6
136	496	1	6
251	496	1	6
26	498	1	6
73	498	1	6
136	498	1	6
251	498	1	6
52	502	1	6
83	502	1	6
121	502	1	6
125	502	1	6
178	502	1	6
269	502	1	6
275	502	1	6
26	509	1	6
136	509	1	6
220	509	1	6
251	509	1	6
319	509	2	6
26	514	1	6
100	514	1	6
136	514	1	6
251	514	1	6
26	517	1	6
136	517	1	6
186	517	1	6
251	517	1	6
26	523	1	6
73	523	1	6
136	523	1	6
251	523	1	6
26	527	1	6
73	527	1	6
108	527	1	6
136	527	1	6
220	527	1	6
26	532	1	6
136	532	1	6
205	532	1	6
220	532	1	6
251	532	1	6
308	532	1	6
97	545	1	6
193	545	1	6
85	547	1	6
26	553	1	6
123	553	1	6
136	553	1	6
220	553	1	6
251	553	1	6
139	554	1	6
166	554	1	6
188	554	1	6
246	554	1	6
26	558	1	6
123	558	1	6
136	558	1	6
220	558	1	6
251	558	1	6
15	560	1	6
307	560	1	6
289	591	1	6
136	599	1	6
280	600	1	6
102	603	1	6
168	603	1	6
87	606	1	6
231	606	1	6
68	608	1	6
108	614	1	6
52	616	1	6
299	616	1	6
120	624	1	6
139	624	1	6
269	624	1	6
293	624	1	6
161	628	1	6
247	628	1	6
167	629	1	6
104	630	2	6
219	630	1	6
271	630	1	6
293	630	3	6
136	639	1	6
199	639	1	6
203	639	1	6
108	681	1	6
317	681	1	6
136	684	1	6
199	684	1	6
222	684	1	6
292	684	1	6
195	694	1	6
89	712	1	6
188	712	1	6
204	712	1	6
246	712	1	6
283	712	1	6
136	717	1	6
136	727	1	6
188	727	1	6
305	727	1	6
136	731	1	6
260	731	1	6
109	743	1	6
269	743	1	6
200	764	1	6
201	764	1	6
301	764	1	6
320	764	1	6
136	768	1	6
254	768	1	6
260	768	1	6
269	787	1	6
288	789	1	6
111	791	1	6
123	791	1	6
234	791	1	6
278	791	1	6
111	792	1	6
168	792	1	6
278	792	1	6
279	792	1	6
90	793	1	6
138	793	1	6
246	793	1	6
275	793	1	6
188	795	1	6
226	797	1	6
292	797	1	6
123	822	1	6
183	822	1	6
266	822	1	6
157	832	1	6
89	843	1	6
104	843	1	6
165	843	1	6
205	843	1	6
136	849	1	6
172	849	1	6
208	849	1	6
219	849	1	6
230	849	1	6
269	849	1	6
40	851	1	6
246	861	1	6
295	861	1	6
90	901	1	6
168	901	1	6
172	903	1	6
186	948	1	6
288	955	1	6
295	957	1	6
148	960	1	6
187	962	1	6
266	962	1	6
269	962	1	6
307	962	2	6
242	963	1	6
5	964	1	6
229	964	1	6
141	966	1	6
242	966	1	6
172	967	1	6
148	968	1	6
88	970	1	6
148	970	1	6
77	977	1	6
205	977	1	6
136	981	1	6
148	981	1	6
34	991	1	6
269	991	1	6
67	1005	1	6
136	1005	1	6
184	1008	1	6
76	1010	1	6
227	1011	1	6
269	1019	2	6
316	1019	1	6
161	1028	1	6
59	1031	1	6
170	1031	1	6
199	1031	1	6
275	1031	1	6
292	1031	1	6
261	1032	1	6
59	1033	1	6
170	1033	1	6
199	1033	1	6
275	1033	1	6
292	1033	1	6
77	1037	1	6
27	1048	1	6
308	1048	1	6
33	1061	1	6
82	1061	1	6
212	1061	1	6
248	1061	1	6
238	1065	1	6
101	1068	1	6
130	1068	1	6
223	1068	1	6
232	1068	1	6
248	1068	1	6
109	1075	1	6
168	1091	1	6
269	1091	1	6
30	1093	1	6
91	1093	1	6
132	1101	1	6
236	1101	1	6
294	1101	1	6
85	1108	1	6
248	1108	1	6
204	1111	1	6
238	1111	1	6
273	1111	1	6
304	1111	1	6
136	1113	1	6
76	1115	1	6
101	1115	1	6
76	1116	1	6
101	1116	1	6
59	1118	1	6
172	1118	1	6
248	1118	1	6
134	1121	1	6
167	1121	1	6
175	1121	1	6
108	1129	1	6
136	1129	1	6
124	1132	1	6
136	1132	1	6
189	1132	1	6
141	1136	1	6
43	1137	2	6
112	1147	2	6
136	1147	1	6
136	1150	1	6
263	1150	1	6
58	1160	1	6
131	1160	1	6
136	1160	1	6
144	1160	1	6
269	1160	1	6
315	1160	1	6
56	1166	1	6
293	1166	1	6
168	1168	1	6
88	1174	1	6
166	1174	1	6
252	1174	1	6
168	1175	1	6
228	1175	1	6
243	1175	1	6
90	1176	1	6
313	1176	1	6
64	1180	1	6
226	1180	1	6
277	1180	1	6
307	1180	1	6
15	1181	1	6
136	1183	1	6
199	1183	1	6
238	1183	1	6
167	1188	1	6
275	1188	1	6
276	1188	1	6
47	1203	1	6
174	1210	1	6
75	1213	1	6
112	1213	1	6
298	1213	1	6
19	1215	1	6
172	1215	2	6
280	1219	1	6
53	1220	1	6
92	1220	1	6
168	1220	1	6
194	1220	1	6
269	1220	1	6
199	1224	1	6
316	1224	1	6
56	1252	1	6
99	1252	1	6
235	1252	1	6
83	1253	1	6
136	1253	1	6
178	1253	1	6
258	1253	1	6
18	1262	1	6
197	1262	1	6
236	1262	1	6
315	1264	1	6
18	1270	1	6
197	1270	1	6
236	1270	1	6
320	1283	1	6
93	1294	1	6
206	1297	1	6
209	1299	1	6
5	1315	1	6
94	1315	1	6
74	1332	1	6
90	1332	1	6
108	1332	1	6
136	1334	1	6
222	1334	1	6
238	1334	1	6
292	1334	1	6
316	1334	1	6
37	1346	2	6
120	1346	1	6
74	1358	1	6
137	1360	1	6
141	1360	1	6
273	1360	1	6
136	1367	1	6
65	1371	1	6
136	1371	1	6
135	1383	1	6
213	1383	1	6
278	1383	1	6
58	1385	1	6
136	1385	1	6
159	1385	1	6
218	1385	1	6
256	1385	1	6
54	1387	1	6
136	1387	1	6
308	1387	1	6
58	1391	1	6
136	1391	1	6
159	1391	1	6
218	1391	1	6
71	1393	1	6
115	1393	1	6
118	1393	1	6
228	1393	1	6
17	1414	1	6
74	1414	1	6
121	1414	1	6
271	1414	4	6
317	1414	1	6
234	1415	1	6
275	1415	1	6
278	1420	1	6
31	1423	1	6
31	1424	1	6
136	1466	1	6
83	1492	1	6
136	1492	1	6
200	1492	1	6
203	1492	1	6
222	1492	2	6
238	1492	1	6
136	1511	1	6
125	1549	1	6
136	1549	1	6
203	1549	1	6
269	1549	1	6
179	1571	1	6
200	1571	1	6
312	1571	1	6
104	1606	1	6
56	1	1	7
119	1	1	7
153	1	1	7
293	1	1	7
167	7	1	7
252	7	1	7
92	9	1	7
269	11	1	7
303	11	1	7
276	25	1	7
61	29	1	7
75	29	1	7
122	29	1	7
118	33	1	7
14	37	1	7
44	37	1	7
136	39	1	7
40	63	1	7
42	63	1	7
162	63	1	7
254	68	1	7
40	73	1	7
160	73	1	7
259	73	1	7
316	73	1	7
127	85	1	7
231	85	1	7
273	89	1	7
172	91	1	7
234	91	1	7
299	91	1	7
41	94	1	7
314	96	1	7
20	114	1	7
150	114	1	7
238	114	1	7
296	114	1	7
60	130	1	7
309	130	1	7
126	149	1	7
313	149	1	7
138	165	1	7
205	165	1	7
206	165	1	7
269	169	1	7
307	169	1	7
22	171	1	7
165	171	1	7
187	171	1	7
205	171	1	7
223	171	1	7
307	171	1	7
313	171	2	7
36	198	1	7
136	198	1	7
199	198	1	7
36	204	1	7
136	204	1	7
199	204	1	7
18	219	1	7
270	219	1	7
282	219	1	7
115	222	1	7
216	222	1	7
136	224	1	7
306	224	1	7
304	243	1	7
184	247	1	7
280	247	1	7
298	247	1	7
244	254	1	7
284	254	1	7
84	255	1	7
136	255	1	7
205	262	1	7
63	263	1	7
101	263	1	7
191	263	1	7
247	263	1	7
288	263	1	7
108	268	1	7
115	268	1	7
266	268	1	7
270	268	1	7
269	272	1	7
90	289	1	7
129	289	1	7
203	293	1	7
16	304	1	7
27	304	1	7
307	304	1	7
78	305	1	7
78	306	1	7
219	306	1	7
131	310	1	7
158	310	1	7
212	316	1	7
37	317	1	7
98	317	1	7
133	317	1	7
176	317	1	7
289	322	1	7
190	332	1	7
89	334	1	7
147	334	1	7
251	334	2	7
31	336	1	7
38	336	1	7
65	336	1	7
112	336	1	7
113	336	1	7
318	336	1	7
195	343	1	7
285	343	1	7
101	344	1	7
305	344	1	7
109	346	1	7
172	346	1	7
36	407	1	7
136	407	1	7
199	407	1	7
136	411	2	7
166	411	1	7
239	411	1	7
16	417	1	7
80	417	1	7
90	417	1	7
63	421	1	7
293	421	1	7
194	424	1	7
72	429	1	7
123	431	1	7
56	449	1	7
173	449	1	7
97	460	1	7
172	460	1	7
221	460	1	7
284	460	1	7
109	477	1	7
283	477	1	7
60	481	1	7
24	482	1	7
45	482	1	7
121	482	1	7
136	482	1	7
24	491	1	7
121	491	1	7
136	491	1	7
172	491	1	7
214	516	1	7
49	528	1	7
172	536	1	7
195	549	1	7
293	549	1	7
195	556	1	7
249	556	1	7
319	565	1	7
25	570	1	7
271	581	1	7
293	581	1	7
293	583	1	7
195	588	1	7
11	601	1	7
141	601	1	7
172	601	1	7
190	634	1	7
283	634	1	7
104	636	1	7
183	636	1	7
318	636	1	7
132	665	1	7
172	665	1	7
295	665	1	7
103	666	1	7
148	692	1	7
148	693	1	7
238	699	1	7
275	699	1	7
148	700	1	7
93	715	1	7
204	721	1	7
157	725	1	7
172	725	1	7
118	762	1	7
172	762	1	7
228	762	1	7
90	763	1	7
205	763	1	7
307	763	1	7
155	786	1	7
167	786	1	7
269	786	1	7
52	805	1	7
115	805	1	7
305	805	1	7
320	805	1	7
269	830	1	7
311	830	1	7
5	854	1	7
172	854	1	7
183	854	1	7
243	854	1	7
318	854	2	7
64	856	2	7
108	856	1	7
293	856	1	7
307	856	1	7
188	876	1	7
15	879	1	7
168	879	1	7
5	884	1	7
14	884	1	7
20	884	1	7
29	884	1	7
155	884	1	7
289	884	1	7
275	886	1	7
20	892	1	7
93	892	1	7
293	892	1	7
311	892	1	7
315	911	1	7
90	913	1	7
275	921	1	7
275	922	1	7
121	924	1	7
24	926	1	7
45	926	1	7
121	926	1	7
24	927	1	7
45	927	1	7
121	927	1	7
36	943	1	7
136	943	1	7
215	945	1	7
56	952	1	7
41	958	1	7
136	975	1	7
136	994	1	7
186	994	1	7
310	994	1	7
36	998	1	7
136	998	1	7
199	998	1	7
36	1000	1	7
136	1000	1	7
199	1000	1	7
212	1000	1	7
136	1013	1	7
176	1013	1	7
14	1014	1	7
36	1015	1	7
136	1015	1	7
199	1015	1	7
151	1018	1	7
275	1018	1	7
36	1030	1	7
136	1030	1	7
199	1030	1	7
36	1051	1	7
98	1051	1	7
136	1051	1	7
180	1051	1	7
199	1051	1	7
25	1056	1	7
214	1056	1	7
82	1058	1	7
36	1069	1	7
136	1069	1	7
199	1069	1	7
36	1071	1	7
136	1071	1	7
199	1071	1	7
237	1071	1	7
36	1074	1	7
136	1074	1	7
199	1074	1	7
175	1095	1	7
174	1096	1	7
118	1097	1	7
258	1098	1	7
84	1104	1	7
119	1104	1	7
205	1104	1	7
206	1104	1	7
207	1104	1	7
266	1104	1	7
307	1104	1	7
143	1119	1	7
108	1128	1	7
244	1128	1	7
90	1130	1	7
275	1130	1	7
67	1151	1	7
15	1152	1	7
231	1152	1	7
316	1152	1	7
45	1155	1	7
233	1155	1	7
258	1155	1	7
263	1155	1	7
45	1170	1	7
247	1170	1	7
194	1172	1	7
206	1172	1	7
117	1216	1	7
293	1216	2	7
111	1233	1	7
253	1233	1	7
90	1234	1	7
131	1234	1	7
134	1234	1	7
109	1236	1	7
131	1240	1	7
40	1243	1	7
161	1243	1	7
243	1243	1	7
8	1256	1	7
123	1257	1	7
8	1263	1	7
4	1269	1	7
52	1269	1	7
113	1269	1	7
150	1269	1	7
177	1269	1	7
269	1269	1	7
48	1274	1	7
106	1274	1	7
164	1274	2	7
258	1274	1	7
113	1278	2	7
34	1281	1	7
136	1285	1	7
309	1285	1	7
40	1287	1	7
223	1296	1	7
229	1296	1	7
76	1303	1	7
158	1303	1	7
297	1303	1	7
39	1304	1	7
136	1304	1	7
146	1304	1	7
260	1304	1	7
278	1304	1	7
252	1318	1	7
136	1343	1	7
200	1343	1	7
292	1343	1	7
106	1355	1	7
108	1355	1	7
183	1355	1	7
299	1355	1	7
36	1370	1	7
136	1370	1	7
199	1370	1	7
218	1370	1	7
101	1379	1	7
117	1379	1	7
150	1379	1	7
136	1381	1	7
224	1381	1	7
269	1381	2	7
304	1381	1	7
136	1386	1	7
303	1386	1	7
77	1403	1	7
108	1403	1	7
293	1416	1	7
123	1419	1	7
278	1419	1	7
114	1427	1	7
214	1427	1	7
239	1427	1	7
43	1454	1	7
136	1472	1	7
268	1472	1	7
269	1472	1	7
109	1484	1	7
249	1484	1	7
48	1485	1	7
68	1485	1	7
205	1485	1	7
75	1505	1	7
14	1507	1	7
18	1507	1	7
27	1507	1	7
181	1507	1	7
289	1507	1	7
182	1512	1	7
307	1512	1	7
122	1523	1	7
130	1523	1	7
136	1523	1	7
15	1539	1	7
40	1539	1	7
194	1554	1	7
219	1554	1	7
292	1560	1	7
138	1577	1	7
174	1577	1	7
205	1577	1	7
258	1577	1	7
289	1577	1	7
202	1595	1	7
284	1595	1	7
