17	3	1	1
7	9	1	1
7	22	1	1
1	25	1	1
7	25	1	1
18	25	1	1
18	26	1	1
19	30	1	1
21	30	1	1
3	42	1	1
13	45	1	1
7	72	1	1
13	72	1	1
7	84	1	1
18	84	1	1
20	84	1	1
21	88	1	1
17	91	1	1
17	99	1	1
4	103	1	1
3	111	1	1
15	123	1	1
10	124	1	1
6	125	1	1
15	129	1	1
1	130	1	1
4	137	1	1
11	137	1	1
13	137	1	1
4	140	1	1
13	163	1	1
6	187	1	1
7	205	1	1
7	214	1	1
10	222	1	1
21	7	1	4
10	10	1	4
12	10	1	4
1	11	1	4
12	11	1	4
15	13	1	4
15	14	1	4
12	15	1	4
16	17	1	4
21	17	1	4
12	18	1	4
16	19	1	4
16	21	1	4
12	23	1	4
16	28	1	4
10	32	1	4
16	32	1	4
16	34	1	4
2	38	1	4
8	38	1	4
15	38	1	4
2	39	1	4
8	39	1	4
9	40	1	4
2	41	1	4
8	41	1	4
2	43	1	4
8	43	1	4
2	44	1	4
8	44	1	4
2	46	1	4
8	46	1	4
10	46	1	4
2	47	1	4
8	47	1	4
11	49	1	4
10	51	1	4
1	53	1	4
4	57	1	4
11	57	1	4
21	60	1	4
5	62	1	4
14	62	1	4
1	63	1	4
3	63	1	4
19	67	1	4
5	75	1	4
14	75	1	4
5	76	1	4
11	78	1	4
6	79	1	4
11	80	1	4
19	80	1	4
19	85	1	4
1	89	1	4
5	89	1	4
14	89	1	4
21	96	1	4
5	97	1	4
19	97	1	4
14	98	1	4
14	104	1	4
10	109	1	4
9	113	1	4
11	113	1	4
1	114	1	4
14	114	1	4
20	116	1	4
10	119	1	4
10	120	1	4
20	120	1	4
7	126	1	4
18	126	1	4
18	131	1	4
13	132	1	4
4	148	1	4
7	152	1	4
13	154	1	4
18	155	1	4
3	157	1	4
18	157	1	4
7	159	1	4
7	160	1	4
7	161	1	4
10	165	1	4
11	165	1	4
7	168	1	4
20	170	1	4
9	172	1	4
4	175	1	4
7	175	1	4
7	177	1	4
18	177	1	4
9	180	1	4
9	182	1	4
10	191	1	4
20	191	1	4
18	192	1	4
3	196	1	4
7	198	1	4
4	199	1	4
7	200	1	4
7	201	1	4
18	202	1	4
6	204	1	4
17	208	1	4
15	209	1	4
6	210	1	4
11	210	1	4
7	212	1	4
7	217	1	4
7	220	1	4
20	220	1	4
17	226	1	4
10	231	1	4
