177	5	1	0
360	5	1	0
370	5	1	0
105	13	1	0
348	13	1	0
400	13	1	0
22	40	1	0
90	40	1	0
150	40	1	0
164	40	1	0
172	40	1	0
204	40	1	0
341	40	1	0
3	50	1	0
64	50	1	0
149	50	1	0
262	50	1	0
389	50	1	0
63	116	1	0
86	116	1	0
348	116	1	0
385	116	1	0
394	116	1	0
54	128	1	0
171	128	2	0
341	128	2	0
8	153	1	0
106	153	1	0
322	153	1	0
326	153	1	0
367	153	1	0
388	153	1	0
255	166	1	0
23	171	1	0
19	249	1	0
138	249	1	0
178	249	1	0
190	249	1	0
217	249	1	0
315	249	1	0
317	249	1	0
337	249	1	0
340	249	1	0
171	256	1	0
388	256	1	0
388	260	1	0
82	270	1	0
354	270	1	0
136	273	1	0
221	273	1	0
317	273	1	0
347	273	1	0
43	325	1	0
95	325	1	0
350	419	1	0
72	420	1	0
305	424	1	0
318	424	1	0
360	424	1	0
363	431	1	0
383	445	1	0
38	450	1	0
52	450	1	0
187	450	1	0
188	450	1	0
222	450	1	0
305	450	1	0
337	450	1	0
402	450	1	0
39	463	1	0
99	463	1	0
114	463	1	0
126	463	1	0
327	463	1	0
394	463	1	0
44	471	1	0
114	471	1	0
292	471	1	0
312	471	1	0
383	471	2	0
52	475	1	0
334	475	1	0
337	475	1	0
358	475	1	0
66	492	1	0
111	492	1	0
208	492	1	0
399	492	1	0
178	519	1	0
122	534	1	0
139	534	1	0
233	534	1	0
321	534	1	0
362	534	1	0
213	535	1	0
363	535	1	0
258	589	1	0
178	592	1	0
297	592	1	0
44	597	1	0
144	605	1	0
188	605	1	0
226	619	1	0
367	619	1	0
151	625	1	0
226	625	1	0
331	625	1	0
163	635	1	0
270	635	1	0
363	674	1	0
43	675	1	0
363	727	1	0
291	743	1	0
109	762	1	0
81	776	1	0
363	782	1	0
127	795	1	0
153	795	1	0
283	795	1	0
318	795	1	0
122	797	1	0
233	797	1	0
240	797	1	0
282	797	1	0
288	797	1	0
360	797	2	0
81	803	1	0
142	803	2	0
259	803	2	0
199	813	1	0
229	813	1	0
400	813	1	0
416	813	2	0
16	815	1	0
226	815	1	0
339	815	1	0
358	815	1	0
337	824	1	0
346	824	1	0
397	824	1	0
404	824	1	0
179	831	1	0
215	831	1	0
242	839	1	0
204	841	1	0
283	841	1	0
304	841	1	0
312	841	1	0
33	887	1	0
20	946	1	0
24	946	1	0
97	946	1	0
159	946	1	0
187	952	1	0
272	952	1	0
306	952	1	0
332	952	1	0
360	952	1	0
110	956	1	0
134	956	1	0
161	956	1	0
177	956	1	0
329	956	1	0
360	956	1	0
20	984	1	0
178	984	1	0
250	996	1	0
225	1013	1	0
23	1081	1	0
275	1081	1	0
200	1103	1	0
15	1105	1	0
178	1105	1	0
387	1105	2	0
121	1117	1	0
179	1117	1	0
332	1117	1	0
47	1143	1	0
178	1143	1	0
256	1143	1	0
104	1145	1	0
36	1147	1	0
79	1147	1	0
360	1147	1	0
60	1149	1	0
226	1149	1	0
8	1152	1	0
116	1152	1	0
5	1154	1	0
39	1154	1	0
73	1154	1	0
163	1154	1	0
243	1154	2	0
268	1154	1	0
359	1154	1	0
400	1154	1	0
412	1154	1	0
113	1155	1	0
229	1155	1	0
113	1162	1	0
135	1162	1	0
159	1162	1	0
188	1162	1	0
17	1165	1	0
61	1165	1	0
228	1165	1	0
325	1165	1	0
17	1168	1	0
107	1168	1	0
143	1168	2	0
165	1168	1	0
332	1168	1	0
17	1169	1	0
41	1169	1	0
143	1169	2	0
166	1169	1	0
221	1169	1	0
229	1169	1	0
288	1169	1	0
153	1171	1	0
165	1171	1	0
413	1171	1	0
29	1173	1	0
40	1173	1	0
95	1173	1	0
377	1173	1	0
406	1176	1	0
175	1178	1	0
303	1178	1	0
388	1178	1	0
86	1180	1	0
317	1180	1	0
339	1180	1	0
375	1436	1	0
92	1440	1	0
388	1440	1	0
41	1457	1	0
213	1457	1	0
268	1457	1	0
324	1457	1	0
332	1457	1	0
350	1457	1	0
360	1457	1	0
367	1471	1	0
90	1478	1	0
232	1478	1	0
273	1478	1	0
377	1478	1	0
242	1486	1	0
111	1492	1	0
123	1492	1	0
178	1493	1	0
155	1515	1	0
188	1515	1	0
213	1515	1	0
347	1515	1	0
22	1595	1	0
65	1595	1	0
67	1595	1	0
249	1595	1	0
277	1595	1	0
205	1617	1	0
195	1627	1	0
155	1633	1	0
211	1633	1	0
211	1635	1	0
45	1647	2	0
72	1648	4	0
116	1648	1	0
229	1648	1	0
270	1648	1	0
360	1648	1	0
370	1648	1	0
389	1648	1	0
39	1650	1	0
178	1650	1	0
274	1651	1	0
178	1652	1	0
183	1652	2	0
253	1652	2	0
288	1652	1	0
360	1652	1	0
394	1652	1	0
261	1657	1	0
303	1657	2	0
120	1698	1	0
207	1698	1	0
309	1698	1	0
149	1706	1	0
188	1706	1	0
261	1706	1	0
272	1707	1	0
290	1707	1	0
321	1707	1	0
383	1707	1	0
70	1708	1	0
151	1708	1	0
207	1708	1	0
274	1708	1	0
309	1708	1	0
101	1710	1	0
198	1710	1	0
135	1742	1	0
271	1742	1	0
106	1747	1	0
187	1747	1	0
188	1747	1	0
224	1747	1	0
278	1747	1	0
360	1748	1	0
378	1748	1	0
87	1754	1	0
283	1754	1	0
333	1754	1	0
416	1754	1	0
360	1765	1	0
376	1765	1	0
130	1766	1	0
167	1766	1	0
242	1766	1	0
317	1766	1	0
367	1766	1	0
79	1767	1	0
357	1767	1	0
23	1776	1	0
356	1784	1	0
397	1784	1	0
106	1789	1	0
126	1794	1	0
356	1794	1	0
28	1836	1	0
228	1836	1	0
258	1836	1	0
322	1836	1	0
395	1836	1	0
400	1836	1	0
49	1841	1	0
360	1848	1	0
366	1848	1	0
275	1850	1	0
244	1892	1	0
332	1892	1	0
333	1892	1	0
360	1892	1	0
383	1892	1	0
95	1928	1	0
262	1928	1	0
134	1932	1	0
360	1932	1	0
397	1932	1	0
360	1939	1	0
219	1952	1	0
365	1952	1	0
44	1956	1	0
252	1956	1	0
93	1958	1	0
409	1959	1	0
196	1962	1	0
55	1979	1	0
108	1979	1	0
169	1979	1	0
11	1981	1	0
116	1981	1	0
152	1990	1	0
230	1995	3	0
385	1995	1	0
29	2003	1	0
160	2003	1	0
332	2003	1	0
25	2016	1	0
116	2018	1	0
206	2018	1	0
67	2025	1	0
86	2025	1	0
116	2025	1	0
133	2025	1	0
332	2028	1	0
359	2028	1	0
25	2030	1	0
302	2034	1	0
11	2040	1	0
75	2040	1	0
145	2040	1	0
171	2040	1	0
317	2040	1	0
75	2047	1	0
98	2047	1	0
178	2047	1	0
151	2049	1	0
242	2049	1	0
19	2053	1	0
22	2053	1	0
358	2064	1	0
370	2064	1	0
402	2064	1	0
118	2065	2	0
116	2086	1	0
201	2087	2	0
307	2087	1	0
405	2087	1	0
389	2088	1	0
313	2094	1	0
16	2102	1	0
143	2102	1	0
156	2102	1	0
201	2102	1	0
221	2102	1	0
292	2102	1	0
406	2102	1	0
15	2108	1	0
70	2108	1	0
178	2108	1	0
388	2108	1	0
68	2113	1	0
145	2113	1	0
190	2113	1	0
201	2113	1	0
340	2113	1	0
183	2126	1	0
11	2137	1	0
360	2137	1	0
162	2138	1	0
215	2138	1	0
288	2138	1	0
300	2138	1	0
338	2138	1	0
134	2145	1	0
329	2145	2	0
332	2145	1	0
360	2145	1	0
370	2145	1	0
378	2153	1	0
3	2168	1	0
227	2168	1	0
240	2168	1	0
202	2180	1	0
360	2180	1	0
367	2196	1	0
369	2196	1	0
388	2196	1	0
83	2201	1	0
149	2201	1	0
363	2210	1	0
389	2212	1	0
19	2215	1	0
46	2223	1	0
178	2223	1	0
137	2240	1	0
143	2244	1	0
153	2244	1	0
191	2244	1	0
192	2244	1	0
284	2244	1	0
343	2244	1	0
400	2244	1	0
252	2249	1	0
354	2249	1	0
283	2251	1	0
284	2251	1	0
221	3	1	1
284	6	1	1
400	6	1	1
67	16	1	1
177	53	1	1
187	59	1	1
188	59	1	1
324	59	1	1
364	59	1	1
227	61	1	1
369	61	1	1
241	72	1	1
317	72	1	1
397	72	1	1
137	88	1	1
272	88	1	1
388	89	1	1
78	95	1	1
40	98	1	1
64	98	1	1
66	115	1	1
113	115	1	1
152	118	1	1
339	118	1	1
123	122	1	1
145	122	1	1
339	122	1	1
82	127	1	1
220	127	1	1
171	136	1	1
33	140	1	1
261	140	1	1
77	144	1	1
222	144	1	1
225	144	1	1
116	146	1	1
54	147	1	1
78	147	1	1
140	147	1	1
178	147	1	1
273	147	1	1
140	157	1	1
224	157	1	1
264	157	1	1
392	157	1	1
228	161	1	1
374	161	1	1
378	161	1	1
378	164	1	1
140	172	1	1
76	177	1	1
90	177	1	1
394	177	1	1
400	177	1	1
360	187	1	1
369	187	1	1
387	187	1	1
140	190	1	1
230	190	1	1
161	199	1	1
237	200	1	1
343	202	1	1
391	207	1	1
229	229	1	1
239	229	1	1
388	229	1	1
312	303	1	1
179	332	1	1
350	332	1	1
140	340	1	1
348	343	1	1
407	343	1	1
229	371	1	1
240	374	1	1
100	376	1	1
143	376	1	1
388	376	1	1
171	385	1	1
348	386	1	1
302	411	1	1
229	413	1	1
302	413	1	1
370	415	1	1
394	415	1	1
250	470	1	1
178	505	1	1
146	517	1	1
319	517	1	1
53	554	1	1
229	554	1	1
318	554	1	1
416	554	1	1
37	560	1	1
156	560	1	1
219	560	1	1
315	560	1	1
97	562	1	1
198	562	1	1
315	562	1	1
385	562	1	1
343	565	1	1
393	565	1	1
400	565	1	1
385	567	1	1
100	578	1	1
288	581	1	1
377	581	1	1
377	584	1	1
19	586	1	1
25	586	1	1
44	586	1	1
172	586	1	1
255	586	1	1
392	586	1	1
82	600	1	1
160	600	2	1
283	600	1	1
403	604	1	1
331	611	1	1
41	616	1	1
105	618	1	1
323	618	1	1
172	620	1	1
273	620	1	1
366	620	1	1
113	623	2	1
352	623	1	1
11	631	1	1
114	631	1	1
350	631	1	1
116	633	1	1
370	633	1	1
378	633	1	1
21	636	1	1
325	636	1	1
360	636	1	1
384	636	1	1
165	639	2	1
332	639	1	1
37	643	2	1
177	643	1	1
246	643	1	1
292	643	1	1
369	643	1	1
13	646	1	1
37	646	1	1
174	646	1	1
200	646	1	1
307	646	2	1
370	646	1	1
104	652	1	1
308	652	1	1
331	652	1	1
368	652	1	1
66	653	1	1
165	658	2	1
259	658	1	1
271	658	1	1
388	658	1	1
198	682	1	1
407	682	1	1
226	700	1	1
330	700	1	1
233	704	1	1
185	708	1	1
229	708	1	1
240	708	1	1
288	708	1	1
360	708	1	1
109	723	1	1
354	723	1	1
400	723	1	1
109	725	1	1
151	725	1	1
407	728	1	1
21	731	1	1
360	731	1	1
116	733	1	1
184	733	1	1
354	733	1	1
360	733	1	1
50	736	1	1
271	736	1	1
43	740	1	1
174	740	1	1
360	740	2	1
145	741	1	1
209	741	1	1
345	741	1	1
43	747	1	1
174	747	1	1
221	747	2	1
360	747	2	1
13	765	1	1
50	765	1	1
134	765	1	1
172	765	1	1
220	765	1	1
384	765	1	1
388	765	1	1
415	765	1	1
2	770	1	1
44	770	1	1
400	774	1	1
274	786	1	1
334	786	1	1
415	786	1	1
370	788	1	1
45	865	1	1
13	1063	1	1
236	1063	1	1
388	1063	1	1
13	1064	1	1
136	1064	1	1
229	1064	1	1
304	1064	1	1
370	1064	1	1
388	1064	1	1
233	1069	1	1
167	1070	1	1
232	1070	1	1
388	1082	1	1
178	1085	1	1
79	1089	1	1
403	1089	1	1
39	1093	1	1
47	1093	1	1
96	1093	1	1
98	1093	1	1
245	1093	1	1
249	1093	1	1
5	1104	1	1
221	1104	1	1
267	1104	1	1
329	1111	1	1
221	1115	1	1
332	1115	1	1
108	1118	1	1
394	1118	1	1
410	1118	1	1
54	1119	1	1
75	1119	1	1
216	1119	1	1
229	1119	1	1
249	1119	1	1
259	1119	1	1
360	1119	1	1
400	1125	1	1
54	1129	1	1
112	1129	1	1
191	1129	1	1
329	1129	1	1
365	1129	2	1
245	1132	1	1
135	1137	1	1
242	1137	1	1
13	1139	1	1
242	1139	1	1
377	1139	2	1
153	1151	1	1
178	1151	1	1
240	1151	1	1
64	1181	1	1
188	1181	1	1
247	1181	1	1
388	1181	1	1
398	1181	1	1
216	1235	1	1
328	1235	1	1
361	1235	1	1
79	1300	1	1
228	1300	1	1
405	1300	1	1
24	1359	1	1
247	1359	1	1
365	1359	1	1
392	1363	1	1
140	1374	1	1
360	1374	1	1
398	1374	1	1
360	1385	1	1
140	1396	1	1
264	1396	1	1
79	1399	1	1
166	1399	1	1
268	1399	1	1
140	1401	1	1
230	1401	1	1
389	1401	1	1
411	1401	1	1
339	1409	1	1
378	1413	1	1
388	1413	1	1
329	1414	1	1
109	1430	1	1
151	1430	1	1
31	1432	1	1
224	1432	1	1
401	1432	1	1
151	1446	1	1
229	1446	1	1
2	1453	1	1
226	1453	1	1
228	1453	1	1
74	1483	1	1
142	1483	1	1
403	1496	1	1
232	1507	1	1
259	1507	1	1
161	1584	1	1
208	1584	1	1
277	1584	1	1
35	1587	1	1
252	1587	1	1
120	1596	1	1
359	1596	1	1
410	1596	1	1
178	1597	1	1
193	1597	1	1
162	1599	1	1
138	1616	1	1
229	1623	1	1
34	1634	1	1
412	1634	1	1
149	1646	1	1
305	1646	1	1
367	1646	1	1
366	1692	1	1
177	1741	1	1
178	1741	1	1
317	1756	1	1
143	1760	1	1
146	1760	1	1
168	1760	1	1
183	1760	1	1
369	1760	1	1
129	1798	1	1
171	1798	1	1
112	1810	1	1
176	1810	1	1
329	1810	1	1
279	1908	1	1
208	1929	1	1
165	1934	1	1
374	1934	1	1
178	1944	1	1
348	1944	1	1
302	1954	1	1
116	1969	1	1
229	1969	1	1
142	2004	1	1
360	2004	1	1
165	2008	1	1
174	2008	1	1
196	2010	1	1
346	2010	1	1
31	2015	1	1
45	2015	2	1
109	2015	1	1
131	2015	1	1
142	2015	1	1
154	2015	1	1
239	2015	1	1
347	2015	1	1
394	2015	1	1
116	2019	1	1
132	2019	1	1
56	2022	1	1
145	2022	1	1
178	2022	1	1
226	2022	1	1
153	2043	1	1
327	2043	1	1
83	2054	1	1
1	2073	1	1
242	2073	1	1
361	2073	1	1
354	2083	2	1
372	2083	1	1
392	2083	2	1
11	2096	1	1
55	2096	1	1
178	2136	1	1
351	2136	1	1
401	2136	1	1
367	2144	1	1
248	2148	1	1
87	2232	1	1
120	2232	1	1
25	2243	1	1
142	2243	1	1
307	2243	1	1
116	10	2	2
332	10	2	2
39	18	1	2
65	75	1	2
174	75	1	2
189	75	1	2
251	75	1	2
383	75	1	2
32	149	1	2
135	149	2	2
221	149	1	2
292	149	1	2
332	149	1	2
161	151	1	2
414	160	1	2
25	206	1	2
285	206	1	2
77	209	1	2
178	213	1	2
229	213	1	2
292	213	1	2
356	213	2	2
68	247	2	2
322	253	1	2
360	253	1	2
334	298	1	2
264	322	1	2
178	330	1	2
317	330	1	2
410	337	2	2
120	341	1	2
378	341	1	2
25	369	1	2
147	369	1	2
182	369	1	2
344	369	1	2
221	384	1	2
396	384	1	2
91	392	1	2
222	392	1	2
331	392	1	2
178	397	1	2
388	397	1	2
44	406	1	2
341	406	1	2
409	406	1	2
178	447	1	2
361	447	1	2
41	459	2	2
41	468	2	2
134	472	1	2
400	472	1	2
94	474	1	2
329	474	1	2
262	476	1	2
334	476	1	2
54	487	1	2
162	487	2	2
216	487	1	2
360	487	1	2
367	487	1	2
376	487	1	2
388	487	1	2
323	516	1	2
359	516	1	2
410	516	1	2
158	520	1	2
161	520	1	2
174	520	1	2
195	520	1	2
233	520	1	2
108	545	2	2
178	546	1	2
216	546	1	2
32	569	1	2
147	569	1	2
139	595	1	2
233	595	1	2
320	595	1	2
37	640	1	2
210	640	1	2
220	640	1	2
376	640	1	2
203	645	1	2
67	649	1	2
74	649	1	2
229	649	1	2
232	655	1	2
341	655	1	2
2	816	1	2
104	816	1	2
214	816	1	2
230	816	1	2
367	816	1	2
407	816	1	2
16	820	1	2
388	820	2	2
104	823	1	2
360	823	1	2
119	827	1	2
178	827	1	2
210	949	1	2
229	949	1	2
237	949	1	2
273	949	1	2
354	949	1	2
161	961	1	2
219	961	1	2
221	961	1	2
372	961	1	2
219	981	1	2
409	981	1	2
24	982	1	2
159	982	1	2
205	982	1	2
151	994	1	2
354	994	1	2
412	1018	1	2
97	1046	1	2
232	1046	1	2
362	1046	1	2
388	1046	2	2
192	1061	1	2
178	1062	1	2
239	1062	1	2
360	1062	2	2
178	1084	1	2
190	1084	1	2
262	1084	1	2
340	1084	1	2
327	1130	1	2
249	1190	1	2
360	1190	1	2
91	1193	1	2
361	1193	1	2
8	1207	1	2
92	1207	1	2
158	1207	1	2
174	1207	1	2
360	1210	1	2
413	1210	1	2
38	1215	1	2
174	1215	1	2
61	1216	1	2
116	1216	1	2
290	1216	1	2
63	1218	1	2
214	1218	1	2
367	1218	1	2
387	1218	2	2
60	1237	1	2
135	1237	1	2
168	1237	1	2
52	1286	1	2
86	1287	1	2
142	1287	1	2
21	1293	1	2
142	1293	2	2
153	1293	1	2
174	1293	1	2
259	1293	1	2
392	1293	1	2
170	1297	1	2
359	1297	1	2
306	1302	1	2
334	1302	1	2
142	1336	1	2
143	1336	1	2
308	1346	1	2
67	1348	1	2
102	1351	1	2
162	1351	1	2
308	1351	1	2
87	1352	1	2
192	1352	1	2
381	1352	1	2
67	1353	1	2
178	1367	1	2
312	1470	1	2
176	1605	1	2
33	1613	1	2
182	1613	1	2
291	1625	1	2
388	1625	1	2
416	1625	1	2
178	1630	1	2
387	1630	1	2
94	1631	2	2
261	1642	1	2
303	1642	2	2
159	1649	1	2
366	1655	1	2
130	1656	1	2
142	1656	2	2
302	1661	1	2
341	1661	1	2
103	1665	1	2
142	1665	1	2
160	1665	1	2
232	1665	1	2
377	1665	1	2
104	1667	1	2
311	1667	3	2
387	1667	4	2
183	1668	1	2
184	1668	1	2
273	1668	1	2
377	1668	1	2
400	1668	1	2
71	1670	1	2
137	1670	1	2
208	1670	1	2
77	1678	1	2
103	1678	1	2
182	1681	1	2
200	1681	1	2
202	1681	1	2
41	1682	1	2
352	1682	1	2
198	1683	1	2
360	1683	1	2
392	1683	1	2
160	1684	1	2
392	1684	1	2
41	1686	1	2
116	1686	1	2
388	1686	1	2
161	1697	1	2
229	1701	1	2
104	1712	1	2
239	1712	1	2
178	1718	1	2
43	1728	1	2
71	1728	1	2
111	1728	1	2
229	1728	1	2
273	1728	1	2
97	1730	1	2
376	1730	1	2
247	1731	1	2
354	1733	2	2
393	1733	1	2
202	1736	1	2
360	1736	1	2
359	1740	1	2
10	1744	1	2
79	1744	1	2
145	1744	1	2
332	1744	1	2
392	1744	1	2
11	1746	1	2
287	1746	1	2
77	1751	1	2
331	1751	1	2
396	1751	1	2
273	1758	1	2
331	1758	1	2
396	1758	1	2
71	1759	1	2
143	1759	1	2
169	1759	1	2
259	1759	1	2
41	1762	1	2
211	1762	1	2
2	1771	1	2
304	1771	1	2
360	1771	1	2
294	1785	1	2
324	1793	1	2
383	1793	1	2
74	1797	1	2
150	1797	1	2
225	1797	1	2
252	1797	1	2
40	1853	1	2
97	1853	1	2
283	1853	1	2
178	1854	1	2
151	1888	1	2
161	1888	1	2
400	1890	1	2
85	1896	1	2
134	1898	1	2
376	1898	1	2
9	1964	1	2
182	1964	1	2
229	1964	1	2
265	1973	1	2
360	1973	1	2
354	1991	1	2
3	2006	1	2
388	2006	1	2
30	2100	1	2
90	2100	1	2
129	2100	2	2
205	2100	1	2
221	2100	1	2
326	2100	1	2
367	2100	1	2
387	2100	2	2
116	2111	1	2
46	2125	1	2
232	2125	1	2
46	2128	1	2
145	2128	1	2
302	2128	1	2
341	2128	1	2
259	2161	1	2
365	2161	1	2
370	2211	1	2
248	2228	1	2
126	2	1	4
360	2	1	4
32	4	1	4
151	4	1	4
96	25	1	4
145	25	2	4
333	25	1	4
35	33	1	4
415	33	1	4
78	35	1	4
81	35	1	4
306	35	1	4
125	36	1	4
261	37	1	4
311	37	1	4
411	42	1	4
359	46	1	4
188	55	1	4
110	56	1	4
145	56	1	4
201	56	1	4
151	64	1	4
39	70	1	4
284	70	1	4
359	70	1	4
405	70	1	4
44	73	1	4
204	73	1	4
299	73	1	4
54	77	1	4
116	77	1	4
354	77	1	4
405	77	1	4
178	78	1	4
230	78	1	4
388	82	1	4
7	90	1	4
365	90	1	4
62	93	1	4
195	93	1	4
7	94	1	4
60	102	1	4
91	102	1	4
195	102	1	4
345	102	1	4
45	107	1	4
91	107	1	4
25	109	1	4
31	109	1	4
120	109	1	4
137	109	1	4
178	109	1	4
93	110	1	4
283	110	1	4
37	112	1	4
73	112	1	4
178	112	1	4
322	112	1	4
7	117	1	4
221	117	1	4
407	130	1	4
20	142	1	4
39	142	1	4
196	142	1	4
229	142	1	4
295	142	1	4
333	148	1	4
15	167	2	4
28	167	1	4
34	167	4	4
94	167	1	4
245	174	1	4
249	174	1	4
369	174	1	4
138	188	1	4
394	188	1	4
230	208	1	4
86	221	1	4
317	221	1	4
369	221	1	4
400	221	1	4
135	222	1	4
45	226	2	4
273	226	2	4
157	227	1	4
157	240	1	4
178	258	1	4
280	277	1	4
45	278	1	4
266	278	1	4
178	284	1	4
229	284	1	4
157	293	1	4
348	293	1	4
389	293	1	4
75	305	1	4
157	306	1	4
164	314	1	4
312	314	2	4
384	314	1	4
12	320	1	4
122	320	1	4
138	320	1	4
153	320	1	4
228	320	1	4
321	320	1	4
243	334	1	4
292	334	1	4
381	334	1	4
31	350	1	4
324	350	1	4
251	372	1	4
178	375	1	4
281	383	1	4
412	383	1	4
12	396	1	4
69	396	1	4
69	404	1	4
25	407	1	4
229	412	1	4
161	417	1	4
256	417	2	4
273	417	2	4
171	422	1	4
282	422	1	4
351	422	1	4
391	422	1	4
30	426	1	4
104	426	1	4
122	426	1	4
322	426	1	4
413	426	1	4
178	437	1	4
288	437	1	4
354	437	1	4
413	437	1	4
360	454	1	4
16	483	1	4
59	483	1	4
226	483	1	4
178	485	1	4
226	485	1	4
229	485	1	4
155	499	1	4
171	499	1	4
178	499	1	4
227	499	1	4
120	522	1	4
99	526	1	4
189	530	1	4
280	530	1	4
377	530	1	4
383	530	1	4
388	530	1	4
399	530	1	4
146	544	1	4
229	544	1	4
24	548	1	4
178	555	1	4
293	555	1	4
325	555	1	4
360	555	1	4
400	555	1	4
402	555	1	4
31	556	1	4
203	556	1	4
139	558	1	4
233	558	1	4
320	558	1	4
388	558	1	4
12	580	1	4
48	580	1	4
64	580	1	4
178	588	1	4
390	588	1	4
22	603	1	4
122	603	1	4
321	603	1	4
158	608	1	4
195	608	1	4
233	608	1	4
320	608	1	4
360	608	1	4
380	608	1	4
400	608	1	4
24	648	1	4
159	648	1	4
57	662	1	4
132	662	1	4
178	662	1	4
181	662	1	4
258	662	1	4
360	662	1	4
208	666	1	4
213	666	1	4
116	668	1	4
178	668	1	4
226	668	2	4
360	668	1	4
405	668	1	4
137	669	1	4
178	669	1	4
226	669	1	4
232	669	1	4
361	669	1	4
371	669	1	4
46	671	1	4
136	671	1	4
283	671	1	4
102	672	1	4
229	672	1	4
154	673	1	4
129	677	1	4
329	678	1	4
348	678	1	4
7	680	1	4
102	680	1	4
118	680	1	4
343	680	1	4
102	683	1	4
138	684	1	4
283	684	1	4
11	688	1	4
29	688	1	4
190	688	1	4
340	688	1	4
143	689	2	4
161	689	1	4
162	689	1	4
229	689	1	4
16	691	1	4
142	691	1	4
388	691	1	4
401	691	1	4
229	692	1	4
178	695	2	4
233	695	1	4
273	695	1	4
7	696	1	4
51	696	1	4
20	697	2	4
137	699	1	4
191	699	1	4
360	699	1	4
161	701	1	4
12	711	1	4
83	711	1	4
281	711	1	4
178	712	1	4
361	712	1	4
178	714	1	4
212	714	1	4
280	714	1	4
332	714	1	4
412	715	1	4
110	716	1	4
178	716	1	4
394	717	1	4
110	719	1	4
178	719	1	4
229	719	1	4
388	719	1	4
50	726	1	4
135	726	1	4
369	726	1	4
276	729	1	4
108	738	1	4
46	739	1	4
222	739	1	4
226	739	1	4
336	739	1	4
391	739	1	4
30	742	1	4
102	752	1	4
157	752	1	4
178	752	1	4
29	758	1	4
46	758	1	4
62	758	1	4
222	758	1	4
336	758	1	4
22	764	1	4
131	764	1	4
153	764	1	4
213	764	1	4
233	764	1	4
321	764	1	4
388	764	1	4
143	767	1	4
220	767	1	4
222	767	1	4
298	767	1	4
336	767	1	4
360	767	1	4
38	769	1	4
50	769	1	4
220	775	1	4
222	775	1	4
336	775	1	4
400	775	1	4
238	779	1	4
28	781	1	4
253	781	1	4
342	781	1	4
399	781	1	4
412	781	1	4
273	783	1	4
277	783	1	4
280	783	1	4
50	785	1	4
178	785	1	4
221	785	1	4
238	785	1	4
112	787	1	4
229	787	1	4
342	787	1	4
95	796	1	4
160	796	1	4
200	796	1	4
220	796	2	4
221	796	1	4
222	796	1	4
336	796	1	4
222	800	1	4
229	800	1	4
253	800	1	4
342	800	1	4
238	801	1	4
215	802	1	4
336	802	1	4
343	802	1	4
178	804	1	4
238	804	1	4
104	810	2	4
342	810	1	4
360	810	1	4
394	810	1	4
221	811	1	4
226	811	2	4
336	811	1	4
413	811	1	4
137	812	1	4
178	812	1	4
226	812	1	4
238	812	1	4
77	819	1	4
124	819	1	4
126	819	1	4
178	819	1	4
190	819	1	4
281	819	1	4
340	819	1	4
360	819	1	4
62	821	1	4
104	821	2	4
137	821	1	4
172	821	1	4
226	821	1	4
253	821	1	4
342	821	1	4
394	821	2	4
21	828	2	4
58	828	2	4
148	828	3	4
230	828	3	4
252	828	2	4
58	829	1	4
226	843	1	4
342	843	1	4
388	843	1	4
413	843	1	4
226	850	1	4
342	850	1	4
76	851	1	4
161	856	1	4
389	856	1	4
178	868	1	4
336	868	1	4
360	868	1	4
178	880	1	4
226	880	1	4
336	880	1	4
360	880	1	4
3	892	1	4
176	892	1	4
352	892	1	4
388	892	1	4
407	892	1	4
146	919	1	4
226	919	1	4
336	919	1	4
360	919	1	4
365	919	1	4
369	919	1	4
389	919	1	4
229	954	1	4
231	954	1	4
62	959	1	4
104	959	1	4
168	959	1	4
392	959	1	4
394	959	1	4
116	963	1	4
142	963	1	4
259	963	1	4
208	965	1	4
228	965	1	4
370	965	1	4
119	992	1	4
133	992	1	4
176	992	1	4
243	992	1	4
292	992	1	4
66	995	1	4
178	995	1	4
205	995	1	4
275	995	1	4
350	1006	1	4
283	1008	1	4
392	1008	1	4
135	1009	1	4
392	1009	1	4
205	1010	1	4
298	1010	1	4
125	1014	1	4
66	1023	1	4
31	1024	1	4
388	1024	1	4
223	1025	1	4
259	1025	1	4
280	1025	1	4
259	1029	1	4
399	1029	1	4
273	1033	1	4
145	1034	1	4
276	1034	1	4
329	1034	1	4
44	1040	1	4
85	1040	1	4
149	1040	1	4
107	1041	1	4
327	1041	1	4
400	1041	1	4
14	1047	1	4
116	1047	1	4
178	1047	1	4
21	1086	1	4
119	1086	1	4
171	1086	1	4
279	1086	1	4
283	1086	1	4
98	1090	1	4
89	1141	1	4
242	1141	1	4
89	1160	1	4
249	1160	1	4
89	1161	1	4
142	1161	1	4
231	1161	1	4
360	1161	1	4
367	1161	1	4
283	1166	1	4
367	1182	2	4
80	1183	1	4
151	1183	1	4
233	1183	1	4
275	1183	1	4
321	1183	1	4
360	1183	1	4
159	1184	1	4
388	1184	1	4
407	1184	1	4
283	1185	1	4
298	1185	1	4
388	1185	1	4
116	1186	1	4
80	1187	1	4
94	1188	1	4
228	1188	1	4
89	1189	1	4
116	1189	1	4
226	1189	1	4
258	1189	1	4
310	1189	1	4
362	1189	1	4
89	1191	1	4
105	1191	1	4
310	1191	1	4
411	1191	1	4
310	1192	1	4
322	1192	1	4
178	1194	1	4
278	1194	1	4
402	1194	1	4
56	1195	1	4
89	1195	1	4
258	1195	1	4
310	1195	1	4
317	1195	1	4
387	1195	1	4
414	1195	1	4
187	1196	1	4
310	1196	1	4
383	1196	1	4
404	1196	1	4
89	1198	1	4
226	1198	1	4
300	1198	1	4
310	1198	1	4
349	1198	1	4
23	1203	1	4
24	1203	1	4
38	1203	1	4
115	1203	1	4
159	1203	1	4
198	1203	1	4
221	1203	1	4
229	1203	1	4
360	1203	1	4
398	1203	1	4
187	1205	1	4
310	1205	1	4
321	1205	1	4
359	1205	1	4
383	1205	1	4
244	1206	1	4
249	1206	1	4
360	1206	1	4
310	1209	1	4
259	1217	1	4
196	1226	1	4
229	1226	1	4
144	1227	1	4
352	1227	1	4
388	1227	1	4
41	1230	1	4
28	1238	1	4
124	1238	1	4
358	1238	1	4
39	1242	1	4
151	1242	1	4
171	1242	1	4
294	1242	1	4
89	1244	1	4
67	1245	1	4
153	1245	1	4
280	1245	1	4
360	1245	1	4
202	1246	1	4
233	1246	1	4
36	1248	1	4
138	1248	1	4
377	1248	1	4
388	1248	1	4
232	1249	1	4
314	1249	1	4
388	1249	1	4
2	1254	1	4
248	1254	1	4
367	1254	1	4
131	1255	1	4
227	1255	1	4
300	1255	2	4
149	1259	1	4
177	1259	1	4
283	1259	1	4
411	1259	1	4
54	1272	1	4
269	1272	1	4
23	1277	1	4
96	1277	1	4
178	1277	1	4
331	1277	1	4
396	1277	1	4
255	1279	1	4
23	1299	1	4
275	1301	1	4
285	1301	1	4
332	1301	1	4
291	1307	1	4
1	1312	1	4
98	1312	1	4
202	1312	1	4
360	1312	1	4
1	1314	1	4
367	1318	1	4
21	1326	1	4
58	1326	1	4
161	1326	1	4
211	1326	1	4
390	1326	1	4
392	1326	1	4
200	1340	1	4
329	1340	1	4
360	1340	1	4
385	1340	1	4
388	1340	1	4
143	1356	1	4
165	1356	2	4
335	1366	1	4
178	1379	1	4
343	1379	1	4
360	1379	1	4
397	1379	1	4
21	1405	1	4
135	1405	1	4
162	1405	1	4
386	1405	1	4
148	1422	5	4
159	1422	1	4
135	1433	1	4
324	1433	1	4
367	1433	1	4
400	1433	1	4
123	1434	1	4
255	1434	1	4
277	1434	1	4
151	1438	1	4
57	1450	1	4
229	1450	1	4
24	1463	2	4
106	1463	1	4
273	1463	1	4
364	1463	1	4
77	1472	1	4
178	1472	1	4
256	1472	1	4
322	1495	1	4
360	1495	1	4
397	1495	1	4
324	1499	1	4
403	1499	1	4
289	1500	1	4
329	1500	1	4
365	1500	1	4
273	1502	1	4
81	1508	1	4
178	1508	1	4
269	1508	1	4
278	1508	1	4
312	1508	1	4
109	1510	1	4
217	1510	1	4
3	1521	1	4
350	1521	1	4
82	1531	1	4
273	1531	1	4
277	1531	1	4
51	1537	1	4
250	1537	1	4
151	1577	1	4
135	1586	1	4
229	1586	1	4
394	1586	1	4
178	1607	1	4
285	1607	1	4
356	1607	1	4
266	1612	1	4
178	1639	1	4
178	1640	1	4
387	1640	1	4
403	1715	1	4
296	1716	1	4
170	1726	1	4
316	1726	1	4
14	1743	1	4
334	1743	1	4
178	1745	1	4
359	1750	1	4
360	1752	1	4
330	1774	1	4
178	1792	1	4
91	1799	1	4
367	1799	1	4
388	1799	1	4
323	1800	1	4
389	1802	1	4
42	1803	1	4
155	1805	1	4
176	1805	1	4
89	1807	1	4
119	1807	1	4
226	1808	1	4
89	1813	1	4
301	1813	1	4
89	1817	1	4
104	1817	1	4
226	1817	1	4
262	1817	1	4
182	1821	1	4
275	1826	1	4
38	1827	1	4
73	1827	1	4
193	1827	1	4
392	1827	1	4
291	1829	1	4
193	1830	1	4
232	1830	1	4
410	1830	1	4
22	1834	1	4
288	1834	1	4
383	1834	1	4
84	1839	1	4
101	1839	1	4
20	1842	1	4
117	1842	1	4
193	1842	1	4
229	1842	1	4
330	1842	1	4
86	1843	1	4
413	1843	1	4
1	1844	1	4
161	1844	1	4
349	1844	1	4
378	1844	1	4
223	1847	1	4
360	1847	1	4
137	1851	1	4
294	1851	1	4
161	1852	1	4
229	1852	1	4
282	1852	2	4
360	1852	2	4
38	1860	1	4
95	1860	1	4
187	1860	1	4
364	1860	1	4
70	1862	1	4
178	1862	1	4
53	1868	1	4
105	1868	1	4
255	1868	1	4
267	1868	1	4
408	1868	1	4
38	1930	1	4
312	1930	1	4
404	1930	1	4
161	1945	1	4
167	1945	1	4
200	1945	1	4
279	1945	1	4
300	1945	1	4
317	1945	1	4
388	1945	1	4
234	1988	1	4
77	1989	2	4
160	1989	1	4
222	1989	1	4
232	1989	1	4
47	1993	1	4
272	1993	1	4
345	1993	1	4
356	1993	1	4
115	1996	1	4
332	1996	1	4
349	1996	1	4
15	1997	1	4
26	1997	1	4
266	1997	1	4
391	1997	1	4
350	1998	1	4
226	2002	1	4
171	2009	1	4
221	2009	1	4
25	2026	1	4
178	2026	1	4
263	2026	1	4
55	2033	1	4
205	2033	1	4
264	2035	1	4
283	2035	1	4
339	2035	1	4
399	2035	1	4
178	2039	1	4
386	2039	1	4
116	2044	1	4
24	2052	1	4
142	2052	1	4
159	2052	1	4
178	2052	1	4
225	2052	1	4
401	2052	1	4
167	2056	1	4
181	2056	1	4
232	2056	1	4
317	2056	1	4
367	2056	1	4
388	2056	1	4
90	2057	1	4
161	2057	1	4
339	2057	1	4
212	2058	1	4
312	2058	1	4
178	2059	1	4
263	2059	1	4
90	2067	1	4
142	2067	1	4
175	2067	1	4
392	2067	1	4
346	2070	1	4
360	2070	1	4
51	2085	1	4
251	2085	1	4
394	2085	1	4
60	2099	1	4
216	2099	1	4
351	2099	1	4
376	2099	1	4
178	2110	1	4
389	2110	1	4
144	2112	1	4
19	2115	1	4
201	2115	1	4
283	2115	1	4
374	2115	1	4
2	2116	1	4
178	2116	1	4
234	2116	1	4
280	2116	1	4
330	2116	1	4
99	2122	1	4
178	2122	1	4
184	2122	1	4
360	2122	1	4
33	2123	1	4
153	2123	1	4
16	2127	1	4
178	2127	1	4
183	2127	1	4
360	2127	1	4
291	2129	1	4
109	2131	1	4
273	2131	1	4
343	2131	1	4
391	2131	1	4
361	2133	1	4
146	2135	1	4
343	2135	1	4
304	2150	1	4
322	2150	1	4
360	2150	1	4
164	2152	1	4
212	2152	1	4
308	2155	1	4
160	2158	1	4
212	2158	1	4
221	2158	1	4
283	2158	1	4
212	2163	1	4
243	2166	1	4
405	2169	1	4
259	2170	1	4
364	2170	1	4
375	2170	1	4
82	2174	1	4
142	2177	1	4
261	2183	1	4
357	2190	1	4
373	2190	1	4
142	2208	1	4
161	2208	1	4
237	2208	1	4
55	2216	1	4
90	2216	1	4
252	2216	1	4
392	2216	1	4
26	2219	1	4
178	2219	1	4
204	2219	1	4
179	2236	1	4
89	2253	1	4
178	2253	1	4
226	2253	1	4
413	2253	1	4
298	2254	1	4
24	8	1	5
38	8	2	5
226	11	1	5
31	22	1	5
138	22	1	5
204	22	1	5
392	22	1	5
12	28	1	5
171	28	1	5
255	28	1	5
327	28	1	5
377	28	1	5
360	48	1	5
398	48	1	5
86	60	1	5
216	60	1	5
156	65	1	5
170	65	1	5
392	65	1	5
17	71	1	5
106	71	2	5
221	80	1	5
377	80	2	5
109	81	1	5
23	83	1	5
109	83	3	5
153	83	1	5
217	83	2	5
24	85	1	5
31	85	1	5
34	85	1	5
143	85	1	5
146	85	1	5
177	85	1	5
367	85	1	5
39	87	1	5
135	87	1	5
332	87	1	5
339	87	1	5
354	87	1	5
200	92	1	5
292	92	1	5
360	92	1	5
362	92	1	5
388	92	1	5
389	96	1	5
400	96	1	5
15	99	1	5
229	99	1	5
26	104	1	5
31	108	1	5
70	108	1	5
77	108	1	5
182	108	1	5
292	108	1	5
388	108	1	5
214	120	1	5
296	120	1	5
178	132	1	5
356	132	1	5
2	138	1	5
11	138	1	5
44	138	1	5
131	138	1	5
188	138	1	5
273	138	1	5
359	138	2	5
306	141	1	5
359	141	1	5
99	154	1	5
221	154	1	5
343	154	1	5
11	178	1	5
132	181	1	5
259	181	1	5
325	181	1	5
31	186	1	5
64	191	1	5
343	191	1	5
384	191	1	5
73	193	1	5
354	193	1	5
115	194	1	5
178	194	1	5
39	198	1	5
116	198	1	5
191	198	1	5
400	198	1	5
377	214	1	5
307	215	1	5
383	215	1	5
385	215	1	5
371	217	1	5
23	218	3	5
31	218	1	5
138	218	2	5
376	218	1	5
279	220	1	5
141	225	1	5
178	225	1	5
273	225	1	5
411	230	1	5
2	233	1	5
22	233	1	5
67	233	1	5
119	233	1	5
299	233	1	5
349	233	1	5
372	233	1	5
319	239	1	5
333	241	1	5
322	242	1	5
388	242	1	5
20	245	1	5
229	245	2	5
328	245	2	5
376	245	1	5
414	245	1	5
319	254	1	5
153	257	1	5
18	262	1	5
333	266	1	5
360	266	1	5
151	267	1	5
333	267	1	5
360	267	1	5
216	268	1	5
316	268	1	5
162	272	1	5
320	272	1	5
389	274	1	5
388	275	1	5
116	279	1	5
356	279	1	5
360	279	1	5
56	280	1	5
171	280	1	5
343	280	1	5
270	283	2	5
171	285	2	5
384	287	1	5
178	294	1	5
229	294	1	5
400	294	2	5
162	296	1	5
313	296	1	5
65	302	1	5
116	302	1	5
161	302	1	5
209	302	1	5
153	309	1	5
190	309	1	5
360	309	1	5
63	310	1	5
388	310	1	5
286	311	1	5
359	311	1	5
90	312	1	5
116	312	1	5
362	312	1	5
388	312	1	5
63	313	1	5
116	313	1	5
174	313	1	5
221	313	1	5
227	313	2	5
384	313	1	5
167	318	1	5
220	319	1	5
384	319	1	5
343	326	1	5
360	326	1	5
124	331	1	5
226	331	1	5
395	331	1	5
400	331	1	5
282	333	1	5
227	335	1	5
388	335	1	5
414	335	1	5
221	338	1	5
389	338	1	5
414	338	1	5
188	344	1	5
227	344	1	5
92	358	1	5
107	358	1	5
142	358	1	5
329	358	1	5
388	358	1	5
56	359	1	5
92	359	1	5
108	359	1	5
92	363	1	5
124	363	1	5
259	363	2	5
235	368	1	5
250	368	1	5
323	368	1	5
208	370	1	5
73	379	1	5
111	380	1	5
407	380	1	5
218	389	1	5
224	389	1	5
187	390	1	5
156	393	1	5
165	393	1	5
170	393	1	5
161	394	1	5
273	394	1	5
373	394	1	5
15	398	1	5
178	398	1	5
25	399	1	5
178	399	1	5
203	400	1	5
305	400	1	5
312	400	1	5
384	400	3	5
44	402	1	5
70	403	1	5
178	403	1	5
216	403	1	5
90	408	1	5
188	408	1	5
229	408	1	5
237	408	1	5
120	410	1	5
160	414	1	5
260	414	1	5
339	414	1	5
360	414	1	5
388	414	1	5
39	416	1	5
142	416	1	5
151	416	1	5
175	416	2	5
243	416	1	5
286	416	1	5
332	416	2	5
399	416	1	5
400	416	1	5
149	418	1	5
292	418	1	5
388	418	1	5
165	421	1	5
229	423	1	5
313	423	1	5
339	423	1	5
188	427	1	5
339	427	1	5
216	428	1	5
247	428	1	5
360	428	1	5
75	429	1	5
303	429	1	5
388	429	2	5
401	429	1	5
229	432	1	5
303	434	1	5
394	434	1	5
229	435	1	5
151	438	1	5
368	438	1	5
388	438	1	5
388	439	1	5
77	441	1	5
168	441	1	5
188	441	1	5
90	446	1	5
392	446	1	5
229	449	2	5
388	449	1	5
249	451	1	5
329	451	1	5
108	453	1	5
116	453	1	5
163	456	1	5
305	456	1	5
326	456	1	5
39	464	1	5
276	464	1	5
300	464	1	5
22	467	1	5
273	467	1	5
334	467	1	5
384	467	1	5
328	477	1	5
44	478	1	5
65	478	1	5
188	478	1	5
360	478	1	5
328	480	1	5
116	486	1	5
150	486	1	5
249	486	1	5
289	486	1	5
358	486	1	5
370	486	1	5
96	497	1	5
109	497	1	5
229	497	1	5
277	497	1	5
252	500	1	5
390	500	1	5
397	500	1	5
39	507	1	5
226	507	1	5
343	507	1	5
383	507	1	5
39	510	1	5
226	510	1	5
229	510	1	5
383	510	1	5
388	510	1	5
154	525	1	5
370	525	1	5
161	527	1	5
253	527	1	5
274	527	1	5
39	537	1	5
97	537	1	5
226	537	1	5
388	537	1	5
114	539	1	5
349	543	1	5
76	549	1	5
329	561	1	5
76	575	1	5
142	577	1	5
154	577	1	5
184	577	1	5
380	577	1	5
391	577	1	5
16	585	1	5
23	587	1	5
133	587	1	5
242	590	1	5
192	598	1	5
229	598	1	5
56	601	1	5
178	601	1	5
259	601	1	5
52	613	1	5
178	613	1	5
301	613	1	5
66	617	1	5
116	617	1	5
240	617	1	5
41	626	1	5
125	626	1	5
188	626	1	5
228	626	1	5
377	626	1	5
90	627	1	5
116	627	1	5
142	627	1	5
178	627	1	5
406	627	1	5
169	630	1	5
323	630	1	5
182	634	1	5
360	634	1	5
136	637	1	5
360	637	1	5
31	638	1	5
360	638	1	5
154	642	1	5
188	642	1	5
39	647	1	5
156	647	1	5
209	647	1	5
229	647	1	5
178	651	1	5
202	651	1	5
58	661	1	5
57	687	1	5
301	687	1	5
95	690	1	5
303	690	1	5
384	690	1	5
188	694	1	5
407	694	1	5
81	705	1	5
258	705	1	5
362	705	1	5
58	707	1	5
194	707	1	5
25	710	1	5
57	710	1	5
194	718	1	5
392	718	1	5
138	721	1	5
218	721	1	5
15	724	1	5
194	724	1	5
177	730	1	5
194	730	1	5
223	730	1	5
273	730	1	5
329	730	1	5
141	734	1	5
194	734	1	5
244	734	1	5
335	734	1	5
388	734	1	5
390	734	1	5
116	737	1	5
379	737	1	5
131	744	1	5
267	744	1	5
360	744	1	5
116	745	1	5
194	745	1	5
229	745	1	5
128	746	1	5
156	746	1	5
266	746	1	5
119	759	1	5
171	759	1	5
376	760	1	5
39	763	1	5
241	763	1	5
360	763	1	5
386	763	1	5
161	771	1	5
188	771	1	5
229	771	1	5
402	771	1	5
113	780	1	5
362	780	1	5
15	784	1	5
194	784	1	5
414	789	2	5
191	790	1	5
194	790	1	5
178	791	1	5
226	791	1	5
211	793	1	5
259	793	1	5
90	794	1	5
161	794	1	5
195	794	1	5
276	794	1	5
153	799	1	5
314	799	1	5
360	799	1	5
371	799	1	5
178	805	1	5
218	805	1	5
278	805	1	5
194	808	1	5
350	808	1	5
39	817	1	5
332	817	1	5
141	822	1	5
218	822	1	5
360	822	1	5
184	825	1	5
188	826	1	5
369	826	1	5
370	826	1	5
378	826	1	5
405	826	1	5
141	830	1	5
218	830	1	5
360	830	1	5
275	844	1	5
279	844	1	5
287	844	1	5
382	844	1	5
402	844	1	5
249	846	1	5
365	846	1	5
400	846	1	5
275	913	1	5
302	913	1	5
230	921	1	5
99	939	1	5
128	939	1	5
267	939	1	5
346	939	1	5
360	939	1	5
93	951	1	5
176	951	1	5
119	955	1	5
178	955	1	5
182	975	1	5
39	988	1	5
354	988	1	5
175	991	1	5
255	991	1	5
80	993	1	5
243	993	1	5
350	993	1	5
377	997	1	5
226	998	1	5
131	1001	1	5
139	1001	1	5
178	1001	1	5
266	1001	1	5
389	1001	1	5
2	1002	1	5
6	1002	1	5
241	1002	1	5
267	1002	1	5
360	1002	1	5
408	1002	1	5
178	1003	1	5
2	1004	1	5
6	1004	1	5
52	1004	1	5
241	1004	1	5
267	1004	1	5
360	1004	1	5
408	1004	1	5
2	1005	1	5
6	1005	1	5
241	1005	1	5
267	1005	1	5
360	1005	1	5
408	1005	1	5
137	1007	1	5
337	1007	1	5
360	1007	1	5
388	1007	1	5
8	1021	1	5
388	1021	1	5
147	1026	1	5
134	1032	1	5
315	1032	1	5
322	1032	1	5
151	1035	1	5
175	1035	1	5
192	1035	1	5
44	1036	1	5
166	1036	1	5
388	1036	2	5
388	1037	1	5
228	1042	1	5
405	1042	1	5
112	1053	1	5
277	1053	1	5
30	1055	1	5
32	1055	1	5
36	1055	1	5
44	1055	1	5
226	1055	1	5
415	1055	1	5
167	1056	1	5
247	1056	1	5
317	1056	1	5
30	1057	1	5
120	1057	1	5
146	1057	1	5
168	1057	1	5
406	1057	1	5
70	1058	1	5
115	1058	1	5
285	1058	1	5
112	1065	3	5
229	1065	1	5
301	1068	1	5
392	1068	1	5
395	1068	1	5
178	1075	1	5
226	1076	1	5
293	1088	1	5
138	1092	1	5
232	1094	1	5
243	1094	1	5
300	1096	1	5
333	1096	1	5
171	1097	1	5
243	1097	1	5
324	1097	1	5
400	1097	1	5
188	1098	1	5
14	1100	1	5
192	1100	1	5
21	1102	1	5
167	1108	1	5
263	1108	1	5
211	1109	1	5
275	1109	1	5
2	1112	1	5
38	1112	1	5
53	1112	1	5
229	1112	1	5
285	1112	1	5
332	1112	1	5
58	1114	1	5
178	1208	1	5
202	1211	1	5
34	1214	1	5
96	1214	1	5
177	1214	1	5
246	1214	1	5
206	1221	1	5
394	1221	2	5
106	1233	1	5
155	1233	1	5
266	1233	1	5
288	1233	1	5
142	1243	1	5
178	1243	1	5
415	1243	1	5
173	1264	1	5
302	1264	1	5
76	1269	1	5
142	1269	1	5
151	1269	1	5
246	1269	1	5
316	1269	1	5
353	1269	1	5
159	1274	1	5
173	1275	1	5
266	1275	1	5
353	1275	1	5
164	1276	1	5
249	1276	1	5
268	1276	1	5
360	1276	1	5
390	1276	1	5
173	1278	1	5
74	1281	1	5
126	1281	1	5
14	1282	1	5
166	1282	1	5
174	1282	1	5
196	1282	1	5
268	1284	1	5
298	1284	1	5
293	1289	1	5
142	1308	1	5
377	1308	1	5
292	1310	1	5
355	1310	1	5
275	1311	1	5
174	1313	1	5
235	1315	1	5
355	1315	1	5
178	1319	1	5
405	1319	1	5
286	1321	1	5
343	1321	1	5
199	1329	2	5
349	1329	1	5
355	1329	1	5
408	1329	1	5
417	1329	1	5
190	1330	1	5
221	1330	1	5
340	1330	1	5
398	1330	1	5
293	1331	1	5
388	1331	1	5
178	1332	1	5
219	1332	1	5
356	1332	1	5
360	1332	1	5
376	1332	1	5
199	1334	1	5
235	1334	1	5
355	1334	1	5
417	1334	1	5
199	1344	1	5
235	1344	1	5
355	1344	1	5
417	1344	1	5
8	1362	1	5
285	1362	1	5
296	1362	1	5
289	1375	1	5
355	1375	1	5
367	1375	1	5
8	1377	1	5
178	1377	1	5
292	1404	1	5
54	1415	1	5
116	1415	1	5
367	1415	1	5
360	1419	1	5
115	1423	1	5
404	1423	1	5
383	1424	1	5
135	1425	1	5
109	1429	1	5
383	1429	1	5
146	1435	1	5
289	1435	1	5
389	1435	1	5
202	1443	1	5
279	1443	1	5
329	1444	1	5
139	1460	1	5
178	1460	1	5
176	1461	1	5
259	1461	1	5
178	1462	1	5
49	1467	1	5
113	1467	1	5
131	1482	1	5
350	1482	1	5
367	1482	1	5
404	1482	1	5
103	1488	2	5
243	1497	1	5
292	1497	1	5
26	1498	1	5
57	1498	1	5
73	1498	1	5
239	1498	1	5
67	1509	1	5
178	1509	1	5
178	1511	1	5
242	1511	1	5
303	1511	1	5
360	1588	1	5
142	1592	1	5
178	1592	1	5
415	1601	1	5
132	1610	1	5
290	1610	1	5
312	1610	1	5
243	1618	1	5
350	1618	1	5
171	1620	1	5
243	1620	1	5
400	1620	1	5
130	1664	1	5
28	1702	1	5
360	1702	1	5
178	1709	1	5
226	1709	1	5
371	1709	1	5
246	1713	1	5
138	1720	1	5
161	1720	1	5
389	1720	1	5
38	1739	1	5
132	1739	1	5
48	1772	1	5
143	1772	1	5
155	1772	1	5
229	1772	1	5
410	1772	1	5
415	1772	1	5
151	1773	1	5
292	1773	1	5
205	1783	1	5
323	1783	1	5
360	1783	1	5
118	1786	1	5
188	1786	1	5
200	1786	1	5
15	1790	1	5
31	1790	1	5
221	1790	1	5
360	1790	1	5
40	1801	1	5
176	1801	1	5
327	1801	1	5
360	1804	1	5
178	1806	1	5
317	1806	1	5
172	1814	1	5
290	1814	1	5
362	1814	1	5
388	1814	1	5
337	1816	1	5
371	1816	1	5
95	1820	1	5
210	1820	1	5
268	1820	1	5
269	1820	1	5
332	1820	1	5
365	1820	1	5
404	1820	1	5
87	1824	1	5
171	1824	1	5
360	1824	1	5
391	1824	1	5
407	1824	1	5
391	1825	1	5
351	1828	1	5
178	1855	1	5
360	1855	1	5
362	1855	1	5
178	1857	1	5
360	1857	1	5
362	1857	1	5
42	1864	1	5
178	1864	1	5
360	1864	1	5
114	1866	1	5
266	1866	1	5
29	1869	1	5
161	1869	1	5
249	1872	1	5
360	1872	1	5
47	1900	1	5
127	1900	1	5
167	1900	1	5
289	1900	1	5
317	1900	1	5
167	1905	1	5
231	1905	1	5
242	1905	1	5
299	1905	1	5
317	1905	1	5
357	1905	1	5
367	1905	1	5
388	1905	1	5
391	1905	1	5
178	1914	1	5
229	1914	1	5
360	1914	1	5
369	1916	1	5
391	1920	1	5
138	1922	1	5
360	1922	1	5
172	1927	1	5
181	1927	1	5
275	1927	1	5
314	1927	1	5
400	1927	1	5
174	1947	1	5
203	1947	1	5
293	1947	1	5
35	1953	1	5
44	1953	1	5
109	1953	1	5
346	1953	1	5
360	1953	1	5
388	1953	1	5
55	1961	1	5
104	1961	1	5
172	1961	1	5
205	1961	1	5
318	1961	1	5
142	1974	1	5
178	1974	1	5
146	2020	1	5
171	2020	1	5
226	2020	1	5
133	2021	1	5
265	2024	1	5
87	2032	1	5
176	2032	1	5
211	2032	1	5
243	2032	1	5
112	2037	1	5
314	2037	1	5
1	2055	1	5
131	2055	1	5
178	2055	1	5
300	2055	1	5
400	2055	1	5
99	2062	1	5
166	2062	1	5
167	2062	1	5
242	2062	1	5
317	2062	1	5
175	2075	1	5
218	2078	1	5
246	2078	1	5
119	2091	1	5
171	2091	1	5
10	2092	1	5
145	2092	1	5
188	2092	1	5
332	2092	1	5
354	2092	1	5
359	2092	1	5
377	2092	1	5
360	2095	1	5
304	2101	1	5
153	2105	1	5
273	2105	1	5
178	2119	1	5
229	2119	1	5
271	2119	1	5
242	2121	1	5
23	2134	1	5
178	2134	1	5
229	2141	1	5
360	2141	1	5
222	2154	1	5
13	2159	1	5
186	2159	1	5
343	2159	1	5
68	2162	1	5
380	2162	1	5
115	2186	1	5
253	2186	1	5
178	2203	1	5
24	2214	1	5
176	2214	1	5
116	2221	1	5
400	2221	1	5
242	2230	1	5
12	2231	1	5
116	2234	1	5
117	2234	1	5
395	2234	1	5
99	2245	1	5
234	2245	1	5
316	2246	1	5
7	2248	1	5
83	2250	1	5
245	2250	1	5
178	12	1	6
87	26	1	6
158	26	1	6
18	30	1	6
298	34	1	6
50	41	1	6
332	41	1	6
369	41	1	6
396	41	1	6
283	52	1	6
18	57	1	6
149	57	1	6
248	86	1	6
307	97	1	6
56	101	1	6
303	101	1	6
81	119	1	6
119	119	1	6
226	119	1	6
404	119	1	6
229	121	1	6
271	121	1	6
300	121	1	6
383	125	1	6
142	126	1	6
158	126	1	6
395	126	1	6
38	129	1	6
61	129	1	6
137	129	1	6
183	129	1	6
226	129	1	6
58	131	1	6
86	131	1	6
181	131	1	6
343	131	1	6
40	134	1	6
231	134	1	6
149	145	1	6
362	145	2	6
409	145	1	6
61	152	1	6
110	152	1	6
306	152	1	6
311	152	1	6
40	155	1	6
400	163	1	6
200	173	1	6
369	176	1	6
135	180	1	6
178	180	1	6
281	180	1	6
31	182	1	6
177	182	1	6
281	182	1	6
285	182	1	6
388	182	1	6
229	189	1	6
354	192	2	6
139	211	1	6
178	211	1	6
5	219	2	6
134	223	1	6
229	223	1	6
367	223	1	6
389	223	1	6
8	235	1	6
142	236	1	6
309	236	1	6
246	244	1	6
174	250	1	6
229	250	1	6
287	250	1	6
309	250	1	6
377	263	1	6
259	265	1	6
134	288	1	6
182	288	1	6
315	288	1	6
66	299	1	6
71	299	1	6
84	299	1	6
138	299	1	6
150	299	1	6
211	299	1	6
360	299	1	6
368	299	2	6
388	299	1	6
200	301	1	6
229	301	1	6
389	301	1	6
158	304	1	6
188	304	1	6
250	304	1	6
229	321	1	6
326	321	1	6
19	324	1	6
112	324	1	6
165	324	1	6
92	328	1	6
127	328	1	6
138	328	1	6
142	328	1	6
276	328	1	6
337	328	1	6
360	328	1	6
371	328	1	6
398	328	1	6
92	336	1	6
127	336	1	6
138	336	1	6
142	336	1	6
276	336	1	6
337	336	1	6
360	336	1	6
371	336	1	6
398	336	1	6
87	339	1	6
150	339	1	6
259	339	1	6
341	339	1	6
178	347	1	6
309	364	1	6
393	364	1	6
414	364	1	6
65	373	1	6
309	373	1	6
367	373	1	6
118	377	1	6
192	377	1	6
224	377	1	6
309	377	1	6
145	388	1	6
242	388	1	6
252	388	1	6
381	388	1	6
382	388	1	6
207	395	1	6
229	395	1	6
135	401	1	6
221	401	1	6
239	401	1	6
273	401	1	6
326	401	1	6
384	401	1	6
388	401	1	6
350	436	1	6
366	436	1	6
42	442	1	6
159	452	1	6
270	452	1	6
273	452	1	6
326	452	1	6
181	455	1	6
318	455	1	6
106	457	1	6
159	457	1	6
273	457	1	6
283	457	1	6
326	457	1	6
386	466	1	6
145	473	1	6
258	473	1	6
397	473	1	6
14	501	1	6
237	501	1	6
332	501	1	6
127	514	1	6
133	514	1	6
138	514	1	6
297	514	1	6
337	514	1	6
143	518	1	6
187	528	1	6
335	528	1	6
397	528	1	6
66	536	1	6
135	536	1	6
150	536	1	6
202	536	1	6
275	536	1	6
135	538	1	6
221	538	1	6
258	538	1	6
288	538	1	6
300	538	1	6
177	550	1	6
211	550	1	6
374	563	1	6
104	568	1	6
382	568	1	6
229	570	1	6
231	570	1	6
123	607	1	6
338	607	1	6
178	621	1	6
255	621	1	6
255	624	1	6
394	624	1	6
66	656	1	6
174	656	1	6
179	656	1	6
273	656	1	6
388	656	1	6
78	659	1	6
121	659	1	6
267	659	1	6
360	659	1	6
16	735	1	6
76	735	1	6
151	735	1	6
23	814	1	6
176	814	1	6
272	814	1	6
78	832	1	6
211	832	1	6
354	836	2	6
19	838	1	6
32	838	1	6
200	838	1	6
360	838	1	6
400	838	1	6
209	849	1	6
254	969	1	6
389	969	1	6
267	970	1	6
360	970	1	6
2	977	1	6
215	977	1	6
254	977	1	6
290	977	1	6
211	987	1	6
254	987	1	6
19	989	1	6
357	989	1	6
80	990	1	6
218	990	1	6
246	990	1	6
400	1000	1	6
188	1012	1	6
10	1015	1	6
143	1015	1	6
254	1015	1	6
175	1017	1	6
306	1017	1	6
308	1017	1	6
10	1019	1	6
100	1019	1	6
254	1019	1	6
413	1019	1	6
209	1022	1	6
205	1030	1	6
254	1030	1	6
283	1039	1	6
297	1039	1	6
58	1044	1	6
54	1048	1	6
254	1048	1	6
258	1048	1	6
290	1048	1	6
176	1049	1	6
259	1049	2	6
317	1049	1	6
369	1049	1	6
378	1049	1	6
54	1050	1	6
254	1050	1	6
343	1050	1	6
177	1051	1	6
308	1051	1	6
400	1051	1	6
249	1052	1	6
360	1052	1	6
361	1126	1	6
220	1134	1	6
249	1135	1	6
324	1136	1	6
24	1150	1	6
159	1150	1	6
5	1156	1	6
292	1156	1	6
377	1157	1	6
388	1157	1	6
226	1159	1	6
389	1174	1	6
98	1292	1	6
116	1292	1	6
249	1292	1	6
317	1292	1	6
390	1292	1	6
230	1368	1	6
67	1371	1	6
158	1371	1	6
165	1372	1	6
54	1381	1	6
297	1381	1	6
339	1381	1	6
43	1387	1	6
117	1387	1	6
150	1387	2	6
312	1387	1	6
409	1387	1	6
106	1388	1	6
326	1388	1	6
367	1388	1	6
205	1389	1	6
308	1389	1	6
360	1389	1	6
389	1389	1	6
308	1390	1	6
389	1390	1	6
16	1392	1	6
39	1392	1	6
116	1392	2	6
273	1392	1	6
389	1392	1	6
392	1393	1	6
13	1395	1	6
360	1395	1	6
389	1395	1	6
35	1400	1	6
196	1400	1	6
360	1400	1	6
54	1402	1	6
317	1410	1	6
360	1410	1	6
392	1410	1	6
178	1456	2	6
178	1458	1	6
287	1458	1	6
358	1458	1	6
360	1465	1	6
389	1468	1	6
90	1474	1	6
343	1474	1	6
377	1474	1	6
22	1475	1	6
178	1475	1	6
360	1475	1	6
70	1576	1	6
178	1576	1	6
247	1576	1	6
252	1622	1	6
389	1628	1	6
321	1629	1	6
65	1632	1	6
162	1632	1	6
360	1632	1	6
187	1636	1	6
29	1654	1	6
289	1669	1	6
225	1677	1	6
123	1685	1	6
178	1685	1	6
203	1687	1	6
112	1691	1	6
273	1691	1	6
85	1722	1	6
400	1722	1	6
45	1738	1	6
153	1738	1	6
247	1738	1	6
296	1738	1	6
359	1738	1	6
273	1769	1	6
299	1769	1	6
178	1778	1	6
208	1778	1	6
343	1778	1	6
40	1779	1	6
44	1779	1	6
226	1779	1	6
410	1779	1	6
48	1811	1	6
119	1819	1	6
308	1819	1	6
173	1840	1	6
353	1840	1	6
178	1874	1	6
279	1874	1	6
334	1874	1	6
388	1874	1	6
161	1923	1	6
31	1975	1	6
218	1975	1	6
384	1975	1	6
410	1975	1	6
196	1977	1	6
211	1977	1	6
360	1977	1	6
151	1978	1	6
333	1978	1	6
360	1978	1	6
147	1985	1	6
31	2007	1	6
218	2007	1	6
410	2007	1	6
188	2011	1	6
196	2011	1	6
241	2011	1	6
360	2011	1	6
171	2082	1	6
204	2084	1	6
283	2084	1	6
370	2084	1	6
123	2109	1	6
188	2109	1	6
292	2109	1	6
397	2109	1	6
248	2130	1	6
379	2130	1	6
54	2157	1	6
214	2157	1	6
408	2157	1	6
126	2165	1	6
180	2165	1	6
229	2165	2	6
314	2165	1	6
407	2165	1	6
178	2167	1	6
232	2167	1	6
226	2172	1	6
400	2172	3	6
211	2173	1	6
349	2173	1	6
135	2175	1	6
2	2176	1	6
178	2182	1	6
357	2182	1	6
171	2189	1	6
384	2189	1	6
388	2189	1	6
155	2193	1	6
35	2241	1	6
165	2241	1	6
246	2241	1	6
16	2242	1	6
56	2242	1	6
113	2242	2	6
116	2242	1	6
273	2242	1	6
299	2242	1	6
365	2242	1	6
153	1	1	7
360	1	1	7
59	9	1	7
178	9	1	7
190	9	1	7
340	9	1	7
398	9	1	7
86	14	1	7
185	14	1	7
400	14	1	7
113	19	1	7
334	19	1	7
339	19	1	7
143	21	1	7
359	21	1	7
412	21	1	7
86	24	1	7
179	24	1	7
185	24	1	7
381	24	1	7
400	24	1	7
332	31	1	7
343	31	1	7
178	44	1	7
377	44	1	7
37	47	1	7
116	47	1	7
219	47	1	7
360	47	1	7
135	51	1	7
161	51	2	7
184	51	1	7
206	51	1	7
248	58	1	7
379	58	1	7
234	62	1	7
407	62	1	7
354	68	1	7
211	69	1	7
116	84	1	7
178	84	1	7
190	84	1	7
233	84	1	7
340	84	1	7
124	106	1	7
188	114	1	7
85	135	1	7
358	135	1	7
360	135	1	7
142	143	1	7
178	143	1	7
378	143	1	7
329	169	1	7
341	170	1	7
400	175	1	7
108	183	1	7
178	183	1	7
54	195	1	7
229	203	1	7
307	203	1	7
326	203	1	7
70	204	1	7
116	204	1	7
117	204	1	7
142	204	1	7
330	204	1	7
132	205	1	7
221	205	1	7
257	205	1	7
360	205	1	7
398	205	1	7
226	216	1	7
257	216	1	7
268	216	1	7
334	216	1	7
153	228	1	7
240	228	1	7
360	228	1	7
257	231	1	7
404	231	1	7
275	234	1	7
314	234	1	7
414	251	1	7
257	269	1	7
268	269	1	7
400	269	1	7
116	290	2	7
206	292	1	7
226	292	1	7
242	292	1	7
410	292	1	7
143	295	1	7
179	295	1	7
332	295	1	7
168	307	1	7
221	307	1	7
226	307	1	7
257	307	1	7
315	307	1	7
360	307	1	7
397	307	1	7
171	308	2	7
226	308	1	7
398	308	1	7
414	308	1	7
168	317	1	7
171	317	1	7
226	317	1	7
234	317	1	7
273	317	1	7
360	317	1	7
116	323	1	7
162	323	1	7
179	323	1	7
332	323	1	7
359	323	1	7
392	323	1	7
229	329	1	7
410	329	1	7
226	342	1	7
11	345	1	7
73	345	1	7
82	348	1	7
214	348	1	7
257	348	1	7
405	348	1	7
105	352	1	7
317	352	1	7
397	352	1	7
113	353	1	7
129	353	1	7
200	353	1	7
339	353	1	7
391	353	1	7
33	354	1	7
360	354	1	7
109	362	1	7
145	362	1	7
200	378	1	7
302	378	1	7
65	387	1	7
185	387	1	7
273	387	1	7
397	425	2	7
5	430	1	7
31	430	1	7
81	430	1	7
410	430	1	7
397	433	1	7
148	461	1	7
229	462	1	7
164	488	1	7
396	488	1	7
257	490	1	7
392	493	1	7
110	494	1	7
178	495	1	7
190	495	2	7
262	495	2	7
340	495	2	7
2	496	1	7
8	496	1	7
143	496	1	7
178	496	1	7
257	496	1	7
388	496	1	7
149	498	1	7
179	498	1	7
382	498	2	7
178	502	1	7
265	502	1	7
257	504	1	7
324	504	1	7
190	506	1	7
340	506	1	7
165	511	1	7
210	511	1	7
229	511	1	7
220	512	1	7
257	512	1	7
282	512	1	7
324	512	1	7
372	512	1	7
41	513	1	7
221	513	2	7
146	515	1	7
257	515	1	7
260	524	2	7
381	524	2	7
386	533	1	7
273	540	1	7
400	540	1	7
171	541	1	7
335	541	1	7
19	542	1	7
178	542	1	7
8	553	1	7
189	553	1	7
257	553	1	7
278	553	1	7
136	574	1	7
219	574	1	7
257	574	1	7
372	574	1	7
53	576	1	7
171	576	1	7
389	576	1	7
394	576	1	7
81	583	1	7
257	591	1	7
174	593	1	7
257	593	1	7
151	628	1	7
208	628	1	7
283	628	1	7
138	641	1	7
257	641	1	7
258	641	1	7
290	641	1	7
385	641	1	7
217	650	1	7
31	657	1	7
90	657	1	7
156	657	1	7
312	657	1	7
17	663	1	7
174	663	1	7
226	663	1	7
392	663	1	7
414	663	1	7
169	665	1	7
175	665	1	7
409	670	1	7
44	676	1	7
158	679	2	7
16	681	1	7
158	681	2	7
415	681	1	7
178	685	1	7
259	686	1	7
334	686	1	7
335	686	1	7
9	698	1	7
55	698	1	7
188	698	1	7
200	698	1	7
258	698	1	7
111	702	1	7
182	702	1	7
273	702	1	7
349	702	1	7
161	706	1	7
350	706	1	7
325	720	1	7
137	749	1	7
288	749	1	7
191	751	1	7
360	751	1	7
367	753	1	7
391	753	1	7
28	754	1	7
9	755	1	7
361	755	1	7
151	757	1	7
208	757	1	7
229	757	1	7
9	761	1	7
200	766	1	7
226	766	1	7
259	766	1	7
359	766	1	7
414	766	1	7
9	772	1	7
246	772	1	7
388	772	1	7
107	773	1	7
137	773	1	7
226	773	1	7
359	773	1	7
388	773	1	7
393	773	1	7
9	809	1	7
117	809	1	7
272	809	1	7
343	809	1	7
236	818	1	7
48	837	1	7
65	837	1	7
243	837	1	7
138	840	1	7
145	840	1	7
213	840	1	7
360	840	1	7
402	840	1	7
127	855	1	7
145	855	1	7
318	855	1	7
46	857	1	7
178	857	1	7
137	858	1	7
138	859	1	7
360	859	1	7
19	861	1	7
91	861	1	7
114	861	1	7
255	861	1	7
273	861	1	7
65	862	1	7
78	862	1	7
110	862	1	7
151	862	1	7
155	862	1	7
345	862	1	7
178	864	1	7
236	864	1	7
236	867	1	7
255	867	1	7
341	867	1	7
142	869	2	7
236	869	1	7
298	869	1	7
145	870	1	7
329	870	1	7
392	870	1	7
2	871	1	7
116	871	1	7
332	871	1	7
349	871	1	7
149	950	1	7
265	950	1	7
159	960	1	7
360	960	1	7
398	960	1	7
273	966	1	7
38	971	1	7
54	971	1	7
78	971	1	7
142	971	1	7
156	971	1	7
169	971	1	7
190	971	1	7
245	971	1	7
347	971	1	7
360	971	1	7
109	973	1	7
142	973	1	7
31	974	1	7
78	974	1	7
142	974	1	7
338	974	1	7
354	974	1	7
400	974	1	7
415	974	1	7
48	979	1	7
83	979	1	7
265	979	1	7
151	986	1	7
153	986	1	7
330	986	1	7
42	1016	1	7
161	1016	1	7
42	1020	2	7
161	1020	2	7
412	1038	1	7
360	1045	1	7
378	1045	1	7
400	1045	1	7
210	1066	1	7
392	1066	1	7
2	1113	1	7
152	1113	1	7
266	1113	1	7
367	1113	1	7
395	1113	1	7
400	1113	1	7
360	1116	1	7
369	1116	1	7
397	1116	1	7
161	1120	1	7
159	1121	1	7
249	1121	1	7
319	1121	1	7
351	1121	1	7
313	1122	1	7
360	1124	1	7
389	1124	1	7
8	1127	1	7
24	1127	2	7
99	1127	1	7
229	1127	1	7
282	1127	1	7
410	1127	1	7
258	1128	1	7
95	1138	1	7
161	1138	1	7
116	1142	1	7
47	1144	1	7
112	1144	1	7
146	1144	1	7
178	1144	1	7
360	1144	1	7
384	1144	1	7
40	1158	1	7
174	1158	1	7
259	1158	1	7
289	1163	1	7
259	1164	1	7
86	1167	1	7
278	1167	1	7
115	1172	2	7
153	1172	1	7
378	1172	1	7
367	1175	1	7
273	1179	1	7
338	1179	1	7
347	1179	1	7
198	1199	1	7
229	1199	1	7
285	1200	1	7
328	1213	1	7
389	1213	1	7
167	1219	1	7
168	1220	1	7
249	1220	1	7
351	1223	1	7
277	1224	1	7
368	1225	1	7
22	1229	1	7
109	1229	1	7
273	1229	1	7
322	1229	1	7
87	1231	1	7
92	1231	1	7
153	1231	1	7
158	1231	1	7
174	1231	1	7
298	1231	1	7
28	1234	3	7
51	1234	1	7
23	1239	1	7
125	1239	1	7
311	1239	1	7
23	1240	1	7
280	1240	1	7
311	1240	1	7
15	1241	1	7
116	1241	1	7
125	1241	1	7
162	1241	1	7
311	1247	1	7
400	1247	1	7
286	1252	1	7
311	1252	2	7
311	1253	1	7
405	1253	1	7
169	1256	1	7
319	1256	1	7
292	1258	1	7
325	1258	1	7
360	1258	1	7
37	1261	1	7
51	1261	1	7
175	1261	1	7
311	1261	1	7
364	1262	1	7
54	1263	1	7
160	1263	1	7
208	1263	1	7
72	1265	1	7
98	1265	1	7
161	1265	1	7
206	1265	1	7
262	1265	1	7
298	1265	1	7
311	1265	2	7
360	1265	1	7
226	1266	1	7
232	1266	1	7
392	1266	1	7
417	1266	1	7
11	1267	1	7
385	1267	1	7
11	1268	1	7
87	1268	1	7
220	1268	1	7
255	1268	1	7
253	1270	1	7
322	1270	1	7
392	1270	1	7
87	1271	1	7
170	1271	2	7
327	1271	1	7
226	1273	2	7
333	1273	1	7
36	1280	1	7
104	1280	1	7
360	1280	1	7
392	1280	1	7
163	1283	1	7
28	1285	1	7
44	1285	1	7
111	1285	1	7
270	1285	1	7
399	1285	1	7
24	1288	1	7
159	1288	1	7
36	1290	2	7
113	1290	1	7
247	1290	1	7
311	1290	1	7
24	1291	1	7
159	1291	1	7
329	1295	1	7
403	1295	1	7
21	1309	1	7
68	1309	1	7
29	1316	1	7
171	1316	1	7
294	1316	1	7
327	1316	1	7
329	1316	1	7
331	1316	1	7
44	1317	1	7
87	1317	1	7
144	1317	1	7
130	1322	1	7
130	1323	1	7
171	1323	1	7
130	1324	1	7
171	1324	1	7
360	1325	1	7
142	1327	1	7
196	1327	1	7
360	1327	1	7
90	1333	1	7
289	1333	1	7
54	1337	1	7
279	1337	1	7
360	1337	1	7
165	1342	1	7
33	1345	1	7
42	1345	1	7
389	1345	1	7
292	1349	1	7
367	1349	1	7
368	1349	1	7
375	1349	1	7
98	1350	1	7
249	1350	1	7
360	1350	1	7
410	1354	1	7
226	1358	1	7
354	1382	1	7
360	1383	1	7
178	1394	1	7
34	1398	1	7
132	1398	1	7
221	1398	1	7
242	1403	1	7
386	1403	1	7
360	1406	1	7
92	1407	1	7
161	1407	1	7
390	1407	1	7
188	1408	1	7
361	1408	1	7
142	1411	1	7
151	1411	1	7
205	1411	1	7
251	1411	1	7
274	1411	1	7
312	1411	1	7
393	1412	1	7
68	1417	1	7
282	1418	1	7
317	1418	1	7
360	1418	1	7
416	1418	1	7
30	1421	1	7
119	1421	1	7
159	1421	1	7
407	1421	1	7
20	1426	1	7
24	1426	1	7
159	1426	1	7
68	1431	1	7
66	1439	1	7
5	1441	1	7
49	1441	1	7
316	1441	1	7
78	1445	1	7
110	1445	1	7
115	1445	1	7
311	1445	1	7
360	1445	1	7
371	1445	1	7
100	1455	1	7
296	1455	1	7
330	1455	1	7
334	1455	1	7
74	1459	1	7
114	1459	1	7
142	1476	1	7
286	1476	1	7
343	1476	1	7
395	1476	2	7
244	1477	1	7
258	1477	1	7
346	1480	1	7
360	1480	1	7
383	1480	1	7
197	1481	1	7
256	1481	1	7
286	1481	1	7
197	1485	1	7
392	1485	1	7
63	1487	1	7
290	1487	1	7
197	1489	1	7
197	1490	1	7
243	1490	1	7
96	1491	1	7
197	1491	1	7
243	1491	1	7
197	1494	1	7
127	1503	1	7
358	1503	2	7
59	1505	1	7
178	1505	1	7
190	1505	2	7
262	1505	1	7
340	1505	2	7
43	1506	1	7
138	1506	1	7
388	1506	1	7
152	1512	1	7
161	1512	1	7
179	1512	1	7
161	1529	1	7
400	1542	1	7
11	1565	1	7
41	1565	1	7
100	1565	1	7
71	1579	1	7
142	1579	1	7
169	1579	1	7
345	1579	1	7
360	1579	1	7
377	1579	2	7
389	1581	1	7
33	1583	1	7
130	1583	1	7
171	1583	1	7
17	1585	1	7
99	1585	1	7
343	1585	1	7
38	1589	1	7
111	1589	1	7
154	1589	1	7
162	1589	1	7
229	1589	1	7
178	1590	1	7
190	1590	1	7
262	1590	1	7
263	1590	1	7
340	1590	1	7
223	1593	1	7
343	1593	1	7
383	1593	1	7
395	1593	1	7
153	1598	1	7
154	1598	1	7
193	1598	1	7
230	1598	2	7
360	1598	1	7
43	1600	1	7
54	1600	1	7
329	1600	1	7
178	1602	1	7
67	1603	1	7
151	1603	1	7
229	1603	1	7
360	1603	1	7
381	1603	1	7
59	1611	1	7
116	1611	1	7
147	1611	1	7
33	1619	1	7
95	1619	1	7
145	1619	1	7
171	1619	1	7
176	1619	1	7
329	1619	1	7
77	1621	1	7
78	1621	1	7
96	1621	1	7
174	1621	1	7
149	1626	1	7
178	1626	1	7
377	1626	1	7
143	1638	1	7
275	1638	1	7
164	1641	1	7
206	1644	1	7
33	1653	1	7
135	1653	1	7
177	1653	1	7
190	1653	1	7
226	1653	1	7
329	1653	1	7
340	1653	1	7
112	1658	1	7
128	1658	1	7
273	1658	1	7
409	1658	1	7
54	1659	1	7
365	1659	1	7
178	1660	1	7
388	1660	1	7
391	1660	1	7
38	1662	1	7
39	1662	1	7
54	1662	1	7
187	1662	1	7
200	1662	1	7
211	1662	1	7
226	1662	1	7
360	1662	1	7
132	1663	1	7
145	1663	1	7
335	1663	1	7
110	1671	1	7
373	1671	1	7
343	1672	2	7
410	1672	1	7
252	1674	3	7
389	1674	1	7
404	1674	1	7
367	1675	1	7
389	1675	1	7
271	1676	1	7
70	1679	1	7
290	1679	1	7
38	1688	2	7
39	1688	1	7
365	1688	1	7
367	1688	1	7
389	1688	1	7
397	1688	1	7
392	1689	1	7
397	1689	1	7
392	1690	1	7
397	1690	1	7
240	1693	1	7
360	1693	1	7
298	1694	1	7
93	1695	1	7
131	1695	1	7
178	1695	1	7
207	1695	1	7
292	1695	1	7
309	1695	1	7
401	1695	1	7
226	1696	1	7
285	1696	1	7
360	1696	1	7
145	1700	1	7
207	1700	1	7
292	1700	1	7
309	1700	1	7
401	1700	1	7
339	1703	1	7
60	1714	1	7
91	1714	1	7
178	1717	1	7
190	1717	1	7
262	1717	1	7
340	1717	1	7
42	1725	1	7
170	1725	1	7
178	1725	1	7
44	1727	1	7
146	1727	1	7
369	1727	1	7
72	1732	1	7
128	1734	1	7
178	1734	1	7
66	1735	2	7
161	1735	1	7
273	1735	1	7
338	1735	1	7
283	1761	1	7
188	1763	1	7
27	1770	1	7
88	1770	1	7
414	1770	1	7
86	1775	1	7
90	1775	1	7
146	1775	1	7
360	1775	1	7
394	1775	1	7
400	1775	1	7
401	1775	1	7
27	1777	1	7
88	1777	1	7
228	1777	1	7
339	1777	1	7
120	1780	1	7
151	1780	1	7
154	1780	1	7
85	1781	1	7
317	1787	1	7
400	1787	1	7
142	1788	2	7
163	1788	1	7
326	1788	1	7
360	1788	1	7
180	1795	1	7
415	1795	1	7
59	1796	1	7
112	1796	1	7
178	1796	1	7
190	1796	1	7
340	1796	1	7
298	1809	1	7
188	1812	1	7
314	1812	1	7
383	1812	1	7
321	1815	1	7
383	1815	1	7
24	1831	1	7
105	1831	1	7
159	1831	1	7
41	1832	1	7
94	1832	1	7
165	1832	1	7
255	1833	1	7
275	1833	1	7
14	1835	1	7
229	1837	1	7
242	1837	1	7
147	1846	1	7
27	1858	1	7
88	1858	1	7
109	1858	1	7
229	1858	1	7
234	1858	1	7
293	1858	1	7
298	1858	1	7
27	1859	1	7
43	1859	1	7
76	1859	1	7
88	1859	1	7
226	1859	1	7
178	1863	1	7
182	1863	1	7
278	1863	1	7
290	1863	1	7
360	1863	1	7
27	1865	1	7
88	1865	1	7
400	1865	1	7
142	1873	1	7
294	1873	1	7
116	1875	1	7
322	1875	1	7
360	1875	1	7
153	1877	1	7
233	1877	1	7
344	1877	1	7
416	1877	1	7
143	1880	1	7
273	1880	1	7
400	1880	1	7
41	1881	1	7
246	1881	1	7
76	1882	1	7
151	1882	1	7
234	1882	1	7
367	1882	1	7
388	1882	1	7
34	1883	1	7
332	1883	1	7
76	1884	1	7
151	1884	1	7
367	1884	1	7
380	1884	1	7
388	1884	1	7
367	1885	1	7
156	1887	1	7
200	1887	1	7
219	1887	1	7
360	1887	1	7
391	1887	1	7
68	1889	1	7
269	1889	1	7
54	1893	1	7
176	1893	1	7
226	1893	1	7
360	1895	1	7
365	1895	1	7
389	1895	1	7
397	1895	1	7
24	1899	1	7
159	1899	1	7
68	1903	1	7
95	1903	1	7
273	1903	1	7
68	1907	1	7
228	1907	1	7
231	1907	1	7
290	1907	1	7
367	1907	1	7
388	1907	1	7
31	1912	1	7
173	1912	1	7
353	1912	1	7
86	1913	1	7
229	1915	1	7
178	1917	1	7
4	1919	1	7
391	1924	1	7
160	1933	1	7
211	1933	2	7
2	1935	1	7
226	1935	1	7
27	1936	1	7
88	1936	1	7
298	1936	1	7
314	1936	1	7
407	1936	1	7
4	1937	1	7
128	1938	1	7
218	1938	1	7
269	1938	2	7
273	1938	1	7
32	1940	1	7
258	1940	1	7
4	1941	1	7
26	1941	1	7
108	1941	1	7
389	1941	1	7
76	1942	1	7
178	1943	1	7
196	1943	1	7
27	1946	1	7
88	1946	1	7
352	1946	1	7
382	1946	1	7
76	1948	1	7
4	1949	1	7
26	1949	2	7
112	1949	1	7
376	1949	2	7
76	1950	1	7
359	1951	1	7
76	1957	2	7
360	1960	1	7
17	1966	1	7
29	1966	1	7
226	1966	1	7
200	1967	1	7
360	1967	1	7
232	1968	1	7
273	1968	1	7
4	1970	1	7
4	1971	1	7
137	1971	1	7
305	1972	1	7
321	1982	1	7
258	1983	1	7
354	1983	1	7
388	1983	2	7
291	1986	1	7
388	1986	1	7
82	1992	1	7
54	1994	1	7
137	1994	1	7
168	1994	1	7
291	1994	1	7
148	2000	2	7
308	2000	1	7
4	2001	1	7
54	2029	1	7
161	2029	1	7
210	2029	1	7
125	2031	1	7
137	2031	1	7
161	2031	1	7
378	2031	2	7
392	2036	1	7
233	2038	1	7
360	2038	1	7
226	2042	1	7
400	2042	1	7
54	2045	1	7
116	2045	1	7
370	2045	1	7
263	2046	1	7
271	2046	1	7
2	2048	1	7
54	2048	1	7
161	2048	1	7
273	2048	1	7
354	2048	1	7
113	2060	1	7
142	2060	1	7
209	2060	1	7
391	2060	1	7
215	2061	1	7
273	2061	1	7
349	2061	1	7
373	2061	1	7
229	2063	1	7
72	2071	1	7
180	2071	1	7
354	2071	1	7
180	2072	1	7
180	2074	1	7
221	2076	1	7
339	2076	2	7
417	2079	1	7
28	2080	1	7
132	2080	1	7
200	2080	1	7
246	2080	1	7
260	2080	1	7
299	2080	1	7
374	2080	1	7
160	2089	1	7
10	2090	1	7
143	2090	1	7
200	2090	1	7
360	2090	1	7
138	2093	1	7
221	2093	1	7
283	2093	1	7
392	2093	1	7
402	2093	1	7
54	2097	1	7
50	2098	1	7
113	2098	1	7
135	2098	1	7
175	2098	1	7
177	2098	1	7
389	2098	1	7
248	2104	1	7
332	2104	1	7
367	2104	1	7
67	2106	1	7
86	2106	1	7
145	2106	1	7
205	2106	1	7
229	2107	1	7
54	2120	2	7
360	2120	1	7
178	2124	1	7
379	2139	1	7
66	2140	1	7
200	2140	1	7
354	2140	1	7
19	2143	1	7
118	2143	1	7
200	2143	1	7
226	2143	1	7
370	2151	1	7
10	2156	1	7
123	2160	1	7
152	2160	1	7
178	2160	1	7
375	2160	1	7
174	2178	1	7
387	2178	1	7
215	2184	1	7
178	2187	1	7
223	2187	1	7
54	2188	1	7
174	2188	1	7
360	2188	1	7
178	2192	1	7
311	2192	1	7
80	2198	1	7
285	2198	1	7
412	2198	1	7
149	2199	1	7
142	2200	1	7
229	2200	1	7
411	2200	1	7
153	2202	1	7
188	2202	1	7
226	2202	1	7
283	2202	1	7
366	2202	1	7
154	2204	1	7
53	2207	1	7
178	2207	1	7
395	2207	1	7
19	2209	1	7
58	2209	1	7
165	2209	1	7
405	2209	1	7
388	2222	1	7
133	2226	1	7
180	2226	1	7
171	2227	1	7
329	2227	1	7
389	2227	1	7
160	2229	1	7
272	2229	1	7
285	2235	2	7
343	2235	1	7
360	2235	1	7
100	2237	1	7
178	2237	1	7
161	2238	1	7
259	2238	1	7
375	2238	1	7
54	2247	1	7
175	2252	1	7
180	2252	1	7
229	2252	1	7
407	2252	1	7
38	17	1	8
371	17	1	8
388	17	1	8
26	20	1	8
34	20	1	8
93	20	1	8
301	20	1	8
388	20	1	8
401	20	1	8
412	20	1	8
135	23	1	8
145	27	1	8
158	27	1	8
132	32	1	8
144	32	1	8
406	32	1	8
19	39	1	8
221	43	1	8
295	45	1	8
318	45	1	8
63	49	1	8
369	49	1	8
387	49	2	8
116	79	1	8
21	111	1	8
229	111	1	8
246	111	1	8
335	111	1	8
344	111	1	8
360	111	1	8
19	113	1	8
178	137	1	8
298	139	1	8
171	159	1	8
249	159	1	8
317	159	1	8
364	159	1	8
32	184	1	8
115	184	1	8
189	184	1	8
278	184	1	8
302	184	1	8
377	184	1	8
259	196	2	8
360	196	1	8
31	224	1	8
240	232	1	8
264	232	1	8
229	238	1	8
94	259	1	8
126	259	1	8
279	259	1	8
116	264	1	8
389	264	1	8
45	276	1	8
235	291	1	8
22	346	1	8
41	346	1	8
135	346	1	8
235	346	1	8
11	349	1	8
96	349	1	8
235	349	1	8
58	351	1	8
165	351	1	8
235	351	1	8
292	351	1	8
360	351	1	8
221	355	1	8
235	355	1	8
377	355	2	8
235	356	1	8
410	356	1	8
34	357	1	8
235	357	1	8
354	357	1	8
393	357	1	8
135	360	1	8
235	360	1	8
376	360	1	8
273	367	1	8
338	367	1	8
224	382	1	8
317	382	2	8
375	382	1	8
178	405	1	8
416	405	1	8
156	440	1	8
280	443	1	8
223	444	1	8
229	444	1	8
235	444	1	8
295	448	1	8
96	460	1	8
129	460	1	8
158	460	1	8
235	460	1	8
61	479	1	8
135	479	1	8
178	479	1	8
232	479	1	8
78	503	1	8
267	503	1	8
272	503	1	8
332	503	1	8
275	521	1	8
295	523	1	8
321	523	1	8
49	532	1	8
127	532	1	8
260	532	1	8
284	532	1	8
354	532	1	8
153	551	1	8
150	557	1	8
188	557	1	8
267	557	1	8
360	557	1	8
320	559	1	8
360	559	1	8
185	564	1	8
359	564	2	8
292	571	1	8
400	571	1	8
132	572	1	8
303	572	1	8
280	573	1	8
287	573	1	8
391	573	1	8
11	582	1	8
320	582	1	8
346	596	1	8
31	602	1	8
178	615	1	8
243	615	1	8
246	615	1	8
99	654	1	8
339	654	1	8
11	660	1	8
24	660	1	8
135	660	1	8
159	660	1	8
227	660	1	8
229	660	1	8
242	660	1	8
382	660	1	8
16	664	2	8
182	664	1	8
21	667	1	8
73	667	1	8
349	667	1	8
369	667	1	8
116	713	2	8
120	713	1	8
21	722	1	8
57	722	1	8
181	722	1	8
297	722	1	8
167	732	1	8
283	732	1	8
317	732	1	8
318	732	1	8
389	732	1	8
306	748	1	8
156	777	1	8
251	777	1	8
415	853	1	8
19	860	1	8
84	863	1	8
101	863	1	8
84	872	1	8
101	872	1	8
84	873	1	8
101	873	1	8
84	876	1	8
101	876	1	8
84	877	1	8
101	877	1	8
84	878	1	8
101	878	1	8
84	879	1	8
101	879	1	8
84	881	1	8
101	881	1	8
84	882	1	8
101	882	1	8
84	883	1	8
101	883	1	8
84	884	1	8
101	884	1	8
84	885	1	8
101	885	1	8
84	886	1	8
101	886	1	8
84	888	1	8
101	888	1	8
84	889	1	8
101	889	1	8
84	890	1	8
101	890	1	8
84	891	1	8
101	891	1	8
84	893	1	8
101	893	1	8
84	894	1	8
101	894	1	8
84	895	1	8
101	895	1	8
84	896	1	8
101	896	1	8
84	897	1	8
101	897	1	8
84	898	1	8
101	898	1	8
84	899	1	8
101	899	1	8
84	900	1	8
101	900	1	8
84	901	1	8
101	901	1	8
84	902	1	8
101	902	1	8
84	903	1	8
101	903	1	8
84	904	1	8
101	904	1	8
84	905	1	8
101	905	1	8
84	906	1	8
101	906	1	8
84	907	1	8
101	907	1	8
84	908	1	8
101	908	1	8
285	908	1	8
311	908	1	8
360	908	1	8
84	909	1	8
101	909	1	8
285	909	1	8
311	909	1	8
360	909	1	8
84	910	1	8
101	910	1	8
285	910	1	8
311	910	1	8
360	910	1	8
84	912	1	8
101	912	1	8
285	912	1	8
311	912	1	8
360	912	1	8
380	912	1	8
84	914	1	8
101	914	1	8
285	914	1	8
311	914	1	8
360	914	1	8
84	915	1	8
101	915	1	8
285	915	1	8
311	915	1	8
360	915	1	8
84	916	1	8
101	916	1	8
285	916	1	8
311	916	1	8
313	916	1	8
360	916	1	8
84	917	1	8
101	917	1	8
285	917	1	8
311	917	1	8
360	917	1	8
84	918	1	8
101	918	1	8
285	918	1	8
311	918	1	8
360	918	1	8
84	920	1	8
101	920	1	8
167	920	1	8
285	920	1	8
311	920	1	8
360	920	1	8
84	922	1	8
101	922	1	8
285	922	1	8
311	922	1	8
360	922	1	8
84	923	1	8
101	923	1	8
285	923	1	8
311	923	1	8
360	923	1	8
84	924	1	8
101	924	1	8
285	924	1	8
311	924	1	8
360	924	1	8
84	925	1	8
101	925	1	8
285	925	1	8
311	925	1	8
360	925	1	8
84	926	1	8
101	926	1	8
285	926	1	8
311	926	1	8
360	926	1	8
84	927	1	8
101	927	1	8
285	927	1	8
311	927	1	8
360	927	1	8
84	928	1	8
101	928	1	8
285	928	1	8
311	928	1	8
360	928	1	8
84	929	1	8
101	929	1	8
285	929	1	8
311	929	1	8
360	929	1	8
84	930	1	8
101	930	1	8
285	930	1	8
311	930	1	8
360	930	1	8
84	931	1	8
101	931	1	8
285	931	1	8
311	931	1	8
360	931	1	8
84	932	1	8
101	932	1	8
285	932	1	8
311	932	1	8
360	932	1	8
84	933	1	8
101	933	1	8
285	933	1	8
311	933	1	8
360	933	1	8
84	934	1	8
101	934	1	8
285	934	1	8
311	934	1	8
360	934	1	8
84	935	1	8
101	935	1	8
285	935	1	8
311	935	1	8
360	935	1	8
84	936	1	8
101	936	1	8
285	936	1	8
360	936	1	8
84	937	1	8
101	937	1	8
285	937	1	8
311	937	1	8
360	937	1	8
84	938	1	8
101	938	1	8
285	938	1	8
311	938	1	8
360	938	1	8
84	940	1	8
101	940	1	8
285	940	1	8
311	940	1	8
360	940	1	8
84	941	1	8
101	941	1	8
285	941	1	8
311	941	1	8
360	941	1	8
84	942	1	8
101	942	1	8
285	942	1	8
311	942	1	8
360	942	1	8
84	943	1	8
101	943	1	8
285	943	1	8
311	943	1	8
360	943	1	8
84	944	1	8
101	944	1	8
285	944	1	8
360	944	1	8
84	945	1	8
101	945	1	8
285	945	1	8
311	945	1	8
360	945	1	8
18	947	1	8
278	947	1	8
24	948	1	8
159	948	1	8
18	953	1	8
178	953	1	8
24	957	1	8
159	957	1	8
153	964	1	8
161	964	1	8
380	964	1	8
92	967	1	8
332	978	1	8
113	1027	1	8
29	1043	1	8
161	1043	1	8
360	1043	1	8
278	1071	1	8
329	1071	1	8
415	1071	1	8
58	1072	1	8
161	1073	1	8
189	1073	1	8
250	1073	1	8
392	1073	1	8
121	1077	1	8
153	1077	1	8
252	1077	1	8
339	1077	1	8
16	1078	1	8
273	1078	1	8
16	1079	1	8
33	1079	1	8
121	1079	1	8
360	1079	1	8
61	1080	1	8
121	1080	1	8
196	1080	1	8
200	1080	1	8
249	1099	1	8
360	1099	1	8
24	1101	1	8
159	1101	1	8
217	1101	2	8
22	1106	1	8
298	1106	1	8
360	1106	1	8
98	1107	1	8
317	1107	1	8
400	1107	1	8
40	1131	1	8
58	1131	1	8
161	1131	1	8
33	1133	1	8
179	1133	1	8
227	1133	1	8
231	1133	1	8
383	1133	1	8
178	1148	1	8
379	1148	1	8
6	1153	1	8
178	1153	1	8
249	1153	1	8
280	1153	1	8
219	1202	1	8
300	1202	1	8
188	1212	1	8
317	1212	1	8
6	1222	1	8
178	1222	1	8
280	1222	1	8
384	1228	1	8
363	1232	1	8
232	1236	1	8
400	1236	1	8
252	1250	1	8
135	1251	1	8
383	1251	1	8
11	1294	1	8
49	1294	1	8
21	1304	1	8
112	1304	1	8
209	1304	1	8
221	1304	1	8
329	1304	1	8
355	1306	1	8
377	1306	1	8
109	1320	1	8
199	1320	1	8
235	1320	1	8
355	1320	1	8
389	1320	1	8
412	1320	2	8
417	1320	1	8
31	1328	1	8
67	1328	1	8
199	1328	1	8
235	1328	1	8
355	1328	1	8
417	1328	1	8
199	1335	1	8
235	1335	1	8
355	1335	1	8
368	1335	1	8
417	1335	1	8
8	1341	1	8
116	1341	1	8
176	1341	1	8
316	1341	1	8
329	1341	1	8
199	1343	1	8
235	1343	1	8
339	1343	1	8
355	1343	1	8
410	1343	1	8
417	1343	1	8
199	1347	1	8
235	1347	1	8
355	1347	1	8
417	1347	1	8
355	1355	1	8
86	1360	1	8
355	1361	1	8
355	1364	1	8
200	1370	1	8
355	1370	1	8
388	1370	1	8
355	1373	1	8
355	1378	1	8
412	1378	1	8
116	1384	1	8
410	1384	1	8
153	1386	1	8
355	1386	1	8
378	1386	1	8
170	1416	1	8
344	1416	1	8
400	1416	1	8
10	1427	1	8
39	1427	1	8
10	1428	1	8
39	1428	1	8
200	1428	1	8
138	1437	1	8
143	1437	1	8
295	1437	1	8
31	1442	1	8
175	1442	1	8
132	1447	1	8
104	1448	1	8
168	1448	1	8
347	1448	1	8
295	1451	1	8
229	1454	1	8
361	1454	1	8
39	1464	1	8
81	1464	1	8
112	1464	1	8
249	1464	1	8
338	1464	1	8
229	1469	1	8
249	1469	1	8
335	1473	1	8
177	1479	1	8
271	1479	1	8
84	1513	1	8
101	1513	1	8
186	1513	1	8
311	1513	1	8
360	1513	1	8
84	1514	1	8
101	1514	1	8
186	1514	1	8
311	1514	1	8
360	1514	1	8
84	1516	1	8
101	1516	1	8
186	1516	1	8
311	1516	1	8
360	1516	1	8
84	1517	1	8
101	1517	1	8
186	1517	1	8
311	1517	1	8
360	1517	1	8
84	1518	1	8
101	1518	1	8
186	1518	1	8
311	1518	1	8
360	1518	1	8
84	1519	1	8
101	1519	1	8
186	1519	1	8
311	1519	1	8
360	1519	1	8
84	1520	1	8
101	1520	1	8
186	1520	1	8
311	1520	1	8
360	1520	1	8
84	1522	1	8
101	1522	1	8
186	1522	1	8
311	1522	1	8
360	1522	1	8
84	1524	1	8
101	1524	1	8
186	1524	1	8
311	1524	1	8
360	1524	1	8
84	1525	1	8
101	1525	1	8
186	1525	1	8
311	1525	1	8
360	1525	1	8
84	1526	1	8
101	1526	1	8
186	1526	1	8
311	1526	1	8
360	1526	1	8
66	1527	1	8
84	1528	1	8
101	1528	1	8
186	1528	1	8
311	1528	1	8
360	1528	1	8
84	1530	1	8
101	1530	1	8
186	1530	1	8
311	1530	1	8
360	1530	1	8
84	1532	1	8
101	1532	1	8
186	1532	1	8
311	1532	1	8
360	1532	1	8
84	1533	1	8
101	1533	1	8
186	1533	1	8
311	1533	1	8
360	1533	1	8
84	1535	1	8
101	1535	1	8
186	1535	1	8
311	1535	1	8
360	1535	1	8
84	1536	1	8
101	1536	1	8
186	1536	1	8
311	1536	1	8
360	1536	1	8
84	1538	1	8
101	1538	1	8
186	1538	1	8
311	1538	1	8
360	1538	1	8
84	1539	1	8
101	1539	1	8
186	1539	1	8
311	1539	1	8
360	1539	1	8
84	1540	1	8
101	1540	1	8
186	1540	1	8
311	1540	1	8
360	1540	1	8
84	1541	1	8
101	1541	1	8
186	1541	1	8
311	1541	1	8
360	1541	1	8
84	1543	1	8
101	1543	1	8
186	1543	1	8
311	1543	1	8
360	1543	1	8
84	1544	1	8
101	1544	1	8
186	1544	1	8
311	1544	1	8
360	1544	1	8
84	1545	1	8
101	1545	1	8
186	1545	1	8
311	1545	1	8
360	1545	1	8
84	1546	1	8
101	1546	1	8
186	1546	1	8
311	1546	1	8
360	1546	1	8
84	1547	1	8
101	1547	1	8
186	1547	1	8
311	1547	1	8
360	1547	1	8
84	1548	1	8
101	1548	1	8
186	1548	1	8
311	1548	1	8
360	1548	1	8
84	1549	1	8
101	1549	1	8
186	1549	1	8
311	1549	1	8
360	1549	1	8
84	1550	1	8
101	1550	1	8
186	1550	1	8
311	1550	1	8
360	1550	1	8
84	1551	1	8
101	1551	1	8
186	1551	1	8
311	1551	1	8
360	1551	1	8
84	1552	1	8
101	1552	1	8
186	1552	1	8
311	1552	1	8
360	1552	1	8
84	1553	1	8
101	1553	1	8
186	1553	1	8
311	1553	1	8
360	1553	1	8
84	1554	1	8
101	1554	1	8
186	1554	1	8
311	1554	1	8
360	1554	1	8
84	1555	1	8
101	1555	1	8
186	1555	1	8
311	1555	1	8
360	1555	1	8
84	1556	1	8
101	1556	1	8
186	1556	1	8
311	1556	1	8
360	1556	1	8
84	1557	1	8
101	1557	1	8
186	1557	1	8
311	1557	1	8
360	1557	1	8
84	1558	1	8
101	1558	1	8
186	1558	1	8
311	1558	1	8
360	1558	1	8
84	1559	1	8
101	1559	1	8
186	1559	1	8
311	1559	1	8
360	1559	1	8
84	1560	1	8
101	1560	1	8
186	1560	1	8
311	1560	1	8
360	1560	1	8
84	1561	1	8
101	1561	1	8
186	1561	1	8
311	1561	1	8
360	1561	1	8
84	1562	1	8
101	1562	1	8
186	1562	1	8
311	1562	1	8
360	1562	1	8
84	1563	1	8
101	1563	1	8
186	1563	1	8
311	1563	1	8
360	1563	1	8
84	1564	1	8
101	1564	1	8
186	1564	1	8
311	1564	1	8
360	1564	1	8
84	1566	1	8
101	1566	1	8
186	1566	1	8
311	1566	1	8
360	1566	1	8
84	1567	1	8
101	1567	1	8
186	1567	1	8
311	1567	1	8
360	1567	1	8
84	1568	1	8
101	1568	1	8
186	1568	1	8
311	1568	1	8
360	1568	1	8
84	1569	1	8
101	1569	1	8
186	1569	1	8
311	1569	1	8
360	1569	1	8
84	1570	1	8
101	1570	1	8
186	1570	1	8
311	1570	1	8
360	1570	1	8
84	1571	1	8
101	1571	1	8
186	1571	1	8
311	1571	1	8
360	1571	1	8
84	1572	1	8
101	1572	1	8
186	1572	1	8
311	1572	1	8
360	1572	1	8
84	1573	1	8
101	1573	1	8
186	1573	1	8
311	1573	1	8
360	1573	1	8
84	1574	1	8
101	1574	1	8
186	1574	1	8
311	1574	1	8
360	1574	1	8
84	1575	1	8
101	1575	1	8
186	1575	1	8
311	1575	1	8
360	1575	1	8
84	1578	1	8
101	1578	1	8
186	1578	1	8
311	1578	1	8
360	1578	1	8
161	1580	1	8
200	1580	1	8
266	1580	1	8
327	1580	1	8
359	1582	1	8
90	1591	1	8
129	1591	1	8
226	1591	1	8
387	1591	1	8
394	1591	1	8
24	1594	1	8
134	1594	1	8
178	1594	1	8
360	1594	1	8
252	1604	1	8
178	1608	1	8
125	1615	1	8
62	1637	1	8
103	1637	1	8
178	1645	1	8
25	1680	1	8
400	1680	1	8
99	1699	1	8
126	1699	1	8
26	1704	1	8
178	1704	1	8
269	1704	1	8
278	1705	1	8
283	1705	1	8
172	1724	1	8
178	1724	1	8
25	1755	1	8
26	1755	1	8
96	1755	1	8
109	1755	1	8
359	1757	1	8
367	1757	1	8
305	1822	1	8
387	1823	1	8
39	1838	1	8
141	1838	1	8
273	1861	1	8
400	1861	1	8
410	1871	2	8
93	1876	1	8
247	1876	1	8
148	1878	2	8
233	1878	1	8
344	1878	1	8
416	1878	1	8
164	1894	1	8
384	1894	1	8
112	1897	1	8
145	1902	1	8
200	1902	1	8
158	1904	1	8
178	1904	1	8
360	1904	1	8
188	1909	1	8
178	1910	1	8
232	1910	1	8
366	1910	1	8
40	1911	1	8
413	1911	1	8
69	1918	1	8
154	1918	1	8
69	1921	1	8
154	1921	1	8
211	1921	1	8
81	1925	1	8
256	1925	1	8
366	1925	1	8
388	1925	1	8
47	1965	1	8
291	1965	1	8
151	2012	1	8
178	2012	1	8
190	2012	1	8
262	2012	1	8
340	2012	1	8
96	2014	1	8
110	2014	1	8
250	2014	1	8
397	2014	1	8
404	2014	1	8
325	2017	1	8
394	2017	1	8
242	2041	1	8
388	2041	1	8
2	2068	1	8
103	2068	1	8
188	2068	1	8
229	2068	1	8
107	2069	1	8
126	2069	1	8
178	2069	1	8
311	2069	1	8
15	2114	1	8
178	2114	1	8
145	2117	1	8
61	2118	1	8
191	2118	1	8
221	2118	1	8
226	2118	1	8
137	2179	1	8
145	2179	1	8
229	2179	1	8
234	2179	1	8
244	2179	1	8
255	2179	1	8
389	2179	1	8
200	2185	1	8
324	2185	1	8
11	2191	1	8
226	2191	1	8
248	2191	1	8
164	2194	1	8
384	2194	1	8
115	2197	1	8
178	2197	1	8
229	2197	1	8
333	2197	1	8
41	2205	1	8
260	2205	2	8
373	2205	1	8
117	2206	1	8
289	2218	1	8
388	2218	2	8
353	2224	1	8
400	2224	1	8
242	2256	1	8
263	2256	1	8
69	2258	1	8
154	2258	1	8
