167	25	1	0
177	25	1	0
245	25	1	0
310	25	1	0
15	28	1	0
92	28	1	0
107	28	1	0
113	28	1	0
215	28	1	0
117	29	1	0
248	29	1	0
260	29	1	0
313	50	1	0
9	57	1	0
167	57	1	0
177	57	1	0
220	57	1	0
245	57	1	0
255	57	1	0
310	57	1	0
359	57	1	0
83	102	1	0
162	102	1	0
219	102	1	0
167	105	1	0
217	105	1	0
313	105	1	0
32	126	1	0
289	126	1	0
43	127	1	0
242	135	1	0
289	135	1	0
343	139	1	0
49	158	1	0
167	158	1	0
267	158	1	0
21	159	1	0
139	159	1	0
261	159	1	0
177	162	1	0
310	162	1	0
102	163	1	0
131	165	1	0
285	165	1	0
376	165	1	0
134	171	1	0
228	171	1	0
326	171	1	0
351	171	1	0
134	173	1	0
201	173	1	0
230	173	1	0
9	175	1	0
27	177	1	0
279	177	1	0
354	177	1	0
238	214	1	0
267	214	1	0
370	214	1	0
106	230	1	0
167	230	1	0
174	230	1	0
288	230	1	0
91	249	1	0
343	250	1	0
55	255	1	0
156	255	1	0
222	255	1	0
313	255	1	0
132	261	1	0
324	261	1	0
167	266	1	0
211	276	1	0
222	276	1	0
211	283	1	0
222	283	1	0
250	284	2	0
338	287	1	0
351	291	1	0
125	292	1	0
69	298	1	0
105	298	1	0
128	298	1	0
231	298	1	0
350	303	1	0
148	317	1	0
139	319	1	0
195	319	1	0
1	320	1	0
278	320	1	0
30	322	1	0
165	322	1	0
339	322	1	0
167	324	1	0
177	324	1	0
245	324	1	0
246	324	1	0
310	324	1	0
195	331	1	0
306	331	1	0
323	333	1	0
326	333	1	0
251	337	1	0
58	344	1	0
98	344	1	0
167	344	1	0
365	344	1	0
78	345	1	0
198	345	1	0
207	345	1	0
209	345	1	0
326	345	1	0
338	345	1	0
353	345	1	0
296	346	1	0
320	346	1	0
351	346	1	0
334	348	1	0
69	357	1	0
139	357	1	0
241	357	1	0
295	360	1	0
38	369	1	0
150	369	1	0
372	369	1	0
13	379	1	0
30	379	1	0
263	379	1	0
152	403	1	0
249	403	1	0
21	431	1	0
54	431	1	0
174	431	1	0
238	438	1	0
300	438	1	0
355	438	1	0
152	446	1	0
284	446	2	0
338	446	1	0
354	446	1	0
152	454	1	0
284	454	2	0
338	454	1	0
354	454	1	0
58	456	1	0
78	456	1	0
143	456	1	0
195	456	1	0
208	456	1	0
326	456	1	0
353	456	1	0
14	458	1	0
293	458	1	0
190	464	1	0
49	474	1	0
167	474	1	0
148	484	1	0
243	484	1	0
317	484	1	0
11	508	1	0
56	508	1	0
231	508	1	0
135	511	1	0
253	541	1	0
182	586	1	0
195	586	1	0
211	605	1	0
131	617	1	0
372	617	1	0
357	630	1	0
280	631	1	0
295	631	1	0
336	631	1	0
186	633	1	0
255	633	1	0
280	633	1	0
292	633	1	0
295	633	1	0
13	634	1	0
78	634	1	0
320	634	1	0
24	638	1	0
28	638	1	0
350	638	1	0
134	644	1	0
293	644	1	0
357	644	1	0
17	672	1	0
139	672	1	0
167	672	1	0
192	682	1	0
291	682	1	0
299	682	1	0
195	687	1	0
222	687	1	0
261	687	1	0
350	687	1	0
51	689	1	0
134	689	1	0
192	691	1	0
208	691	1	0
252	691	1	0
278	691	1	0
291	691	1	0
313	691	1	0
350	691	2	0
269	695	1	0
111	701	1	0
128	701	1	0
192	701	1	0
291	701	1	0
341	701	1	0
192	717	1	0
211	717	1	0
225	717	1	0
291	717	1	0
51	718	1	0
110	718	1	0
140	718	1	0
319	718	1	0
325	718	1	0
192	728	1	0
211	728	1	0
291	728	1	0
253	742	1	0
326	742	1	0
347	742	1	0
368	742	1	0
6	749	1	0
325	749	1	0
235	798	1	0
254	798	1	0
267	798	1	0
91	820	1	0
326	820	1	0
336	820	1	0
137	849	4	0
183	849	1	0
345	849	1	0
251	852	1	0
299	852	1	0
377	852	1	0
88	855	1	0
134	855	1	0
338	855	1	0
127	866	1	0
238	866	2	0
65	885	1	0
146	885	1	0
209	886	1	0
303	886	1	0
162	892	1	0
146	893	1	0
197	893	1	0
347	893	1	0
349	893	1	0
162	934	1	0
165	941	1	0
236	941	1	0
190	988	1	0
97	1019	2	0
167	1019	1	0
177	1019	1	0
109	1020	1	0
326	1020	1	0
15	1027	1	0
107	1027	1	0
367	1027	1	0
67	1030	1	0
326	1030	1	0
341	1048	1	0
56	1057	1	0
224	1057	1	0
285	1058	2	0
300	1067	1	0
323	1067	1	0
326	1067	1	0
253	1069	1	0
323	1069	1	0
350	1069	1	0
362	1069	1	0
167	1074	1	0
257	1074	1	0
326	1087	1	0
334	1087	1	0
106	1095	1	0
111	1095	1	0
211	1095	1	0
64	1096	1	0
111	1096	1	0
181	1096	1	0
217	1096	1	0
67	1097	1	0
326	1097	1	0
350	1097	1	0
148	1118	1	0
243	1145	1	0
253	1145	1	0
345	1145	1	0
359	1145	1	0
149	1152	1	0
161	1152	1	0
169	1152	1	0
320	1152	1	0
292	1154	1	0
320	1154	1	0
10	1157	1	0
125	1157	1	0
253	1157	1	0
24	1159	1	0
106	1159	1	0
156	1159	1	0
191	1159	1	0
271	1159	1	0
336	1159	1	0
345	1159	1	0
349	1159	1	0
146	1163	1	0
13	1177	1	0
46	1177	1	0
349	1186	1	0
350	1186	1	0
281	1188	1	0
320	1188	1	0
131	1196	1	0
326	1196	1	0
111	1198	1	0
25	1208	1	0
32	1208	1	0
107	1208	1	0
205	1208	1	0
167	1214	1	0
210	1214	1	0
281	1214	1	0
112	1215	1	0
214	1215	1	0
111	1218	1	0
22	1220	1	0
211	1220	1	0
239	1220	1	0
82	1224	1	0
302	1224	1	0
354	1224	1	0
94	1225	1	0
285	1225	1	0
331	1227	1	0
29	1229	1	0
282	1229	1	0
145	1235	1	0
171	1235	1	0
224	1236	1	0
369	1236	1	0
373	1236	1	0
111	1251	1	0
172	1251	1	0
174	1251	1	0
239	1251	1	0
344	1251	1	0
29	1268	1	0
159	1268	1	0
169	1270	1	0
313	1270	1	0
64	1274	1	0
185	1274	1	0
201	1274	1	0
266	1274	1	0
289	1274	1	0
260	1275	1	0
162	1276	1	0
136	1284	1	0
214	1284	1	0
253	1284	2	0
320	1284	1	0
326	1284	1	0
303	1287	1	0
198	1289	1	0
316	1289	1	0
172	1290	1	0
190	1291	1	0
24	1293	1	0
165	1293	1	0
266	1293	1	0
320	1293	1	0
326	1293	1	0
111	1297	1	0
136	1297	1	0
215	1303	1	0
302	1303	1	0
152	1306	1	0
228	1306	1	0
260	1306	1	0
236	1307	1	0
326	1314	1	0
289	1321	1	0
307	1321	1	0
174	1325	1	0
309	1325	1	0
354	1325	1	0
211	1327	1	0
103	1329	1	0
297	1329	1	0
363	1329	1	0
217	1331	1	0
240	1331	1	0
96	1334	1	0
215	1334	1	0
239	1334	1	0
297	1334	1	0
178	1336	1	0
362	1336	1	0
30	1337	1	0
148	1337	1	0
240	1337	1	0
308	1337	1	0
350	1337	2	0
362	1337	1	0
270	1342	1	0
357	1342	1	0
372	1342	1	0
50	1347	1	0
79	1347	1	0
134	1348	1	0
226	1348	1	0
243	1348	1	0
312	1348	1	0
48	1349	1	0
283	1349	1	0
338	1349	1	0
167	1350	1	0
336	1350	1	0
349	1350	1	0
167	1355	1	0
336	1355	1	0
349	1355	1	0
215	1358	1	0
32	1360	1	0
323	1360	1	0
21	1361	1	0
167	1361	1	0
27	1363	2	0
139	1363	2	0
3	1365	1	0
154	1365	1	0
175	1365	1	0
215	1366	1	0
217	1366	1	0
240	1366	1	0
41	1368	1	0
335	1368	1	0
49	1369	1	0
131	1369	1	0
151	1370	1	0
167	1370	1	0
205	1371	1	0
40	1374	1	0
49	1374	1	0
131	1374	1	0
148	1374	1	0
213	1374	1	0
232	1374	1	0
258	1374	1	0
49	1376	1	0
122	1376	1	0
245	1376	1	0
49	1377	1	0
156	1377	1	0
302	1377	1	0
354	1377	1	0
309	1378	1	0
58	1379	1	0
166	1379	1	0
240	1379	1	0
240	1380	1	0
241	1380	1	0
111	1383	1	0
240	1383	1	0
290	1383	1	0
302	1383	1	0
355	1383	1	0
362	1383	1	0
131	1384	1	0
64	1388	1	0
217	1388	1	0
298	1388	1	0
326	1388	1	0
240	1389	1	0
203	1390	1	0
208	1390	1	0
272	1390	1	0
313	1390	1	0
345	1390	1	0
190	1392	1	0
3	1394	1	0
115	1394	1	0
175	1394	1	0
212	1394	1	0
282	1394	1	0
295	1394	1	0
127	1396	1	0
210	1396	1	0
327	1396	1	0
362	1398	1	0
167	1400	2	0
197	1400	1	0
131	1401	1	0
7	1402	1	0
98	1402	1	0
145	1402	1	0
165	1402	1	0
367	1402	1	0
167	1403	1	0
177	1403	1	0
182	1403	2	0
244	1403	2	0
245	1403	1	0
310	1403	1	0
311	1403	1	0
111	1405	1	0
237	1405	1	0
351	1405	1	0
371	1405	1	0
183	1419	1	0
215	1419	1	0
7	1426	1	0
143	1426	1	0
150	1426	1	0
303	1426	1	0
344	1426	1	0
3	1429	1	0
175	1429	1	0
282	1429	1	0
39	1437	1	0
60	1437	1	0
163	1437	1	0
167	1437	1	0
176	1437	1	0
177	1437	1	0
182	1437	1	0
245	1437	1	0
310	1437	1	0
311	1437	1	0
163	1441	1	0
170	1447	1	0
339	1447	1	0
350	1447	2	0
2	1451	1	0
252	1451	1	0
269	1451	1	0
326	1451	1	0
68	1452	1	0
152	1452	2	0
167	1452	1	0
248	1452	1	0
19	1465	1	0
75	1465	1	0
101	1465	1	0
139	1465	1	0
208	1465	1	0
355	1465	1	0
335	1467	1	0
365	1467	1	0
19	1469	1	0
101	1469	1	0
227	1469	1	0
39	1470	1	0
60	1470	1	0
163	1470	1	0
167	1470	1	0
176	1470	1	0
177	1470	1	0
182	1470	2	0
245	1470	1	0
310	1470	1	0
311	1470	1	0
167	1472	1	0
350	1472	1	0
353	1472	1	0
64	1474	1	0
131	1474	1	0
190	1474	1	0
206	1474	1	0
253	1474	1	0
307	1474	1	0
326	1474	2	0
342	1474	1	0
19	1487	1	0
101	1487	1	0
227	1487	1	0
19	1489	1	0
101	1489	1	0
346	1489	1	0
102	1491	1	0
227	1491	1	0
202	1496	1	0
227	1496	1	0
318	1496	1	0
326	1496	1	0
350	1496	1	0
359	1496	1	0
227	1500	1	0
19	1519	1	0
96	1519	1	0
101	1519	1	0
294	1519	1	0
326	1519	1	0
379	1519	1	0
39	1527	1	0
60	1527	1	0
163	1527	1	0
167	1527	1	0
176	1527	1	0
177	1527	1	0
182	1527	1	0
245	1527	1	0
310	1527	1	0
311	1527	1	0
272	1532	1	0
64	1538	1	0
68	1538	1	0
201	1538	1	0
251	1538	1	0
64	1540	1	0
165	1540	1	0
295	1540	1	0
39	1541	1	0
60	1541	1	0
69	1541	1	0
163	1541	1	0
167	1541	1	0
176	1541	1	0
177	1541	1	0
182	1541	1	0
245	1541	1	0
310	1541	1	0
311	1541	1	0
140	1543	1	0
223	1543	1	0
64	1547	1	0
312	1547	1	0
326	1547	1	0
39	1556	1	0
60	1556	1	0
163	1556	1	0
167	1556	1	0
176	1556	1	0
177	1556	1	0
182	1556	2	0
245	1556	1	0
310	1556	1	0
311	1556	1	0
1	1558	1	0
25	1558	1	0
285	1561	1	0
335	1561	1	0
64	1564	1	0
117	1564	1	0
28	1574	1	0
95	1574	1	0
208	1574	1	0
212	1574	1	0
228	1574	1	0
326	1574	1	0
23	1586	1	0
139	1586	1	0
237	1586	1	0
261	1586	1	0
362	1586	1	0
33	1588	1	0
128	1588	1	0
33	1590	1	0
89	1590	1	0
167	1590	1	0
181	1590	1	0
207	1590	1	0
326	1590	1	0
233	1616	1	0
255	1616	1	0
107	1621	1	0
215	1621	1	0
371	1621	1	0
313	1622	1	0
262	1627	1	0
301	1627	1	0
343	1627	1	0
40	1628	1	0
103	1628	1	0
133	1628	1	0
244	1628	1	0
283	1628	1	0
339	1637	1	0
103	1640	1	0
106	1640	1	0
133	1640	1	0
166	1640	1	0
244	1640	1	0
283	1640	1	0
84	1642	1	0
257	1642	1	0
289	1642	1	0
62	1649	1	0
98	1649	2	0
111	1649	1	0
211	1657	1	0
322	1657	1	0
172	1668	1	0
209	1668	1	0
302	1668	1	0
324	1668	1	0
326	1668	1	0
107	1682	1	0
167	1682	1	0
288	1682	1	0
182	1684	1	0
219	1686	1	0
285	1686	1	0
326	1686	1	0
21	1689	1	0
49	1689	1	0
134	1689	1	0
174	1689	1	0
302	1689	1	0
320	1691	2	0
64	1696	1	0
72	1696	1	0
266	1696	2	0
335	1696	1	0
350	1696	1	0
64	1698	1	0
72	1698	1	0
266	1698	2	0
335	1698	1	0
350	1698	1	0
215	1699	1	0
117	1700	1	0
215	1700	1	0
48	1701	1	0
112	1701	1	0
167	1701	1	0
117	1703	1	0
323	1715	1	0
148	1718	1	0
326	1718	1	0
123	1720	1	0
334	1720	1	0
67	1722	1	0
7	1725	1	0
131	1725	1	0
208	1725	1	0
376	1725	2	0
303	1726	1	0
326	1726	1	0
338	1726	1	0
186	1727	1	0
91	1728	1	0
354	1728	1	0
208	1736	1	0
326	1736	1	0
167	1742	1	0
128	1745	1	0
131	1745	1	0
368	1745	1	0
30	1750	1	0
146	1750	1	0
30	1754	1	0
131	1754	1	0
146	1754	1	0
215	1754	1	0
136	1756	1	0
215	1756	1	0
217	1771	1	0
236	1771	1	0
326	1771	1	0
362	1771	1	0
367	1771	1	0
112	1776	1	0
134	1776	1	0
253	1776	1	0
256	1776	1	0
378	1776	1	0
21	1797	1	0
230	1797	1	0
131	1799	1	0
155	1799	1	0
215	1799	1	0
167	1803	1	0
177	1803	1	0
245	1803	1	0
310	1803	1	0
323	1816	1	0
7	1826	1	0
252	1826	1	0
88	1833	1	0
121	1841	1	0
257	1841	1	0
42	1842	1	0
67	1844	1	0
29	1848	1	0
74	1848	1	0
106	1848	1	0
297	1848	1	0
339	1848	1	0
77	1851	1	0
148	1851	1	0
132	1853	1	0
285	1853	1	0
124	1856	1	0
294	1856	1	0
31	1864	1	0
105	1864	1	0
155	1868	1	0
357	1868	1	0
215	1872	1	0
119	1875	1	0
38	1877	1	0
109	1881	1	0
117	1881	1	0
198	1881	1	0
260	1881	1	0
208	1912	1	0
263	1912	1	0
318	1912	1	0
168	1913	1	0
140	1921	1	0
260	1921	1	0
142	1926	1	0
30	1929	1	0
102	1929	1	0
131	1929	1	0
146	1929	1	0
50	1930	1	0
142	1930	1	0
129	1933	1	0
313	1933	1	0
64	1942	1	0
77	1942	1	0
148	1942	1	0
326	1942	1	0
358	1944	1	0
144	1947	1	0
82	1951	1	0
266	1951	1	0
369	1951	1	0
231	1961	1	0
360	1961	1	0
33	1968	1	0
100	1968	1	0
117	1968	1	0
168	1968	1	0
42	1969	1	0
296	1969	1	0
67	1975	1	0
148	1975	1	0
162	1976	1	0
334	1985	1	0
362	1985	1	0
215	1992	1	0
145	1994	1	0
162	1994	1	0
313	1994	1	0
65	2009	1	0
65	2010	1	0
167	2010	1	0
182	2012	1	0
186	2012	1	0
17	2017	1	0
129	2017	1	0
241	2017	1	0
313	2017	1	0
167	2019	1	0
245	2019	1	0
31	2040	1	0
43	2040	1	0
140	2040	1	0
228	2040	1	0
22	2058	1	0
69	2065	1	0
231	2065	1	0
331	2071	1	0
379	2071	1	0
117	2072	1	0
147	2072	1	0
234	2072	1	0
376	2074	1	0
148	2082	1	0
190	2082	1	0
326	2082	1	0
212	2083	1	0
243	2083	1	0
312	2083	1	0
57	2	1	1
302	2	1	1
29	19	1	1
108	19	1	1
379	19	1	1
305	54	1	1
235	71	1	1
253	71	1	1
215	72	1	1
351	76	1	1
93	113	1	1
167	113	1	1
276	149	1	1
83	151	1	1
167	154	1	1
265	154	1	1
301	154	1	1
359	157	1	1
34	161	1	1
167	161	1	1
337	170	1	1
360	170	1	1
267	179	1	1
375	179	1	1
18	196	1	1
90	196	1	1
167	196	1	1
220	196	1	1
332	196	1	1
335	196	1	1
359	196	1	1
232	201	1	1
351	201	1	1
4	205	1	1
109	205	1	1
126	205	1	1
282	205	1	1
326	205	1	1
377	205	1	1
64	210	1	1
242	210	1	1
305	210	1	1
355	210	1	1
375	210	1	1
24	211	1	1
26	211	2	1
149	211	1	1
202	211	1	1
203	211	1	1
267	211	1	1
22	216	1	1
285	216	1	1
65	219	1	1
143	219	1	1
173	219	1	1
220	219	1	1
167	220	1	1
177	220	1	1
245	220	1	1
310	220	1	1
167	222	1	1
35	226	1	1
215	226	1	1
21	227	1	1
62	227	1	1
167	227	1	1
200	227	1	1
167	234	1	1
154	242	1	1
258	242	1	1
167	248	1	1
297	248	1	1
304	248	1	1
148	251	1	1
343	251	1	1
372	251	1	1
211	265	1	1
216	265	1	1
362	265	1	1
282	274	1	1
90	280	1	1
350	280	1	1
375	280	1	1
167	289	1	1
159	305	1	1
131	306	1	1
167	306	1	1
363	306	1	1
366	306	1	1
78	307	1	1
166	307	1	1
202	307	1	1
326	307	1	1
113	315	1	1
48	318	1	1
249	326	1	1
42	327	1	1
277	327	1	1
278	327	1	1
346	327	1	1
167	349	1	1
243	349	1	1
326	349	1	1
327	349	1	1
20	362	1	1
167	362	1	1
267	362	1	1
146	370	1	1
302	370	1	1
328	370	1	1
209	374	1	1
274	374	1	1
303	374	1	1
326	374	1	1
167	382	1	1
326	382	1	1
326	385	1	1
379	385	1	1
40	387	1	1
151	387	1	1
43	389	1	1
117	389	1	1
326	389	1	1
205	396	1	1
208	396	1	1
54	399	1	1
67	399	1	1
152	399	1	1
255	399	1	1
111	409	1	1
230	411	1	1
316	412	1	1
299	416	1	1
102	418	1	1
282	418	1	1
335	419	1	1
81	429	1	1
167	429	1	1
350	429	2	1
167	439	1	1
215	439	1	1
313	439	1	1
131	442	1	1
139	442	1	1
214	442	1	1
219	442	1	1
228	442	1	1
325	463	1	1
51	470	1	1
325	470	1	1
355	481	1	1
22	497	1	1
100	497	1	1
326	497	1	1
112	499	1	1
325	499	1	1
83	501	1	1
53	506	1	1
83	507	1	1
325	507	1	1
253	524	1	1
93	525	1	1
215	525	1	1
326	525	1	1
4	533	1	1
51	533	1	1
253	533	2	1
320	533	1	1
325	533	1	1
362	533	1	1
63	574	1	1
111	574	1	1
326	574	1	1
359	574	1	1
298	612	1	1
325	612	1	1
381	612	1	1
100	620	1	1
167	620	1	1
325	623	1	1
211	624	1	1
166	626	1	1
253	627	2	1
5	629	1	1
166	629	1	1
51	643	1	1
325	643	1	1
336	643	1	1
345	643	1	1
350	643	1	1
261	653	1	1
269	654	1	1
336	655	1	1
377	655	1	1
325	658	1	1
128	660	1	1
208	660	1	1
219	660	1	1
323	660	1	1
35	676	1	1
315	676	1	1
316	676	1	1
351	676	1	1
167	679	1	1
328	679	1	1
295	681	1	1
325	681	1	1
359	681	1	1
78	699	1	1
215	699	1	1
243	699	1	1
317	699	1	1
353	699	1	1
355	699	2	1
78	704	1	1
320	704	1	1
195	705	1	1
259	708	1	1
328	708	1	1
350	708	1	1
134	709	1	1
29	710	1	1
142	710	1	1
287	710	1	1
313	710	1	1
331	710	1	1
337	719	1	1
359	724	1	1
66	726	1	1
131	726	1	1
170	726	1	1
208	726	1	1
326	726	1	1
337	726	1	1
339	726	1	1
357	726	1	1
148	738	1	1
201	738	1	1
84	743	2	1
167	743	1	1
178	743	1	1
362	743	1	1
40	745	1	1
211	745	2	1
215	745	1	1
355	745	1	1
268	748	1	1
369	748	1	1
138	760	1	1
208	767	1	1
342	767	1	1
74	775	1	1
139	775	1	1
167	775	1	1
230	779	1	1
20	781	1	1
230	781	1	1
56	783	1	1
167	805	1	1
285	805	1	1
117	833	1	1
215	835	1	1
260	858	1	1
135	887	1	1
93	921	1	1
201	921	1	1
219	921	1	1
21	923	1	1
276	925	1	1
167	927	1	1
211	929	1	1
274	929	1	1
102	930	1	1
132	930	1	1
332	930	1	1
110	983	1	1
131	983	1	1
167	983	1	1
362	983	1	1
345	1000	1	1
229	1002	1	1
333	1002	1	1
140	1003	1	1
102	1004	1	1
102	1005	1	1
134	1005	1	1
296	1005	1	1
111	1022	1	1
253	1022	1	1
345	1022	1	1
27	1023	1	1
368	1023	1	1
67	1024	1	1
326	1024	1	1
46	1028	1	1
132	1029	2	1
172	1029	1	1
362	1029	1	1
18	1032	1	1
111	1032	1	1
290	1032	1	1
367	1032	1	1
167	1041	1	1
253	1073	1	1
324	1073	1	1
368	1073	1	1
355	1080	1	1
210	1082	1	1
130	1084	1	1
54	1089	1	1
120	1089	1	1
378	1089	1	1
7	1094	1	1
211	1094	1	1
324	1094	1	1
276	1098	1	1
167	1099	1	1
37	1103	1	1
144	1103	1	1
211	1103	2	1
246	1103	1	1
376	1103	1	1
309	1105	1	1
360	1116	1	1
288	1120	1	1
97	1123	1	1
367	1123	1	1
377	1123	1	1
296	1130	1	1
4	1136	1	1
208	1136	1	1
162	1146	1	1
285	1146	1	1
335	1146	1	1
80	1155	1	1
326	1156	1	1
253	1174	1	1
308	1174	1	1
201	1175	1	1
263	1175	1	1
326	1175	1	1
56	1176	1	1
106	1176	1	1
368	1176	1	1
10	1189	1	1
172	1189	1	1
271	1189	1	1
336	1189	1	1
350	1189	1	1
167	1201	1	1
362	1207	1	1
113	1212	1	1
206	1212	1	1
236	1212	1	1
265	1212	1	1
296	1212	1	1
337	1212	1	1
93	1213	1	1
100	1213	1	1
335	1213	1	1
165	1221	1	1
326	1221	1	1
167	1234	1	1
82	1243	1	1
207	1243	1	1
335	1260	1	1
30	1261	1	1
146	1261	1	1
30	1262	1	1
146	1262	1	1
90	1263	1	1
111	1263	1	1
220	1263	1	1
268	1263	1	1
282	1263	1	1
25	1269	1	1
67	1269	1	1
128	1269	1	1
131	1269	1	1
195	1269	1	1
241	1269	1	1
254	1269	1	1
21	1279	1	1
167	1279	1	1
357	1279	1	1
361	1279	1	1
104	1282	1	1
104	1286	1	1
202	1286	1	1
140	1296	1	1
167	1296	1	1
326	1296	2	1
104	1298	1	1
211	1298	1	1
254	1298	1	1
59	1301	1	1
326	1301	1	1
351	1301	1	1
37	1312	1	1
37	1315	1	1
108	1317	1	1
126	1317	1	1
290	1317	2	1
123	1318	1	1
326	1320	1	1
360	1320	1	1
31	1338	1	1
174	1354	1	1
335	1354	1	1
121	1362	1	1
306	1362	1	1
326	1362	1	1
67	1373	1	1
177	1375	1	1
310	1375	1	1
208	1385	1	1
351	1385	1	1
352	1397	1	1
202	1406	1	1
249	1406	1	1
269	1406	1	1
275	1407	1	1
56	1409	1	1
90	1409	1	1
167	1409	1	1
216	1409	1	1
72	1411	1	1
90	1411	1	1
131	1411	1	1
326	1411	1	1
350	1411	1	1
244	1414	1	1
162	1416	1	1
37	1417	1	1
80	1417	1	1
64	1421	1	1
43	1423	1	1
211	1423	1	1
143	1434	1	1
165	1434	1	1
334	1434	1	1
253	1486	1	1
369	1486	1	1
90	1511	1	1
167	1511	1	1
21	1537	1	1
25	1537	1	1
167	1537	1	1
241	1551	1	1
242	1551	1	1
330	1551	1	1
82	1553	1	1
140	1553	1	1
219	1553	1	1
330	1553	1	1
103	1557	1	1
165	1557	1	1
167	1557	1	1
113	1559	1	1
21	1560	1	1
283	1560	1	1
41	1562	1	1
132	1562	1	1
174	1562	1	1
182	1562	1	1
269	1562	1	1
46	1563	1	1
58	1563	1	1
81	1563	1	1
134	1563	1	1
215	1563	1	1
326	1563	1	1
208	1565	1	1
324	1565	1	1
297	1570	1	1
50	1575	1	1
75	1575	1	1
50	1576	1	1
75	1576	1	1
50	1577	1	1
75	1577	1	1
36	1581	1	1
241	1581	1	1
242	1581	1	1
330	1581	1	1
372	1581	1	1
150	1592	1	1
140	1594	1	1
169	1594	1	1
330	1594	1	1
335	1594	1	1
34	1610	1	1
215	1610	1	1
65	1618	1	1
234	1618	1	1
167	1635	1	1
27	1638	1	1
212	1638	1	1
36	1652	1	1
82	1652	1	1
140	1652	1	1
219	1652	1	1
330	1652	1	1
36	1655	1	1
36	1656	1	1
167	1656	1	1
36	1658	1	1
167	1658	1	1
204	1666	1	1
96	1673	1	1
206	1673	1	1
22	1676	1	1
131	1676	1	1
326	1676	1	1
167	1681	1	1
177	1681	1	1
310	1681	1	1
149	1688	1	1
50	1702	1	1
67	1702	1	1
307	1702	1	1
338	1702	1	1
159	1712	1	1
167	1713	1	1
203	1713	1	1
272	1714	1	1
24	1716	1	1
49	1716	1	1
328	1716	1	1
12	1721	1	1
105	1729	1	1
139	1729	1	1
343	1733	1	1
198	1737	1	1
211	1737	1	1
326	1737	1	1
369	1737	1	1
140	1738	1	1
167	1740	1	1
203	1740	1	1
246	1740	1	1
311	1740	1	1
167	1743	1	1
246	1743	1	1
311	1743	1	1
167	1751	1	1
246	1751	1	1
311	1751	1	1
79	1752	1	1
213	1752	1	1
373	1752	1	1
20	1753	1	1
161	1753	1	1
215	1753	1	1
72	1757	1	1
148	1757	1	1
357	1757	1	1
14	1767	1	1
167	1767	1	1
177	1767	1	1
245	1767	1	1
310	1767	1	1
67	1772	1	1
215	1772	1	1
165	1774	1	1
335	1774	1	1
56	1781	1	1
302	1781	1	1
208	1785	1	1
338	1859	1	1
351	1859	1	1
355	1859	1	1
217	1865	1	1
230	1865	1	1
82	1869	1	1
130	1869	1	1
146	1869	1	1
369	1869	1	1
190	1870	1	1
215	1870	1	1
326	1870	1	1
144	1890	1	1
261	1890	1	1
167	1893	1	1
268	1907	1	1
277	1907	1	1
293	1907	1	1
349	1907	1	1
56	1914	1	1
313	1914	1	1
167	1938	1	1
31	1948	1	1
121	1948	1	1
148	1948	2	1
215	1948	1	1
144	1953	1	1
169	1953	1	1
168	1954	1	1
174	1954	1	1
62	1957	1	1
203	1957	1	1
178	1960	1	1
313	1960	1	1
83	1963	1	1
119	1963	1	1
200	1963	1	1
207	1963	2	1
337	1963	1	1
77	1967	1	1
263	1967	4	1
302	1967	1	1
343	1967	1	1
5	1974	1	1
140	1974	1	1
151	1974	1	1
165	1974	1	1
190	1974	1	1
167	1977	1	1
269	1977	1	1
208	1981	1	1
324	1981	1	1
4	1984	1	1
350	1986	1	1
194	1987	1	1
198	1987	1	1
215	1987	1	1
253	1987	2	1
343	1987	1	1
145	1988	1	1
214	1988	1	1
217	1988	1	1
335	1988	1	1
349	1988	1	1
203	1991	1	1
208	1991	1	1
15	1993	1	1
107	1993	1	1
232	1993	1	1
327	1993	1	1
334	1993	1	1
144	1995	1	1
219	1995	1	1
349	1995	1	1
104	1996	1	1
186	1996	1	1
257	1996	1	1
313	1996	1	1
338	1996	1	1
350	1996	1	1
167	1999	1	1
302	1999	1	1
104	2002	1	1
147	2002	1	1
186	2002	1	1
313	2002	1	1
75	2004	1	1
313	2004	1	1
324	2004	1	1
53	2006	1	1
208	2006	1	1
302	2006	1	1
324	2006	1	1
362	2006	1	1
165	2007	1	1
351	2007	1	1
17	2015	1	1
215	2015	1	1
263	2015	1	1
13	2021	1	1
89	2021	1	1
215	2021	1	1
313	2021	1	1
20	2028	1	1
21	2028	1	1
208	2030	1	1
117	2056	1	1
230	2061	1	1
316	2064	1	1
167	2069	1	1
242	2069	1	1
167	2077	1	1
127	2078	1	1
20	2081	1	1
152	2081	1	1
154	2081	1	1
215	2081	2	1
256	2081	1	1
215	5	1	2
295	5	1	2
148	6	1	2
149	6	1	2
312	6	1	2
328	6	1	2
242	18	1	2
247	18	1	2
377	18	1	2
52	23	1	2
148	23	1	2
188	23	1	2
362	23	1	2
207	24	1	2
187	31	1	2
254	31	1	2
187	33	1	2
24	34	1	2
187	34	1	2
193	35	1	2
294	35	1	2
303	35	1	2
350	35	1	2
63	36	1	2
215	36	1	2
246	36	1	2
114	37	1	2
126	37	1	2
215	37	1	2
337	37	1	2
2	41	1	2
211	41	1	2
326	41	1	2
45	44	2	2
183	44	2	2
258	44	1	2
306	44	1	2
61	48	1	2
196	48	1	2
356	48	1	2
373	48	1	2
45	52	1	2
110	52	1	2
141	52	1	2
183	52	1	2
350	52	1	2
61	53	1	2
99	53	1	2
196	53	1	2
356	53	1	2
54	55	1	2
147	55	1	2
251	55	1	2
350	55	1	2
241	56	1	2
356	56	1	2
376	56	1	2
172	58	1	2
253	61	1	2
320	61	1	2
54	63	1	2
61	63	1	2
196	63	1	2
315	63	1	2
356	63	1	2
230	66	1	2
257	73	1	2
323	73	1	2
175	74	1	2
202	74	1	2
221	74	1	2
323	74	1	2
350	74	1	2
114	77	1	2
115	77	1	2
118	77	1	2
242	77	1	2
323	77	1	2
73	78	1	2
174	78	1	2
2	79	1	2
61	79	1	2
158	79	1	2
196	79	1	2
312	79	1	2
315	79	2	2
356	79	1	2
139	81	1	2
61	84	1	2
134	84	1	2
196	84	2	2
356	84	1	2
3	85	1	2
22	85	1	2
28	85	1	2
145	85	1	2
175	85	1	2
169	92	1	2
46	97	1	2
61	97	2	2
196	97	2	2
315	97	1	2
356	97	1	2
61	98	1	2
243	98	1	2
61	103	1	2
196	103	1	2
356	103	1	2
45	104	1	2
183	104	1	2
239	104	1	2
282	104	1	2
286	104	1	2
349	104	1	2
170	108	1	2
73	109	1	2
174	109	1	2
221	110	1	2
328	110	1	2
132	112	1	2
45	132	1	2
128	132	1	2
183	132	1	2
359	132	1	2
364	132	1	2
13	133	1	2
132	133	1	2
223	133	1	2
242	152	1	2
329	152	1	2
59	174	1	2
220	174	1	2
246	174	1	2
215	176	1	2
42	178	1	2
59	178	1	2
167	178	1	2
220	178	1	2
246	178	2	2
339	178	1	2
42	182	1	2
59	182	1	2
167	182	1	2
220	182	1	2
246	182	1	2
339	182	1	2
139	198	1	2
321	198	1	2
78	203	1	2
138	203	1	2
243	203	1	2
353	203	1	2
355	203	1	2
111	221	1	2
296	221	1	2
317	224	1	2
55	225	1	2
82	225	1	2
141	228	1	2
215	228	1	2
329	228	1	2
110	232	1	2
136	232	1	2
215	232	1	2
13	237	2	2
132	237	1	2
146	237	1	2
2	240	1	2
10	240	1	2
253	240	1	2
37	243	1	2
201	243	1	2
359	243	1	2
17	245	1	2
74	245	1	2
63	247	1	2
162	247	1	2
348	247	1	2
361	247	1	2
1	275	1	2
22	275	1	2
171	275	1	2
140	294	1	2
247	294	1	2
326	294	1	2
171	301	1	2
252	301	1	2
215	304	1	2
201	311	1	2
348	311	1	2
29	325	1	2
276	325	1	2
157	328	1	2
215	328	1	2
288	328	1	2
139	351	1	2
212	351	1	2
218	351	1	2
181	352	1	2
366	352	1	2
278	358	1	2
352	358	1	2
2	364	1	2
131	380	1	2
139	380	1	2
156	380	1	2
167	380	1	2
243	380	1	2
350	380	1	2
16	386	1	2
309	386	1	2
365	386	1	2
184	391	1	2
120	394	1	2
230	401	1	2
273	401	1	2
350	401	1	2
65	417	1	2
306	417	1	2
143	423	1	2
17	430	1	2
95	430	1	2
349	430	1	2
350	430	1	2
68	435	1	2
82	435	1	2
110	435	2	2
350	435	1	2
128	436	1	2
326	436	1	2
355	436	1	2
25	443	1	2
211	443	1	2
184	449	1	2
188	449	1	2
149	452	1	2
139	453	1	2
140	453	1	2
184	453	1	2
339	453	1	2
10	476	1	2
54	476	1	2
115	476	2	2
253	476	1	2
293	476	1	2
344	476	1	2
100	480	1	2
231	480	1	2
41	503	1	2
131	503	1	2
238	503	1	2
355	503	1	2
362	503	1	2
145	505	1	2
40	517	1	2
55	522	1	2
363	522	1	2
167	529	1	2
193	529	1	2
208	529	1	2
326	529	1	2
329	530	1	2
204	532	1	2
213	532	1	2
215	532	1	2
276	532	1	2
350	539	1	2
370	539	1	2
189	544	1	2
258	544	1	2
280	544	1	2
317	544	1	2
359	544	1	2
267	556	1	2
287	556	1	2
362	556	1	2
215	560	1	2
148	562	1	2
206	562	1	2
303	564	1	2
329	564	1	2
313	566	1	2
136	575	1	2
215	576	1	2
326	576	1	2
305	581	1	2
187	582	1	2
210	582	1	2
21	593	1	2
329	599	1	2
21	602	1	2
187	606	1	2
167	613	1	2
132	614	1	2
55	618	1	2
22	628	1	2
284	628	1	2
299	632	1	2
212	636	1	2
326	636	1	2
138	650	1	2
221	650	1	2
52	651	1	2
118	651	1	2
184	651	1	2
188	651	1	2
347	651	1	2
326	659	1	2
162	678	1	2
215	688	1	2
52	690	1	2
188	690	1	2
261	692	1	2
71	703	1	2
89	703	1	2
105	703	1	2
248	703	1	2
304	703	1	2
372	703	1	2
22	725	2	2
92	746	1	2
136	746	1	2
174	746	1	2
214	746	1	2
326	753	1	2
141	759	1	2
151	759	1	2
329	759	1	2
64	770	1	2
270	770	1	2
271	770	1	2
333	770	1	2
337	770	1	2
113	773	1	2
142	778	1	2
61	784	1	2
196	784	1	2
230	784	1	2
77	790	1	2
167	790	1	2
128	794	1	2
253	794	1	2
338	794	1	2
344	794	1	2
30	800	1	2
71	800	1	2
230	800	1	2
74	808	1	2
121	808	1	2
187	808	1	2
140	812	1	2
243	812	1	2
207	813	1	2
203	815	1	2
211	819	1	2
261	819	1	2
99	821	1	2
377	821	1	2
68	829	1	2
46	832	1	2
127	832	1	2
140	832	1	2
243	832	1	2
255	832	1	2
326	832	1	2
198	838	1	2
61	841	1	2
196	841	1	2
320	841	1	2
223	842	1	2
52	848	1	2
68	848	1	2
191	854	1	2
139	862	1	2
321	862	1	2
125	863	1	2
127	863	1	2
371	863	1	2
88	879	1	2
61	884	1	2
79	884	1	2
196	884	1	2
279	884	1	2
320	884	1	2
354	884	1	2
207	895	1	2
249	895	1	2
347	895	1	2
105	905	1	2
248	905	1	2
219	913	1	2
261	913	1	2
180	919	1	2
374	919	1	2
378	919	1	2
167	922	1	2
3	924	1	2
175	924	1	2
221	924	1	2
349	924	1	2
83	926	1	2
152	926	1	2
89	928	1	2
199	928	1	2
88	932	2	2
154	932	1	2
175	932	1	2
265	932	1	2
323	932	1	2
63	935	1	2
313	935	1	2
316	935	1	2
338	935	1	2
100	940	1	2
109	940	1	2
117	940	1	2
199	940	1	2
211	940	1	2
302	940	1	2
320	940	1	2
365	940	1	2
83	943	1	2
152	943	1	2
199	943	1	2
378	943	1	2
131	944	1	2
193	944	1	2
199	944	1	2
216	944	1	2
275	944	1	2
362	944	1	2
140	950	1	2
156	950	1	2
199	950	1	2
208	950	1	2
275	950	1	2
312	950	1	2
88	951	1	2
100	951	1	2
243	951	1	2
253	951	1	2
295	951	1	2
355	951	1	2
135	956	1	2
199	956	1	2
211	956	1	2
243	956	1	2
296	956	1	2
337	956	1	2
282	957	1	2
319	957	1	2
84	971	1	2
105	971	1	2
215	971	1	2
84	978	1	2
238	978	1	2
238	979	1	2
47	980	1	2
73	980	1	2
105	980	1	2
238	980	1	2
251	980	2	2
326	980	1	2
350	980	1	2
87	981	1	2
238	981	1	2
87	984	1	2
110	984	1	2
215	984	1	2
219	984	1	2
238	984	1	2
87	985	1	2
152	985	1	2
169	985	1	2
296	985	1	2
47	986	1	2
191	986	1	2
9	987	1	2
45	987	1	2
87	987	1	2
183	987	1	2
215	987	1	2
238	987	1	2
47	989	1	2
112	989	1	2
130	989	1	2
238	989	1	2
350	989	1	2
162	991	1	2
33	992	1	2
137	992	1	2
180	992	1	2
193	992	1	2
326	992	1	2
350	992	1	2
374	992	1	2
47	993	1	2
166	993	1	2
218	993	1	2
180	994	1	2
326	994	1	2
374	994	1	2
33	996	1	2
87	996	1	2
180	996	1	2
216	996	5	2
238	996	1	2
374	996	1	2
47	997	1	2
112	997	1	2
180	997	1	2
258	997	1	2
374	997	1	2
135	1013	1	2
167	1021	1	2
132	1034	1	2
326	1034	1	2
359	1034	1	2
123	1043	1	2
335	1044	1	2
337	1044	1	2
187	1045	1	2
254	1045	1	2
113	1046	1	2
250	1046	1	2
348	1046	1	2
54	1055	1	2
350	1055	1	2
362	1055	1	2
277	1056	1	2
369	1075	1	2
340	1106	1	2
67	1108	1	2
148	1108	1	2
42	1110	1	2
174	1110	1	2
197	1110	1	2
217	1110	1	2
237	1110	1	2
326	1110	2	2
340	1110	1	2
113	1114	1	2
134	1139	1	2
250	1139	1	2
1	1165	1	2
332	1165	1	2
146	1169	1	2
233	1169	1	2
215	1170	1	2
112	1211	1	2
167	1211	1	2
186	1211	1	2
368	1211	1	2
48	1247	1	2
238	1247	1	2
315	1254	1	2
111	1285	1	2
261	1285	1	2
177	1295	1	2
310	1295	1	2
340	1295	1	2
64	1304	1	2
308	1305	1	2
230	1310	1	2
306	1310	1	2
43	1404	1	2
316	1404	1	2
326	1404	1	2
243	1412	1	2
46	1415	1	2
362	1415	1	2
117	1432	1	2
167	1435	1	2
352	1435	1	2
200	1453	1	2
284	1453	1	2
16	1477	1	2
152	1478	1	2
215	1478	1	2
74	1495	1	2
131	1510	1	2
73	1518	2	2
78	1520	1	2
146	1520	1	2
190	1520	1	2
230	1520	1	2
242	1520	1	2
371	1520	1	2
140	1546	1	2
303	1546	1	2
57	1584	1	2
83	1584	1	2
308	1584	1	2
134	1585	1	2
208	1585	1	2
295	1585	1	2
357	1585	1	2
208	1593	1	2
248	1593	1	2
376	1593	1	2
274	1601	1	2
282	1601	1	2
148	1615	1	2
204	1626	1	2
211	1626	1	2
362	1626	1	2
167	1646	1	2
253	1646	1	2
328	1646	1	2
350	1646	2	2
362	1646	1	2
349	1651	1	2
191	1663	1	2
375	1665	1	2
378	1665	1	2
185	1667	1	2
326	1667	1	2
103	1672	1	2
335	1672	1	2
313	1690	1	2
340	1709	1	2
26	1711	1	2
167	1711	1	2
326	1778	1	2
334	1778	1	2
354	1783	1	2
326	1854	1	2
76	1860	1	2
120	1860	1	2
302	1860	1	2
76	1861	1	2
120	1861	1	2
302	1861	1	2
359	1861	1	2
105	1862	1	2
67	1863	1	2
326	1863	1	2
350	1867	1	2
263	1878	1	2
117	1882	1	2
230	1882	1	2
231	1882	1	2
67	1883	1	2
174	1883	2	2
67	1884	1	2
167	1884	1	2
174	1884	1	2
334	1884	1	2
126	1900	1	2
64	1931	1	2
338	1931	1	2
219	1937	1	2
271	1937	1	2
283	1937	1	2
288	1937	1	2
162	1943	1	2
364	1943	1	2
166	1952	1	2
366	1965	1	2
124	1972	1	2
173	1972	1	2
296	1972	1	2
129	2011	1	2
124	2022	1	2
129	2022	1	2
243	2022	1	2
313	2022	1	2
129	2024	1	2
131	2024	1	2
362	2032	1	2
139	2039	1	2
239	2039	1	2
326	2048	1	2
329	2053	1	2
350	2053	1	2
64	2060	1	2
177	2060	1	2
310	2060	1	2
312	2060	1	2
56	2079	1	2
89	2079	1	2
125	2079	1	2
201	2079	1	2
313	2079	1	2
319	10	1	3
354	10	1	3
381	10	1	3
155	11	1	3
328	11	1	3
22	13	1	3
30	13	1	3
148	13	1	3
308	13	1	3
326	13	1	3
99	14	1	3
167	14	1	3
229	14	1	3
132	32	1	3
205	32	1	3
316	32	1	3
159	39	1	3
174	39	1	3
296	39	1	3
300	39	1	3
122	45	1	3
132	45	1	3
172	45	1	3
253	45	1	3
314	45	1	3
354	45	1	3
362	45	1	3
59	49	1	3
243	49	1	3
264	49	1	3
326	49	1	3
296	51	1	3
111	67	1	3
148	67	1	3
284	67	1	3
326	67	1	3
30	70	1	3
146	70	1	3
173	70	1	3
223	70	1	3
254	70	1	3
63	80	1	3
263	80	1	3
215	96	1	3
346	96	1	3
206	124	1	3
211	124	1	3
285	124	1	3
313	124	1	3
145	144	1	3
373	144	1	3
349	147	1	3
353	147	1	3
362	147	1	3
156	153	1	3
241	155	1	3
2	172	1	3
243	172	2	3
16	189	1	3
22	189	1	3
170	189	1	3
208	189	1	3
219	189	1	3
335	189	1	3
337	189	1	3
21	193	1	3
117	193	1	3
279	193	1	3
354	193	1	3
74	199	1	3
139	199	1	3
144	199	1	3
158	199	2	3
100	206	1	3
219	206	1	3
167	212	1	3
11	217	1	3
326	217	1	3
38	218	1	3
94	218	1	3
100	218	1	3
159	218	1	3
34	235	1	3
197	235	1	3
191	246	1	3
167	268	1	3
224	268	1	3
261	270	1	3
350	270	1	3
208	273	1	3
130	277	1	3
273	278	1	3
130	279	1	3
73	285	2	3
328	285	1	3
350	285	1	3
49	310	1	3
165	310	1	3
167	310	1	3
268	310	1	3
277	310	1	3
91	316	1	3
128	316	1	3
354	316	1	3
167	335	1	3
177	335	1	3
245	335	1	3
310	335	1	3
35	342	1	3
126	342	1	3
217	342	1	3
354	342	1	3
34	359	1	3
317	359	1	3
335	359	1	3
364	359	1	3
215	366	1	3
112	376	1	3
172	376	1	3
215	376	1	3
362	376	2	3
114	395	1	3
255	395	1	3
148	400	1	3
211	402	1	3
232	402	1	3
348	402	1	3
198	408	1	3
211	408	1	3
50	413	1	3
54	413	1	3
32	420	1	3
351	420	1	3
148	421	1	3
271	421	1	3
360	421	1	3
148	424	1	3
271	424	1	3
360	424	1	3
131	427	1	3
250	427	1	3
337	427	1	3
357	427	1	3
215	428	1	3
100	441	1	3
362	441	1	3
74	455	1	3
215	459	1	3
350	471	1	3
362	471	1	3
167	472	1	3
302	472	1	3
326	472	1	3
97	478	1	3
25	488	1	3
167	488	1	3
46	495	1	3
51	495	1	3
83	495	1	3
102	498	1	3
203	498	1	3
85	509	1	3
115	509	1	3
263	509	1	3
85	512	1	3
115	512	1	3
263	512	1	3
86	523	1	3
263	523	1	3
85	526	1	3
86	526	1	3
154	526	1	3
263	526	1	3
85	531	1	3
86	531	1	3
263	531	1	3
211	536	1	3
327	536	1	3
86	542	1	3
326	542	1	3
85	545	1	3
86	545	1	3
263	545	1	3
85	546	1	3
86	546	1	3
263	546	1	3
85	549	1	3
86	549	1	3
85	553	1	3
86	553	1	3
263	553	1	3
346	553	1	3
85	555	1	3
86	555	1	3
115	555	2	3
326	555	2	3
85	557	1	3
86	557	1	3
115	557	1	3
85	558	1	3
86	558	1	3
115	558	1	3
10	559	1	3
85	559	1	3
86	559	1	3
85	561	1	3
86	561	1	3
115	561	1	3
85	563	1	3
86	563	1	3
115	563	2	3
85	565	1	3
86	565	1	3
85	567	1	3
86	567	1	3
115	567	1	3
85	568	1	3
86	568	1	3
115	568	1	3
85	569	1	3
86	569	1	3
132	569	1	3
85	570	1	3
86	570	1	3
85	571	1	3
86	571	1	3
134	571	1	3
85	572	1	3
86	572	1	3
85	584	1	3
86	584	1	3
347	584	1	3
14	585	1	3
22	585	1	3
85	585	1	3
86	585	1	3
115	585	1	3
169	585	1	3
206	585	1	3
263	585	1	3
86	587	1	3
115	587	1	3
215	587	1	3
263	587	1	3
85	588	1	3
86	588	1	3
115	588	1	3
263	588	1	3
85	589	1	3
86	589	1	3
206	589	1	3
362	589	1	3
85	592	1	3
86	592	1	3
372	592	2	3
85	595	1	3
86	595	1	3
206	595	1	3
85	597	1	3
86	597	1	3
263	597	2	3
85	600	1	3
86	600	1	3
148	600	1	3
85	601	1	3
86	601	1	3
115	601	1	3
138	601	1	3
212	601	1	3
214	601	1	3
219	601	1	3
326	601	1	3
85	609	1	3
86	609	1	3
115	609	1	3
85	610	1	3
86	610	1	3
71	611	1	3
381	611	1	3
85	615	1	3
86	615	1	3
85	616	1	3
86	616	1	3
85	637	1	3
86	637	1	3
326	637	1	3
343	637	1	3
85	640	1	3
86	640	1	3
115	640	2	3
85	641	1	3
86	641	1	3
85	646	1	3
86	646	1	3
85	647	1	3
86	647	1	3
85	649	1	3
86	649	1	3
263	649	1	3
326	649	1	3
85	664	1	3
86	664	1	3
165	664	1	3
271	664	1	3
11	668	1	3
85	668	1	3
86	668	1	3
377	668	1	3
13	669	1	3
237	669	1	3
264	669	1	3
10	670	1	3
78	670	1	3
344	670	1	3
353	670	1	3
128	673	1	3
131	673	1	3
194	680	1	3
313	680	1	3
233	683	1	3
326	683	1	3
364	683	1	3
295	684	1	3
336	684	1	3
2	697	1	3
296	697	1	3
302	697	1	3
338	697	1	3
62	706	1	3
359	733	1	3
360	733	1	3
2	737	1	3
243	737	1	3
296	737	1	3
307	737	1	3
54	739	1	3
126	739	1	3
323	739	2	3
361	739	1	3
375	739	1	3
29	744	1	3
26	751	1	3
270	751	1	3
88	763	1	3
137	763	2	3
167	763	1	3
280	763	1	3
128	764	1	3
243	764	1	3
337	764	1	3
351	764	1	3
128	780	2	3
134	780	1	3
147	780	1	3
208	780	1	3
335	780	1	3
190	787	1	3
25	791	1	3
76	791	1	3
139	791	1	3
167	791	1	3
326	791	1	3
321	799	1	3
354	799	1	3
114	804	1	3
174	804	1	3
215	804	1	3
316	804	1	3
26	817	1	3
235	817	1	3
238	840	1	3
91	843	1	3
174	843	1	3
106	844	1	3
167	844	1	3
350	846	1	3
13	859	1	3
111	859	1	3
148	859	1	3
105	860	1	3
10	861	1	3
223	861	1	3
253	861	1	3
302	861	1	3
22	864	1	3
92	864	1	3
296	864	1	3
313	864	1	3
354	864	1	3
56	865	1	3
148	865	1	3
349	865	1	3
91	871	1	3
230	873	1	3
174	874	1	3
144	880	1	3
174	880	1	3
268	880	1	3
122	881	1	3
286	881	1	3
289	881	1	3
91	882	1	3
284	882	1	3
105	883	1	3
54	888	1	3
237	888	1	3
326	888	1	3
173	890	1	3
230	890	1	3
91	894	1	3
136	894	1	3
237	894	1	3
140	896	1	3
215	896	1	3
350	896	1	3
373	896	1	3
83	898	1	3
369	898	1	3
21	900	1	3
73	900	1	3
91	900	1	3
152	900	1	3
251	900	1	3
308	901	1	3
259	903	1	3
13	904	1	3
88	904	1	3
143	904	1	3
145	904	1	3
177	904	1	3
310	904	1	3
326	904	1	3
362	904	1	3
120	906	1	3
202	906	1	3
312	906	1	3
349	906	1	3
132	908	1	3
283	908	1	3
326	908	1	3
113	909	1	3
137	909	99	3
158	911	1	3
332	911	1	3
362	917	1	3
202	931	1	3
286	931	1	3
50	949	1	3
241	949	1	3
91	953	1	3
154	953	1	3
91	954	1	3
154	954	1	3
326	964	1	3
366	964	1	3
326	965	1	3
358	965	1	3
230	967	1	3
4	968	1	3
132	968	1	3
174	974	1	3
224	974	1	3
67	975	1	3
224	975	1	3
148	1012	1	3
114	1015	1	3
259	1015	1	3
23	1016	1	3
97	1016	1	3
236	1016	1	3
24	1017	1	3
296	1017	1	3
367	1017	1	3
215	1031	1	3
250	1031	1	3
228	1035	1	3
279	1035	1	3
76	1037	1	3
178	1037	1	3
231	1037	1	3
58	1038	1	3
357	1038	1	3
363	1038	1	3
22	1042	1	3
253	1042	1	3
193	1051	1	3
358	1051	1	3
265	1053	1	3
285	1053	1	3
337	1053	1	3
2	1059	1	3
123	1059	1	3
126	1060	1	3
251	1060	1	3
274	1060	1	3
280	1060	1	3
285	1060	1	3
350	1060	1	3
212	1061	1	3
215	1061	1	3
26	1063	2	3
290	1063	1	3
2	1064	1	3
166	1064	1	3
9	1065	1	3
215	1065	1	3
146	1071	1	3
233	1071	1	3
30	1076	1	3
146	1076	1	3
343	1077	1	3
347	1077	1	3
2	1100	1	3
123	1100	1	3
264	1100	1	3
306	1109	1	3
279	1115	1	3
29	1117	1	3
181	1117	1	3
292	1117	1	3
326	1117	1	3
366	1117	1	3
82	1121	1	3
131	1121	1	3
362	1121	1	3
40	1126	1	3
362	1128	1	3
11	1129	1	3
171	1129	1	3
64	1132	1	3
302	1132	1	3
259	1133	1	3
40	1134	1	3
253	1135	1	3
308	1142	1	3
296	1147	2	3
79	1149	1	3
326	1149	1	3
67	1150	1	3
91	1151	1	3
136	1151	1	3
167	1153	1	3
263	1153	1	3
269	1153	1	3
307	1153	1	3
17	1158	1	3
92	1158	1	3
174	1158	1	3
326	1158	1	3
376	1158	1	3
221	1160	1	3
50	1162	1	3
208	1162	1	3
211	1162	1	3
221	1162	1	3
231	1162	1	3
324	1162	1	3
368	1162	1	3
21	1167	1	3
67	1167	1	3
236	1167	1	3
252	1168	1	3
285	1168	1	3
63	1172	1	3
123	1172	1	3
279	1172	1	3
326	1173	1	3
148	1180	2	3
326	1180	1	3
369	1180	3	3
210	1182	1	3
307	1182	1	3
308	1182	1	3
326	1182	1	3
315	1183	1	3
88	1184	1	3
145	1184	1	3
167	1184	1	3
326	1184	1	3
362	1184	1	3
77	1185	1	3
203	1185	1	3
89	1187	1	3
138	1187	1	3
326	1187	2	3
30	1193	1	3
326	1193	1	3
360	1193	2	3
57	1194	1	3
167	1194	1	3
215	1194	1	3
190	1195	1	3
201	1195	1	3
326	1195	1	3
111	1205	1	3
236	1205	1	3
206	1206	1	3
217	1206	2	3
312	1206	1	3
21	1217	1	3
283	1217	1	3
351	1217	1	3
256	1223	1	3
64	1231	1	3
326	1231	1	3
231	1240	1	3
253	1240	1	3
350	1240	1	3
341	1244	1	3
326	1246	1	3
12	1248	1	3
302	1248	1	3
189	1249	1	3
190	1249	1	3
313	1249	1	3
326	1249	1	3
211	1250	1	3
12	1252	1	3
56	1255	1	3
131	1255	1	3
280	1255	1	3
314	1255	1	3
326	1255	1	3
362	1255	1	3
360	1257	1	3
189	1258	1	3
313	1258	1	3
132	1259	1	3
134	1259	1	3
229	1259	1	3
309	1264	1	3
148	1267	1	3
253	1267	1	3
267	1267	1	3
321	1267	1	3
83	1271	1	3
109	1271	1	3
256	1271	1	3
270	1271	1	3
362	1271	1	3
375	1272	1	3
201	1273	1	3
111	1277	1	3
206	1277	1	3
64	1281	1	3
68	1281	1	3
158	1281	1	3
255	1281	1	3
350	1281	1	3
142	1292	1	3
272	1292	1	3
111	1308	1	3
292	1308	1	3
167	1311	1	3
215	1311	1	3
79	1319	1	3
362	1322	1	3
158	1326	1	3
159	1326	1	3
312	1326	1	3
18	1330	1	3
167	1330	1	3
171	1330	1	3
326	1330	1	3
369	1330	1	3
67	1333	1	3
121	1333	1	3
165	1333	1	3
215	1333	1	3
285	1333	1	3
148	1335	1	3
308	1335	1	3
134	1339	1	3
335	1339	1	3
337	1339	1	3
362	1340	1	3
326	1345	1	3
30	1351	1	3
146	1351	1	3
309	1352	1	3
263	1353	1	3
302	1353	1	3
357	1353	1	3
131	1356	1	3
105	1359	1	3
157	1359	2	3
262	1359	1	3
362	1359	1	3
365	1359	1	3
21	1364	1	3
285	1364	1	3
351	1364	1	3
49	1367	1	3
99	1367	1	3
268	1382	1	3
57	1391	1	3
84	1391	1	3
238	1391	1	3
255	1391	1	3
326	1391	1	3
54	1393	1	3
208	1393	1	3
308	1393	1	3
148	1395	1	3
10	1399	1	3
189	1413	1	3
91	1424	1	3
326	1424	1	3
347	1424	1	3
118	1444	1	3
189	1444	1	3
193	1444	1	3
305	1444	1	3
323	1444	1	3
143	1448	1	3
165	1448	1	3
3	1449	1	3
175	1449	1	3
230	1449	1	3
119	1457	1	3
249	1457	1	3
2	1459	1	3
326	1459	1	3
351	1459	1	3
202	1462	1	3
108	1463	1	3
118	1463	1	3
145	1463	1	3
167	1468	1	3
254	1468	1	3
226	1476	1	3
167	1481	1	3
352	1484	1	3
22	1498	1	3
190	1498	1	3
298	1498	1	3
326	1498	1	3
362	1498	1	3
35	1499	1	3
76	1499	1	3
215	1499	1	3
293	1499	1	3
161	1501	1	3
96	1502	1	3
326	1502	2	3
288	1504	1	3
327	1504	1	3
354	1506	1	3
167	1509	1	3
313	1516	1	3
140	1517	1	3
326	1517	1	3
167	1525	1	3
274	1525	1	3
326	1525	1	3
167	1526	1	3
190	1539	1	3
326	1539	1	3
377	1542	1	3
67	1544	1	3
335	1544	1	3
2	1549	1	3
65	1549	1	3
231	1549	1	3
30	1552	1	3
40	1552	1	3
146	1552	1	3
97	1554	1	3
233	1554	1	3
1	1568	1	3
94	1568	1	3
371	1568	1	3
94	1569	1	3
159	1569	1	3
119	1572	1	3
77	1573	1	3
293	1573	1	3
361	1573	1	3
14	1578	1	3
139	1578	1	3
144	1578	1	3
296	1580	1	3
61	1582	1	3
196	1582	1	3
326	1583	1	3
76	1589	1	3
105	1589	1	3
231	1589	1	3
251	1589	1	3
293	1589	2	3
254	1591	1	3
138	1597	1	3
304	1599	1	3
211	1600	1	3
235	1603	1	3
251	1603	1	3
335	1603	1	3
134	1604	1	3
177	1608	1	3
310	1608	1	3
117	1611	1	3
177	1612	1	3
310	1612	1	3
134	1614	1	3
245	1620	1	3
350	1629	1	3
211	1636	1	3
362	1641	1	3
114	1643	1	3
302	1643	1	3
35	1644	1	3
93	1644	1	3
137	1644	1	3
142	1645	1	3
326	1645	1	3
358	1645	1	3
59	1647	1	3
183	1647	1	3
139	1653	1	3
172	1653	1	3
215	1653	1	3
304	1653	1	3
362	1653	1	3
2	1654	1	3
125	1654	1	3
131	1654	2	3
139	1654	1	3
250	1654	1	3
320	1654	1	3
88	1659	1	3
29	1660	1	3
139	1660	1	3
131	1661	1	3
139	1661	2	3
347	1661	1	3
125	1662	1	3
139	1662	2	3
115	1664	1	3
131	1664	1	3
139	1664	1	3
157	1664	1	3
219	1664	1	3
114	1669	1	3
131	1669	1	3
139	1669	1	3
219	1669	1	3
262	1669	1	3
320	1669	1	3
165	1680	1	3
22	1693	1	3
167	1693	1	3
215	1693	1	3
238	1693	1	3
27	1695	1	3
208	1695	1	3
94	1704	1	3
148	1704	1	3
38	1706	1	3
123	1706	1	3
15	1708	1	3
281	1708	1	3
34	1730	1	3
73	1732	1	3
230	1732	1	3
243	1732	1	3
354	1732	1	3
302	1744	1	3
167	1747	1	3
177	1747	1	3
245	1747	1	3
310	1747	1	3
83	1770	1	3
88	1770	1	3
256	1770	2	3
288	1770	1	3
326	1770	1	3
66	1775	1	3
272	1775	1	3
151	1780	1	3
349	1780	1	3
88	1784	1	3
167	1786	1	3
285	1788	1	3
215	1789	1	3
215	1790	1	3
167	1792	1	3
288	1792	1	3
305	1792	1	3
110	1795	1	3
167	1795	1	3
326	1795	1	3
77	1805	1	3
97	1805	1	3
134	1805	1	3
215	1805	1	3
314	1805	1	3
326	1805	1	3
123	1813	1	3
178	1813	1	3
369	1813	1	3
26	1818	1	3
279	1818	1	3
42	1820	1	3
46	1820	1	3
167	1820	1	3
326	1820	1	3
167	1823	1	3
285	1823	1	3
302	1823	1	3
62	1831	1	3
111	1831	1	3
231	1831	1	3
253	1831	1	3
111	1850	1	3
67	1866	1	3
366	1866	1	3
166	1873	1	3
173	1879	1	3
139	1880	1	3
231	1880	1	3
326	1880	1	3
272	1887	1	3
168	1896	1	3
191	1908	1	3
302	1908	1	3
362	1918	1	3
128	1919	1	3
213	1919	1	3
115	1923	1	3
263	1923	1	3
102	1932	2	3
230	1940	1	3
279	1940	1	3
215	1941	1	3
202	1970	1	3
167	1979	1	3
229	1979	1	3
350	1979	1	3
301	2031	1	3
301	2036	1	3
309	2036	1	3
301	2037	1	3
211	2041	1	3
301	2041	1	3
375	2045	1	3
141	2047	1	3
350	2047	1	3
375	2047	1	3
67	2062	1	3
174	2062	1	3
326	2067	1	3
351	2067	1	3
360	2067	1	3
23	1	1	4
258	1	1	4
299	1	1	4
124	12	1	4
128	12	1	4
215	12	1	4
243	12	1	4
301	12	2	4
317	12	1	4
350	12	1	4
128	17	1	4
211	17	1	4
140	26	1	4
184	26	1	4
25	27	1	4
34	27	1	4
182	27	1	4
115	38	1	4
232	38	1	4
302	38	1	4
23	42	1	4
299	42	1	4
345	42	1	4
326	46	1	4
64	62	1	4
337	62	1	4
167	65	1	4
211	65	1	4
290	65	1	4
167	69	1	4
355	69	1	4
146	82	1	4
145	83	1	4
135	88	1	4
299	88	1	4
302	88	1	4
320	88	1	4
354	88	1	4
13	89	1	4
132	89	1	4
302	89	1	4
31	91	1	4
44	93	1	4
116	93	1	4
160	93	1	4
380	93	1	4
34	94	1	4
101	94	1	4
230	95	1	4
26	101	1	4
72	101	1	4
296	101	1	4
339	101	1	4
18	106	1	4
234	106	1	4
284	106	1	4
326	106	1	4
1	111	1	4
111	111	1	4
222	118	1	4
269	118	1	4
326	118	1	4
137	120	3	4
149	120	1	4
281	120	1	4
327	120	1	4
380	120	1	4
44	122	1	4
116	122	1	4
160	122	1	4
380	122	1	4
200	125	1	4
349	125	1	4
111	128	1	4
144	128	1	4
299	128	1	4
128	129	1	4
299	129	1	4
145	143	1	4
286	143	1	4
2	145	1	4
13	145	1	4
57	145	1	4
190	145	1	4
167	150	2	4
317	166	1	4
49	167	1	4
167	167	1	4
295	167	1	4
326	169	1	4
159	180	1	4
217	183	1	4
111	186	1	4
326	186	1	4
350	186	1	4
370	186	1	4
326	197	1	4
354	197	1	4
359	197	1	4
147	236	1	4
177	236	1	4
253	236	1	4
310	236	1	4
362	236	1	4
84	253	2	4
111	253	1	4
308	253	1	4
327	253	1	4
89	263	1	4
300	263	2	4
314	263	1	4
111	264	1	4
21	281	1	4
146	281	1	4
333	281	1	4
351	281	1	4
216	282	3	4
230	282	2	4
302	282	1	4
156	288	1	4
40	293	1	4
91	293	1	4
174	293	1	4
277	293	1	4
331	293	1	4
215	299	1	4
230	299	1	4
326	299	1	4
360	299	1	4
167	300	1	4
200	302	1	4
357	302	1	4
73	309	1	4
243	309	1	4
337	309	1	4
360	309	1	4
54	313	1	4
91	313	1	4
123	313	1	4
134	313	1	4
181	313	1	4
204	313	1	4
268	313	1	4
376	313	1	4
167	314	1	4
198	314	2	4
278	314	1	4
302	314	1	4
159	321	1	4
173	321	1	4
174	321	1	4
128	347	1	4
147	347	1	4
349	347	1	4
153	361	1	4
153	372	1	4
215	372	1	4
285	388	1	4
337	388	1	4
14	392	1	4
208	392	1	4
40	397	1	4
206	397	1	4
114	406	1	4
242	406	1	4
377	406	1	4
362	422	1	4
78	425	1	4
353	425	1	4
165	447	1	4
211	447	1	4
308	447	1	4
326	447	1	4
24	450	1	4
142	450	1	4
174	450	1	4
198	450	1	4
153	468	1	4
256	468	1	4
373	468	1	4
142	469	1	4
272	469	1	4
41	475	1	4
140	477	1	4
153	487	1	4
362	487	1	4
7	489	1	4
268	489	1	4
326	489	1	4
153	496	1	4
299	496	1	4
342	496	1	4
208	502	1	4
342	502	1	4
78	510	1	4
207	510	1	4
167	513	2	4
326	513	1	4
329	513	1	4
281	535	1	4
326	537	1	4
337	537	1	4
359	537	1	4
46	538	1	4
162	540	1	4
326	540	1	4
360	543	1	4
26	548	1	4
101	548	1	4
159	548	1	4
167	548	1	4
261	548	1	4
65	552	1	4
70	552	1	4
215	552	1	4
285	552	1	4
327	552	1	4
376	552	1	4
20	573	1	4
215	573	1	4
159	580	1	4
174	580	1	4
327	580	1	4
9	598	1	4
114	598	1	4
167	598	1	4
326	598	1	4
78	604	1	4
319	604	1	4
353	604	1	4
381	604	1	4
78	608	1	4
319	608	1	4
353	608	1	4
381	608	1	4
125	619	1	4
326	619	1	4
338	619	1	4
139	621	1	4
140	621	1	4
321	621	1	4
313	622	1	4
362	622	1	4
381	622	1	4
313	625	1	4
381	625	1	4
185	639	1	4
31	645	1	4
55	645	1	4
62	663	1	4
351	663	1	4
51	665	1	4
201	665	1	4
362	665	1	4
185	675	1	4
189	675	1	4
100	677	1	4
172	677	1	4
166	700	1	4
326	700	1	4
113	727	1	4
164	727	1	4
212	727	1	4
281	727	1	4
149	729	1	4
326	729	1	4
167	736	1	4
80	741	1	4
136	741	1	4
298	741	1	4
6	752	1	4
350	752	1	4
49	754	1	4
22	755	1	4
76	755	1	4
146	755	1	4
235	755	1	4
280	755	1	4
226	757	1	4
334	758	1	4
44	761	1	4
56	761	1	4
160	761	1	4
44	765	1	4
116	765	1	4
160	765	1	4
380	765	2	4
260	766	1	4
215	768	1	4
226	768	1	4
139	769	1	4
146	772	1	4
270	772	1	4
302	772	1	4
38	774	1	4
167	774	1	4
338	774	1	4
159	777	1	4
172	777	1	4
226	777	1	4
373	777	1	4
169	782	1	4
50	792	1	4
119	792	1	4
312	792	1	4
326	792	1	4
346	792	1	4
73	795	2	4
354	795	1	4
355	795	1	4
159	796	1	4
226	796	1	4
326	796	1	4
350	796	1	4
166	797	1	4
215	797	1	4
191	806	1	4
259	806	1	4
350	806	1	4
172	809	1	4
226	809	1	4
2	816	1	4
213	816	1	4
303	818	1	4
326	818	1	4
44	823	1	4
116	823	1	4
160	823	1	4
211	823	1	4
380	823	1	4
24	826	1	4
88	827	1	4
95	827	1	4
237	827	1	4
253	827	1	4
302	827	1	4
226	831	1	4
124	834	1	4
294	834	1	4
317	834	1	4
120	847	1	4
253	867	1	4
302	867	1	4
146	868	1	4
372	869	1	4
21	872	1	4
30	872	1	4
146	872	1	4
167	877	1	4
211	877	1	4
230	877	1	4
232	877	1	4
326	877	1	4
73	907	1	4
313	912	1	4
317	912	1	4
71	936	1	4
78	936	1	4
275	936	1	4
347	936	2	4
215	939	1	4
253	939	1	4
252	942	1	4
248	946	1	4
350	946	1	4
27	947	1	4
112	947	1	4
302	947	1	4
12	955	1	4
128	958	1	4
273	958	1	4
368	958	1	4
131	959	1	4
279	959	1	4
139	961	1	4
12	963	1	4
350	963	1	4
377	963	1	4
12	970	1	4
304	970	1	4
230	977	1	4
5	1006	1	4
350	1006	1	4
268	1026	1	4
30	1050	1	4
146	1050	1	4
288	1052	1	4
350	1052	1	4
367	1052	1	4
123	1062	1	4
177	1062	1	4
310	1062	1	4
207	1078	1	4
236	1079	1	4
96	1081	1	4
193	1081	1	4
211	1081	1	4
234	1081	1	4
316	1081	1	4
46	1083	1	4
350	1083	1	4
11	1088	1	4
233	1088	1	4
362	1088	1	4
67	1137	1	4
236	1137	1	4
92	1171	1	4
271	1171	1	4
167	1179	1	4
177	1179	1	4
310	1179	1	4
340	1179	1	4
95	1190	1	4
178	1190	1	4
318	1190	1	4
116	1192	1	4
236	1192	1	4
380	1192	2	4
137	1197	3	4
140	1199	1	4
236	1199	1	4
339	1199	1	4
380	1199	1	4
236	1200	1	4
344	1200	1	4
326	1204	1	4
103	1209	1	4
137	1209	3	4
236	1209	1	4
348	1209	1	4
174	1230	1	4
288	1230	1	4
179	1232	1	4
236	1232	1	4
82	1233	1	4
243	1233	1	4
179	1237	1	4
211	1237	1	4
367	1237	1	4
116	1238	1	4
179	1238	1	4
185	1238	1	4
236	1238	1	4
243	1238	1	4
308	1238	1	4
348	1238	1	4
350	1238	1	4
380	1238	2	4
116	1241	1	4
137	1241	3	4
173	1241	2	4
201	1241	1	4
343	1241	1	4
380	1241	1	4
380	1253	1	4
116	1256	1	4
179	1256	1	4
243	1256	1	4
296	1256	1	4
350	1256	2	4
380	1256	1	4
116	1266	1	4
174	1266	1	4
179	1266	1	4
211	1266	3	4
335	1266	1	4
342	1266	1	4
380	1266	1	4
66	1278	2	4
298	1278	1	4
360	1283	1	4
13	1299	1	4
54	1299	1	4
64	1299	1	4
190	1299	1	4
326	1299	1	4
343	1299	1	4
92	1324	2	4
148	1324	2	4
253	1324	1	4
352	1324	1	4
158	1341	1	4
236	1344	1	4
53	1346	1	4
179	1346	1	4
296	1346	1	4
23	1372	1	4
159	1381	1	4
273	1381	1	4
7	1410	1	4
40	1410	1	4
133	1410	1	4
166	1410	1	4
244	1410	1	4
261	1410	1	4
283	1410	1	4
335	1410	1	4
67	1433	1	4
166	1436	1	4
246	1436	1	4
348	1436	1	4
234	1440	1	4
243	1440	1	4
40	1445	2	4
133	1445	1	4
134	1445	1	4
174	1445	1	4
234	1445	1	4
244	1445	1	4
283	1445	1	4
376	1446	1	4
158	1450	1	4
294	1450	1	4
111	1454	1	4
137	1454	3	4
164	1454	1	4
326	1454	1	4
146	1455	1	4
174	1455	1	4
211	1455	1	4
216	1458	3	4
40	1460	1	4
137	1460	3	4
248	1460	1	4
300	1460	1	4
367	1460	1	4
215	1464	1	4
228	1464	2	4
300	1466	2	4
133	1471	1	4
244	1471	1	4
283	1471	1	4
16	1473	1	4
168	1473	1	4
211	1473	1	4
327	1473	1	4
149	1475	1	4
164	1475	1	4
241	1475	1	4
137	1479	3	4
177	1480	1	4
207	1480	1	4
326	1480	1	4
116	1483	1	4
122	1483	1	4
128	1483	1	4
268	1483	1	4
326	1483	1	4
338	1483	1	4
380	1483	1	4
74	1488	1	4
116	1488	1	4
209	1488	1	4
327	1488	1	4
348	1488	1	4
380	1488	1	4
9	1507	1	4
76	1507	1	4
159	1507	1	4
285	1507	1	4
338	1507	1	4
351	1507	1	4
350	1513	1	4
25	1514	1	4
167	1514	1	4
50	1522	1	4
91	1522	1	4
137	1522	3	4
147	1522	1	4
164	1522	1	4
178	1522	1	4
281	1522	1	4
116	1523	1	4
204	1523	1	4
313	1523	1	4
380	1523	1	4
164	1528	1	4
174	1528	1	4
320	1528	1	4
350	1528	1	4
159	1529	1	4
296	1529	1	4
81	1530	1	4
299	1530	1	4
326	1530	1	4
376	1530	1	4
164	1531	1	4
102	1533	1	4
215	1533	1	4
327	1533	1	4
81	1534	1	4
91	1536	2	4
284	1536	2	4
166	1545	1	4
201	1545	1	4
287	1545	1	4
353	1545	1	4
10	1595	1	4
326	1595	1	4
273	1607	1	4
38	1631	1	4
302	1631	1	4
146	1683	1	4
201	1683	1	4
115	1694	1	4
253	1694	1	4
344	1694	1	4
12	1705	1	4
279	1710	1	4
302	1710	1	4
313	1710	1	4
174	1749	1	4
206	1749	1	4
260	1760	1	4
269	1777	1	4
162	1787	1	4
48	1791	2	4
269	1791	1	4
339	1791	1	4
110	1793	1	4
208	1793	1	4
262	1793	1	4
318	1793	1	4
48	1796	1	4
339	1796	1	4
339	1798	1	4
30	1800	1	4
146	1800	1	4
368	1800	1	4
48	1801	1	4
267	1801	1	4
194	1802	1	4
152	1804	1	4
345	1804	1	4
194	1806	1	4
364	1806	1	4
376	1806	1	4
48	1807	1	4
108	1807	1	4
314	1809	1	4
48	1811	1	4
271	1811	1	4
6	1815	1	4
53	1815	1	4
6	1817	1	4
48	1817	1	4
339	1817	1	4
48	1819	1	4
7	1825	1	4
252	1825	1	4
53	1834	1	4
89	1838	1	4
162	1838	1	4
326	1845	1	4
157	1847	1	4
115	1852	1	4
126	1852	1	4
128	1852	1	4
208	1852	1	4
245	1852	1	4
289	1852	1	4
338	1852	1	4
10	1871	1	4
15	1874	1	4
107	1874	1	4
161	1874	1	4
268	1874	1	4
81	1876	1	4
361	1876	1	4
77	1885	1	4
109	1885	1	4
137	1885	1	4
335	1885	1	4
256	1897	1	4
373	1897	1	4
68	1958	1	4
80	1958	1	4
268	1959	1	4
145	1971	1	4
306	1971	1	4
289	1973	1	4
355	1973	1	4
191	1980	1	4
343	1980	1	4
132	1990	1	4
368	1990	1	4
372	2008	1	4
146	2034	1	4
203	2034	1	4
215	2034	2	4
337	2034	1	4
351	2034	1	4
22	2035	1	4
49	2035	1	4
50	2035	1	4
70	2035	1	4
165	2035	1	4
263	2035	1	4
338	2035	1	4
344	2035	1	4
167	2044	1	4
165	2049	1	4
284	2049	1	4
22	2055	1	4
167	2055	1	4
328	2055	1	4
326	2059	1	4
355	2059	1	4
111	2063	1	4
249	2063	1	4
178	2075	1	4
198	2075	1	4
218	2075	1	4
256	2075	1	4
280	2075	1	4
295	2075	1	4
351	2075	1	4
362	2075	2	4
377	2075	1	4
147	2084	1	4
335	2084	1	4
350	2084	1	4
313	7	1	5
34	9	1	5
131	9	1	5
331	9	1	5
59	16	1	5
322	21	1	5
235	22	1	5
155	30	1	5
167	30	1	5
294	30	2	5
303	30	1	5
167	43	1	5
294	43	1	5
158	59	1	5
34	64	1	5
134	64	1	5
336	64	1	5
350	64	1	5
376	64	1	5
166	68	1	5
167	68	1	5
38	100	1	5
166	100	1	5
221	100	1	5
323	100	1	5
354	100	1	5
22	116	1	5
247	116	1	5
276	116	1	5
22	123	1	5
71	123	1	5
140	123	1	5
166	123	1	5
247	123	1	5
370	123	1	5
73	138	1	5
134	138	1	5
152	138	1	5
206	138	1	5
350	138	1	5
23	140	1	5
128	140	1	5
6	148	1	5
218	148	1	5
148	160	1	5
231	160	1	5
296	160	1	5
52	184	1	5
256	184	1	5
145	195	1	5
140	204	1	5
167	208	1	5
219	223	1	5
253	223	1	5
8	239	1	5
8	244	1	5
94	244	1	5
362	244	1	5
8	256	1	5
16	256	1	5
5	258	1	5
46	258	2	5
229	258	2	5
173	259	1	5
261	259	1	5
312	262	1	5
10	269	1	5
37	269	1	5
87	269	1	5
139	269	1	5
280	269	1	5
326	269	1	5
8	286	1	5
350	286	1	5
8	296	1	5
26	296	1	5
98	296	1	5
132	329	1	5
132	334	1	5
349	340	1	5
355	340	1	5
111	341	1	5
167	341	1	5
14	343	1	5
23	343	1	5
156	343	1	5
191	343	1	5
215	343	1	5
288	343	1	5
335	343	1	5
8	353	1	5
139	353	1	5
212	356	1	5
218	356	1	5
261	356	1	5
372	356	1	5
21	365	1	5
117	365	1	5
68	373	1	5
211	373	1	5
159	381	1	5
177	381	1	5
253	381	1	5
310	381	1	5
68	384	1	5
351	384	1	5
91	404	1	5
18	405	1	5
170	405	1	5
211	405	1	5
350	405	1	5
127	407	1	5
173	407	1	5
317	407	1	5
131	433	1	5
344	433	1	5
376	433	1	5
316	440	1	5
261	444	1	5
317	444	1	5
261	445	1	5
317	445	1	5
215	485	1	5
275	485	1	5
302	485	1	5
162	486	1	5
215	486	1	5
326	486	1	5
351	494	1	5
40	500	1	5
115	500	1	5
115	518	1	5
115	520	1	5
118	527	1	5
371	527	1	5
243	554	1	5
273	554	1	5
296	554	1	5
1	579	1	5
127	579	1	5
131	579	1	5
178	579	1	5
267	648	1	5
53	667	1	5
230	667	1	5
208	685	2	5
215	685	2	5
215	694	1	5
341	702	1	5
350	720	1	5
326	730	1	5
341	730	1	5
350	730	1	5
359	730	1	5
215	734	1	5
250	734	1	5
331	734	1	5
243	735	1	5
326	735	1	5
51	740	1	5
167	750	1	5
230	750	1	5
287	750	1	5
289	750	1	5
326	750	1	5
162	789	1	5
197	789	1	5
263	807	1	5
131	811	1	5
326	811	1	5
132	822	1	5
322	822	1	5
15	837	1	5
107	837	1	5
304	837	1	5
338	837	1	5
248	839	1	5
243	857	1	5
70	876	1	5
211	876	1	5
225	876	1	5
230	876	1	5
94	878	1	5
111	878	1	5
159	878	1	5
296	878	1	5
352	878	1	5
371	878	1	5
135	914	1	5
316	914	1	5
337	914	1	5
171	915	1	5
373	915	1	5
286	945	1	5
350	945	2	5
379	945	1	5
348	952	1	5
95	990	1	5
333	990	1	5
351	990	1	5
379	998	1	5
114	999	1	5
281	999	1	5
326	999	1	5
99	1001	1	5
146	1001	1	5
147	1001	1	5
308	1007	1	5
17	1008	1	5
17	1009	1	5
211	1014	1	5
143	1033	1	5
165	1033	1	5
248	1033	1	5
105	1085	1	5
146	1085	1	5
233	1085	1	5
308	1085	1	5
359	1085	1	5
74	1101	1	5
215	1104	1	5
167	1112	1	5
177	1112	1	5
245	1112	1	5
310	1112	1	5
107	1113	1	5
174	1113	1	5
201	1113	1	5
326	1113	1	5
358	1113	1	5
30	1127	1	5
102	1127	1	5
146	1127	1	5
215	1127	1	5
230	1127	1	5
323	1161	1	5
350	1161	1	5
205	1164	1	5
215	1164	1	5
190	1166	1	5
236	1166	1	5
326	1166	1	5
350	1166	1	5
66	1202	1	5
122	1202	1	5
167	1202	1	5
170	1202	1	5
167	1203	1	5
177	1203	1	5
245	1203	1	5
310	1203	1	5
99	1216	1	5
326	1216	1	5
333	1216	1	5
67	1219	1	5
123	1219	1	5
166	1219	1	5
262	1228	1	5
108	1265	1	5
225	1265	1	5
22	1280	1	5
171	1280	1	5
285	1280	1	5
335	1280	1	5
350	1280	1	5
5	1294	1	5
324	1294	1	5
57	1309	1	5
230	1309	1	5
22	1332	2	5
350	1431	1	5
42	1503	1	5
167	1503	1	5
349	1503	1	5
315	1505	1	5
118	1508	1	5
175	1508	1	5
111	1596	1	5
225	1609	1	5
255	1609	1	5
349	1609	1	5
144	1623	1	5
208	1630	1	5
166	1674	1	5
201	1674	1	5
162	1675	1	5
214	1675	1	5
326	1675	1	5
366	1675	1	5
117	1677	1	5
174	1677	1	5
324	1678	1	5
43	1697	1	5
295	1697	1	5
322	1697	1	5
351	1697	1	5
300	1723	1	5
206	1735	1	5
255	1735	1	5
115	1758	1	5
175	1762	1	5
167	1763	1	5
281	1763	1	5
24	1768	1	5
134	1768	1	5
175	1768	1	5
123	1810	1	5
353	1810	1	5
264	1830	1	5
326	1830	1	5
76	1832	1	5
198	1832	1	5
321	1832	1	5
336	1832	1	5
128	1836	1	5
157	1836	1	5
253	1836	1	5
148	1837	1	5
190	1855	1	5
326	1855	1	5
323	1857	1	5
10	1858	1	5
41	1858	1	5
302	1889	1	5
147	1891	1	5
253	1891	1	5
256	1891	1	5
282	1891	1	5
344	1891	1	5
42	1892	1	5
211	1894	1	5
230	1894	1	5
313	1894	1	5
211	1901	1	5
167	1902	1	5
263	1902	1	5
326	1902	1	5
335	1906	1	5
362	1906	1	5
167	1909	1	5
234	1909	1	5
171	1911	1	5
265	1911	1	5
287	1911	1	5
350	1911	1	5
333	1916	1	5
351	1916	1	5
171	1917	1	5
265	1917	1	5
287	1917	1	5
350	1917	1	5
148	1920	1	5
167	1922	1	5
378	1927	1	5
155	1928	1	5
285	1928	1	5
350	1928	2	5
143	1936	1	5
154	1936	1	5
175	1936	2	5
202	1936	1	5
221	1936	1	5
326	1936	1	5
263	1939	1	5
110	1950	1	5
228	1950	1	5
303	1950	1	5
30	1955	1	5
146	1955	1	5
355	1962	1	5
66	1966	1	5
138	1966	1	5
326	1966	1	5
18	1978	1	5
137	1978	1	5
326	1978	1	5
339	1978	1	5
215	1983	1	5
108	1997	1	5
118	1997	1	5
167	1997	1	5
2	2018	1	5
175	2018	1	5
225	2020	1	5
162	2042	1	5
102	2043	1	5
355	2043	1	5
238	2050	1	5
350	2050	1	5
377	2050	1	5
139	2051	1	5
46	2052	1	5
167	2052	1	5
150	2068	1	5
194	2068	1	5
253	2068	1	5
167	2073	1	5
177	2073	1	5
245	2073	1	5
310	2073	1	5
317	410	1	6
190	578	1	6
354	578	1	6
313	1895	1	6
324	1895	1	6
362	1895	1	6
28	1905	1	6
139	1905	1	6
208	1905	1	6
145	60	1	7
316	117	1	7
67	272	1	7
326	272	1	7
149	383	1	7
318	383	1	7
326	383	1	7
113	434	1	7
25	460	1	7
53	674	1	7
105	674	1	7
132	674	1	7
25	756	1	7
75	756	1	7
216	756	1	7
348	756	1	7
102	762	1	7
211	762	2	7
299	762	1	7
326	762	1	7
341	762	1	7
355	762	1	7
138	814	1	7
208	814	1	7
2	824	1	7
256	824	1	7
238	836	1	7
332	836	1	7
355	836	1	7
241	902	1	7
27	918	1	7
136	918	1	7
231	1054	1	7
289	1054	1	7
26	1090	1	7
285	1090	1	7
308	1090	1	7
40	1092	1	7
211	1093	1	7
335	1102	1	7
103	1111	1	7
211	1111	1	7
132	1119	1	7
162	1119	1	7
212	1119	1	7
296	1140	1	7
167	1288	1	7
248	1288	1	7
257	1288	1	7
333	1288	1	7
326	1323	1	7
173	1328	1	7
174	1328	1	7
300	1328	1	7
336	1328	1	7
350	1328	1	7
359	1328	2	7
33	1386	1	7
352	1418	1	7
300	1443	1	7
354	1443	1	7
167	1515	1	7
177	1515	1	7
245	1515	1	7
310	1515	1	7
30	1548	1	7
110	1548	1	7
146	1548	1	7
333	1550	1	7
120	1633	1	7
274	1633	1	7
342	1634	1	7
350	1634	1	7
141	1648	1	7
174	1648	1	7
211	1648	1	7
230	1648	1	7
326	1648	1	7
355	1648	1	7
100	1650	1	7
136	1650	1	7
100	1679	2	7
318	1717	1	7
326	1717	1	7
346	1717	1	7
343	1731	1	7
215	1739	1	7
351	1739	1	7
360	1739	1	7
215	1741	1	7
124	1746	1	7
335	1748	1	7
30	1759	1	7
215	1766	1	7
246	1766	1	7
113	1849	1	7
115	1849	1	7
344	1849	1	7
279	1910	1	7
296	1910	1	7
350	1925	1	7
34	1946	1	7
77	1946	1	7
98	1946	1	7
326	1946	1	7
376	1946	1	7
136	2003	4	7
298	2003	1	7
135	4	1	8
161	4	1	8
215	4	1	8
296	4	1	8
326	4	1	8
358	4	2	8
253	136	1	8
313	136	1	8
341	136	1	8
350	136	1	8
25	146	1	8
350	146	1	8
119	168	1	8
322	168	1	8
351	168	1	8
107	200	1	8
142	200	1	8
172	200	1	8
296	200	1	8
96	202	1	8
274	207	1	8
350	207	1	8
132	215	1	8
234	215	1	8
349	231	1	8
371	231	1	8
215	238	1	8
140	241	1	8
355	241	1	8
42	252	1	8
264	254	1	8
7	257	1	8
265	257	1	8
195	267	1	8
182	323	1	8
141	330	1	8
149	330	1	8
369	338	1	8
373	338	1	8
106	339	1	8
326	350	1	8
28	363	1	8
125	363	1	8
150	363	1	8
232	363	1	8
294	363	1	8
193	367	1	8
281	367	1	8
348	367	1	8
361	367	1	8
317	371	1	8
75	377	1	8
230	377	1	8
294	377	1	8
72	378	1	8
305	378	1	8
74	390	1	8
131	390	1	8
154	390	1	8
37	393	1	8
105	393	1	8
131	393	1	8
248	393	1	8
167	398	1	8
212	426	1	8
267	426	1	8
342	432	1	8
82	437	1	8
150	451	1	8
190	451	1	8
282	451	1	8
304	451	1	8
325	461	1	8
32	467	1	8
111	467	1	8
279	467	1	8
261	492	1	8
335	492	1	8
78	493	1	8
353	493	1	8
141	514	1	8
167	514	1	8
326	514	1	8
88	515	1	8
252	515	1	8
324	528	1	8
215	547	1	8
272	547	1	8
338	547	1	8
357	547	1	8
61	635	1	8
78	635	1	8
320	635	1	8
188	652	1	8
279	652	1	8
215	662	1	8
106	707	1	8
364	707	1	8
106	712	1	8
106	716	1	8
78	731	1	8
82	731	1	8
320	731	1	8
46	776	1	8
22	785	1	8
139	785	1	8
326	785	1	8
363	785	1	8
113	786	1	8
236	786	1	8
284	786	1	8
326	786	2	8
113	788	1	8
350	793	1	8
74	801	1	8
99	802	1	8
118	803	1	8
2	825	1	8
22	825	1	8
37	825	1	8
148	825	1	8
211	825	1	8
289	825	1	8
70	828	1	8
314	828	1	8
167	845	1	8
162	853	1	8
292	853	1	8
138	856	1	8
172	856	1	8
211	856	1	8
215	856	1	8
363	856	1	8
167	870	1	8
70	875	1	8
349	875	1	8
13	933	1	8
50	933	1	8
313	933	1	8
167	938	1	8
296	1018	1	8
126	1025	1	8
13	1036	1	8
207	1036	1	8
246	1036	1	8
354	1036	1	8
139	1039	1	8
302	1039	1	8
326	1039	1	8
67	1040	1	8
172	1040	1	8
335	1040	1	8
357	1040	1	8
260	1066	1	8
111	1072	1	8
42	1086	1	8
72	1086	1	8
238	1086	1	8
254	1086	1	8
285	1086	1	8
326	1086	1	8
348	1086	2	8
355	1086	1	8
358	1086	1	8
69	1122	1	8
253	1122	1	8
67	1131	1	8
211	1143	1	8
32	1144	1	8
326	1144	1	8
358	1144	1	8
50	1408	1	8
217	1408	1	8
253	1408	1	8
49	1427	1	8
76	1427	1	8
359	1427	1	8
34	1428	1	8
215	1428	1	8
16	1492	1	8
350	1492	1	8
145	1493	1	8
326	1494	1	8
370	1494	1	8
148	1566	1	8
159	1567	1	8
296	1567	1	8
296	1587	1	8
336	1707	1	8
350	1707	2	8
80	1719	1	8
30	1769	1	8
146	1769	1	8
21	1782	1	8
111	1782	1	8
303	1782	1	8
147	1903	1	8
326	1903	1	8
359	1903	2	8
30	1904	1	8
165	1904	1	8
186	1904	2	8
65	1915	1	8
167	1915	1	8
268	1915	1	8
111	1924	1	8
186	1924	1	8
167	1934	1	8
257	1934	1	8
268	1934	1	8
326	1934	1	8
26	2001	1	8
290	2001	1	8
296	2001	1	8
351	2001	1	8
52	2016	1	8
89	2016	1	8
107	2016	1	8
304	2016	1	8
320	2016	1	8
247	2076	1	8
339	2076	1	8
376	2076	1	8
