5	6	1	0
226	6	1	0
234	6	1	0
241	6	1	0
244	6	1	0
249	6	1	0
226	12	1	0
339	12	1	0
499	12	1	0
5	14	1	0
173	14	1	0
263	14	1	0
5	16	1	0
22	16	1	0
226	16	1	0
234	16	1	0
241	16	1	0
244	16	1	0
249	16	1	0
525	16	1	0
226	20	1	0
339	20	1	0
427	20	1	0
226	22	1	0
494	22	1	0
3	23	1	0
149	23	2	0
219	23	1	0
388	23	1	0
461	23	1	0
16	28	1	0
205	28	1	0
226	28	1	0
244	28	1	0
249	28	1	0
464	28	1	0
5	41	1	0
226	41	1	0
234	41	1	0
237	41	1	0
241	41	1	0
244	41	1	0
249	41	1	0
323	41	1	0
226	42	1	0
339	42	1	0
441	42	1	0
8	46	2	0
179	46	1	0
226	46	1	0
431	46	1	0
465	46	1	0
226	48	1	0
315	48	1	0
5	81	1	0
8	81	1	0
86	81	1	0
261	81	1	0
323	81	1	0
450	81	1	0
498	81	1	0
525	81	1	0
19	92	1	0
185	92	1	0
226	92	1	0
525	92	1	0
207	96	1	0
346	96	1	0
63	97	1	0
367	97	1	0
525	97	1	0
5	110	1	0
226	110	1	0
234	110	1	0
237	110	1	0
241	110	1	0
244	110	1	0
249	110	1	0
323	110	1	0
119	115	1	0
171	115	2	0
241	115	1	0
257	115	1	0
429	115	1	0
226	117	1	0
391	117	1	0
16	121	1	0
119	121	1	0
138	121	1	0
241	121	1	0
431	121	1	0
447	121	1	0
517	121	1	0
115	133	1	0
217	133	1	0
221	133	1	0
273	133	1	0
278	133	1	0
367	133	1	0
416	133	1	0
481	133	1	0
493	133	1	0
494	133	1	0
5	137	1	0
63	137	1	0
226	137	1	0
234	137	1	0
241	137	1	0
244	137	1	0
249	137	1	0
323	137	1	0
339	137	1	0
5	139	1	0
171	139	1	0
226	139	1	0
234	139	1	0
241	139	2	0
244	139	1	0
249	139	1	0
179	152	1	0
226	152	1	0
215	162	1	0
226	162	1	0
328	162	1	0
414	162	1	0
171	170	1	0
195	170	1	0
261	170	1	0
262	170	1	0
297	170	1	0
429	170	1	0
5	174	1	0
226	174	1	0
234	174	1	0
241	174	1	0
244	174	1	0
249	174	1	0
339	174	1	0
66	176	1	0
232	176	1	0
238	176	1	0
353	176	1	0
356	176	1	0
522	176	1	0
31	180	1	0
79	180	1	0
207	180	1	0
367	180	1	0
398	180	1	0
479	180	1	0
486	180	1	0
514	185	1	0
514	186	1	0
207	188	1	0
252	188	1	0
351	188	1	0
5	195	1	0
226	195	1	0
234	195	1	0
237	195	1	0
241	195	1	0
244	195	1	0
249	195	1	0
323	195	1	0
226	215	1	0
338	215	1	0
350	215	1	0
5	222	1	0
226	222	1	0
234	222	1	0
237	222	1	0
241	222	1	0
244	222	1	0
249	222	1	0
323	222	1	0
269	228	1	0
343	228	1	0
525	260	1	0
184	268	1	0
204	268	1	0
367	268	1	0
434	268	1	0
502	284	1	0
5	297	1	0
226	297	1	0
234	297	1	0
241	297	1	0
244	297	1	0
249	297	1	0
525	297	1	0
297	310	1	0
298	310	1	0
410	310	1	0
501	310	1	0
5	341	1	0
84	341	1	0
226	341	1	0
234	341	1	0
241	341	1	0
244	341	1	0
249	341	1	0
5	342	1	0
226	342	1	0
234	342	1	0
237	342	1	0
241	342	1	0
244	342	1	0
249	342	1	0
323	342	1	0
5	352	1	0
226	352	1	0
228	352	1	0
234	352	1	0
241	352	1	0
244	352	1	0
249	352	1	0
450	352	1	0
42	357	1	0
154	357	1	0
218	357	1	0
278	357	1	0
337	357	1	0
440	357	1	0
82	364	1	0
422	364	1	0
503	364	1	0
344	402	1	0
47	425	1	0
405	425	1	0
410	441	1	0
493	441	1	0
5	442	1	0
226	442	1	0
234	442	1	0
241	442	1	0
244	442	1	0
249	442	1	0
5	449	1	0
226	449	1	0
234	449	1	0
237	449	1	0
241	449	1	0
244	449	1	0
249	449	1	0
323	449	1	0
5	473	1	0
226	473	1	0
234	473	1	0
241	473	1	0
244	473	1	0
249	473	1	0
255	473	1	0
5	485	1	0
226	485	1	0
234	485	1	0
237	485	1	0
241	485	1	0
244	485	1	0
249	485	1	0
323	485	1	0
278	517	1	0
66	529	1	0
273	529	1	0
356	529	1	0
436	529	1	0
219	534	1	0
226	534	1	0
447	534	1	0
23	536	1	0
5	543	1	0
226	543	1	0
234	543	1	0
241	543	1	0
244	543	1	0
249	543	1	0
278	544	1	0
410	544	1	0
450	544	1	0
226	545	1	0
328	545	1	0
127	547	2	0
222	547	1	0
232	547	1	0
270	547	1	0
444	547	1	0
486	547	1	0
336	552	1	0
470	552	1	0
1	562	1	0
269	562	1	0
450	562	1	0
23	566	1	0
184	572	1	0
413	572	1	0
493	572	1	0
11	577	1	0
241	577	1	0
505	577	1	0
149	580	1	0
264	601	1	0
114	603	1	0
127	603	1	0
264	603	1	0
436	603	1	0
410	610	1	0
5	623	1	0
226	623	1	0
234	623	1	0
241	623	1	0
244	623	1	0
249	623	1	0
5	644	1	0
226	644	1	0
234	644	1	0
241	644	2	0
244	644	1	0
249	644	1	0
24	650	1	0
196	650	1	0
462	650	1	0
226	660	1	0
241	660	1	0
264	660	1	0
277	660	1	0
447	660	1	0
5	666	1	0
226	666	1	0
234	666	1	0
241	666	1	0
244	666	1	0
249	666	1	0
273	670	1	0
339	671	1	0
450	671	1	0
486	671	1	0
300	672	1	0
362	672	1	0
161	687	1	0
239	687	1	0
343	687	1	0
397	687	1	0
450	687	1	0
10	693	1	0
493	693	1	0
223	695	1	0
472	695	1	0
23	734	1	0
232	734	1	0
450	734	1	0
486	759	1	0
9	764	1	0
16	764	1	0
226	764	1	0
253	764	1	0
226	770	1	0
278	770	1	0
10	773	1	0
198	773	1	0
257	773	1	0
5	798	1	0
226	798	1	0
234	798	1	0
237	798	1	0
241	798	1	0
244	798	1	0
249	798	1	0
323	798	1	0
358	798	1	0
208	799	1	0
423	799	1	0
461	799	1	0
470	799	1	0
198	802	1	0
226	802	1	0
240	802	1	0
273	802	1	0
347	802	1	0
79	822	1	0
475	830	1	0
487	830	1	0
5	841	1	0
150	841	1	0
378	841	1	0
475	841	1	0
5	853	1	0
226	853	1	0
234	853	1	0
241	853	1	0
244	853	1	0
249	853	1	0
323	853	1	0
473	853	1	0
475	862	1	0
64	887	1	0
64	910	1	0
226	943	1	0
261	943	1	0
324	943	1	0
488	1084	1	0
502	1084	1	0
59	1090	1	0
128	1090	1	0
203	1090	1	0
218	1090	1	0
219	1090	1	0
226	1090	1	0
320	1090	1	0
5	1100	1	0
226	1100	1	0
234	1100	1	0
241	1100	1	0
244	1100	1	0
249	1100	1	0
324	1100	1	0
520	1100	1	0
458	1108	1	0
458	1109	1	0
458	1110	1	0
458	1111	1	0
458	1112	1	0
278	1113	1	0
476	1113	1	0
117	1114	1	0
171	1114	1	0
175	1114	1	0
226	1114	1	0
241	1114	1	0
269	1114	1	0
320	1114	1	0
382	1114	1	0
384	1114	1	0
393	1114	1	0
468	1114	1	0
482	1114	1	0
525	1114	1	0
5	1115	1	0
226	1115	1	0
234	1115	1	0
237	1115	1	0
241	1115	1	0
244	1115	1	0
249	1115	1	0
323	1115	1	0
458	1116	1	0
458	1117	1	0
458	1118	1	0
458	1120	1	0
169	1121	1	0
455	1121	1	0
455	1123	1	0
5	1124	1	0
226	1124	1	0
234	1124	1	0
237	1124	1	0
241	1124	1	0
244	1124	1	0
249	1124	1	0
323	1124	1	0
418	1125	1	0
444	1125	1	0
5	1126	1	0
165	1126	1	0
219	1126	1	0
226	1126	1	0
234	1126	1	0
241	1126	1	0
244	1126	1	0
249	1126	1	0
5	1128	1	0
226	1128	1	0
234	1128	1	0
237	1128	1	0
241	1128	1	0
244	1128	1	0
249	1128	1	0
323	1128	1	0
187	1129	1	0
226	1129	1	0
253	1129	1	0
371	1129	1	0
450	1129	1	0
484	1129	1	0
270	1130	1	0
296	1130	1	0
371	1130	1	0
458	1133	1	0
5	1146	1	0
137	1146	1	0
226	1146	1	0
234	1146	1	0
241	1146	1	0
244	1146	1	0
249	1146	1	0
49	1151	1	0
166	1153	1	0
311	1153	1	0
394	1153	1	0
418	1153	1	0
450	1153	1	0
174	1155	1	0
241	1155	1	0
291	1155	1	0
381	1155	1	0
464	1155	1	0
226	1159	1	0
323	1159	1	0
458	1160	1	0
479	1161	1	0
504	1161	1	0
127	1163	2	0
144	1163	1	0
207	1163	1	0
224	1163	1	0
243	1163	1	0
450	1163	1	0
61	1164	1	0
68	1164	1	0
86	1164	1	0
222	1164	1	0
451	1164	1	0
461	1164	1	0
170	1166	1	0
203	1168	1	0
209	1168	1	0
226	1168	1	0
320	1168	1	0
5	1169	1	0
226	1169	1	0
234	1169	1	0
237	1169	1	0
241	1169	1	0
244	1169	1	0
249	1169	1	0
323	1169	1	0
5	1172	1	0
226	1172	1	0
234	1172	1	0
237	1172	1	0
241	1172	1	0
244	1172	1	0
249	1172	1	0
323	1172	1	0
278	1188	1	0
5	1194	1	0
226	1194	1	0
234	1194	1	0
241	1194	1	0
244	1194	1	0
249	1194	1	0
324	1194	1	0
5	1195	1	0
226	1195	1	0
234	1195	1	0
241	1195	1	0
244	1195	1	0
249	1195	1	0
525	1195	1	0
455	1203	1	0
5	1210	1	0
226	1210	1	0
234	1210	1	0
241	1210	1	0
244	1210	1	0
249	1210	1	0
169	1215	1	0
455	1215	1	0
5	1216	1	0
226	1216	1	0
234	1216	1	0
237	1216	1	0
241	1216	1	0
244	1216	1	0
249	1216	1	0
323	1216	1	0
177	1228	1	0
265	1228	1	0
269	1228	1	0
361	1228	1	0
486	1228	1	0
5	1231	1	0
226	1231	1	0
234	1231	1	0
237	1231	1	0
241	1231	1	0
244	1231	1	0
249	1231	1	0
323	1231	1	0
339	1231	1	0
458	1233	1	0
226	1238	1	0
325	1238	1	0
175	1241	1	0
209	1241	1	0
226	1241	1	0
382	1241	1	0
5	1246	1	0
226	1246	1	0
234	1246	1	0
237	1246	1	0
241	1246	1	0
244	1246	1	0
249	1246	1	0
323	1246	1	0
229	1247	1	0
63	1248	1	0
119	1249	1	0
344	1249	1	0
117	1252	1	0
171	1252	1	0
175	1252	1	0
226	1252	1	0
241	1252	1	0
269	1252	1	0
382	1252	1	0
384	1252	1	0
393	1252	1	0
482	1252	1	0
525	1252	1	0
198	1257	1	0
222	1257	1	0
318	1257	1	0
363	1257	1	0
367	1257	1	0
489	1257	1	0
516	1257	1	0
53	1260	1	0
162	1262	1	0
171	1262	1	0
215	1262	1	0
489	1262	1	0
367	1264	1	0
400	1264	1	0
19	1270	1	0
171	1270	1	0
5	1273	1	0
26	1273	1	0
226	1273	1	0
234	1273	1	0
241	1273	1	0
244	1273	1	0
249	1273	1	0
431	1273	1	0
525	1273	1	0
261	1274	1	0
270	1274	1	0
344	1274	1	0
162	1275	1	0
344	1275	1	0
500	1275	1	0
506	1275	1	0
8	1276	1	0
504	1276	1	0
5	1279	1	0
226	1279	1	0
234	1279	1	0
241	1279	1	0
244	1279	1	0
249	1279	1	0
79	1281	1	0
119	1281	1	0
144	1281	2	0
222	1281	1	0
469	1281	1	0
17	1285	1	0
420	1285	1	0
488	1285	1	0
174	1288	1	0
302	1288	1	0
246	1289	1	0
247	1289	1	0
278	1289	1	0
458	1292	1	0
247	1294	1	0
360	1294	1	0
420	1294	1	0
247	1298	1	0
58	1301	1	0
148	1301	1	0
211	1301	1	0
247	1301	1	0
311	1301	1	0
420	1301	1	0
457	1301	1	0
5	1302	1	0
226	1302	1	0
234	1302	1	0
241	1302	1	0
244	1302	1	0
249	1302	1	0
8	1303	1	0
162	1303	1	0
247	1303	1	0
278	1303	1	0
420	1303	1	0
28	1304	1	0
168	1304	1	0
368	1304	1	0
450	1304	1	0
499	1304	1	0
5	1306	1	0
226	1306	1	0
234	1306	1	0
237	1306	1	0
241	1306	1	0
244	1306	1	0
249	1306	1	0
323	1306	1	0
458	1307	1	0
3	1311	1	0
104	1311	1	0
205	1311	1	0
226	1311	1	0
335	1311	1	0
418	1311	1	0
22	1312	1	0
240	1312	1	0
365	1312	1	0
450	1312	1	0
54	1314	1	0
77	1314	1	0
226	1314	1	0
5	1316	1	0
226	1316	1	0
234	1316	1	0
237	1316	1	0
241	1316	1	0
244	1316	1	0
249	1316	1	0
323	1316	1	0
251	1320	1	0
371	1320	1	0
434	1320	1	0
450	1320	1	0
226	1323	1	0
244	1323	1	0
249	1323	1	0
255	1323	1	0
301	1323	1	0
344	1323	1	0
487	1323	1	0
458	1327	1	0
458	1333	1	0
278	1348	1	0
458	1348	1	0
5	1350	1	0
54	1350	1	0
173	1350	1	0
342	1350	1	0
5	1353	1	0
226	1353	1	0
234	1353	1	0
237	1353	1	0
241	1353	1	0
244	1353	1	0
249	1353	1	0
323	1353	1	0
171	1356	1	0
226	1356	1	0
285	1357	1	0
335	1357	1	0
487	1357	1	0
323	1358	1	0
392	1358	1	0
176	1360	1	0
224	1360	1	0
450	1360	1	0
487	1360	1	0
137	1367	1	0
171	1367	1	0
226	1367	1	0
241	1367	1	0
257	1367	1	0
393	1367	1	0
187	1368	1	0
474	1368	1	0
502	1368	1	0
204	1375	1	0
370	1375	1	0
486	1375	1	0
5	1376	1	0
63	1376	1	0
174	1376	1	0
226	1376	1	0
234	1376	1	0
241	1376	1	0
244	1376	1	0
249	1376	1	0
276	1376	1	0
324	1376	1	0
373	1384	1	0
465	1384	1	0
226	1392	1	0
127	1393	1	0
153	1393	1	0
335	1393	1	0
5	1394	1	0
226	1394	1	0
234	1394	1	0
241	1394	1	0
244	1394	1	0
249	1394	1	0
55	1398	1	0
187	1398	1	0
219	1398	1	0
300	1398	1	0
403	1398	1	0
504	1398	1	0
219	1399	1	0
262	1399	1	0
127	1401	1	0
231	1401	1	0
232	1401	1	0
256	1401	1	0
300	1401	2	0
340	1401	1	0
403	1401	1	0
409	1401	1	0
187	1403	1	0
225	1403	1	0
273	1403	2	0
280	1403	1	0
403	1403	1	0
187	1405	1	0
225	1405	1	0
273	1405	2	0
280	1405	1	0
403	1405	1	0
440	1405	1	0
125	1407	1	0
226	1407	1	0
418	1407	1	0
448	1407	1	0
470	1407	1	0
65	1413	1	0
187	1413	1	0
219	1413	1	0
371	1413	1	0
403	1413	1	0
460	1413	1	0
486	1413	1	0
507	1413	1	0
219	1414	1	0
262	1414	1	0
238	1415	3	0
451	1415	1	0
23	1419	1	0
241	1419	1	0
273	1419	1	0
12	1421	1	0
22	1421	1	0
162	1434	1	0
412	1434	1	0
23	1441	1	0
50	1441	1	0
487	1441	1	0
23	1442	1	0
273	1442	1	0
23	1444	1	0
179	1444	1	0
352	1444	1	0
5	1445	1	0
226	1445	1	0
234	1445	1	0
237	1445	1	0
241	1445	1	0
244	1445	1	0
249	1445	1	0
323	1445	1	0
207	1456	1	0
22	1457	1	0
162	1457	1	0
335	1457	1	0
19	1459	1	0
226	1459	1	0
450	1459	1	0
335	1460	1	0
418	1460	1	0
525	1460	1	0
70	1461	1	0
180	1461	1	0
201	1461	1	0
226	1461	1	0
406	1461	1	0
22	1462	1	0
300	1462	1	0
337	1462	1	0
147	1492	1	0
157	1492	1	0
55	1494	1	0
464	1494	1	0
49	1499	1	0
162	1511	1	0
5	1520	1	0
214	1520	2	0
226	1520	1	0
234	1520	1	0
241	1520	2	0
244	1520	1	0
249	1520	1	0
394	1521	1	0
450	1521	1	0
501	1524	1	0
210	1526	1	0
278	1526	1	0
5	1529	1	0
226	1529	1	0
234	1529	1	0
241	1529	1	0
244	1529	1	0
249	1529	1	0
339	1529	1	0
23	1533	1	0
511	1533	1	0
84	1535	1	0
207	1535	1	0
218	1535	1	0
322	1535	1	0
335	1535	1	0
218	1537	1	0
322	1537	1	0
23	1539	1	0
162	1539	1	0
191	1539	1	0
211	1539	1	0
232	1539	1	0
185	1545	1	0
226	1545	1	0
237	1545	1	0
323	1545	1	0
23	1546	1	0
204	1546	1	0
66	1559	1	0
204	1559	1	0
356	1559	1	0
424	1559	1	0
66	1560	1	0
356	1560	1	0
66	1568	1	0
204	1568	1	0
329	1568	1	0
356	1568	1	0
445	1568	1	0
522	1568	1	0
152	1577	1	0
168	1577	1	0
298	1577	1	0
353	1577	1	0
63	1588	1	0
158	1588	1	0
226	1588	1	0
387	1588	1	0
427	1588	1	0
525	1588	1	0
5	1592	1	0
226	1592	1	0
234	1592	1	0
237	1592	1	0
241	1592	1	0
244	1592	1	0
249	1592	1	0
323	1592	1	0
501	1596	1	0
117	1597	1	0
171	1597	1	0
175	1597	1	0
178	1597	1	0
226	1597	1	0
241	1597	1	0
269	1597	1	0
382	1597	1	0
384	1597	1	0
393	1597	1	0
482	1597	1	0
525	1597	1	0
5	1598	1	0
226	1598	1	0
234	1598	1	0
237	1598	1	0
241	1598	1	0
244	1598	1	0
249	1598	1	0
323	1598	1	0
50	1627	1	0
182	1627	1	0
273	1627	1	0
406	1627	1	0
452	1627	1	0
460	1627	1	0
486	1627	1	0
489	1627	1	0
5	1671	1	0
226	1671	1	0
234	1671	1	0
237	1671	1	0
241	1671	1	0
244	1671	1	0
249	1671	1	0
323	1671	1	0
5	1681	1	0
40	1681	1	0
226	1681	1	0
234	1681	1	0
241	1681	1	0
244	1681	1	0
249	1681	1	0
43	1683	1	0
73	1683	1	0
170	1683	1	0
226	1683	1	0
344	1683	1	0
247	1690	1	0
487	1690	1	0
50	1705	2	0
171	1705	1	0
226	1705	1	0
482	1705	1	0
3	1725	1	0
353	1725	1	0
450	1725	1	0
119	1737	1	0
226	1737	1	0
241	1737	1	0
244	1737	1	0
249	1737	1	0
300	1737	1	0
324	1737	1	0
487	1737	1	0
86	1751	1	0
226	1751	1	0
149	1774	1	0
226	1774	1	0
439	1774	1	0
465	1774	1	0
482	1774	1	0
5	1795	1	0
226	1795	1	0
234	1795	1	0
237	1795	1	0
241	1795	1	0
244	1795	1	0
249	1795	1	0
323	1795	1	0
5	1810	1	0
226	1810	1	0
234	1810	1	0
237	1810	1	0
241	1810	1	0
244	1810	1	0
249	1810	1	0
323	1810	1	0
5	1811	1	0
226	1811	1	0
234	1811	1	0
241	1811	1	0
244	1811	1	0
249	1811	1	0
226	1826	1	0
244	1826	1	0
249	1826	1	0
379	1826	1	0
139	1835	1	0
521	1835	1	0
4	1866	1	0
166	1866	1	0
467	1866	1	0
5	1870	1	0
226	1870	1	0
234	1870	1	0
237	1870	1	0
241	1870	1	0
244	1870	1	0
249	1870	1	0
323	1870	1	0
5	1889	1	0
226	1889	1	0
234	1889	1	0
241	1889	1	0
244	1889	1	0
249	1889	1	0
369	1889	1	0
226	1897	1	0
240	1897	1	0
241	1897	1	0
447	1897	1	0
5	1913	1	0
133	1913	1	0
226	1913	1	0
234	1913	1	0
241	1913	1	0
244	1913	1	0
249	1913	1	0
16	1917	1	0
226	1917	1	0
447	1917	1	0
264	1920	1	0
5	1922	1	0
226	1922	1	0
234	1922	1	0
237	1922	1	0
241	1922	1	0
244	1922	1	0
249	1922	1	0
323	1922	1	0
402	1924	1	0
43	1925	1	0
226	1925	1	0
323	1925	1	0
361	1925	1	0
415	1925	1	0
5	1930	1	0
219	1930	1	0
226	1930	1	0
234	1930	1	0
241	1930	1	0
244	1930	1	0
249	1930	1	0
5	1932	1	0
226	1932	1	0
234	1932	1	0
237	1932	1	0
241	1932	1	0
244	1932	1	0
249	1932	1	0
323	1932	1	0
88	1945	1	0
226	1945	1	0
447	1945	1	0
214	1954	1	0
366	1954	1	0
526	1954	1	0
5	1957	1	0
71	1957	1	0
181	1957	1	0
226	1957	1	0
234	1957	1	0
241	1957	1	0
244	1957	1	0
249	1957	1	0
324	1957	1	0
520	1957	1	0
79	1958	1	0
185	1958	1	0
207	1958	1	0
5	1960	1	0
49	1960	1	0
226	1960	1	0
234	1960	1	0
241	1960	1	0
244	1960	1	0
249	1960	1	0
185	1970	2	0
226	1970	1	0
240	1970	1	0
447	1970	1	0
481	1970	1	0
191	1973	1	0
207	1973	1	0
226	1978	1	0
240	1978	1	0
5	1979	1	0
92	1979	1	0
226	1979	1	0
234	1979	1	0
241	1979	1	0
244	1979	1	0
249	1979	1	0
431	1979	1	0
496	1979	1	0
362	1994	1	0
511	1994	1	0
127	1997	1	0
511	1997	1	0
255	2001	1	0
324	2001	1	0
5	2003	1	0
63	2003	3	0
226	2003	1	0
234	2003	1	0
241	2003	1	0
244	2003	1	0
249	2003	1	0
324	2003	1	0
162	2008	1	0
50	2010	1	0
55	2010	1	0
207	2010	2	0
418	2010	2	0
444	2010	1	0
502	2010	1	0
165	2012	1	0
195	2012	1	0
232	2012	1	0
60	2013	1	0
487	2013	1	0
502	2013	1	0
117	2015	1	0
171	2015	1	0
175	2015	1	0
226	2015	1	0
241	2015	1	0
269	2015	1	0
382	2015	1	0
383	2015	1	0
384	2015	1	0
393	2015	1	0
482	2015	1	0
525	2015	1	0
35	2017	1	0
104	2017	1	0
157	2017	1	0
307	2017	1	0
333	2017	1	0
450	2017	1	0
5	2029	1	0
226	2029	1	0
234	2029	1	0
237	2029	1	0
241	2029	1	0
244	2029	1	0
249	2029	1	0
323	2029	1	0
144	2030	1	0
226	2030	1	0
345	2030	1	0
421	2030	1	0
450	2030	1	0
138	2034	1	0
171	2034	1	0
226	2034	1	0
241	2034	1	0
244	2034	1	0
249	2034	1	0
335	2034	1	0
171	2042	1	0
226	2042	1	0
240	2042	1	0
446	2042	1	0
5	2044	1	0
226	2044	1	0
234	2044	1	0
241	2044	1	0
244	2044	1	0
249	2044	1	0
323	2044	1	0
457	2044	1	0
119	2047	1	0
171	2047	1	0
194	2047	1	0
226	2047	1	0
241	2047	2	0
257	2047	2	0
464	2047	1	0
9	2059	1	0
10	2059	1	0
16	2059	1	0
137	2059	1	0
226	2059	1	0
278	2059	1	0
5	2060	1	0
194	2060	1	0
226	2060	1	0
234	2060	1	0
241	2060	1	0
244	2060	1	0
249	2060	1	0
324	2060	1	0
174	2062	1	0
181	2062	1	0
525	2062	1	0
5	2063	1	0
194	2063	4	0
226	2063	1	0
234	2063	1	0
241	2063	1	0
244	2063	1	0
249	2063	1	0
525	2064	1	0
5	2065	1	0
226	2065	1	0
234	2065	1	0
241	2065	1	0
244	2065	1	0
249	2065	1	0
117	2067	1	0
171	2067	1	0
175	2067	1	0
226	2067	1	0
241	2067	1	0
269	2067	1	0
320	2067	1	0
382	2067	1	0
384	2067	1	0
393	2067	1	0
468	2067	1	0
482	2067	1	0
525	2067	1	0
5	2099	1	0
226	2099	1	0
234	2099	1	0
237	2099	1	0
241	2099	1	0
244	2099	1	0
249	2099	1	0
323	2099	1	0
5	2105	1	0
226	2105	1	0
234	2105	1	0
241	2105	1	0
244	2105	1	0
249	2105	1	0
431	2105	1	0
219	2113	2	0
226	2115	1	0
306	2115	1	0
450	2115	1	0
494	2115	1	0
5	2118	1	0
171	2118	1	0
226	2118	1	0
234	2118	1	0
241	2118	1	0
244	2118	1	0
249	2118	1	0
226	2120	1	0
447	2120	1	0
5	2121	1	0
226	2121	1	0
234	2121	1	0
237	2121	1	0
241	2121	1	0
244	2121	1	0
249	2121	1	0
323	2121	1	0
226	2124	1	0
244	2124	1	0
324	2124	1	0
196	2125	1	0
343	2125	1	0
5	2137	1	0
226	2137	1	0
234	2137	1	0
237	2137	1	0
241	2137	1	0
244	2137	1	0
249	2137	1	0
323	2137	1	0
5	2138	1	0
205	2138	1	0
226	2138	1	0
234	2138	1	0
241	2138	1	0
244	2138	1	0
249	2138	1	0
468	2138	1	0
149	2139	1	0
161	2139	1	0
211	2139	1	0
331	2139	1	0
411	2139	1	0
5	2144	1	0
173	2144	1	0
241	2144	1	0
439	2144	1	0
447	2144	1	0
278	2145	1	0
343	2145	1	0
5	2160	1	0
171	2160	1	0
224	2160	1	0
226	2160	1	0
234	2160	1	0
241	2160	1	0
244	2160	1	0
249	2160	1	0
262	2160	1	0
162	2166	1	0
226	2167	1	0
5	2182	1	0
226	2182	1	0
234	2182	1	0
241	2182	1	0
244	2182	1	0
249	2182	1	0
324	2182	1	0
118	2184	1	0
209	2184	1	0
213	2184	1	0
226	2184	1	0
324	2184	1	0
5	2189	1	0
226	2189	1	0
234	2189	1	0
241	2189	1	0
244	2189	1	0
249	2189	1	0
525	2189	1	0
226	2201	1	0
450	2201	1	0
5	2204	1	0
423	2204	1	0
450	2204	1	0
5	2223	1	0
226	2223	1	0
234	2223	1	0
237	2223	1	0
241	2223	1	0
244	2223	1	0
249	2223	1	0
323	2223	1	0
38	2234	1	0
93	2234	1	0
431	2234	1	0
495	2234	1	0
226	2235	1	0
273	2235	1	0
447	2235	1	0
226	2236	1	0
240	2236	1	0
315	2236	1	0
527	2236	1	0
5	2237	1	0
226	2237	1	0
234	2237	1	0
237	2237	1	0
241	2237	1	0
244	2237	1	0
249	2237	1	0
323	2237	1	0
5	2238	1	0
226	2238	1	0
234	2238	1	0
237	2238	1	0
241	2238	1	0
244	2238	1	0
249	2238	1	0
323	2238	1	0
226	2243	1	0
244	2243	1	0
249	2243	1	0
487	2243	1	0
500	2243	1	0
525	2243	1	0
226	2251	1	0
484	2251	1	0
226	2255	1	0
339	2255	1	0
484	2255	1	0
5	2270	1	0
226	2270	1	0
234	2270	1	0
241	2270	1	0
244	2270	1	0
249	2270	1	0
5	2286	1	0
226	2286	1	0
234	2286	1	0
241	2286	1	0
244	2286	1	0
249	2286	1	0
324	2286	1	0
5	2291	1	0
226	2291	1	0
234	2291	1	0
241	2291	1	0
244	2291	1	0
249	2291	1	0
382	2291	1	0
156	2299	1	0
224	2299	1	0
226	2299	1	0
323	2299	1	0
525	2299	1	0
159	2301	1	0
238	2301	1	0
367	2301	1	0
65	2306	1	0
102	2306	1	0
224	2306	1	0
226	2306	1	0
253	2306	1	0
5	2313	1	0
49	2313	1	0
226	2313	1	0
234	2313	1	0
241	2313	1	0
244	2313	1	0
249	2313	1	0
5	2331	1	0
51	2331	1	0
71	2331	1	0
132	2331	1	0
171	2331	1	0
241	2331	1	0
363	2331	1	0
467	2331	1	0
526	2331	1	0
525	2333	1	0
278	2336	1	0
226	2338	1	0
447	2338	2	0
170	2341	1	0
206	2341	1	0
447	2341	1	0
5	2345	1	0
226	2345	1	0
234	2345	1	0
241	2345	1	0
244	2345	1	0
249	2345	1	0
450	2345	1	0
5	2368	1	0
226	2368	1	0
234	2368	1	0
241	2368	1	0
244	2368	1	0
249	2368	1	0
130	2371	1	0
226	2371	1	0
525	2371	1	0
5	2372	1	0
226	2372	1	0
234	2372	1	0
241	2372	1	0
244	2372	1	0
249	2372	1	0
226	2374	1	0
447	2374	1	0
119	2375	1	0
226	2375	1	0
90	2380	1	0
319	2380	1	0
323	2380	1	0
361	2380	1	0
367	2380	1	0
194	2383	5	0
450	2383	1	0
496	2383	1	0
16	2384	1	0
120	2384	1	0
198	2384	1	0
5	2394	1	0
226	2394	1	0
234	2394	1	0
241	2394	2	0
244	2394	1	0
249	2394	1	0
175	2397	1	0
226	2397	1	0
241	2397	1	0
244	2397	1	0
249	2397	1	0
382	2397	1	0
429	2397	1	0
473	2397	1	0
479	2397	1	0
226	2398	1	0
319	2398	1	0
323	2398	1	0
361	2398	1	0
367	2398	1	0
226	2428	1	0
5	2437	1	0
226	2437	1	0
234	2437	1	0
237	2437	1	0
241	2437	1	0
244	2437	1	0
249	2437	1	0
323	2437	1	0
270	2448	1	0
373	2448	1	0
525	2448	1	0
226	2452	1	0
244	2452	1	0
273	2452	1	0
341	2452	1	0
494	2452	1	0
5	2461	1	0
49	2461	1	0
175	2461	1	0
198	2461	1	0
226	2461	1	0
234	2461	1	0
241	2461	1	0
244	2461	1	0
249	2461	1	0
382	2461	1	0
226	2476	1	0
262	2476	1	0
22	2477	1	0
144	2477	1	0
151	2477	1	0
200	2477	1	0
378	2477	1	0
171	2482	1	0
335	2482	1	0
502	2482	1	0
5	2484	1	0
226	2484	1	0
234	2484	1	0
237	2484	1	0
241	2484	1	0
244	2484	1	0
249	2484	1	0
323	2484	1	0
484	2487	1	0
205	2511	1	0
226	2511	1	0
261	2511	1	0
450	2511	1	0
5	2519	1	0
11	2519	2	0
86	2519	1	0
119	2519	1	0
171	2519	1	0
226	2519	1	0
249	2519	1	0
171	2525	1	0
198	2525	1	0
366	2525	1	0
409	2525	1	0
450	2525	1	0
79	2526	1	0
195	2526	1	0
298	2526	1	0
318	2526	1	0
343	2526	1	0
486	2526	1	0
162	2528	1	0
255	2528	1	0
298	2528	1	0
324	2528	1	0
381	2528	1	0
489	2528	1	0
494	2528	1	0
160	2531	1	0
162	2531	1	0
171	2531	1	0
398	2531	1	0
5	2539	1	0
226	2539	1	0
234	2539	1	0
237	2539	1	0
241	2539	1	0
244	2539	1	0
249	2539	1	0
323	2539	1	0
226	2540	1	0
394	2540	1	0
226	2557	1	0
226	2558	1	0
382	2558	1	0
182	21	1	1
486	21	1	1
124	54	1	1
418	54	1	1
522	54	1	1
101	90	1	1
296	90	1	1
486	90	1	1
511	90	1	1
526	90	1	1
192	109	1	1
226	109	1	1
219	276	1	1
444	276	1	1
450	276	1	1
463	276	1	1
61	278	1	1
73	278	1	1
135	278	1	1
437	278	1	1
452	278	1	1
495	278	1	1
127	279	2	1
188	279	2	1
387	279	1	1
97	281	1	1
128	305	1	1
242	305	1	1
359	305	1	1
195	312	1	1
18	322	1	1
182	322	1	1
128	328	1	1
198	328	1	1
242	328	1	1
359	328	1	1
273	453	1	1
226	508	1	1
260	508	1	1
523	508	1	1
184	510	1	1
198	510	1	1
262	510	1	1
476	510	1	1
29	571	1	1
460	571	1	1
55	586	1	1
418	586	1	1
433	586	1	1
73	614	1	1
128	614	1	1
242	614	1	1
359	614	1	1
510	614	1	1
68	619	1	1
128	619	1	1
242	619	1	1
359	619	1	1
470	619	1	1
173	620	1	1
445	620	1	1
205	674	1	1
60	757	1	1
67	757	1	1
226	757	1	1
326	757	1	1
128	804	1	1
242	804	1	1
359	804	1	1
128	806	1	1
242	806	1	1
285	806	1	1
359	806	1	1
101	829	1	1
379	829	2	1
511	829	1	1
126	849	1	1
223	869	1	1
226	869	1	1
126	1001	1	1
256	1001	1	1
326	1001	1	1
348	1001	1	1
450	1001	1	1
8	1007	1	1
55	1007	1	1
126	1007	1	1
244	1007	1	1
418	1007	1	1
172	1032	1	1
233	1032	1	1
278	1032	1	1
471	1032	1	1
45	1059	1	1
409	1059	1	1
409	1187	1	1
502	1187	1	1
202	1436	1	1
273	1451	1	1
303	1451	1	1
424	1451	1	1
54	1453	1	1
490	1453	1	1
212	1543	1	1
216	1543	1	1
226	1543	1	1
388	1543	1	1
483	1543	1	1
484	1543	1	1
226	1612	1	1
234	1612	1	1
243	1612	2	1
323	1612	1	1
226	1613	1	1
234	1613	1	1
243	1613	2	1
323	1613	1	1
67	1637	1	1
226	1637	1	1
323	1637	1	1
329	1668	1	1
450	1668	1	1
516	1668	1	1
191	1723	1	1
303	1723	1	1
492	1723	1	1
502	1723	1	1
207	1727	1	1
372	1727	1	1
498	1757	1	1
226	1790	1	1
323	1790	1	1
226	1823	1	1
450	1823	1	1
226	1868	1	1
207	1892	1	1
388	1892	1	1
461	1892	1	1
490	1892	1	1
298	1896	1	1
196	1916	1	1
226	1916	1	1
335	1926	1	1
471	1926	1	1
490	1926	1	1
444	1966	1	1
397	1975	1	1
35	1983	1	1
205	1983	1	1
1	1996	1	1
187	1996	1	1
278	1996	1	1
371	1996	1	1
452	2002	1	1
229	2021	1	1
272	2021	1	1
165	2027	1	1
329	2027	1	1
434	2027	1	1
450	2027	1	1
287	2050	1	1
329	2050	1	1
372	2103	1	1
450	2126	1	1
30	2128	1	1
514	2146	1	1
226	2163	1	1
493	2163	1	1
226	2188	1	1
267	2188	1	1
436	2209	1	1
226	2242	1	1
339	2242	1	1
278	2260	1	1
35	2305	1	1
205	2305	1	1
335	2321	1	1
146	2325	1	1
522	2325	1	1
278	2329	1	1
339	2329	1	1
38	2352	1	1
219	2352	1	1
169	2376	1	1
220	2376	1	1
65	2393	1	1
155	2393	1	1
268	2393	1	1
285	2393	1	1
31	2400	1	1
480	2400	1	1
146	2441	1	1
146	2442	1	1
204	2442	1	1
146	2462	1	1
436	2462	1	1
19	2507	1	1
46	2507	2	1
143	2507	1	1
146	2507	1	1
365	2507	1	1
391	2507	1	1
418	2507	1	1
450	2507	1	1
460	2507	1	1
486	2507	2	1
98	2517	1	1
164	2517	1	1
272	2517	1	1
331	2517	1	1
522	2517	1	1
56	2533	1	1
65	2556	1	1
406	2556	1	1
226	431	1	2
316	431	1	2
333	431	1	2
400	431	1	2
450	431	1	2
182	1388	1	2
278	1388	1	2
303	1388	1	2
388	9	1	4
196	25	1	4
278	25	1	4
348	25	1	4
480	25	1	4
125	33	1	4
112	38	1	4
162	38	1	4
187	38	1	4
420	38	1	4
486	38	1	4
8	43	1	4
176	43	1	4
278	43	1	4
361	43	1	4
226	52	1	4
237	52	1	4
266	52	2	4
428	52	1	4
463	52	1	4
478	52	1	4
83	66	1	4
514	66	1	4
256	74	1	4
248	77	1	4
207	82	1	4
226	83	1	4
237	83	1	4
323	83	1	4
342	83	1	4
302	91	1	4
316	91	1	4
364	91	1	4
172	101	1	4
226	101	1	4
226	103	1	4
429	103	1	4
450	103	1	4
71	106	1	4
275	106	1	4
269	113	1	4
335	113	1	4
362	113	1	4
414	113	1	4
450	113	1	4
10	114	1	4
171	114	1	4
189	114	1	4
222	114	1	4
241	114	1	4
450	114	2	4
442	119	1	4
486	119	1	4
167	123	1	4
201	123	1	4
224	123	1	4
229	123	1	4
308	123	1	4
327	123	1	4
400	123	1	4
25	127	1	4
388	127	1	4
425	127	1	4
450	127	1	4
479	127	1	4
486	127	1	4
505	127	1	4
12	132	1	4
256	132	1	4
285	132	2	4
442	132	1	4
444	132	1	4
467	132	1	4
189	140	1	4
414	140	1	4
205	143	1	4
42	144	1	4
58	144	1	4
121	144	1	4
209	144	1	4
371	144	1	4
219	148	1	4
300	148	1	4
462	148	1	4
504	148	1	4
263	150	1	4
378	150	1	4
470	150	1	4
188	153	1	4
199	156	1	4
335	156	1	4
116	159	1	4
442	159	1	4
24	168	1	4
318	171	1	4
190	172	1	4
401	172	1	4
462	172	1	4
219	179	1	4
399	182	1	4
191	189	1	4
513	189	1	4
522	189	1	4
442	192	1	4
156	196	1	4
432	196	1	4
496	196	1	4
505	196	1	4
104	197	1	4
30	198	1	4
40	198	1	4
162	198	1	4
182	198	1	4
219	198	1	4
278	198	1	4
419	198	1	4
441	198	1	4
2	201	1	4
226	201	1	4
413	208	1	4
226	209	1	4
237	209	1	4
323	209	1	4
162	212	1	4
226	213	1	4
315	220	1	4
444	220	2	4
171	221	1	4
278	221	1	4
323	221	1	4
464	221	1	4
487	221	1	4
135	223	1	4
349	223	1	4
450	223	1	4
490	223	1	4
236	225	1	4
226	226	1	4
151	230	1	4
198	230	1	4
315	230	1	4
217	234	1	4
221	234	1	4
278	234	1	4
226	239	1	4
378	239	1	4
205	240	1	4
388	240	1	4
35	242	2	4
226	242	1	4
331	242	1	4
490	242	1	4
206	248	2	4
90	249	1	4
450	250	1	4
57	252	1	4
4	255	1	4
72	255	1	4
79	255	1	4
189	255	1	4
457	255	1	4
510	255	1	4
273	258	1	4
236	262	1	4
244	262	1	4
270	262	1	4
345	262	1	4
425	262	1	4
436	262	1	4
226	266	1	4
237	266	1	4
323	266	1	4
187	267	1	4
392	267	1	4
489	267	1	4
520	267	2	4
280	283	1	4
217	285	1	4
221	285	1	4
278	285	1	4
442	285	1	4
493	285	1	4
187	286	1	4
339	286	1	4
350	286	1	4
154	291	1	4
268	291	1	4
442	293	1	4
451	293	1	4
226	298	1	4
237	298	1	4
323	298	1	4
447	298	1	4
450	299	1	4
463	299	1	4
271	302	1	4
442	302	1	4
298	304	1	4
483	304	1	4
211	315	1	4
273	315	1	4
442	315	1	4
357	319	1	4
378	319	1	4
278	323	1	4
450	325	1	4
99	332	1	4
127	332	1	4
99	334	1	4
148	334	1	4
176	334	1	4
6	339	1	4
252	339	1	4
317	339	1	4
232	340	1	4
272	340	1	4
502	340	1	4
61	345	1	4
245	346	1	4
335	346	1	4
6	347	1	4
99	347	1	4
232	347	1	4
317	347	1	4
341	347	1	4
124	348	1	4
357	348	1	4
127	350	1	4
30	359	1	4
189	359	1	4
219	359	1	4
248	372	1	4
407	372	1	4
472	372	1	4
517	372	1	4
392	373	1	4
24	382	1	4
273	382	1	4
442	382	1	4
24	384	1	4
493	384	1	4
182	386	1	4
273	386	1	4
12	388	1	4
273	388	1	4
285	388	1	4
422	388	1	4
451	388	1	4
85	397	1	4
487	397	1	4
286	398	1	4
226	399	1	4
241	399	1	4
447	399	1	4
90	404	1	4
273	404	1	4
442	404	1	4
131	406	1	4
137	406	1	4
273	406	1	4
316	406	1	4
450	406	1	4
207	407	2	4
29	414	1	4
35	414	1	4
205	414	1	4
273	417	1	4
442	417	1	4
208	418	1	4
418	418	1	4
448	418	2	4
502	418	1	4
59	421	1	4
151	421	1	4
388	433	1	4
461	433	1	4
254	436	1	4
450	436	1	4
451	436	1	4
273	438	1	4
442	438	1	4
451	438	1	4
53	443	1	4
71	443	1	4
10	444	1	4
241	444	1	4
401	444	1	4
491	444	1	4
512	444	1	4
163	448	1	4
442	448	1	4
278	452	1	4
17	455	1	4
156	455	1	4
139	456	1	4
377	456	1	4
465	459	1	4
462	460	1	4
192	462	1	4
278	462	1	4
316	462	1	4
212	474	1	4
486	474	1	4
197	476	1	4
219	476	1	4
347	476	1	4
55	478	1	4
224	489	1	4
438	489	1	4
59	491	1	4
65	491	1	4
94	491	1	4
271	491	1	4
336	491	1	4
345	498	1	4
154	499	1	4
459	499	1	4
354	500	1	4
412	503	1	4
91	505	1	4
103	505	1	4
165	505	1	4
445	505	1	4
226	516	1	4
132	519	1	4
440	519	1	4
188	522	1	4
347	522	1	4
32	540	1	4
85	540	1	4
442	546	1	4
44	550	1	4
85	550	1	4
227	553	1	4
258	553	1	4
50	561	1	4
470	561	1	4
471	561	1	4
162	568	1	4
34	575	1	4
225	575	1	4
337	575	2	4
450	575	1	4
484	575	1	4
193	579	1	4
235	579	1	4
278	581	2	4
258	584	1	4
337	584	1	4
360	584	1	4
316	585	1	4
10	587	1	4
226	588	1	4
279	588	1	4
269	591	1	4
278	591	1	4
394	591	1	4
226	592	1	4
279	592	1	4
255	593	1	4
462	593	1	4
278	595	1	4
58	596	1	4
273	596	1	4
402	596	1	4
460	596	1	4
84	597	1	4
181	599	1	4
207	599	1	4
400	599	1	4
468	599	1	4
484	599	1	4
28	602	1	4
47	602	1	4
191	602	1	4
347	602	1	4
364	602	1	4
418	602	1	4
389	604	1	4
493	604	1	4
273	609	1	4
32	626	1	4
222	626	1	4
364	626	1	4
400	626	1	4
376	628	1	4
486	629	1	4
24	637	1	4
254	637	1	4
367	637	1	4
85	643	1	4
478	652	1	4
56	657	1	4
283	657	1	4
303	657	1	4
378	657	1	4
451	657	1	4
202	658	1	4
239	658	1	4
287	658	1	4
314	658	1	4
315	658	1	4
337	658	1	4
396	658	1	4
400	658	1	4
109	662	1	4
130	662	1	4
199	662	1	4
215	662	1	4
378	662	2	4
431	662	1	4
478	662	1	4
312	665	1	4
100	676	1	4
340	680	1	4
172	685	1	4
179	685	1	4
10	689	1	4
170	689	1	4
218	689	1	4
224	689	1	4
241	689	1	4
335	689	1	4
486	689	1	4
205	691	1	4
226	691	1	4
109	694	1	4
130	694	1	4
199	694	1	4
254	694	1	4
272	694	1	4
312	694	1	4
378	694	1	4
487	700	1	4
493	700	1	4
349	702	1	4
376	702	1	4
53	704	1	4
364	704	1	4
434	704	1	4
254	709	1	4
263	709	1	4
303	709	1	4
312	709	1	4
269	712	1	4
323	712	1	4
225	713	1	4
335	713	1	4
374	714	1	4
9	719	1	4
73	719	1	4
181	719	1	4
191	719	1	4
270	719	2	4
510	719	1	4
520	719	2	4
14	721	1	4
88	721	1	4
235	721	1	4
400	721	1	4
462	721	1	4
222	722	1	4
135	725	1	4
420	725	1	4
480	725	1	4
207	727	1	4
509	727	1	4
278	731	1	4
398	731	1	4
218	735	1	4
251	735	1	4
226	737	1	4
237	737	1	4
310	737	1	4
323	737	1	4
425	737	1	4
435	737	1	4
226	738	1	4
323	738	1	4
361	738	1	4
70	739	1	4
254	739	1	4
255	740	1	4
379	740	1	4
168	745	1	4
287	745	1	4
326	745	1	4
112	747	1	4
162	747	1	4
68	748	1	4
287	750	1	4
418	750	1	4
60	752	1	4
191	752	1	4
335	752	1	4
412	752	1	4
450	752	1	4
88	753	1	4
300	753	1	4
406	753	1	4
459	753	1	4
226	755	1	4
323	755	1	4
330	755	1	4
112	768	1	4
187	768	1	4
311	768	1	4
59	777	1	4
271	777	1	4
426	777	1	4
9	778	1	4
24	778	1	4
59	778	1	4
335	778	1	4
278	780	2	4
302	782	1	4
314	782	1	4
396	782	1	4
207	785	1	4
307	785	1	4
187	786	1	4
207	786	1	4
401	808	1	4
469	808	1	4
494	808	1	4
226	810	1	4
338	810	1	4
350	810	1	4
361	810	1	4
64	812	1	4
29	813	1	4
255	813	1	4
525	813	1	4
5	820	1	4
16	820	1	4
166	820	1	4
171	820	1	4
447	820	1	4
354	821	1	4
167	825	1	4
318	825	1	4
479	825	1	4
127	828	1	4
211	828	1	4
283	828	1	4
303	828	1	4
490	828	1	4
285	832	1	4
486	832	1	4
22	833	1	4
309	833	1	4
273	834	1	4
302	835	1	4
216	837	1	4
216	839	2	4
207	840	1	4
265	840	1	4
278	840	1	4
264	851	1	4
509	851	1	4
79	859	2	4
93	863	1	4
200	863	1	4
55	865	1	4
427	865	1	4
498	865	1	4
409	866	1	4
121	870	1	4
371	870	1	4
196	872	1	4
226	872	1	4
487	872	1	4
177	877	1	4
226	877	1	4
253	877	1	4
269	877	1	4
316	877	1	4
526	877	1	4
157	881	1	4
35	883	1	4
222	883	1	4
250	883	1	4
41	886	1	4
256	886	1	4
335	886	1	4
479	886	1	4
143	890	1	4
444	895	1	4
127	904	1	4
335	904	1	4
338	904	1	4
35	906	1	4
51	906	1	4
123	906	1	4
205	906	1	4
226	906	1	4
269	906	1	4
432	906	1	4
477	906	1	4
225	907	1	4
335	907	1	4
367	907	1	4
486	907	1	4
499	907	1	4
226	908	1	4
352	908	1	4
462	908	1	4
525	908	1	4
320	911	1	4
226	913	1	4
342	913	1	4
172	916	1	4
276	919	1	4
479	919	2	4
486	921	1	4
316	922	1	4
7	923	1	4
50	923	1	4
142	923	1	4
267	923	1	4
162	929	1	4
166	929	1	4
436	929	1	4
511	929	1	4
122	938	1	4
469	938	1	4
474	938	1	4
65	940	1	4
217	940	1	4
311	940	1	4
349	940	1	4
360	940	1	4
450	940	1	4
506	940	1	4
224	941	1	4
470	941	1	4
450	945	1	4
507	945	1	4
63	947	1	4
171	947	1	4
187	947	1	4
209	947	1	4
459	947	1	4
227	948	1	4
273	948	1	4
380	948	1	4
7	951	1	4
24	951	1	4
212	951	1	4
502	951	1	4
521	952	1	4
7	955	1	4
24	955	1	4
177	955	1	4
212	955	1	4
254	955	1	4
420	955	1	4
502	955	1	4
15	959	1	4
226	959	1	4
269	959	1	4
277	959	1	4
316	959	1	4
341	959	1	4
361	959	1	4
432	959	1	4
477	959	1	4
526	959	1	4
3	960	1	4
35	960	1	4
79	960	1	4
205	960	1	4
270	960	1	4
348	962	1	4
384	962	1	4
177	963	1	4
295	963	1	4
15	964	2	4
177	964	1	4
226	964	1	4
269	964	1	4
277	964	2	4
361	964	1	4
432	964	1	4
462	964	1	4
477	964	1	4
409	966	1	4
87	967	1	4
444	967	1	4
70	970	1	4
461	970	1	4
209	971	1	4
307	971	1	4
430	971	1	4
155	974	1	4
189	974	1	4
360	974	1	4
389	974	1	4
450	974	1	4
439	979	1	4
195	992	1	4
406	992	1	4
392	994	1	4
427	994	1	4
437	994	1	4
487	994	1	4
521	994	1	4
172	998	1	4
214	998	1	4
35	1002	1	4
226	1002	1	4
278	1002	1	4
316	1002	1	4
400	1002	1	4
489	1002	1	4
15	1009	1	4
177	1009	1	4
226	1009	1	4
269	1009	1	4
277	1009	1	4
361	1009	1	4
432	1009	1	4
462	1009	1	4
477	1009	1	4
193	1010	1	4
336	1010	1	4
87	1013	1	4
278	1015	1	4
389	1015	1	4
24	1016	1	4
191	1016	1	4
461	1016	1	4
226	1017	1	4
335	1017	1	4
502	1017	1	4
366	1020	1	4
375	1020	1	4
226	1022	1	4
278	1022	1	4
339	1022	1	4
441	1022	1	4
450	1022	1	4
50	1024	1	4
226	1024	1	4
72	1027	1	4
226	1027	1	4
409	1027	1	4
450	1027	1	4
462	1027	1	4
486	1027	1	4
109	1033	1	4
162	1033	1	4
462	1033	1	4
15	1034	1	4
48	1034	1	4
177	1034	1	4
226	1034	1	4
269	1034	1	4
277	1034	1	4
349	1034	1	4
361	1034	1	4
477	1034	1	4
205	1035	1	4
269	1035	1	4
335	1035	1	4
251	1037	1	4
339	1037	1	4
495	1037	1	4
44	1040	1	4
100	1042	1	4
162	1042	1	4
328	1042	1	4
353	1042	1	4
367	1042	1	4
500	1042	1	4
502	1042	1	4
121	1045	1	4
490	1045	1	4
27	1046	1	4
205	1046	1	4
226	1046	1	4
264	1046	1	4
302	1046	1	4
316	1046	1	4
186	1047	1	4
515	1047	1	4
226	1049	1	4
273	1049	1	4
361	1049	1	4
48	1050	2	4
226	1050	1	4
269	1050	1	4
349	1050	1	4
477	1050	1	4
502	1050	1	4
28	1056	1	4
226	1056	1	4
440	1056	1	4
77	1058	1	4
259	1058	1	4
333	1060	1	4
372	1060	1	4
429	1060	1	4
498	1060	1	4
135	1062	1	4
227	1062	1	4
15	1066	1	4
48	1066	1	4
226	1066	1	4
269	1066	1	4
277	1066	1	4
302	1066	1	4
349	1066	1	4
431	1066	1	4
58	1067	1	4
313	1067	1	4
493	1067	1	4
144	1068	1	4
525	1068	1	4
316	1069	2	4
409	1069	1	4
428	1069	1	4
220	1070	1	4
278	1070	1	4
25	1073	1	4
65	1073	2	4
193	1073	1	4
202	1073	1	4
345	1073	1	4
360	1073	1	4
379	1073	1	4
479	1073	1	4
400	1075	1	4
413	1075	1	4
486	1075	1	4
239	1076	1	4
369	1076	3	4
479	1076	1	4
495	1076	1	4
503	1076	1	4
504	1076	1	4
188	1077	1	4
250	1077	1	4
278	1077	1	4
372	1077	1	4
389	1077	1	4
399	1077	1	4
450	1077	1	4
313	1078	1	4
345	1078	1	4
346	1078	1	4
462	1078	1	4
486	1078	1	4
86	1079	1	4
158	1079	1	4
239	1079	1	4
313	1079	1	4
313	1080	1	4
5	1082	1	4
226	1082	1	4
241	1082	1	4
368	1082	1	4
525	1082	1	4
78	1086	1	4
291	1086	1	4
252	1087	1	4
162	1094	1	4
198	1094	1	4
419	1094	1	4
30	1095	1	4
324	1095	1	4
273	1096	1	4
297	1098	1	4
427	1098	1	4
169	1122	1	4
226	1122	1	4
237	1122	1	4
323	1122	1	4
323	1132	1	4
486	1132	1	4
130	1136	1	4
316	1136	1	4
26	1137	1	4
183	1137	1	4
214	1137	1	4
291	1137	1	4
298	1137	1	4
463	1137	1	4
479	1137	1	4
499	1137	1	4
125	1138	1	4
137	1138	1	4
183	1138	1	4
324	1138	1	4
463	1138	1	4
479	1138	1	4
507	1138	1	4
183	1139	1	4
291	1139	2	4
426	1139	1	4
479	1139	1	4
492	1139	1	4
13	1140	1	4
183	1140	1	4
193	1140	1	4
183	1142	1	4
224	1142	1	4
231	1142	1	4
268	1142	1	4
279	1142	1	4
291	1142	1	4
347	1142	1	4
480	1144	1	4
493	1144	1	4
7	1147	1	4
183	1147	1	4
226	1147	1	4
306	1148	1	4
471	1148	1	4
17	1154	1	4
44	1154	1	4
409	1156	1	4
208	1170	1	4
400	1170	1	4
493	1170	2	4
196	1174	1	4
205	1174	1	4
370	1174	2	4
153	1177	1	4
454	1177	1	4
506	1177	1	4
388	1184	1	4
137	1186	1	4
388	1186	1	4
502	1186	1	4
493	1189	1	4
345	1192	1	4
379	1197	1	4
226	1198	1	4
255	1198	1	4
266	1198	1	4
98	1201	1	4
102	1201	1	4
179	1201	1	4
207	1201	1	4
233	1201	1	4
322	1201	1	4
471	1201	1	4
133	1206	1	4
225	1206	1	4
261	1206	1	4
226	1208	1	4
237	1208	1	4
323	1208	1	4
104	1218	1	4
347	1223	1	4
484	1223	1	4
224	1224	1	4
379	1224	1	4
409	1224	1	4
143	1225	1	4
224	1225	1	4
450	1225	1	4
134	1229	1	4
276	1229	1	4
298	1229	1	4
330	1229	1	4
507	1229	1	4
47	1234	1	4
167	1234	1	4
267	1234	1	4
431	1234	1	4
104	1235	1	4
409	1235	1	4
187	1239	1	4
204	1239	1	4
388	1239	1	4
486	1239	1	4
161	1242	1	4
131	1243	1	4
64	1250	1	4
114	1250	1	4
139	1258	1	4
226	1258	1	4
480	1258	1	4
54	1259	1	4
154	1261	1	4
431	1261	1	4
30	1265	1	4
219	1265	1	4
268	1265	1	4
354	1265	1	4
488	1265	1	4
34	1277	1	4
42	1277	1	4
226	1280	1	4
237	1280	2	4
266	1280	1	4
323	1280	1	4
428	1280	1	4
224	1282	1	4
306	1282	1	4
450	1282	1	4
468	1282	1	4
35	1293	1	4
278	1293	1	4
26	1299	1	4
219	1299	1	4
252	1299	1	4
121	1300	1	4
285	1300	1	4
400	1300	1	4
430	1300	1	4
444	1300	1	4
90	1308	1	4
226	1308	1	4
237	1308	1	4
323	1308	1	4
475	1308	1	4
185	1309	1	4
226	1309	1	4
237	1309	1	4
323	1309	1	4
226	1310	1	4
237	1310	1	4
323	1310	1	4
447	1310	1	4
347	1313	1	4
490	1313	1	4
141	1315	1	4
34	1317	1	4
65	1317	1	4
212	1317	1	4
263	1317	1	4
270	1317	1	4
151	1331	1	4
457	1331	1	4
22	1334	1	4
196	1335	1	4
226	1335	1	4
232	1335	1	4
503	1335	1	4
388	1340	2	4
188	1342	1	4
311	1342	1	4
226	1343	1	4
258	1343	1	4
307	1343	1	4
484	1343	1	4
207	1345	1	4
79	1347	1	4
184	1347	1	4
226	1347	1	4
450	1347	1	4
33	1349	1	4
191	1349	1	4
273	1349	1	4
82	1351	1	4
279	1351	1	4
110	1355	1	4
226	1355	1	4
300	1355	1	4
484	1355	1	4
217	1361	1	4
221	1361	1	4
332	1361	1	4
432	1361	1	4
450	1361	1	4
86	1363	1	4
226	1363	1	4
241	1363	1	4
409	1363	1	4
446	1363	1	4
447	1363	1	4
227	1364	1	4
9	1365	1	4
90	1365	1	4
226	1365	1	4
374	1365	1	4
450	1365	1	4
5	1366	1	4
464	1366	1	4
33	1370	1	4
38	1370	1	4
275	1370	1	4
285	1370	1	4
38	1371	1	4
200	1371	1	4
378	1371	1	4
508	1371	1	4
265	1372	1	4
138	1377	1	4
181	1377	1	4
3	1380	1	4
33	1380	1	4
459	1380	1	4
33	1382	1	4
83	1382	2	4
193	1382	1	4
198	1382	1	4
312	1382	1	4
404	1382	2	4
226	1385	1	4
56	1386	1	4
81	1386	1	4
100	1386	1	4
8	1389	1	4
86	1389	1	4
180	1389	1	4
374	1389	1	4
463	1389	1	4
236	1390	1	4
415	1390	1	4
488	1390	1	4
62	1395	1	4
142	1395	2	4
336	1395	1	4
360	1395	1	4
368	1395	1	4
400	1395	1	4
411	1395	1	4
459	1395	1	4
181	1397	1	4
219	1397	1	4
229	1397	1	4
270	1404	1	4
251	1408	1	4
273	1408	1	4
347	1409	1	4
418	1409	1	4
487	1409	1	4
38	1411	1	4
151	1411	1	4
187	1411	1	4
297	1420	1	4
327	1420	1	4
481	1420	1	4
351	1428	1	4
141	1430	1	4
263	1432	1	4
444	1439	1	4
451	1443	1	4
332	1447	1	4
450	1449	1	4
56	1452	1	4
109	1452	1	4
130	1452	1	4
312	1452	1	4
378	1452	1	4
379	1452	1	4
13	1454	1	4
56	1454	1	4
73	1454	1	4
109	1454	1	4
130	1454	1	4
256	1454	1	4
378	1454	1	4
429	1454	1	4
450	1454	1	4
399	1458	1	4
316	1463	1	4
468	1463	1	4
214	1464	1	4
408	1464	1	4
306	1465	2	4
316	1465	1	4
409	1465	1	4
471	1465	1	4
29	1467	1	4
40	1467	1	4
188	1467	1	4
222	1467	1	4
381	1467	1	4
429	1467	1	4
21	1468	1	4
222	1468	1	4
270	1468	1	4
408	1468	1	4
418	1468	1	4
444	1468	1	4
136	1469	1	4
205	1469	1	4
232	1469	1	4
335	1469	1	4
21	1471	1	4
408	1471	1	4
501	1471	1	4
162	1472	1	4
507	1472	1	4
60	1473	1	4
100	1473	1	4
196	1473	1	4
224	1473	1	4
375	1473	1	4
447	1473	1	4
24	1475	1	4
210	1475	1	4
232	1475	1	4
270	1475	1	4
408	1475	1	4
13	1476	1	4
137	1476	1	4
195	1476	1	4
256	1476	1	4
487	1476	1	4
25	1478	1	4
30	1479	1	4
418	1479	1	4
493	1479	1	4
278	1480	1	4
408	1480	1	4
512	1480	1	4
7	1481	1	4
24	1481	1	4
102	1481	1	4
142	1481	1	4
263	1481	1	4
267	1481	1	4
420	1481	1	4
151	1483	1	4
296	1483	1	4
184	1486	1	4
278	1486	1	4
299	1486	1	4
222	1488	1	4
278	1488	2	4
418	1488	1	4
367	1489	1	4
115	1491	1	4
270	1491	1	4
273	1491	1	4
408	1491	1	4
84	1496	1	4
415	1496	1	4
450	1496	1	4
158	1498	1	4
273	1498	1	4
367	1498	1	4
226	1500	2	4
127	1502	1	4
273	1502	1	4
408	1502	1	4
512	1502	1	4
102	1503	1	4
415	1503	1	4
172	1504	1	4
207	1504	1	4
470	1504	1	4
212	1506	1	4
284	1506	1	4
79	1508	1	4
209	1508	1	4
212	1508	1	4
369	1508	1	4
412	1508	1	4
466	1508	1	4
486	1509	1	4
510	1509	2	4
198	1510	1	4
17	1512	1	4
232	1512	1	4
278	1512	2	4
316	1512	1	4
487	1512	1	4
273	1513	1	4
45	1514	1	4
4	1515	1	4
184	1515	1	4
450	1515	1	4
62	1517	1	4
186	1517	1	4
206	1517	1	4
83	1519	1	4
188	1519	1	4
209	1519	1	4
463	1519	1	4
69	1525	1	4
138	1527	1	4
151	1527	1	4
209	1528	1	4
463	1528	1	4
24	1534	1	4
65	1534	1	4
69	1534	1	4
79	1534	1	4
108	1534	1	4
153	1534	1	4
345	1534	1	4
367	1534	2	4
509	1534	1	4
68	1538	1	4
251	1538	1	4
253	1538	1	4
273	1538	1	4
448	1538	1	4
371	1547	2	4
76	1548	1	4
226	1548	1	4
237	1548	1	4
45	1553	1	4
87	1553	1	4
158	1553	1	4
179	1553	1	4
236	1553	1	4
313	1553	1	4
502	1553	1	4
127	1554	1	4
251	1554	1	4
253	1554	1	4
336	1554	1	4
425	1554	1	4
448	1554	1	4
26	1555	1	4
163	1555	1	4
360	1555	1	4
431	1555	1	4
487	1555	1	4
340	1557	1	4
101	1561	1	4
188	1561	1	4
361	1561	1	4
3	1564	1	4
101	1564	1	4
230	1564	1	4
251	1565	1	4
253	1565	1	4
273	1565	1	4
348	1565	1	4
486	1565	1	4
13	1566	1	4
91	1566	1	4
125	1566	1	4
306	1566	1	4
251	1569	1	4
253	1569	1	4
273	1569	1	4
73	1571	1	4
251	1571	1	4
253	1571	1	4
273	1571	1	4
513	1571	2	4
196	1572	1	4
420	1572	1	4
454	1585	1	4
251	1601	1	4
253	1601	1	4
427	1601	1	4
472	1604	1	4
12	1620	1	4
184	1620	1	4
208	1620	1	4
251	1620	1	4
253	1620	1	4
273	1620	1	4
21	1623	1	4
65	1631	1	4
160	1631	1	4
251	1631	1	4
253	1631	1	4
418	1631	1	4
479	1631	1	4
206	1635	1	4
218	1635	1	4
419	1635	1	4
187	1638	1	4
147	1639	1	4
367	1639	1	4
502	1643	1	4
3	1646	1	4
131	1646	1	4
147	1646	1	4
366	1646	1	4
278	1648	1	4
273	1649	1	4
486	1649	1	4
196	1651	1	4
216	1651	1	4
523	1651	1	4
20	1653	1	4
72	1653	1	4
165	1653	1	4
196	1653	1	4
400	1653	1	4
440	1653	1	4
216	1654	1	4
134	1655	1	4
216	1655	1	4
273	1655	2	4
219	1659	1	4
226	1659	1	4
252	1659	1	4
20	1662	1	4
166	1662	1	4
182	1662	1	4
273	1662	1	4
400	1662	1	4
450	1662	1	4
444	1666	1	4
486	1666	1	4
214	1669	1	4
219	1669	1	4
377	1669	1	4
459	1670	1	4
459	1673	1	4
461	1673	1	4
491	1673	1	4
98	1676	1	4
251	1676	1	4
253	1676	1	4
450	1676	1	4
31	1684	1	4
270	1684	1	4
335	1684	1	4
427	1684	1	4
511	1684	1	4
520	1684	1	4
523	1684	1	4
270	1687	1	4
273	1687	1	4
428	1687	1	4
463	1687	1	4
525	1687	1	4
19	1689	1	4
273	1689	1	4
161	1691	1	4
226	1691	1	4
73	1692	1	4
98	1692	1	4
104	1692	1	4
167	1692	1	4
251	1692	1	4
253	1692	1	4
273	1692	1	4
427	1692	1	4
444	1692	1	4
24	1694	1	4
335	1694	1	4
251	1701	1	4
253	1701	1	4
273	1701	1	4
486	1701	1	4
205	1710	1	4
283	1710	1	4
300	1710	1	4
196	1715	1	4
422	1715	1	4
163	1724	1	4
181	1724	1	4
273	1724	1	4
471	1724	1	4
92	1726	1	4
377	1726	1	4
417	1728	1	4
31	1730	1	4
65	1730	1	4
121	1730	1	4
298	1730	1	4
335	1730	1	4
337	1730	1	4
351	1730	1	4
448	1730	1	4
273	1731	1	4
448	1731	1	4
491	1731	1	4
278	1733	1	4
32	1734	1	4
281	1743	1	4
68	1744	1	4
125	1744	1	4
122	1749	1	4
295	1749	1	4
423	1749	1	4
483	1749	1	4
303	1750	1	4
424	1750	1	4
281	1752	1	4
106	1755	1	4
65	1758	1	4
329	1758	1	4
344	1758	1	4
377	1758	1	4
216	1761	1	4
226	1761	1	4
324	1761	1	4
462	1764	1	4
216	1765	1	4
273	1765	1	4
324	1765	1	4
367	1765	1	4
450	1765	1	4
451	1765	1	4
440	1767	1	4
163	1769	1	4
450	1769	1	4
471	1769	1	4
273	1770	1	4
324	1772	1	4
118	1775	1	4
212	1775	1	4
420	1775	1	4
39	1777	1	4
100	1777	1	4
443	1777	1	4
486	1777	1	4
279	1778	2	4
486	1781	1	4
90	1782	1	4
178	1782	1	4
216	1782	1	4
39	1787	1	4
56	1787	1	4
118	1787	1	4
196	1787	1	4
212	1787	1	4
443	1787	1	4
57	1789	1	4
459	1789	1	4
32	1791	1	4
187	1791	1	4
226	1791	1	4
520	1791	1	4
20	1797	1	4
273	1797	1	4
367	1797	1	4
450	1797	1	4
104	1798	1	4
295	1798	1	4
347	1798	1	4
20	1800	1	4
304	1800	1	4
93	1803	1	4
120	1803	1	4
472	1803	1	4
226	1804	1	4
273	1804	1	4
377	1804	1	4
273	1805	1	4
486	1805	1	4
440	1806	1	4
207	1808	1	4
502	1808	1	4
290	1813	1	4
187	1819	1	4
278	1819	1	4
212	1827	1	4
304	1827	1	4
450	1827	1	4
453	1827	1	4
357	1830	1	4
378	1830	1	4
151	1833	1	4
265	1833	1	4
500	1833	1	4
326	1842	1	4
510	1842	1	4
69	1846	1	4
455	1846	1	4
226	1849	1	4
237	1849	2	4
266	1849	1	4
323	1849	1	4
428	1849	1	4
209	1855	1	4
218	1855	1	4
219	1855	1	4
254	1855	1	4
282	1855	1	4
379	1855	1	4
237	1864	1	4
361	1864	1	4
404	1864	1	4
191	1871	1	4
200	1871	1	4
324	1871	1	4
33	1872	1	4
413	1872	1	4
419	1872	1	4
193	1873	1	4
226	1873	1	4
450	1873	2	4
502	1873	1	4
509	1873	1	4
152	1874	1	4
180	1874	1	4
490	1874	1	4
274	1875	1	4
84	1880	1	4
278	1880	1	4
316	1880	1	4
273	1883	1	4
104	1885	1	4
226	1885	1	4
260	1885	1	4
450	1885	3	4
52	1886	1	4
292	1890	1	4
486	1890	1	4
188	1891	1	4
291	1891	1	4
292	1891	1	4
300	1891	2	4
90	1893	1	4
498	1894	1	4
32	1895	1	4
83	1895	1	4
422	1895	1	4
110	1898	1	4
179	1898	1	4
230	1898	1	4
291	1898	2	4
108	1899	1	4
199	1899	1	4
36	1902	1	4
206	1902	1	4
226	1902	1	4
164	1903	1	4
419	1903	1	4
273	1911	2	4
396	1911	1	4
399	1911	1	4
480	1911	1	4
133	1914	1	4
188	1914	1	4
209	1914	1	4
331	1914	1	4
226	1918	1	4
291	1918	1	4
418	1918	1	4
486	1918	1	4
190	1921	1	4
226	1921	1	4
361	1921	1	4
413	1921	1	4
484	1921	1	4
180	1923	1	4
320	1923	1	4
405	1923	1	4
450	1923	1	4
36	1928	1	4
77	1928	1	4
259	1928	1	4
226	1936	1	4
358	1936	1	4
484	1936	3	4
226	1944	1	4
373	1944	1	4
413	1944	1	4
143	1946	1	4
56	1953	1	4
427	1953	1	4
450	1953	1	4
487	1953	1	4
29	1962	1	4
79	1962	1	4
101	1962	1	4
226	1962	1	4
281	1962	1	4
367	1962	1	4
68	1964	1	4
226	1964	1	4
237	1964	2	4
243	1964	2	4
323	1964	2	4
335	1967	1	4
360	1967	1	4
39	1977	1	4
77	1977	1	4
259	1977	1	4
443	1977	1	4
493	1977	1	4
305	1980	1	4
39	1982	1	4
273	1982	1	4
346	1982	1	4
400	1982	1	4
427	1982	1	4
443	1982	1	4
169	1984	1	4
226	1984	1	4
237	1984	1	4
323	1984	1	4
273	1985	1	4
115	1987	1	4
304	1987	1	4
172	1988	1	4
227	1988	1	4
90	1990	1	4
226	1990	1	4
311	1990	1	4
319	1990	1	4
187	1991	1	4
273	1991	1	4
226	1992	1	4
39	1993	1	4
56	1993	1	4
273	1993	1	4
427	1993	1	4
443	1993	1	4
171	1995	1	4
175	1995	1	4
382	1995	1	4
508	1995	1	4
523	1995	1	4
25	2009	1	4
198	2009	1	4
291	2009	1	4
430	2009	1	4
487	2009	1	4
204	2016	1	4
459	2024	1	4
4	2025	2	4
352	2025	1	4
347	2033	1	4
283	2035	1	4
504	2035	1	4
427	2036	1	4
451	2036	1	4
198	2037	1	4
475	2037	1	4
86	2054	1	4
444	2054	1	4
463	2054	1	4
86	2055	1	4
196	2068	1	4
273	2068	1	4
493	2068	1	4
226	2075	1	4
237	2075	1	4
310	2075	1	4
323	2075	1	4
425	2075	1	4
435	2075	1	4
68	2076	1	4
502	2076	1	4
143	2085	1	4
273	2085	1	4
73	2086	1	4
226	2092	1	4
325	2095	1	4
486	2095	1	4
107	2098	1	4
200	2098	1	4
398	2098	1	4
437	2098	1	4
298	2100	1	4
218	2104	1	4
273	2104	1	4
285	2104	1	4
502	2104	1	4
35	2106	1	4
165	2106	1	4
199	2106	1	4
205	2106	1	4
298	2106	1	4
214	2109	1	4
226	2109	1	4
374	2109	1	4
400	2111	1	4
31	2123	1	4
226	2123	1	4
278	2123	1	4
414	2123	1	4
486	2123	1	4
278	2129	1	4
324	2129	1	4
393	2129	1	4
290	2135	1	4
324	2135	1	4
431	2135	1	4
226	2142	1	4
290	2142	1	4
431	2142	1	4
46	2143	1	4
226	2143	1	4
450	2143	1	4
171	2147	1	4
224	2147	1	4
253	2147	1	4
487	2147	1	4
127	2148	1	4
315	2148	1	4
523	2148	1	4
230	2149	1	4
100	2150	1	4
486	2150	1	4
201	2151	1	4
430	2151	1	4
134	2152	1	4
193	2152	1	4
335	2152	1	4
417	2152	1	4
431	2152	1	4
448	2152	1	4
204	2155	1	4
294	2155	1	4
88	2157	1	4
124	2157	1	4
295	2157	1	4
388	2157	1	4
460	2157	1	4
75	2158	1	4
162	2158	1	4
273	2158	1	4
472	2158	1	4
353	2159	1	4
517	2159	1	4
475	2161	1	4
111	2164	1	4
367	2164	1	4
111	2168	1	4
152	2168	1	4
407	2168	1	4
75	2171	1	4
273	2171	1	4
425	2171	1	4
111	2173	1	4
166	2173	1	4
206	2173	1	4
22	2174	1	4
64	2174	1	4
111	2174	1	4
149	2177	1	4
200	2177	1	4
498	2177	1	4
83	2179	1	4
172	2179	1	4
195	2179	1	4
251	2179	1	4
378	2179	1	4
369	2180	1	4
251	2185	1	4
344	2185	1	4
486	2185	1	4
78	2190	1	4
352	2191	1	4
407	2191	1	4
472	2191	1	4
22	2193	2	4
64	2193	1	4
122	2194	1	4
334	2194	1	4
216	2197	2	4
278	2199	1	4
226	2202	1	4
337	2202	1	4
341	2202	1	4
450	2202	1	4
470	2202	1	4
205	2203	1	4
316	2203	1	4
420	2203	1	4
86	2206	1	4
111	2206	1	4
198	2206	1	4
276	2206	1	4
273	2210	1	4
337	2210	1	4
341	2210	1	4
348	2210	1	4
452	2210	1	4
486	2210	1	4
57	2212	1	4
76	2212	1	4
226	2212	1	4
323	2212	1	4
18	2213	1	4
226	2213	1	4
18	2217	1	4
226	2217	1	4
33	2220	1	4
226	2220	1	4
273	2220	1	4
378	2220	1	4
18	2221	1	4
226	2221	1	4
75	2224	1	4
273	2224	1	4
479	2225	1	4
334	2226	1	4
431	2226	1	4
512	2226	1	4
107	2228	1	4
486	2228	1	4
57	2230	1	4
226	2230	1	4
323	2230	1	4
339	2230	1	4
187	2252	1	4
353	2252	1	4
378	2252	1	4
226	2258	1	4
400	2258	1	4
90	2272	1	4
226	2272	1	4
237	2272	1	4
277	2272	1	4
323	2272	1	4
89	2275	1	4
159	2275	1	4
226	2275	2	4
429	2275	1	4
482	2275	1	4
179	2283	1	4
400	2283	1	4
94	2284	1	4
400	2285	1	4
427	2285	1	4
459	2287	1	4
50	2288	1	4
226	2288	1	4
484	2288	1	4
41	2290	1	4
226	2290	1	4
20	2292	1	4
104	2292	1	4
230	2292	1	4
75	2294	1	4
218	2294	1	4
451	2294	1	4
486	2294	1	4
97	2295	1	4
357	2295	1	4
149	2297	1	4
226	2297	1	4
257	2297	1	4
308	2297	1	4
324	2297	1	4
205	2298	1	4
232	2298	1	4
3	2300	1	4
96	2300	1	4
484	2300	1	4
75	2302	1	4
81	2302	1	4
208	2302	1	4
218	2302	1	4
232	2302	1	4
84	2312	1	4
184	2312	1	4
462	2312	1	4
490	2312	1	4
493	2312	1	4
114	2317	1	4
137	2317	1	4
207	2317	1	4
20	2319	1	4
267	2319	1	4
278	2324	1	4
508	2324	1	4
196	2326	1	4
364	2326	1	4
6	2330	1	4
317	2330	1	4
445	2330	1	4
7	2334	1	4
133	2334	1	4
226	2334	1	4
325	2334	1	4
502	2334	1	4
95	2335	1	4
360	2335	1	4
471	2335	1	4
226	2337	1	4
338	2337	1	4
350	2337	1	4
403	2337	1	4
199	2339	1	4
226	2342	1	4
104	2343	1	4
203	2343	1	4
316	2343	1	4
124	2346	1	4
162	2346	1	4
228	2346	1	4
378	2347	1	4
451	2347	1	4
489	2347	1	4
38	2348	1	4
65	2348	1	4
68	2348	1	4
191	2348	1	4
225	2348	1	4
325	2348	1	4
36	2351	1	4
226	2351	1	4
226	2353	1	4
61	2354	1	4
81	2354	1	4
214	2354	1	4
280	2354	1	4
486	2354	1	4
496	2355	1	4
6	2359	1	4
138	2359	1	4
232	2359	1	4
273	2359	1	4
317	2359	1	4
364	2359	1	4
450	2360	1	4
496	2360	1	4
178	2361	1	4
270	2361	1	4
285	2361	1	4
316	2361	1	4
226	2362	1	4
161	2366	1	4
420	2366	1	4
132	2367	1	4
190	2367	1	4
494	2367	1	4
129	2370	1	4
179	2370	1	4
230	2370	1	4
267	2370	1	4
444	2370	1	4
115	2377	1	4
118	2377	1	4
263	2377	1	4
274	2377	1	4
172	2379	1	4
233	2379	1	4
345	2381	1	4
431	2381	1	4
484	2381	1	4
430	2382	1	4
510	2382	1	4
220	2386	1	4
40	2387	1	4
300	2387	1	4
204	2389	1	4
251	2390	1	4
253	2390	1	4
11	2391	1	4
301	2392	1	4
68	2395	1	4
115	2395	1	4
150	2395	1	4
193	2395	1	4
202	2395	1	4
226	2395	1	4
450	2395	1	4
452	2395	1	4
486	2395	1	4
251	2404	1	4
253	2404	1	4
336	2404	1	4
345	2404	1	4
470	2404	1	4
517	2404	1	4
251	2406	1	4
253	2406	1	4
273	2406	1	4
251	2407	1	4
253	2407	1	4
28	2408	1	4
92	2408	1	4
450	2408	1	4
502	2410	1	4
92	2412	1	4
226	2412	1	4
226	2413	1	4
237	2413	2	4
323	2413	2	4
226	2414	1	4
323	2414	1	4
361	2414	1	4
328	2415	1	4
337	2415	1	4
472	2415	1	4
502	2415	1	4
251	2416	1	4
253	2416	1	4
421	2416	1	4
471	2416	1	4
486	2416	1	4
226	2417	1	4
237	2417	2	4
266	2417	1	4
323	2417	1	4
428	2417	1	4
251	2419	1	4
253	2419	1	4
273	2419	1	4
99	2420	1	4
153	2421	1	4
251	2421	1	4
253	2421	1	4
6	2422	1	4
273	2422	1	4
317	2422	1	4
387	2422	1	4
479	2423	1	4
336	2426	1	4
48	2430	1	4
270	2430	1	4
450	2430	1	4
462	2430	1	4
2	2431	1	4
251	2431	1	4
253	2431	1	4
198	2438	1	4
482	2438	1	4
219	2440	1	4
73	2445	1	4
110	2445	1	4
118	2445	1	4
141	2445	1	4
332	2445	1	4
462	2445	1	4
207	2447	1	4
262	2447	1	4
314	2447	1	4
476	2447	1	4
307	2449	1	4
486	2449	1	4
363	2454	1	4
425	2454	1	4
222	2455	1	4
232	2455	1	4
219	2456	1	4
405	2456	1	4
82	2458	1	4
107	2458	2	4
82	2463	1	4
52	2464	1	4
196	2464	1	4
52	2465	1	4
222	2465	1	4
308	2465	1	4
41	2466	1	4
198	2466	1	4
222	2466	1	4
261	2466	1	4
52	2468	1	4
166	2468	1	4
263	2468	1	4
265	2468	1	4
340	2468	1	4
360	2468	1	4
148	2470	1	4
193	2470	1	4
209	2470	1	4
273	2470	2	4
396	2470	1	4
450	2470	1	4
520	2470	1	4
278	2471	1	4
6	2472	1	4
273	2472	1	4
317	2472	1	4
148	2473	1	4
196	2473	1	4
412	2473	1	4
418	2473	1	4
226	2475	1	4
237	2475	1	4
226	2479	1	4
290	2479	1	4
486	2479	1	4
106	2483	3	4
321	2483	1	4
400	2483	1	4
470	2483	1	4
422	2485	1	4
32	2488	1	4
292	2488	1	4
340	2488	1	4
176	2491	1	4
251	2491	1	4
288	2491	1	4
16	2492	1	4
137	2492	1	4
226	2492	1	4
237	2492	2	4
266	2492	1	4
306	2492	1	4
324	2492	1	4
428	2492	2	4
463	2492	1	4
164	2493	1	4
226	2493	1	4
278	2493	1	4
506	2493	1	4
278	2494	1	4
96	2497	1	4
244	2498	1	4
450	2499	1	4
444	2500	1	4
490	2500	1	4
14	2501	1	4
493	2501	1	4
77	2503	1	4
331	2503	1	4
14	2504	1	4
265	2505	1	4
340	2505	1	4
486	2505	1	4
321	2506	1	4
502	2506	1	4
251	2508	1	4
288	2508	1	4
451	2508	1	4
95	2509	1	4
308	2509	1	4
431	2509	1	4
440	2509	1	4
21	2510	1	4
270	2510	1	4
478	2510	1	4
274	2512	1	4
402	2512	1	4
431	2512	1	4
274	2513	1	4
389	2513	1	4
273	2516	1	4
304	2516	1	4
352	2516	1	4
486	2516	1	4
14	2518	1	4
450	2518	1	4
42	2520	1	4
450	2520	1	4
498	2520	2	4
170	2522	1	4
70	2523	1	4
147	2523	1	4
196	2523	1	4
265	2523	1	4
340	2523	1	4
486	2523	1	4
274	2524	1	4
486	2524	1	4
187	2527	1	4
321	2527	1	4
481	2527	1	4
495	2527	1	4
517	2527	1	4
6	2529	1	4
317	2529	1	4
335	2529	1	4
232	2530	1	4
273	2530	1	4
497	2530	1	4
105	2532	1	4
162	2532	1	4
321	2534	1	4
274	2535	1	4
409	2535	1	4
273	2541	1	4
353	2542	1	4
97	2544	1	4
396	2544	1	4
208	2548	1	4
226	2548	1	4
263	2548	1	4
270	2548	1	4
304	2548	1	4
450	2548	1	4
321	2549	1	4
274	2551	1	4
8	2552	1	4
126	2552	1	4
342	2552	1	4
378	2552	1	4
514	2552	1	4
274	2554	1	4
263	2559	1	4
264	2559	1	4
274	2559	1	4
126	2560	1	4
244	2560	1	4
342	2560	1	4
418	2560	1	4
514	2560	1	4
171	2561	1	4
226	2561	1	4
161	2565	2	4
450	2565	1	4
162	1	1	6
296	1	1	6
486	1	1	6
508	1	1	6
92	2	1	6
202	2	1	6
223	2	1	6
254	2	1	6
486	2	1	6
93	4	1	6
195	4	1	6
105	5	1	6
380	5	1	6
238	7	1	6
452	7	1	6
226	8	1	6
260	8	1	6
367	8	1	6
434	8	1	6
520	8	1	6
270	10	1	6
381	10	1	6
422	10	1	6
38	11	1	6
179	11	1	6
427	11	1	6
500	11	1	6
165	13	1	6
450	15	1	6
498	15	1	6
270	17	1	6
448	17	1	6
38	18	1	6
226	18	1	6
335	18	1	6
122	19	1	6
150	19	1	6
134	27	1	6
80	29	1	6
130	29	1	6
197	31	1	6
207	31	1	6
339	31	1	6
407	31	1	6
492	31	1	6
214	32	3	6
187	36	1	6
209	36	1	6
449	36	1	6
201	37	1	6
268	37	1	6
360	37	1	6
201	40	1	6
268	40	1	6
360	40	1	6
461	44	1	6
161	45	1	6
137	47	1	6
149	47	1	6
450	47	1	6
102	49	1	6
224	49	1	6
292	50	1	6
301	50	1	6
436	50	1	6
160	51	1	6
339	51	1	6
413	51	1	6
226	56	1	6
449	56	1	6
261	57	1	6
419	57	1	6
379	58	2	6
118	59	1	6
218	60	1	6
1	61	1	6
99	61	1	6
103	61	1	6
125	61	1	6
153	61	1	6
206	61	1	6
265	62	1	6
524	63	1	6
226	64	1	6
449	64	1	6
235	65	1	6
182	67	1	6
13	68	1	6
415	68	1	6
490	68	1	6
305	69	1	6
366	69	1	6
444	69	1	6
286	70	2	6
105	72	1	6
232	72	1	6
272	72	1	6
28	73	1	6
226	73	1	6
459	73	1	6
157	75	1	6
211	75	1	6
304	75	1	6
314	75	1	6
450	75	1	6
452	75	1	6
486	75	1	6
7	76	1	6
108	76	1	6
358	76	1	6
43	80	1	6
200	80	1	6
22	84	1	6
73	84	1	6
334	85	1	6
200	86	1	6
226	86	1	6
298	86	1	6
281	87	1	6
226	88	1	6
413	93	1	6
457	93	1	6
165	94	1	6
219	94	1	6
226	95	1	6
493	95	1	6
226	100	1	6
332	102	1	6
490	102	1	6
350	104	1	6
480	104	1	6
502	104	1	6
93	111	1	6
466	111	1	6
422	112	1	6
2	116	1	6
24	118	1	6
187	118	1	6
200	118	1	6
341	118	1	6
360	118	1	6
470	118	1	6
226	120	1	6
450	120	1	6
40	124	1	6
281	124	1	6
520	124	1	6
65	125	1	6
71	125	1	6
136	125	1	6
265	125	1	6
294	125	1	6
172	126	1	6
235	126	1	6
56	128	1	6
493	128	1	6
524	128	1	6
199	129	1	6
278	129	1	6
298	129	1	6
427	131	1	6
56	134	1	6
162	134	1	6
230	134	1	6
56	135	1	6
270	135	1	6
450	135	2	6
235	136	1	6
38	138	1	6
226	138	1	6
226	141	1	6
278	141	1	6
65	142	1	6
263	142	1	6
432	142	1	6
515	142	1	6
125	145	1	6
170	145	1	6
365	145	1	6
261	146	1	6
335	146	1	6
378	147	1	6
511	147	1	6
226	149	1	6
378	149	1	6
99	151	1	6
110	151	1	6
251	151	1	6
73	154	1	6
285	154	1	6
438	154	1	6
99	155	1	6
110	155	1	6
226	155	1	6
251	155	1	6
226	157	1	6
406	157	1	6
226	158	1	6
232	158	1	6
269	158	1	6
296	158	1	6
127	160	1	6
232	160	1	6
506	160	1	6
315	161	1	6
336	161	1	6
486	161	1	6
490	161	1	6
303	164	1	6
226	165	1	6
450	165	1	6
495	165	1	6
41	166	1	6
449	166	1	6
212	169	1	6
375	169	1	6
457	173	1	6
278	175	1	6
379	175	1	6
493	175	1	6
226	177	1	6
68	181	1	6
52	183	1	6
98	183	1	6
182	183	1	6
226	183	1	6
235	183	1	6
370	183	1	6
448	183	1	6
512	184	1	6
13	187	1	6
182	187	1	6
245	187	1	6
132	191	1	6
191	191	1	6
302	191	1	6
427	191	1	6
457	193	1	6
73	194	1	6
134	194	1	6
160	194	1	6
252	194	1	6
89	199	1	6
120	199	1	6
252	199	1	6
269	199	1	6
69	202	1	6
226	202	1	6
323	202	1	6
330	202	1	6
132	205	1	6
407	205	1	6
226	206	1	6
384	206	1	6
450	206	1	6
498	206	1	6
27	211	1	6
73	216	1	6
162	216	1	6
152	217	1	6
399	217	1	6
29	218	1	6
251	218	1	6
388	218	1	6
489	218	1	6
243	224	1	6
335	224	1	6
278	229	1	6
400	229	1	6
470	229	1	6
96	231	1	6
198	231	1	6
335	231	1	6
438	231	1	6
60	232	1	6
310	232	1	6
463	232	1	6
187	235	1	6
213	235	1	6
357	235	1	6
450	235	1	6
22	236	1	6
45	236	1	6
149	236	1	6
461	236	1	6
79	238	1	6
89	238	1	6
198	238	1	6
401	238	1	6
459	238	1	6
97	241	1	6
346	241	1	6
504	241	1	6
273	243	1	6
154	244	1	6
191	244	1	6
288	244	2	6
191	245	1	6
232	245	1	6
450	245	1	6
451	245	1	6
471	245	1	6
34	246	1	6
438	246	1	6
30	251	1	6
162	251	1	6
187	253	1	6
444	253	1	6
456	253	1	6
459	253	1	6
419	254	1	6
493	256	1	6
520	256	1	6
450	257	1	6
451	257	1	6
493	257	1	6
345	261	1	6
179	263	1	6
471	263	1	6
501	263	1	6
81	264	1	6
149	264	1	6
226	264	1	6
314	264	1	6
378	264	1	6
279	265	1	6
225	269	1	6
388	269	1	6
461	269	1	6
28	270	1	6
226	270	1	6
444	271	1	6
486	271	1	6
337	272	1	6
356	272	1	6
364	272	1	6
226	273	1	6
493	273	1	6
211	274	1	6
511	274	1	6
213	277	1	6
226	277	1	6
291	277	1	6
450	277	1	6
486	277	1	6
48	282	1	6
88	282	1	6
486	282	1	6
494	282	1	6
446	287	1	6
449	287	1	6
51	288	1	6
51	289	1	6
456	289	1	6
487	289	2	6
511	290	1	6
527	290	1	6
207	292	1	6
235	292	1	6
472	292	1	6
97	294	1	6
101	295	1	6
225	295	1	6
420	295	1	6
278	301	1	6
228	303	1	6
335	303	1	6
336	303	1	6
486	306	1	6
124	307	1	6
273	307	1	6
427	307	1	6
526	308	1	6
218	309	1	6
273	309	1	6
341	309	1	6
354	309	1	6
450	309	1	6
324	311	1	6
345	311	1	6
450	311	1	6
166	313	1	6
273	313	1	6
326	313	1	6
450	314	1	6
502	314	1	6
57	316	1	6
226	316	1	6
310	316	1	6
323	316	1	6
361	316	1	6
435	316	1	6
463	316	1	6
32	318	1	6
268	318	1	6
304	318	1	6
335	318	1	6
360	318	1	6
474	318	1	6
502	318	1	6
511	318	2	6
145	320	1	6
159	320	1	6
226	320	1	6
244	320	1	6
284	320	1	6
132	321	1	6
226	321	1	6
350	321	1	6
184	324	1	6
457	324	1	6
107	326	1	6
510	326	1	6
22	327	1	6
193	327	1	6
207	327	1	6
273	327	1	6
503	327	1	6
30	329	1	6
137	329	1	6
433	329	1	6
457	329	1	6
215	331	1	6
226	331	1	6
342	331	1	6
149	335	1	6
230	335	1	6
273	335	1	6
367	335	1	6
451	335	1	6
470	335	1	6
96	336	1	6
166	338	1	6
273	338	1	6
439	338	1	6
467	338	1	6
42	343	1	6
214	343	1	6
296	343	1	6
269	351	1	6
347	351	1	6
350	351	1	6
364	354	1	6
518	354	1	6
294	358	1	6
440	358	1	6
452	358	1	6
486	358	1	6
226	360	1	6
378	360	1	6
151	361	1	6
226	365	1	6
57	366	1	6
226	366	1	6
323	366	1	6
445	366	1	6
226	367	1	6
323	367	1	6
222	368	1	6
117	369	1	6
343	369	1	6
404	369	1	6
42	370	1	6
89	370	1	6
222	371	1	6
228	371	1	6
389	371	1	6
73	376	1	6
470	376	1	6
64	378	1	6
419	378	1	6
152	379	1	6
364	379	1	6
518	379	2	6
57	380	1	6
226	380	1	6
323	380	1	6
209	381	2	6
86	383	1	6
219	383	1	6
239	383	1	6
166	387	1	6
184	387	1	6
226	387	1	6
481	387	1	6
493	387	1	6
158	389	1	6
222	389	1	6
357	389	1	6
364	389	1	6
462	389	1	6
226	390	1	6
346	390	1	6
451	391	1	6
493	391	1	6
36	392	1	6
51	392	1	6
125	392	1	6
214	392	1	6
275	392	1	6
439	392	1	6
225	393	1	6
309	393	1	6
316	393	1	6
427	394	1	6
122	395	1	6
450	395	1	6
486	395	1	6
195	396	1	6
203	396	1	6
308	396	1	6
414	396	1	6
526	396	1	6
38	401	1	6
389	401	1	6
486	401	1	6
487	401	1	6
51	403	1	6
85	403	1	6
278	403	1	6
462	403	1	6
495	403	1	6
27	405	1	6
451	405	1	6
469	405	1	6
196	408	1	6
348	408	1	6
139	409	1	6
347	409	1	6
226	410	1	6
501	410	1	6
268	411	1	6
278	411	1	6
288	411	1	6
390	411	1	6
417	411	1	6
450	411	1	6
190	413	1	6
419	413	1	6
182	415	1	6
450	415	1	6
470	415	1	6
347	416	1	6
278	419	1	6
68	423	1	6
78	423	1	6
144	423	1	6
173	423	1	6
198	423	1	6
223	424	1	6
105	426	1	6
114	426	1	6
378	426	1	6
149	427	1	6
406	427	1	6
486	427	1	6
273	428	1	6
378	428	1	6
417	428	1	6
379	429	1	6
514	429	1	6
450	430	1	6
3	432	1	6
335	432	2	6
444	432	2	6
470	432	1	6
486	432	1	6
524	432	1	6
300	434	1	6
379	434	1	6
460	434	1	6
461	434	1	6
486	434	1	6
226	437	1	6
427	437	1	6
469	439	1	6
32	440	1	6
114	440	1	6
170	446	1	6
360	447	1	6
19	450	1	6
462	450	1	6
499	451	1	6
217	454	1	6
221	454	1	6
278	454	1	6
309	457	1	6
328	457	1	6
493	457	1	6
300	458	1	6
387	458	1	6
465	458	1	6
491	458	1	6
199	461	1	6
387	463	1	6
124	465	1	6
362	465	1	6
367	465	1	6
407	467	1	6
471	467	1	6
143	468	1	6
226	468	1	6
121	469	1	6
300	469	1	6
315	469	1	6
459	470	1	6
316	472	1	6
407	472	1	6
415	472	1	6
14	475	1	6
493	475	1	6
503	475	1	6
102	477	1	6
312	477	1	6
351	477	1	6
3	479	1	6
38	479	1	6
107	479	1	6
273	479	1	6
486	479	1	6
155	480	1	6
335	480	1	6
273	481	1	6
104	482	1	6
155	482	1	6
179	482	1	6
312	482	1	6
413	482	1	6
478	482	1	6
41	484	1	6
100	484	1	6
296	484	1	6
327	484	1	6
335	484	1	6
471	484	1	6
479	484	1	6
65	486	1	6
278	486	1	6
327	486	1	6
521	486	1	6
81	487	1	6
187	488	1	6
196	488	1	6
444	488	1	6
451	488	1	6
513	488	1	6
43	490	1	6
59	490	1	6
65	490	1	6
93	490	1	6
156	490	1	6
226	490	1	6
378	490	1	6
450	490	1	6
275	492	1	6
288	492	1	6
300	492	1	6
309	492	1	6
402	492	1	6
450	492	1	6
460	492	1	6
479	492	1	6
493	492	1	6
24	493	1	6
182	493	1	6
309	493	1	6
451	493	1	6
486	493	1	6
450	495	1	6
156	497	1	6
378	497	1	6
426	497	1	6
273	501	1	6
4	502	1	6
349	502	1	6
486	502	1	6
124	511	1	6
418	511	1	6
55	512	1	6
418	513	1	6
300	514	1	6
463	515	1	6
82	520	1	6
226	520	1	6
278	520	1	6
162	526	1	6
216	526	1	6
29	527	1	6
339	527	1	6
162	528	1	6
246	528	1	6
105	530	1	6
125	530	1	6
469	530	1	6
489	530	1	6
390	531	1	6
330	532	1	6
57	533	1	6
225	533	1	6
226	533	1	6
300	533	1	6
323	533	1	6
128	535	1	6
226	535	1	6
251	535	1	6
378	535	1	6
420	535	1	6
193	538	1	6
411	538	1	6
450	538	1	6
31	539	1	6
520	539	1	6
523	539	1	6
309	541	1	6
461	541	1	6
105	542	4	6
226	542	1	6
128	551	1	6
191	551	1	6
202	551	1	6
251	551	1	6
420	551	1	6
487	554	1	6
25	555	1	6
38	555	1	6
293	555	1	6
390	555	1	6
502	555	1	6
132	556	1	6
403	556	1	6
131	557	1	6
131	559	1	6
353	559	1	6
196	560	1	6
462	560	1	6
84	563	2	6
260	563	1	6
269	563	1	6
275	563	1	6
351	563	1	6
450	563	1	6
108	564	1	6
276	564	1	6
303	564	1	6
44	565	1	6
253	565	3	6
271	565	1	6
487	565	1	6
238	570	1	6
219	573	1	6
261	573	1	6
56	578	1	6
196	578	1	6
199	578	1	6
222	578	1	6
245	578	1	6
497	578	1	6
305	582	1	6
342	582	1	6
473	582	1	6
58	583	1	6
173	583	1	6
222	583	1	6
283	583	1	6
479	589	1	6
169	600	1	6
197	600	1	6
226	600	1	6
335	600	1	6
413	600	1	6
492	600	1	6
187	605	1	6
386	605	1	6
47	606	1	6
470	606	1	6
471	606	1	6
490	606	1	6
311	607	1	6
422	611	1	6
161	613	1	6
244	613	1	6
420	613	2	6
516	613	1	6
199	616	1	6
222	616	1	6
278	616	1	6
291	616	1	6
44	617	1	6
45	617	1	6
63	617	1	6
109	617	1	6
193	617	1	6
194	617	1	6
520	617	1	6
89	618	1	6
125	618	1	6
233	618	1	6
378	618	1	6
487	618	1	6
495	618	1	6
502	618	1	6
335	621	1	6
470	621	1	6
450	624	1	6
134	627	1	6
187	627	1	6
386	627	1	6
425	627	1	6
523	627	1	6
124	630	1	6
184	631	1	6
418	631	1	6
273	632	1	6
386	632	1	6
487	632	1	6
511	632	1	6
13	633	1	6
230	633	1	6
502	633	1	6
196	634	1	6
209	634	1	6
389	634	1	6
316	635	1	6
472	635	1	6
179	636	1	6
500	636	1	6
379	639	1	6
188	640	1	6
213	640	1	6
278	640	1	6
326	640	1	6
71	641	1	6
149	641	1	6
187	641	1	6
232	641	1	6
276	641	1	6
316	641	1	6
386	641	1	6
410	642	1	6
395	645	1	6
226	646	1	6
404	646	1	6
220	647	1	6
292	647	1	6
336	647	1	6
436	647	1	6
479	647	1	6
231	649	1	6
350	649	1	6
386	649	1	6
487	649	1	6
67	653	1	6
397	653	1	6
433	653	1	6
131	654	1	6
201	654	2	6
424	654	1	6
12	655	1	6
232	655	1	6
226	656	1	6
314	656	1	6
243	659	1	6
395	661	1	6
208	667	1	6
256	667	1	6
381	667	1	6
409	667	1	6
395	668	1	6
123	669	2	6
324	669	1	6
278	673	1	6
302	673	1	6
450	673	1	6
517	673	2	6
450	675	1	6
461	675	1	6
395	677	1	6
461	677	1	6
462	677	1	6
493	677	1	6
229	679	1	6
486	679	2	6
423	681	1	6
526	681	1	6
364	682	1	6
493	682	1	6
518	682	2	6
58	683	1	6
411	683	1	6
461	683	1	6
484	683	1	6
300	686	1	6
343	686	1	6
360	686	1	6
395	688	1	6
304	690	1	6
436	690	1	6
450	690	1	6
149	692	1	6
129	696	1	6
340	697	1	6
194	698	1	6
32	699	1	6
450	699	1	6
487	699	1	6
168	701	1	6
198	701	1	6
226	701	1	6
239	701	1	6
287	701	1	6
399	701	1	6
431	701	1	6
450	701	1	6
28	703	1	6
87	703	1	6
504	703	1	6
224	705	1	6
487	705	1	6
143	707	1	6
162	707	2	6
215	707	1	6
301	707	1	6
184	708	1	6
427	708	1	6
300	710	1	6
450	710	1	6
520	710	1	6
162	711	1	6
170	711	1	6
216	711	1	6
388	711	1	6
486	711	1	6
278	715	1	6
312	717	1	6
450	718	1	6
511	723	1	6
515	723	1	6
76	724	1	6
187	726	1	6
324	726	1	6
503	726	1	6
112	728	1	6
194	729	1	6
137	730	1	6
409	730	1	6
459	730	1	6
461	730	1	6
493	730	1	6
457	732	1	6
486	732	2	6
437	736	1	6
518	736	1	6
179	741	1	6
211	741	1	6
301	741	1	6
337	741	1	6
92	743	1	6
207	743	1	6
402	744	1	6
524	744	1	6
57	751	1	6
226	751	1	6
323	751	1	6
194	754	1	6
250	754	1	6
364	756	1	6
400	756	1	6
436	756	1	6
518	756	1	6
214	758	1	6
194	760	1	6
250	760	1	6
278	760	1	6
226	761	2	6
269	761	1	6
389	761	1	6
194	763	1	6
324	765	1	6
348	765	1	6
426	765	1	6
191	766	1	6
252	766	1	6
450	766	1	6
505	766	1	6
184	767	1	6
196	767	1	6
218	767	1	6
427	767	1	6
495	767	1	6
497	767	1	6
194	769	1	6
250	769	1	6
112	771	1	6
164	771	1	6
497	771	1	6
392	772	1	6
194	774	1	6
25	775	1	6
133	775	1	6
162	775	1	6
192	776	1	6
104	779	1	6
486	779	1	6
226	783	1	6
318	783	1	6
284	784	1	6
315	784	1	6
260	788	2	6
335	788	2	6
411	788	1	6
273	789	1	6
143	791	1	6
449	791	1	6
122	792	1	6
372	792	1	6
166	793	1	6
222	793	1	6
270	793	1	6
453	793	1	6
512	793	1	6
140	794	1	6
178	794	1	6
232	794	1	6
378	794	1	6
469	794	1	6
189	795	1	6
394	795	1	6
450	795	1	6
207	796	1	6
100	797	1	6
371	797	1	6
374	797	1	6
463	797	1	6
179	801	1	6
194	801	1	6
278	801	1	6
204	803	1	6
367	803	1	6
180	807	1	6
492	807	1	6
194	809	1	6
435	809	1	6
194	811	1	6
204	814	1	6
57	815	1	6
194	815	1	6
361	815	1	6
155	817	1	6
166	817	1	6
370	817	1	6
440	817	1	6
205	819	1	6
194	823	1	6
509	823	1	6
92	824	1	6
279	824	1	6
410	824	1	6
430	826	1	6
22	827	1	6
418	827	1	6
448	827	1	6
194	831	1	6
246	831	2	6
19	836	1	6
97	836	1	6
174	836	1	6
196	836	1	6
172	838	1	6
278	838	1	6
357	838	1	6
446	838	1	6
471	838	1	6
485	843	1	6
485	844	1	6
378	845	1	6
485	845	1	6
179	846	1	6
194	846	1	6
409	846	1	6
485	847	1	6
485	848	1	6
65	850	1	6
340	850	1	6
219	852	1	6
65	856	1	6
270	856	1	6
316	856	1	6
383	856	1	6
194	857	1	6
50	860	1	6
207	861	1	6
245	861	2	6
265	861	1	6
335	861	1	6
297	864	1	6
173	867	1	6
245	868	1	6
188	871	1	6
470	871	1	6
311	873	1	6
360	873	1	6
4	874	1	6
187	874	1	6
220	874	1	6
245	876	1	6
168	878	1	6
226	878	1	6
420	878	1	6
450	878	1	6
97	879	1	6
35	880	1	6
74	880	1	6
205	880	1	6
226	880	1	6
416	880	1	6
219	882	1	6
316	882	1	6
379	882	1	6
463	882	1	6
390	884	1	6
50	889	1	6
35	892	1	6
205	892	1	6
226	892	1	6
278	892	1	6
122	893	1	6
226	893	1	6
372	893	1	6
8	894	1	6
19	894	1	6
21	894	1	6
462	894	1	6
483	894	1	6
123	896	1	6
226	896	1	6
24	898	1	6
204	898	1	6
335	898	1	6
474	898	1	6
502	898	1	6
37	900	1	6
226	900	1	6
420	900	1	6
173	902	1	6
445	902	1	6
37	905	1	6
123	905	1	6
226	905	1	6
420	905	1	6
86	909	1	6
141	909	1	6
205	909	1	6
209	909	1	6
290	909	1	6
450	909	1	6
459	909	1	6
226	914	1	6
323	914	1	6
353	914	1	6
369	914	1	6
37	917	1	6
226	917	1	6
355	917	1	6
420	917	1	6
523	917	2	6
279	918	1	6
243	920	1	6
486	925	1	6
37	926	1	6
177	926	1	6
226	926	1	6
420	926	1	6
273	927	1	6
278	928	1	6
291	928	1	6
324	928	1	6
335	928	1	6
345	930	1	6
456	930	1	6
172	932	1	6
226	932	1	6
338	932	1	6
243	933	1	6
471	933	1	6
511	933	1	6
133	934	1	6
324	934	1	6
459	934	1	6
489	934	1	6
243	935	4	6
269	936	1	6
37	937	1	6
226	937	1	6
303	937	1	6
420	937	1	6
231	942	1	6
37	944	1	6
123	944	1	6
226	944	1	6
420	944	1	6
450	946	1	6
37	949	1	6
123	949	1	6
187	949	1	6
226	949	1	6
355	949	1	6
81	950	1	6
422	954	1	6
37	956	1	6
226	956	1	6
335	956	1	6
355	956	1	6
420	956	1	6
503	956	1	6
91	958	1	6
106	958	1	6
132	958	1	6
510	958	1	6
278	961	1	6
450	968	1	6
35	969	1	6
144	969	1	6
205	969	1	6
172	972	1	6
314	972	1	6
107	975	1	6
116	975	1	6
147	976	1	6
316	978	1	6
486	978	1	6
441	981	1	6
296	982	1	6
205	984	1	6
370	984	1	6
62	985	1	6
159	985	1	6
177	985	1	6
226	985	1	6
37	986	1	6
207	986	1	6
226	986	1	6
355	986	1	6
420	986	1	6
201	987	1	6
229	987	1	6
269	987	1	6
306	987	1	6
326	987	1	6
409	987	1	6
316	990	1	6
418	990	1	6
143	991	1	6
226	991	1	6
304	991	1	6
388	991	1	6
473	991	1	6
37	993	1	6
207	993	1	6
226	993	1	6
355	993	1	6
420	993	1	6
24	995	1	6
502	995	1	6
152	996	1	6
226	996	1	6
431	997	1	6
248	1000	1	6
378	1000	1	6
472	1000	1	6
116	1003	1	6
523	1006	1	6
36	1012	1	6
165	1018	1	6
186	1018	1	6
226	1018	1	6
243	1019	1	6
273	1019	1	6
388	1019	1	6
456	1021	1	6
452	1026	1	6
486	1026	1	6
450	1028	1	6
499	1028	1	6
486	1029	1	6
288	1036	1	6
316	1036	1	6
172	1038	1	6
196	1038	1	6
131	1039	1	6
479	1041	1	6
495	1043	1	6
226	1051	1	6
286	1051	1	6
450	1051	1	6
493	1051	2	6
527	1051	1	6
226	1052	1	6
188	1053	1	6
226	1053	1	6
278	1053	1	6
286	1053	1	6
305	1053	1	6
394	1053	1	6
493	1053	1	6
527	1053	1	6
465	1054	1	6
19	1055	1	6
232	1055	1	6
278	1055	1	6
180	1057	1	6
273	1057	1	6
151	1061	1	6
375	1061	1	6
206	1063	1	6
117	1064	1	6
107	1065	1	6
187	1065	1	6
478	1065	2	6
38	1071	1	6
184	1071	1	6
362	1071	1	6
187	1072	1	6
417	1072	1	6
86	1074	1	6
354	1074	1	6
493	1074	1	6
232	1081	1	6
204	1083	1	6
229	1083	1	6
243	1083	1	6
450	1083	1	6
486	1083	1	6
264	1088	1	6
413	1088	1	6
35	1089	1	6
219	1089	1	6
226	1089	1	6
278	1089	1	6
419	1089	1	6
270	1091	1	6
409	1092	1	6
182	1093	2	6
353	1093	1	6
434	1093	1	6
452	1093	1	6
486	1093	3	6
311	1097	1	6
438	1097	1	6
470	1097	1	6
182	1099	1	6
298	1099	1	6
520	1099	1	6
24	1102	1	6
196	1102	1	6
335	1102	1	6
348	1102	1	6
226	1103	1	6
310	1103	1	6
338	1103	1	6
350	1103	1	6
435	1103	1	6
30	1104	1	6
162	1104	1	6
165	1104	1	6
219	1104	1	6
132	1105	1	6
165	1105	1	6
273	1105	1	6
226	1106	1	6
310	1106	1	6
338	1106	1	6
350	1106	1	6
435	1106	1	6
197	1107	1	6
226	1107	1	6
323	1107	1	6
330	1107	1	6
40	1131	1	6
306	1131	1	6
450	1131	1	6
220	1134	1	6
278	1134	1	6
414	1134	1	6
488	1134	1	6
108	1135	1	6
181	1135	1	6
43	1141	1	6
57	1141	1	6
24	1145	1	6
226	1145	1	6
314	1145	1	6
398	1145	1	6
480	1145	1	6
484	1149	1	6
145	1157	1	6
273	1157	1	6
284	1157	1	6
504	1157	1	6
187	1158	1	6
517	1158	1	6
226	1162	1	6
293	1162	1	6
323	1162	1	6
358	1162	1	6
484	1162	1	6
308	1165	1	6
450	1165	1	6
79	1167	1	6
157	1167	1	6
189	1167	1	6
380	1167	1	6
306	1171	1	6
226	1173	1	6
339	1173	1	6
484	1173	1	6
24	1175	1	6
495	1175	1	6
496	1175	1	6
510	1175	1	6
124	1176	1	6
247	1179	1	6
26	1180	1	6
69	1180	1	6
187	1180	1	6
198	1180	1	6
201	1180	1	6
258	1180	1	6
478	1180	2	6
247	1181	1	6
28	1182	1	6
125	1182	1	6
444	1182	1	6
316	1183	1	6
288	1185	1	6
515	1185	1	6
223	1190	1	6
388	1190	1	6
459	1190	1	6
247	1191	1	6
306	1193	1	6
450	1193	1	6
57	1196	1	6
226	1196	1	6
525	1196	1	6
57	1199	1	6
226	1199	1	6
525	1199	1	6
226	1202	1	6
256	1202	1	6
304	1202	1	6
450	1202	1	6
487	1202	1	6
45	1205	1	6
306	1205	1	6
216	1207	1	6
226	1209	1	6
293	1209	1	6
323	1209	1	6
350	1209	1	6
44	1211	1	6
243	1211	1	6
306	1213	1	6
161	1214	1	6
306	1214	1	6
331	1214	1	6
365	1214	1	6
409	1214	1	6
470	1214	1	6
166	1217	1	6
129	1219	1	6
267	1219	1	6
476	1219	1	6
226	1220	1	6
298	1221	2	6
353	1221	1	6
406	1221	1	6
331	1226	1	6
524	1226	1	6
258	1230	1	6
278	1230	1	6
226	1232	1	6
306	1232	1	6
500	1232	1	6
120	1236	1	6
226	1236	1	6
435	1236	1	6
103	1240	1	6
207	1240	1	6
227	1240	1	6
113	1244	1	6
140	1244	1	6
162	1244	1	6
378	1244	1	6
187	1245	1	6
193	1245	1	6
383	1245	1	6
487	1245	1	6
67	1251	1	6
188	1251	1	6
433	1251	1	6
450	1251	1	6
502	1253	1	6
45	1255	1	6
113	1255	1	6
140	1255	1	6
273	1255	1	6
277	1255	1	6
298	1255	1	6
378	1255	1	6
113	1256	1	6
298	1256	1	6
3	1263	1	6
113	1263	1	6
191	1263	1	6
285	1263	1	6
332	1263	1	6
339	1263	1	6
480	1263	1	6
347	1266	1	6
4	1267	1	6
84	1267	1	6
113	1267	1	6
113	1268	1	6
225	1268	1	6
273	1268	1	6
332	1268	1	6
450	1269	2	6
490	1269	1	6
24	1271	1	6
130	1271	1	6
316	1271	1	6
469	1271	1	6
113	1272	1	6
138	1278	1	6
225	1278	1	6
450	1278	1	6
200	1283	1	6
278	1283	1	6
369	1283	1	6
1	1284	1	6
70	1284	1	6
162	1284	1	6
335	1284	1	6
502	1284	1	6
81	1286	1	6
450	1286	1	6
324	1287	1	6
325	1287	1	6
495	1287	1	6
525	1287	1	6
207	1290	1	6
489	1290	1	6
56	1295	1	6
298	1295	1	6
226	1296	1	6
427	1296	1	6
435	1296	1	6
256	1318	1	6
270	1318	1	6
293	1318	1	6
450	1318	1	6
450	1319	1	6
273	1321	1	6
478	1322	1	6
191	1324	1	6
207	1324	1	6
294	1324	1	6
379	1324	1	6
463	1324	1	6
106	1325	1	6
191	1325	1	6
273	1325	1	6
463	1325	1	6
464	1325	1	6
162	1326	1	6
228	1326	1	6
328	1326	1	6
409	1326	1	6
459	1326	1	6
251	1329	1	6
306	1330	1	6
366	1332	1	6
484	1332	1	6
168	1337	1	6
489	1337	1	6
38	1338	1	6
331	1338	1	6
427	1338	1	6
333	1339	1	6
238	1341	1	6
60	1344	1	6
86	1344	1	6
196	1344	1	6
500	1344	1	6
525	1344	1	6
34	1346	1	6
130	1346	2	6
273	1346	1	6
486	1346	2	6
427	1352	1	6
486	1352	1	6
178	1359	1	6
452	1359	1	6
459	1359	1	6
486	1359	1	6
269	1362	1	6
378	1362	1	6
423	1362	1	6
466	1362	1	6
511	1362	1	6
207	1369	1	6
298	1369	1	6
444	1369	1	6
149	1373	1	6
162	1373	1	6
278	1373	1	6
311	1373	2	6
493	1373	1	6
54	1374	1	6
450	1381	1	6
508	1381	1	6
258	1383	1	6
104	1391	1	6
184	1391	1	6
306	1391	1	6
345	1391	1	6
405	1391	1	6
450	1391	1	6
424	1396	1	6
11	1400	1	6
319	1400	2	6
373	1400	1	6
161	1406	1	6
182	1406	1	6
268	1406	1	6
335	1406	1	6
413	1410	1	6
226	1412	2	6
172	1416	1	6
226	1416	2	6
254	1416	1	6
273	1417	1	6
226	1422	1	6
278	1422	1	6
338	1422	1	6
353	1422	1	6
374	1422	1	6
394	1422	1	6
450	1422	1	6
232	1423	1	6
238	1423	1	6
445	1423	1	6
11	1424	1	6
273	1424	1	6
486	1424	1	6
159	1425	1	6
216	1425	1	6
399	1425	1	6
308	1426	1	6
11	1427	1	6
24	1427	1	6
84	1427	1	6
198	1427	1	6
199	1427	1	6
294	1427	1	6
324	1427	1	6
490	1427	1	6
65	1429	1	6
136	1429	1	6
105	1431	1	6
431	1431	1	6
254	1435	1	6
8	1437	1	6
278	1437	1	6
298	1437	1	6
400	1437	1	6
520	1437	2	6
84	1438	1	6
193	1438	1	6
261	1438	1	6
105	1440	2	6
187	1440	1	6
486	1440	1	6
502	1440	1	6
91	1446	1	6
226	1446	1	6
57	1448	1	6
219	1448	1	6
226	1448	1	6
265	1448	1	6
323	1448	1	6
409	1450	1	6
488	1450	1	6
226	1455	1	6
369	1455	1	6
503	1455	1	6
298	1466	1	6
306	1474	1	6
24	1477	1	6
273	1477	1	6
8	1482	1	6
22	1482	1	6
29	1482	1	6
40	1482	1	6
256	1482	1	6
479	1482	1	6
12	1484	1	6
116	1484	1	6
134	1484	1	6
335	1484	1	6
459	1485	1	6
252	1487	1	6
343	1487	1	6
2	1490	1	6
73	1490	1	6
29	1493	1	6
166	1493	1	6
486	1493	1	6
508	1493	1	6
451	1495	1	6
487	1495	1	6
172	1497	1	6
226	1497	1	6
451	1497	1	6
35	1501	1	6
144	1501	1	6
205	1501	1	6
381	1501	1	6
162	1505	1	6
273	1505	1	6
278	1507	1	6
514	1516	1	6
162	1518	1	6
365	1518	1	6
226	1522	1	6
450	1522	1	6
207	1523	2	6
226	1523	1	6
165	1530	1	6
341	1530	1	6
523	1530	1	6
459	1531	1	6
459	1532	1	6
205	1536	1	6
35	1540	1	6
74	1540	1	6
205	1540	1	6
197	1541	1	6
226	1541	1	6
323	1541	1	6
35	1542	1	6
74	1542	1	6
205	1542	1	6
416	1542	1	6
498	1544	1	6
523	1544	1	6
52	1550	1	6
226	1550	1	6
300	1550	1	6
226	1551	1	6
444	1551	1	6
129	1556	1	6
162	1556	1	6
472	1556	1	6
210	1558	1	6
462	1562	1	6
487	1562	1	6
226	1563	1	6
330	1563	1	6
226	1573	1	6
226	1574	1	6
343	1574	1	6
425	1574	1	6
385	1575	1	6
44	1576	1	6
200	1576	1	6
270	1576	1	6
289	1576	1	6
340	1576	1	6
149	1578	1	6
414	1578	1	6
450	1578	1	6
57	1579	1	6
172	1579	1	6
226	1579	1	6
19	1580	1	6
226	1580	1	6
459	1581	1	6
507	1581	1	6
296	1582	1	6
273	1583	1	6
289	1583	1	6
57	1584	1	6
226	1584	1	6
347	1586	1	6
343	1587	1	6
385	1587	1	6
450	1587	1	6
100	1589	1	6
289	1590	1	6
29	1591	1	6
385	1591	1	6
303	1593	1	6
62	1594	1	6
487	1594	1	6
92	1599	1	6
155	1600	1	6
179	1600	1	6
318	1600	1	6
229	1602	1	6
46	1606	1	6
365	1606	1	6
478	1606	1	6
289	1608	1	6
312	1608	1	6
201	1609	1	6
224	1609	2	6
289	1609	1	6
365	1609	1	6
511	1609	1	6
488	1610	1	6
484	1611	1	6
51	1615	1	6
316	1615	1	6
462	1615	1	6
156	1616	1	6
206	1616	1	6
278	1616	1	6
2	1617	1	6
273	1617	1	6
420	1617	1	6
450	1617	1	6
270	1618	1	6
298	1618	1	6
68	1619	1	6
247	1621	1	6
304	1624	1	6
444	1624	1	6
450	1624	1	6
502	1624	2	6
43	1625	1	6
398	1628	1	6
8	1629	1	6
371	1629	1	6
232	1632	1	6
398	1632	1	6
278	1633	1	6
247	1634	1	6
158	1636	1	6
243	1636	1	6
247	1636	1	6
368	1636	1	6
488	1641	1	6
505	1641	1	6
226	1642	1	6
273	1642	1	6
388	1642	1	6
484	1642	1	6
222	1644	1	6
226	1644	1	6
263	1644	1	6
409	1644	1	6
226	1645	1	6
80	1647	1	6
130	1647	1	6
335	1647	1	6
226	1650	1	6
293	1650	1	6
323	1650	1	6
338	1650	1	6
350	1650	1	6
226	1652	1	6
247	1652	1	6
76	1657	1	6
222	1657	1	6
226	1657	1	6
338	1657	1	6
459	1657	1	6
515	1657	1	6
487	1661	1	6
31	1663	1	6
56	1663	1	6
89	1663	1	6
226	1664	1	6
24	1665	1	6
92	1667	1	6
223	1667	1	6
224	1667	1	6
401	1667	1	6
494	1667	1	6
55	1672	1	6
139	1672	1	6
450	1672	1	6
258	1674	1	6
397	1674	1	6
226	1675	1	6
165	1677	1	6
198	1677	1	6
397	1677	1	6
421	1677	1	6
225	1678	1	6
226	1678	1	6
367	1678	1	6
316	1679	1	6
486	1679	1	6
226	1680	1	6
303	1680	1	6
506	1680	1	6
487	1682	1	6
57	1685	1	6
157	1685	1	6
226	1685	1	6
323	1685	1	6
198	1686	1	6
57	1688	1	6
226	1688	1	6
323	1688	1	6
342	1688	1	6
58	1693	1	6
122	1693	1	6
159	1693	1	6
363	1693	1	6
165	1695	1	6
230	1695	1	6
502	1695	1	6
115	1696	1	6
226	1696	1	6
282	1696	1	6
198	1697	1	6
76	1699	1	6
226	1699	1	6
290	1699	1	6
324	1699	1	6
484	1699	1	6
131	1700	1	6
67	1703	1	6
300	1703	1	6
474	1703	1	6
32	1704	1	6
162	1704	1	6
495	1704	1	6
127	1706	1	6
473	1706	1	6
367	1707	1	6
337	1708	1	6
486	1708	1	6
196	1709	1	6
226	1711	1	6
272	1711	1	6
283	1711	1	6
451	1712	1	6
22	1713	1	6
57	1714	1	6
226	1714	1	6
323	1714	1	6
38	1717	1	6
226	1717	1	6
503	1717	1	6
252	1718	1	6
459	1718	1	6
166	1719	1	6
207	1720	1	6
226	1720	1	6
308	1720	1	6
450	1720	1	6
67	1722	1	6
450	1722	2	6
515	1722	1	6
263	1732	1	6
264	1736	1	6
57	1738	1	6
226	1738	1	6
323	1738	1	6
78	1739	1	6
95	1739	1	6
276	1739	1	6
323	1739	1	6
459	1739	1	6
484	1739	1	6
436	1740	1	6
226	1741	2	6
267	1741	1	6
301	1741	1	6
78	1742	1	6
95	1742	1	6
276	1742	1	6
323	1742	1	6
459	1742	1	6
484	1742	1	6
226	1745	1	6
282	1745	1	6
342	1745	1	6
130	1747	1	6
296	1747	1	6
32	1748	1	6
109	1748	1	6
226	1748	1	6
303	1748	1	6
504	1748	1	6
22	1754	1	6
226	1754	1	6
372	1756	1	6
55	1759	1	6
418	1759	1	6
275	1760	1	6
454	1760	1	6
123	1762	1	6
225	1762	1	6
226	1762	1	6
459	1762	1	6
38	1763	1	6
145	1763	1	6
284	1763	1	6
503	1763	1	6
57	1766	1	6
173	1766	1	6
226	1766	1	6
292	1766	1	6
323	1766	1	6
36	1771	1	6
231	1771	1	6
345	1771	1	6
524	1771	1	6
138	1773	1	6
160	1773	1	6
50	1776	1	6
138	1776	1	6
342	1776	1	6
415	1776	1	6
388	1780	1	6
179	1784	1	6
218	1784	1	6
360	1784	1	6
377	1784	1	6
415	1784	1	6
57	1785	1	6
226	1785	1	6
323	1785	1	6
32	1786	1	6
60	1786	1	6
79	1786	1	6
191	1786	1	6
209	1786	1	6
305	1786	1	6
310	1786	1	6
57	1788	1	6
226	1788	1	6
323	1788	1	6
384	1788	1	6
397	1788	1	6
57	1792	1	6
226	1792	1	6
323	1792	1	6
188	1793	1	6
335	1796	1	6
512	1796	1	6
226	1802	1	6
324	1802	1	6
358	1802	1	6
388	1802	1	6
484	1802	1	6
278	1807	1	6
89	1809	1	6
222	1812	1	6
504	1812	1	6
22	1814	1	6
523	1814	1	6
273	1815	1	6
450	1815	1	6
125	1817	1	6
153	1817	1	6
275	1817	1	6
486	1817	1	6
41	1818	1	6
82	1818	1	6
163	1818	1	6
281	1820	1	6
280	1821	1	6
200	1822	1	6
62	1824	1	6
177	1824	1	6
201	1824	1	6
248	1824	1	6
334	1824	1	6
472	1824	1	6
431	1825	1	6
220	1828	1	6
383	1828	1	6
456	1828	1	6
487	1828	1	6
2	1829	1	6
497	1829	1	6
143	1831	1	6
202	1831	1	6
335	1831	1	6
336	1831	1	6
337	1831	1	6
444	1831	1	6
502	1831	1	6
186	1834	1	6
340	1834	1	6
401	1834	1	6
177	1837	1	6
226	1837	1	6
282	1837	1	6
486	1837	1	6
147	1839	1	6
415	1839	1	6
142	1840	1	6
80	1844	1	6
212	1844	1	6
347	1844	1	6
373	1844	1	6
331	1845	1	6
388	1845	1	6
457	1845	1	6
499	1845	1	6
226	1847	1	6
80	1848	1	6
212	1848	1	6
347	1848	1	6
373	1848	1	6
127	1850	1	6
179	1850	1	6
246	1850	1	6
127	1851	1	6
179	1851	1	6
246	1851	1	6
50	1852	1	6
308	1852	1	6
526	1853	1	6
103	1854	1	6
147	1854	1	6
226	1854	1	6
450	1854	1	6
219	1857	1	6
511	1857	1	6
226	1858	1	6
271	1858	1	6
226	1859	1	6
271	1859	1	6
95	1860	1	6
278	1860	1	6
415	1860	1	6
142	1861	1	6
236	1861	1	6
299	1861	1	6
502	1862	1	6
200	1863	1	6
230	1863	1	6
366	1865	1	6
224	1869	1	6
270	1869	1	6
281	1869	1	6
187	1876	1	6
407	1876	1	6
187	1877	1	6
226	1877	1	6
282	1877	1	6
162	1878	1	6
459	1878	1	6
124	1879	1	6
415	1879	1	6
208	1881	1	6
226	1881	1	6
308	1881	1	6
22	1882	1	6
173	1882	1	6
194	1882	4	6
90	1884	1	6
187	1884	1	6
380	1884	1	6
232	1887	1	6
72	1888	2	6
187	1900	1	6
347	1900	1	6
490	1900	1	6
520	1900	2	6
193	1901	2	6
226	1901	1	6
450	1904	1	6
463	1904	1	6
502	1904	1	6
226	1905	1	6
397	1905	2	6
441	1905	1	6
115	1907	1	6
24	1908	1	6
103	1908	1	6
375	1908	1	6
421	1908	1	6
515	1908	1	6
17	1910	1	6
11	1912	1	6
74	1912	1	6
378	1912	1	6
416	1912	1	6
431	1912	1	6
441	1912	1	6
2	1915	1	6
179	1915	1	6
335	1915	1	6
515	1915	1	6
62	1919	1	6
94	1919	1	6
219	1919	1	6
226	1919	1	6
237	1919	1	6
450	1919	1	6
514	1919	1	6
92	1927	1	6
135	1927	1	6
486	1927	1	6
273	1929	1	6
74	1931	1	6
413	1931	1	6
416	1931	1	6
194	1933	1	6
259	1933	1	6
345	1933	1	6
315	1934	1	6
336	1934	1	6
1	1935	1	6
479	1935	1	6
522	1935	1	6
158	1937	1	6
269	1937	1	6
422	1937	1	6
41	1938	1	6
50	1938	1	6
218	1938	1	6
484	1938	1	6
226	1939	1	6
323	1939	1	6
447	1939	1	6
120	1940	1	6
159	1940	1	6
273	1940	1	6
369	1940	1	6
400	1940	1	6
162	1941	1	6
511	1941	1	6
516	1941	1	6
273	1942	1	6
56	1943	1	6
486	1947	1	6
444	1949	1	6
520	1949	1	6
105	1950	1	6
366	1950	1	6
462	1950	1	6
502	1950	1	6
24	1951	1	6
2	1952	1	6
335	1952	1	6
226	1956	1	6
323	1956	1	6
388	1956	1	6
86	1959	1	6
300	1959	1	6
362	1959	1	6
378	1959	1	6
167	1961	1	6
378	1961	2	6
270	1963	1	6
459	1963	1	6
461	1963	1	6
81	1965	1	6
226	1965	1	6
391	1965	1	6
106	1968	1	6
226	1968	1	6
330	1968	1	6
382	1968	1	6
515	1968	1	6
226	1969	1	6
331	1969	1	6
391	1969	1	6
273	1971	1	6
226	1972	1	6
331	1972	1	6
391	1972	1	6
335	1974	1	6
444	1974	1	6
35	1976	1	6
205	1976	1	6
260	1986	1	6
479	1986	1	6
77	1989	1	6
259	1989	1	6
273	1999	1	6
280	2000	1	6
497	2004	1	6
125	2005	1	6
164	2005	1	6
193	2005	1	6
491	2005	1	6
129	2007	1	6
225	2007	1	6
226	2007	1	6
28	2011	1	6
46	2011	1	6
260	2011	1	6
278	2011	2	6
449	2011	1	6
199	2014	1	6
486	2014	2	6
11	2019	1	6
226	2019	1	6
251	2019	1	6
465	2020	1	6
87	2022	1	6
165	2022	1	6
273	2022	1	6
315	2022	1	6
450	2022	1	6
323	2026	1	6
515	2026	1	6
444	2028	1	6
450	2028	1	6
451	2028	1	6
480	2028	1	6
46	2031	1	6
254	2032	1	6
273	2032	1	6
191	2038	1	6
425	2038	1	6
162	2040	1	6
219	2040	1	6
224	2040	1	6
188	2043	1	6
322	2043	1	6
144	2045	1	6
486	2045	1	6
337	2048	1	6
18	2049	1	6
92	2049	1	6
207	2049	1	6
213	2049	1	6
487	2049	1	6
219	2051	1	6
29	2052	1	6
70	2052	1	6
145	2052	1	6
235	2052	2	6
264	2052	1	6
273	2052	1	6
284	2052	1	6
337	2052	2	6
450	2052	1	6
459	2052	1	6
142	2053	1	6
186	2053	2	6
226	2053	1	6
299	2053	1	6
340	2053	1	6
145	2056	1	6
264	2056	1	6
273	2056	1	6
284	2056	1	6
65	2057	1	6
168	2057	1	6
231	2057	2	6
264	2057	1	6
400	2057	1	6
110	2058	2	6
227	2058	1	6
444	2058	1	6
486	2058	1	6
4	2061	1	6
512	2061	1	6
519	2066	1	6
454	2069	1	6
519	2069	1	6
272	2070	1	6
378	2070	1	6
519	2070	1	6
519	2071	1	6
92	2072	1	6
175	2072	1	6
382	2072	1	6
141	2073	1	6
226	2073	1	6
290	2073	1	6
431	2073	1	6
206	2074	1	6
12	2077	1	6
418	2078	1	6
454	2078	1	6
140	2079	1	6
378	2079	1	6
207	2080	1	6
50	2082	1	6
422	2084	1	6
27	2087	1	6
320	2087	1	6
383	2087	1	6
184	2088	1	6
12	2089	1	6
514	2090	1	6
50	2093	1	6
140	2093	1	6
378	2093	1	6
444	2093	2	6
519	2093	1	6
7	2096	1	6
86	2096	1	6
194	2096	1	6
251	2096	1	6
285	2096	1	6
333	2096	1	6
450	2096	1	6
27	2097	1	6
320	2097	1	6
383	2097	1	6
205	2101	1	6
207	2101	1	6
79	2102	1	6
184	2102	1	6
267	2102	2	6
299	2102	1	6
431	2102	1	6
273	2107	1	6
194	2108	2	6
248	2108	1	6
45	2110	1	6
140	2110	1	6
278	2110	1	6
341	2110	1	6
378	2110	1	6
55	2112	1	6
525	2114	1	6
4	2116	1	6
226	2116	1	6
504	2116	1	6
25	2117	1	6
137	2117	1	6
150	2117	1	6
219	2117	1	6
276	2117	1	6
342	2117	1	6
397	2117	1	6
450	2117	1	6
65	2119	1	6
223	2122	1	6
166	2127	1	6
360	2130	1	6
371	2130	1	6
513	2130	1	6
336	2133	1	6
411	2133	1	6
523	2134	1	6
339	2136	1	6
127	2140	1	6
261	2140	1	6
490	2140	1	6
64	2141	1	6
226	2141	1	6
241	2141	1	6
435	2141	1	6
463	2141	1	6
8	2153	1	6
167	2153	1	6
422	2156	1	6
8	2165	1	6
22	2165	1	6
40	2165	1	6
162	2165	1	6
407	2165	1	6
409	2165	1	6
493	2165	1	6
40	2169	1	6
198	2169	1	6
124	2176	1	6
162	2176	1	6
187	2176	1	6
380	2176	1	6
226	2178	1	6
358	2178	1	6
388	2178	1	6
484	2178	1	6
515	2178	1	6
226	2183	1	6
525	2183	1	6
17	2186	1	6
156	2186	1	6
227	2187	1	6
226	2192	1	6
324	2192	1	6
484	2192	1	6
226	2195	1	6
338	2195	1	6
350	2195	1	6
58	2196	2	6
204	2196	1	6
214	2205	1	6
269	2205	1	6
333	2205	1	6
360	2205	1	6
190	2208	1	6
226	2208	1	6
331	2208	1	6
369	2208	1	6
184	2211	1	6
187	2211	1	6
298	2211	1	6
493	2211	1	6
124	2215	1	6
322	2215	1	6
29	2216	1	6
86	2216	1	6
335	2216	1	6
385	2216	1	6
479	2216	1	6
47	2218	1	6
61	2218	1	6
227	2218	1	6
232	2218	1	6
457	2218	1	6
157	2219	1	6
211	2219	1	6
273	2219	1	6
345	2219	1	6
226	2227	1	6
385	2231	1	6
57	2232	1	6
226	2232	1	6
310	2232	1	6
323	2232	1	6
350	2232	1	6
109	2233	1	6
226	2233	1	6
145	2239	1	6
284	2239	1	6
394	2239	1	6
232	2240	1	6
361	2240	1	6
484	2240	1	6
14	2244	1	6
145	2244	1	6
284	2244	1	6
337	2244	1	6
450	2244	1	6
466	2244	1	6
184	2245	1	6
450	2245	1	6
451	2245	1	6
467	2245	1	6
493	2245	1	6
56	2247	1	6
451	2248	1	6
484	2248	1	6
145	2249	1	6
284	2249	1	6
303	2249	1	6
334	2249	1	6
179	2250	1	6
199	2250	1	6
251	2250	1	6
53	2254	1	6
67	2254	1	6
226	2254	1	6
361	2254	1	6
450	2254	2	6
499	2254	1	6
380	2256	1	6
145	2257	1	6
273	2257	1	6
284	2257	1	6
91	2259	1	6
225	2259	1	6
344	2259	1	6
463	2259	1	6
145	2261	1	6
284	2261	1	6
480	2261	1	6
487	2261	1	6
67	2263	1	6
145	2263	1	6
273	2263	1	6
284	2263	1	6
124	2264	1	6
226	2264	1	6
36	2265	1	6
145	2265	1	6
284	2265	1	6
491	2265	1	6
94	2266	1	6
226	2266	1	6
262	2266	1	6
343	2266	1	6
350	2266	1	6
429	2266	1	6
226	2268	1	6
498	2268	1	6
88	2269	1	6
226	2269	1	6
437	2269	1	6
503	2269	1	6
145	2271	1	6
199	2271	1	6
284	2271	1	6
86	2273	1	6
209	2273	1	6
222	2273	1	6
228	2273	1	6
290	2273	1	6
450	2273	1	6
484	2273	1	6
57	2274	2	6
226	2274	1	6
323	2274	1	6
94	2276	1	6
226	2276	1	6
262	2276	1	6
350	2276	1	6
162	2277	1	6
196	2277	1	6
425	2278	1	6
462	2278	1	6
121	2280	1	6
196	2280	1	6
200	2280	1	6
369	2280	1	6
142	2281	1	6
315	2281	1	6
360	2282	1	6
400	2282	1	6
462	2282	1	6
130	2293	1	6
187	2293	1	6
104	2296	1	6
128	2304	1	6
432	2304	1	6
463	2304	1	6
58	2307	1	6
226	2307	1	6
278	2307	1	6
26	2308	1	6
124	2308	1	6
205	2308	1	6
452	2308	4	6
517	2308	1	6
116	2309	1	6
379	2309	1	6
459	2309	1	6
524	2309	1	6
486	2310	1	6
187	2311	1	6
226	2311	1	6
207	2314	1	6
463	2314	1	6
333	2315	1	6
463	2315	1	6
45	2322	1	6
45	2323	1	6
195	2327	1	6
345	2327	1	6
389	2327	1	6
226	2332	1	6
273	2332	1	6
335	2332	1	6
520	2332	1	6
148	2344	1	6
162	2344	1	6
486	2349	1	6
346	2356	1	6
450	2358	1	6
72	2363	1	6
380	2363	1	6
57	2364	1	6
273	2364	1	6
57	2369	1	6
226	2369	1	6
310	2369	1	6
323	2369	1	6
435	2369	1	6
226	2378	1	6
286	2378	1	6
226	2385	1	6
448	2385	1	6
450	2385	1	6
188	2399	1	6
418	2399	1	6
484	2401	1	6
196	2402	1	6
79	2403	1	6
117	2403	1	6
335	2403	1	6
172	2405	1	6
226	2405	1	6
351	2405	1	6
376	2405	1	6
432	2405	1	6
141	2411	1	6
226	2411	1	6
324	2411	1	6
330	2411	1	6
358	2411	2	6
388	2411	1	6
129	2418	1	6
246	2418	1	6
293	2418	1	6
80	2424	1	6
125	2424	1	6
29	2425	1	6
378	2425	1	6
450	2425	1	6
512	2425	1	6
22	2427	1	6
27	2427	1	6
38	2427	1	6
295	2427	1	6
479	2427	1	6
511	2429	1	6
226	2432	1	6
198	2434	1	6
297	2435	1	6
453	2435	1	6
502	2435	1	6
184	2443	1	6
462	2443	1	6
78	2444	1	6
79	2444	1	6
162	2444	1	6
226	2450	1	6
358	2450	1	6
388	2450	1	6
484	2450	1	6
184	2451	1	6
345	2451	1	6
517	2451	1	6
197	2453	1	6
206	2453	1	6
218	2453	1	6
226	2453	1	6
226	2469	1	6
339	2469	1	6
484	2469	1	6
24	2474	1	6
65	2474	1	6
136	2474	1	6
186	2474	1	6
132	2478	1	6
173	2478	1	6
177	2478	1	6
196	2478	1	6
278	2478	1	6
405	2478	1	6
521	2478	1	6
24	2481	1	6
335	2481	1	6
378	2481	2	6
438	2481	1	6
53	2486	2	6
415	2486	1	6
135	2489	1	6
214	2489	1	6
269	2489	1	6
304	2489	1	6
368	2489	1	6
436	2489	1	6
479	2489	1	6
11	2490	1	6
209	2490	1	6
226	2490	1	6
330	2490	1	6
450	2490	1	6
315	2496	1	6
353	2496	1	6
516	2496	1	6
484	2502	1	6
291	2514	1	6
324	2514	1	6
510	2514	1	6
228	2521	1	6
260	2521	1	6
280	2521	1	6
335	2521	1	6
431	2521	1	6
467	2521	1	6
479	2521	1	6
345	2536	1	6
462	2536	1	6
3	2545	1	6
162	2545	1	6
273	2545	1	6
448	2545	2	6
483	2545	1	6
327	2546	1	6
471	2546	1	6
162	2547	1	6
506	2547	1	6
278	2550	1	6
182	2563	1	6
309	2563	1	6
36	2564	1	6
273	2564	1	6
26	2566	1	6
338	2566	1	6
345	2566	1	6
476	2566	1	6
486	2566	1	6
149	3	1	7
161	3	1	7
226	24	1	7
450	24	1	7
57	35	1	7
226	35	1	7
450	204	1	7
451	204	1	7
100	214	1	7
404	214	1	7
413	214	1	7
451	214	1	7
478	214	1	7
486	214	1	7
243	233	1	7
55	300	1	7
108	300	1	7
478	300	1	7
194	344	3	7
342	344	1	7
527	344	1	7
433	353	1	7
32	355	1	7
364	355	1	7
291	466	1	7
323	466	1	7
366	466	1	7
421	466	1	7
225	521	1	7
376	521	1	7
384	521	1	7
484	521	1	7
172	537	1	7
191	537	1	7
351	537	1	7
172	569	1	7
233	569	1	7
291	569	1	7
301	569	1	7
418	569	1	7
452	590	1	7
84	598	1	7
418	598	2	7
461	598	1	7
107	608	1	7
179	742	1	7
187	742	1	7
196	742	1	7
351	742	1	7
472	742	1	7
316	762	1	7
450	762	1	7
51	781	1	7
354	781	1	7
65	855	1	7
136	855	1	7
186	855	1	7
265	855	1	7
487	855	1	7
226	858	1	7
316	858	1	7
57	875	1	7
226	875	1	7
276	875	1	7
350	875	1	7
450	875	1	7
466	875	1	7
138	885	1	7
487	888	1	7
487	891	1	7
417	897	1	7
448	897	1	7
219	901	1	7
192	973	1	7
316	973	1	7
336	973	1	7
353	973	1	7
457	973	1	7
144	1025	1	7
226	1031	1	7
304	1031	1	7
453	1031	1	7
192	1044	1	7
141	1150	1	7
290	1150	2	7
432	1150	1	7
453	1150	1	7
484	1150	2	7
525	1150	1	7
79	1152	1	7
219	1152	1	7
290	1152	1	7
295	1152	1	7
429	1152	1	7
484	1152	2	7
498	1152	1	7
525	1152	1	7
188	1200	1	7
206	1200	1	7
210	1328	1	7
252	1328	1	7
308	1328	1	7
450	1328	1	7
490	1328	1	7
226	1378	1	7
256	1378	1	7
310	1378	1	7
435	1378	1	7
166	1570	1	7
206	1570	1	7
226	1570	1	7
205	1614	1	7
513	1614	1	7
210	1656	1	7
300	1656	1	7
388	1656	1	7
426	1656	1	7
432	1656	1	7
444	1656	1	7
251	1658	1	7
459	1660	1	7
297	1721	1	7
319	1721	1	7
361	1721	1	7
379	1721	1	7
463	1721	1	7
60	1832	2	7
226	1832	1	7
310	1832	1	7
428	1832	1	7
487	1832	1	7
57	1856	1	7
226	1856	1	7
323	1856	1	7
351	1906	1	7
392	1906	1	7
366	1948	1	7
203	1955	1	7
418	1955	1	7
35	2198	1	7
179	2198	1	7
187	2198	1	7
188	2198	1	7
303	2198	1	7
469	2198	1	7
124	2200	1	7
422	2200	1	7
96	2214	1	7
196	2214	1	7
405	2214	1	7
440	2214	1	7
450	2214	1	7
176	2229	1	7
370	2229	1	7
184	2253	1	7
205	2253	1	7
462	2253	1	7
493	2253	1	7
347	2267	2	7
358	2267	1	7
390	2267	1	7
57	2320	1	7
226	2320	1	7
323	2320	1	7
71	2340	1	7
226	2340	1	7
392	2340	1	7
450	2340	1	7
122	2433	1	7
162	2433	1	7
446	2433	1	7
95	2495	1	7
226	2495	1	7
339	2495	1	7
358	2495	1	7
226	2562	1	7
362	2562	1	7
297	356	1	8
331	356	1	8
379	356	1	8
450	356	1	8
226	400	1	8
298	400	1	8
81	420	1	8
486	420	1	8
149	989	1	8
150	989	1	8
299	989	1	8
511	989	1	8
270	2162	1	8
363	2162	1	8
367	2162	1	8
504	2162	1	8
152	2436	1	8
376	2436	1	8
487	2436	1	8
209	2467	1	8
222	2467	1	8
