91	1204	2	0
117	1204	2	0
250	1204	1	0
62	1210	1	0
95	1210	1	0
175	1210	1	0
194	1210	1	0
271	1212	1	0
110	1219	1	0
273	1219	1	0
278	1221	1	0
122	1223	1	0
146	1223	1	0
218	1223	1	0
256	1223	1	0
13	1231	1	0
122	1232	1	0
242	1232	1	0
114	1239	1	0
114	1242	1	0
236	1243	1	0
66	1245	1	0
93	1245	1	0
122	1245	1	0
197	1245	1	0
250	1245	1	0
122	1255	1	0
218	1255	1	0
256	1255	1	0
288	1255	1	0
47	1263	1	0
252	1279	1	0
91	1288	1	0
114	1288	1	0
257	1288	1	0
273	1288	1	0
66	1290	2	0
95	1290	1	0
127	1290	1	0
244	1290	1	0
9	1293	1	0
145	1293	1	0
147	1293	1	0
272	1293	1	0
95	1296	1	0
138	1296	1	0
145	1296	1	0
146	1296	1	0
147	1296	1	0
66	1301	1	0
272	1301	1	0
122	1305	1	0
122	1308	1	0
250	1308	1	0
122	1413	1	0
178	1413	1	0
17	1241	1	2
122	1241	1	2
34	16	1	3
75	16	1	3
127	16	1	3
151	16	1	3
11	51	1	3
77	51	1	3
80	51	1	3
122	51	1	3
204	51	1	3
250	51	1	3
65	88	1	3
250	111	1	3
11	198	1	3
122	198	1	3
178	198	1	3
213	204	1	3
67	238	1	3
127	238	1	3
226	238	1	3
11	244	1	3
97	244	1	3
122	244	1	3
178	244	1	3
64	279	1	3
120	279	1	3
122	279	1	3
204	279	1	3
216	279	1	3
250	279	1	3
274	279	1	3
106	280	1	3
183	280	1	3
192	280	1	3
122	281	1	3
204	281	1	3
206	281	1	3
250	281	1	3
101	283	1	3
122	283	1	3
204	283	1	3
246	283	1	3
250	283	1	3
74	284	1	3
36	285	1	3
101	286	1	3
214	286	1	3
11	288	1	3
122	288	1	3
178	288	1	3
1	289	1	3
74	289	1	3
111	289	1	3
200	289	1	3
268	289	1	3
111	291	1	3
195	291	1	3
28	293	1	3
165	293	1	3
216	293	1	3
96	294	1	3
143	294	1	3
230	294	1	3
234	294	1	3
276	294	1	3
279	294	1	3
11	303	1	3
122	303	1	3
178	303	1	3
72	341	1	3
192	341	1	3
262	341	1	3
67	343	1	3
192	343	1	3
68	346	1	3
115	346	1	3
180	346	1	3
213	346	1	3
250	346	1	3
151	347	1	3
192	347	1	3
263	347	1	3
122	369	1	3
129	369	1	3
114	403	1	3
122	417	1	3
144	417	1	3
182	417	1	3
203	417	1	3
250	434	1	3
11	449	2	3
39	449	1	3
122	449	1	3
178	449	1	3
11	463	1	3
122	463	1	3
179	463	1	3
233	463	1	3
236	463	1	3
40	472	1	3
122	472	1	3
182	472	1	3
176	510	1	3
196	587	1	3
228	587	1	3
19	590	1	3
62	616	1	3
147	616	1	3
150	616	1	3
165	616	1	3
231	616	2	3
11	622	1	3
39	622	1	3
122	622	1	3
8	660	1	3
273	663	1	3
40	704	1	3
91	704	1	3
194	704	1	3
233	704	1	3
221	707	1	3
122	721	1	3
275	721	1	3
122	725	1	3
142	741	1	3
15	746	1	3
38	746	1	3
171	746	1	3
212	746	1	3
254	746	1	3
11	762	1	3
122	762	1	3
213	762	1	3
11	766	1	3
39	766	1	3
122	766	1	3
178	766	1	3
215	766	1	3
122	812	1	3
178	812	1	3
147	813	1	3
227	813	1	3
77	827	1	3
142	827	1	3
206	827	1	3
91	829	1	3
102	829	1	3
233	829	1	3
200	835	1	3
234	835	1	3
5	844	1	3
89	844	1	3
200	849	1	3
123	856	1	3
127	856	1	3
98	909	1	3
122	909	1	3
282	909	1	3
120	927	1	3
285	927	1	3
117	929	1	3
120	929	1	3
161	929	1	3
285	929	1	3
73	942	1	3
122	954	1	3
176	954	1	3
191	954	1	3
250	954	1	3
268	954	1	3
108	958	1	3
192	958	1	3
206	958	1	3
250	958	1	3
278	958	1	3
145	967	1	3
161	967	1	3
122	971	1	3
161	971	1	3
193	971	1	3
250	971	1	3
101	992	1	3
122	992	1	3
250	992	1	3
152	1001	5	3
53	1028	1	3
8	1032	1	3
11	1036	1	3
20	1036	1	3
122	1036	1	3
178	1036	1	3
210	1036	1	3
91	1040	1	3
161	1040	1	3
122	1041	1	3
129	1041	1	3
151	1041	1	3
202	1053	1	3
272	1053	1	3
53	1055	1	3
278	1055	1	3
73	1060	1	3
84	1063	1	3
113	1063	1	3
147	1063	1	3
243	1063	1	3
101	1080	1	3
192	1080	1	3
234	1080	1	3
8	1091	1	3
234	1106	1	3
272	1106	1	3
204	1135	1	3
276	1135	1	3
41	1140	1	3
54	1140	1	3
144	1140	1	3
201	1140	1	3
111	1143	1	3
250	1143	1	3
278	1143	1	3
147	1149	1	3
234	1149	1	3
272	1149	1	3
11	1177	1	3
73	1177	1	3
122	1177	1	3
250	1177	1	3
122	1214	1	3
122	1236	1	3
69	1240	1	3
205	1240	1	3
285	1240	1	3
61	1246	1	3
166	1246	1	3
161	1248	1	3
234	1248	1	3
276	1248	1	3
288	1248	1	3
87	1261	1	3
3	1292	1	3
251	1292	1	3
234	1295	1	3
250	1295	1	3
290	1295	1	3
122	1313	1	3
122	1353	1	3
191	1353	1	3
79	1360	1	3
257	1360	1	3
11	1364	1	3
182	1364	1	3
194	1364	1	3
68	1372	1	3
176	1372	1	3
275	1372	1	3
186	1384	1	3
264	1384	1	3
11	1397	1	3
122	1397	1	3
178	1397	1	3
109	1402	1	3
122	1402	1	3
151	1402	1	3
160	1402	1	3
166	1402	1	3
169	1402	1	3
209	1402	1	3
11	1412	1	3
122	1412	1	3
178	1412	1	3
206	1415	1	3
40	1423	1	3
122	1423	1	3
183	1423	1	3
205	1423	1	3
11	1470	1	3
122	1470	1	3
178	1470	1	3
191	1472	1	3
265	1472	1	3
3	1478	1	3
73	1478	1	3
122	1478	1	3
250	1478	1	3
11	1510	1	3
122	1510	1	3
178	1510	1	3
122	1518	1	3
16	1521	1	3
122	1521	1	3
157	1521	1	3
37	1522	1	3
122	1535	1	3
211	1535	1	3
15	2	2	4
52	2	1	4
70	2	1	4
109	2	1	4
124	2	1	4
127	2	1	4
151	2	1	4
29	7	1	4
51	7	1	4
246	7	1	4
17	8	1	4
51	8	1	4
109	8	1	4
95	9	1	4
170	9	1	4
250	9	1	4
273	9	1	4
8	22	1	4
112	22	1	4
193	22	1	4
78	26	1	4
93	26	1	4
101	26	1	4
102	26	1	4
108	26	1	4
175	26	2	4
252	26	1	4
111	33	1	4
189	42	1	4
268	42	1	4
64	43	1	4
120	43	1	4
225	43	1	4
257	43	1	4
277	48	1	4
91	53	1	4
148	53	1	4
174	53	1	4
205	53	1	4
83	62	1	4
215	62	1	4
238	62	1	4
248	62	1	4
273	62	1	4
280	62	1	4
34	67	1	4
94	67	1	4
148	67	1	4
26	69	1	4
21	74	1	4
111	74	1	4
130	74	1	4
236	74	1	4
263	74	1	4
21	84	1	4
22	84	1	4
121	84	1	4
130	84	1	4
134	84	1	4
212	84	1	4
251	84	1	4
21	106	1	4
130	106	1	4
140	106	1	4
157	106	1	4
272	106	1	4
21	110	1	4
130	110	1	4
157	110	1	4
21	112	1	4
130	112	1	4
151	112	1	4
21	120	1	4
130	120	1	4
14	121	1	4
76	121	1	4
225	121	1	4
291	121	1	4
64	123	1	4
120	123	1	4
189	123	1	4
269	123	1	4
76	126	1	4
183	126	1	4
268	126	1	4
117	128	1	4
208	128	1	4
93	136	1	4
200	136	1	4
250	136	1	4
19	138	1	4
57	138	1	4
127	138	1	4
54	144	1	4
101	147	1	4
235	147	1	4
236	147	1	4
15	148	1	4
228	148	1	4
57	149	1	4
63	149	1	4
210	149	1	4
117	151	1	4
277	151	1	4
88	153	1	4
90	153	1	4
109	153	1	4
147	153	1	4
14	155	1	4
63	155	1	4
189	155	1	4
202	155	1	4
154	161	1	4
147	163	1	4
79	165	1	4
95	165	1	4
218	165	1	4
250	165	1	4
276	165	1	4
132	167	1	4
249	167	1	4
8	169	2	4
124	170	1	4
236	171	1	4
262	171	1	4
94	172	1	4
256	172	1	4
7	173	1	4
112	173	1	4
124	173	1	4
132	173	1	4
137	173	1	4
212	173	2	4
8	181	1	4
17	181	1	4
109	181	1	4
151	181	1	4
15	192	1	4
52	192	1	4
108	192	1	4
250	192	1	4
126	200	1	4
170	200	1	4
210	200	1	4
273	200	1	4
216	208	1	4
266	208	1	4
221	220	1	4
241	220	1	4
250	220	1	4
269	240	1	4
29	290	1	4
109	312	1	4
9	317	1	4
101	317	1	4
2	318	1	4
69	318	1	4
116	318	1	4
140	318	1	4
210	318	1	4
261	318	1	4
176	360	1	4
7	392	1	4
137	392	1	4
212	392	1	4
56	394	1	4
186	394	1	4
17	396	1	4
51	396	1	4
109	396	1	4
122	396	1	4
20	397	1	4
216	397	1	4
225	397	1	4
51	400	1	4
161	400	1	4
56	401	1	4
264	401	1	4
51	402	1	4
145	402	1	4
239	412	1	4
57	420	1	4
109	420	1	4
132	420	1	4
154	420	1	4
67	424	1	4
186	424	1	4
18	425	1	4
147	425	1	4
10	439	1	4
97	439	1	4
104	439	1	4
122	439	1	4
147	439	1	4
17	443	1	4
63	443	1	4
93	443	1	4
109	443	1	4
122	458	1	4
144	458	2	4
164	458	1	4
72	460	1	4
111	460	1	4
218	460	1	4
250	460	1	4
278	460	1	4
122	465	1	4
144	465	2	4
164	465	1	4
96	469	1	4
107	469	1	4
125	473	1	4
140	473	1	4
254	473	1	4
69	476	1	4
151	476	1	4
282	476	1	4
12	477	1	4
48	477	1	4
151	478	1	4
163	479	1	4
122	480	1	4
147	480	1	4
40	481	1	4
169	482	1	4
265	483	1	4
207	484	1	4
229	484	1	4
250	484	1	4
33	485	1	4
117	485	1	4
144	485	1	4
145	485	1	4
189	486	1	4
168	489	1	4
250	489	1	4
56	491	1	4
37	492	1	4
96	492	1	4
122	492	1	4
212	492	1	4
17	493	1	4
95	493	1	4
185	493	1	4
186	493	1	4
44	494	1	4
117	495	1	4
272	495	1	4
161	496	1	4
63	497	1	4
83	497	1	4
86	497	1	4
122	497	1	4
238	497	1	4
82	498	1	4
113	498	1	4
145	499	1	4
166	499	1	4
51	500	1	4
127	501	1	4
246	501	1	4
95	504	1	4
147	504	1	4
228	504	1	4
109	507	1	4
224	507	1	4
250	507	1	4
278	507	1	4
25	509	1	4
67	509	1	4
121	509	1	4
228	509	1	4
250	509	1	4
56	516	1	4
122	516	1	4
145	516	1	4
161	516	1	4
168	516	1	4
250	516	1	4
268	516	1	4
63	521	1	4
76	521	1	4
122	521	1	4
176	525	1	4
239	525	1	4
275	525	1	4
119	526	1	4
268	527	1	4
110	528	1	4
241	528	1	4
111	532	1	4
151	532	1	4
38	537	1	4
96	537	1	4
88	538	2	4
116	538	1	4
145	538	1	4
166	538	1	4
246	538	1	4
282	538	1	4
17	539	1	4
31	539	1	4
38	539	1	4
126	539	1	4
17	540	1	4
250	541	1	4
16	544	1	4
17	544	2	4
28	544	1	4
38	544	1	4
92	544	1	4
145	544	1	4
175	544	1	4
4	546	1	4
117	546	1	4
250	546	1	4
277	546	1	4
278	546	1	4
17	548	1	4
24	548	1	4
187	548	1	4
138	549	1	4
167	549	1	4
195	549	1	4
196	550	1	4
50	551	1	4
88	551	1	4
121	551	1	4
225	551	3	4
131	555	1	4
186	555	1	4
228	555	1	4
278	557	1	4
34	558	1	4
94	558	1	4
122	558	1	4
186	558	1	4
17	560	1	4
28	560	1	4
107	560	1	4
92	561	1	4
183	566	1	4
188	568	1	4
249	568	1	4
33	570	1	4
67	570	1	4
100	570	1	4
186	570	1	4
217	570	1	4
268	570	1	4
25	572	1	4
93	572	1	4
151	572	1	4
147	573	1	4
150	573	1	4
246	573	1	4
44	578	1	4
75	578	1	4
222	578	1	4
250	578	1	4
257	583	1	4
269	583	1	4
143	585	1	4
158	585	1	4
60	591	1	4
133	591	1	4
122	603	1	4
250	603	1	4
122	605	1	4
151	605	1	4
122	606	1	4
176	607	1	4
99	608	3	4
60	610	1	4
133	610	1	4
263	610	1	4
60	611	1	4
133	611	1	4
147	611	1	4
60	617	1	4
133	617	1	4
60	619	1	4
133	619	1	4
60	621	1	4
133	621	1	4
26	624	1	4
60	624	1	4
133	624	1	4
205	626	1	4
60	631	1	4
133	631	1	4
7	632	1	4
122	632	1	4
132	632	1	4
137	632	1	4
139	632	1	4
147	632	1	4
205	632	1	4
212	632	2	4
225	632	1	4
236	632	1	4
14	634	2	4
102	634	1	4
250	634	1	4
277	634	1	4
152	637	3	4
222	637	1	4
95	642	1	4
122	643	1	4
250	643	1	4
52	644	1	4
189	644	1	4
227	644	1	4
47	645	1	4
187	645	1	4
206	645	1	4
240	645	1	4
273	645	1	4
111	649	1	4
186	649	1	4
189	649	1	4
8	650	1	4
24	650	1	4
47	650	1	4
129	650	1	4
273	650	1	4
47	651	1	4
122	651	1	4
122	657	1	4
91	678	1	4
273	678	1	4
33	684	1	4
47	684	1	4
95	684	2	4
220	684	1	4
256	684	1	4
148	686	1	4
248	686	1	4
94	691	1	4
176	691	1	4
15	696	1	4
107	696	1	4
250	696	1	4
268	696	1	4
150	697	1	4
219	697	2	4
250	697	1	4
262	697	1	4
147	700	1	4
148	700	1	4
174	700	1	4
257	700	1	4
272	700	1	4
220	703	1	4
277	710	1	4
26	711	1	4
147	711	1	4
236	711	1	4
132	714	1	4
147	714	1	4
163	715	1	4
250	715	1	4
53	719	1	4
21	722	1	4
130	722	1	4
96	723	1	4
151	723	1	4
14	729	1	4
122	729	1	4
147	729	1	4
89	744	1	4
117	744	1	4
259	744	1	4
49	749	1	4
185	749	1	4
218	749	1	4
272	749	1	4
221	750	1	4
273	750	1	4
276	750	1	4
284	750	1	4
81	751	1	4
93	751	1	4
264	751	1	4
278	751	1	4
122	775	1	4
27	782	1	4
122	782	1	4
178	782	1	4
117	790	1	4
149	790	1	4
170	790	1	4
197	790	1	4
214	790	1	4
236	790	1	4
273	790	1	4
145	800	1	4
40	820	1	4
95	820	1	4
117	820	1	4
189	820	1	4
14	821	1	4
132	821	1	4
139	821	1	4
141	821	1	4
195	823	1	4
122	846	1	4
165	851	1	4
282	851	1	4
46	857	1	4
47	857	1	4
78	857	1	4
110	857	1	4
265	857	1	4
268	857	1	4
273	857	1	4
73	859	1	4
122	859	1	4
128	862	1	4
215	862	1	4
236	867	1	4
268	867	1	4
218	871	1	4
49	886	1	4
55	886	1	4
211	886	1	4
229	893	1	4
32	937	1	4
68	948	1	4
134	957	1	4
221	957	1	4
117	970	1	4
163	970	1	4
256	970	1	4
70	974	1	4
72	974	1	4
185	974	1	4
244	974	1	4
244	986	1	4
70	1003	1	4
159	1003	1	4
4	1009	1	4
122	1031	1	4
179	1031	1	4
128	1035	1	4
164	1035	1	4
280	1035	1	4
283	1035	1	4
208	1042	1	4
20	1050	1	4
26	1050	1	4
157	1050	1	4
33	1052	1	4
72	1052	1	4
95	1052	1	4
117	1052	1	4
228	1052	1	4
250	1059	1	4
103	1066	1	4
24	1070	1	4
83	1070	1	4
147	1070	1	4
174	1079	1	4
122	1084	1	4
209	1084	1	4
45	1086	1	4
149	1086	1	4
282	1086	1	4
7	1087	1	4
132	1087	1	4
137	1087	1	4
212	1087	2	4
266	1096	1	4
202	1097	1	4
236	1097	1	4
9	1099	1	4
78	1100	1	4
230	1100	1	4
233	1100	1	4
234	1100	1	4
263	1100	1	4
20	1102	1	4
82	1102	1	4
135	1105	1	4
73	1107	1	4
211	1108	1	4
233	1108	1	4
234	1108	2	4
280	1108	1	4
233	1110	1	4
239	1110	1	4
112	1111	1	4
233	1111	1	4
264	1111	1	4
265	1111	1	4
26	1112	1	4
58	1112	1	4
147	1112	1	4
238	1112	1	4
95	1113	1	4
120	1113	1	4
46	1115	1	4
250	1115	1	4
71	1119	2	4
259	1119	1	4
273	1119	1	4
26	1122	1	4
71	1122	1	4
195	1122	1	4
276	1122	1	4
91	1123	1	4
174	1123	1	4
82	1124	1	4
184	1124	1	4
206	1129	1	4
250	1129	1	4
58	1131	1	4
91	1131	1	4
164	1131	1	4
254	1131	1	4
268	1131	1	4
33	1142	1	4
101	1142	1	4
150	1142	1	4
250	1142	1	4
117	1144	1	4
250	1144	1	4
277	1144	1	4
17	1146	1	4
25	1146	1	4
33	1146	1	4
38	1146	1	4
117	1147	1	4
147	1147	1	4
151	1147	1	4
246	1151	1	4
268	1151	1	4
219	1152	1	4
257	1152	1	4
249	1154	1	4
122	1164	1	4
243	1164	1	4
186	1165	1	4
40	1176	1	4
118	1176	1	4
120	1176	1	4
284	1176	1	4
60	1186	1	4
133	1186	1	4
174	1193	1	4
250	1206	1	4
257	1206	1	4
77	1226	1	4
99	1226	3	4
194	1226	1	4
44	1249	1	4
67	1249	1	4
122	1249	1	4
95	1283	1	4
151	1311	1	4
197	1311	1	4
248	1311	1	4
132	1312	1	4
186	1312	1	4
212	1312	1	4
249	1312	1	4
99	1314	1	4
106	1314	1	4
122	1314	1	4
134	1314	1	4
183	1314	1	4
19	1317	1	4
33	1317	1	4
35	1317	2	4
148	1317	1	4
272	1317	1	4
268	1318	1	4
105	1321	1	4
191	1321	1	4
198	1321	1	4
205	1321	2	4
122	1334	1	4
53	1342	1	4
116	1355	1	4
73	1361	1	4
250	1366	1	4
254	1366	1	4
122	1374	1	4
191	1374	1	4
250	1374	2	4
263	1374	1	4
278	1374	1	4
132	1380	1	4
188	1380	1	4
212	1380	1	4
14	1401	1	4
63	1401	1	4
176	1401	1	4
176	1404	1	4
88	1409	1	4
111	1409	1	4
117	1409	1	4
183	1409	1	4
83	1417	1	4
201	1417	1	4
248	1417	1	4
256	1417	1	4
273	1417	1	4
280	1417	1	4
145	1419	1	4
147	1419	1	4
186	1419	1	4
154	1428	1	4
263	1428	1	4
178	1432	1	4
26	1434	2	4
26	1438	2	4
147	1438	1	4
289	1438	2	4
114	1443	1	4
276	1443	1	4
285	1443	1	4
147	1446	1	4
197	1449	1	4
9	1462	1	4
272	1464	1	4
197	1465	1	4
283	1465	1	4
286	1475	1	4
213	1477	1	4
94	1481	1	4
117	1481	1	4
71	1498	1	4
186	1498	1	4
71	1503	1	4
186	1503	1	4
111	1508	1	4
122	1526	1	4
9	1527	1	4
109	1527	1	4
167	1527	1	4
200	1527	1	4
257	1527	1	4
278	1527	1	4
109	1529	1	4
122	1529	1	4
167	1532	1	4
176	1532	1	4
250	1532	1	4
268	1532	1	4
248	1542	1	4
1	1544	1	4
113	1544	1	4
127	1548	1	4
167	1549	1	4
278	1549	1	4
151	1553	1	4
288	1553	1	4
38	1554	1	4
73	1554	1	4
134	1554	1	4
1	1556	1	4
29	1556	1	4
144	1556	1	4
228	1556	1	4
262	1557	1	4
125	1558	1	4
250	1558	1	4
262	1558	1	4
10	1561	1	4
163	1561	1	4
184	1561	1	4
236	1561	1	4
246	1561	1	4
250	1561	1	4
14	1562	1	4
69	1562	1	4
270	1562	1	4
271	1562	1	4
202	1563	1	4
206	1563	1	4
102	1564	1	4
121	1564	1	4
225	1564	1	4
250	1564	1	4
274	1564	1	4
22	1568	1	4
34	1568	1	4
122	1568	1	4
246	1568	1	4
282	1568	2	4
107	1569	1	4
141	1569	1	4
278	1570	1	4
52	1573	1	4
136	1573	1	4
141	1573	1	4
144	1573	1	4
151	1573	1	4
268	1573	1	4
276	1573	1	4
126	1574	1	4
147	1574	1	4
262	1574	1	4
123	1581	1	4
123	1584	1	4
14	1587	1	4
82	1587	1	4
123	1587	1	4
139	1587	1	4
201	1587	1	4
112	1590	1	4
148	1590	1	4
285	1590	1	4
7	1591	1	4
94	1591	1	4
137	1591	1	4
228	1591	1	4
262	1591	1	4
95	1593	1	4
273	1593	1	4
35	1	1	5
151	34	1	5
122	47	1	5
46	86	1	5
151	86	1	5
176	140	1	5
190	146	1	5
14	150	1	5
191	150	1	5
204	150	1	5
224	150	1	5
262	150	1	5
265	150	1	5
273	150	1	5
74	152	1	5
106	158	1	5
122	158	1	5
191	158	1	5
247	158	1	5
253	158	1	5
90	178	1	5
91	178	1	5
150	178	1	5
177	178	1	5
261	186	1	5
29	190	1	5
115	206	1	5
275	207	1	5
228	212	1	5
193	215	1	5
248	215	1	5
290	215	1	5
225	217	1	5
15	224	1	5
110	224	1	5
129	224	1	5
268	224	1	5
122	299	1	5
247	299	1	5
253	299	1	5
122	300	1	5
247	300	1	5
253	300	1	5
122	306	1	5
190	306	1	5
198	306	1	5
247	306	1	5
253	306	1	5
122	307	1	5
152	307	1	5
247	307	1	5
253	307	1	5
122	308	1	5
190	308	1	5
198	308	1	5
247	308	1	5
253	308	1	5
122	309	1	5
190	309	1	5
198	309	1	5
247	309	1	5
253	309	1	5
122	310	1	5
190	310	1	5
198	310	1	5
247	310	1	5
253	310	1	5
122	311	1	5
190	311	1	5
198	311	1	5
247	311	1	5
253	311	1	5
3	313	1	5
14	313	1	5
176	313	1	5
50	314	1	5
121	314	1	5
122	314	1	5
176	314	1	5
284	314	1	5
90	332	1	5
153	332	1	5
250	332	1	5
122	335	1	5
151	335	1	5
263	335	1	5
151	337	1	5
168	337	1	5
260	337	1	5
1	338	1	5
89	338	1	5
260	338	1	5
268	338	1	5
260	339	1	5
265	339	1	5
277	339	1	5
109	342	1	5
151	342	1	5
153	342	1	5
219	342	1	5
81	345	1	5
12	348	1	5
260	348	1	5
30	351	1	5
122	351	1	5
281	351	1	5
93	353	1	5
257	353	1	5
269	353	1	5
156	354	1	5
15	356	1	5
93	356	1	5
156	356	1	5
257	356	1	5
37	357	1	5
43	357	1	5
103	361	1	5
290	361	1	5
119	363	1	5
151	363	1	5
152	363	2	5
156	363	1	5
163	363	1	5
55	364	2	5
147	364	1	5
122	365	1	5
178	365	1	5
55	366	2	5
13	367	1	5
151	367	1	5
187	367	1	5
193	367	1	5
8	368	1	5
88	368	1	5
176	368	1	5
195	368	1	5
268	368	1	5
112	372	1	5
101	381	1	5
152	381	1	5
156	381	1	5
163	381	1	5
252	381	1	5
265	381	1	5
269	381	1	5
275	381	1	5
147	383	1	5
103	384	1	5
177	384	1	5
260	384	1	5
151	405	1	5
122	406	1	5
173	406	1	5
185	406	1	5
103	414	1	5
273	414	1	5
103	423	1	5
151	446	1	5
105	464	1	5
120	464	1	5
91	467	1	5
122	467	1	5
176	467	1	5
179	467	1	5
270	470	1	5
47	488	1	5
151	488	1	5
273	490	1	5
269	502	1	5
108	506	1	5
204	506	1	5
235	506	1	5
241	506	2	5
265	506	1	5
8	508	1	5
46	508	1	5
107	508	1	5
76	513	1	5
233	513	1	5
169	530	1	5
205	530	1	5
213	530	1	5
218	542	1	5
256	542	1	5
43	545	1	5
122	545	1	5
93	547	1	5
64	554	1	5
277	554	1	5
106	567	1	5
122	567	1	5
49	589	1	5
83	623	1	5
234	623	1	5
225	627	1	5
18	633	1	5
279	633	1	5
39	640	1	5
80	640	1	5
122	640	1	5
178	640	1	5
233	640	1	5
161	646	1	5
163	646	1	5
210	646	1	5
151	648	1	5
250	648	1	5
120	665	1	5
200	665	1	5
1	666	1	5
147	666	1	5
200	666	1	5
230	666	1	5
39	668	1	5
122	668	1	5
144	668	1	5
105	669	1	5
169	669	1	5
268	669	1	5
278	670	1	5
77	671	1	5
91	671	1	5
121	671	1	5
211	671	1	5
267	671	1	5
44	672	1	5
114	672	1	5
141	672	1	5
25	674	1	5
41	674	1	5
47	674	1	5
195	674	1	5
268	674	1	5
69	675	1	5
268	675	1	5
44	676	1	5
187	676	1	5
40	677	1	5
93	677	1	5
112	677	1	5
147	677	1	5
272	677	1	5
83	681	1	5
101	681	1	5
231	681	1	5
242	681	1	5
246	681	1	5
147	682	1	5
149	682	1	5
268	682	1	5
9	683	1	5
88	683	1	5
146	683	1	5
183	683	1	5
229	683	1	5
80	687	2	5
122	687	1	5
178	687	2	5
56	694	1	5
228	694	1	5
237	712	1	5
273	712	1	5
26	716	1	5
45	716	1	5
115	716	1	5
196	716	1	5
254	716	1	5
91	730	1	5
115	730	1	5
254	730	1	5
115	732	1	5
128	732	1	5
49	736	1	5
128	736	1	5
101	742	1	5
29	743	1	5
146	743	1	5
112	745	1	5
116	745	1	5
269	745	1	5
73	752	1	5
76	752	1	5
92	760	1	5
122	760	1	5
41	769	1	5
149	769	1	5
214	769	1	5
9	771	1	5
128	772	1	5
73	778	1	5
135	778	1	5
289	778	1	5
80	785	1	5
122	785	1	5
187	785	1	5
242	785	1	5
58	789	1	5
69	789	1	5
196	789	1	5
32	791	1	5
125	792	1	5
154	792	1	5
163	792	1	5
165	792	1	5
278	792	1	5
44	801	1	5
236	801	1	5
14	802	1	5
95	802	1	5
235	802	1	5
288	802	1	5
80	814	1	5
122	814	1	5
178	814	1	5
209	814	1	5
118	816	1	5
250	816	1	5
254	816	1	5
273	816	1	5
91	822	1	5
121	822	1	5
128	822	1	5
9	836	1	5
81	836	1	5
145	836	1	5
206	836	2	5
288	836	1	5
24	863	1	5
48	864	1	5
50	864	1	5
104	864	1	5
6	872	1	5
65	872	1	5
87	872	1	5
285	873	1	5
4	874	1	5
29	874	1	5
154	874	1	5
160	874	1	5
246	874	1	5
268	874	1	5
73	876	1	5
163	876	1	5
222	876	1	5
250	876	1	5
268	876	1	5
6	877	1	5
92	877	1	5
112	877	1	5
231	877	1	5
236	877	1	5
163	878	1	5
196	878	1	5
220	878	1	5
222	879	1	5
12	880	1	5
235	880	1	5
163	884	1	5
250	884	1	5
268	884	2	5
50	890	1	5
54	890	1	5
104	890	1	5
122	890	1	5
9	899	1	5
36	899	1	5
89	899	1	5
6	904	1	5
236	904	1	5
62	907	1	5
105	907	1	5
195	907	1	5
219	907	1	5
254	907	1	5
268	907	1	5
284	907	1	5
104	910	1	5
40	913	1	5
122	913	1	5
6	916	1	5
290	916	1	5
111	917	1	5
163	917	1	5
91	921	1	5
80	922	1	5
122	922	1	5
178	922	1	5
139	924	1	5
242	924	1	5
80	925	1	5
122	925	1	5
178	925	1	5
204	925	1	5
53	926	1	5
115	926	1	5
6	931	1	5
231	931	1	5
284	931	1	5
55	932	1	5
134	932	1	5
271	932	1	5
273	932	1	5
48	934	1	5
104	934	1	5
111	934	1	5
129	934	1	5
186	934	1	5
1	936	1	5
40	936	1	5
112	936	1	5
121	936	1	5
140	936	1	5
278	936	1	5
76	940	1	5
163	940	1	5
126	943	1	5
252	943	1	5
278	943	1	5
237	945	1	5
267	945	1	5
47	949	1	5
147	949	1	5
111	965	1	5
158	965	1	5
186	965	1	5
28	966	1	5
138	966	1	5
147	966	1	5
185	966	1	5
250	966	1	5
221	969	1	5
90	980	1	5
116	980	1	5
268	980	1	5
122	983	1	5
104	984	1	5
48	990	1	5
104	990	1	5
48	1000	1	5
104	1000	1	5
111	1008	1	5
104	1010	1	5
126	1011	1	5
236	1011	1	5
278	1011	1	5
185	1012	1	5
94	1020	1	5
113	1020	1	5
254	1020	1	5
62	1024	1	5
91	1024	1	5
273	1024	1	5
116	1038	1	5
117	1038	1	5
88	1047	1	5
117	1047	1	5
139	1047	1	5
128	1048	1	5
45	1051	1	5
128	1051	1	5
280	1051	2	5
205	1069	1	5
233	1069	1	5
104	1081	1	5
29	1088	1	5
12	1092	1	5
179	1092	1	5
186	1092	1	5
188	1092	1	5
12	1098	1	5
78	1098	1	5
180	1098	1	5
186	1098	1	5
188	1098	1	5
44	1114	1	5
24	1118	1	5
48	1118	1	5
112	1118	1	5
136	1118	1	5
163	1118	1	5
255	1118	1	5
3	1126	1	5
45	1126	1	5
91	1126	1	5
161	1126	1	5
268	1126	1	5
104	1132	1	5
59	1133	1	5
102	1133	1	5
13	1134	1	5
47	1134	1	5
278	1134	1	5
214	1141	1	5
241	1141	1	5
24	1153	1	5
76	1153	1	5
250	1153	2	5
280	1153	1	5
87	1155	1	5
122	1155	1	5
269	1155	1	5
146	1157	1	5
87	1158	1	5
122	1158	1	5
245	1158	1	5
122	1159	1	5
250	1159	1	5
102	1163	1	5
122	1163	1	5
200	1168	1	5
289	1168	1	5
108	1171	1	5
236	1171	1	5
250	1171	1	5
259	1171	1	5
269	1171	1	5
154	1173	1	5
228	1173	1	5
249	1173	1	5
248	1174	1	5
262	1174	1	5
3	1175	1	5
63	1175	1	5
73	1175	1	5
76	1175	1	5
117	1175	1	5
122	1175	1	5
5	1178	1	5
157	1178	1	5
177	1180	1	5
249	1180	1	5
24	1182	1	5
99	1182	5	5
136	1182	1	5
58	1184	1	5
206	1184	1	5
151	1190	1	5
170	1190	1	5
110	1191	1	5
162	1191	1	5
79	1202	1	5
128	1202	1	5
162	1208	1	5
162	1211	1	5
258	1211	1	5
52	1215	2	5
53	1215	1	5
244	1215	1	5
64	1217	1	5
258	1217	1	5
111	1218	1	5
153	1220	1	5
19	1222	1	5
71	1222	1	5
151	1222	1	5
224	1225	1	5
88	1237	1	5
122	1237	1	5
228	1237	1	5
102	1251	1	5
184	1251	1	5
52	1253	1	5
65	1253	1	5
67	1253	1	5
122	1253	1	5
268	1253	1	5
30	1258	1	5
145	1258	2	5
207	1258	1	5
58	1260	1	5
162	1260	1	5
268	1260	1	5
136	1264	1	5
272	1264	2	5
91	1267	1	5
285	1267	1	5
12	1268	1	5
234	1268	1	5
248	1268	1	5
124	1269	1	5
91	1273	1	5
162	1273	1	5
117	1274	1	5
161	1274	1	5
176	1274	1	5
205	1274	1	5
287	1274	1	5
102	1275	1	5
188	1275	1	5
214	1275	1	5
93	1276	1	5
156	1276	1	5
32	1278	1	5
73	1278	1	5
86	1281	1	5
240	1281	1	5
59	1282	1	5
82	1282	1	5
111	1282	1	5
147	1282	1	5
186	1282	1	5
221	1282	1	5
250	1282	1	5
272	1282	1	5
273	1282	1	5
277	1286	1	5
162	1294	1	5
33	1303	1	5
73	1303	1	5
112	1303	1	5
250	1303	1	5
88	1304	1	5
34	1339	1	5
71	1339	1	5
73	1339	1	5
174	1339	1	5
250	1339	1	5
280	1339	1	5
122	1350	1	5
209	1350	1	5
240	1350	1	5
122	1403	1	5
106	1408	1	5
122	1414	1	5
123	1414	1	5
154	1414	2	5
213	1420	1	5
236	1420	1	5
250	1420	1	5
96	1433	1	5
151	1433	1	5
167	1440	1	5
183	1456	1	5
57	1458	1	5
103	1458	1	5
122	1458	1	5
203	1458	1	5
151	1460	1	5
157	1460	1	5
186	1460	1	5
63	1469	1	5
170	1469	1	5
230	1469	1	5
273	1469	1	5
166	1480	1	5
229	1480	1	5
275	1484	1	5
195	1504	1	5
250	1504	1	5
266	1504	1	5
282	1504	1	5
82	1511	2	5
209	1511	1	5
173	1512	1	5
236	1512	1	5
17	1515	1	5
109	1515	1	5
121	1515	1	5
122	1515	1	5
18	1533	1	5
101	1533	1	5
151	1533	2	5
275	1533	1	5
122	1536	1	5
96	1538	1	5
189	1538	1	5
73	1541	1	5
122	1545	2	5
257	1545	1	5
73	1551	1	5
5	1552	1	5
122	1552	1	5
5	1555	1	5
54	1555	1	5
5	1585	1	5
272	1586	1	5
161	10	1	6
268	11	1	6
33	12	1	6
148	12	1	6
19	13	1	6
176	13	1	6
256	14	2	6
94	15	1	6
280	15	1	6
33	17	1	6
108	18	1	6
148	18	1	6
268	18	1	6
12	19	1	6
113	19	1	6
236	19	1	6
147	20	1	6
195	20	1	6
261	29	1	6
274	29	1	6
280	31	1	6
68	35	1	6
93	35	1	6
151	35	1	6
212	35	1	6
227	35	1	6
161	36	1	6
78	38	1	6
91	38	1	6
145	38	1	6
168	38	1	6
250	38	1	6
70	39	1	6
144	40	1	6
24	41	1	6
33	41	1	6
228	41	1	6
255	41	1	6
107	44	1	6
202	44	1	6
195	45	1	6
54	49	1	6
250	50	1	6
272	52	1	6
24	54	1	6
33	54	1	6
54	54	1	6
95	54	1	6
127	54	1	6
161	54	1	6
283	54	1	6
160	55	1	6
29	56	1	6
100	56	1	6
127	56	1	6
177	56	1	6
100	57	1	6
151	57	1	6
33	58	1	6
96	58	1	6
9	59	1	6
73	59	1	6
88	59	1	6
101	59	1	6
111	59	1	6
151	59	1	6
249	59	1	6
145	60	1	6
177	60	1	6
176	61	1	6
195	61	1	6
256	61	1	6
119	63	1	6
79	64	1	6
122	64	1	6
250	64	1	6
269	64	1	6
147	65	1	6
159	65	1	6
127	66	2	6
111	71	1	6
111	72	1	6
257	72	1	6
10	73	1	6
122	73	1	6
178	73	1	6
184	73	1	6
251	73	1	6
50	76	1	6
286	77	1	6
127	79	1	6
187	79	1	6
259	80	1	6
278	80	1	6
145	81	1	6
151	81	1	6
94	82	1	6
147	82	1	6
168	82	1	6
54	83	1	6
147	85	1	6
99	87	3	6
277	87	1	6
26	89	1	6
110	89	1	6
127	90	1	6
262	90	2	6
263	91	1	6
272	91	1	6
188	92	1	6
250	92	1	6
263	92	1	6
147	93	1	6
122	94	1	6
284	94	1	6
110	95	1	6
127	95	2	6
131	95	1	6
138	95	2	6
147	95	1	6
54	96	1	6
96	96	1	6
186	96	1	6
249	96	1	6
89	98	1	6
211	98	1	6
57	99	1	6
54	102	1	6
109	102	1	6
127	105	2	6
217	105	1	6
286	105	1	6
194	108	1	6
228	108	1	6
41	109	1	6
54	109	1	6
138	114	1	6
160	114	1	6
97	115	1	6
121	115	1	6
122	115	1	6
154	115	1	6
232	115	1	6
47	116	1	6
184	117	1	6
195	119	1	6
256	119	1	6
73	122	1	6
150	122	1	6
151	122	1	6
228	122	1	6
54	124	1	6
84	124	1	6
142	125	1	6
8	127	1	6
124	127	1	6
255	127	1	6
20	129	1	6
151	129	1	6
250	129	1	6
151	130	1	6
250	130	1	6
30	132	2	6
54	132	1	6
47	133	1	6
127	134	1	6
244	134	1	6
94	137	1	6
30	139	1	6
54	139	1	6
151	139	1	6
124	141	1	6
8	142	1	6
14	143	1	6
73	143	1	6
210	143	1	6
202	145	1	6
284	145	1	6
12	156	1	6
68	156	1	6
110	157	1	6
186	157	1	6
266	157	1	6
151	160	1	6
288	160	1	6
151	162	1	6
246	166	1	6
15	168	1	6
54	168	1	6
196	168	1	6
246	168	1	6
151	174	1	6
287	174	1	6
8	175	1	6
60	175	1	6
133	175	1	6
117	177	1	6
246	180	1	6
235	182	1	6
35	184	1	6
121	184	1	6
161	185	1	6
135	187	1	6
150	187	1	6
122	189	1	6
235	189	1	6
151	191	1	6
288	193	1	6
111	195	1	6
113	195	1	6
69	196	1	6
73	196	1	6
208	199	1	6
35	201	1	6
158	201	1	6
246	201	1	6
288	201	1	6
73	203	1	6
88	203	1	6
173	205	1	6
250	205	1	6
31	209	1	6
268	209	1	6
88	213	1	6
89	213	1	6
93	213	1	6
122	213	1	6
176	213	1	6
268	213	1	6
258	214	1	6
24	216	1	6
73	218	1	6
102	218	1	6
24	221	1	6
145	221	1	6
151	222	1	6
250	222	1	6
271	222	1	6
127	223	1	6
254	223	1	6
268	223	1	6
269	225	1	6
54	226	1	6
94	226	1	6
196	226	1	6
272	226	1	6
20	227	1	6
158	227	1	6
28	228	1	6
91	228	1	6
250	228	1	6
81	229	1	6
88	229	1	6
33	230	1	6
73	230	1	6
217	230	1	6
99	231	7	6
33	232	1	6
62	232	1	6
142	232	1	6
145	232	2	6
151	232	2	6
17	233	1	6
269	233	1	6
118	236	1	6
143	236	1	6
179	236	1	6
24	239	1	6
35	241	1	6
54	242	1	6
111	242	1	6
117	242	1	6
213	242	2	6
54	243	1	6
93	243	2	6
288	243	1	6
54	245	1	6
151	245	1	6
160	245	1	6
94	247	1	6
151	247	1	6
143	249	1	6
91	251	1	6
122	251	2	6
193	253	1	6
99	254	1	6
256	255	2	6
108	256	1	6
148	256	1	6
268	256	1	6
12	257	1	6
113	257	1	6
158	257	1	6
236	257	2	6
261	257	1	6
274	257	1	6
12	258	1	6
179	258	1	6
24	259	1	6
122	259	1	6
127	260	1	6
262	260	1	6
31	261	1	6
88	261	1	6
276	262	1	6
56	263	1	6
122	263	1	6
178	263	1	6
62	264	1	6
75	264	2	6
88	265	1	6
93	265	1	6
288	265	2	6
33	266	1	6
93	266	1	6
187	269	1	6
31	272	1	6
266	272	1	6
70	273	1	6
219	273	1	6
250	273	1	6
88	274	1	6
59	277	1	6
176	295	1	6
14	296	1	6
76	296	1	6
122	296	1	6
17	297	1	6
86	297	2	6
151	297	1	6
178	297	1	6
221	297	1	6
261	297	1	6
97	298	1	6
122	298	1	6
232	298	1	6
179	301	1	6
27	302	1	6
122	302	1	6
178	302	1	6
93	304	1	6
32	305	1	6
254	305	1	6
10	316	1	6
117	316	1	6
127	316	1	6
227	316	1	6
182	319	1	6
268	319	1	6
8	320	1	6
122	320	1	6
5	322	1	6
143	322	1	6
122	324	1	6
233	324	1	6
145	326	1	6
8	328	1	6
35	328	1	6
224	328	1	6
225	328	1	6
22	329	1	6
33	329	1	6
41	329	1	6
206	329	1	6
228	329	1	6
246	329	1	6
270	329	1	6
33	330	1	6
218	331	1	6
235	331	1	6
168	333	1	6
242	333	1	6
212	334	1	6
264	334	1	6
13	336	1	6
84	336	1	6
205	336	1	6
250	336	1	6
39	340	1	6
76	340	1	6
117	340	1	6
195	340	1	6
199	349	1	6
223	349	1	6
248	349	1	6
98	350	1	6
163	350	1	6
199	350	1	6
223	350	1	6
248	350	1	6
250	350	1	6
122	355	1	6
220	355	1	6
91	362	1	6
96	362	1	6
116	362	2	6
145	362	1	6
183	362	1	6
102	371	1	6
147	371	1	6
217	371	1	6
269	371	1	6
280	371	1	6
20	373	1	6
151	374	1	6
168	374	1	6
1	376	1	6
225	376	1	6
227	376	1	6
268	376	1	6
120	378	1	6
176	378	1	6
227	378	1	6
188	379	1	6
221	379	1	6
17	382	1	6
109	382	1	6
2	386	1	6
24	388	1	6
151	388	1	6
206	388	1	6
8	389	1	6
39	390	1	6
161	390	1	6
168	390	1	6
250	390	1	6
171	391	1	6
8	393	1	6
254	393	1	6
287	393	1	6
27	395	1	6
122	395	1	6
178	395	1	6
17	398	1	6
121	398	1	6
127	398	1	6
234	398	1	6
254	398	1	6
287	398	1	6
246	399	1	6
254	404	1	6
287	404	1	6
65	409	1	6
99	409	5	6
138	409	1	6
266	409	1	6
69	410	1	6
151	410	1	6
176	410	1	6
20	411	1	6
8	413	1	6
151	413	1	6
17	415	1	6
143	415	1	6
13	418	2	6
17	418	1	6
19	418	1	6
109	418	1	6
122	418	1	6
194	418	1	6
93	421	1	6
117	421	1	6
122	421	1	6
176	421	1	6
245	421	1	6
279	421	1	6
72	422	1	6
93	426	1	6
117	426	1	6
122	426	1	6
176	426	1	6
279	426	1	6
168	427	1	6
151	428	1	6
171	430	1	6
151	432	1	6
33	433	1	6
36	433	1	6
95	433	1	6
122	433	1	6
216	435	1	6
151	436	1	6
216	436	1	6
8	438	1	6
121	438	1	6
151	438	1	6
161	438	1	6
168	441	1	6
48	444	1	6
85	444	1	6
104	444	1	6
2	445	1	6
23	445	1	6
111	447	1	6
121	447	1	6
270	447	1	6
250	448	1	6
17	450	1	6
68	450	1	6
85	450	1	6
85	452	1	6
171	453	1	6
19	454	1	6
168	454	1	6
228	455	1	6
17	456	1	6
109	456	1	6
120	457	1	6
225	457	1	6
120	459	1	6
128	459	1	6
225	459	1	6
235	459	1	6
168	461	1	6
95	462	1	6
117	462	1	6
127	462	1	6
273	462	1	6
282	466	1	6
8	487	1	6
122	505	1	6
16	518	1	6
53	518	1	6
102	518	1	6
176	518	1	6
224	518	1	6
280	518	1	6
136	520	1	6
264	520	1	6
109	523	1	6
153	523	1	6
180	523	1	6
77	529	1	6
101	529	1	6
115	529	1	6
91	531	1	6
98	534	1	6
163	534	1	6
199	534	1	6
223	534	1	6
248	534	1	6
250	534	1	6
199	535	1	6
223	535	1	6
248	535	1	6
3	543	1	6
225	543	1	6
268	543	1	6
122	552	1	6
42	559	1	6
96	563	1	6
122	563	1	6
168	563	1	6
261	563	1	6
154	565	1	6
176	565	1	6
206	565	1	6
268	565	1	6
8	575	1	6
151	575	1	6
13	576	1	6
8	579	1	6
151	579	1	6
161	579	1	6
206	580	1	6
43	582	1	6
122	582	1	6
43	584	1	6
122	584	1	6
145	584	1	6
147	584	1	6
49	586	1	6
70	586	1	6
111	586	1	6
13	588	1	6
47	588	1	6
170	588	1	6
268	588	1	6
171	592	1	6
237	592	1	6
267	592	1	6
161	593	1	6
176	593	1	6
183	593	1	6
250	593	1	6
268	593	1	6
61	594	1	6
187	594	1	6
267	594	1	6
268	594	2	6
60	595	1	6
133	595	1	6
246	595	1	6
250	595	1	6
61	596	1	6
151	596	1	6
187	596	1	6
206	596	1	6
240	596	1	6
267	596	1	6
268	596	2	6
288	596	1	6
187	597	1	6
237	597	1	6
267	597	1	6
268	597	1	6
95	598	1	6
101	598	1	6
127	598	1	6
273	598	1	6
95	599	1	6
127	599	1	6
250	599	1	6
13	600	1	6
268	600	1	6
252	601	1	6
122	604	1	6
195	604	1	6
91	609	1	6
128	609	1	6
44	613	1	6
199	615	1	6
223	615	1	6
248	615	1	6
117	618	1	6
120	618	1	6
189	618	1	6
224	618	1	6
261	618	1	6
270	618	1	6
288	620	1	6
3	625	1	6
237	628	1	6
100	629	1	6
147	630	2	6
42	641	1	6
122	641	1	6
232	641	1	6
254	641	1	6
291	641	1	6
7	647	1	6
122	647	1	6
137	647	1	6
250	647	1	6
86	653	1	6
122	653	1	6
229	653	1	6
101	655	1	6
168	659	1	6
176	659	1	6
222	659	1	6
250	659	1	6
221	664	2	6
117	667	1	6
118	667	1	6
242	667	1	6
251	667	1	6
254	667	1	6
272	667	1	6
9	685	1	6
167	685	1	6
48	689	1	6
176	689	1	6
217	689	1	6
171	690	1	6
176	692	1	6
206	692	1	6
268	692	1	6
101	693	1	6
150	693	1	6
166	698	1	6
88	699	1	6
165	699	1	6
117	701	2	6
122	701	1	6
147	701	1	6
245	701	1	6
254	701	1	6
93	705	1	6
224	705	1	6
122	706	1	6
250	706	1	6
154	713	1	6
200	713	1	6
81	718	2	6
220	718	1	6
186	720	1	6
259	720	1	6
122	727	1	6
254	727	1	6
268	727	1	6
53	731	1	6
248	731	1	6
39	733	1	6
248	734	1	6
147	735	1	6
176	735	1	6
181	735	1	6
254	735	1	6
181	737	1	6
236	737	1	6
4	738	1	6
147	738	1	6
181	738	1	6
290	738	1	6
122	740	1	6
3	748	1	6
165	748	1	6
181	748	1	6
30	755	2	6
165	756	1	6
186	757	1	6
221	757	1	6
272	757	1	6
28	759	1	6
186	759	1	6
151	761	1	6
66	763	1	6
73	763	1	6
76	763	1	6
147	763	1	6
70	765	1	6
122	765	1	6
122	767	1	6
161	767	1	6
228	767	1	6
111	768	1	6
88	770	1	6
120	770	1	6
181	770	1	6
111	773	1	6
102	777	1	6
171	777	1	6
124	780	1	6
147	780	1	6
228	780	1	6
241	780	1	6
268	786	1	6
278	793	1	6
286	795	1	6
9	796	1	6
159	796	1	6
163	796	1	6
278	796	1	6
9	797	1	6
84	797	1	6
150	797	1	6
250	797	1	6
254	797	1	6
62	803	1	6
145	803	1	6
65	805	1	6
122	805	1	6
151	805	1	6
186	805	1	6
141	807	1	6
250	807	1	6
176	808	1	6
268	808	1	6
278	808	1	6
35	809	1	6
186	809	1	6
27	810	1	6
10	811	1	6
27	811	1	6
97	811	1	6
122	811	1	6
178	811	1	6
10	817	1	6
62	818	1	6
84	818	1	6
127	818	1	6
244	818	1	6
175	824	1	6
112	826	1	6
216	826	1	6
15	830	1	6
30	830	1	6
271	830	1	6
288	830	2	6
131	833	1	6
138	833	1	6
163	833	2	6
202	833	1	6
239	833	1	6
81	834	1	6
241	834	1	6
151	837	1	6
121	840	1	6
250	840	1	6
147	841	1	6
160	841	1	6
269	841	1	6
251	843	1	6
268	845	1	6
91	852	1	6
95	852	1	6
128	852	1	6
250	852	1	6
280	852	1	6
12	853	1	6
100	855	1	6
128	855	1	6
149	855	1	6
250	855	1	6
276	855	2	6
280	855	2	6
46	860	1	6
127	865	1	6
118	869	1	6
242	869	1	6
59	870	1	6
88	875	1	6
168	875	1	6
25	881	1	6
122	881	1	6
147	881	1	6
37	882	1	6
122	882	1	6
64	883	1	6
120	883	1	6
165	883	1	6
251	883	1	6
197	887	1	6
27	888	1	6
122	888	1	6
178	888	1	6
262	889	1	6
246	891	1	6
122	892	1	6
250	892	1	6
86	898	1	6
122	898	1	6
151	900	2	6
46	901	1	6
186	901	1	6
268	901	1	6
23	905	1	6
250	905	1	6
110	906	1	6
144	906	1	6
169	906	1	6
178	906	1	6
165	908	1	6
207	908	1	6
212	908	1	6
276	908	1	6
195	911	1	6
234	911	1	6
268	911	1	6
195	912	1	6
228	912	1	6
234	912	1	6
268	912	1	6
79	914	2	6
111	918	1	6
128	918	1	6
8	919	1	6
205	919	1	6
66	920	1	6
73	920	2	6
87	920	1	6
93	920	1	6
101	920	1	6
176	928	1	6
268	928	1	6
33	930	1	6
128	930	1	6
215	930	1	6
42	935	1	6
277	935	1	6
167	939	1	6
134	944	1	6
111	947	1	6
33	950	1	6
50	950	1	6
59	950	2	6
88	950	1	6
262	952	1	6
128	955	1	6
226	955	1	6
251	955	1	6
285	955	1	6
227	960	5	6
286	964	1	6
227	976	4	6
131	982	1	6
250	982	1	6
147	988	1	6
212	988	1	6
263	988	1	6
268	988	1	6
155	989	1	6
122	991	1	6
147	994	1	6
2	995	1	6
91	995	1	6
128	995	1	6
226	995	1	6
91	996	1	6
128	996	1	6
226	996	1	6
228	996	1	6
250	998	1	6
95	1002	1	6
27	1006	1	6
122	1006	1	6
178	1006	1	6
98	1014	1	6
126	1014	1	6
155	1014	1	6
171	1014	1	6
122	1015	1	6
91	1017	1	6
128	1017	1	6
195	1017	1	6
29	1018	1	6
39	1018	1	6
122	1018	1	6
165	1018	1	6
254	1018	1	6
268	1018	1	6
73	1019	1	6
111	1025	1	6
131	1025	1	6
147	1025	1	6
227	1025	1	6
122	1027	1	6
155	1030	1	6
290	1030	1	6
23	1034	1	6
128	1034	1	6
280	1034	1	6
16	1037	1	6
254	1037	1	6
254	1043	1	6
280	1043	1	6
16	1049	1	6
254	1049	1	6
122	1054	1	6
179	1054	1	6
250	1054	1	6
281	1054	1	6
29	1056	1	6
128	1056	1	6
280	1056	1	6
64	1057	1	6
102	1057	1	6
122	1058	1	6
200	1058	1	6
250	1061	1	6
86	1064	1	6
213	1064	1	6
64	1067	1	6
122	1068	1	6
176	1068	1	6
77	1071	1	6
74	1072	1	6
122	1072	1	6
100	1073	1	6
106	1073	1	6
108	1073	1	6
122	1073	1	6
140	1073	1	6
147	1073	1	6
250	1073	1	6
13	1077	1	6
18	1077	1	6
151	1077	1	6
250	1077	1	6
281	1077	1	6
42	1082	1	6
122	1082	1	6
232	1082	1	6
291	1082	1	6
49	1083	1	6
221	1083	1	6
278	1083	1	6
25	1095	1	6
73	1101	1	6
77	1101	1	6
117	1101	1	6
269	1101	1	6
151	1120	1	6
170	1120	1	6
250	1120	1	6
207	1121	1	6
262	1121	1	6
183	1127	1	6
126	1128	1	6
144	1128	1	6
278	1128	1	6
4	1130	1	6
122	1130	1	6
127	1130	1	6
210	1130	1	6
75	1136	1	6
122	1136	1	6
228	1137	1	6
249	1137	1	6
9	1139	1	6
25	1139	1	6
208	1139	1	6
250	1139	1	6
268	1139	1	6
271	1139	1	6
127	1145	1	6
144	1145	1	6
171	1148	1	6
81	1150	3	6
230	1150	1	6
250	1150	1	6
35	1156	1	6
88	1156	1	6
186	1156	1	6
221	1156	1	6
37	1160	1	6
42	1161	1	6
122	1161	1	6
232	1161	1	6
291	1161	1	6
27	1166	1	6
161	1166	1	6
186	1166	1	6
201	1166	1	6
153	1167	1	6
141	1172	1	6
27	1181	1	6
122	1181	1	6
178	1181	1	6
22	1185	1	6
242	1185	1	6
250	1185	1	6
36	1187	1	6
144	1187	1	6
147	1187	1	6
105	1188	1	6
152	1188	4	6
206	1195	1	6
111	1196	1	6
81	1197	1	6
196	1197	2	6
81	1199	1	6
145	1199	1	6
159	1199	1	6
52	1200	1	6
122	1200	2	6
117	1201	2	6
122	1201	1	6
245	1201	1	6
122	1203	1	6
190	1203	1	6
27	1207	1	6
122	1207	1	6
122	1224	1	6
159	1224	1	6
127	1227	1	6
283	1227	1	6
33	1228	1	6
62	1228	1	6
255	1229	1	6
202	1233	1	6
76	1244	1	6
250	1244	1	6
276	1244	1	6
73	1247	2	6
228	1247	2	6
255	1247	1	6
278	1247	1	6
284	1247	1	6
56	1252	1	6
212	1252	1	6
43	1257	1	6
122	1257	1	6
33	1259	1	6
218	1259	1	6
231	1259	1	6
256	1259	1	6
69	1265	1	6
81	1265	1	6
122	1265	1	6
250	1265	1	6
219	1266	1	6
250	1266	1	6
122	1270	1	6
179	1270	1	6
117	1277	2	6
122	1277	1	6
245	1277	1	6
250	1280	1	6
91	1284	1	6
108	1284	1	6
147	1287	1	6
55	1291	1	6
93	1291	1	6
70	1297	1	6
75	1297	1	6
49	1298	1	6
258	1298	3	6
61	1306	1	6
73	1306	1	6
250	1306	1	6
251	1307	1	6
252	1310	1	6
90	1315	1	6
122	1315	1	6
205	1315	1	6
236	1319	1	6
256	1320	1	6
276	1322	1	6
122	1327	1	6
211	1327	1	6
268	1327	1	6
81	1328	2	6
151	1328	2	6
186	1328	1	6
221	1328	1	6
257	1328	1	6
54	1329	1	6
122	1329	1	6
47	1330	1	6
127	1330	1	6
161	1330	1	6
122	1331	1	6
250	1331	1	6
18	1332	1	6
175	1333	1	6
208	1333	1	6
216	1333	1	6
250	1333	1	6
147	1338	1	6
250	1343	1	6
23	1345	1	6
81	1345	1	6
93	1345	1	6
200	1345	1	6
37	1346	1	6
151	1349	1	6
261	1351	1	6
122	1352	1	6
151	1354	1	6
183	1354	1	6
290	1354	1	6
122	1357	1	6
140	1357	1	6
200	1357	1	6
225	1362	1	6
144	1363	1	6
186	1363	1	6
81	1368	1	6
81	1369	1	6
127	1369	1	6
207	1369	1	6
246	1369	1	6
262	1369	1	6
269	1369	1	6
100	1370	1	6
246	1370	1	6
54	1371	1	6
22	1373	1	6
111	1373	1	6
20	1379	1	6
16	1385	1	6
26	1385	1	6
33	1385	1	6
125	1385	1	6
281	1385	1	6
76	1389	1	6
82	1389	1	6
121	1389	1	6
250	1389	1	6
256	1389	1	6
249	1393	1	6
272	1393	1	6
75	1394	1	6
250	1394	1	6
122	1396	1	6
147	1396	1	6
230	1396	1	6
240	1396	1	6
249	1398	1	6
194	1405	1	6
15	1410	1	6
142	1410	1	6
186	1410	1	6
239	1410	1	6
250	1410	1	6
29	1411	1	6
73	1411	1	6
142	1411	1	6
236	1411	1	6
278	1416	1	6
220	1421	1	6
272	1421	1	6
122	1422	1	6
151	1422	1	6
88	1424	1	6
151	1424	1	6
257	1427	1	6
228	1429	1	6
26	1431	3	6
289	1431	1	6
239	1435	1	6
1	1436	1	6
161	1436	1	6
89	1437	1	6
17	1441	2	6
106	1441	2	6
257	1441	1	6
268	1441	1	6
17	1442	2	6
106	1442	2	6
122	1442	1	6
257	1442	1	6
268	1442	1	6
91	1445	1	6
112	1445	1	6
85	1447	1	6
246	1448	1	6
30	1450	1	6
78	1451	1	6
82	1451	1	6
28	1452	1	6
31	1453	1	6
161	1453	1	6
161	1454	1	6
144	1455	1	6
186	1455	1	6
238	1455	1	6
278	1455	1	6
127	1457	1	6
164	1457	1	6
168	1457	1	6
268	1459	1	6
176	1461	1	6
252	1461	1	6
268	1461	1	6
134	1463	1	6
204	1463	1	6
122	1466	1	6
187	1466	1	6
122	1467	1	6
130	1467	1	6
191	1467	1	6
122	1468	1	6
147	1468	1	6
202	1471	2	6
102	1474	1	6
187	1474	1	6
254	1474	1	6
251	1476	1	6
252	1482	1	6
111	1485	1	6
186	1485	2	6
202	1485	1	6
244	1485	1	6
111	1486	1	6
186	1486	1	6
228	1486	1	6
125	1487	1	6
228	1487	1	6
246	1487	2	6
25	1488	1	6
30	1488	1	6
31	1488	2	6
93	1488	1	6
145	1488	1	6
246	1488	1	6
91	1489	1	6
159	1490	1	6
278	1490	1	6
56	1491	1	6
93	1491	1	6
85	1492	1	6
151	1492	1	6
263	1492	1	6
37	1493	1	6
85	1493	1	6
86	1495	1	6
238	1495	1	6
33	1496	1	6
186	1496	1	6
108	1497	1	6
122	1497	1	6
163	1497	1	6
88	1499	1	6
33	1500	1	6
205	1500	1	6
250	1500	1	6
272	1500	1	6
116	1502	1	6
151	1505	1	6
2	1506	1	6
274	1506	1	6
127	1507	1	6
201	1509	1	6
288	1509	1	6
8	1513	1	6
88	1519	1	6
122	1519	1	6
73	1523	1	6
249	1523	1	6
23	1524	1	6
119	1524	1	6
147	1524	1	6
166	1524	1	6
250	1524	1	6
288	1528	1	6
122	1534	1	6
245	1534	1	6
147	1543	1	6
177	1543	1	6
251	1543	1	6
163	1546	1	6
251	1546	1	6
127	1547	1	6
285	1547	1	6
24	1559	1	6
257	1559	1	6
135	1560	1	6
23	1565	1	6
94	1565	1	6
283	1565	1	6
99	1571	1	6
122	1571	1	6
250	1571	1	6
167	1572	1	6
277	1575	1	6
27	1579	1	6
224	1579	1	6
278	1579	1	6
262	1582	1	6
263	1582	1	6
4	1592	1	6
24	1592	1	6
24	1594	1	6
102	1594	1	6
28	1595	1	6
277	1595	1	6
74	1597	1	6
147	1599	1	6
147	1601	1	6
122	32	1	7
151	32	1	7
257	32	1	7
93	536	1	7
140	536	1	7
250	536	1	7
157	783	1	7
16	787	1	7
83	787	1	7
134	787	1	7
224	787	1	7
273	787	1	7
32	788	1	7
77	788	1	7
122	1026	1	7
144	1026	1	7
155	1062	1	7
290	1062	1	7
155	1089	1	7
99	1566	8	7
122	4	1	8
135	6	1	8
147	6	1	8
151	6	1	8
250	21	1	8
8	24	1	8
88	104	1	8
122	104	1	8
122	131	1	8
178	131	1	8
291	131	1	8
101	154	1	8
26	159	1	8
36	159	2	8
122	159	1	8
151	159	1	8
182	267	1	8
182	268	1	8
254	268	1	8
122	276	1	8
178	276	1	8
209	276	1	8
122	282	1	8
147	282	1	8
50	287	1	8
122	315	1	8
178	315	1	8
14	323	1	8
122	352	1	8
80	358	1	8
122	358	1	8
178	358	1	8
80	359	1	8
122	359	1	8
178	359	1	8
233	359	1	8
119	375	1	8
161	375	1	8
277	375	1	8
80	407	1	8
98	407	1	8
122	407	1	8
168	408	1	8
67	416	1	8
100	416	1	8
122	416	1	8
147	416	1	8
151	416	2	8
168	431	1	8
122	440	1	8
64	442	1	8
73	442	1	8
120	442	1	8
225	442	1	8
163	474	1	8
280	474	1	8
35	475	1	8
91	475	1	8
44	512	1	8
200	512	1	8
80	514	1	8
122	514	1	8
178	514	1	8
203	514	1	8
273	515	1	8
122	519	1	8
80	522	1	8
122	522	1	8
173	522	1	8
178	522	1	8
268	553	1	8
92	562	1	8
122	562	1	8
104	569	1	8
122	571	1	8
240	571	1	8
80	577	1	8
122	577	1	8
245	577	1	8
197	602	1	8
145	612	1	8
122	635	1	8
171	635	1	8
151	636	1	8
180	636	1	8
273	636	1	8
80	638	1	8
122	638	1	8
178	638	1	8
273	652	1	8
122	688	1	8
178	688	1	8
203	688	2	8
80	709	1	8
122	709	1	8
178	709	1	8
39	781	1	8
80	799	1	8
122	799	1	8
173	799	1	8
178	799	1	8
122	804	1	8
198	804	1	8
203	804	1	8
80	806	1	8
121	806	2	8
122	806	1	8
179	806	1	8
203	806	1	8
75	815	1	8
88	815	1	8
18	819	1	8
46	819	1	8
93	819	3	8
122	819	1	8
267	819	1	8
279	819	1	8
80	828	1	8
122	828	1	8
178	828	1	8
122	868	1	8
165	868	1	8
250	868	2	8
276	868	1	8
80	896	1	8
122	896	1	8
209	896	1	8
80	903	1	8
122	903	1	8
178	903	1	8
80	933	1	8
122	933	1	8
178	933	1	8
209	933	1	8
128	951	1	8
80	953	1	8
122	953	1	8
178	953	1	8
24	956	1	8
226	956	1	8
251	956	1	8
288	956	1	8
161	959	1	8
24	962	1	8
46	962	1	8
95	962	1	8
147	962	1	8
215	962	1	8
246	962	1	8
248	962	1	8
128	963	1	8
251	963	1	8
187	973	1	8
58	977	1	8
29	979	1	8
195	985	1	8
235	993	1	8
10	997	1	8
179	997	1	8
273	997	1	8
111	999	1	8
128	999	1	8
78	1004	1	8
96	1004	1	8
128	1004	1	8
34	1005	1	8
101	1005	1	8
250	1005	1	8
265	1005	1	8
93	1007	1	8
91	1013	1	8
128	1013	1	8
93	1029	1	8
147	1029	1	8
189	1029	1	8
246	1029	1	8
250	1029	1	8
16	1044	1	8
24	1044	1	8
91	1044	1	8
215	1044	1	8
254	1044	1	8
128	1045	1	8
248	1045	1	8
280	1045	1	8
45	1046	1	8
148	1046	1	8
215	1046	1	8
282	1046	1	8
108	1074	1	8
219	1074	1	8
228	1074	1	8
42	1075	1	8
80	1075	1	8
122	1075	1	8
178	1075	1	8
80	1076	1	8
122	1076	1	8
178	1076	1	8
203	1085	1	8
80	1090	1	8
122	1090	1	8
178	1090	1	8
80	1093	1	8
122	1093	1	8
170	1093	1	8
151	1094	1	8
242	1094	1	8
46	1103	1	8
91	1103	1	8
122	1103	1	8
170	1103	1	8
176	1103	1	8
197	1103	1	8
277	1103	1	8
95	1104	1	8
273	1104	1	8
213	1169	1	8
242	1169	1	8
90	1179	1	8
176	1179	1	8
170	1183	1	8
273	1183	1	8
78	1189	1	8
122	1189	1	8
151	1189	1	8
178	1189	1	8
180	1189	1	8
291	1189	1	8
151	1209	1	8
152	1209	1	8
53	1216	1	8
54	1216	1	8
61	1216	1	8
268	1216	1	8
120	1230	1	8
171	1230	1	8
202	1230	1	8
269	1230	1	8
151	1262	1	8
267	1262	1	8
111	1299	1	8
145	1299	1	8
291	1299	1	8
17	1335	1	8
46	1335	2	8
122	1335	1	8
157	1335	1	8
288	1340	1	8
42	1344	1	8
122	1344	1	8
170	1347	1	8
122	1359	1	8
176	1359	1	8
150	1376	1	8
115	1377	1	8
172	1377	1	8
100	1381	2	8
172	1381	1	8
272	1383	1	8
191	1386	1	8
122	1388	1	8
145	1388	1	8
288	1388	1	8
172	1390	1	8
23	1391	1	8
289	1395	1	8
281	1399	1	8
172	1406	1	8
147	1407	1	8
172	1407	1	8
78	1418	1	8
229	1418	2	8
234	1418	1	8
195	1425	1	8
9	1430	1	8
73	1473	1	8
171	1473	1	8
8	1494	1	8
13	1494	1	8
122	1494	1	8
122	1501	1	8
147	1501	1	8
122	1516	1	8
80	1525	1	8
122	1525	1	8
178	1525	1	8
122	1530	1	8
222	1530	1	8
250	1531	1	8
151	1540	1	8
258	1577	1	8
122	1578	1	8
243	1578	1	8
122	1580	1	8
243	1580	1	8
122	1583	1	8
138	1583	1	8
191	1583	1	8
243	1583	1	8
17	1596	1	8
109	1596	1	8
122	1596	1	8
