31	3	1	0
14	14	1	0
31	14	1	0
18	29	1	0
20	80	1	0
22	80	1	0
11	118	1	0
27	118	1	0
46	118	1	0
46	119	1	0
45	150	1	0
35	151	1	0
45	151	1	0
18	152	1	0
31	155	1	0
33	155	1	0
15	156	1	0
36	156	1	0
37	161	1	0
32	162	1	0
2	163	1	0
22	165	1	0
22	169	1	0
44	170	1	0
21	175	1	0
37	179	1	0
41	179	1	0
21	217	1	0
20	218	1	0
21	219	1	0
21	220	1	0
43	220	1	0
21	221	1	0
17	242	1	0
18	252	1	0
2	276	1	0
22	276	1	0
18	278	1	0
16	279	1	0
47	279	1	0
43	292	1	0
41	297	1	0
4	299	1	0
26	300	1	0
17	301	1	0
18	303	1	0
46	303	1	0
41	304	1	0
7	307	1	0
15	318	1	0
19	332	1	0
18	345	1	0
42	349	1	0
8	350	1	0
42	350	1	0
43	350	1	0
43	351	1	0
47	353	1	0
26	355	1	0
17	362	1	0
31	388	1	0
35	2	1	2
18	8	1	2
35	8	1	2
44	8	1	2
18	9	1	2
35	9	1	2
38	9	1	2
26	12	1	2
26	16	1	2
18	30	1	2
30	30	1	2
35	32	1	2
43	32	1	2
31	59	1	2
20	69	1	2
11	75	1	2
18	75	1	2
20	75	1	2
24	87	1	2
24	91	1	2
18	94	1	2
35	131	1	2
17	160	1	2
18	160	1	2
10	166	1	2
18	185	1	2
22	185	1	2
18	186	1	2
30	186	1	2
20	187	1	2
21	187	1	2
18	188	1	2
19	188	1	2
30	188	1	2
35	188	1	2
17	190	1	2
30	190	1	2
13	191	1	2
30	191	1	2
33	191	1	2
36	191	1	2
18	192	1	2
35	192	2	2
40	192	1	2
46	192	1	2
13	193	1	2
20	193	1	2
30	193	1	2
34	193	1	2
43	193	1	2
22	194	1	2
30	194	1	2
30	195	1	2
34	195	2	2
21	196	1	2
30	196	1	2
12	203	1	2
35	203	1	2
43	223	1	2
21	225	1	2
21	230	1	2
28	232	1	2
20	233	1	2
41	233	1	2
21	234	1	2
43	235	1	2
14	236	1	2
20	237	1	2
22	239	1	2
20	240	1	2
18	247	1	2
30	247	1	2
18	248	1	2
19	248	1	2
30	248	1	2
35	248	1	2
37	249	1	2
35	254	1	2
41	254	1	2
26	257	1	2
17	261	1	2
28	263	1	2
28	265	1	2
14	266	1	2
28	268	1	2
26	269	1	2
26	271	1	2
35	273	1	2
18	283	1	2
3	288	1	2
17	290	1	2
17	308	1	2
30	308	1	2
22	309	1	2
18	311	1	2
14	313	1	2
30	315	2	2
31	327	1	2
14	328	1	2
14	329	1	2
22	340	1	2
28	340	1	2
22	341	1	2
28	341	1	2
19	342	1	2
30	342	2	2
38	344	1	2
10	348	1	2
16	348	1	2
18	369	1	2
35	377	1	2
26	379	1	2
46	379	1	2
32	382	1	2
38	4	1	3
46	13	1	3
18	15	1	3
22	17	1	3
12	18	1	3
27	18	1	3
23	20	1	3
24	21	1	3
29	21	1	3
14	22	1	3
27	22	1	3
27	23	1	3
29	23	1	3
41	24	1	3
43	24	1	3
12	27	1	3
34	27	1	3
3	28	1	3
43	28	1	3
46	31	1	3
11	33	1	3
32	33	1	3
7	36	1	3
22	37	1	3
12	39	1	3
33	39	1	3
35	41	1	3
12	42	1	3
3	44	1	3
34	44	1	3
7	47	1	3
38	48	1	3
32	54	1	3
43	55	1	3
43	57	1	3
10	58	1	3
42	62	1	3
25	68	1	3
29	68	1	3
42	68	1	3
24	70	1	3
6	71	1	3
27	71	1	3
12	72	1	3
27	72	2	3
35	72	1	3
7	83	1	3
18	86	1	3
22	90	1	3
22	92	1	3
25	92	1	3
42	92	1	3
7	93	1	3
11	93	1	3
16	93	1	3
43	93	1	3
46	102	1	3
14	103	1	3
33	103	2	3
21	105	1	3
35	105	1	3
40	105	1	3
16	106	1	3
21	106	1	3
22	106	1	3
34	106	1	3
35	107	1	3
43	107	1	3
11	108	1	3
29	108	1	3
38	108	1	3
25	110	1	3
43	110	1	3
9	111	1	3
34	111	1	3
27	113	1	3
34	114	1	3
35	114	1	3
42	116	1	3
9	117	1	3
11	117	1	3
14	117	1	3
29	117	1	3
35	117	1	3
33	123	1	3
46	124	1	3
24	125	1	3
41	125	1	3
27	127	1	3
9	128	1	3
25	128	1	3
42	128	1	3
8	132	1	3
44	132	1	3
46	132	1	3
3	134	1	3
25	134	1	3
35	135	1	3
11	136	1	3
43	136	1	3
8	137	1	3
11	137	1	3
43	139	1	3
18	141	1	3
35	141	1	3
18	142	1	3
18	146	1	3
43	149	1	3
18	153	1	3
47	153	1	3
31	158	1	3
11	159	1	3
22	159	1	3
24	159	1	3
35	159	1	3
18	168	1	3
21	168	2	3
35	168	1	3
11	171	1	3
35	171	1	3
39	171	1	3
2	172	1	3
6	172	1	3
12	172	1	3
34	172	1	3
39	172	1	3
47	172	1	3
10	173	1	3
39	173	1	3
40	174	1	3
6	176	2	3
12	176	2	3
27	176	1	3
34	176	1	3
39	176	1	3
40	176	1	3
6	177	1	3
21	177	1	3
34	177	1	3
39	177	1	3
3	180	1	3
12	180	1	3
39	180	1	3
1	182	1	3
6	182	1	3
21	182	1	3
27	182	1	3
29	182	1	3
31	182	1	3
39	182	1	3
29	183	1	3
39	183	1	3
40	183	1	3
15	184	1	3
23	184	1	3
34	184	1	3
38	184	1	3
39	184	1	3
35	197	1	3
8	208	1	3
24	208	1	3
9	209	2	3
9	210	2	3
1	212	1	3
12	212	1	3
32	212	1	3
34	212	1	3
24	213	1	3
36	214	1	3
18	228	1	3
42	229	1	3
18	275	1	3
44	277	1	3
45	277	1	3
18	282	1	3
10	291	1	3
21	298	1	3
23	312	1	3
21	319	1	3
31	320	1	3
35	333	1	3
36	333	1	3
45	333	1	3
13	334	1	3
22	334	1	3
47	356	1	3
13	357	1	3
18	357	1	3
35	357	1	3
1	358	1	3
8	359	1	3
22	359	1	3
16	367	1	3
35	367	1	3
15	373	1	3
18	380	1	3
22	381	1	3
23	386	1	3
35	386	1	3
46	387	1	3
2	389	1	3
24	389	2	3
22	391	1	3
2	392	1	3
24	392	1	3
42	393	1	3
20	394	1	3
15	398	1	3
22	399	1	3
2	401	1	3
24	401	1	3
43	401	1	3
28	316	1	4
47	67	1	5
38	76	1	5
19	77	1	5
1	78	1	5
4	78	1	5
21	78	1	5
37	78	1	5
5	79	1	5
37	79	1	5
43	81	1	5
1	84	1	5
4	84	1	5
5	84	1	5
21	84	1	5
4	85	1	5
5	85	1	5
4	88	1	5
5	88	1	5
4	97	2	5
5	97	1	5
22	147	1	5
21	181	1	5
38	199	1	5
21	204	1	5
35	215	1	5
10	216	1	5
35	216	1	5
45	216	1	5
35	244	1	5
46	244	1	5
42	251	1	5
13	294	1	5
44	295	1	5
43	331	1	5
42	337	1	5
36	346	1	5
18	347	1	5
27	365	1	5
18	368	1	5
18	371	1	5
22	371	1	5
36	374	1	5
43	374	1	5
21	376	1	5
23	376	1	5
35	383	1	5
