79	8	2	0
224	8	2	0
29	14	1	0
43	47	1	0
116	47	1	0
259	47	1	0
25	101	1	0
89	101	2	0
149	101	1	0
200	101	1	0
224	101	1	0
108	103	1	0
287	108	1	0
20	138	1	0
196	138	1	0
50	141	1	0
120	143	1	0
155	143	1	0
200	143	1	0
242	143	2	0
218	170	1	0
246	170	1	0
226	205	1	0
120	228	1	0
214	228	1	0
283	234	2	0
81	237	1	0
258	237	1	0
20	246	1	0
121	246	1	0
149	258	1	0
59	264	1	0
150	264	1	0
223	264	1	0
120	269	1	0
264	269	1	0
32	276	1	0
231	276	1	0
120	312	1	0
247	312	1	0
30	322	2	0
30	329	2	0
88	334	1	0
274	334	1	0
62	335	1	0
222	335	1	0
179	337	1	0
226	337	1	0
37	347	1	0
66	347	1	0
109	347	2	0
145	347	1	0
246	347	1	0
252	347	1	0
256	347	1	0
264	347	1	0
219	363	1	0
245	363	1	0
283	363	1	0
108	366	1	0
116	366	1	0
131	366	1	0
158	366	1	0
73	381	2	0
120	382	1	0
145	382	1	0
25	397	1	0
92	415	1	0
158	415	1	0
27	454	1	0
148	454	1	0
256	454	1	0
45	462	1	0
155	462	1	0
157	469	1	0
231	469	1	0
234	469	1	0
2	615	1	0
71	615	1	0
156	615	1	0
252	615	1	0
280	615	1	0
12	618	1	0
264	618	2	0
71	622	1	0
246	622	1	0
80	627	1	0
120	627	1	0
155	663	1	0
160	663	1	0
186	663	1	0
240	663	1	0
108	672	1	0
147	672	1	0
149	672	1	0
147	688	1	0
19	689	1	0
106	689	1	0
140	689	1	0
100	706	1	0
240	706	1	0
285	727	1	0
65	747	1	0
157	747	1	0
248	747	1	0
264	747	2	0
129	757	1	0
120	760	1	0
162	760	1	0
246	760	2	0
120	778	1	0
127	778	1	0
179	778	1	0
230	778	1	0
221	821	1	0
169	859	1	0
246	859	1	0
59	862	1	0
247	862	1	0
5	872	1	0
60	872	1	0
116	872	1	0
246	876	1	0
286	876	1	0
28	881	1	0
116	881	1	0
79	882	1	0
252	884	1	0
262	884	2	0
89	899	1	0
113	899	1	0
36	930	1	0
55	931	1	0
95	931	1	0
16	933	1	0
95	933	2	0
101	933	1	0
116	933	1	0
176	933	1	0
268	933	1	0
245	935	1	0
209	940	1	0
226	940	1	0
95	961	1	0
96	961	1	0
210	966	1	0
45	967	1	0
70	968	1	0
109	968	1	0
210	968	1	0
56	969	1	0
129	969	1	0
45	970	1	0
120	976	1	0
213	1024	1	0
118	1075	1	0
121	1088	1	0
199	1099	1	0
264	1099	1	0
289	1099	1	0
120	1101	1	0
262	1101	1	0
62	1102	2	0
177	1110	1	0
206	1110	2	0
106	1116	1	0
251	1121	1	0
95	1122	2	0
205	1126	1	0
231	1126	1	0
95	1128	1	0
107	1128	1	0
157	1128	1	0
257	1128	1	0
71	1130	1	0
212	1130	3	0
262	1130	4	0
122	1131	1	0
123	1131	1	0
186	1131	1	0
257	1131	1	0
274	1131	1	0
90	1132	1	0
141	1132	1	0
50	1134	1	0
121	1135	1	0
135	1135	1	0
137	1135	1	0
30	1136	1	0
239	1136	1	0
133	1137	1	0
246	1137	1	0
268	1137	1	0
107	1138	1	0
268	1138	1	0
30	1139	1	0
79	1139	1	0
264	1139	1	0
108	1142	1	0
155	1144	1	0
71	1156	1	0
162	1156	1	0
120	1161	1	0
31	1168	1	0
155	1168	1	0
186	1168	1	0
65	1170	1	0
256	1170	1	0
168	1171	1	0
240	1172	2	0
137	1173	1	0
246	1173	1	0
245	1176	1	0
51	1180	1	0
97	1180	1	0
224	1180	1	0
268	1180	1	0
6	1182	1	0
50	1188	1	0
223	1188	1	0
186	1194	1	0
223	1194	1	0
96	1195	1	0
176	1195	1	0
30	1197	1	0
142	1197	1	0
2	1203	1	0
207	1203	1	0
246	1203	1	0
220	1218	1	0
259	1218	1	0
171	1220	1	0
65	1270	1	0
195	1270	1	0
120	1271	1	0
100	1284	1	0
108	1284	1	0
274	1286	1	0
88	1289	1	0
256	1289	1	0
121	1320	1	0
155	1320	1	0
246	1326	1	0
240	1336	1	0
3	1347	1	0
264	1347	1	0
23	1414	1	0
58	1414	1	0
140	1414	1	0
149	1414	1	0
252	1414	1	0
262	1414	2	0
79	1423	1	0
34	1432	1	0
157	1432	1	0
34	1435	1	0
97	1435	1	0
205	1435	1	0
231	1435	1	0
176	1460	1	0
250	1460	1	0
254	1485	1	0
2	9	1	1
24	9	1	1
126	9	1	1
190	9	1	1
214	9	1	1
224	9	1	1
79	20	1	1
114	20	1	1
80	23	1	1
120	23	1	1
180	23	1	1
120	28	1	1
119	67	1	1
120	67	1	1
252	67	1	1
186	82	1	1
248	82	1	1
41	83	1	1
120	83	1	1
223	83	1	1
55	87	1	1
120	87	1	1
221	87	1	1
180	89	1	1
125	90	1	1
69	99	4	1
155	99	1	1
155	110	1	1
269	110	2	1
88	130	1	1
19	163	1	1
185	163	1	1
8	200	1	1
74	200	1	1
120	200	1	1
246	200	1	1
262	200	1	1
263	200	1	1
276	200	1	1
175	204	1	1
157	207	1	1
61	253	1	1
110	265	1	1
12	277	1	1
174	277	1	1
135	298	1	1
26	299	1	1
120	299	1	1
179	299	1	1
202	299	1	1
11	313	1	1
278	317	1	1
108	327	2	1
186	327	1	1
89	328	1	1
137	332	1	1
171	332	1	1
271	332	1	1
89	354	1	1
120	354	1	1
13	357	1	1
120	357	1	1
212	357	1	1
263	357	1	1
100	360	1	1
287	361	1	1
62	378	1	1
120	378	1	1
149	378	1	1
262	378	1	1
263	378	1	1
8	384	1	1
32	384	1	1
34	384	1	1
120	384	1	1
262	384	1	1
263	384	1	1
96	398	1	1
264	398	1	1
120	399	1	1
262	399	1	1
263	399	1	1
288	399	1	1
26	417	1	1
120	417	1	1
184	417	1	1
108	445	1	1
120	445	1	1
263	445	1	1
13	463	1	1
74	463	1	1
120	463	1	1
216	463	1	1
263	463	1	1
202	467	1	1
96	471	1	1
115	471	1	1
283	472	1	1
54	474	1	1
234	474	1	1
58	475	2	1
60	475	1	1
120	475	1	1
262	475	1	1
263	475	1	1
96	484	1	1
120	484	1	1
170	484	1	1
178	484	1	1
30	486	1	1
76	486	1	1
120	504	1	1
168	504	1	1
252	504	1	1
92	518	1	1
158	518	1	1
248	518	1	1
254	518	1	1
179	522	1	1
8	550	1	1
112	550	1	1
212	550	1	1
263	550	1	1
120	559	1	1
212	559	1	1
263	559	1	1
262	564	1	1
180	566	1	1
262	566	1	1
55	567	1	1
246	567	1	1
187	575	1	1
29	586	1	1
46	586	1	1
166	586	1	1
58	588	2	1
233	588	1	1
263	588	1	1
26	620	1	1
120	620	1	1
176	620	1	1
180	620	1	1
31	626	1	1
66	626	1	1
116	626	1	1
224	626	1	1
246	626	2	1
106	648	2	1
66	660	1	1
195	660	1	1
196	660	1	1
246	660	1	1
269	660	1	1
87	669	1	1
229	675	1	1
263	675	1	1
13	678	1	1
120	678	1	1
141	678	1	1
263	678	1	1
120	679	1	1
263	679	1	1
212	681	1	1
263	681	1	1
16	682	1	1
26	683	1	1
58	683	1	1
125	683	1	1
195	683	1	1
263	683	1	1
263	684	1	1
95	685	1	1
120	685	1	1
263	686	2	1
107	690	1	1
263	690	1	1
140	691	1	1
175	691	1	1
263	691	1	1
283	691	1	1
8	692	1	1
212	692	1	1
263	692	1	1
257	693	1	1
263	693	1	1
44	694	1	1
218	694	1	1
254	694	1	1
264	694	1	1
224	695	1	1
263	695	1	1
263	696	1	1
89	697	1	1
118	697	1	1
8	698	1	1
263	698	1	1
212	699	1	1
263	699	1	1
66	708	1	1
81	708	1	1
152	708	1	1
258	708	1	1
152	726	1	1
190	726	1	1
246	726	1	1
285	726	2	1
79	733	1	1
83	733	1	1
11	736	1	1
159	736	1	1
218	736	1	1
254	736	1	1
99	758	1	1
157	758	1	1
218	758	1	1
253	758	1	1
266	759	1	1
266	762	1	1
5	764	1	1
165	776	1	1
246	776	1	1
26	780	1	1
67	780	1	1
71	780	1	1
107	780	1	1
180	780	1	1
262	780	2	1
26	782	1	1
120	782	1	1
179	782	1	1
41	787	1	1
251	787	1	1
95	789	1	1
102	789	1	1
180	796	1	1
252	796	1	1
262	796	1	1
96	811	1	1
252	811	1	1
96	812	1	1
252	812	1	1
77	815	1	1
156	815	1	1
95	817	1	1
272	817	1	1
120	818	1	1
246	818	1	1
285	819	1	1
79	830	1	1
96	830	1	1
140	830	1	1
196	830	1	1
218	830	1	1
252	830	1	1
284	830	1	1
120	857	1	1
262	857	2	1
166	867	1	1
120	874	1	1
171	874	1	1
190	874	1	1
194	874	1	1
262	874	1	1
26	878	1	1
120	878	1	1
184	878	1	1
112	880	1	1
120	880	1	1
214	880	1	1
252	880	1	1
169	885	1	1
52	887	1	1
134	887	1	1
169	887	1	1
61	888	1	1
229	888	1	1
52	889	1	1
134	889	1	1
26	890	1	1
120	890	1	1
6	893	1	1
52	893	1	1
125	893	1	1
134	893	1	1
222	893	1	1
274	893	1	1
282	893	1	1
79	898	1	1
52	902	1	1
134	902	1	1
152	902	1	1
245	902	1	1
52	908	1	1
134	908	1	1
178	908	1	1
245	908	1	1
259	908	1	1
282	908	1	1
95	910	1	1
208	910	1	1
246	910	1	1
270	910	1	1
123	917	1	1
125	917	1	1
274	917	1	1
171	928	1	1
120	955	1	1
216	955	1	1
263	983	1	1
214	985	1	1
263	985	1	1
43	1011	1	1
189	1011	1	1
262	1015	1	1
263	1015	1	1
263	1017	1	1
264	1028	1	1
277	1028	1	1
219	1029	1	1
263	1030	1	1
159	1055	1	1
215	1055	1	1
246	1055	1	1
274	1056	1	1
59	1057	1	1
279	1057	2	1
285	1057	1	1
186	1058	1	1
212	1058	1	1
263	1058	2	1
11	1060	1	1
108	1069	1	1
231	1069	1	1
239	1069	1	1
63	1074	1	1
120	1074	1	1
168	1074	1	1
214	1074	1	1
289	1074	1	1
19	1076	1	1
72	1076	1	1
89	1076	1	1
19	1077	1	1
155	1077	1	1
108	1079	1	1
214	1079	1	1
263	1079	1	1
274	1080	1	1
263	1082	1	1
147	1083	1	1
30	1086	1	1
147	1086	1	1
226	1086	1	1
32	1087	1	1
186	1087	1	1
246	1087	1	1
257	1087	1	1
5	1090	1	1
84	1090	1	1
212	1090	1	1
263	1090	1	1
263	1096	1	1
263	1097	1	1
287	1106	1	1
46	1112	1	1
120	1120	1	1
180	1120	1	1
252	1120	1	1
262	1120	1	1
85	1124	1	1
101	1124	1	1
116	1124	1	1
246	1124	1	1
101	1129	1	1
166	1129	1	1
120	1141	1	1
8	1146	1	1
101	1146	1	1
263	1146	1	1
276	1146	1	1
10	1149	1	1
83	1149	1	1
102	1149	1	1
123	1149	1	1
138	1149	1	1
155	1149	1	1
266	1152	1	1
278	1152	1	1
155	1154	1	1
174	1154	1	1
148	1157	1	1
196	1157	1	1
31	1165	1	1
69	1165	1	1
284	1186	1	1
24	1190	1	1
160	1190	1	1
56	1191	1	1
224	1191	1	1
66	1207	1	1
69	1207	1	1
154	1207	1	1
33	1208	1	1
252	1222	1	1
270	1222	1	1
9	1223	1	1
152	1223	1	1
285	1223	1	1
155	1224	1	1
152	1249	1	1
186	1249	1	1
229	1249	1	1
98	1252	1	1
225	1255	1	1
148	1282	1	1
210	1282	1	1
25	1285	1	1
79	1285	1	1
120	1294	1	1
121	1317	1	1
67	1321	1	1
8	1323	1	1
263	1323	1	1
269	1323	1	1
287	1323	1	1
252	1324	1	1
111	1325	1	1
120	1325	1	1
283	1325	1	1
120	1332	1	1
120	1365	1	1
252	1365	1	1
120	1375	1	1
264	1388	1	1
120	1394	1	1
189	1394	1	1
159	1404	1	1
234	1404	1	1
202	1407	1	1
234	1407	1	1
265	1407	1	1
91	1411	1	1
94	1411	1	1
98	1411	1	1
114	1411	1	1
246	1411	1	1
251	1411	1	1
120	1413	1	1
244	1413	1	1
263	1415	1	1
267	1415	1	1
152	1417	1	1
53	1452	1	1
148	1452	1	1
149	1452	1	1
26	1470	1	1
107	1470	1	1
79	1474	1	1
19	1478	1	1
155	1478	1	1
171	1490	1	1
244	1490	1	1
263	1500	1	1
101	1505	1	1
268	1507	1	1
149	1508	1	1
209	1508	1	1
28	1509	1	1
81	1509	1	1
186	1509	1	1
193	1509	2	1
210	1509	1	1
125	1514	1	1
151	1515	1	1
149	2	1	4
274	6	1	4
45	13	1	4
119	32	1	4
124	36	1	4
125	36	1	4
220	36	1	4
153	38	1	4
253	38	1	4
164	45	1	4
214	45	1	4
271	45	1	4
90	56	1	4
264	57	1	4
42	65	1	4
44	76	1	4
76	76	1	4
229	79	1	4
97	81	1	4
229	81	1	4
54	84	1	4
148	84	1	4
114	91	1	4
177	93	1	4
50	96	1	4
150	96	1	4
79	97	1	4
37	98	1	4
93	98	1	4
120	98	1	4
186	98	1	4
93	107	1	4
151	107	1	4
268	107	1	4
154	109	1	4
258	109	1	4
258	111	1	4
93	116	1	4
49	118	1	4
58	118	1	4
269	118	1	4
274	118	1	4
246	125	1	4
253	125	1	4
262	125	1	4
93	127	1	4
156	127	1	4
108	134	1	4
160	135	1	4
233	137	1	4
267	139	1	4
155	154	1	4
162	154	1	4
264	154	1	4
213	210	1	4
238	230	1	4
93	236	1	4
236	238	1	4
280	238	1	4
155	248	1	4
163	250	1	4
69	252	1	4
96	252	1	4
264	252	1	4
114	259	1	4
236	260	1	4
205	282	1	4
155	284	1	4
205	284	1	4
254	286	1	4
269	286	1	4
170	331	1	4
120	355	1	4
98	364	1	4
155	387	1	4
215	387	1	4
289	387	1	4
27	391	1	4
104	391	1	4
147	391	1	4
65	393	1	4
133	393	1	4
261	393	1	4
233	394	1	4
274	394	1	4
261	396	1	4
69	402	1	4
197	405	1	4
257	405	1	4
257	406	1	4
14	408	1	4
20	408	1	4
32	408	1	4
115	408	1	4
173	408	1	4
268	408	1	4
234	420	1	4
54	421	1	4
107	421	2	4
195	421	1	4
277	424	1	4
223	429	1	4
30	433	1	4
219	435	1	4
115	437	1	4
186	437	1	4
251	437	1	4
76	439	2	4
239	439	1	4
6	444	1	4
77	444	1	4
238	444	1	4
79	447	1	4
254	447	1	4
258	447	1	4
16	450	1	4
246	450	1	4
260	450	1	4
110	453	2	4
224	453	1	4
27	456	2	4
119	456	1	4
167	456	1	4
200	456	1	4
253	456	1	4
9	459	1	4
27	459	1	4
116	459	1	4
135	459	1	4
254	459	1	4
71	465	1	4
210	465	1	4
223	465	1	4
44	468	1	4
110	473	2	4
176	473	1	4
185	473	1	4
264	473	1	4
133	494	1	4
280	494	1	4
152	510	1	4
158	513	1	4
155	516	1	4
163	516	1	4
197	516	1	4
246	516	1	4
74	530	1	4
240	530	1	4
274	530	1	4
74	532	1	4
100	532	1	4
280	535	1	4
16	538	1	4
246	538	1	4
79	539	1	4
123	539	1	4
240	539	1	4
246	539	1	4
35	541	1	4
185	541	1	4
31	545	1	4
116	545	1	4
246	545	2	4
97	546	1	4
31	553	1	4
116	553	1	4
149	553	2	4
246	553	2	4
9	563	1	4
35	563	1	4
88	563	1	4
115	563	1	4
148	563	1	4
260	563	1	4
264	563	1	4
288	563	1	4
2	570	1	4
32	570	1	4
274	572	1	4
187	585	1	4
226	585	1	4
288	585	1	4
254	589	1	4
33	649	1	4
9	761	1	4
264	761	1	4
9	763	1	4
155	763	1	4
207	763	1	4
254	763	1	4
264	763	1	4
158	768	1	4
112	769	1	4
157	769	1	4
264	775	1	4
120	779	1	4
51	784	1	4
277	784	1	4
29	790	1	4
64	790	1	4
67	790	1	4
169	790	1	4
149	800	1	4
182	800	1	4
222	805	1	4
149	808	1	4
224	808	1	4
73	810	1	4
269	810	1	4
283	810	1	4
37	813	1	4
48	813	1	4
145	813	1	4
155	813	1	4
169	813	1	4
176	813	1	4
193	813	1	4
246	813	1	4
274	816	1	4
37	820	1	4
75	820	1	4
128	820	1	4
222	820	1	4
250	820	2	4
89	823	1	4
165	823	1	4
9	824	1	4
165	824	1	4
257	824	2	4
101	833	1	4
120	833	1	4
163	833	1	4
42	849	1	4
125	849	1	4
168	849	1	4
264	849	1	4
272	849	1	4
145	897	1	4
247	897	1	4
51	938	1	4
154	938	1	4
279	938	1	4
19	972	1	4
168	972	1	4
250	972	1	4
268	974	1	4
93	978	1	4
246	978	1	4
272	978	1	4
246	982	1	4
93	986	1	4
51	987	1	4
111	987	1	4
183	987	1	4
93	988	1	4
156	988	1	4
265	988	1	4
284	988	1	4
229	991	1	4
258	992	1	4
264	992	1	4
222	993	1	4
74	1002	1	4
100	1002	1	4
24	1003	1	4
151	1003	1	4
275	1003	1	4
100	1013	1	4
155	1013	1	4
2	1016	1	4
152	1016	1	4
154	1016	1	4
95	1032	1	4
277	1038	1	4
157	1046	1	4
176	1046	1	4
108	1062	1	4
141	1062	1	4
189	1062	1	4
171	1064	1	4
81	1070	1	4
178	1070	1	4
245	1070	1	4
283	1070	1	4
120	1071	1	4
109	1072	1	4
91	1091	1	4
155	1095	1	4
285	1104	1	4
99	1113	1	4
208	1113	1	4
252	1113	1	4
251	1140	1	4
119	1177	1	4
120	1177	1	4
214	1193	1	4
96	1196	1	4
98	1196	1	4
113	1196	1	4
122	1196	1	4
193	1196	1	4
253	1196	1	4
114	1221	1	4
75	1237	1	4
118	1237	1	4
222	1237	1	4
191	1295	1	4
141	1302	1	4
110	1305	1	4
120	1307	1	4
236	1307	1	4
205	1312	1	4
79	1322	1	4
155	1322	1	4
95	1345	1	4
246	1345	1	4
110	1348	1	4
116	1348	1	4
132	1350	1	4
235	1350	1	4
24	1352	1	4
33	1352	2	4
74	1352	1	4
85	1352	1	4
95	1352	1	4
102	1352	1	4
138	1352	1	4
162	1352	1	4
269	1352	1	4
79	1355	1	4
86	1355	1	4
39	1358	1	4
97	1358	1	4
120	1358	1	4
152	1358	1	4
101	1374	1	4
221	1374	1	4
1	1393	1	4
165	1393	1	4
247	1393	1	4
240	1399	2	4
268	1399	2	4
6	1410	1	4
38	1410	1	4
120	1442	1	4
275	1442	1	4
252	1447	1	4
56	1501	1	4
81	1501	1	4
20	1510	1	4
95	1510	1	4
84	1	1	6
246	1	1	6
25	4	1	6
100	4	1	6
64	16	1	6
97	16	2	6
225	16	1	6
288	21	1	6
53	22	1	6
209	22	1	6
83	24	1	6
177	25	1	6
212	25	1	6
284	27	1	6
245	29	1	6
125	34	1	6
97	35	1	6
136	35	1	6
100	40	1	6
29	43	1	6
245	43	1	6
279	43	1	6
32	46	1	6
139	46	1	6
37	48	1	6
79	48	1	6
240	48	1	6
279	48	1	6
120	49	1	6
156	49	1	6
264	52	1	6
4	58	1	6
250	58	1	6
131	61	1	6
4	62	1	6
59	68	1	6
131	68	1	6
33	71	1	6
59	71	1	6
20	73	1	6
24	73	1	6
81	73	1	6
90	73	1	6
120	73	1	6
61	74	1	6
195	74	1	6
27	75	1	6
47	75	1	6
120	75	1	6
218	75	1	6
4	78	1	6
149	78	1	6
280	86	1	6
15	95	1	6
29	95	1	6
132	95	1	6
155	95	1	6
225	100	1	6
11	114	2	6
21	114	1	6
62	114	1	6
169	117	1	6
253	117	1	6
91	126	1	6
269	126	1	6
156	140	1	6
55	149	1	6
214	149	1	6
253	149	1	6
274	149	1	6
89	150	1	6
33	152	2	6
186	152	2	6
105	153	1	6
105	159	1	6
120	175	1	6
192	188	1	6
33	189	1	6
181	189	1	6
120	194	1	6
155	194	1	6
105	199	1	6
236	199	1	6
265	199	1	6
48	211	1	6
105	212	1	6
213	218	2	6
260	218	1	6
7	223	1	6
82	223	1	6
91	223	1	6
101	223	1	6
154	223	1	6
217	223	1	6
282	223	1	6
166	232	1	6
200	232	1	6
24	240	1	6
220	240	1	6
120	251	1	6
285	257	1	6
7	268	1	6
20	278	1	6
155	283	1	6
108	288	1	6
186	288	2	6
114	293	1	6
194	293	1	6
216	293	1	6
267	293	1	6
23	296	1	6
71	296	1	6
82	296	1	6
218	296	1	6
286	296	1	6
120	306	1	6
197	306	1	6
240	306	1	6
286	306	1	6
246	319	1	6
12	343	1	6
152	343	1	6
120	345	1	6
152	345	1	6
155	345	1	6
103	352	1	6
114	352	1	6
120	352	1	6
153	352	1	6
81	367	1	6
68	369	1	6
192	372	1	6
257	372	1	6
259	372	1	6
264	372	1	6
273	372	1	6
98	380	1	6
155	380	1	6
19	385	1	6
120	388	1	6
201	388	1	6
246	388	1	6
274	388	1	6
276	388	1	6
24	389	1	6
92	390	1	6
158	390	1	6
264	390	1	6
7	404	1	6
42	404	1	6
120	410	1	6
266	410	1	6
17	423	1	6
82	423	1	6
217	423	1	6
131	427	1	6
158	427	1	6
246	427	1	6
274	427	1	6
19	461	1	6
106	461	1	6
40	478	1	6
86	478	1	6
120	478	1	6
175	478	1	6
246	478	1	6
141	479	1	6
144	479	1	6
79	480	1	6
120	480	1	6
152	480	2	6
246	480	1	6
279	480	1	6
90	481	1	6
120	481	1	6
152	481	1	6
157	481	1	6
247	481	1	6
255	481	1	6
34	482	1	6
195	482	1	6
70	483	1	6
155	483	1	6
102	488	1	6
222	492	1	6
236	492	1	6
4	493	1	6
70	493	1	6
233	493	1	6
70	495	1	6
91	496	1	6
195	496	1	6
6	498	1	6
22	498	1	6
127	498	1	6
230	498	1	6
96	499	2	6
108	499	1	6
109	499	1	6
155	499	1	6
12	501	1	6
95	501	1	6
264	501	1	6
275	501	1	6
155	502	1	6
120	506	2	6
158	506	1	6
174	506	1	6
186	506	1	6
4	507	1	6
15	508	2	6
90	509	1	6
128	509	1	6
246	509	1	6
108	511	1	6
7	520	1	6
120	521	1	6
247	521	1	6
120	523	1	6
143	523	1	6
192	523	1	6
224	523	1	6
285	524	1	6
120	525	1	6
269	526	1	6
120	528	1	6
155	528	1	6
264	528	1	6
35	533	1	6
89	533	1	6
253	533	1	6
73	543	1	6
244	543	1	6
34	544	1	6
150	544	1	6
152	544	1	6
227	544	1	6
267	544	1	6
23	547	1	6
70	555	1	6
105	555	1	6
120	555	1	6
22	556	1	6
34	556	1	6
150	556	1	6
227	556	1	6
17	562	1	6
85	562	1	6
101	562	1	6
144	562	1	6
158	562	1	6
217	562	1	6
264	562	1	6
96	565	1	6
148	565	1	6
150	565	1	6
203	565	1	6
227	565	1	6
246	565	1	6
28	569	1	6
35	569	1	6
148	573	1	6
150	573	1	6
227	573	1	6
274	573	1	6
161	577	1	6
21	579	1	6
172	579	1	6
232	579	1	6
273	579	1	6
285	579	1	6
186	582	1	6
189	582	1	6
192	582	1	6
35	584	1	6
120	584	1	6
149	584	1	6
161	584	1	6
75	587	1	6
155	587	1	6
232	587	1	6
63	597	1	6
107	597	1	6
135	597	1	6
148	597	2	6
149	597	1	6
150	597	1	6
227	597	1	6
150	601	1	6
155	601	1	6
172	601	1	6
232	601	1	6
161	602	1	6
227	603	1	6
233	603	1	6
120	605	1	6
161	605	1	6
71	610	2	6
232	610	1	6
246	610	1	6
269	610	1	6
149	611	1	6
152	611	2	6
227	611	1	6
286	611	1	6
90	612	1	6
120	612	1	6
152	612	1	6
161	612	1	6
50	617	1	6
84	617	1	6
120	617	1	6
127	617	1	6
230	617	1	6
246	617	1	6
71	619	2	6
90	619	1	6
115	619	1	6
152	619	1	6
172	619	1	6
232	619	1	6
269	619	2	6
16	628	2	6
41	628	2	6
156	628	3	6
171	628	2	6
41	629	1	6
152	638	1	6
232	638	1	6
264	638	1	6
286	638	1	6
152	644	1	6
232	644	1	6
49	645	1	6
108	647	1	6
265	647	1	6
120	651	1	6
227	651	1	6
246	651	1	6
120	653	1	6
152	653	1	6
227	653	1	6
246	653	1	6
3	655	1	6
118	655	1	6
239	655	1	6
264	655	1	6
280	655	1	6
98	658	1	6
152	658	1	6
227	658	1	6
246	658	1	6
250	658	1	6
253	658	1	6
265	658	1	6
155	666	1	6
71	671	1	6
113	671	1	6
268	671	1	6
269	671	1	6
79	674	1	6
95	674	1	6
176	674	1	6
141	676	1	6
154	676	1	6
254	676	1	6
80	704	1	6
87	704	1	6
118	704	1	6
166	704	1	6
200	704	1	6
44	707	1	6
120	707	1	6
140	707	1	6
188	707	1	6
238	718	1	6
195	720	1	6
268	720	1	6
89	721	1	6
268	721	1	6
140	722	1	6
203	722	1	6
83	725	1	6
44	729	1	6
24	730	1	6
264	730	1	6
176	731	1	6
192	731	1	6
176	735	1	6
273	735	1	6
186	739	1	6
97	740	1	6
222	740	1	6
32	744	1	6
99	744	1	6
221	745	1	6
274	745	1	6
10	748	1	6
79	748	1	6
120	748	1	6
16	781	1	6
80	781	1	6
114	781	1	6
191	781	1	6
195	781	1	6
67	785	1	6
57	826	1	6
165	826	1	6
57	837	1	6
169	837	1	6
57	838	1	6
95	838	1	6
246	838	1	6
252	838	1	6
195	841	1	6
252	850	2	6
100	851	1	6
158	851	1	6
188	851	1	6
217	851	1	6
246	851	1	6
106	852	1	6
264	852	1	6
280	852	1	6
195	853	1	6
203	853	1	6
264	853	1	6
79	854	1	6
62	856	1	6
154	856	1	6
57	858	1	6
79	858	1	6
152	858	1	6
175	858	1	6
211	858	1	6
248	858	1	6
57	860	1	6
211	860	1	6
284	860	1	6
211	861	1	6
218	861	1	6
120	863	1	6
190	863	1	6
276	863	1	6
39	864	1	6
57	864	1	6
175	864	1	6
211	864	1	6
214	864	1	6
262	864	1	6
287	864	1	6
124	865	1	6
211	865	1	6
259	865	1	6
278	865	1	6
57	866	1	6
152	866	1	6
204	866	1	6
211	866	1	6
237	866	1	6
18	868	1	6
19	868	1	6
28	868	1	6
78	868	1	6
106	868	1	6
133	868	1	6
149	868	1	6
155	868	1	6
246	868	1	6
272	868	1	6
124	870	1	6
211	870	1	6
217	870	1	6
245	870	1	6
259	870	1	6
169	871	1	6
246	871	1	6
211	875	1	6
176	883	1	6
132	891	1	6
155	891	1	6
239	892	1	6
264	892	1	6
30	895	1	6
21	900	1	6
243	900	1	6
29	901	1	6
100	901	1	6
114	901	1	6
57	904	1	6
282	904	1	6
45	905	1	6
101	905	1	6
192	905	1	6
246	905	1	6
137	906	1	6
158	906	1	6
91	907	1	6
257	907	1	6
264	907	1	6
157	909	1	6
264	909	1	6
2	911	1	6
252	911	1	6
85	912	1	6
153	912	1	6
204	912	2	6
99	913	1	6
119	913	1	6
195	913	1	6
284	913	1	6
37	918	1	6
184	918	1	6
18	922	1	6
64	922	1	6
120	922	1	6
223	922	1	6
173	924	1	6
18	937	1	6
188	939	1	6
196	939	1	6
224	939	1	6
199	943	1	6
282	943	1	6
1	947	1	6
67	947	1	6
137	947	1	6
246	947	1	6
1	949	1	6
252	951	1	6
16	954	1	6
41	954	1	6
108	954	1	6
142	954	1	6
266	954	1	6
268	954	1	6
135	964	1	6
222	964	1	6
246	964	1	6
261	964	1	6
264	964	1	6
96	971	1	6
110	971	2	6
120	981	1	6
233	981	1	6
246	981	1	6
271	981	1	6
16	990	1	6
89	990	1	6
109	990	1	6
106	997	1	6
174	997	1	6
89	1004	1	6
220	1004	1	6
252	1004	1	6
274	1004	1	6
173	1005	1	6
189	1005	1	6
100	1008	1	6
40	1014	1	6
155	1014	1	6
19	1022	2	6
72	1022	1	6
186	1022	1	6
50	1026	1	6
120	1026	1	6
138	1037	1	6
218	1037	1	6
246	1037	1	6
271	1037	1	6
220	1041	1	6
277	1041	1	6
198	1042	1	6
222	1042	1	6
250	1042	1	6
186	1044	1	6
53	1047	1	6
120	1047	1	6
184	1047	1	6
190	1047	1	6
213	1047	1	6
74	1049	1	6
3	1052	1	6
138	1052	1	6
238	1052	1	6
54	1053	1	6
186	1053	1	6
189	1053	1	6
170	1054	1	6
100	1059	1	6
89	1063	1	6
155	1063	1	6
269	1063	1	6
120	1078	1	6
196	1078	1	6
242	1078	1	6
181	1085	1	6
120	1107	1	6
120	1109	1	6
262	1109	1	6
277	1159	1	6
202	1160	1	6
10	1179	1	6
226	1179	1	6
120	1181	1	6
245	1187	1	6
246	1189	1	6
120	1217	1	6
59	1225	1	6
252	1225	1	6
264	1225	1	6
219	1226	1	6
265	1228	1	6
103	1233	1	6
118	1233	1	6
57	1235	1	6
80	1235	1	6
152	1236	1	6
57	1239	1	6
57	1242	1	6
71	1242	1	6
152	1242	1	6
179	1242	1	6
121	1245	1	6
188	1248	1	6
28	1250	1	6
47	1250	1	6
268	1250	1	6
199	1253	1	6
157	1254	1	6
283	1254	1	6
17	1256	1	6
197	1256	1	6
259	1256	1	6
15	1260	1	6
155	1260	1	6
55	1261	1	6
286	1261	1	6
1	1262	1	6
108	1262	1	6
237	1262	1	6
258	1262	1	6
246	1264	1	6
90	1268	1	6
108	1269	1	6
155	1269	1	6
194	1269	2	6
246	1269	2	6
28	1274	1	6
63	1274	1	6
124	1274	1	6
46	1275	1	6
120	1275	1	6
173	1278	1	6
182	1278	1	6
281	1278	1	6
28	1303	1	6
213	1303	1	6
278	1303	1	6
108	1308	1	6
112	1308	1	6
135	1308	1	6
191	1308	1	6
204	1308	1	6
214	1308	1	6
264	1308	1	6
159	1333	1	6
50	1334	2	6
107	1334	1	6
150	1334	1	6
157	1334	1	6
242	1337	1	6
78	1339	1	6
224	1339	1	6
237	1339	1	6
11	1340	1	6
181	1340	1	6
267	1340	1	6
238	1341	1	6
152	1343	1	6
114	1349	1	6
149	1349	1	6
20	1361	1	6
120	1361	1	6
180	1361	1	6
38	1368	1	6
140	1368	1	6
195	1370	1	6
229	1370	1	6
273	1370	1	6
120	1372	1	6
79	1376	1	6
19	1379	1	6
95	1379	1	6
106	1379	1	6
120	1379	1	6
275	1379	1	6
112	1383	1	6
157	1383	1	6
214	1383	1	6
252	1383	1	6
264	1383	1	6
58	1384	1	6
108	1384	1	6
229	1384	1	6
143	1385	1	6
213	1385	1	6
120	1386	1	6
180	1386	1	6
58	1391	1	6
95	1391	1	6
117	1391	1	6
268	1391	1	6
235	1392	1	6
246	1392	1	6
269	1400	1	6
145	1412	1	6
256	1412	1	6
120	1422	1	6
265	1422	1	6
14	1426	1	6
136	1426	1	6
195	1426	1	6
2	1427	1	6
120	1427	1	6
159	1427	1	6
192	1427	1	6
68	1430	1	6
120	1430	1	6
123	1430	1	6
246	1430	1	6
101	1431	1	6
12	1434	1	6
120	1434	1	6
122	1434	1	6
246	1434	1	6
199	1436	1	6
74	1437	1	6
186	1437	1	6
233	1437	1	6
267	1437	1	6
247	1439	1	6
98	1441	1	6
233	1441	1	6
207	1453	1	6
218	1453	1	6
246	1453	1	6
143	1454	1	6
210	1457	1	6
107	1458	1	6
143	1458	1	6
149	1458	1	6
195	1458	1	6
143	1462	1	6
166	1464	1	6
279	1466	1	6
176	1467	1	6
54	1469	1	6
95	1471	1	6
177	1475	1	6
95	1483	1	6
108	1483	1	6
160	1483	1	6
38	1491	1	6
58	1491	1	6
171	1491	1	6
268	1491	1	6
120	1493	1	6
139	1493	1	6
57	1520	1	6
120	1520	1	6
152	1520	1	6
286	1520	1	6
203	1521	1	6
119	5	1	7
246	5	1	7
254	5	1	7
236	11	1	7
274	11	1	7
17	26	1	7
58	26	1	7
115	26	1	7
139	26	1	7
231	26	1	7
3	31	1	7
42	31	1	7
99	31	1	7
179	31	1	7
265	31	1	7
55	77	1	7
236	77	1	7
261	77	1	7
269	77	1	7
37	85	1	7
114	85	2	7
231	85	2	7
5	104	1	7
72	104	1	7
218	104	1	7
252	104	1	7
264	104	1	7
173	113	1	7
18	115	1	7
14	168	1	7
91	168	1	7
120	168	1	7
127	168	1	7
214	168	1	7
228	168	1	7
230	168	1	7
114	173	1	7
264	173	1	7
264	176	1	7
54	182	1	7
240	182	1	7
149	185	1	7
214	185	1	7
31	225	1	7
63	225	1	7
238	290	1	7
208	295	1	7
215	295	1	7
246	295	1	7
249	302	1	7
259	310	1	7
28	315	1	7
36	315	1	7
124	315	1	7
125	315	1	7
150	315	1	7
208	315	1	7
228	315	1	7
276	315	1	7
29	323	1	7
68	323	1	7
77	323	1	7
84	323	1	7
221	323	1	7
269	323	1	7
32	333	1	7
77	333	1	7
200	333	1	7
213	333	1	7
259	333	2	7
36	336	1	7
226	336	1	7
228	336	1	7
243	336	1	7
44	350	1	7
141	350	1	7
273	350	1	7
120	365	1	7
82	374	1	7
92	374	1	7
158	374	1	7
217	374	1	7
248	374	1	7
144	375	1	7
249	375	1	7
175	411	1	7
120	413	1	7
32	418	1	7
125	425	1	7
152	436	1	7
252	436	1	7
100	440	1	7
152	440	1	7
223	440	1	7
249	489	1	7
31	490	1	7
249	534	1	7
199	548	1	7
74	560	1	7
53	574	1	7
249	580	1	7
101	596	1	7
126	596	1	7
195	596	1	7
215	596	1	7
82	598	1	7
158	598	1	7
163	598	1	7
194	598	1	7
197	598	1	7
246	598	2	7
53	604	1	7
95	604	2	7
176	604	2	7
126	607	1	7
155	613	1	7
274	613	1	7
289	613	2	7
12	614	1	7
126	614	1	7
152	614	1	7
229	614	1	7
243	614	1	7
228	623	1	7
235	623	1	7
271	623	1	7
278	623	1	7
174	632	1	7
165	635	1	7
139	636	1	7
195	636	1	7
207	636	1	7
213	636	1	7
15	662	1	7
19	662	1	7
65	662	1	7
106	662	1	7
124	665	1	7
209	665	1	7
224	665	1	7
246	665	1	7
88	668	1	7
108	668	1	7
119	668	1	7
222	668	1	7
246	668	1	7
15	700	1	7
120	700	1	7
170	709	1	7
18	774	1	7
188	774	1	7
135	799	1	7
11	801	1	7
120	801	1	7
262	801	2	7
224	809	1	7
120	827	1	7
71	828	1	7
51	831	1	7
246	831	1	7
152	832	1	7
5	834	1	7
79	834	1	7
29	835	1	7
47	835	1	7
166	835	2	7
183	835	1	7
245	835	1	7
274	835	1	7
285	835	1	7
76	836	1	7
155	836	1	7
76	839	1	7
89	839	1	7
106	839	1	7
125	839	1	7
13	840	1	7
154	840	1	7
13	842	1	7
96	842	2	7
110	842	1	7
224	842	1	7
13	843	1	7
30	843	1	7
96	843	2	7
111	843	1	7
149	843	1	7
155	843	1	7
197	843	1	7
101	844	1	7
110	844	1	7
286	844	1	7
22	845	1	7
63	845	1	7
257	845	1	7
117	847	1	7
206	847	1	7
264	847	1	7
55	848	1	7
214	848	1	7
229	848	1	7
60	1009	1	7
264	1009	1	7
30	1018	1	7
144	1018	1	7
183	1018	1	7
220	1018	1	7
224	1018	1	7
238	1018	1	7
246	1018	1	7
252	1025	1	7
58	1027	1	7
157	1027	1	7
186	1027	1	7
257	1027	1	7
165	1033	1	7
120	1036	1	7
103	1051	1	7
125	1051	1	7
144	1051	1	7
17	1068	1	7
43	1068	1	7
45	1068	1	7
169	1068	1	7
189	1068	1	7
140	1092	1	7
131	1100	1	7
103	1103	1	7
142	1103	1	7
142	1105	1	7
33	1114	2	7
79	1115	1	7
155	1115	1	7
246	1115	1	7
254	1115	1	7
265	1115	1	7
29	1117	1	7
120	1117	1	7
187	1118	1	7
120	1119	1	7
122	1119	2	7
172	1119	2	7
197	1119	1	7
246	1119	1	7
269	1119	1	7
177	1123	1	7
206	1123	2	7
81	1143	1	7
99	1147	1	7
125	1147	1	7
177	1147	1	7
217	1148	1	7
259	1148	1	7
46	1150	1	7
100	1150	1	7
187	1150	1	7
133	1153	1	7
89	1178	1	7
185	1178	1	7
72	1183	1	7
124	1183	1	7
125	1183	1	7
151	1183	1	7
190	1183	1	7
246	1184	1	7
258	1184	1	7
56	1192	1	7
195	1192	1	7
225	1192	1	7
289	1192	1	7
246	1199	1	7
256	1199	1	7
112	1200	1	7
165	1200	1	7
214	1200	1	7
252	1200	1	7
51	1201	1	7
18	1209	1	7
242	1211	1	7
271	1211	1	7
72	1214	1	7
84	1219	1	7
242	1219	1	7
21	1257	1	7
154	1257	1	7
175	1257	1	7
218	1257	1	7
270	1257	1	7
274	1257	1	7
246	1265	1	7
251	1265	1	7
188	1267	1	7
224	1287	1	7
225	1287	1	7
246	1287	1	7
259	1287	1	7
63	1301	1	7
179	1301	1	7
88	1304	1	7
246	1304	1	7
271	1304	1	7
246	1306	1	7
147	1310	1	7
250	1310	1	7
32	1313	1	7
171	1313	1	7
61	1314	1	7
132	1318	1	7
38	1328	1	7
73	1328	1	7
6	1330	1	7
79	1330	1	7
156	1338	3	7
261	1338	1	7
22	1344	1	7
107	1344	1	7
224	1344	1	7
20	1353	1	7
193	1353	1	7
79	1354	1	7
45	1360	1	7
55	1360	1	7
79	1360	1	7
87	1360	1	7
244	1360	1	7
224	1363	1	7
245	1363	1	7
20	1366	1	7
193	1366	1	7
205	1369	1	7
6	1373	1	7
48	1373	1	7
97	1373	1	7
114	1373	1	7
214	1373	1	7
48	1377	1	7
67	1377	1	7
120	1377	1	7
100	1378	1	7
165	1378	1	7
14	1380	1	7
17	1380	1	7
138	1380	1	7
243	1389	1	7
254	1389	1	7
276	1389	1	7
79	1401	1	7
136	1402	2	7
279	1402	1	7
265	1403	1	7
12	1418	1	7
96	1418	1	7
104	1418	1	7
136	1418	1	7
149	1418	1	7
200	1418	1	7
11	1421	1	7
46	1421	1	7
120	1421	1	7
264	1421	1	7
97	1425	1	7
127	1425	1	7
136	1425	1	7
230	1425	1	7
122	1433	1	7
6	1443	1	7
246	1443	1	7
109	1444	1	7
197	1444	1	7
204	1444	1	7
88	1448	1	7
222	1448	2	7
224	1448	1	7
246	1448	1	7
254	1448	1	7
258	1455	1	7
3	1465	1	7
153	1465	1	7
163	1465	1	7
137	1472	1	7
246	1472	1	7
252	1480	1	7
253	1480	1	7
264	1480	1	7
99	1481	1	7
249	1484	1	7
265	1486	1	7
14	1489	1	7
34	1495	1	7
120	1495	1	7
66	1506	1	7
90	1506	1	7
96	1511	1	7
101	1511	1	7
128	1511	1	7
129	1511	1	7
233	1511	1	7
274	1511	1	7
171	1517	1	7
240	1517	1	7
195	1519	1	7
19	7	1	8
28	7	2	8
152	10	1	8
24	15	1	8
91	15	1	8
139	15	1	8
268	15	1	8
7	17	1	8
114	17	1	8
173	17	1	8
221	17	1	8
257	17	1	8
246	30	1	8
272	30	1	8
55	37	1	8
145	37	1	8
104	41	1	8
268	41	1	8
13	44	1	8
72	44	2	8
149	50	1	8
257	50	2	8
74	51	1	8
18	53	1	8
74	53	3	8
101	53	1	8
19	54	1	8
24	54	1	8
96	54	1	8
98	54	1	8
119	54	1	8
252	54	1	8
29	55	1	8
89	55	1	8
224	55	1	8
229	55	1	8
240	55	1	8
135	60	1	8
200	60	1	8
246	60	1	8
248	60	1	8
264	60	1	8
216	64	1	8
265	64	1	8
274	64	1	8
11	66	1	8
155	66	1	8
24	72	1	8
46	72	1	8
50	72	1	8
121	72	1	8
200	72	1	8
264	72	1	8
202	80	1	8
120	88	1	8
242	88	1	8
2	92	1	8
6	92	1	8
32	92	1	8
85	92	1	8
125	92	1	8
126	92	1	8
186	92	1	8
245	92	2	8
209	94	1	8
245	94	1	8
68	105	1	8
149	105	1	8
233	105	1	8
6	119	1	8
86	121	1	8
176	121	1	8
24	124	1	8
42	128	1	8
233	128	1	8
260	128	1	8
47	129	1	8
240	129	1	8
78	131	1	8
120	131	1	8
29	133	1	8
79	133	1	8
128	133	1	8
274	133	1	8
257	144	1	8
259	145	1	8
261	145	1	8
255	146	1	8
18	147	3	8
24	147	1	8
91	147	2	8
256	147	1	8
191	148	1	8
94	151	1	8
120	151	1	8
186	151	1	8
284	155	1	8
2	156	1	8
17	156	1	8
45	156	1	8
80	156	1	8
237	156	1	8
225	160	1	8
218	161	1	8
264	161	1	8
15	164	1	8
155	164	2	8
256	164	1	8
287	164	1	8
101	174	1	8
225	179	1	8
246	179	1	8
100	180	1	8
216	180	1	8
225	180	1	8
246	180	1	8
145	181	1	8
109	184	1	8
265	186	1	8
264	187	1	8
79	190	1	8
242	190	1	8
246	190	1	8
39	191	1	8
114	191	1	8
233	191	1	8
114	195	2	8
260	197	1	8
120	201	1	8
155	201	1	8
274	201	2	8
109	202	1	8
43	209	1	8
79	209	1	8
108	209	1	8
101	213	1	8
127	213	1	8
246	213	1	8
264	214	1	8
245	215	1	8
58	216	1	8
79	216	1	8
248	216	1	8
264	216	1	8
79	217	1	8
116	217	1	8
149	217	1	8
153	217	2	8
260	217	1	8
112	221	1	8
148	222	1	8
260	222	1	8
233	226	1	8
246	226	1	8
152	229	1	8
270	229	1	8
274	229	1	8
194	231	1	8
153	233	1	8
264	233	1	8
287	233	1	8
149	235	1	8
265	235	1	8
287	235	1	8
125	239	1	8
153	239	1	8
60	241	1	8
95	241	1	8
222	241	1	8
264	241	1	8
39	242	1	8
60	242	1	8
73	242	1	8
60	244	1	8
176	244	2	8
170	245	1	8
219	245	1	8
141	247	1	8
47	254	1	8
280	255	1	8
146	261	1	8
151	261	1	8
124	262	1	8
104	266	1	8
110	266	1	8
108	267	1	8
186	267	1	8
11	270	1	8
120	270	1	8
20	271	1	8
120	271	1	8
208	272	1	8
213	272	1	8
260	272	3	8
32	273	1	8
46	274	1	8
120	274	1	8
145	274	1	8
58	279	1	8
125	279	1	8
155	279	1	8
160	279	1	8
81	281	1	8
107	285	1	8
229	285	1	8
246	285	1	8
264	285	1	8
29	287	1	8
95	287	1	8
100	287	1	8
117	287	2	8
166	287	1	8
224	287	2	8
273	287	1	8
274	287	1	8
99	289	1	8
178	289	1	8
200	289	1	8
264	289	1	8
110	292	1	8
155	294	1	8
229	294	1	8
125	297	1	8
229	297	1	8
145	300	1	8
168	300	1	8
246	300	1	8
48	301	1	8
206	301	1	8
264	301	2	8
275	301	1	8
155	303	1	8
206	304	1	8
269	304	1	8
155	305	1	8
100	307	1	8
264	307	1	8
264	308	1	8
50	309	1	8
113	309	1	8
125	309	1	8
58	311	1	8
268	311	1	8
155	314	2	8
264	314	1	8
169	316	1	8
222	316	1	8
73	318	1	8
79	318	1	8
208	320	1	8
29	324	1	8
204	324	1	8
17	326	1	8
186	326	1	8
226	326	1	8
260	326	1	8
32	339	1	8
43	339	1	8
125	339	1	8
246	339	1	8
79	346	1	8
169	346	1	8
198	346	1	8
243	346	1	8
254	346	1	8
64	351	1	8
74	351	1	8
155	351	1	8
189	351	1	8
171	353	1	8
266	353	1	8
271	353	1	8
29	356	1	8
152	356	1	8
233	356	1	8
259	356	1	8
29	362	1	8
152	362	1	8
155	362	1	8
259	362	1	8
264	362	1	8
102	368	1	8
254	368	1	8
108	370	1	8
172	370	1	8
187	370	1	8
29	376	1	8
65	376	1	8
152	376	1	8
264	376	1	8
77	377	1	8
237	379	1	8
49	386	1	8
222	392	1	8
49	400	1	8
95	401	1	8
102	401	1	8
123	401	1	8
267	401	1	8
12	407	1	8
18	409	1	8
87	409	1	8
165	412	1	8
129	419	1	8
155	419	1	8
39	422	1	8
120	422	1	8
176	422	1	8
36	431	1	8
120	431	1	8
44	434	1	8
79	434	1	8
163	434	1	8
30	441	1	8
83	441	1	8
125	441	1	8
154	441	1	8
257	441	1	8
58	442	1	8
79	442	1	8
95	442	1	8
120	442	1	8
219	443	1	8
121	448	1	8
246	448	1	8
246	451	1	8
24	452	1	8
246	452	1	8
102	455	1	8
125	455	1	8
29	460	1	8
104	460	1	8
155	460	1	8
120	464	1	8
137	464	1	8
41	477	1	8
40	497	1	8
63	500	1	8
178	500	1	8
206	500	1	8
260	500	1	8
125	505	1	8
280	505	1	8
53	514	1	8
175	514	1	8
248	514	1	8
41	515	1	8
130	515	1	8
20	519	1	8
40	519	1	8
130	527	1	8
268	527	1	8
91	529	1	8
146	529	1	8
11	531	1	8
130	531	1	8
119	537	1	8
130	537	1	8
186	537	1	8
222	537	1	8
94	540	1	8
130	540	1	8
264	540	1	8
266	540	1	8
79	542	1	8
85	549	1	8
182	549	1	8
246	549	1	8
79	551	1	8
130	551	1	8
155	551	1	8
104	552	1	8
181	552	1	8
80	557	1	8
114	557	1	8
256	558	1	8
29	561	1	8
164	561	1	8
246	561	1	8
108	571	1	8
125	571	1	8
155	571	1	8
276	571	1	8
76	578	1	8
248	578	1	8
11	583	1	8
130	583	1	8
287	590	2	8
128	591	1	8
130	591	1	8
120	592	1	8
152	592	1	8
142	594	1	8
176	594	1	8
58	595	1	8
108	595	1	8
131	595	1	8
101	600	1	8
246	600	1	8
255	600	1	8
120	606	1	8
146	606	1	8
190	606	1	8
130	609	1	8
238	609	1	8
29	616	1	8
224	616	1	8
94	621	1	8
146	621	1	8
246	621	1	8
123	624	1	8
125	625	1	8
253	625	1	8
254	625	1	8
258	625	1	8
279	625	1	8
94	630	1	8
146	630	1	8
246	630	1	8
188	639	1	8
191	639	1	8
276	639	1	8
169	641	1	8
250	641	1	8
274	641	1	8
188	657	1	8
205	657	1	8
156	659	1	8
68	661	1	8
182	661	1	8
235	661	1	8
246	661	1	8
61	664	1	8
118	664	1	8
80	667	1	8
120	667	1	8
121	680	1	8
29	702	1	8
240	702	1	8
117	703	1	8
173	703	1	8
166	705	1	8
238	705	1	8
257	710	1	8
152	711	1	8
85	713	1	8
92	713	1	8
120	713	1	8
181	713	1	8
265	713	1	8
2	714	1	8
164	714	1	8
182	714	1	8
246	714	1	8
281	714	1	8
120	715	1	8
2	716	1	8
36	716	1	8
164	716	1	8
182	716	1	8
246	716	1	8
281	716	1	8
2	717	1	8
164	717	1	8
182	717	1	8
246	717	1	8
281	717	1	8
90	719	1	8
228	719	1	8
246	719	1	8
264	719	1	8
5	728	1	8
264	728	1	8
88	738	1	8
218	738	1	8
100	741	1	8
117	741	1	8
129	741	1	8
32	742	1	8
111	742	1	8
264	742	2	8
264	743	1	8
154	746	1	8
279	746	1	8
75	749	1	8
189	749	1	8
23	751	1	8
25	751	1	8
32	751	1	8
152	751	1	8
288	751	1	8
112	752	1	8
168	752	1	8
214	752	1	8
23	753	1	8
81	753	1	8
98	753	1	8
113	753	1	8
46	754	1	8
78	754	1	8
196	754	1	8
75	765	3	8
155	765	1	8
268	767	1	8
270	767	1	8
120	771	1	8
152	772	1	8
201	783	1	8
91	788	1	8
157	791	1	8
166	791	1	8
204	793	1	8
225	793	1	8
114	794	1	8
166	794	1	8
220	794	1	8
274	794	1	8
125	795	1	8
10	797	1	8
129	797	1	8
16	798	1	8
112	802	1	8
180	802	1	8
142	803	1	8
188	803	1	8
2	806	1	8
28	806	1	8
155	806	1	8
196	806	1	8
224	806	1	8
41	807	1	8
120	873	1	8
137	877	1	8
64	879	1	8
119	879	1	8
167	879	1	8
269	886	2	8
72	896	1	8
103	896	1	8
181	896	1	8
197	896	1	8
95	903	1	8
120	903	1	8
288	903	1	8
205	915	1	8
49	916	1	8
95	916	1	8
100	916	1	8
167	916	1	8
106	919	1	8
181	920	1	8
169	921	1	8
183	921	1	8
246	921	1	8
266	921	1	8
84	925	1	8
10	926	1	8
111	926	1	8
116	926	1	8
132	926	1	8
183	927	1	8
203	927	1	8
244	927	1	8
201	932	1	8
95	944	1	8
257	944	1	8
200	945	1	8
241	945	1	8
188	946	1	8
116	948	1	8
241	950	1	8
120	952	1	8
279	952	1	8
233	953	1	8
237	956	1	8
241	956	1	8
281	956	1	8
127	957	1	8
149	957	1	8
230	957	1	8
272	957	1	8
201	958	1	8
264	958	1	8
120	959	1	8
147	959	1	8
242	959	1	8
246	959	1	8
256	959	1	8
241	960	1	8
241	965	1	8
5	973	1	8
196	973	1	8
202	973	1	8
198	979	1	8
241	979	1	8
252	979	1	8
5	980	1	8
120	980	1	8
200	989	1	8
37	994	1	8
79	994	1	8
252	994	1	8
246	995	1	8
78	998	1	8
278	998	1	8
259	999	1	8
89	1000	1	8
74	1001	1	8
259	1001	1	8
98	1006	1	8
198	1006	1	8
265	1006	1	8
137	1010	1	8
191	1010	1	8
222	1012	1	8
92	1019	1	8
120	1019	1	8
118	1020	1	8
176	1020	1	8
120	1021	1	8
76	1023	1	8
85	1031	1	8
238	1031	1	8
252	1031	1	8
278	1031	1	8
166	1039	1	8
200	1039	1	8
40	1040	1	8
47	1040	1	8
162	1040	1	8
45	1048	1	8
120	1048	1	8
244	1048	1	8
120	1050	1	8
165	1050	1	8
206	1050	1	8
246	1065	1	8
95	1066	1	8
120	1066	1	8
288	1073	1	8
86	1084	1	8
213	1084	1	8
166	1093	1	8
238	1093	1	8
114	1094	1	8
166	1094	1	8
274	1094	1	8
21	1145	1	8
246	1145	1	8
120	1151	1	8
152	1151	1	8
255	1151	1	8
167	1158	1	8
91	1163	1	8
108	1163	1	8
265	1163	1	8
28	1175	1	8
86	1175	1	8
96	1204	1	8
103	1204	1	8
155	1204	1	8
283	1204	1	8
288	1204	1	8
100	1205	1	8
200	1205	1	8
140	1210	1	8
219	1210	1	8
246	1210	1	8
125	1213	1	8
135	1213	1	8
11	1215	1	8
24	1215	1	8
149	1215	1	8
246	1215	1	8
118	1227	1	8
221	1227	1	8
246	1231	1	8
120	1234	1	8
214	1234	1	8
115	1240	1	8
248	1240	1	8
264	1240	1	8
228	1241	1	8
255	1241	1	8
63	1244	1	8
183	1244	1	8
184	1244	1	8
224	1244	1	8
250	1244	1	8
278	1244	1	8
56	1246	1	8
114	1246	1	8
246	1246	1	8
267	1246	1	8
280	1246	1	8
267	1247	1	8
120	1272	1	8
246	1272	1	8
248	1272	1	8
120	1273	1	8
246	1273	1	8
248	1273	1	8
120	1276	1	8
246	1276	1	8
77	1277	1	8
181	1277	1	8
22	1279	1	8
108	1279	1	8
169	1281	1	8
246	1281	1	8
112	1290	1	8
198	1290	1	8
214	1290	1	8
112	1292	1	8
165	1292	1	8
214	1292	1	8
252	1292	1	8
264	1292	1	8
267	1292	1	8
120	1296	1	8
155	1296	1	8
246	1296	1	8
253	1297	1	8
267	1298	1	8
91	1299	1	8
246	1299	1	8
115	1300	1	8
188	1300	1	8
274	1300	1	8
116	1309	1	8
201	1309	1	8
32	1311	1	8
74	1311	1	8
235	1311	1	8
246	1311	1	8
264	1311	1	8
38	1316	1	8
71	1316	1	8
115	1316	1	8
140	1316	1	8
215	1316	1	8
95	1327	1	8
120	1327	1	8
98	1356	1	8
114	1356	1	8
152	1356	1	8
87	1357	1	8
56	1367	1	8
118	1367	1	8
142	1367	1	8
166	1367	1	8
75	1371	1	8
1	1382	1	8
85	1382	1	8
120	1382	1	8
204	1382	1	8
274	1382	1	8
68	1387	1	8
111	1387	1	8
112	1387	1	8
165	1387	1	8
214	1387	1	8
117	1395	1	8
146	1397	1	8
167	1397	1	8
80	1405	1	8
114	1405	1	8
97	1406	1	8
125	1406	1	8
224	1406	1	8
240	1406	1	8
245	1406	1	8
257	1406	1	8
246	1409	1	8
207	1416	1	8
101	1420	1	8
186	1420	1	8
120	1428	1	8
155	1428	1	8
185	1428	1	8
165	1429	1	8
18	1440	1	8
120	1440	1	8
155	1445	1	8
246	1445	1	8
150	1456	1	8
9	1459	1	8
233	1459	1	8
78	1476	1	8
172	1476	1	8
120	1482	1	8
19	1488	1	8
118	1488	1	8
79	1494	1	8
274	1494	1	8
165	1498	1	8
7	1499	1	8
79	1503	1	8
270	1503	1	8
68	1512	1	8
159	1512	1	8
4	1516	1	8
