191	5
250	8
331	6
579	9
707	6
733	8
826	6
1029	10
1108	7
1267	5
1331	6
2106	6
2157	7
2324	7
2446	5
2477	7
2630	6
3034	10
3182	5
3340	5
3501	8
3568	10
3602	7
3702	15
3752	6
3774	6
3784	7
3873	13
3931	5
4056	16
4088	6
4127	43
4259	7
4852	5
5201	5
5208	8
5267	27
5294	5
5318	22
5768	5
5794	7
5892	8
5924	5
6166	7
6195	8
6700	17
6711	5
7102	5
7230	10
7266	6
7776	6
7986	6
8098	13
8213	16
8395	5
8449	8
8520	5
8684	12
8806	8
8865	51
8969	9
8978	5
8987	5
8995	7
9193	7
9230	6
9394	6
9526	23
9538	9
9546	6
9561	15
9589	7
9610	5
9625	8
9669	14
9803	5
9926	8
