1	10
7	11
10	8
11	5
23	18
25	14
27	12
30	10
31	5
33	16
34	6
37	10
38	8
39	6
40	18
42	5
44	9
49	7
56	37
58	11
60	16
61	15
63	93
65	28
68	10
74	14
76	16
77	5
82	11
86	15
87	8
89	11
92	12
97	14
99	16
100	10
107	5
108	11
111	9
112	5
114	7
115	5
116	5
122	16
125	21
126	8
128	9
133	28
134	22
135	7
136	7
140	9
141	6
148	5
153	5
158	64
161	20
162	20
164	5
167	8
171	5
173	6
174	11
179	11
184	22
185	9
186	5
187	13
189	18
191	18
205	6
211	8
229	6
231	5
232	5
243	137
246	7
251	32
253	13
254	12
256	5
257	37
258	33
259	5
261	9
271	14
280	7
290	9
292	12
300	7
303	12
311	6
312	16
313	7
316	5
317	7
322	9
323	16
324	32
328	28
331	5
333	7
334	5
341	32
343	6
347	13
351	5
352	9
353	27
355	15
359	55
363	5
364	9
365	6
366	18
368	6
369	5
371	10
380	8
384	8
385	16
397	5
399	13
406	6
407	6
408	11
412	86
415	12
417	17
418	11
421	10
427	6
429	6
432	9
435	21
436	17
445	5
447	37
448	18
449	8
455	38
456	10
457	13
460	5
467	12
469	6
470	15
471	17
477	8
478	7
497	7
500	8
506	29
509	14
511	44
513	33
515	5
518	9
526	25
527	6
528	18
530	6
531	19
534	78
539	19
540	9
541	7
542	5
544	5
546	6
547	9
550	10
557	16
558	78
568	5
578	6
579	120
582	15
585	6
588	5
589	5
591	21
594	14
604	7
605	6
606	18
608	6
612	12
613	34
618	6
619	6
620	20
622	9
627	13
628	10
629	6
633	27
635	7
640	78
641	6
642	6
651	13
657	10
659	5
661	8
672	7
677	14
680	13
681	5
686	14
687	27
688	7
691	5
693	8
698	6
700	10
703	7
705	11
707	23
710	27
711	5
715	11
716	7
717	7
718	6
719	7
722	6
723	38
726	129
733	82
740	12
742	27
746	26
749	5
758	62
761	5
764	6
766	5
767	8
768	8
772	9
779	6
790	5
791	11
792	7
793	15
799	14
800	6
805	6
806	10
811	8
812	7
813	7
819	14
826	107
829	10
830	12
835	7
837	10
841	23
842	6
846	8
850	5
852	20
853	20
855	11
856	9
857	133
862	29
865	21
867	6
870	8
871	5
873	6
875	6
877	7
878	86
880	10
883	17
885	5
890	10
891	5
894	10
895	14
902	6
905	47
906	6
907	5
915	22
917	71
919	6
920	12
921	5
925	22
927	12
930	55
936	13
940	10
941	5
943	5
949	7
952	5
953	10
958	50
961	5
969	10
971	5
972	7
976	29
979	57
981	9
985	7
986	11
991	34
995	17
1000	18
1002	17
1004	8
1005	21
1006	7
1009	7
1012	8
1013	7
1017	34
1019	6
1021	9
1022	10
1025	5
1027	26
1029	85
1031	27
1036	7
1037	6
1042	16
1047	10
1048	9
1052	27
1066	11
1067	56
1071	34
1074	18
1086	8
1089	9
1090	5
1093	16
1095	22
1097	5
1098	22
1102	11
1107	9
1108	52
1115	5
1116	5
1118	47
1121	43
1124	5
1125	26
1126	17
1128	65
1129	17
1130	5
1132	35
1133	5
1143	47
1145	10
1147	18
1152	10
1155	13
1157	5
1159	6
1160	29
1162	7
1164	14
1166	10
1168	47
1169	7
1171	5
1174	9
1175	6
1176	10
1178	17
1179	5
1183	6
1186	100
1188	8
1189	10
1192	10
1194	14
1199	6
1204	11
1206	13
1213	56
1215	8
1221	15
1223	8
1225	53
1229	7
1230	5
1231	10
1235	18
1236	26
1240	18
1243	7
1246	27
1252	7
1256	28
1261	6
1264	9
1267	120
1274	6
1281	12
1284	9
1285	11
1288	12
1289	6
1293	11
1294	11
1296	11
1304	6
1309	13
1310	7
1313	19
1320	7
1322	5
1325	31
1326	5
1329	26
1331	79
1332	15
1346	11
1350	16
1356	6
1357	24
1359	6
1364	25
1365	7
1368	6
1369	29
1370	33
1372	5
1381	11
1382	78
1386	9
1388	25
1396	64
1400	8
1401	5
1406	90
1408	164
1409	32
1410	7
1412	9
1418	5
1430	12
1437	15
1438	6
1439	8
1440	75
1442	14
1448	9
1450	8
1451	6
1463	14
1464	24
1467	13
1469	84
1475	19
1478	18
1480	6
1483	6
1486	28
1501	7
1502	5
1503	17
1504	11
1505	21
1507	18
1508	6
1510	8
1512	28
1514	9
1515	6
1519	13
1520	19
1521	11
1522	15
1523	5
1527	33
1529	19
1532	8
1533	9
1540	42
1550	7
1551	5
1554	60
1564	13
1567	5
1569	5
1570	5
1572	6
1573	7
1574	5
1576	21
1580	232
1589	8
1592	10
1594	7
1598	5
1602	143
1604	15
1608	17
1611	13
1616	41
1621	8
1622	8
1628	6
1630	18
1632	57
1633	10
1637	23
1638	7
1642	72
1644	5
1647	5
1654	7
1656	30
1659	9
1660	8
1662	32
1666	8
1668	9
1673	17
1679	97
1689	192
1690	8
1694	5
1700	16
1702	51
1703	9
1707	33
1711	9
1712	29
1713	18
1716	5
1719	5
1720	8
1723	5
1724	17
1726	7
1730	10
1732	7
1734	5
1735	12
1736	26
1737	9
1739	31
1741	6
1745	24
1746	7
1747	40
1753	12
1755	9
1758	5
1759	12
1764	5
1770	5
1774	12
1780	10
1783	44
1784	20
1787	14
1797	18
1798	8
1806	12
1807	6
1809	7
1810	10
1814	9
1815	5
1818	18
1822	11
1826	5
1828	14
1831	12
1832	5
1833	30
1834	16
1835	62
1836	5
1837	8
1840	17
1842	14
1843	10
1846	6
1854	14
1857	8
1861	7
1873	8
1875	13
1878	6
1882	28
1886	24
1888	6
1892	16
1894	25
1897	12
1902	14
1905	17
1910	6
1917	6
1919	15
1929	9
1931	8
1933	9
1937	68
1941	20
1943	19
1945	10
1949	12
1952	7
1953	6
1957	11
1958	43
1959	8
1969	10
1971	28
1977	5
1980	6
1981	14
1985	6
1991	5
1993	8
1994	5
1995	7
1996	5
1999	6
2002	6
2007	7
2011	15
2019	10
2023	30
2024	16
2036	17
2046	31
2048	38
2049	76
2052	5
2054	12
2055	7
2059	33
2061	7
2062	6
2065	5
2071	20
2074	31
2075	7
2077	7
2078	9
2083	9
2089	5
2093	6
2094	6
2097	35
2101	5
2102	7
2105	6
2107	5
2112	6
2117	47
2125	10
2127	13
2128	17
2130	37
2132	11
2133	5
2136	27
2142	11
2149	13
2155	27
2157	51
2158	16
2164	41
2172	13
2175	11
2178	5
2183	6
2185	7
2187	6
2188	12
2190	29
2191	15
2192	19
2195	5
2196	8
2200	12
2205	9
2210	8
2212	37
2214	37
2216	10
2220	7
2222	12
2226	21
2229	7
2234	8
2237	7
2247	6
2257	8
2261	5
2267	23
2270	37
2272	5
2273	7
2283	12
2292	9
2293	15
2294	11
2299	8
2307	13
2313	7
2323	8
2324	68
2328	6
2330	45
2332	8
2335	13
2341	11
2348	7
2349	13
2351	58
2356	6
2363	10
2366	7
2367	5
2369	5
2370	12
2371	8
2374	7
2376	12
2379	13
2382	9
2386	6
2388	6
2395	5
2398	13
2400	5
2409	8
2412	31
2416	6
2423	5
2425	6
2427	24
2434	6
2438	6
2440	12
2443	8
2445	87
2446	55
2448	35
2451	6
2456	16
2459	8
2464	5
2470	8
2477	65
2478	11
2483	20
2484	39
2489	6
2494	15
2495	7
2502	17
2504	14
2508	14
2509	5
2510	9
2513	14
2514	10
2516	6
2518	11
2522	60
2526	49
2527	9
2528	7
2531	90
2532	39
2534	18
2540	15
2543	6
2544	7
2546	15
2549	7
2556	5
2557	8
2560	9
2561	45
2562	9
2564	6
2569	20
2570	5
2578	6
2579	6
2580	9
2591	5
2592	6
2593	15
2603	7
2606	5
2607	8
2610	6
2611	8
2612	6
2613	5
2614	11
2616	82
2617	12
2618	5
2619	15
2621	25
2624	6
2625	27
2630	107
2631	10
2641	6
2648	22
2653	7
2656	13
2660	12
2663	8
2670	7
2672	13
2673	5
2676	5
2678	14
2690	15
2693	6
2695	22
2697	9
2703	13
2704	5
2712	6
2715	7
2719	29
2722	27
2723	10
2727	13
2728	9
2736	16
2739	38
2746	13
2749	6
2750	76
2752	8
2755	5
2762	10
2763	14
2764	6
2765	6
2766	9
2768	55
2774	8
2776	12
2778	16
2781	5
2784	6
2786	8
2787	15
2789	24
2794	14
2798	10
2799	5
2810	7
2811	6
2816	7
2823	5
2825	9
2827	12
2828	18
2832	6
2834	8
2837	5
2849	5
2853	6
2855	8
2862	37
2864	13
2865	13
2867	6
2868	6
2871	8
2873	10
2874	10
2875	11
2878	77
2880	20
2881	8
2883	22
2886	12
2887	5
2888	13
2889	6
2894	19
2896	32
2899	7
2901	5
2902	16
2905	10
2910	9
2914	19
2915	9
2917	51
2923	7
2924	9
2926	5
2929	16
2931	56
2932	18
2933	7
2934	5
2937	52
2939	7
2943	21
2944	7
2946	10
2950	11
2951	33
2955	103
2964	5
2965	8
2967	9
2968	57
2972	14
2973	42
2974	9
2976	14
2977	10
2980	7
2990	57
2993	25
2994	5
2995	44
2997	20
2999	16
3001	5
3003	10
3004	12
3006	73
3009	21
3017	6
3020	5
3023	10
3025	20
3028	5
3032	12
3034	260
3038	13
3041	23
3042	5
3043	8
3045	15
3046	8
3047	13
3048	10
3054	14
3058	6
3061	8
3062	17
3066	11
3068	15
3075	28
3077	12
3079	7
3081	19
3082	26
3087	88
3089	5
3090	11
3091	89
3092	19
3094	10
3095	93
3100	35
3104	10
3106	9
3109	51
3110	12
3113	6
3120	6
3128	23
3131	7
3139	5
3140	19
3142	20
3143	9
3148	22
3154	10
3155	10
3159	6
3161	11
3168	11
3169	5
3170	9
3173	8
3175	6
3176	5
3178	11
3180	7
3181	18
3182	170
3187	9
3191	116
3193	11
3195	8
3196	13
3198	17
3199	21
3202	7
3205	11
3207	8
3209	5
3210	9
3211	29
3213	33
3214	8
3215	19
3221	12
3228	19
3232	62
3233	10
3235	9
3236	8
3238	9
3242	5
3243	6
3244	5
3245	5
3256	6
3259	6
3264	6
3266	14
3273	82
3274	6
3275	6
3278	50
3280	13
3282	6
3284	27
3289	16
3291	49
3294	201
3305	34
3311	7
3312	11
3319	8
3321	8
3335	53
3340	76
3342	8
3344	5
3349	49
3353	8
3359	29
3360	6
3369	6
3372	13
3375	6
3381	11
3384	30
3389	8
3391	12
3392	163
3400	5
3401	8
3402	5
3403	6
3405	120
3408	8
3415	5
3418	11
3419	5
3425	25
3428	23
3433	6
3437	5
3447	5
3449	16
3452	9
3462	6
3467	5
3474	20
3476	8
3477	7
3485	13
3487	17
3490	23
3497	7
3498	5
3501	221
3503	10
3511	130
3518	30
3524	19
3530	5
3533	18
3537	5
3538	6
3542	5
3543	15
3549	22
3559	9
3560	18
3562	9
3566	11
3568	139
3571	14
3575	19
3576	18
3579	19
3592	23
3600	17
3602	60
3604	5
3606	8
3610	8
3615	16
3616	7
3619	17
3621	9
3626	7
3630	42
3632	10
3634	5
3638	8
3640	8
3641	5
3643	12
3647	7
3652	11
3657	5
3658	19
3661	6
3663	9
3665	11
3669	6
3672	10
3677	33
3678	13
3683	15
3686	7
3687	17
3688	53
3691	16
3693	13
3700	5
3702	125
3707	12
3709	9
3710	6
3711	63
3712	12
3713	7
3714	7
3716	6
3718	9
3723	9
3724	6
3725	5
3728	5
3735	190
3740	5
3747	40
3751	5
3752	209
3763	70
3764	6
3765	29
3767	11
3773	8
3774	65
3780	5
3783	5
3784	40
3786	5
3787	61
3790	49
3806	66
3809	18
3811	7
3812	30
3821	92
3822	222
3831	10
3836	78
3837	5
3840	8
3841	6
3848	50
3849	7
3850	6
3858	10
3869	6
3871	8
3872	11
3873	149
3874	6
3881	42
3882	5
3897	7
3899	56
3900	77
3901	7
3907	9
3910	6
3911	26
3912	9
3913	12
3914	51
3915	30
3917	60
3925	10
3926	5
3930	23
3933	7
3936	6
3938	5
3943	9
3966	10
3970	55
3975	5
3976	7
3982	18
3984	62
3987	8
3988	14
3989	25
3997	13
3998	18
4002	6
4004	8
4005	6
4008	12
4009	5
4013	21
4016	23
4017	56
4027	7
4031	7
4036	6
4037	21
4040	6
4041	21
4044	36
4046	9
4047	23
4048	25
4056	192
4059	5
4060	10
4065	14
4066	26
4068	5
4070	23
4071	10
4076	11
4078	15
4080	13
4087	15
4088	129
4094	13
4098	6
4099	12
4100	22
4102	57
4105	75
4111	118
4113	97
4116	9
4121	49
4122	14
4124	5
4127	5725
4128	8
4131	13
4135	17
4136	19
4138	6
4141	5
4142	20
4143	8
4147	6
4148	7
4149	7
4152	25
4154	5
4155	11
4160	12
4162	33
4163	8
4166	6
4169	10
4175	8
4180	6
4181	5
4182	6
4186	6
4193	5
4197	5
4202	11
4203	6
4205	48
4212	7
4213	24
4214	10
4215	26
4216	9
4222	10
4223	26
4224	5
4229	19
4230	7
4231	11
4235	19
4239	14
4243	7
4246	7
4247	18
4248	21
4259	149
4260	25
4261	11
4262	11
4271	14
4273	6
4277	7
4281	19
4283	8
4284	14
4286	14
4289	5
4297	10
4298	23
4304	24
4305	7
4308	5
4316	9
4325	6
4326	14
4329	31
4332	49
4333	37
4342	8
4345	6
4347	21
4348	5
4351	25
4353	5
4356	35
4365	14
4366	27
4367	7
4371	7
4377	22
4384	6
4390	6
4391	5
4395	23
4398	16
4399	14
4403	22
4408	8
4414	14
4417	6
4419	11
4420	7
4421	7
4423	6
4424	5
4425	13
4426	26
4427	5
4429	5
4441	10
4446	5
4456	17
4458	42
4462	9
4463	20
4465	13
4466	10
4481	8
4490	7
4502	17
4504	27
4506	12
4508	9
4520	6
4522	5
4527	32
4531	5
4535	6
4538	9
4545	8
4550	13
4555	7
4559	17
4567	14
4569	14
4573	5
4581	7
4592	6
4593	6
4594	9
4598	25
4603	19
4604	38
4610	6
4611	7
4617	5
4624	8
4628	5
4631	7
4633	6
4637	6
4639	13
4642	228
4644	22
4653	23
4656	11
4658	14
4659	16
4661	27
4664	5
4666	7
4667	8
4668	6
4669	9
4677	5
4679	7
4680	11
4686	10
4689	8
4692	9
4694	8
4699	27
4703	12
4706	6
4716	11
4721	6
4723	6
4726	6
4733	16
4735	25
4742	5
4744	6
4746	5
4748	5
4753	5
4764	5
4766	5
4767	5
4774	15
4780	6
4783	10
4792	6
4795	9
4798	9
4809	8
4820	9
4824	18
4832	6
4840	32
4846	60
4847	5
4848	5
4852	70
4854	5
4855	5
4856	5
4861	41
4862	23
4863	8
4864	33
4875	25
4877	23
4881	12
4883	12
4884	5
4885	5
4887	5
4890	7
4894	8
4895	20
4896	28
4897	135
4901	20
4902	5
4906	8
4907	13
4910	6
4914	8
4919	6
4924	5
4927	5
4939	6
4943	6
4944	8
4945	9
4952	9
4953	9
4956	8
4957	5
4963	43
4964	14
4965	5
4970	6
4973	53
4975	7
4976	7
4978	11
4986	6
4997	5
4998	12
5006	6
5018	63
5021	21
5022	5
5026	14
5029	35
5031	14
5037	7
5045	24
5053	13
5054	5
5056	15
5062	38
5064	10
5065	9
5067	6
5068	6
5070	6
5071	5
5074	46
5076	11
5077	87
5078	10
5079	6
5080	6
5081	10
5084	5
5086	51
5090	23
5092	19
5093	12
5096	11
5109	8
5110	8
5112	5
5114	6
5115	11
5116	12
5121	7
5122	7
5124	21
5132	5
5136	8
5138	6
5143	10
5145	7
5149	32
5151	6
5153	41
5158	5
5159	5
5160	51
5163	15
5167	5
5172	6
5175	29
5176	5
5181	85
5182	9
5184	16
5185	5
5187	9
5188	17
5189	8
5191	5
5198	22
5199	56
5200	8
5201	56
5208	153
5217	5
5218	5
5224	7
5226	174
5232	26
5233	19
5234	7
5239	10
5240	7
5241	9
5247	7
5248	5
5249	17
5250	5
5252	10
5253	8
5254	9
5255	8
5256	10
5258	6
5260	19
5262	5
5264	6
5267	412
5278	10
5279	12
5282	17
5283	5
5285	10
5292	8
5296	25
5298	33
5299	8
5300	9
5301	36
5303	65
5309	8
5316	36
5318	769
5320	7
5328	7
5332	23
5336	7
5337	5
5340	5
5344	96
5351	32
5352	24
5355	5
5361	8
5365	64
5367	5
5370	19
5374	5
5375	6
5380	5
5382	21
5383	16
5389	6
5391	10
5396	54
5398	6
5403	115
5404	9
5405	6
5409	5
5412	9
5413	5
5415	21
5423	14
5425	5
5430	18
5434	21
5436	6
5441	7
5443	9
5444	11
5448	31
5451	6
5458	112
5460	88
5472	7
5476	156
5487	20
5499	5
5502	10
5504	67
5512	6
5513	17
5514	8
5515	12
5522	17
5539	5
5541	6
5544	11
5548	14
5550	10
5553	7
5559	13
5561	34
5562	10
5569	5
5571	5
5576	11
5582	7
5589	12
5596	8
5604	21
5606	23
5607	6
5608	6
5611	10
5615	9
5616	33
5617	13
5618	6
5621	7
5628	6
5632	95
5636	5
5643	13
5648	16
5651	14
5655	22
5659	8
5660	14
5669	11
5672	20
5673	28
5677	38
5683	21
5691	7
5693	8
5694	6
5698	11
5699	5
5700	16
5708	18
5710	6
5722	7
5724	6
5725	12
5727	20
5729	8
5730	33
5737	16
5746	33
5747	7
5748	15
5750	15
5751	12
5756	6
5758	16
5766	35
5768	49
5771	32
5773	8
5783	65
5784	6
5785	6
5786	7
5791	7
5794	185
5797	7
5802	8
5808	8
5809	6
5814	6
5817	8
5825	6
5835	22
5836	14
5839	18
5843	7
5844	30
5846	28
5852	6
5854	98
5855	37
5856	46
5859	5
5861	9
5864	192
5866	63
5874	7
5877	71
5883	27
5884	8
5890	7
5892	190
5909	24
5911	19
5919	6
5920	18
5921	76
5922	5
5923	10
5924	53
5932	6
5937	6
5939	16
5940	42
5942	16
5943	40
5945	5
5955	6
5960	5
5963	8
5964	5
5967	8
5969	57
5971	5
5972	95
5999	8
6002	5
6003	13
6009	29
6012	18
6015	11
6025	15
6034	5
6035	13
6041	7
6043	22
6048	58
6049	7
6050	6
6058	13
6066	9
6071	6
6083	9
6084	8
6097	9
6100	5
6101	5
6104	9
6106	9
6107	18
6119	23
6122	147
6124	26
6131	7
6133	28
6139	10
6146	80
6149	20
6159	8
6161	7
6163	7
6166	240
6171	7
6172	12
6173	7
6175	6
6193	12
6195	11
6202	7
6203	13
6207	9
6209	26
6214	23
6215	8
6217	8
6219	5
6222	5
6223	8
6233	10
6239	9
6242	24
6243	16
6254	16
6257	14
6258	5
6264	20
6265	7
6266	51
6271	7
6276	6
6278	7
6286	5
6287	28
6291	8
6300	5
6301	1180
6304	687
6307	6
6313	44
6315	21
6318	5
6329	60
6331	25
6334	5
6335	6
6338	8
6339	7
6340	5
6344	13
6346	46
6349	5
6362	13
6363	5
6368	19
6370	12
6385	7
6392	10
6394	14
6395	5
6396	92
6398	11
6399	58
6409	7
6415	5
6416	5
6424	5
6426	9
6434	6
6444	15
6452	5
6453	6
6457	5
6458	11
6465	11
6469	5
6470	7
6471	22
6472	62
6473	10
6475	6
6479	8
6481	5
6486	15
6489	12
6492	39
6493	6
6497	8
6498	9
6499	18
6500	9
6511	7
6512	5
6518	10
6525	6
6526	9
6541	5
6543	6
6545	7
6548	7
6549	10
6551	8
6557	18
6558	6
6559	5
6562	32
6563	5
6565	29
6566	12
6567	15
6570	5
6571	6
6579	5
6582	7
6588	17
6591	5
6593	20
6597	10
6600	6
6607	15
6609	242
6611	5
6617	8
6618	63
6619	72
6622	13
6625	37
6628	10
6631	30
6632	9
6636	5
6637	5
6641	9
6644	8
6646	10
6647	5
6650	5
6661	42
6666	7
6667	9
6670	5
6671	28
6674	7
6675	11
6682	10
6686	10
6692	6
6696	39
6697	6
6698	5
6700	270
6705	8
6706	11
6711	63
6713	42
6716	9
6725	74
6726	6
6733	9
6735	5
6739	10
6741	5
6754	5
6755	5
6756	6
6759	11
6768	82
6769	137
6772	20
6773	11
6774	11
6781	10
6785	191
6787	50
6794	59
6795	10
6796	32
6798	16
6802	6
6817	15
6828	9
6834	57
6843	5
6844	103
6846	5
6847	40
6848	9
6849	15
6850	5
6856	9
6859	147
6861	21
6862	6
6864	6
6866	8
6868	17
6870	118
6874	15
6880	10
6881	48
6882	6
6883	7
6885	5
6887	5
6892	20
6893	5
6894	65
6899	5
6902	9
6905	7
6912	9
6919	6
6920	17
6922	20
6931	7
6933	5
6934	5
6936	7
6937	14
6938	5
6940	18
6941	151
6945	6
6949	11
6955	28
6959	35
6962	11
6963	10
6970	12
6971	5
6972	18
6973	8
6979	9
6983	6
6986	9
6987	11
6991	20
6992	8
6994	16
6997	8
6998	60
7006	7
7009	19
7010	6
7011	6
7014	6
7015	5
7017	16
7019	15
7020	5
7022	5
7024	8
7026	9
7029	9
7030	5
7031	45
7032	10
7033	5
7034	12
7037	9
7038	45
7039	5
7040	12
7041	24
7042	7
7045	13
7046	15
7047	30
7048	8
7049	8
7051	15
7052	5
7053	7
7058	8
7062	6
7071	34
7072	9
7078	17
7080	5
7082	6
7087	12
7088	5
7089	24
7090	44
7102	18
7106	19
7107	14
7110	7
7111	6
7115	12
7116	6
7117	7
7119	5
7124	8
7128	82
7132	5
7134	7
7136	6
7137	6
7148	6
7159	5
7163	8
7164	11
7166	60
7169	42
7172	25
7174	6
7175	5
7178	34
7179	5
7181	6
7184	8
7191	25
7195	5
7199	6
7204	40
7210	5
7212	5
7213	6
7214	5
7215	15
7221	15
7223	25
7228	15
7232	17
7234	8
7235	8
7242	5
7243	7
7244	11
7246	6
7252	7
7255	6
7258	7
7259	10
7260	5
7262	64
7264	78
7266	124
7271	8
7272	34
7273	5
7278	5
7279	41
7282	11
7288	12
7289	7
7293	6
7296	5
7297	14
7298	27
7299	7
7300	11
7302	9
7304	50
7320	6
7321	9
7325	9
7329	5
7334	8
7338	8
7342	10
7348	8
7349	17
7351	13
7352	15
7362	6
7365	53
7367	25
7370	8
7379	5
7381	14
7383	7
7385	7
7386	20
7387	9
7388	5
7394	10
7395	8
7397	9
7398	11
7399	19
7400	5
7403	8
7405	6
7407	5
7408	18
7409	15
7410	13
7411	22
7412	57
7415	6
7417	11
7425	27
7426	36
7427	6
7428	10
7433	19
7436	7
7437	39
7443	7
7449	6
7450	8
7457	7
7458	7
7461	7
7462	26
7463	12
7465	10
7467	21
7470	5
7471	26
7475	9
7484	6
7486	15
7489	9
7492	13
7493	9
7494	6
7503	5
7507	11
7508	6
7510	5
7512	5
7513	6
7516	6
7520	31
7522	7
7523	16
7526	12
7528	10
7533	12
7543	77
7545	12
7546	35
7548	6
7550	7
7554	6
7562	6
7563	22
7579	12
7581	86
7582	5
7583	8
7587	7
7592	7
7600	7
7603	6
7606	5
7608	6
7610	12
7621	233
7623	7
7626	5
7629	11
7634	9
7635	13
7638	124
7640	12
7641	17
7644	10
7646	6
7647	17
7651	9
7660	14
7663	5
7671	38
7676	18
7678	5
7682	6
7684	9
7685	13
7690	9
7691	36
7693	13
7694	5
7695	5
7696	7
7698	8
7699	7
7713	5
7714	14
7721	5
7725	6
7734	5
7735	13
7739	38
7743	42
7748	8
7749	9
7756	7
7759	25
7760	7
7761	9
7766	9
7770	5
7776	151
7781	7
7782	27
7789	15
7790	10
7796	8
7799	17
7800	13
7806	6
7809	9
7810	9
7811	5
7812	6
7815	9
7817	16
7819	76
7820	20
7825	5
7827	16
7830	5
7832	6
7842	31
7844	8
7845	15
7846	11
7852	57
7854	12
7855	15
7866	9
7868	11
7870	40
7873	16
7874	44
7882	24
7886	8
7889	5
7892	8
7895	10
7896	8
7901	16
7902	8
7906	6
7913	35
7917	5
7921	12
7932	5
7948	5
7950	10
7954	5
7956	22
7957	6
7963	7
7964	33
7966	40
7967	8
7968	65
7971	29
7977	37
7980	14
7983	16
7986	134
7988	18
7993	7
7998	25
8004	14
8006	20
8008	33
8010	41
8014	12
8015	10
8017	39
8022	6
8025	12
8026	5
8031	7
8032	21
8033	8
8037	6
8040	17
8042	30
8044	6
8046	10
8053	24
8054	51
8055	6
8057	11
8060	27
8063	6
8064	25
8066	13
8068	5
8072	10
8074	9
8079	14
8082	6
8086	8
8089	5
8091	5
8095	7
8098	137
8099	16
8107	9
8108	9
8122	12
8124	5
8128	5
8130	20
8134	8
8142	25
8144	51
8145	25
8148	6
8150	37
8152	6
8156	6
8157	17
8160	10
8162	8
8164	9
8171	7
8175	16
8182	5
8186	10
8187	34
8190	7
8192	16
8197	33
8202	7
8208	10
8210	8
8213	149
8217	30
8218	77
8223	5
8227	8
8229	10
8230	8
8242	21
8243	18
8246	64
8249	14
8251	5
8252	23
8253	5
8262	6
8263	18
8267	5
8268	6
8272	5
8276	38
8279	24
8280	6
8284	17
8289	5
8291	7
8293	26
8294	20
8298	13
8299	5
8300	6
8304	21
8305	5
8307	21
8310	5
8312	6
8316	13
8317	5
8321	54
8324	32
8331	14
8337	5
8339	301
8351	113
8353	6
8358	6
8359	7
8361	14
8364	5
8368	31
8369	16
8374	5
8375	33
8376	98
8377	6
8380	172
8383	10
8384	5
8387	5
8391	57
8393	5
8395	79
8398	8
8399	5
8400	6
8403	6
8408	23
8410	7
8411	5
8413	7
8417	7
8418	5
8419	9
8425	11
8426	10
8439	7
8440	5
8443	9
8445	10
8447	5
8449	105
8451	71
8452	47
8457	10
8462	30
8466	5
8467	6
8476	7
8478	7
8479	104
8480	6
8483	9
8484	19
8497	17
8498	6
8503	21
8506	19
8508	27
8509	19
8510	51
8513	29
8518	6
8519	8
8520	43
8525	37
8528	5
8532	5
8533	78
8535	19
8536	44
8547	16
8549	11
8551	5
8552	12
8556	7
8558	23
8560	21
8562	64
8564	11
8568	6
8570	7
8571	19
8573	38
8585	6
8586	49
8587	26
8594	24
8597	7
8599	5
8602	10
8615	5
8616	10
8624	31
8625	10
8626	21
8629	5
8630	44
8637	5
8641	9
8644	6
8647	10
8663	12
8666	6
8669	11
8674	10
8683	17
8684	156
8685	5
8687	5
8693	11
8697	6
8703	17
8704	11
8710	26
8714	5
8715	7
8717	7
8718	6
8720	10
8721	10
8722	7
8724	7
8726	7
8727	13
8728	8
8730	12
8734	14
8739	29
8740	22
8741	16
8743	82
8752	20
8755	15
8760	23
8761	6
8765	17
8773	11
8792	9
8793	23
8794	5
8796	10
8803	31
8804	7
8805	20
8806	51
8810	8
8813	15
8816	9
8817	25
8820	13
8821	24
8829	5
8832	35
8834	5
8836	7
8837	5
8843	9
8847	8
8859	42
8860	11
8865	1211
8866	5
8873	5
8877	11
8879	66
8884	5
8886	5
8887	74
8890	8
8894	7
8896	5
8899	24
8900	6
8909	14
8910	9
8912	27
8915	20
8920	14
8922	16
8923	35
8925	7
8927	13
8933	5
8934	6
8938	7
8941	6
8943	11
8944	53
8947	7
8952	7
8953	7
8954	6
8958	7
8961	6
8963	7
8965	6
8969	368
8970	6
8973	6
8975	5
8978	37
8981	17
8983	5
8987	93
8993	6
8995	175
8996	5
9000	5
9010	74
9011	9
9028	34
9030	21
9032	9
9034	21
9035	6
9037	13
9038	22
9040	6
9045	28
9046	15
9047	5
9049	8
9054	81
9061	6
9062	9
9065	5
9066	14
9068	5
9072	18
9078	26
9080	15
9083	6
9086	8
9093	14
9095	6
9103	34
9111	5
9117	16
9120	10
9121	59
9123	5
9124	10
9126	31
9127	10
9128	21
9130	17
9132	6
9144	24
9148	10
9149	6
9153	59
9160	6
9165	27
9175	107
9180	39
9185	5
9187	11
9191	6
9193	100
9194	6
9198	7
9201	28
9203	7
9207	7
9214	8
9225	27
9227	6
9230	24
9232	10
9236	5
9238	9
9241	6
9242	21
9252	5
9253	8
9262	5
9265	36
9275	6
9277	5
9284	5
9285	37
9292	6
9293	26
9299	5
9314	5
9315	7
9316	5
9320	10
9323	14
9328	5
9330	49
9331	7
9340	18
9347	16
9348	7
9354	6
9357	5
9360	5
9361	12
9362	5
9365	9
9371	8
9375	9
9379	8
9389	6
9391	6
9394	169
9396	11
9397	9
9399	7
9408	9
9420	8
9423	9
9428	6
9433	12
9435	5
9439	5
9445	63
9448	55
9453	37
9458	6
9466	6
9467	6
9469	5
9470	5
9473	6
9474	35
9481	6
9486	5
9493	18
9498	5
9500	36
9509	5
9511	5
9517	11
9518	5
9526	652
9527	5
9528	6
9538	219
9542	40
9546	112
9548	17
9549	22
9561	107
9563	11
9571	33
9575	5
9576	5
9578	5
9581	13
9582	29
9584	38
9587	24
9589	147
9591	32
9596	9
9599	5
9608	12
9610	94
9611	60
9613	6
9617	12
9618	15
9620	11
9622	19
9624	16
9625	210
9627	101
9632	10
9633	21
9637	39
9646	5
9648	66
9650	5
9651	6
9652	7
9657	5
9658	6
9661	5
9666	5
9669	295
9676	53
9678	6
9695	8
9699	13
9701	12
9704	21
9707	8
9708	5
9711	7
9712	7
9713	30
9714	7
9716	52
9717	10
9719	18
9721	33
9722	5
9724	20
9727	78
9728	6
9736	6
9738	28
9743	13
9751	5
9752	6
9755	8
9757	20
9759	5
9761	6
9763	29
9764	38
9766	61
9768	7
9769	5
9770	5
9772	6
9774	7
9777	7
9784	75
9792	21
9793	6
9800	30
9801	16
9803	26
9805	31
9808	5
9809	18
9812	6
9813	54
9816	7
9817	10
9822	40
9825	52
9826	14
9827	6
9841	5
9843	6
9853	5
9858	7
9859	6
9861	5
9863	5
9864	6
9865	5
9866	20
9870	13
9882	8
9889	6
9890	101
9895	10
9900	9
9902	12
9908	9
9909	10
9913	8
9915	23
9921	56
9924	117
9925	24
9926	65
9932	8
9933	5
9934	30
9938	16
9942	6
9943	5
9944	5
9947	52
9948	21
9958	8
9962	44
9964	18
9966	5
9974	1258
9975	9
9976	22
9982	9
9983	35
9992	12
9993	6
9995	13
9996	11
9998	12
9999	11
10000	18
10004	5
10008	5
10017	7
10020	5
10029	7
10034	5
10037	5
10038	9
10039	6
10040	8
10041	9
10048	5
10057	13
