56	5
63	17
134	6
158	9
161	6
162	7
184	14
243	20
253	5
258	7
292	13
311	5
323	7
324	6
328	6
341	11
353	8
366	5
412	9
436	5
526	6
534	5
558	23
579	22
582	11
587	5
591	6
613	6
707	7
710	7
711	6
723	12
726	28
733	9
758	10
826	15
833	5
857	27
878	15
883	11
905	12
920	5
925	6
930	5
976	6
979	5
995	6
1009	5
1017	5
1027	6
1029	8
1062	7
1067	6
1095	9
1108	12
1118	24
1125	7
1132	14
1143	8
1145	6
1152	8
1168	6
1206	5
1213	8
1225	7
1236	10
1243	5
1261	6
1267	24
1296	6
1325	5
1331	18
1346	5
1350	6
1357	7
1382	19
1406	5
1440	15
1442	7
1469	11
1478	7
1512	7
1527	8
1540	6
1554	8
1580	13
1602	65
1632	6
1637	6
1656	6
1679	14
1689	42
1703	5
1707	5
1833	7
1835	13
1886	5
1937	14
1945	5
1958	13
1995	7
2049	19
2059	5
2071	13
2073	9
2074	9
2097	7
2117	8
2127	5
2130	5
2157	24
2164	6
2190	7
2198	5
2212	9
2214	16
2220	5
2267	5
2324	19
2330	7
2445	21
2446	17
2477	13
2522	12
2526	6
2531	7
2532	7
2561	9
2569	6
2614	5
2616	11
2621	5
2630	14
2719	7
2729	7
2750	11
2768	7
2789	6
2870	5
2878	9
2894	7
2914	7
2917	10
2931	12
2937	11
2951	7
2955	7
2968	8
2973	12
2993	7
2997	8
3006	9
3034	45
3045	6
3060	11
3066	6
3087	13
3091	15
3095	6
3140	8
3142	12
3143	7
3154	7
3161	8
3182	24
3191	9
3210	9
3211	11
3213	7
3273	14
3278	8
3291	7
3294	36
3335	6
3340	12
3349	10
3373	6
3392	28
3501	47
3511	29
3518	9
3568	43
3602	12
3634	7
3691	5
3702	21
3711	8
3735	35
3747	6
3752	35
3754	5
3763	28
3774	14
3784	10
3787	7
3790	7
3806	5
3821	28
3822	41
3836	9
3858	6
3873	36
3900	15
3914	11
3915	7
3917	10
3944	9
3970	11
3984	12
3998	13
4016	5
4017	18
4044	9
4047	7
4056	51
4065	9
4070	14
4088	17
4099	5
4102	23
4111	25
4113	19
4122	5
4127	377
4162	8
4175	6
4205	10
4213	5
4215	9
4223	11
4248	9
4259	50
4260	7
4271	5
4281	6
4366	5
4426	11
4458	11
4473	5
4477	5
4523	35
4603	7
4613	11
4642	9
4653	20
4661	6
4699	5
4733	16
4734	5
4735	43
4815	6
4846	12
4852	16
4861	8
4864	6
4896	5
4897	15
4963	9
4973	7
4998	5
5018	8
5029	6
5037	5
5039	5
5045	6
5074	6
5077	16
5086	13
5160	9
5163	8
5172	5
5181	7
5192	5
5199	13
5201	24
5208	32
5211	8
5222	5
5226	47
5232	13
5233	8
5239	7
5267	138
5296	7
5298	7
5301	9
5303	10
5309	5
5318	122
5344	17
5396	16
5430	6
5460	12
5504	5
5559	6
5561	5
5632	9
5677	8
5727	5
5766	8
5768	13
5771	11
5783	8
5794	40
5854	21
5856	7
5864	14
5866	13
5877	13
5883	8
5892	36
5909	7
5921	15
5924	16
5937	7
5943	7
5972	20
6025	11
6035	6
6119	6
6133	5
6139	5
6146	11
6166	52
6196	5
6209	7
6257	5
6266	7
6287	10
6301	80
6304	7
6472	7
6565	5
6607	5
6609	11
6619	11
6625	9
6631	9
6671	5
6700	60
6711	13
6725	15
6768	20
6769	5
6785	20
6787	12
6794	13
6834	7
6844	8
6847	9
6859	11
6870	18
6881	7
6894	5
6941	9
6963	5
6998	9
7031	6
7038	5
7041	12
7051	6
7071	5
7102	6
7128	18
7166	32
7204	7
7262	7
7264	14
7266	19
7272	8
7279	5
7298	5
7304	10
7365	11
7367	5
7411	7
7471	8
7520	15
7543	7
7563	5
7581	10
7583	6
7593	9
7621	38
7638	7
7648	5
7671	6
7743	13
7770	5
7776	39
7846	8
7852	13
7968	7
7986	21
7988	5
7998	6
8008	14
8010	6
8042	8
8053	9
8054	10
8098	28
8122	5
8144	19
8145	6
8150	7
8175	6
8213	37
8218	26
8246	7
8252	7
8291	6
8351	20
8375	5
8376	8
8380	28
8391	11
8395	20
8449	28
8451	5
8479	6
8484	5
8503	5
8509	7
8513	6
8520	10
8525	6
8536	7
8562	13
8619	8
8624	10
8626	5
8630	6
8645	19
8647	5
8674	5
8684	38
8743	12
8745	7
8752	6
8793	11
8803	7
8805	5
8806	14
8859	7
8865	218
8879	7
8887	13
8910	5
8912	6
8923	13
8944	13
8969	59
8978	8
8987	35
8995	29
9010	5
9030	6
9045	6
9054	5
9072	6
9121	13
9126	5
9130	11
9153	15
9175	21
9193	11
9201	6
9225	11
9230	5
9265	12
9293	5
9330	7
9348	7
9394	29
9445	8
9474	6
9526	130
9538	48
9542	13
9546	25
9561	24
9571	12
9584	11
9588	5
9589	42
9610	19
9611	17
9622	6
9625	28
9627	14
9633	8
9637	6
9669	92
9716	8
9757	5
9766	15
9784	14
9798	14
9800	8
9803	5
9813	18
9825	17
9890	13
9924	11
9926	18
9930	5
9947	7
9962	6
9974	16
9989	6
9997	5
10000	6
