1	11
2	6
7	9
9	7
10	16
15	14
18	5
23	53
25	12
26	10
27	11
28	5
30	12
32	9
33	23
36	12
37	11
38	15
40	45
41	9
44	10
46	5
56	62
58	31
60	10
61	8
63	151
65	34
68	17
73	6
74	18
76	20
78	8
86	9
87	10
89	12
92	27
94	5
97	14
98	7
99	30
100	6
101	13
102	5
107	6
108	20
110	6
111	9
114	10
115	10
116	12
117	5
118	8
119	7
122	37
124	6
125	24
133	56
134	28
136	35
138	6
140	22
142	14
143	6
148	8
149	7
152	9
153	8
158	117
161	33
162	41
165	9
167	112
171	11
172	7
173	24
174	36
176	5
177	7
184	39
185	33
187	25
189	28
191	10
198	5
201	10
205	5
208	5
211	27
214	5
216	12
217	7
218	7
219	6
221	6
227	7
229	31
235	12
241	11
243	230
244	5
246	8
251	34
254	26
256	17
257	47
258	75
259	7
261	13
268	13
271	21
274	6
275	5
279	7
288	12
290	6
292	8
295	7
300	10
302	5
303	41
304	8
309	10
311	16
312	35
315	7
316	12
317	6
318	7
321	6
322	29
323	9
324	52
326	7
327	5
328	38
331	25
333	11
337	6
338	7
341	68
342	11
343	8
344	10
345	8
347	21
351	7
352	16
353	46
355	22
359	67
361	9
363	8
365	5
366	26
367	10
368	9
371	19
373	10
380	20
384	29
385	31
386	8
391	11
392	6
393	14
394	8
396	5
399	30
400	13
407	7
408	22
412	139
415	9
417	39
418	21
421	35
425	5
427	9
430	5
432	17
433	5
436	34
441	6
443	5
446	6
447	19
448	22
449	11
454	5
455	68
456	33
457	25
459	14
461	5
463	6
467	15
469	15
470	10
471	33
475	15
477	12
478	9
483	10
485	7
489	20
494	13
495	8
497	6
498	5
500	8
502	9
503	6
505	11
506	67
507	23
509	20
511	106
513	73
515	15
518	29
520	6
521	7
522	8
526	44
527	9
528	26
530	10
531	34
533	10
534	150
539	28
540	16
541	6
542	10
547	11
549	5
553	11
554	7
556	16
557	55
558	229
560	9
561	12
564	5
570	5
572	9
574	9
578	26
579	231
580	7
582	6
585	9
588	8
589	13
591	39
594	52
601	17
604	24
605	11
606	48
608	5
610	8
613	62
615	15
618	6
620	72
622	7
624	21
626	5
627	17
628	27
629	21
631	5
633	27
635	18
638	6
639	9
640	245
643	5
644	5
646	5
648	122
650	13
651	14
657	7
660	9
667	11
669	14
672	25
673	5
675	9
677	34
680	23
681	5
686	12
687	20
688	5
689	9
691	15
693	19
694	6
697	6
698	32
699	18
700	9
703	7
704	11
705	25
707	63
709	5
710	60
711	22
712	16
715	14
716	6
719	18
720	8
722	39
723	84
726	222
733	162
734	16
735	11
738	9
740	13
741	10
742	65
744	9
745	6
746	45
756	6
757	5
758	110
760	24
761	7
762	5
763	10
764	19
766	7
767	16
768	12
772	9
773	5
789	11
791	28
792	14
793	34
794	5
798	10
799	7
809	8
811	30
812	15
813	6
814	5
816	13
822	10
823	9
825	12
826	204
829	7
830	28
834	5
836	6
837	20
841	53
844	16
845	8
846	5
850	8
855	25
856	10
857	319
858	8
860	34
861	8
862	71
863	8
865	33
870	5
873	7
875	33
876	6
878	134
884	13
886	9
890	14
892	10
894	9
895	47
899	5
900	5
901	8
902	6
905	76
906	9
907	13
912	5
915	73
917	12
919	15
920	26
921	11
922	6
925	44
927	8
929	5
930	60
933	5
934	8
936	12
937	6
938	6
939	8
940	24
941	8
944	7
945	5
948	7
949	18
952	8
953	9
954	10
957	9
958	75
961	16
963	6
969	19
971	12
972	17
974	5
976	55
978	7
979	81
981	22
982	7
984	7
986	18
987	8
988	8
991	83
993	22
995	18
998	12
999	7
1000	19
1002	23
1003	5
1004	18
1005	59
1006	18
1009	29
1011	5
1012	13
1013	24
1017	75
1018	10
1019	6
1020	7
1021	12
1022	28
1024	7
1025	35
1027	78
1028	6
1029	192
1031	52
1034	11
1037	13
1040	13
1041	5
1042	13
1045	6
1048	21
1052	32
1053	7
1058	7
1059	6
1060	5
1062	10
1065	7
1066	24
1067	105
1068	24
1071	79
1073	6
1074	31
1075	5
1077	24
1079	6
1086	12
1087	9
1088	7
1089	8
1095	16
1096	6
1097	5
1098	48
1102	24
1107	15
1108	85
1112	12
1113	29
1114	7
1118	118
1120	12
1121	78
1125	40
1126	24
1127	12
1128	93
1129	25
1130	16
1132	609
1133	5
1135	5
1137	20
1142	5
1143	98
1144	7
1145	29
1147	52
1148	10
1151	7
1152	24
1153	6
1155	169
1157	5
1160	34
1162	9
1164	18
1165	7
1166	17
1168	66
1171	9
1172	20
1173	5
1174	6
1175	5
1176	10
1178	21
1180	6
1181	17
1183	11
1184	5
1185	5
1186	94
1188	6
1189	44
1190	5
1191	10
1192	14
1194	23
1196	13
1197	7
1198	12
1199	22
1202	7
1204	37
1205	9
1206	28
1208	13
1210	5
1212	17
1213	91
1215	19
1216	6
1221	20
1222	5
1223	9
1225	100
1226	6
1227	6
1235	18
1236	76
1238	7
1239	6
1240	32
1243	9
1246	76
1249	6
1252	12
1253	16
1256	52
1261	8
1264	15
1267	286
1274	16
1277	7
1279	8
1281	14
1282	5
1284	7
1285	7
1286	6
1288	14
1290	9
1291	6
1293	8
1294	13
1296	37
1297	5
1298	11
1299	16
1305	5
1307	7
1309	12
1310	9
1317	5
1320	12
1323	5
1325	80
1326	12
1327	8
1329	33
1331	146
1332	10
1334	6
1335	5
1338	9
1343	7
1344	7
1347	14
1348	21
1349	5
1350	20
1352	9
1353	15
1355	5
1356	21
1357	32
1359	12
1364	26
1365	16
1366	7
1368	9
1369	58
1370	68
1376	11
1378	6
1380	6
1381	32
1382	153
1383	6
1386	13
1388	34
1389	13
1394	7
1395	6
1396	98
1403	7
1406	231
1408	303
1409	52
1410	12
1411	11
1412	7
1414	6
1415	21
1417	5
1418	6
1419	13
1421	7
1422	5
1426	10
1427	51
1428	9
1430	17
1432	11
1433	19
1434	16
1435	7
1437	67
1438	14
1440	173
1441	5
1442	15
1443	10
1446	5
1448	8
1450	17
1451	22
1452	42
1453	6
1454	5
1455	9
1456	16
1460	7
1463	20
1464	11
1465	15
1467	16
1469	198
1472	5
1473	19
1474	9
1475	125
1478	56
1480	7
1483	18
1485	7
1486	48
1487	7
1491	11
1494	14
1495	7
1496	5
1497	10
1499	5
1503	18
1504	34
1505	69
1506	16
1507	21
1510	10
1511	8
1512	78
1513	5
1514	23
1515	21
1518	15
1519	13
1520	27
1521	23
1522	14
1523	8
1527	59
1529	31
1532	23
1533	12
1537	8
1540	43
1544	8
1545	5
1548	6
1549	25
1550	6
1551	14
1554	71
1555	6
1562	14
1564	129
1565	7
1566	7
1567	5
1570	9
1572	15
1573	7
1576	39
1577	9
1580	551
1584	7
1589	9
1590	14
1592	8
1593	7
1595	5
1597	9
1601	6
1602	64
1603	14
1604	25
1608	42
1611	20
1616	22
1621	12
1622	12
1625	6
1627	17
1630	78
1632	92
1633	13
1637	34
1638	17
1639	7
1640	7
1641	13
1642	186
1645	5
1647	14
1648	6
1649	7
1653	5
1654	7
1655	5
1656	39
1659	12
1661	6
1662	11
1668	22
1669	5
1671	9
1672	7
1673	25
1674	26
1677	5
1679	115
1684	14
1689	148
1695	5
1700	16
1701	9
1702	63
1707	50
1711	13
1712	8
1713	35
1715	6
1717	8
1719	5
1720	18
1724	28
1725	9
1730	17
1732	32
1734	9
1735	10
1736	31
1739	44
1741	12
1743	5
1744	13
1745	25
1747	60
1749	7
1750	5
1753	10
1755	13
1758	9
1759	58
1761	6
1763	5
1764	5
1774	8
1775	9
1777	11
1778	7
1780	33
1783	106
1784	34
1786	5
1787	23
1797	20
1798	12
1802	9
1805	6
1806	13
1809	9
1810	22
1814	6
1815	5
1816	5
1818	29
1822	34
1828	28
1831	14
1832	16
1833	41
1834	25
1835	113
1836	6
1837	5
1840	10
1841	8
1842	30
1843	13
1844	8
1849	6
1850	7
1852	9
1854	35
1855	13
1856	10
1857	8
1859	8
1860	8
1861	16
1862	5
1866	6
1870	5
1873	5
1874	7
1875	53
1878	18
1880	10
1882	61
1883	6
1886	44
1890	8
1892	38
1894	51
1896	7
1897	17
1898	7
1902	46
1905	53
1906	15
1907	7
1908	41
1909	7
1910	5
1913	12
1914	18
1915	5
1917	9
1919	26
1922	7
1929	15
1931	13
1933	14
1935	14
1937	139
1941	26
1943	34
1945	19
1949	14
1952	13
1953	11
1957	35
1958	120
1959	24
1960	8
1964	6
1965	6
1968	16
1969	8
1972	5
1976	8
1977	8
1981	37
1985	33
1987	19
1989	9
1991	7
1993	11
1994	6
1995	23
1998	5
2000	5
2003	13
2006	10
2011	26
2017	7
2019	25
2021	7
2023	28
2024	27
2027	6
2029	8
2030	5
2031	5
2032	8
2033	6
2036	35
2037	10
2042	15
2043	6
2044	5
2045	5
2046	24
2048	53
2049	108
2050	6
2051	5
2054	22
2055	11
2057	6
2059	55
2060	5
2061	15
2062	10
2064	5
2065	9
2066	5
2068	5
2069	10
2070	7
2071	69
2074	100
2075	21
2078	21
2082	5
2083	31
2084	7
2085	11
2092	12
2093	5
2097	105
2098	5
2099	12
2101	7
2102	18
2103	9
2105	21
2107	11
2116	6
2117	72
2119	7
2126	9
2127	29
2128	12
2130	68
2132	25
2133	15
2134	5
2135	11
2136	38
2138	11
2139	5
2142	92
2143	26
2146	5
2149	24
2150	10
2155	64
2157	99
2158	28
2164	56
2167	11
2170	5
2171	6
2172	29
2175	32
2177	11
2178	10
2182	6
2183	7
2185	7
2186	7
2188	26
2189	9
2190	40
2191	19
2192	26
2195	9
2196	16
2197	10
2200	27
2205	17
2208	8
2209	57
2210	8
2211	8
2212	67
2214	20
2216	14
2217	6
2218	7
2219	12
2220	18
2222	11
2226	34
2229	5
2231	13
2232	6
2233	11
2236	8
2240	5
2242	15
2243	10
2248	6
2252	13
2253	8
2254	7
2257	25
2261	10
2262	7
2263	24
2264	13
2267	36
2268	5
2270	34
2271	5
2272	5
2273	6
2275	5
2278	18
2283	12
2284	17
2287	10
2289	6
2292	18
2293	11
2294	15
2295	6
2300	8
2302	9
2303	14
2305	6
2307	36
2308	9
2313	11
2317	5
2318	11
2323	18
2324	114
2328	9
2330	68
2331	7
2332	15
2335	6
2339	12
2341	18
2348	18
2349	28
2351	134
2353	6
2356	10
2358	7
2360	153
2363	9
2366	18
2368	5
2369	8
2370	16
2376	8
2379	13
2382	21
2383	5
2386	10
2388	6
2390	12
2393	17
2395	7
2398	13
2399	7
2400	9
2402	11
2403	5
2409	36
2412	74
2413	7
2420	11
2424	11
2426	13
2427	27
2436	14
2438	5
2440	13
2442	5
2445	181
2446	98
2447	14
2448	88
2451	16
2454	14
2456	23
2463	9
2464	13
2466	6
2470	23
2477	127
2478	28
2479	10
2483	49
2484	32
2489	5
2490	7
2491	9
2494	42
2495	13
2498	7
2499	6
2502	56
2504	24
2505	5
2508	33
2509	9
2510	6
2512	5
2513	16
2514	23
2515	6
2516	18
2518	15
2519	5
2522	115
2526	57
2527	21
2528	21
2530	5
2531	219
2532	81
2534	26
2537	11
2540	62
2541	7
2542	6
2543	16
2544	8
2546	87
2547	6
2549	9
2554	7
2555	11
2556	7
2557	15
2558	6
2560	24
2561	87
2562	21
2564	9
2569	32
2573	9
2576	9
2579	18
2580	15
2582	5
2590	8
2593	8
2596	9
2598	5
2602	7
2603	10
2604	6
2605	5
2609	6
2611	7
2613	22
2614	25
2615	6
2616	124
2617	28
2618	8
2619	27
2621	55
2622	9
2624	11
2625	87
2627	9
2629	9
2630	169
2631	12
2632	9
2636	8
2641	11
2642	5
2643	6
2644	45
2646	5
2648	40
2649	31
2650	24
2652	16
2653	5
2656	15
2659	7
2660	15
2663	16
2664	6
2665	12
2670	9
2672	13
2676	17
2677	5
2678	17
2680	6
2682	10
2684	5
2688	8
2690	49
2694	9
2695	7
2697	19
2698	5
2700	6
2702	9
2703	7
2704	5
2706	9
2709	28
2712	5
2715	10
2718	11
2719	102
2722	24
2723	13
2726	5
2727	6
2728	62
2730	7
2734	7
2736	38
2737	6
2739	51
2740	7
2741	5
2742	6
2744	5
2745	25
2746	28
2749	9
2750	175
2752	12
2755	6
2757	7
2758	5
2759	5
2760	13
2761	5
2762	24
2763	5
2764	14
2765	9
2766	11
2768	112
2773	8
2774	15
2776	20
2778	34
2780	9
2781	6
2782	6
2784	8
2787	20
2788	5
2789	21
2792	6
2793	5
2794	11
2798	28
2799	6
2801	11
2808	11
2810	7
2816	12
2819	7
2823	8
2824	6
2825	18
2826	5
2827	9
2828	9
2831	5
2834	7
2841	5
2843	6
2844	6
2849	12
2850	7
2853	10
2855	5
2856	5
2858	7
2861	7
2862	36
2863	6
2864	31
2865	12
2867	12
2871	13
2873	5
2875	16
2877	6
2878	108
2881	17
2883	12
2884	8
2886	18
2887	29
2888	32
2890	7
2892	5
2894	39
2895	15
2896	56
2897	9
2902	25
2904	5
2905	10
2908	6
2910	22
2912	5
2914	141
2915	14
2916	8
2917	109
2918	14
2921	8
2923	8
2924	14
2926	19
2927	12
2929	11
2931	116
2932	26
2933	6
2937	68
2939	23
2941	13
2943	23
2946	14
2950	41
2951	64
2953	8
2955	251
2956	10
2961	5
2962	10
2965	35
2968	143
2970	8
2972	16
2973	99
2974	10
2976	19
2977	19
2983	7
2985	27
2988	5
2989	6
2990	53
2993	43
2994	14
2996	9
2997	37
2999	29
3001	16
3003	33
3004	23
3005	12
3006	153
3007	5
3009	38
3012	16
3017	20
3019	6
3020	27
3023	9
3025	16
3028	6
3032	24
3034	541
3035	16
3036	12
3038	35
3039	5
3041	32
3042	5
3043	12
3045	36
3047	36
3056	9
3058	10
3061	7
3062	20
3063	6
3064	16
3065	5
3066	16
3068	30
3075	93
3077	19
3079	8
3081	25
3082	30
3083	8
3087	163
3089	8
3090	6
3091	129
3092	41
3093	10
3094	22
3095	298
3096	7
3100	59
3106	22
3108	8
3109	50
3110	24
3112	7
3114	8
3116	18
3117	6
3120	9
3123	19
3126	7
3127	16
3128	13
3130	7
3131	8
3133	12
3134	17
3138	9
3139	6
3140	57
3142	56
3143	13
3144	7
3148	36
3149	6
3152	8
3154	21
3155	22
3161	39
3167	14
3168	19
3169	10
3170	7
3172	6
3173	7
3174	8
3176	9
3177	6
3178	18
3180	10
3181	37
3182	299
3184	11
3186	8
3187	20
3191	193
3193	8
3195	10
3196	16
3198	17
3199	108
3200	7
3205	23
3206	6
3207	14
3210	15
3211	75
3213	77
3214	9
3215	53
3218	14
3221	10
3223	32
3224	5
3226	5
3228	51
3229	9
3231	6
3232	83
3233	6
3234	5
3235	19
3238	27
3244	9
3247	11
3256	8
3259	8
3260	7
3265	10
3266	36
3268	5
3269	5
3270	9
3272	6
3273	128
3275	22
3276	10
3278	35
3280	34
3284	53
3287	12
3289	52
3291	67
3292	9
3294	398
3295	9
3296	6
3300	5
3305	65
3312	10
3314	12
3315	8
3317	28
3318	5
3319	20
3321	19
3322	6
3323	6
3328	7
3330	7
3335	84
3337	11
3340	177
3341	12
3344	24
3346	7
3349	104
3351	9
3353	5
3354	5
3359	35
3362	6
3364	5
3366	6
3368	7
3369	7
3370	7
3372	19
3377	5
3381	19
3382	5
3384	21
3385	6
3386	6
3389	43
3392	418
3393	5
3396	15
3400	17
3402	5
3403	12
3405	167
3409	7
3414	7
3415	7
3418	33
3419	6
3421	5
3423	23
3424	8
3425	61
3427	6
3428	38
3431	10
3434	7
3436	6
3437	9
3443	7
3445	5
3449	27
3452	12
3454	31
3458	5
3459	7
3461	6
3462	17
3464	6
3467	12
3470	10
3474	24
3475	6
3476	17
3477	10
3478	18
3479	6
3480	12
3484	7
3485	21
3486	7
3487	22
3489	6
3490	37
3491	7
3494	8
3495	8
3497	8
3501	462
3503	20
3509	9
3511	225
3512	5
3515	7
3517	6
3518	59
3519	9
3524	33
3525	21
3533	14
3535	7
3537	7
3538	9
3543	8
3545	7
3546	9
3548	10
3549	33
3551	6
3555	5
3556	5
3557	5
3559	16
3560	24
3562	16
3564	11
3565	20
3566	29
3568	269
3569	6
3570	7
3571	24
3575	20
3576	19
3577	15
3579	24
3581	7
3583	13
3588	5
3591	6
3592	49
3594	6
3595	11
3596	6
3600	8
3602	147
3604	5
3605	11
3606	7
3612	8
3613	16
3615	16
3616	57
3619	13
3622	8
3623	14
3626	15
3630	87
3632	17
3634	26
3636	19
3638	6
3643	22
3647	16
3648	8
3652	28
3657	7
3658	85
3660	6
3661	12
3662	5
3663	9
3664	9
3665	8
3667	7
3668	9
3672	16
3675	7
3677	61
3678	21
3681	13
3683	8
3684	9
3686	8
3687	20
3688	32
3690	7
3691	47
3693	15
3700	7
3702	421
3703	6
3708	9
3709	15
3710	11
3711	134
3712	12
3713	7
3714	13
3720	8
3724	19
3728	23
3731	9
3734	7
3735	402
3736	9
3739	8
3740	6
3741	6
3742	9
3743	5
3744	8
3746	5
3747	59
3751	10
3752	391
3757	8
3760	8
3761	12
3762	5
3763	106
3764	7
3765	35
3766	5
3767	11
3774	123
3776	10
3780	12
3781	5
3784	83
3786	7
3787	94
3788	5
3789	13
3790	228
3795	5
3796	11
3801	48
3806	109
3809	13
3811	12
3812	66
3813	6
3814	5
3815	9
3816	18
3817	11
3821	171
3822	441
3823	8
3824	5
3826	16
3828	5
3829	5
3832	8
3836	210
3838	5
3840	8
3841	17
3848	90
3858	50
3859	5
3860	10
3869	9
3870	5
3871	10
3872	42
3873	308
3874	13
3876	5
3879	7
3881	78
3882	18
3889	7
3893	6
3894	9
3895	7
3897	7
3898	6
3899	29
3900	180
3901	16
3903	9
3906	6
3907	10
3910	5
3911	19
3913	18
3914	96
3915	63
3917	106
3919	5
3924	5
3925	36
3928	9
3930	32
3932	8
3933	16
3934	5
3936	11
3938	14
3940	7
3943	37
3947	9
3949	9
3952	7
3956	6
3957	14
3958	7
3960	5
3966	14
3970	134
3972	7
3974	6
3975	5
3982	13
3984	123
3985	5
3988	12
3989	45
3992	6
3993	5
3994	12
3997	23
3998	72
4000	5
4001	10
4003	10
4004	9
4007	7
4008	28
4011	5
4012	5
4013	22
4016	30
4017	130
4022	14
4023	5
4026	8
4027	7
4028	6
4029	5
4031	12
4033	9
4034	10
4039	10
4040	18
4041	51
4042	6
4044	73
4046	12
4047	54
4048	40
4049	7
4053	12
4056	412
4057	8
4060	9
4061	11
4062	8
4065	35
4066	35
4068	11
4070	41
4071	18
4076	16
4077	10
4078	23
4079	15
4080	21
4081	23
4083	7
4086	7
4087	28
4088	220
4091	5
4094	28
4097	12
4098	10
4099	22
4100	16
4102	89
4105	92
4111	358
4113	210
4116	15
4118	12
4121	10
4122	44
4123	17
4127	10894
4128	7
4130	17
4131	42
4133	8
4135	32
4136	47
4137	5
4138	18
4139	5
4142	33
4143	8
4145	6
4147	10
4148	7
4149	11
4150	8
4151	6
4152	52
4155	19
4156	6
4160	5
4161	30
4162	82
4163	12
4166	5
4167	5
4168	6
4169	13
4170	12
4171	5
4173	6
4174	12
4175	28
4178	6
4179	8
4180	6
4184	19
4185	5
4191	7
4195	8
4197	6
4203	8
4205	72
4207	8
4212	7
4213	30
4214	23
4215	55
4216	5
4220	13
4222	15
4223	70
4224	14
4227	80
4229	18
4233	7
4235	31
4236	13
4238	19
4239	14
4241	11
4242	7
4243	6
4245	7
4246	9
4247	16
4248	42
4259	325
4260	46
4261	10
4262	31
4264	6
4265	8
4271	29
4272	5
4281	41
4283	12
4284	21
4286	6
4289	6
4290	18
4292	5
4294	7
4297	19
4304	45
4308	17
4309	9
4310	21
4311	5
4312	6
4316	14
4318	7
4319	7
4325	9
4326	7
4329	323
4330	19
4331	11
4332	294
4333	306
4334	10
4335	5
4338	6
4339	14
4341	7
4342	14
4347	21
4348	5
4351	46
4353	7
4354	5
4356	99
4357	9
4358	15
4359	14
4361	9
4362	5
4365	7
4366	44
4368	8
4369	5
4370	7
4376	6
4377	11
4379	5
4381	6
4382	6
4383	16
4384	8
4387	7
4391	9
4395	58
4397	5
4398	97
4399	25
4403	20
4405	5
4408	7
4412	7
4414	13
4419	15
4420	11
4421	20
4423	5
4424	7
4425	13
4426	37
4430	5
4434	7
4438	20
4441	7
4444	6
4446	13
4448	5
4450	5
4452	12
4453	8
4454	12
4456	129
4457	6
4458	100
4459	7
4460	6
4462	6
4463	32
4466	31
4467	10
4480	5
4481	15
4485	5
4486	5
4487	11
4488	19
4489	9
4490	22
4493	10
4494	8
4495	6
4496	9
4497	6
4498	10
4501	5
4502	20
4504	10
4506	29
4508	11
4510	5
4511	5
4520	8
4522	21
4523	70
4524	11
4525	9
4526	5
4527	28
4531	14
4535	17
4538	7
4539	10
4540	13
4545	11
4549	5
4550	19
4554	5
4559	23
4561	9
4562	8
4565	8
4566	12
4567	26
4569	38
4570	6
4573	8
4577	6
4581	6
4588	5
4590	6
4591	8
4596	9
4598	36
4599	15
4600	8
4601	8
4603	36
4604	276
4605	5
4606	12
4607	10
4608	9
4609	6
4611	9
4612	6
4613	116
4614	7
4616	6
4617	11
4618	6
4619	5
4620	6
4622	9
4624	23
4631	12
4633	27
4634	9
4635	6
4636	8
4639	22
4642	267
4644	46
4646	7
4651	9
4652	6
4653	120
4656	22
4658	14
4659	33
4660	9
4661	45
4664	10
4666	5
4667	23
4669	10
4675	8
4678	5
4679	11
4680	20
4681	28
4686	12
4689	8
4692	15
4694	21
4699	29
4703	32
4705	7
4706	14
4707	7
4716	20
4721	12
4723	18
4729	7
4731	42
4733	33
4735	31
4736	14
4737	87
4740	9
4741	7
4742	6
4743	6
4744	14
4745	9
4746	8
4747	10
4748	10
4749	11
4750	12
4753	6
4754	5
4757	15
4759	6
4761	11
4766	5
4767	6
4771	14
4784	7
4785	12
4788	7
4789	5
4798	12
4799	7
4804	7
4805	24
4806	8
4807	88
4812	16
4813	11
4814	25
4816	8
4817	41
4820	15
4821	5
4824	31
4828	7
4830	9
4831	6
4832	13
4834	5
4840	53
4846	153
4851	6
4852	197
4854	8
4855	18
4857	26
4858	11
4861	65
4862	40
4863	10
4864	56
4866	5
4868	9
4869	7
4872	29
4873	5
4874	6
4875	46
4876	7
4877	52
4881	12
4886	13
4887	5
4890	16
4892	5
4893	7
4894	7
4895	18
4896	40
4897	35
4901	7
4903	10
4904	10
4906	12
4907	16
4911	7
4914	10
4926	6
4927	5
4928	5
4929	7
4931	5
4935	9
4940	8
4941	8
4943	5
4944	12
4946	5
4949	6
4952	8
4955	7
4956	7
4957	11
4961	5
4962	9
4963	103
4964	6
4968	8
4970	12
4973	101
4975	19
4978	15
4980	5
4981	6
4984	7
4986	22
4992	7
4993	7
4994	15
4997	5
4998	28
5002	20
5005	11
5006	7
5007	5
5008	8
5009	13
5011	9
5015	7
5018	116
5021	39
5022	6
5023	9
5026	16
5029	75
5031	10
5032	28
5035	5
5037	14
5040	7
5045	26
5052	9
5053	34
5054	8
5055	5
5056	46
5057	9
5058	9
5060	5
5061	9
5062	52
5064	37
5065	17
5067	7
5068	24
5069	8
5070	5
5071	5
5074	81
5076	9
5077	174
5078	12
5080	6
5081	13
5086	118
5088	10
5089	5
5090	37
5093	17
5094	7
5095	5
5096	24
5100	9
5101	8
5103	9
5104	11
5110	11
5114	11
5115	6
5116	20
5121	11
5124	27
5126	9
5127	10
5129	5
5130	6
5132	6
5134	9
5136	7
5140	11
5142	10
5143	16
5144	29
5145	5
5147	10
5149	31
5150	8
5151	9
5153	60
5158	13
5159	9
5160	95
5162	5
5163	59
5167	6
5172	16
5174	6
5175	36
5181	324
5182	5
5184	18
5186	5
5187	18
5188	17
5191	12
5192	9
5198	28
5199	128
5200	23
5201	115
5202	7
5208	388
5216	8
5218	17
5223	5
5224	12
5226	373
5231	11
5232	55
5233	37
5234	19
5235	7
5239	25
5240	29
5241	31
5242	17
5243	6
5247	15
5248	12
5249	35
5250	17
5253	13
5254	19
5255	15
5256	25
5260	25
5263	5
5265	14
5266	5
5267	941
5269	5
5272	8
5275	5
5278	20
5279	19
5282	26
5283	7
5285	16
5286	5
5291	5
5292	7
5296	55
5298	84
5299	10
5300	16
5301	101
5302	6
5303	106
5307	10
5309	27
5312	18
5316	107
5318	1467
5319	7
5326	5
5328	22
5331	7
5332	46
5333	13
5336	7
5337	7
5338	7
5340	12
5341	9
5343	9
5344	187
5346	6
5351	135
5352	32
5361	13
5365	38
5369	11
5370	17
5374	7
5376	7
5377	10
5379	5
5380	17
5382	37
5383	27
5388	6
5389	6
5391	16
5392	6
5396	154
5398	7
5403	147
5405	7
5406	7
5411	7
5412	13
5415	26
5417	15
5418	8
5422	12
5423	23
5430	25
5434	33
5441	7
5443	28
5444	12
5445	6
5446	5
5448	42
5449	10
5451	8
5454	5
5458	157
5460	143
5461	5
5466	6
5467	16
5473	5
5474	6
5475	5
5476	1138
5477	6
5478	8
5480	6
5482	8
5483	13
5487	55
5488	11
5489	5
5497	6
5499	6
5502	37
5503	50
5504	59
5510	11
5511	7
5512	13
5513	28
5514	10
5515	21
5516	13
5518	5
5519	6
5522	8
5524	5
5531	5
5535	5
5539	15
5541	10
5544	11
5546	5
5547	7
5548	32
5550	11
5551	13
5552	11
5553	7
5556	5
5559	25
5561	77
5562	9
5563	6
5566	5
5569	11
5576	18
5581	7
5582	13
5589	29
5592	6
5597	11
5598	5
5601	13
5603	8
5604	32
5606	33
5608	8
5609	18
5611	16
5612	6
5615	15
5616	18
5617	18
5618	6
5621	7
5623	8
5624	6
5629	30
5630	21
5632	114
5634	7
5638	8
5640	6
5641	7
5644	7
5647	5
5648	11
5651	11
5652	5
5655	48
5659	14
5660	13
5662	5
5663	10
5667	6
5668	7
5671	14
5672	32
5673	29
5677	56
5679	6
5682	5
5683	10
5688	6
5691	16
5692	8
5693	6
5694	11
5695	8
5697	8
5698	33
5699	13
5700	31
5704	7
5705	12
5708	46
5709	5
5713	13
5719	8
5724	10
5725	38
5727	24
5730	28
5732	9
5735	5
5736	5
5737	30
5746	341
5747	22
5748	7
5749	7
5750	26
5754	23
5758	26
5765	10
5766	63
5767	9
5768	94
5771	73
5773	16
5775	6
5782	5
5783	108
5786	6
5787	5
5790	7
5791	5
5794	337
5796	6
5797	26
5802	20
5803	6
5808	21
5809	15
5812	7
5813	7
5814	7
5817	17
5818	5
5820	5
5828	10
5833	8
5835	7
5836	52
5838	5
5839	16
5841	6
5843	9
5844	35
5845	6
5846	39
5852	9
5854	190
5855	50
5856	60
5858	13
5859	14
5861	19
5864	40
5866	111
5868	5
5871	15
5874	14
5875	5
5877	88
5880	5
5883	32
5884	17
5885	10
5890	12
5891	11
5892	347
5897	9
5903	5
5909	48
5910	9
5911	17
5912	6
5914	5
5919	6
5920	30
5921	109
5922	11
5923	5
5924	175
5929	8
5932	6
5937	8
5939	20
5940	49
5942	16
5943	65
5944	5
5945	5
5946	5
5947	8
5950	5
5955	9
5960	5
5963	13
5964	8
5967	7
5969	132
5970	10
5972	230
5974	5
5981	9
5984	6
5985	9
5987	5
5989	6
5990	7
5995	5
5996	6
5999	11
6001	12
6003	14
6009	64
6012	32
6015	22
6020	5
6022	15
6025	29
6035	8
6036	5
6043	34
6048	48
6051	15
6053	6
6056	9
6057	6
6058	24
6063	23
6067	5
6071	13
6073	19
6075	7
6076	11
6080	5
6081	12
6083	16
6084	26
6086	6
6090	6
6092	7
6097	9
6098	7
6099	8
6100	17
6104	21
6106	24
6107	17
6116	5
6119	38
6122	188
6123	21
6124	42
6126	9
6127	15
6131	14
6132	6
6133	70
6134	6
6135	6
6136	6
6138	6
6139	19
6140	21
6143	20
6144	6
6146	180
6147	7
6148	5
6149	54
6150	7
6152	23
6153	9
6154	25
6159	5
6161	8
6163	9
6164	7
6166	800
6168	8
6170	11
6171	9
6175	12
6181	9
6183	5
6185	5
6186	6
6187	7
6189	7
6193	23
6194	5
6195	22
6197	7
6202	8
6204	9
6207	8
6209	59
6214	26
6216	10
6217	6
6220	7
6222	12
6226	6
6233	11
6234	10
6235	6
6237	5
6239	11
6242	27
6243	30
6247	14
6254	23
6256	8
6257	26
6264	15
6266	87
6267	14
6268	6
6270	8
6271	13
6272	7
6273	7
6278	12
6279	8
6280	5
6284	5
6285	7
6286	11
6287	57
6290	25
6291	11
6295	9
6297	7
6298	7
6301	2035
6304	1456
6307	7
6309	7
6312	12
6313	416
6315	25
6318	7
6326	25
6327	25
6329	10
6333	24
6334	18
6338	73
6339	23
6340	32
6341	6
6342	5
6344	14
6346	29
6347	11
6349	6
6353	6
6356	12
6357	5
6358	5
6361	14
6362	14
6363	8
6364	5
6368	36
6370	33
6373	8
6380	9
6383	6
6385	16
6386	22
6388	10
6390	5
6392	23
6394	20
6396	33
6398	10
6399	65
6403	8
6404	9
6405	14
6407	9
6408	10
6409	8
6412	7
6413	5
6415	5
6416	16
6417	11
6418	121
6419	12
6420	8
6422	8
6423	10
6424	8
6426	20
6434	13
6438	5
6439	10
6441	7
6444	14
6449	7
6452	11
6454	12
6457	7
6458	21
6463	11
6464	8
6465	24
6466	6
6468	6
6469	16
6471	11
6472	128
6473	11
6474	20
6475	13
6476	12
6479	10
6481	9
6486	15
6489	21
6490	10
6492	52
6493	6
6494	7
6495	8
6497	16
6498	5
6499	29
6500	12
6501	5
6504	6
6507	9
6508	120
6511	6
6518	16
6519	6
6525	5
6526	25
6527	6
6529	10
6536	10
6539	5
6541	5
6543	12
6547	5
6548	8
6549	21
6550	6
6551	16
6554	19
6557	35
6558	10
6560	6
6562	20
6563	16
6565	58
6566	36
6567	18
6570	11
6571	9
6573	10
6574	8
6577	6
6578	9
6579	21
6583	5
6584	6
6586	5
6587	14
6588	33
6589	16
6591	8
6593	18
6594	7
6597	5
6598	5
6600	13
6607	51
6608	11
6609	559
6612	8
6613	6
6615	9
6618	90
6619	272
6620	10
6621	9
6622	16
6624	6
6625	86
6628	13
6631	56
6632	13
6635	9
6636	6
6637	18
6639	5
6641	26
6642	10
6643	7
6644	13
6646	17
6647	28
6649	9
6650	5
6652	11
6654	37
6659	9
6661	63
6664	18
6666	18
6667	5
6669	11
6671	72
6675	6
6677	10
6682	20
6686	20
6690	8
6692	6
6693	21
6696	54
6697	8
6699	13
6700	583
6702	5
6706	8
6711	131
6712	5
6713	90
6714	17
6715	12
6716	20
6717	8
6719	5
6723	10
6725	167
6730	8
6732	7
6733	27
6734	6
6735	6
6741	9
6742	11
6748	5
6749	8
6759	26
6761	5
6766	6
6768	139
6769	288
6772	17
6773	18
6776	9
6779	10
6780	6
6781	15
6783	6
6784	6
6785	376
6787	71
6789	15
6790	6
6791	8
6792	8
6793	9
6794	115
6795	23
6796	46
6798	26
6799	13
6800	5
6802	15
6803	5
6807	6
6808	7
6810	6
6812	9
6816	7
6817	22
6823	8
6826	9
6828	10
6834	101
6837	9
6838	12
6843	27
6844	171
6846	11
6847	61
6848	22
6849	13
6851	12
6852	5
6853	5
6855	6
6856	5
6859	327
6861	32
6862	9
6865	7
6866	24
6867	8
6868	43
6870	158
6873	5
6874	11
6875	10
6878	7
6880	18
6881	68
6882	7
6883	12
6884	10
6885	10
6892	18
6894	125
6899	6
6901	6
6902	19
6903	9
6904	7
6905	14
6907	5
6908	5
6912	13
6913	17
6914	5
6919	14
6920	22
6921	6
6922	46
6925	8
6926	13
6928	7
6930	8
6931	14
6932	5
6933	9
6934	10
6936	7
6937	39
6940	27
6941	283
6942	9
6945	10
6947	6
6948	6
6949	19
6950	9
6955	107
6956	136
6957	12
6959	60
6960	6
6961	9
6962	20
6963	22
6965	20
6970	37
6971	12
6972	40
6973	10
6978	9
6979	10
6980	10
6983	10
6986	14
6987	18
6990	6
6991	24
6992	16
6994	11
6995	10
6997	20
6998	144
7003	5
7004	6
7006	14
7009	18
7010	5
7011	14
7012	12
7014	5
7015	9
7017	14
7019	11
7023	6
7024	6
7026	8
7028	8
7029	16
7030	8
7031	53
7032	11
7033	9
7037	16
7038	37
7040	10
7042	9
7045	8
7046	7
7047	25
7048	7
7051	23
7052	9
7053	11
7057	6
7058	7
7060	11
7063	34
7064	9
7065	12
7067	17
7068	5
7071	105
7072	11
7075	14
7078	20
7082	5
7087	17
7088	5
7089	37
7090	43
7095	5
7096	8
7102	38
7106	20
7107	34
7110	22
7115	14
7116	8
7117	8
7119	14
7121	7
7124	29
7128	179
7131	6
7132	9
7133	6
7134	5
7137	6
7138	21
7141	6
7142	11
7143	6
7145	7
7146	9
7147	8
7148	11
7149	5
7150	5
7151	8
7154	7
7156	7
7157	5
7158	6
7159	8
7162	5
7163	12
7164	8
7165	8
7166	139
7169	45
7172	27
7174	8
7175	14
7178	45
7180	6
7181	6
7182	10
7183	8
7186	14
7187	15
7188	6
7191	76
7194	8
7197	8
7198	6
7199	7
7204	25
7208	6
7209	6
7210	5
7211	10
7213	19
7214	8
7215	20
7219	7
7220	6
7221	7
7223	68
7228	22
7229	5
7231	7
7232	72
7235	18
7237	10
7239	14
7240	24
7242	7
7243	21
7244	12
7248	9
7249	21
7251	7
7252	21
7253	5
7255	16
7256	12
7257	7
7258	7
7259	13
7262	106
7264	196
7266	240
7270	5
7271	15
7272	68
7275	5
7279	84
7282	7
7288	23
7289	11
7291	6
7293	6
7296	10
7297	15
7298	53
7300	9
7304	83
7305	7
7306	6
7308	5
7312	22
7313	6
7317	8
7320	18
7321	14
7323	17
7324	6
7325	100
7326	16
7328	11
7329	10
7330	5
7331	7
7336	7
7337	9
7338	28
7340	18
7341	7
7342	14
7347	5
7348	13
7349	48
7350	6
7351	37
7352	29
7356	7
7361	6
7362	10
7365	85
7367	36
7368	5
7370	6
7373	8
7374	9
7376	5
7379	8
7381	19
7383	15
7385	8
7386	21
7389	13
7391	5
7395	7
7398	5
7399	7
7401	8
7403	7
7407	6
7408	60
7409	10
7410	22
7411	42
7412	128
7415	11
7417	14
7425	22
7426	18
7427	10
7428	12
7429	9
7435	5
7437	46
7443	16
7444	6
7447	7
7448	11
7456	9
7458	6
7461	21
7462	22
7463	17
7465	8
7466	5
7467	15
7471	68
7473	8
7475	18
7477	11
7480	15
7481	9
7486	27
7489	14
7490	5
7492	36
7493	9
7494	12
7503	33
7504	9
7505	5
7506	13
7507	14
7517	5
7518	8
7520	78
7522	6
7523	38
7526	16
7527	11
7528	29
7533	22
7534	9
7542	9
7543	133
7544	6
7545	15
7546	27
7548	10
7549	14
7550	6
7554	5
7555	8
7557	7
7559	9
7562	9
7563	59
7566	5
7568	6
7569	8
7571	8
7573	19
7574	6
7578	8
7579	23
7580	15
7581	127
7582	11
7583	18
7584	7
7587	28
7589	5
7592	45
7599	6
7600	5
7606	9
7607	45
7608	20
7610	28
7612	7
7613	8
7615	6
7617	10
7621	500
7622	6
7623	12
7624	6
7627	8
7629	16
7633	5
7634	24
7635	26
7636	6
7637	6
7638	465
7641	259
7642	5
7647	22
7649	10
7650	5
7651	7
7652	12
7654	7
7655	11
7657	6
7659	9
7660	29
7663	16
7664	8
7668	16
7671	66
7674	5
7675	5
7676	50
7678	7
7680	6
7684	89
7685	6
7686	5
7688	5
7690	14
7691	27
7692	5
7693	18
7694	13
7695	6
7696	7
7698	9
7699	16
7703	5
7705	7
7706	5
7707	7
7708	10
7712	5
7713	12
7714	19
7716	7
7719	17
7720	12
7721	9
7724	16
7725	14
7731	6
7735	14
7737	10
7739	118
7740	16
7741	15
7743	158
7747	5
7748	8
7752	14
7753	5
7756	7
7759	53
7760	10
7761	27
7766	29
7767	5
7770	15
7773	6
7776	139
7782	7
7789	45
7790	7
7792	15
7799	28
7800	26
7802	12
7804	5
7806	8
7808	15
7809	9
7810	21
7811	9
7812	21
7815	22
7817	10
7819	103
7820	31
7821	22
7825	8
7827	25
7829	5
7830	13
7832	30
7834	5
7835	7
7840	6
7842	53
7843	7
7844	10
7845	30
7849	5
7850	5
7851	7
7852	59
7854	26
7855	28
7857	6
7860	6
7861	5
7866	14
7868	16
7870	68
7873	9
7874	90
7876	11
7879	6
7882	53
7885	5
7886	12
7887	6
7888	7
7890	9
7892	16
7895	12
7896	11
7897	5
7898	6
7901	31
7902	7
7906	22
7912	13
7913	53
7917	6
7918	6
7921	15
7923	12
7926	7
7929	6
7932	6
7934	7
7938	5
7947	5
7948	17
7950	19
7951	6
7954	7
7956	28
7957	8
7963	8
7964	27
7966	51
7968	133
7971	46
7975	7
7976	6
7977	92
7978	9
7979	9
7980	20
7983	30
7984	12
7986	275
7988	31
7991	12
7993	11
7998	47
8001	5
8004	6
8006	34
8007	5
8008	71
8010	91
8011	6
8012	14
8014	14
8015	11
8017	59
8021	14
8022	9
8025	14
8026	8
8027	10
8032	18
8033	11
8037	10
8040	58
8041	14
8042	36
8044	9
8046	8
8047	6
8049	5
8053	70
8054	81
8055	21
8058	15
8060	12
8061	5
8064	35
8068	9
8070	13
8072	26
8073	7
8074	9
8076	6
8077	8
8078	8
8079	31
8082	9
8083	5
8086	10
8089	5
8091	7
8092	13
8095	17
8098	326
8099	20
8100	6
8101	5
8102	6
8104	6
8107	22
8108	11
8113	8
8114	5
8115	5
8116	9
8117	5
8120	15
8122	39
8124	9
8128	5
8129	23
8130	32
8134	16
8137	11
8140	6
8142	52
8143	5
8144	115
8145	37
8148	32
8150	55
8152	5
8154	7
8156	10
8157	6
8160	11
8162	13
8163	10
8164	6
8168	6
8169	6
8171	92
8174	5
8175	10
8177	8
8179	7
8184	20
8186	21
8187	42
8190	18
8192	12
8193	5
8194	9
8197	38
8199	5
8201	11
8202	18
8203	6
8205	9
8207	8
8210	5
8212	12
8213	263
8214	12
8215	111
8217	66
8218	275
8220	23
8227	14
8229	21
8230	27
8231	8
8233	6
8237	11
8238	7
8241	5
8242	45
8243	14
8246	75
8249	27
8250	6
8252	68
8257	5
8261	9
8262	20
8263	30
8265	6
8268	34
8271	5
8272	11
8276	54
8277	10
8279	45
8282	5
8285	7
8287	13
8289	12
8291	13
8293	53
8294	31
8297	5
8298	17
8299	7
8300	8
8301	6
8302	6
8304	15
8305	6
8307	21
8312	9
8314	5
8318	5
8320	8
8321	66
8324	82
8329	14
8330	8
8331	13
8333	5
8337	8
8338	10
8339	384
8340	5
8345	7
8350	8
8351	206
8353	5
8356	15
8357	9
8358	18
8359	9
8360	12
8361	44
8363	10
8364	5
8368	52
8369	19
8375	59
8376	78
8377	18
8380	419
8383	7
8384	11
8387	8
8388	10
8389	89
8390	8
8391	121
8393	15
8395	132
8398	12
8399	11
8400	7
8402	6
8403	23
8408	45
8409	25
8410	7
8412	6
8417	23
8418	16
8419	14
8424	6
8425	12
8426	14
8431	7
8436	8
8439	8
8440	7
8441	7
8443	13
8445	21
8447	8
8449	285
8451	85
8452	79
8453	6
8454	5
8456	16
8457	20
8462	49
8464	8
8466	10
8467	21
8472	6
8473	7
8476	7
8477	7
8478	8
8479	178
8483	15
8484	31
8485	20
8488	7
8489	7
8491	7
8493	10
8497	42
8498	8
8503	28
8506	34
8507	7
8508	11
8509	28
8510	64
8511	5
8512	8
8513	61
8517	5
8518	7
8520	53
8523	6
8524	6
8525	89
8528	11
8533	88
8535	45
8536	82
8538	6
8539	7
8540	5
8544	9
8545	17
8547	21
8549	6
8552	28
8554	5
8556	26
8558	34
8560	42
8562	379
8563	6
8564	33
8567	6
8568	6
8570	15
8571	56
8572	11
8573	56
8575	5
8578	6
8579	6
8585	6
8586	73
8587	44
8588	5
8590	5
8593	5
8594	53
8597	15
8599	11
8601	5
8602	17
8614	6
8615	7
8616	11
8617	6
8618	7
8624	52
8625	11
8626	16
8629	7
8630	95
8636	6
8638	10
8640	6
8641	11
8643	7
8645	7
8647	12
8648	10
8650	6
8652	11
8658	6
8663	20
8664	9
8666	6
8667	88
8668	13
8669	44
8671	5
8672	26
8674	21
8678	5
8683	28
8684	221
8685	11
8687	8
8689	9
8693	7
8697	15
8699	5
8701	15
8703	14
8704	21
8706	6
8710	37
8711	6
8712	5
8715	7
8717	36
8718	11
8720	40
8721	16
8722	14
8723	8
8724	14
8726	6
8727	24
8728	8
8730	11
8734	55
8738	7
8739	50
8740	24
8741	22
8742	9
8743	178
8745	6
8746	10
8752	32
8755	7
8757	7
8760	15
8762	6
8763	6
8765	21
8766	5
8767	7
8769	12
8773	6
8777	8
8781	18
8785	6
8786	13
8787	10
8792	11
8793	47
8794	9
8795	11
8796	29
8797	8
8803	31
8804	8
8805	7
8806	132
8809	6
8810	24
8812	9
8813	21
8816	7
8817	20
8818	7
8820	56
8821	120
8826	9
8829	12
8832	21
8835	9
8838	11
8839	7
8840	5
8842	6
8846	6
8847	7
8852	5
8854	7
8856	5
8865	2192
8873	10
8874	14
8878	5
8879	151
8880	15
8883	5
8884	5
8885	9
8887	150
8890	15
8892	7
8894	18
8895	6
8896	7
8897	16
8899	69
8900	8
8902	16
8907	5
8909	27
8910	15
8912	37
8915	20
8918	9
8919	5
8920	31
8922	22
8923	64
8924	6
8925	12
8930	6
8933	7
8934	14
8937	6
8940	9
8941	13
8943	17
8944	88
8946	7
8947	12
8953	12
8954	9
8956	27
8958	5
8959	6
8963	26
8965	15
8969	673
8973	8
8976	15
8978	76
8981	31
8983	5
8984	8
8987	179
8989	11
8991	10
8992	10
8993	19
8994	5
8995	399
8998	7
9000	46
9003	5
9005	7
9006	6
9010	107
9012	6
9024	5
9026	5
9028	57
9029	5
9030	35
9031	23
9032	30
9034	37
9035	16
9037	37
9038	32
9040	15
9041	6
9043	7
9044	5
9045	45
9046	27
9047	6
9048	7
9049	25
9051	5
9052	5
9054	120
9060	5
9061	5
9062	8
9065	5
9066	15
9068	18
9069	6
9072	27
9077	5
9078	40
9080	41
9086	30
9087	19
9093	18
9095	29
9099	6
9103	48
9104	11
9105	10
9107	5
9111	5
9114	5
9117	19
9119	5
9120	15
9121	90
9122	5
9123	7
9124	5
9126	43
9128	37
9129	5
9130	41
9131	6
9132	6
9133	5
9135	6
9136	11
9138	7
9141	7
9143	5
9144	41
9145	9
9148	23
9149	7
9151	10
9153	159
9157	25
9160	24
9161	7
9163	8
9165	53
9175	200
9180	36
9181	5
9183	18
9185	23
9186	10
9187	25
9189	11
9193	130
9196	6
9198	11
9199	13
9201	56
9202	14
9209	7
9211	9
9214	7
9215	12
9218	12
9219	8
9220	5
9222	13
9223	6
9224	7
9225	76
9227	7
9228	5
9230	36
9232	19
9236	5
9238	14
9239	5
9242	23
9252	12
9253	22
9255	8
9258	6
9265	78
9267	5
9271	6
9275	31
9277	8
9281	5
9282	13
9285	57
9286	6
9287	5
9289	7
9290	9
9291	16
9292	6
9293	37
9294	13
9300	6
9301	5
9303	5
9306	5
9313	5
9315	26
9316	7
9318	16
9320	28
9323	24
9325	6
9326	5
9328	12
9329	8
9330	102
9331	9
9333	6
9334	7
9337	12
9340	37
9347	33
9348	5
9357	14
9358	10
9360	125
9361	10
9365	16
9366	5
9369	5
9370	11
9371	8
9374	5
9375	23
9381	5
9382	5
9391	11
9392	8
9394	314
9396	12
9397	5
9401	5
9403	7
9404	6
9407	5
9409	5
9410	9
9420	5
9422	11
9423	12
9428	5
9430	12
9431	9
9433	8
9434	7
9435	31
9436	7
9439	13
9441	13
9442	5
9444	12
9445	180
9446	7
9448	91
9451	21
9453	109
9457	12
9458	17
9460	12
9463	7
9466	23
9467	11
9468	9
9469	7
9473	6
9474	65
9475	8
9476	5
9481	9
9483	11
9488	7
9489	5
9490	6
9491	16
9493	45
9498	22
9500	106
9509	8
9511	11
9512	8
9513	5
9515	7
9517	6
9518	8
9521	9
9523	7
9524	7
9525	6
9526	1369
9527	15
9532	9
9534	5
9535	8
9537	7
9538	376
9540	5
9541	5
9542	99
9546	188
9548	6
9549	37
9551	6
9561	293
9563	22
9565	10
9569	6
9571	30
9575	9
9576	6
9578	10
9579	11
9581	17
9582	55
9584	67
9585	7
9586	14
9587	38
9588	11
9589	492
9590	6
9591	63
9596	18
9600	6
9601	11
9604	10
9606	9
9608	26
9610	111
9611	43
9613	8
9615	9
9617	10
9618	41
9619	10
9620	36
9622	18
9624	18
9625	252
9627	200
9632	18
9633	64
9636	5
9637	65
9638	6
9639	5
9640	7
9645	9
9647	12
9648	101
9649	8
9652	16
9653	5
9655	11
9657	5
9658	8
9661	7
9664	6
9666	21
9667	13
9669	485
9672	6
9673	9
9676	96
9681	9
9682	9
9684	5
9685	7
9686	7
9688	9
9694	8
9695	19
9698	21
9699	35
9700	10
9701	11
9702	5
9704	46
9709	6
9710	5
9711	24
9712	10
9714	10
9716	229
9717	20
9718	7
9719	40
9720	7
9721	57
9722	29
9724	25
9727	57
9732	6
9736	12
9738	61
9739	9
9743	13
9745	12
9747	11
9749	9
9751	7
9752	9
9754	8
9757	64
9763	54
9764	87
9766	160
9768	16
9769	10
9770	11
9772	5
9774	8
9776	11
9784	122
9787	7
9788	8
9792	19
9793	16
9796	8
9799	5
9800	50
9801	29
9802	14
9803	64
9805	51
9808	9
9809	39
9813	125
9814	11
9815	8
9816	24
9817	17
9818	16
9822	54
9823	10
9824	8
9825	94
9826	11
9827	8
9829	8
9830	6
9831	10
9832	5
9834	7
9835	10
9836	5
9838	9
9840	8
9841	7
9843	5
9844	8
9846	7
9847	5
9848	16
9849	7
9851	11
9853	14
9855	9
9856	8
9859	8
9861	8
9862	10
9864	6
9865	5
9866	56
9868	6
9870	18
9871	5
9875	40
9876	5
9878	5
9884	8
9885	7
9886	7
9888	5
9889	7
9890	188
9893	8
9895	9
9900	18
9907	5
9909	29
9911	7
9913	6
9915	44
9920	10
9921	29
9922	5
9923	7
9924	210
9925	71
9926	157
9928	5
9931	6
9932	20
9933	11
9934	40
9935	80
9937	9
9938	20
9942	16
9943	8
9944	8
9947	58
9950	9
9951	6
9952	7
9953	12
9954	5
9956	7
9957	9
9958	5
9959	5
9961	6
9962	98
9964	21
9968	6
9969	7
9971	6
9974	1988
9975	19
9976	49
9977	12
9982	5
9983	165
9984	8
9985	8
9990	6
9992	36
9993	7
9994	7
9995	169
9996	19
9997	18
9998	29
9999	19
10000	23
10003	12
10004	7
10005	6
10006	7
10008	9
10009	13
10010	6
10012	5
10015	7
10016	8
10017	6
10018	7
10019	9
10020	7
10027	9
10028	10
10031	5
10032	5
10034	5
10035	5
10036	6
10037	7
10038	5
10040	10
10041	27
10042	19
10044	9
10045	6
10046	6
10049	6
10050	7
10052	5
10053	8
10055	5
10056	8
