63	8
190	5
243	8
317	5
328	5
341	12
526	6
558	8
579	14
613	6
733	6
758	6
826	7
857	13
878	5
910	5
930	5
979	6
991	6
1029	17
1067	6
1108	7
1225	6
1267	23
1325	8
1382	11
1512	5
1602	5
1632	5
1689	7
1835	6
1958	8
2074	5
2130	5
2209	6
2216	5
2324	5
2360	119
2446	7
2477	6
2522	7
2540	6
2560	7
2630	9
2721	119
2728	8
2931	15
2937	6
2955	10
3006	7
3034	29
3087	5
3182	6
3191	5
3232	5
3273	8
3294	15
3349	5
3392	22
3485	8
3501	23
3511	5
3568	10
3728	5
3735	12
3752	24
3763	6
3774	11
3784	5
3806	6
3821	6
3822	12
3836	6
3873	23
3917	5
3984	11
4017	12
4056	12
4070	7
4088	9
4102	7
4111	8
4113	7
4127	92
4247	57
4259	21
4456	7
4458	5
4488	5
4585	9
4642	6
4646	5
4820	9
4846	14
4852	6
5160	5
5181	9
5201	5
5226	14
5267	27
5301	9
5318	57
5396	5
5443	6
5460	7
5491	19
5794	23
5854	14
5866	10
5892	11
5921	6
5924	5
5972	5
6166	16
6338	6
6588	6
6593	7
6693	6
6700	18
6725	9
6768	6
6785	8
6787	6
6794	6
6859	13
6861	5
6870	40
6963	8
6998	7
7128	11
7232	10
7262	6
7264	5
7266	8
7320	7
7349	7
7365	11
7621	88
7671	6
7776	16
7819	5
7986	7
8072	9
8098	13
8213	25
8218	10
8380	14
8414	5
8449	18
8451	5
8520	7
8536	8
8684	12
8705	19
8743	12
8806	11
8865	174
8887	10
8969	13
8987	9
8995	9
8999	9
9121	11
9153	6
9175	15
9193	9
9201	5
9225	7
9330	11
9394	23
9445	5
9500	7
9526	65
9538	15
9546	6
9561	11
9589	10
9610	5
9625	6
9669	33
9766	6
9768	5
9890	9
9924	8
9926	11
9962	8
9976	8
