63	11
158	7
243	13
412	5
534	7
558	9
579	19
707	7
726	10
826	7
878	9
958	5
991	7
1025	8
1132	63
1168	6
1225	5
1236	11
1246	5
1267	11
1331	7
1437	5
1440	9
1469	87
1505	5
1564	6
1702	8
1905	17
1937	11
1958	10
2059	6
2074	7
2132	6
2157	6
2172	6
2445	8
2477	7
2514	5
2527	6
2531	6
2616	9
2630	8
2750	5
2888	5
2914	6
2917	9
2931	8
2937	5
2951	9
2955	10
2990	7
3034	25
3047	6
3062	6
3077	5
3087	5
3091	8
3127	6
3168	7
3181	5
3182	13
3191	6
3211	8
3215	5
3224	5
3232	7
3273	6
3294	13
3340	10
3349	8
3392	13
3464	6
3501	22
3511	16
3560	5
3568	19
3602	13
3605	6
3702	67
3711	6
3735	14
3752	15
3763	6
3774	7
3790	6
3806	5
3821	8
3822	12
3836	88
3858	5
3873	16
3881	5
3900	6
3914	7
3917	5
3970	9
3984	6
4017	6
4056	14
4088	6
4102	6
4111	11
4113	7
4127	317
4138	8
4215	5
4224	5
4227	80
4248	9
4259	18
4458	8
4604	17
4642	13
4692	6
4737	87
4784	7
4840	5
4846	9
4852	12
4862	5
4896	5
5018	5
5029	8
5045	5
5077	5
5160	5
5163	6
5181	5
5199	7
5208	15
5226	19
5240	7
5241	6
5265	8
5267	75
5318	47
5332	5
5396	13
5460	7
5476	9
5487	5
5766	6
5783	5
5794	16
5854	5
5877	8
5892	13
5909	10
5924	8
5943	5
5972	11
6133	5
6146	5
6166	25
6301	43
6304	15
6326	19
6472	6
6619	10
6700	26
6711	6
6713	6
6725	12
6768	6
6785	9
6794	9
6834	11
6844	8
6859	19
6870	8
6905	5
6941	5
6955	8
6959	6
6998	7
7068	5
7075	5
7128	10
7262	6
7264	7
7266	15
7279	5
7298	5
7352	5
7365	5
7527	5
7543	5
7563	6
7621	12
7638	11
7743	6
7776	10
7819	5
7842	5
7968	8
7986	17
8054	5
8098	14
8144	6
8213	7
8217	5
8218	12
8276	8
8380	22
8395	5
8449	16
8451	7
8525	5
8536	5
8562	14
8663	5
8684	9
8734	6
8743	8
8856	5
8865	87
8879	7
8887	5
8897	5
8969	21
8987	9
8995	14
9054	5
9141	7
9153	6
9175	11
9193	10
9265	8
9394	13
9445	72
9448	6
9526	51
9538	20
9542	5
9561	19
9589	16
9625	5
9638	6
9669	28
9714	6
9716	5
9766	8
9784	5
9813	5
9816	5
9825	8
9868	6
9890	10
9924	6
9926	8
9935	80
9962	5
