1	13
5	6
7	11
8	5
10	7
19	8
23	35
25	13
26	5
27	18
30	11
31	5
32	11
33	28
34	11
36	8
37	12
38	13
40	26
41	5
44	9
49	10
52	7
56	56
58	21
60	18
61	19
63	137
65	37
68	14
71	12
74	21
76	21
77	5
78	8
82	11
86	15
87	8
89	10
92	24
93	5
97	14
99	19
100	13
101	13
107	8
108	17
111	12
112	6
114	16
115	6
122	21
125	31
126	11
128	9
133	49
134	46
135	7
136	15
140	14
141	10
142	6
143	5
148	5
149	5
153	10
158	82
161	34
162	35
164	5
165	7
167	129
168	5
171	9
173	20
174	17
178	5
179	8
184	41
185	11
186	5
187	17
189	21
191	22
194	11
201	7
202	5
203	8
205	7
211	17
216	8
227	6
229	7
231	5
232	5
236	10
237	15
238	6
243	190
246	9
248	7
251	41
253	16
254	13
256	11
257	46
258	48
259	9
261	13
271	21
274	6
279	5
280	7
290	13
292	31
295	8
300	11
303	25
307	5
311	15
312	23
313	7
316	8
317	8
318	6
319	6
322	13
323	22
324	71
328	54
329	15
331	11
333	10
334	6
338	14
341	75
342	11
343	7
346	6
347	14
350	7
351	6
352	18
353	45
355	18
359	72
361	6
363	13
364	9
365	5
366	31
367	6
368	9
369	6
370	6
371	10
375	5
380	9
384	17
385	27
386	6
399	24
400	9
404	5
406	10
407	10
408	19
412	111
415	15
417	26
418	14
421	27
424	9
427	9
429	6
432	16
435	21
436	27
437	5
445	6
446	6
447	38
448	18
449	14
455	38
456	20
457	18
458	9
459	7
460	6
461	5
466	11
467	19
469	8
470	23
471	20
477	21
478	8
483	11
484	5
489	10
492	6
494	10
497	6
500	8
505	6
506	32
507	6
509	20
511	75
513	47
515	12
518	14
522	6
523	5
526	49
527	8
528	29
530	6
531	34
532	18
533	6
534	104
537	5
539	26
540	17
541	13
542	13
544	6
546	7
547	16
548	6
550	10
556	9
557	35
558	148
568	5
578	16
579	212
580	5
582	26
585	6
587	5
588	9
589	13
591	37
594	24
604	9
605	8
606	24
608	7
613	54
618	6
620	20
622	9
624	8
626	12
627	19
628	17
629	16
633	36
635	9
636	5
637	7
640	113
641	5
642	8
648	9
649	13
651	16
657	11
659	5
661	8
669	8
672	8
673	5
674	6
675	7
677	28
679	8
680	22
681	6
686	21
687	29
688	7
689	8
691	14
693	8
694	5
698	11
700	15
703	7
704	7
705	12
707	61
709	6
710	40
711	11
715	12
716	14
717	7
718	6
719	16
720	15
722	13
723	65
726	193
733	136
734	7
738	8
740	13
742	40
746	35
747	5
749	9
754	5
755	5
758	91
760	9
761	8
763	5
764	12
766	7
767	8
768	14
772	12
778	5
790	6
791	17
792	9
793	33
799	9
805	7
806	11
811	14
812	9
813	7
818	5
823	6
825	6
826	165
829	12
830	23
833	5
835	7
837	15
841	32
842	6
844	5
846	8
850	5
852	20
853	21
855	22
856	10
857	213
862	44
865	23
867	10
870	9
871	5
873	7
875	19
877	7
878	134
880	12
883	78
887	5
889	6
890	16
892	6
894	11
895	28
902	9
905	73
907	9
911	6
915	26
917	74
919	8
920	17
921	5
925	46
926	12
927	15
930	67
931	5
936	14
940	13
941	5
945	5
948	5
949	17
952	8
953	13
957	5
958	68
961	7
969	14
971	8
972	8
976	53
979	94
981	12
985	6
986	12
988	7
991	41
995	27
998	14
1000	29
1002	19
1004	12
1005	29
1006	11
1009	20
1012	11
1013	19
1017	53
1018	5
1019	6
1020	6
1021	11
1022	10
1025	14
1026	5
1027	35
1029	123
1030	5
1031	45
1034	7
1036	5
1038	6
1042	17
1045	6
1047	11
1048	15
1052	31
1055	5
1062	11
1066	15
1067	83
1071	51
1073	5
1074	34
1081	5
1086	14
1089	13
1090	5
1095	42
1097	5
1098	37
1102	11
1107	10
1108	96
1109	5
1112	6
1113	5
1114	7
1115	5
1116	5
1118	100
1120	7
1121	48
1122	15
1125	44
1126	21
1128	38
1130	7
1132	354
1133	6
1138	9
1143	69
1145	19
1147	28
1149	5
1152	26
1155	17
1157	9
1159	5
1160	31
1162	8
1164	17
1165	7
1166	14
1168	69
1169	7
1171	6
1172	7
1174	8
1175	8
1176	12
1178	21
1179	8
1181	8
1183	12
1185	6
1186	110
1188	12
1189	11
1192	23
1193	5
1194	22
1196	10
1198	8
1199	16
1200	9
1202	8
1203	9
1204	25
1205	6
1206	27
1208	11
1212	9
1213	91
1215	15
1220	5
1221	20
1222	7
1223	6
1225	77
1229	10
1230	5
1231	11
1235	12
1236	57
1238	11
1240	23
1243	10
1246	41
1251	9
1252	6
1253	5
1256	38
1257	6
1261	16
1264	11
1265	5
1267	206
1268	5
1269	7
1274	12
1277	8
1281	17
1284	10
1285	12
1288	22
1289	7
1293	16
1294	14
1296	24
1297	7
1304	6
1306	5
1308	5
1309	13
1310	10
1313	24
1320	22
1322	5
1325	60
1326	11
1329	34
1331	138
1332	15
1341	6
1346	41
1349	6
1350	29
1351	7
1355	5
1356	13
1357	52
1359	14
1361	5
1364	31
1368	7
1369	51
1370	48
1372	5
1381	19
1382	133
1386	11
1388	34
1389	9
1394	5
1395	7
1396	75
1400	10
1401	5
1405	6
1406	136
1408	170
1409	32
1410	7
1411	8
1412	9
1414	5
1418	6
1422	8
1426	5
1427	7
1430	17
1433	7
1434	5
1435	7
1437	29
1438	11
1439	7
1440	119
1442	25
1448	9
1450	19
1451	14
1452	8
1453	5
1459	6
1463	20
1464	32
1465	8
1467	16
1469	139
1475	34
1478	35
1483	12
1486	30
1489	6
1494	6
1499	5
1501	7
1502	5
1503	23
1504	19
1505	39
1506	8
1507	29
1508	6
1510	19
1511	12
1512	50
1514	17
1515	10
1517	5
1519	14
1520	25
1521	14
1522	17
1523	8
1524	5
1525	7
1527	54
1529	23
1531	5
1532	14
1533	8
1536	5
1540	67
1549	7
1550	9
1551	9
1554	83
1564	20
1565	5
1567	6
1569	6
1570	9
1572	8
1573	8
1574	5
1576	22
1580	285
1584	6
1588	9
1589	9
1590	6
1592	10
1593	6
1594	9
1598	5
1602	257
1603	6
1604	29
1608	22
1611	19
1616	41
1621	9
1622	12
1624	6
1627	6
1628	7
1630	31
1632	94
1633	15
1635	9
1637	31
1638	9
1641	8
1642	101
1644	11
1647	11
1652	5
1654	9
1656	35
1659	13
1660	8
1662	43
1666	8
1668	12
1669	6
1670	5
1672	6
1673	19
1677	7
1679	133
1681	6
1689	301
1690	14
1694	7
1696	7
1700	27
1702	87
1703	14
1707	44
1711	14
1712	29
1713	17
1715	6
1716	10
1719	8
1720	12
1723	5
1724	21
1725	6
1726	8
1730	17
1732	13
1734	7
1735	14
1736	34
1737	8
1739	40
1741	13
1743	5
1744	10
1745	27
1746	7
1747	56
1748	6
1750	6
1753	17
1755	11
1757	7
1758	9
1759	27
1764	5
1770	5
1774	17
1777	5
1780	21
1783	63
1784	27
1787	23
1788	6
1797	27
1798	15
1802	11
1806	13
1807	7
1809	6
1810	24
1814	13
1815	5
1818	28
1822	20
1826	5
1828	26
1831	18
1832	14
1833	45
1834	28
1835	109
1836	5
1837	10
1840	16
1841	5
1842	24
1843	17
1846	8
1852	5
1854	19
1855	7
1857	9
1859	8
1861	12
1873	13
1875	14
1878	6
1880	8
1882	48
1883	6
1885	5
1886	39
1888	9
1892	25
1894	40
1897	12
1902	23
1905	31
1910	8
1912	7
1917	8
1919	22
1922	8
1925	6
1929	19
1931	10
1933	12
1937	113
1941	25
1943	31
1945	19
1947	5
1949	19
1952	12
1953	12
1957	21
1958	91
1959	13
1960	5
1964	6
1965	6
1969	13
1971	28
1977	5
1980	7
1981	25
1982	5
1985	17
1987	12
1990	5
1991	5
1992	6
1993	9
1994	6
1995	21
1998	5
1999	6
2001	5
2002	6
2003	5
2006	10
2007	8
2010	5
2011	31
2013	6
2019	11
2020	9
2023	44
2024	21
2029	5
2036	29
2040	8
2042	5
2046	39
2048	47
2049	121
2052	8
2054	15
2055	10
2059	50
2061	10
2062	9
2063	5
2065	5
2069	5
2071	40
2073	9
2074	63
2075	12
2078	17
2083	9
2085	8
2089	9
2090	5
2092	5
2093	5
2094	6
2095	5
2097	62
2101	9
2102	13
2105	10
2107	18
2110	13
2112	6
2115	7
2117	72
2121	6
2125	18
2127	32
2128	21
2130	84
2132	22
2133	6
2135	8
2136	34
2142	16
2146	7
2147	6
2149	19
2150	5
2155	42
2157	125
2158	26
2164	62
2167	7
2170	5
2172	22
2175	28
2178	10
2185	8
2186	6
2187	7
2188	24
2189	5
2190	37
2191	21
2192	23
2193	5
2195	11
2196	11
2197	10
2198	5
2200	15
2205	19
2208	6
2209	8
2210	11
2211	9
2212	70
2214	64
2216	16
2219	6
2220	27
2222	17
2226	29
2229	9
2230	7
2231	11
2233	10
2234	13
2235	6
2237	8
2242	8
2243	7
2247	6
2250	5
2253	6
2254	9
2257	13
2261	5
2267	35
2270	47
2272	7
2273	10
2275	9
2278	6
2279	18
2281	6
2283	21
2284	9
2285	5
2292	12
2293	19
2294	12
2299	8
2303	6
2307	15
2313	12
2323	13
2324	119
2326	7
2328	11
2330	75
2331	8
2332	8
2335	15
2345	42
2346	43
2348	9
2349	15
2351	71
2356	9
2360	9
2363	13
2366	10
2367	5
2368	5
2369	6
2370	18
2371	10
2374	7
2376	13
2379	17
2380	6
2382	17
2386	18
2388	8
2390	10
2395	7
2397	5
2398	15
2400	5
2409	13
2412	50
2416	6
2423	5
2425	6
2426	5
2427	35
2434	7
2436	9
2438	6
2440	19
2443	8
2445	154
2446	110
2447	9
2448	51
2451	7
2454	7
2456	23
2459	19
2464	8
2465	7
2468	6
2470	16
2476	9
2477	110
2478	22
2479	5
2483	32
2484	58
2489	10
2493	5
2494	24
2495	15
2499	5
2502	26
2503	7
2504	21
2505	9
2507	7
2508	39
2509	9
2510	17
2512	5
2513	25
2514	13
2516	7
2518	13
2522	100
2526	68
2527	11
2528	10
2530	9
2531	127
2532	59
2534	22
2540	35
2543	16
2544	6
2546	27
2549	7
2556	5
2557	9
2560	18
2561	76
2562	21
2564	9
2569	34
2574	6
2575	5
2578	10
2579	16
2580	15
2591	5
2592	8
2593	23
2596	16
2603	9
2606	5
2607	8
2610	6
2611	9
2613	8
2614	20
2616	118
2617	22
2618	10
2619	32
2621	42
2622	8
2623	5
2624	8
2625	36
2627	8
2630	151
2631	11
2632	5
2633	6
2641	7
2643	5
2647	5
2648	31
2653	7
2656	16
2659	5
2660	14
2663	11
2664	8
2665	13
2670	9
2671	5
2672	19
2673	5
2676	10
2678	20
2682	8
2690	22
2693	6
2695	22
2697	9
2703	15
2706	8
2707	14
2709	6
2711	6
2712	7
2715	7
2717	5
2718	6
2719	65
2722	50
2723	19
2725	5
2726	5
2727	15
2728	21
2729	7
2731	5
2734	5
2736	25
2739	42
2744	6
2745	10
2746	18
2748	9
2749	5
2750	109
2752	9
2755	6
2762	12
2763	17
2764	7
2765	9
2766	20
2768	94
2774	7
2776	16
2778	20
2781	8
2784	7
2786	15
2787	19
2789	44
2792	8
2794	14
2798	16
2799	7
2801	6
2802	10
2807	5
2810	7
2811	6
2815	5
2816	7
2823	5
2825	14
2827	12
2828	21
2834	6
2837	5
2840	5
2842	7
2849	8
2853	6
2855	10
2861	11
2862	46
2863	6
2864	30
2865	19
2867	10
2868	7
2870	7
2871	14
2873	11
2874	10
2875	16
2878	99
2880	21
2881	14
2883	18
2886	15
2887	42
2888	20
2889	11
2893	7
2894	30
2895	7
2896	43
2897	5
2899	9
2902	27
2904	8
2905	12
2908	6
2910	19
2914	30
2915	16
2916	5
2917	96
2918	7
2923	6
2924	13
2926	10
2929	21
2931	104
2932	26
2933	8
2934	5
2937	91
2939	8
2941	5
2943	31
2944	12
2946	16
2947	6
2950	15
2951	47
2955	136
2964	5
2965	13
2967	9
2968	91
2971	6
2972	22
2973	81
2974	16
2975	5
2976	27
2977	12
2980	7
2984	7
2988	7
2990	68
2993	40
2994	9
2995	44
2997	37
2999	22
3001	9
3003	16
3004	12
3005	8
3006	122
3009	41
3013	5
3017	9
3019	8
3020	12
3023	19
3025	22
3028	6
3032	19
3034	439
3035	9
3038	28
3041	35
3042	10
3043	11
3045	24
3046	10
3047	24
3048	10
3053	6
3058	7
3060	11
3061	7
3062	14
3066	21
3068	22
3075	51
3077	25
3079	7
3081	23
3082	36
3083	5
3084	5
3087	127
3090	16
3091	144
3092	38
3094	19
3095	116
3100	53
3104	11
3106	11
3108	6
3109	57
3110	16
3113	6
3114	5
3116	5
3118	7
3120	9
3123	6
3126	11
3128	23
3129	5
3131	8
3132	9
3135	5
3139	6
3140	43
3142	49
3143	17
3144	5
3146	5
3148	27
3149	7
3152	7
3154	19
3155	14
3157	9
3159	6
3161	25
3164	5
3168	18
3169	5
3170	10
3173	9
3174	9
3176	9
3178	14
3180	8
3181	21
3182	259
3183	5
3185	12
3187	9
3191	171
3193	11
3195	9
3196	27
3198	22
3199	41
3202	9
3205	13
3206	5
3209	9
3210	15
3211	62
3213	47
3214	11
3215	36
3217	7
3218	9
3220	5
3221	10
3223	12
3226	9
3228	32
3231	6
3232	80
3233	13
3235	8
3236	8
3238	12
3242	5
3243	6
3244	7
3245	6
3247	6
3250	5
3255	5
3256	8
3259	6
3261	7
3263	5
3264	5
3266	29
3268	5
3270	6
3273	118
3274	5
3275	16
3278	89
3280	17
3282	6
3284	32
3287	9
3289	26
3291	70
3294	277
3295	6
3296	8
3305	45
3311	11
3312	18
3314	10
3319	15
3321	7
3335	75
3337	8
3340	112
3342	11
3344	9
3348	6
3349	84
3351	8
3353	10
3359	41
3360	7
3361	7
3366	6
3367	8
3369	8
3370	6
3371	5
3372	18
3373	12
3375	6
3381	13
3384	38
3389	7
3391	12
3392	285
3396	7
3400	5
3401	10
3402	5
3403	13
3405	131
3407	5
3408	11
3410	8
3415	6
3418	21
3419	7
3423	8
3425	35
3428	38
3430	11
3431	5
3433	6
3437	6
3446	5
3447	6
3448	6
3449	24
3452	15
3462	6
3474	30
3476	14
3477	8
3484	8
3485	19
3487	23
3489	6
3490	35
3497	9
3498	6
3501	387
3502	5
3503	18
3504	6
3511	214
3516	8
3517	6
3518	56
3524	30
3530	7
3533	23
3535	6
3537	5
3538	11
3542	5
3543	14
3544	5
3545	7
3548	7
3549	22
3551	5
3559	16
3560	22
3562	13
3566	16
3567	6
3568	229
3571	23
3575	18
3576	34
3577	6
3579	31
3589	6
3592	33
3596	9
3600	21
3602	114
3604	5
3606	12
3607	10
3610	8
3612	9
3613	5
3615	17
3616	8
3619	25
3620	5
3621	9
3626	8
3628	5
3629	6
3630	52
3632	10
3634	11
3636	5
3638	10
3640	9
3641	6
3643	17
3644	6
3647	10
3648	8
3652	14
3657	8
3658	45
3661	6
3663	9
3664	6
3665	15
3669	6
3671	7
3672	11
3677	41
3678	18
3683	18
3686	8
3687	26
3688	63
3689	5
3690	9
3691	27
3693	18
3697	5
3700	10
3702	363
3703	8
3708	5
3709	8
3710	8
3711	93
3712	13
3713	7
3714	8
3716	6
3718	14
3720	5
3723	10
3724	14
3725	5
3728	16
3731	6
3735	321
3740	8
3747	59
3751	6
3752	322
3754	5
3763	108
3764	7
3765	19
3766	6
3767	12
3773	16
3774	120
3775	5
3776	9
3783	5
3784	75
3786	6
3787	77
3790	77
3796	5
3800	5
3806	88
3808	5
3809	30
3810	7
3811	13
3812	43
3815	5
3816	6
3819	7
3821	172
3822	385
3823	8
3831	16
3833	5
3835	5
3836	140
3837	12
3840	11
3841	8
3848	53
3849	7
3850	6
3858	23
3869	17
3871	13
3872	19
3873	285
3874	10
3881	63
3882	10
3885	7
3886	8
3887	5
3893	6
3897	7
3898	5
3899	56
3900	132
3901	10
3905	5
3906	9
3907	12
3910	9
3911	33
3912	10
3913	19
3914	84
3915	58
3917	108
3925	29
3926	5
3930	34
3933	10
3936	6
3938	8
3940	11
3943	13
3944	9
3947	6
3949	15
3950	5
3966	12
3970	90
3975	6
3976	8
3982	27
3984	104
3985	8
3987	6
3988	15
3989	25
3997	18
3998	30
4002	6
4004	11
4005	6
4007	11
4008	14
4009	18
4010	6
4012	8
4013	24
4016	33
4017	116
4026	6
4027	10
4028	6
4029	7
4031	9
4034	7
4036	7
4037	21
4040	13
4041	31
4044	72
4046	14
4047	34
4048	40
4049	5
4056	345
4059	11
4060	11
4061	8
4065	34
4066	33
4067	5
4068	7
4070	51
4071	12
4076	14
4078	21
4079	9
4080	20
4081	5
4084	6
4087	22
4088	207
4094	26
4097	5
4098	11
4099	26
4100	24
4102	109
4103	6
4105	82
4108	6
4111	192
4113	162
4116	17
4120	5
4121	50
4122	27
4124	11
4127	7691
4128	9
4129	6
4131	12
4135	34
4136	28
4138	15
4141	6
4142	34
4143	10
4145	5
4147	7
4148	11
4149	10
4152	36
4154	7
4155	12
4160	15
4162	66
4163	13
4166	12
4168	7
4169	21
4175	21
4180	10
4181	5
4182	6
4184	14
4186	6
4187	5
4189	10
4190	5
4193	5
4195	6
4197	5
4202	11
4203	8
4205	71
4212	10
4213	44
4214	18
4215	58
4216	9
4220	8
4222	20
4223	59
4224	6
4227	20
4229	23
4230	7
4231	11
4233	6
4235	31
4237	5
4239	17
4241	7
4242	5
4243	6
4246	7
4247	23
4248	47
4259	297
4260	33
4261	13
4262	20
4271	24
4273	8
4277	8
4281	31
4283	9
4284	19
4286	19
4287	5
4289	6
4292	5
4294	9
4297	18
4298	46
4302	5
4304	28
4305	8
4307	7
4308	8
4310	5
4316	10
4325	12
4326	18
4329	33
4332	63
4333	39
4339	5
4340	7
4341	5
4342	10
4345	10
4347	29
4348	7
4351	43
4353	5
4354	5
4356	44
4357	6
4365	17
4366	40
4367	12
4371	7
4372	6
4377	27
4382	7
4384	7
4387	6
4390	11
4391	6
4392	5
4395	47
4398	126
4399	23
4403	36
4407	8
4408	8
4414	17
4417	6
4419	10
4420	8
4421	13
4423	5
4424	5
4425	17
4426	47
4427	5
4429	5
4441	14
4444	9
4446	5
4448	7
4449	5
4450	6
4452	7
4456	60
4458	83
4459	8
4461	7
4462	11
4463	31
4464	5
4465	16
4466	16
4473	5
4477	5
4481	10
4484	6
4488	13
4490	7
4493	16
4494	9
4501	8
4502	21
4504	40
4505	6
4506	15
4508	11
4515	10
4517	6
4518	6
4520	6
4522	18
4523	70
4524	8
4527	39
4531	5
4535	8
4536	5
4538	33
4540	6
4541	8
4542	6
4544	5
4545	9
4550	20
4555	7
4559	21
4561	6
4562	7
4566	6
4567	25
4569	15
4573	6
4578	6
4581	10
4588	7
4589	9
4592	8
4593	6
4594	11
4596	6
4598	33
4601	5
4603	43
4604	52
4605	10
4610	8
4611	12
4613	139
4617	6
4622	8
4624	10
4625	5
4628	5
4629	6
4631	7
4633	11
4634	10
4635	5
4636	5
4639	11
4642	278
4644	42
4651	6
4653	157
4656	15
4658	26
4659	21
4660	9
4661	47
4664	11
4666	9
4667	14
4668	6
4669	15
4671	6
4675	7
4677	6
4678	5
4679	10
4680	16
4685	6
4686	23
4687	14
4689	14
4692	11
4694	20
4699	37
4703	22
4706	6
4707	8
4716	25
4721	13
4723	11
4726	7
4731	7
4733	47
4734	5
4735	85
4737	19
4742	10
4744	6
4746	5
4748	6
4749	6
4753	6
4755	5
4757	13
4762	5
4764	11
4766	10
4767	8
4771	11
4773	7
4774	15
4780	5
4782	9
4783	12
4788	6
4792	17
4795	9
4798	13
4800	5
4804	5
4807	107
4809	8
4811	7
4814	5
4815	6
4817	5
4820	11
4824	23
4826	8
4832	7
4833	5
4840	44
4841	7
4846	116
4848	6
4850	6
4852	132
4854	12
4855	12
4856	5
4857	5
4861	68
4862	37
4863	9
4864	55
4870	6
4872	14
4875	34
4877	36
4881	16
4883	12
4884	5
4885	7
4887	13
4889	5
4890	9
4894	9
4895	25
4896	42
4897	183
4898	9
4899	5
4901	26
4903	7
4906	14
4907	25
4910	6
4914	11
4919	6
4926	7
4927	6
4930	13
4932	5
4939	6
4940	5
4942	7
4943	6
4944	9
4945	9
4952	7
4953	9
4954	11
4955	5
4956	12
4957	7
4958	5
4963	73
4964	14
4965	7
4970	10
4973	86
4975	11
4976	7
4978	14
4986	10
4987	17
4988	5
4992	5
4994	8
4998	26
5002	8
5005	5
5008	5
5009	8
5014	10
5018	96
5021	24
5022	7
5026	19
5029	79
5031	14
5032	6
5037	13
5039	5
5042	7
5045	30
5046	6
5051	5
5053	17
5054	8
5056	21
5058	5
5060	5
5061	5
5062	41
5064	18
5065	12
5067	7
5068	9
5070	9
5071	6
5074	73
5076	15
5077	144
5078	14
5079	11
5080	8
5081	12
5084	5
5086	94
5089	6
5090	45
5092	20
5093	19
5094	7
5096	25
5097	5
5100	6
5103	12
5104	5
5109	8
5110	9
5112	5
5114	6
5115	11
5116	17
5121	8
5122	7
5124	37
5127	9
5132	6
5136	8
5138	6
5143	9
5144	6
5145	7
5149	43
5150	6
5151	7
5153	64
5158	5
5159	9
5160	82
5161	7
5163	36
5167	5
5172	15
5175	30
5176	5
5181	106
5182	8
5184	25
5185	7
5187	16
5188	27
5189	13
5191	8
5192	12
5193	7
5194	10
5198	26
5199	94
5200	12
5201	111
5207	6
5208	246
5211	8
5217	5
5218	6
5222	5
5224	9
5226	304
5232	42
5233	35
5234	14
5235	8
5238	8
5239	25
5240	32
5241	26
5242	15
5243	8
5244	7
5247	12
5248	5
5249	16
5250	10
5252	11
5253	9
5254	7
5255	13
5256	10
5257	6
5258	10
5260	19
5262	16
5263	7
5264	6
5265	6
5267	779
5272	6
5276	6
5278	19
5279	18
5282	23
5283	9
5285	16
5289	7
5291	10
5292	12
5296	40
5298	68
5299	13
5300	11
5301	57
5303	119
5309	19
5312	7
5316	49
5318	1246
5328	5
5331	5
5332	31
5333	9
5335	7
5336	9
5337	6
5338	6
5340	5
5343	5
5344	186
5346	7
5351	41
5352	44
5353	5
5355	5
5359	5
5361	6
5365	82
5367	6
5370	28
5374	10
5375	7
5380	7
5381	5
5382	29
5383	23
5386	5
5389	9
5391	12
5393	5
5396	98
5398	6
5403	115
5405	6
5409	5
5412	12
5413	5
5415	34
5419	5
5422	6
5423	20
5430	33
5434	23
5436	8
5441	12
5443	13
5444	19
5448	44
5451	7
5456	5
5458	133
5460	152
5472	10
5476	198
5479	6
5482	9
5487	29
5488	6
5502	14
5504	68
5512	6
5513	29
5514	14
5515	15
5516	8
5522	29
5530	7
5535	6
5536	5
5539	5
5541	13
5544	22
5545	5
5547	5
5548	22
5550	10
5551	7
5553	21
5558	5
5559	19
5561	53
5562	11
5569	8
5571	5
5576	13
5578	8
5581	6
5582	12
5583	6
5589	18
5596	11
5598	5
5601	5
5604	27
5606	34
5607	9
5608	12
5609	9
5611	10
5615	11
5616	46
5617	17
5618	7
5621	9
5628	6
5630	8
5631	7
5632	138
5636	7
5640	5
5643	13
5648	26
5649	9
5651	18
5654	5
5655	58
5658	5
5659	22
5660	21
5669	11
5671	6
5672	29
5673	34
5677	59
5679	6
5683	19
5689	8
5691	7
5692	6
5693	8
5694	6
5698	25
5699	8
5700	28
5708	26
5710	6
5713	12
5716	5
5722	7
5724	11
5725	22
5727	26
5729	12
5730	35
5737	39
5744	5
5746	45
5747	15
5748	16
5750	16
5751	12
5756	7
5758	16
5766	53
5768	82
5771	60
5773	10
5782	6
5783	99
5784	6
5785	6
5786	7
5790	5
5791	12
5792	7
5794	310
5797	8
5802	9
5805	5
5808	14
5809	7
5810	12
5811	5
5814	9
5817	8
5822	14
5825	8
5826	5
5832	6
5833	6
5835	22
5836	19
5839	20
5843	10
5844	42
5846	28
5852	9
5854	151
5855	37
5856	60
5858	7
5859	11
5861	18
5862	5
5864	289
5866	98
5871	6
5874	17
5876	7
5877	102
5883	49
5884	13
5890	7
5892	325
5899	6
5902	5
5909	45
5911	20
5917	6
5919	8
5920	27
5921	103
5922	6
5923	9
5924	111
5932	9
5935	5
5937	9
5938	5
5939	21
5940	42
5942	24
5943	69
5945	6
5951	6
5955	9
5960	6
5963	12
5967	10
5969	76
5971	7
5972	143
5988	6
5997	6
5999	9
6001	5
6003	22
6009	51
6012	22
6015	15
6022	7
6025	34
6031	5
6034	5
6035	15
6040	6
6041	7
6042	5
6043	32
6045	11
6046	5
6048	69
6049	7
6050	6
6053	6
6057	5
6058	21
6060	6
6062	5
6066	9
6071	7
6073	8
6074	7
6083	10
6084	14
6097	12
6098	6
6100	5
6101	5
6104	14
6106	20
6107	20
6119	52
6121	7
6122	161
6124	28
6131	6
6133	38
6137	7
6139	12
6140	9
6146	146
6147	6
6149	43
6157	6
6158	9
6159	8
6161	19
6163	6
6166	365
6171	12
6172	12
6173	7
6175	7
6181	6
6184	9
6191	14
6193	15
6195	18
6196	11
6201	5
6202	10
6207	11
6209	38
6214	27
6215	7
6217	11
6222	6
6223	8
6229	6
6233	13
6234	5
6235	6
6239	23
6242	25
6243	16
6247	8
6250	5
6254	24
6255	6
6256	5
6257	24
6258	10
6264	23
6265	7
6266	96
6268	5
6271	13
6276	9
6277	5
6278	8
6279	5
6281	6
6284	6
6285	10
6286	5
6287	51
6289	6
6290	11
6291	15
6297	5
6300	5
6301	1544
6304	810
6307	7
6309	5
6313	57
6315	29
6318	5
6329	58
6331	23
6332	5
6334	8
6335	6
6338	11
6339	8
6340	6
6344	13
6346	49
6349	6
6360	8
6361	5
6362	16
6363	9
6367	5
6368	23
6370	18
6373	9
6384	7
6385	14
6386	8
6390	14
6391	5
6392	14
6394	17
6395	5
6396	107
6398	11
6399	78
6405	7
6407	7
6408	5
6415	7
6424	8
6425	5
6426	12
6433	5
6434	8
6436	5
6438	5
6439	6
6444	19
6452	6
6453	6
6457	8
6458	24
6463	11
6465	11
6467	5
6469	13
6470	8
6471	23
6472	111
6473	10
6475	14
6479	13
6480	5
6481	5
6482	5
6486	15
6489	27
6492	49
6493	11
6497	11
6498	9
6499	24
6500	12
6505	6
6507	8
6511	10
6512	6
6518	14
6525	8
6526	18
6540	6
6541	9
6543	7
6545	8
6548	6
6549	13
6551	10
6554	8
6557	27
6558	8
6562	47
6563	15
6565	48
6566	19
6567	20
6568	5
6569	5
6570	5
6571	8
6579	6
6582	8
6583	5
6586	5
6588	29
6591	5
6593	40
6597	10
6600	6
6607	34
6608	6
6609	299
6610	5
6611	5
6617	9
6618	87
6619	104
6621	5
6622	16
6625	67
6628	14
6630	10
6631	54
6632	14
6636	5
6637	15
6641	18
6642	9
6643	13
6644	13
6646	10
6647	12
6650	10
6651	12
6653	6
6654	18
6657	5
6658	6
6661	56
6666	6
6667	9
6668	8
6669	5
6670	6
6671	45
6674	11
6675	14
6677	10
6682	9
6686	14
6692	11
6696	42
6697	7
6698	7
6699	5
6700	468
6703	5
6706	11
6711	102
6712	5
6713	45
6715	6
6716	19
6717	7
6723	5
6725	135
6726	8
6730	10
6732	6
6733	14
6735	7
6736	5
6740	5
6741	6
6754	7
6755	6
6756	6
6757	6
6759	22
6768	145
6769	176
6772	23
6773	12
6774	13
6775	10
6776	6
6778	6
6781	13
6784	5
6785	260
6787	81
6791	5
6792	6
6794	91
6795	19
6796	48
6798	16
6799	9
6802	8
6808	7
6812	7
6816	5
6817	15
6828	6
6834	75
6837	5
6838	8
6843	12
6844	143
6847	63
6848	16
6849	21
6851	6
6855	8
6856	11
6859	260
6861	39
6862	9
6866	10
6868	28
6870	190
6874	17
6878	5
6879	9
6880	14
6881	73
6882	7
6883	11
6885	7
6887	10
6893	5
6894	94
6899	6
6902	12
6905	9
6907	8
6912	9
6917	5
6919	7
6920	24
6922	36
6923	5
6928	9
6931	6
6933	5
6934	7
6936	9
6937	24
6938	5
6940	33
6941	211
6942	6
6944	6
6945	8
6947	5
6949	14
6950	5
6955	53
6956	19
6957	6
6959	61
6962	18
6963	24
6965	5
6968	6
6970	25
6971	5
6972	22
6973	13
6979	17
6983	7
6986	14
6987	25
6991	25
6992	13
6994	17
6997	16
6998	120
7004	8
7006	12
7009	28
7010	6
7011	6
7014	9
7015	11
7017	26
7019	17
7020	5
7022	6
7024	8
7026	15
7029	15
7030	12
7031	63
7032	19
7033	6
7034	12
7037	11
7038	56
7040	16
7041	48
7042	11
7045	16
7046	18
7047	45
7048	8
7049	7
7050	6
7051	29
7052	8
7053	11
7058	9
7062	12
7063	14
7071	55
7072	14
7077	5
7078	26
7080	13
7082	7
7087	17
7088	6
7089	24
7090	54
7097	13
7102	37
7106	16
7107	20
7109	5
7110	15
7111	8
7112	9
7115	14
7116	14
7117	9
7121	7
7123	6
7124	12
7128	155
7132	5
7134	7
7136	6
7137	9
7138	15
7143	5
7144	6
7148	8
7149	8
7150	8
7151	6
7153	5
7157	7
7158	5
7159	6
7163	8
7164	20
7166	113
7169	62
7172	31
7174	8
7175	8
7178	44
7181	6
7182	5
7184	7
7186	6
7187	7
7189	10
7190	8
7191	39
7193	5
7194	10
7195	6
7197	10
7199	6
7204	47
7209	5
7210	5
7211	5
7212	5
7213	13
7214	6
7215	28
7216	6
7221	15
7223	37
7227	5
7228	20
7229	6
7232	19
7233	6
7234	11
7235	23
7236	8
7239	7
7240	13
7242	7
7243	15
7244	12
7246	6
7248	11
7249	6
7251	6
7252	13
7255	8
7258	10
7259	14
7260	8
7262	92
7264	117
7266	197
7270	5
7271	18
7272	54
7275	5
7279	77
7282	9
7286	5
7288	16
7289	11
7290	24
7293	9
7296	8
7297	18
7298	38
7299	6
7300	13
7304	83
7320	11
7321	22
7323	7
7325	11
7326	11
7329	6
7330	5
7332	8
7334	8
7338	13
7340	6
7342	12
7348	13
7349	36
7351	24
7352	23
7353	7
7358	9
7359	5
7362	10
7365	81
7367	44
7368	7
7370	11
7376	5
7379	9
7381	16
7383	10
7384	7
7385	19
7386	23
7387	10
7388	5
7394	10
7395	12
7397	9
7398	11
7399	22
7400	6
7403	7
7405	10
7407	7
7408	35
7409	20
7410	26
7411	37
7412	73
7415	7
7417	12
7418	6
7425	32
7426	48
7427	11
7428	8
7431	6
7433	15
7436	9
7437	59
7441	8
7443	11
7449	7
7450	11
7453	5
7457	7
7458	7
7461	12
7462	33
7463	16
7465	18
7467	39
7468	9
7470	9
7471	46
7474	7
7475	24
7480	10
7482	6
7484	6
7486	30
7489	10
7492	19
7493	15
7494	12
7503	7
7507	11
7508	6
7512	6
7513	6
7516	6
7520	61
7522	8
7523	22
7526	11
7527	7
7528	12
7532	6
7533	19
7534	7
7541	8
7543	119
7544	5
7545	12
7546	35
7548	5
7549	7
7550	7
7558	5
7559	7
7562	7
7563	39
7569	5
7573	5
7579	13
7580	8
7581	125
7582	5
7583	20
7584	5
7587	15
7592	12
7593	9
7600	7
7606	7
7607	12
7608	9
7610	16
7612	7
7615	6
7617	5
7621	344
7623	10
7626	7
7628	5
7629	13
7634	22
7635	27
7638	177
7639	6
7640	12
7641	28
7644	10
7646	6
7647	18
7648	10
7651	10
7660	24
7663	6
7664	8
7667	6
7670	7
7671	55
7676	27
7678	6
7682	6
7684	17
7685	14
7686	7
7690	22
7691	43
7693	15
7694	5
7695	5
7696	12
7697	6
7698	11
7699	12
7700	6
7704	5
7706	6
7713	7
7714	17
7715	6
7721	9
7725	12
7726	11
7733	6
7734	5
7735	16
7739	45
7741	8
7743	80
7748	13
7749	8
7753	5
7756	14
7758	5
7759	35
7760	7
7761	18
7766	14
7770	25
7772	8
7776	250
7781	7
7782	31
7787	5
7789	25
7790	19
7792	8
7796	9
7798	8
7799	28
7800	23
7802	8
7804	5
7806	7
7808	6
7809	7
7810	11
7811	5
7812	9
7815	5
7817	24
7819	100
7820	28
7825	6
7827	30
7830	10
7832	13
7834	6
7835	5
7839	5
7840	6
7842	51
7844	11
7845	23
7846	22
7852	78
7854	25
7855	25
7857	8
7859	6
7861	9
7866	15
7868	15
7870	52
7873	18
7874	61
7876	11
7879	6
7882	32
7886	10
7888	10
7889	5
7892	13
7895	14
7896	10
7897	6
7901	26
7902	9
7906	12
7909	5
7912	13
7913	45
7915	7
7917	6
7921	24
7922	7
7932	9
7934	6
7936	5
7944	5
7945	5
7948	8
7950	18
7954	12
7956	38
7957	11
7959	7
7962	5
7963	10
7964	47
7965	5
7966	51
7967	11
7968	89
7971	35
7975	7
7977	69
7978	5
7980	25
7983	24
7984	12
7986	223
7988	36
7993	10
7998	36
7999	8
8004	17
8005	5
8006	28
8008	61
8010	61
8012	7
8014	15
8015	11
8017	49
8022	10
8025	18
8026	11
8029	6
8031	7
8032	30
8033	10
8035	6
8037	10
8038	9
8040	36
8041	11
8042	50
8043	8
8044	9
8046	14
8051	5
8053	46
8054	91
8055	10
8057	15
8060	39
8063	6
8064	29
8066	13
8068	6
8072	15
8074	14
8075	7
8078	5
8079	22
8082	5
8083	5
8086	8
8089	6
8090	5
8091	9
8095	8
8098	215
8099	26
8103	6
8104	17
8106	11
8107	17
8108	11
8111	5
8114	5
8120	6
8122	29
8124	7
8129	9
8130	28
8134	8
8137	5
8142	45
8143	7
8144	94
8145	47
8148	18
8150	57
8152	9
8153	6
8156	6
8157	22
8160	16
8162	14
8163	9
8164	17
8171	12
8175	23
8182	5
8186	21
8187	50
8189	5
8190	8
8192	25
8193	5
8194	7
8197	36
8202	10
8204	7
8208	10
8210	10
8213	266
8217	41
8218	136
8223	5
8227	23
8229	16
8230	18
8231	6
8237	7
8240	6
8242	35
8243	19
8246	96
8248	6
8249	19
8250	7
8251	5
8252	33
8253	5
8261	6
8262	8
8263	29
8268	17
8276	51
8277	5
8279	44
8280	7
8284	17
8287	6
8288	5
8289	13
8291	22
8293	38
8294	27
8297	6
8298	17
8299	6
8300	6
8304	22
8305	5
8307	22
8308	7
8309	10
8310	5
8311	7
8312	8
8314	10
8317	8
8321	71
8324	36
8325	5
8329	15
8331	18
8332	6
8337	17
8339	305
8350	13
8351	173
8353	8
8357	7
8358	6
8359	7
8361	16
8363	8
8364	7
8368	55
8369	17
8374	5
8375	40
8376	124
8377	14
8380	270
8383	13
8384	19
8387	10
8388	7
8389	32
8390	9
8391	72
8393	7
8395	123
8398	11
8399	5
8400	13
8401	8
8403	13
8408	34
8410	10
8411	6
8413	8
8417	9
8418	5
8419	11
8425	15
8426	20
8431	7
8434	6
8439	13
8440	5
8442	5
8443	12
8445	16
8449	221
8451	81
8452	72
8453	5
8457	10
8462	35
8466	7
8467	14
8476	9
8478	16
8479	119
8480	7
8483	13
8484	31
8485	6
8488	5
8491	8
8497	30
8498	6
8503	33
8506	29
8507	6
8508	33
8509	44
8510	64
8513	45
8514	6
8518	6
8519	9
8520	66
8523	5
8525	46
8528	12
8533	100
8534	5
8535	34
8536	71
8537	5
8538	7
8544	5
8547	20
8549	17
8552	22
8556	10
8558	31
8559	5
8560	37
8562	105
8564	13
8568	11
8570	11
8571	23
8573	50
8585	7
8586	68
8587	32
8590	8
8594	34
8597	10
8599	13
8602	16
8605	9
8615	6
8616	14
8619	8
8624	56
8625	10
8626	28
8628	6
8629	7
8630	62
8635	6
8637	5
8638	5
8641	10
8643	7
8645	19
8647	15
8663	14
8664	5
8669	17
8671	6
8672	7
8674	20
8683	19
8684	260
8685	8
8686	21
8687	9
8693	12
8697	13
8699	6
8703	18
8704	18
8707	5
8710	40
8711	6
8714	5
8717	20
8718	9
8720	12
8721	12
8722	15
8724	8
8726	9
8727	20
8730	11
8733	5
8734	22
8738	7
8739	43
8740	35
8741	20
8743	120
8745	7
8749	5
8752	36
8754	5
8755	20
8760	28
8761	8
8765	20
8766	7
8768	7
8769	5
8773	5
8775	5
8781	6
8787	6
8791	11
8792	10
8793	47
8794	9
8796	18
8803	50
8804	12
8805	26
8806	106
8810	23
8813	19
8816	10
8817	40
8818	5
8820	14
8821	32
8829	7
8832	35
8834	5
8836	7
8837	5
8838	5
8842	5
8843	12
8847	8
8852	6
8859	73
8860	14
8865	1996
8866	10
8868	6
8869	6
8873	7
8874	8
8879	107
8880	5
8884	5
8885	12
8886	6
8887	133
8890	8
8893	5
8894	15
8897	9
8898	6
8899	41
8900	8
8902	11
8903	6
8905	8
8909	25
8910	17
8911	5
8912	42
8914	6
8915	23
8920	30
8922	22
8923	63
8925	13
8927	15
8933	5
8934	6
8937	7
8938	7
8941	8
8943	16
8944	75
8947	12
8950	9
8952	9
8953	9
8954	8
8956	17
8958	6
8961	7
8963	9
8965	8
8969	539
8970	7
8971	5
8973	6
8974	5
8975	7
8978	70
8979	9
8981	27
8983	8
8985	5
8987	210
8991	7
8992	12
8993	12
8995	293
8996	5
8998	5
9000	5
9005	6
9006	5
9007	5
9008	6
9010	109
9011	11
9028	49
9030	30
9031	6
9032	10
9034	37
9035	7
9037	20
9038	33
9040	12
9043	5
9045	39
9046	44
9047	6
9048	5
9049	17
9050	5
9052	6
9054	99
9060	6
9061	8
9062	11
9065	5
9066	14
9068	10
9072	36
9078	32
9079	6
9080	22
9083	10
9084	5
9086	10
9093	14
9095	7
9096	7
9102	5
9103	53
9104	5
9111	6
9117	18
9119	5
9120	13
9121	92
9122	5
9123	5
9124	10
9126	45
9128	32
9129	7
9130	34
9133	5
9135	5
9136	5
9144	34
9145	12
9148	15
9149	8
9151	7
9153	115
9157	8
9160	8
9165	42
9168	6
9171	6
9172	6
9175	184
9179	6
9180	40
9183	8
9185	10
9187	15
9189	6
9191	6
9193	145
9194	7
9196	6
9198	14
9201	55
9202	9
9203	5
9206	8
9207	8
9208	8
9209	5
9211	6
9212	5
9214	10
9219	5
9224	5
9225	61
9226	5
9227	10
9228	6
9230	34
9232	14
9235	5
9236	6
9238	14
9241	5
9242	33
9244	6
9245	5
9252	10
9253	12
9255	5
9262	7
9265	76
9267	5
9275	14
9277	11
9284	11
9285	45
9291	11
9293	37
9299	7
9306	6
9308	5
9314	8
9315	12
9318	5
9320	9
9323	18
9326	6
9328	5
9330	87
9331	9
9334	7
9340	17
9347	26
9348	20
9352	5
9354	6
9355	5
9357	8
9360	9
9361	12
9362	5
9365	18
9368	5
9370	8
9371	11
9375	13
9379	8
9389	6
9391	7
9394	289
9396	14
9397	9
9399	9
9404	8
9408	9
9410	10
9420	10
9422	7
9423	11
9424	5
9428	6
9431	5
9433	12
9435	7
9436	6
9439	6
9441	7
9442	6
9444	5
9445	115
9448	71
9453	42
9455	5
9457	6
9458	19
9460	6
9466	9
9467	10
9469	7
9470	8
9473	7
9474	49
9475	10
9481	8
9484	5
9486	9
9488	5
9489	7
9491	6
9493	33
9498	6
9500	50
9502	7
9509	6
9511	8
9515	6
9517	11
9518	7
9523	6
9526	1070
9527	7
9528	6
9531	5
9538	351
9542	67
9546	187
9547	6
9548	34
9549	30
9551	7
9556	5
9557	6
9561	202
9563	21
9568	5
9571	65
9572	5
9576	7
9578	7
9580	7
9581	18
9582	31
9584	57
9587	28
9588	12
9589	274
9591	38
9595	5
9596	10
9598	8
9601	5
9608	20
9609	5
9610	140
9611	100
9613	10
9615	5
9617	20
9618	16
9620	23
9621	5
9622	26
9624	25
9625	314
9627	160
9628	7
9629	5
9632	15
9633	46
9635	5
9637	57
9640	7
9641	6
9646	5
9648	70
9652	7
9653	5
9657	7
9658	7
9661	10
9666	8
9669	542
9672	9
9676	71
9678	6
9681	7
9692	5
9695	10
9698	13
9699	23
9700	13
9701	15
9702	5
9704	23
9708	5
9710	5
9711	10
9712	8
9714	8
9716	94
9717	14
9719	24
9721	50
9722	14
9724	23
9727	104
9728	6
9733	5
9736	9
9738	44
9741	11
9743	13
9747	6
9751	8
9752	6
9755	12
9757	46
9759	5
9761	8
9763	41
9764	62
9766	108
9768	13
9769	8
9770	11
9772	7
9774	7
9775	6
9777	6
9781	7
9784	128
9787	5
9791	7
9792	26
9793	9
9796	5
9798	14
9800	53
9801	34
9803	54
9805	39
9808	7
9809	32
9812	9
9813	104
9814	5
9816	5
9817	14
9818	8
9820	8
9822	61
9823	5
9825	88
9826	20
9827	13
9828	5
9830	13
9831	7
9841	5
9843	8
9844	5
9849	6
9850	5
9853	8
9855	6
9858	9
9859	11
9860	6
9862	5
9863	6
9864	9
9865	7
9866	38
9870	15
9873	5
9877	6
9879	5
9886	5
9889	8
9890	169
9895	13
9900	17
9902	12
9908	9
9909	13
9914	7
9915	30
9920	5
9921	56
9924	175
9925	42
9926	110
9930	7
9931	9
9932	14
9933	10
9934	45
9935	20
9938	20
9940	6
9942	12
9943	10
9944	7
9947	67
9948	21
9951	6
9952	7
9956	5
9957	5
9958	19
9959	6
9962	63
9964	22
9966	9
9968	9
9974	1371
9975	12
9976	40
9980	8
9982	15
9983	59
9985	7
9986	6
9989	6
9992	23
9993	6
9994	6
9995	15
9996	11
9997	11
9998	21
9999	14
10000	36
10001	10
10004	6
10006	5
10008	5
10014	5
10017	8
10018	5
10020	5
10024	19
10026	5
10029	8
10031	6
10033	6
10034	6
10036	6
10037	6
10038	11
10039	6
10040	19
10041	14
10042	7
10045	5
10046	5
10048	6
10050	6
10057	14
