63	7
243	7
292	6
331	8
433	5
558	9
579	12
699	18
723	9
726	7
733	11
826	8
857	14
862	6
905	5
976	5
993	5
1029	7
1067	5
1225	5
1267	11
1325	6
1331	7
1382	5
1396	5
1440	6
1469	6
1505	7
1564	6
1580	8
1608	5
1689	8
1702	5
1908	6
1937	10
1958	7
2048	6
2142	6
2157	7
2164	5
2209	5
2268	5
2324	6
2351	7
2409	8
2445	11
2477	5
2478	5
2514	5
2546	6
2561	6
2621	7
2630	12
2750	11
2914	8
2917	6
2937	6
2955	9
2968	5
2973	6
3006	12
3034	29
3087	11
3091	7
3140	5
3161	12
3182	7
3191	7
3211	5
3284	10
3289	5
3291	5
3294	17
3340	5
3349	6
3392	35
3501	26
3511	5
3568	11
3602	5
3702	25
3735	17
3752	10
3763	7
3765	6
3774	12
3790	7
3806	6
3822	20
3836	6
3873	25
3881	8
3900	11
3915	6
3925	5
3970	11
3984	10
4017	5
4044	6
4056	21
4088	9
4111	14
4113	11
4127	200
4162	5
4215	5
4223	9
4259	13
4458	5
4604	16
4618	6
4642	6
4653	6
4852	6
4875	7
5018	5
5037	5
5074	6
5077	5
5201	7
5208	12
5226	18
5240	5
5267	42
5318	64
5344	25
5351	5
5396	8
5460	5
5531	5
5601	6
5604	5
5700	7
5794	31
5797	6
5836	7
5854	14
5866	7
5877	7
5892	7
5921	5
5924	10
5937	5
6009	6
6051	6
6133	7
6146	7
6166	39
6301	41
6304	11
6607	6
6609	9
6612	8
6618	9
6619	12
6700	27
6711	6
6725	7
6769	6
6785	12
6787	5
6790	6
6794	6
6844	5
6859	22
6870	7
6941	6
6998	9
7128	7
7166	9
7178	5
7262	10
7264	10
7266	16
7304	5
7350	6
7412	9
7520	12
7581	7
7621	13
7638	8
7743	9
7776	10
7986	9
8008	7
8098	10
8107	5
8213	14
8293	10
8351	9
8380	13
8395	10
8449	18
8452	5
8558	5
8562	13
8684	6
8697	5
8720	9
8743	7
8745	5
8806	9
8865	89
8879	10
8887	10
8940	9
8963	8
8969	23
8987	5
8993	5
8995	21
9099	6
9122	5
9153	6
9175	11
9193	6
9330	5
9394	13
9445	5
9474	5
9526	54
9538	17
9546	6
9561	25
9584	6
9589	22
9610	7
9625	13
9627	10
9669	31
9676	5
9716	18
9727	5
9745	12
9766	9
9813	9
9866	5
9890	8
9924	9
9926	13
9974	7
