167	105
243	7
259	7
408	7
558	10
566	10
579	5
726	6
857	6
893	5
1013	5
1017	6
1108	5
1132	14
1236	10
1267	8
1277	5
1393	5
1434	5
1440	9
1580	7
1937	5
2164	6
2231	8
2446	5
2477	11
2768	6
2878	6
3006	6
3034	17
3091	5
3142	31
3191	5
3257	9
3294	6
3418	6
3501	13
3511	6
3702	15
3711	5
3735	13
3752	9
3821	6
3822	13
3873	16
3900	5
3914	5
4017	8
4056	20
4088	7
4111	9
4127	233
4259	9
4398	94
4523	45
4605	7
4613	125
4653	104
4735	9
4807	102
4846	5
4998	6
5052	6
5077	7
5086	6
5160	5
5208	11
5226	7
5267	22
5318	31
5794	9
5854	8
6146	5
6166	8
6266	6
6301	70
6304	17
6700	25
6785	11
6844	5
6848	6
6859	5
6998	5
7052	5
7128	5
7166	5
7266	11
7365	7
7621	5
7708	11
7743	6
7776	6
7887	6
7986	7
8006	5
8104	5
8152	5
8213	10
8218	8
8380	9
8449	12
8624	5
8661	5
8684	5
8793	20
8806	7
8865	43
8879	5
8921	5
8949	17
8969	8
9072	6
9144	5
9175	5
9291	6
9394	7
9474	8
9500	11
9526	25
9538	15
9546	5
9589	9
9591	5
9627	5
9669	15
9716	5
9784	6
9890	6
9974	27
