1	12
7	10
10	5
19	8
23	23
25	10
27	10
30	7
32	6
33	17
34	8
37	10
38	9
40	14
44	8
49	8
52	6
56	31
58	8
60	10
61	15
63	79
65	28
68	12
71	10
74	13
76	17
78	5
82	11
86	12
92	18
93	5
97	12
99	9
100	11
101	6
107	6
108	8
111	6
114	9
122	16
125	27
126	7
128	6
133	26
134	25
136	9
140	11
141	6
142	5
153	9
158	43
161	11
162	17
164	5
167	11
171	5
173	13
174	10
179	5
184	18
185	6
186	5
187	13
189	19
191	13
203	5
205	5
211	12
216	6
243	132
246	6
248	5
251	31
253	5
254	11
256	7
257	34
258	23
259	5
261	8
271	14
290	7
292	13
300	7
303	16
311	5
312	14
316	5
317	8
318	5
319	6
322	10
323	11
324	40
328	25
329	7
331	7
333	10
338	9
341	45
343	7
346	5
347	13
352	6
353	24
355	13
359	60
363	8
364	7
366	16
368	6
380	6
384	11
385	11
399	13
400	7
406	9
407	8
408	17
412	96
415	12
417	19
418	12
421	18
427	6
432	11
435	14
436	13
446	5
447	34
448	17
449	8
455	29
456	13
457	10
459	6
467	18
470	14
471	13
477	10
478	8
483	10
489	5
492	6
500	6
505	5
506	19
509	15
511	52
513	37
515	9
518	8
522	5
523	5
526	32
527	5
528	16
531	26
532	18
534	73
539	18
540	8
541	5
542	5
544	5
546	5
547	11
557	27
558	69
568	5
578	14
579	116
582	8
589	10
591	20
594	18
604	7
605	8
606	16
613	34
620	20
622	9
624	7
626	11
627	12
628	12
629	10
633	23
635	6
637	6
640	96
642	6
648	9
649	13
651	10
657	10
661	8
669	7
672	6
677	16
679	6
680	10
686	13
687	20
689	7
691	11
693	6
698	7
700	11
703	5
705	9
707	36
710	23
715	9
716	10
717	7
718	6
719	12
720	9
722	9
723	31
726	121
733	78
734	7
738	6
740	7
742	30
746	26
749	5
754	5
758	46
760	6
764	7
768	10
772	10
778	5
791	8
792	7
793	22
799	5
811	8
812	6
826	100
829	7
830	13
835	7
837	6
841	22
842	5
846	7
852	13
853	14
855	8
856	5
857	129
862	31
865	18
867	9
870	5
873	5
875	13
877	6
878	89
880	11
883	54
890	8
894	7
895	22
902	5
905	40
907	5
915	19
917	15
919	7
920	7
925	26
926	12
927	11
930	49
936	5
948	5
949	10
952	5
953	7
957	5
958	44
961	5
969	12
971	8
972	7
976	32
979	73
981	8
986	9
988	5
991	32
995	14
998	6
1000	19
1002	16
1004	8
1005	18
1009	10
1012	10
1013	8
1017	31
1019	6
1021	8
1022	10
1025	10
1027	26
1029	75
1031	22
1034	6
1038	5
1042	10
1047	7
1048	8
1052	23
1055	5
1066	9
1067	58
1071	35
1074	14
1086	12
1089	7
1095	17
1098	27
1107	10
1108	54
1109	5
1114	6
1118	49
1121	38
1125	17
1126	12
1128	11
1132	302
1133	5
1143	36
1145	12
1147	16
1152	10
1155	14
1157	5
1160	25
1162	8
1164	8
1166	9
1168	36
1169	7
1172	5
1174	5
1175	7
1176	7
1178	17
1179	7
1183	6
1186	95
1188	7
1189	7
1192	13
1194	9
1198	5
1199	10
1200	5
1203	8
1204	17
1206	17
1208	10
1212	9
1213	56
1215	8
1220	5
1221	14
1222	5
1225	48
1229	8
1231	9
1235	7
1236	27
1238	8
1240	18
1246	37
1251	6
1253	5
1256	20
1257	6
1261	5
1264	5
1265	5
1267	121
1268	5
1269	5
1274	7
1281	11
1284	7
1285	9
1288	13
1289	5
1293	12
1294	7
1296	18
1306	5
1309	13
1310	7
1313	23
1320	17
1325	32
1326	10
1329	27
1331	75
1332	13
1346	27
1350	17
1351	6
1356	11
1357	40
1359	9
1364	24
1369	32
1370	30
1381	12
1382	65
1386	7
1388	29
1389	5
1395	6
1396	64
1401	5
1405	5
1406	118
1408	138
1409	26
1410	7
1411	7
1412	9
1418	5
1422	8
1427	6
1430	7
1433	6
1437	20
1438	7
1439	7
1440	70
1442	14
1448	5
1450	13
1451	9
1463	13
1464	18
1465	5
1467	8
1469	100
1475	23
1478	19
1483	9
1486	30
1499	5
1502	5
1503	15
1504	12
1505	29
1507	19
1510	9
1511	9
1512	27
1514	12
1517	5
1519	14
1520	17
1521	9
1522	13
1527	33
1529	18
1533	7
1540	45
1550	6
1551	7
1554	65
1564	8
1567	5
1572	6
1573	7
1574	5
1576	21
1580	233
1584	5
1588	6
1589	8
1590	5
1592	8
1593	6
1594	6
1598	5
1602	156
1604	18
1608	11
1611	12
1616	39
1621	5
1622	6
1624	5
1630	17
1632	62
1633	10
1635	5
1637	15
1641	6
1642	76
1644	6
1647	6
1652	5
1654	9
1656	22
1659	7
1660	8
1662	29
1666	5
1668	10
1673	17
1677	7
1679	96
1689	182
1690	6
1696	5
1700	17
1702	57
1703	9
1707	30
1711	10
1713	17
1716	8
1720	10
1724	15
1725	5
1730	13
1732	11
1735	7
1736	26
1739	33
1741	11
1744	7
1745	14
1747	33
1748	5
1753	14
1755	8
1758	7
1759	21
1770	5
1774	14
1780	17
1783	44
1784	15
1787	16
1788	6
1797	16
1798	9
1802	10
1806	12
1807	6
1810	18
1814	10
1818	24
1822	9
1828	17
1831	12
1832	7
1833	24
1834	21
1835	64
1837	8
1840	14
1842	20
1843	6
1854	12
1861	7
1873	10
1875	7
1880	5
1882	28
1885	5
1886	24
1888	6
1892	15
1894	26
1897	8
1902	12
1905	25
1910	8
1912	6
1917	6
1919	16
1922	5
1929	14
1931	5
1933	8
1937	58
1941	15
1943	22
1945	12
1949	13
1952	8
1953	9
1957	14
1958	51
1959	6
1964	5
1969	12
1980	6
1981	16
1982	5
1985	13
1987	7
1991	5
1993	9
1994	6
1995	10
1999	6
2006	5
2007	6
2011	16
2019	8
2023	27
2024	17
2036	20
2046	21
2048	25
2049	75
2052	6
2054	5
2055	8
2059	33
2061	9
2062	9
2069	5
2071	19
2074	32
2075	9
2078	10
2083	7
2085	5
2089	6
2090	5
2094	6
2097	39
2102	8
2105	7
2107	15
2110	12
2112	6
2115	6
2117	47
2125	6
2127	16
2128	8
2130	58
2132	11
2133	6
2135	5
2136	26
2142	10
2149	13
2155	32
2157	69
2158	10
2164	34
2167	7
2172	11
2175	17
2185	6
2188	13
2189	5
2190	24
2191	7
2192	20
2195	8
2196	10
2197	10
2205	12
2209	6
2210	7
2211	9
2212	48
2214	31
2216	9
2220	12
2222	10
2226	19
2229	6
2233	5
2234	10
2235	5
2237	6
2242	5
2247	6
2254	8
2257	11
2267	22
2270	37
2273	7
2275	6
2283	10
2284	8
2285	5
2292	9
2293	11
2294	7
2299	6
2307	11
2323	7
2324	61
2330	45
2331	5
2332	6
2335	10
2348	7
2349	10
2351	53
2356	5
2360	7
2363	10
2366	5
2370	10
2371	6
2376	7
2379	13
2380	6
2382	12
2386	11
2388	7
2390	7
2397	5
2398	15
2412	16
2423	5
2425	6
2427	22
2434	6
2436	7
2438	6
2440	11
2445	82
2446	69
2448	33
2456	15
2459	13
2470	15
2476	6
2477	42
2478	13
2483	24
2484	30
2489	8
2494	17
2495	6
2502	13
2504	18
2505	7
2507	5
2508	16
2509	7
2510	10
2513	10
2514	8
2518	9
2522	70
2526	46
2527	7
2528	6
2530	5
2531	88
2532	29
2534	11
2540	27
2543	11
2546	18
2556	5
2560	14
2561	46
2562	12
2564	7
2569	16
2578	7
2579	11
2580	7
2592	7
2593	18
2596	16
2603	7
2606	5
2611	8
2613	5
2614	9
2616	71
2617	14
2618	7
2619	27
2621	23
2624	6
2625	28
2627	5
2630	95
2631	11
2641	7
2648	26
2653	5
2656	11
2660	11
2663	9
2664	6
2665	11
2670	5
2672	16
2673	5
2676	5
2678	14
2682	6
2690	10
2693	6
2695	14
2697	8
2703	12
2707	13
2709	6
2711	6
2712	6
2719	36
2722	32
2723	10
2726	5
2727	11
2728	11
2736	16
2739	40
2744	6
2745	6
2746	16
2748	7
2750	66
2752	8
2755	5
2762	8
2763	11
2764	5
2766	12
2768	69
2776	9
2778	12
2784	6
2786	11
2787	11
2789	22
2792	7
2794	14
2798	14
2799	5
2802	9
2807	5
2810	7
2825	9
2827	10
2828	14
2861	7
2862	39
2864	19
2865	9
2868	7
2871	8
2873	6
2874	6
2875	12
2878	69
2880	12
2881	12
2883	18
2886	10
2887	41
2888	15
2889	8
2893	7
2894	14
2896	31
2899	8
2902	18
2905	9
2908	5
2910	12
2914	16
2915	12
2917	61
2918	5
2923	6
2924	11
2926	9
2929	14
2931	67
2932	22
2937	59
2939	8
2943	19
2944	10
2946	11
2950	9
2951	17
2955	96
2964	5
2967	9
2968	48
2971	6
2972	12
2973	50
2974	12
2976	14
2977	7
2980	7
2990	49
2993	27
2994	6
2995	44
2997	21
2999	15
3003	7
3004	7
3005	6
3006	86
3009	28
3017	6
3019	5
3020	6
3023	6
3025	17
3032	13
3034	253
3035	6
3038	20
3041	21
3042	8
3043	9
3045	13
3047	15
3053	6
3061	6
3062	12
3066	14
3068	10
3075	33
3077	15
3079	6
3081	21
3082	27
3084	5
3087	80
3090	14
3091	90
3092	19
3094	10
3095	84
3100	37
3104	9
3106	8
3109	37
3110	10
3113	5
3114	5
3118	6
3120	6
3126	8
3128	23
3131	7
3132	8
3139	5
3140	26
3142	23
3143	8
3148	18
3152	6
3154	9
3155	12
3157	8
3159	6
3168	9
3170	6
3176	5
3178	9
3180	5
3181	18
3182	149
3183	5
3185	12
3187	9
3191	124
3193	7
3195	7
3196	14
3198	17
3199	25
3202	7
3205	8
3209	5
3211	32
3213	25
3215	24
3223	10
3228	20
3231	6
3232	58
3233	12
3235	8
3236	6
3238	9
3242	5
3243	6
3244	6
3245	5
3256	6
3261	7
3266	20
3273	67
3275	13
3278	49
3280	12
3284	23
3287	5
3289	16
3291	47
3294	150
3305	30
3311	8
3312	14
3314	6
3319	10
3321	5
3335	53
3337	6
3340	70
3342	11
3344	6
3348	6
3349	46
3351	5
3353	10
3359	31
3367	8
3369	8
3371	5
3372	12
3373	5
3381	11
3384	32
3389	7
3391	12
3392	169
3396	7
3400	5
3401	8
3403	7
3405	125
3407	5
3408	9
3410	5
3415	6
3418	10
3419	5
3423	7
3425	23
3428	28
3430	11
3433	6
3437	5
3447	6
3449	17
3452	11
3462	5
3474	16
3476	9
3477	5
3485	15
3487	13
3489	5
3490	26
3497	7
3498	5
3501	223
3503	12
3511	121
3516	6
3517	6
3518	33
3524	25
3530	5
3533	17
3535	5
3538	6
3543	10
3548	6
3549	17
3559	7
3560	14
3562	8
3566	7
3568	100
3571	11
3575	13
3576	18
3577	5
3579	24
3589	5
3592	21
3596	8
3600	17
3602	65
3606	11
3607	8
3610	5
3612	5
3613	5
3615	14
3616	6
3619	16
3621	7
3626	7
3630	46
3632	10
3638	5
3640	8
3643	12
3647	8
3648	7
3652	7
3657	6
3658	39
3661	6
3663	9
3664	5
3665	7
3669	6
3671	6
3672	9
3677	30
3678	12
3683	17
3687	18
3688	47
3690	9
3691	15
3693	12
3700	6
3702	167
3710	7
3711	53
3712	6
3714	6
3716	5
3718	11
3723	9
3724	10
3725	5
3728	5
3735	196
3740	6
3747	34
3751	6
3752	208
3763	56
3764	5
3765	12
3767	7
3773	11
3774	73
3776	9
3783	5
3784	46
3787	61
3790	58
3796	5
3806	56
3809	14
3811	10
3812	24
3815	5
3821	93
3822	256
3831	12
3836	91
3840	5
3841	7
3858	13
3869	13
3871	7
3872	13
3873	152
3881	44
3886	6
3897	6
3900	85
3901	7
3906	7
3907	11
3910	6
3911	20
3912	9
3913	15
3914	55
3915	29
3917	78
3925	18
3930	20
3933	7
3938	7
3940	5
3947	5
3949	8
3950	5
3966	11
3970	55
3976	8
3982	15
3984	62
3989	25
3997	12
3998	10
4002	5
4004	9
4005	6
4008	7
4009	17
4010	5
4012	5
4013	19
4016	19
4017	63
4027	6
4029	6
4031	5
4036	7
4037	21
4040	8
4041	16
4044	42
4046	11
4047	20
4048	32
4056	183
4059	8
4060	8
4061	6
4065	14
4066	19
4067	5
4070	21
4071	10
4076	11
4078	10
4080	16
4087	13
4088	132
4094	20
4098	7
4099	15
4100	17
4102	66
4103	6
4105	77
4111	118
4113	99
4116	11
4121	49
4122	17
4124	6
4127	5812
4128	8
4131	11
4135	17
4136	20
4138	8
4141	5
4142	25
4143	6
4148	9
4149	6
4152	21
4155	8
4160	9
4162	39
4163	8
4166	5
4168	5
4169	12
4175	7
4180	6
4181	5
4182	6
4184	10
4189	10
4193	5
4195	6
4203	5
4205	45
4212	6
4213	27
4214	8
4215	31
4216	7
4222	11
4223	32
4224	6
4227	20
4229	14
4231	9
4235	12
4239	13
4241	6
4246	6
4247	13
4248	15
4259	120
4260	9
4261	9
4262	13
4271	12
4277	8
4281	19
4283	7
4284	9
4286	13
4294	8
4297	8
4298	32
4304	17
4305	5
4308	5
4316	8
4326	11
4329	30
4332	45
4333	31
4340	5
4342	9
4345	9
4347	22
4351	29
4356	34
4357	5
4365	12
4366	30
4367	10
4377	26
4382	7
4384	5
4390	6
4391	5
4395	31
4398	22
4399	17
4403	25
4407	6
4408	7
4414	13
4417	6
4419	6
4420	6
4421	8
4424	5
4425	10
4426	25
4441	6
4448	7
4449	5
4450	6
4452	5
4456	39
4458	43
4459	5
4461	7
4462	11
4463	22
4464	5
4465	12
4466	9
4481	5
4484	6
4488	7
4490	7
4493	14
4494	8
4502	15
4504	29
4505	5
4506	8
4508	8
4515	9
4517	6
4518	6
4522	11
4527	18
4536	5
4538	28
4541	7
4545	7
4550	14
4559	12
4562	6
4566	5
4567	11
4569	8
4581	5
4588	6
4589	9
4592	5
4594	6
4598	24
4603	24
4604	36
4611	10
4617	5
4622	6
4624	10
4631	6
4633	7
4634	7
4635	5
4636	5
4639	5
4642	232
4644	34
4653	33
4656	7
4658	18
4659	16
4660	5
4661	25
4664	9
4666	7
4667	12
4669	8
4675	5
4679	7
4680	14
4686	9
4687	14
4689	9
4692	6
4694	12
4699	25
4703	11
4706	5
4707	8
4716	17
4721	9
4723	9
4726	6
4731	6
4733	14
4735	28
4737	19
4748	6
4757	8
4762	5
4764	6
4766	7
4767	5
4771	8
4773	7
4774	15
4783	6
4788	5
4792	13
4798	7
4809	8
4820	6
4824	16
4826	8
4832	6
4840	22
4841	7
4846	73
4852	83
4854	7
4855	10
4861	49
4862	23
4863	8
4864	33
4872	14
4875	17
4877	28
4881	11
4883	10
4884	5
4885	6
4887	8
4890	9
4894	8
4895	19
4896	24
4897	111
4898	9
4901	16
4906	10
4907	15
4914	8
4919	6
4927	5
4930	12
4942	7
4944	6
4945	6
4952	6
4954	11
4956	10
4957	5
4963	55
4964	10
4973	58
4975	6
4978	14
4986	7
4987	10
4994	5
4998	9
5002	8
5008	5
5009	7
5018	63
5021	23
5026	16
5029	47
5031	6
5037	6
5042	6
5045	18
5053	9
5054	6
5056	9
5061	5
5062	33
5064	14
5065	10
5067	7
5068	7
5070	7
5071	5
5074	45
5076	11
5077	89
5078	10
5079	7
5080	7
5081	9
5084	5
5086	57
5090	30
5092	17
5093	16
5096	18
5100	6
5103	7
5116	9
5122	7
5124	18
5127	9
5132	5
5136	7
5138	6
5143	8
5144	6
5149	35
5151	5
5153	46
5159	6
5160	48
5163	20
5172	9
5175	30
5176	5
5181	81
5182	5
5184	16
5185	7
5187	11
5188	22
5189	7
5191	5
5194	8
5198	23
5199	53
5200	7
5201	57
5208	147
5217	5
5218	6
5226	175
5232	14
5233	10
5234	7
5235	6
5239	8
5240	20
5241	17
5242	11
5243	8
5249	11
5250	8
5252	9
5253	7
5254	5
5255	12
5258	5
5260	19
5262	13
5263	6
5264	5
5267	387
5278	10
5279	9
5282	10
5283	5
5285	10
5289	7
5291	7
5292	9
5296	19
5298	42
5299	7
5300	11
5301	33
5303	74
5309	11
5316	38
5318	688
5331	5
5332	16
5333	8
5338	5
5340	5
5344	119
5351	24
5352	28
5365	70
5370	19
5374	7
5375	7
5380	5
5382	17
5383	17
5389	6
5391	11
5396	56
5398	6
5403	114
5405	6
5409	5
5412	10
5413	5
5415	18
5423	9
5430	20
5434	15
5441	7
5443	9
5444	10
5448	32
5451	6
5458	112
5460	93
5476	171
5479	6
5482	8
5487	16
5488	6
5502	9
5504	56
5512	6
5513	16
5514	8
5515	15
5522	17
5536	5
5541	10
5544	14
5545	5
5548	16
5550	8
5553	9
5558	5
5559	11
5561	26
5562	8
5569	5
5571	5
5576	11
5581	5
5582	5
5589	12
5596	5
5604	16
5606	17
5607	7
5608	10
5609	8
5611	10
5615	8
5616	37
5617	11
5618	6
5621	5
5630	6
5631	7
5632	101
5636	7
5643	13
5648	9
5649	5
5651	16
5655	47
5659	15
5660	13
5669	11
5672	18
5673	19
5677	34
5683	9
5691	6
5698	15
5699	5
5700	20
5708	18
5710	6
5713	8
5716	5
5724	8
5725	13
5727	13
5729	8
5730	33
5737	19
5744	5
5746	32
5747	9
5748	14
5750	10
5751	12
5758	11
5766	31
5768	41
5771	34
5773	5
5782	5
5783	58
5785	6
5791	9
5794	179
5797	7
5808	11
5810	12
5811	5
5814	7
5817	8
5822	14
5825	5
5832	6
5835	22
5836	9
5839	17
5843	6
5844	36
5846	26
5852	7
5854	63
5855	37
5856	36
5859	8
5861	11
5864	227
5866	55
5874	11
5877	63
5883	25
5884	8
5890	6
5892	211
5909	29
5911	14
5920	15
5921	51
5922	6
5923	8
5924	63
5935	5
5938	5
5939	12
5940	36
5942	22
5943	38
5945	6
5951	5
5960	6
5963	10
5967	5
5969	57
5971	5
5972	89
5999	8
6003	16
6009	30
6012	13
6015	9
6022	7
6025	12
6034	5
6035	5
6043	25
6045	6
6048	26
6053	6
6058	13
6071	5
6074	5
6084	9
6097	8
6098	5
6101	5
6104	8
6106	13
6107	12
6119	36
6121	6
6122	143
6124	25
6131	6
6133	20
6137	6
6139	6
6140	7
6146	91
6149	33
6157	5
6159	8
6161	15
6166	222
6171	6
6172	12
6173	7
6184	9
6191	7
6193	7
6195	12
6202	8
6207	9
6209	20
6214	21
6215	7
6217	5
6222	6
6223	8
6233	12
6239	13
6242	17
6243	10
6254	17
6257	14
6258	6
6264	18
6266	67
6271	9
6276	7
6278	6
6281	5
6287	21
6290	9
6291	7
6301	1215
6304	686
6307	7
6313	48
6315	22
6329	56
6331	23
6332	5
6334	5
6335	5
6338	10
6339	6
6344	8
6346	48
6349	6
6362	10
6363	5
6368	21
6370	11
6373	6
6385	11
6386	6
6390	13
6392	9
6394	10
6395	5
6396	91
6398	11
6399	46
6415	6
6433	5
6434	5
6436	5
6444	8
6453	5
6457	6
6458	18
6469	7
6470	8
6471	14
6472	80
6473	8
6475	8
6479	8
6486	9
6489	18
6492	30
6493	6
6497	7
6498	7
6499	17
6500	7
6507	7
6511	8
6512	6
6518	13
6526	9
6540	6
6543	6
6545	5
6548	6
6549	10
6551	8
6554	8
6557	19
6562	29
6563	12
6565	31
6566	15
6567	13
6571	6
6579	5
6588	19
6593	32
6600	6
6607	16
6609	232
6610	5
6611	5
6617	8
6618	61
6619	65
6621	5
6622	10
6625	39
6628	8
6631	33
6632	11
6637	7
6641	12
6642	5
6644	12
6646	9
6647	8
6650	6
6651	8
6653	6
6654	9
6658	5
6661	34
6666	5
6668	6
6670	5
6671	28
6674	10
6675	12
6677	7
6682	6
6686	8
6692	7
6696	39
6697	6
6698	6
6700	271
6706	10
6711	69
6713	40
6716	6
6717	6
6725	79
6726	8
6730	5
6733	11
6740	5
6754	6
6755	6
6756	6
6759	14
6768	71
6769	142
6772	19
6773	10
6774	11
6775	10
6781	6
6785	188
6787	50
6791	5
6792	5
6794	57
6795	12
6796	30
6798	13
6802	6
6808	6
6817	12
6828	6
6834	45
6843	8
6844	101
6847	42
6848	9
6849	16
6855	6
6856	11
6859	155
6861	15
6862	6
6866	7
6868	26
6870	86
6874	15
6879	6
6880	7
6881	48
6883	8
6885	6
6887	6
6893	5
6894	54
6902	8
6905	7
6912	8
6920	16
6922	19
6931	5
6933	5
6934	7
6936	7
6937	16
6938	5
6940	21
6941	154
6945	6
6949	7
6955	44
6956	17
6957	5
6959	36
6962	16
6963	14
6970	13
6972	16
6973	6
6979	13
6983	5
6986	7
6987	18
6991	19
6994	14
6997	7
6998	82
7004	6
7006	7
7009	20
7014	7
7017	19
7019	10
7024	6
7026	13
7029	12
7030	7
7031	40
7032	10
7033	5
7034	12
7037	6
7038	39
7040	8
7041	33
7042	7
7045	14
7046	12
7047	33
7048	8
7050	5
7051	17
7053	8
7058	6
7062	10
7063	13
7071	43
7072	8
7078	15
7087	13
7089	22
7090	46
7102	20
7106	14
7107	11
7110	9
7111	5
7112	6
7115	10
7116	8
7117	6
7124	8
7128	93
7132	5
7134	5
7136	5
7138	11
7144	5
7148	8
7149	6
7150	6
7151	5
7157	5
7158	5
7159	6
7164	7
7166	42
7169	47
7172	20
7175	7
7178	28
7182	5
7184	6
7187	7
7189	10
7190	8
7191	30
7193	5
7194	5
7197	7
7199	6
7204	28
7212	5
7213	8
7215	19
7221	14
7223	28
7228	15
7232	16
7235	18
7236	5
7240	5
7242	6
7243	7
7244	8
7246	5
7248	8
7249	5
7252	8
7255	7
7258	7
7259	5
7262	61
7264	69
7266	118
7271	14
7272	32
7279	48
7282	9
7288	12
7289	8
7290	21
7293	8
7296	5
7297	15
7298	27
7300	11
7304	47
7320	7
7321	18
7329	5
7330	5
7338	9
7340	5
7342	9
7348	8
7349	25
7351	15
7352	11
7358	6
7359	5
7365	51
7367	27
7370	9
7381	11
7383	8
7385	10
7386	17
7387	7
7394	7
7395	9
7397	9
7398	10
7399	17
7403	6
7408	18
7409	10
7410	17
7411	22
7412	51
7415	7
7417	12
7425	26
7426	37
7427	8
7428	7
7431	6
7433	12
7437	47
7441	5
7443	9
7449	5
7450	5
7457	7
7458	7
7461	6
7462	26
7463	12
7465	13
7467	20
7468	7
7470	5
7471	28
7475	16
7480	8
7482	5
7484	6
7486	14
7489	8
7492	9
7493	6
7494	9
7513	5
7516	6
7520	27
7523	15
7526	8
7527	5
7528	8
7532	6
7533	17
7534	7
7541	5
7543	92
7545	12
7546	34
7548	5
7550	6
7562	6
7563	25
7569	5
7579	11
7581	72
7582	5
7583	11
7587	10
7592	11
7607	9
7608	7
7610	12
7621	195
7623	8
7626	5
7629	10
7634	14
7635	20
7638	134
7639	6
7640	12
7641	21
7644	9
7646	6
7647	12
7648	5
7660	18
7664	5
7667	6
7671	33
7676	15
7682	6
7684	14
7685	14
7686	5
7690	11
7691	33
7693	6
7694	5
7696	8
7697	5
7698	6
7699	6
7704	5
7713	6
7714	13
7715	5
7721	8
7725	8
7726	11
7734	5
7735	12
7739	29
7741	5
7743	45
7748	6
7756	10
7758	5
7759	18
7761	11
7766	10
7770	12
7776	129
7781	7
7782	27
7789	14
7790	10
7792	5
7798	6
7799	20
7800	18
7802	5
7806	6
7808	5
7810	7
7811	5
7812	7
7817	16
7819	68
7820	17
7825	5
7827	22
7830	8
7832	7
7839	5
7840	6
7842	36
7844	5
7845	19
7846	8
7852	48
7854	16
7855	20
7861	9
7866	13
7868	9
7870	41
7873	12
7874	44
7876	7
7882	17
7886	10
7888	6
7889	5
7892	9
7895	13
7896	7
7901	17
7902	8
7906	9
7912	11
7913	34
7917	5
7921	12
7922	7
7932	9
7950	11
7954	9
7956	26
7957	8
7959	6
7963	7
7964	34
7966	41
7967	5
7968	71
7971	24
7977	50
7980	11
7983	16
7984	7
7986	146
7988	18
7993	9
7998	17
8005	5
8006	14
8008	33
8010	35
8012	6
8014	6
8015	7
8017	36
8025	12
8026	7
8031	7
8032	18
8033	7
8037	10
8038	8
8040	20
8042	29
8044	5
8046	11
8053	26
8054	64
8055	7
8057	12
8060	22
8063	6
8064	22
8066	13
8068	5
8072	8
8074	7
8075	5
8078	5
8079	11
8086	7
8089	5
8091	5
8095	6
8098	104
8099	14
8103	6
8104	17
8107	9
8108	10
8120	6
8122	13
8130	22
8142	36
8144	38
8145	29
8148	14
8150	28
8152	6
8153	5
8157	14
8160	9
8162	8
8163	7
8164	9
8171	7
8175	13
8186	12
8187	34
8189	5
8192	17
8197	34
8202	8
8208	6
8210	8
8213	152
8217	26
8218	67
8227	13
8229	7
8230	10
8242	25
8243	18
8246	54
8249	16
8252	26
8261	5
8262	7
8263	23
8268	12
8276	27
8277	5
8279	32
8280	5
8284	17
8287	5
8289	6
8291	12
8293	20
8294	22
8297	6
8298	14
8300	6
8304	19
8307	17
8309	10
8311	5
8321	52
8324	23
8325	5
8329	10
8331	15
8337	15
8339	299
8350	10
8351	104
8353	8
8357	6
8358	6
8359	7
8361	12
8363	5
8368	40
8369	13
8375	26
8376	103
8377	12
8380	167
8383	10
8384	12
8387	8
8389	22
8390	9
8391	51
8395	70
8398	6
8399	5
8400	11
8403	6
8408	21
8410	5
8413	6
8417	8
8418	5
8419	9
8425	9
8426	17
8439	10
8443	5
8445	14
8449	138
8451	70
8452	50
8457	10
8462	17
8466	5
8467	11
8478	8
8479	84
8480	7
8483	6
8484	17
8488	5
8491	6
8497	17
8503	16
8506	15
8507	5
8508	26
8509	25
8510	56
8513	29
8514	6
8520	32
8523	5
8525	30
8528	6
8533	71
8535	20
8536	40
8547	14
8549	13
8552	16
8556	9
8558	22
8559	5
8560	21
8562	65
8564	11
8568	10
8570	5
8571	19
8573	36
8586	45
8587	18
8590	5
8594	24
8597	5
8599	8
8602	12
8616	10
8624	29
8625	7
8626	17
8630	37
8637	5
8641	5
8643	6
8647	6
8663	9
8669	12
8672	6
8674	11
8683	11
8684	143
8686	14
8687	9
8697	8
8699	6
8703	10
8704	15
8707	5
8710	27
8711	6
8717	13
8718	7
8720	9
8721	10
8722	9
8724	7
8726	6
8727	7
8730	7
8734	12
8738	6
8739	34
8740	22
8741	8
8743	71
8752	19
8755	15
8760	27
8761	7
8765	17
8773	5
8791	9
8792	6
8793	21
8794	5
8796	12
8803	35
8804	8
8805	14
8806	49
8810	9
8813	16
8816	5
8817	22
8820	13
8821	26
8829	6
8832	35
8836	7
8837	5
8842	5
8843	10
8847	8
8852	5
8859	54
8860	11
8865	1190
8866	5
8879	52
8885	9
8886	5
8887	82
8894	9
8897	6
8898	5
8899	26
8900	7
8902	9
8903	5
8905	7
8909	12
8910	8
8912	27
8914	5
8915	19
8920	20
8922	17
8923	34
8925	6
8927	15
8933	5
8934	6
8937	5
8941	5
8943	10
8944	44
8947	7
8952	8
8953	6
8961	5
8963	5
8965	6
8969	373
8971	5
8978	43
8981	19
8987	104
8992	8
8993	6
8995	201
8996	5
9000	5
9006	5
9010	88
9011	6
9028	35
9030	16
9031	5
9032	9
9034	24
9035	5
9037	19
9038	27
9040	8
9045	27
9046	39
9047	6
9049	13
9054	59
9060	5
9062	7
9066	7
9068	7
9072	21
9078	16
9080	11
9083	8
9093	13
9096	7
9103	32
9117	15
9120	9
9121	48
9123	5
9124	9
9126	26
9128	26
9130	13
9144	22
9145	7
9148	12
9149	7
9153	60
9157	6
9165	28
9168	5
9175	112
9179	6
9180	37
9185	6
9187	10
9189	5
9193	89
9194	7
9198	5
9201	32
9202	8
9206	7
9208	5
9214	10
9225	29
9230	17
9232	11
9238	8
9242	21
9252	7
9253	6
9262	5
9265	32
9275	5
9277	6
9284	6
9285	42
9291	6
9293	18
9299	5
9314	6
9315	10
9323	9
9330	53
9331	6
9340	15
9347	17
9348	10
9360	9
9361	9
9362	5
9365	12
9371	7
9375	9
9379	8
9389	6
9394	178
9396	8
9397	6
9399	9
9408	8
9410	6
9423	8
9433	11
9442	5
9445	82
9448	60
9453	39
9457	5
9458	13
9467	7
9469	6
9470	6
9473	6
9474	32
9475	10
9481	6
9486	6
9489	5
9491	5
9493	18
9500	30
9502	7
9509	6
9511	6
9515	6
9517	9
9518	6
9523	5
9526	639
9531	5
9538	206
9542	35
9546	116
9547	5
9548	18
9549	18
9551	5
9556	5
9557	6
9561	113
9563	14
9571	35
9581	10
9582	27
9584	39
9587	19
9589	148
9591	24
9596	5
9598	8
9608	13
9609	5
9610	90
9611	49
9613	9
9617	15
9618	15
9620	12
9622	13
9624	17
9625	206
9627	114
9628	5
9632	10
9633	20
9637	41
9640	5
9648	51
9652	7
9658	6
9661	9
9666	5
9669	258
9676	43
9678	5
9695	9
9699	16
9700	11
9701	10
9704	14
9711	8
9712	5
9714	8
9716	63
9717	10
9719	17
9721	34
9722	6
9724	18
9727	77
9728	5
9736	5
9738	27
9743	13
9747	5
9751	7
9752	5
9755	7
9757	25
9761	6
9763	25
9764	36
9766	62
9769	6
9770	8
9772	6
9777	5
9784	77
9791	7
9792	20
9793	8
9796	5
9800	25
9801	16
9803	31
9805	27
9809	20
9812	6
9813	51
9817	9
9818	6
9820	5
9822	41
9825	43
9826	11
9827	8
9830	13
9843	7
9844	5
9853	5
9855	5
9858	7
9859	9
9860	6
9863	6
9864	8
9865	5
9866	20
9870	7
9889	6
9890	91
9895	8
9909	7
9915	19
9920	5
9924	109
9925	21
9926	59
9931	9
9932	8
9933	6
9934	37
9935	20
9938	16
9942	6
9943	7
9944	7
9947	39
9948	14
9951	6
9958	15
9959	6
9962	34
9964	19
9966	7
9968	5
9974	1209
9975	10
9976	27
9980	5
9982	12
9983	39
9992	17
9993	5
9994	5
9995	12
9996	9
9998	13
9999	11
10000	21
10001	9
10004	5
10014	5
10017	7
10018	5
10024	18
10029	7
10031	6
10038	7
10039	6
10040	8
10041	10
10050	5
10057	13
