1	7
19	8
23	13
27	7
30	6
33	6
37	6
40	6
52	5
56	21
58	5
60	5
61	10
63	33
65	13
74	7
76	6
92	9
93	5
99	5
108	6
122	10
125	14
133	14
134	16
136	5
158	18
162	5
167	6
173	9
184	9
186	5
187	8
189	5
191	9
211	8
216	7
236	6
237	15
243	74
251	14
253	5
257	9
258	11
271	7
300	5
303	10
307	5
311	5
312	7
322	7
324	21
328	12
331	6
333	5
341	19
347	8
353	17
355	6
359	25
366	7
384	7
385	11
400	6
406	5
407	6
408	9
412	33
415	7
417	13
418	8
421	6
432	8
435	14
436	8
449	5
456	5
457	9
467	10
470	8
471	6
483	7
506	8
509	6
511	30
513	12
518	6
526	12
528	6
531	18
534	33
539	8
540	6
546	5
547	6
557	9
558	45
568	5
578	11
579	38
589	5
591	8
594	7
605	7
606	10
613	11
622	7
627	5
628	7
629	5
633	13
640	57
649	13
651	6
657	7
661	8
677	6
680	6
686	6
687	12
700	6
705	5
710	13
715	6
716	6
719	8
720	6
722	11
723	16
726	49
733	39
734	6
742	13
746	14
754	5
758	24
760	6
772	6
793	14
826	52
829	6
830	6
841	12
852	13
853	14
855	7
857	60
862	12
865	6
867	6
875	13
878	39
880	7
883	31
890	5
894	8
895	7
902	5
905	21
915	8
919	6
925	11
927	8
930	24
936	5
949	5
953	5
957	5
958	22
969	8
971	6
976	20
979	39
986	5
991	12
995	6
1000	8
1002	6
1005	10
1009	5
1013	6
1017	16
1022	10
1025	8
1026	5
1027	9
1029	43
1031	13
1042	6
1047	7
1052	12
1066	5
1067	28
1071	16
1074	9
1086	5
1090	5
1095	9
1098	11
1108	37
1118	21
1121	13
1122	15
1125	10
1126	7
1128	9
1132	254
1143	20
1147	13
1152	5
1155	5
1166	5
1168	17
1176	7
1178	8
1186	36
1188	6
1192	8
1194	5
1199	7
1203	5
1204	9
1206	10
1212	9
1213	32
1215	7
1221	6
1225	27
1236	16
1238	5
1240	8
1246	19
1256	16
1264	6
1267	65
1274	9
1288	5
1293	8
1296	8
1310	6
1313	9
1325	13
1326	5
1329	15
1331	37
1341	5
1346	17
1350	10
1356	6
1357	23
1359	9
1364	12
1369	31
1370	18
1382	37
1388	17
1396	32
1406	31
1408	12
1412	5
1422	8
1437	9
1440	41
1442	6
1448	5
1450	5
1451	6
1464	7
1469	40
1475	5
1478	9
1486	13
1503	10
1504	8
1505	14
1507	14
1512	15
1514	7
1519	14
1520	12
1522	7
1527	20
1529	8
1540	30
1554	16
1564	6
1573	5
1580	71
1588	5
1602	75
1604	10
1630	9
1632	37
1633	5
1637	8
1641	5
1642	33
1656	11
1662	18
1677	7
1679	53
1689	93
1690	7
1700	9
1702	30
1707	18
1716	6
1720	5
1724	12
1730	9
1732	6
1736	8
1739	8
1741	5
1744	6
1745	9
1747	20
1753	11
1759	13
1774	5
1780	5
1783	21
1787	9
1797	9
1810	9
1818	14
1822	6
1828	12
1831	8
1833	10
1834	12
1835	38
1840	11
1842	12
1854	7
1861	5
1873	6
1882	14
1886	13
1892	6
1894	12
1897	5
1905	11
1919	10
1937	32
1941	9
1943	14
1945	7
1953	6
1957	9
1958	23
1969	6
1980	5
1981	9
1985	10
1994	5
1999	6
2011	8
2023	13
2024	15
2036	9
2046	11
2048	9
2049	32
2059	12
2071	19
2074	18
2075	6
2078	6
2089	5
2095	5
2097	14
2105	6
2117	22
2125	6
2127	8
2130	36
2132	7
2136	13
2142	5
2147	6
2149	8
2155	20
2157	31
2158	6
2164	12
2175	10
2190	12
2196	6
2205	6
2210	5
2212	15
2214	16
2216	5
2220	6
2222	5
2226	12
2242	6
2257	6
2267	11
2270	18
2283	9
2293	8
2299	6
2324	41
2330	20
2348	6
2351	32
2363	5
2370	7
2382	7
2398	6
2409	6
2412	26
2427	17
2445	37
2446	38
2448	20
2456	8
2477	31
2478	8
2483	16
2484	19
2489	5
2494	7
2502	9
2504	6
2508	9
2510	7
2522	26
2526	22
2527	6
2531	57
2532	18
2534	7
2540	10
2543	9
2546	10
2560	8
2561	25
2562	8
2569	8
2579	5
2593	12
2596	16
2606	5
2614	5
2616	30
2617	7
2619	11
2621	13
2624	5
2625	18
2630	53
2631	10
2663	6
2672	9
2690	8
2693	6
2695	8
2697	8
2711	5
2719	20
2722	24
2723	5
2728	6
2736	9
2739	6
2746	7
2750	45
2762	5
2763	6
2768	37
2778	8
2786	7
2787	6
2789	13
2794	7
2798	7
2807	5
2815	5
2828	12
2862	16
2864	6
2865	5
2874	5
2875	8
2878	28
2880	5
2886	6
2887	39
2888	12
2889	5
2893	7
2894	6
2896	10
2899	6
2910	7
2914	11
2915	5
2917	31
2924	6
2929	7
2931	31
2932	15
2937	38
2943	13
2944	6
2950	5
2951	12
2955	44
2964	5
2968	25
2972	6
2973	23
2974	6
2976	5
2990	26
2993	6
2997	6
2999	5
3006	40
3009	16
3020	5
3023	7
3025	10
3032	10
3034	135
3038	6
3041	12
3045	10
3047	6
3053	5
3062	5
3068	5
3075	13
3077	10
3081	10
3082	15
3087	41
3091	50
3092	18
3094	7
3095	22
3100	19
3106	5
3109	16
3110	6
3118	6
3128	22
3131	5
3140	8
3142	6
3143	5
3148	7
3155	5
3168	5
3174	6
3181	7
3182	54
3191	64
3195	6
3198	7
3199	12
3202	5
3205	5
3206	5
3211	17
3213	12
3215	13
3223	9
3228	9
3232	32
3233	7
3236	5
3261	6
3266	7
3273	31
3275	5
3278	19
3280	6
3284	14
3289	11
3291	23
3294	83
3305	12
3311	7
3312	12
3319	5
3335	26
3340	33
3349	34
3359	9
3367	8
3372	5
3381	7
3384	5
3392	76
3405	11
3423	8
3425	14
3428	20
3430	8
3449	12
3452	7
3474	7
3487	11
3490	10
3501	109
3503	8
3511	55
3518	23
3524	14
3549	6
3560	7
3566	5
3568	62
3571	10
3575	8
3576	9
3579	21
3592	11
3602	37
3606	6
3607	7
3615	5
3619	11
3626	8
3630	11
3640	8
3652	5
3658	28
3661	6
3663	8
3665	5
3672	6
3677	10
3678	6
3683	15
3687	6
3688	22
3691	9
3693	8
3702	88
3710	6
3711	29
3716	5
3718	7
3724	7
3735	91
3740	5
3747	24
3752	103
3763	31
3765	11
3774	29
3775	5
3784	23
3787	29
3790	40
3806	28
3809	5
3811	5
3812	18
3821	47
3822	124
3836	34
3837	6
3869	8
3871	5
3873	74
3881	26
3897	6
3900	44
3911	10
3913	5
3914	32
3915	19
3917	25
3925	8
3930	12
3933	5
3943	5
3949	5
3966	7
3970	33
3982	12
3984	32
3997	9
3998	7
4002	6
4009	16
4013	5
4016	11
4017	33
4041	8
4044	21
4046	7
4047	9
4048	9
4056	95
4059	6
4065	8
4066	12
4078	6
4080	10
4088	58
4094	9
4098	6
4099	7
4100	11
4102	28
4105	22
4111	49
4113	45
4116	9
4121	33
4122	5
4127	2730
4135	16
4136	12
4138	5
4142	11
4143	5
4148	6
4149	5
4152	13
4162	20
4169	6
4175	6
4189	10
4203	5
4205	18
4212	5
4213	8
4215	10
4216	5
4222	9
4223	7
4247	6
4248	11
4259	57
4260	8
4261	7
4262	7
4271	5
4281	11
4284	9
4294	6
4297	6
4298	11
4304	12
4325	6
4332	11
4345	7
4347	5
4351	24
4356	16
4366	19
4367	6
4377	19
4390	5
4395	20
4398	7
4399	11
4403	15
4408	6
4421	5
4426	12
4441	9
4458	22
4462	9
4463	11
4465	8
4466	6
4490	7
4493	10
4504	12
4522	7
4527	10
4538	23
4541	6
4545	5
4550	7
4559	6
4566	5
4567	8
4569	5
4589	9
4594	8
4598	11
4603	11
4604	29
4642	33
4644	19
4653	19
4658	7
4659	8
4661	18
4680	11
4686	8
4699	14
4703	6
4716	9
4723	5
4726	6
4757	8
4824	8
4840	13
4846	44
4852	48
4855	5
4856	5
4861	24
4862	16
4864	9
4872	13
4875	6
4877	20
4883	10
4885	5
4887	8
4895	7
4896	15
4897	43
4899	5
4901	11
4906	5
4910	6
4919	6
4939	5
4942	7
4954	10
4956	6
4963	41
4964	6
4973	35
4975	6
4978	14
4987	7
5009	6
5014	10
5018	37
5021	12
5026	8
5029	22
5045	11
5053	5
5056	7
5062	18
5064	12
5074	24
5077	43
5081	5
5084	5
5086	32
5090	15
5093	5
5100	6
5103	7
5116	6
5124	9
5127	9
5149	15
5153	24
5160	17
5161	5
5163	7
5181	25
5184	6
5188	5
5194	5
5198	13
5199	24
5201	31
5208	67
5217	5
5226	81
5232	11
5233	7
5238	6
5240	8
5249	6
5250	6
5255	8
5256	5
5262	11
5267	215
5279	8
5285	5
5289	7
5291	6
5296	12
5298	22
5299	5
5300	5
5301	15
5303	44
5309	6
5316	22
5318	350
5332	12
5344	60
5351	10
5352	16
5365	34
5382	10
5383	8
5396	23
5403	14
5409	5
5412	7
5413	5
5415	9
5430	8
5444	5
5448	10
5458	39
5460	44
5476	58
5487	6
5502	5
5504	26
5522	6
5530	7
5544	12
5548	7
5553	7
5561	17
5569	7
5576	10
5604	8
5606	12
5609	8
5616	17
5617	9
5632	45
5648	7
5651	7
5655	10
5659	9
5672	9
5673	12
5677	15
5683	5
5689	7
5698	8
5700	12
5708	11
5710	5
5716	5
5724	5
5725	7
5727	5
5729	5
5730	6
5737	17
5746	10
5747	5
5750	8
5758	5
5766	12
5768	17
5771	18
5773	5
5783	28
5786	7
5792	7
5794	88
5808	9
5810	12
5811	5
5839	9
5844	14
5854	31
5856	10
5864	119
5866	36
5874	8
5877	39
5883	6
5892	92
5909	14
5911	8
5920	8
5921	24
5924	29
5932	5
5935	5
5939	7
5942	14
5943	24
5945	6
5960	5
5963	6
5969	15
5972	42
5997	6
6003	5
6009	18
6015	7
6025	6
6043	7
6048	14
6084	6
6097	6
6106	7
6107	6
6119	15
6122	20
6124	5
6133	15
6146	59
6149	13
6157	5
6158	9
6161	5
6166	94
6193	6
6207	7
6209	6
6214	5
6215	7
6223	8
6233	9
6239	8
6242	5
6254	9
6257	6
6264	13
6266	46
6287	12
6291	9
6301	484
6304	277
6313	15
6315	16
6334	5
6346	41
6349	5
6362	8
6385	5
6392	6
6394	6
6395	5
6396	34
6399	24
6444	6
6458	9
6469	5
6472	50
6475	8
6486	6
6489	8
6492	16
6499	11
6511	5
6512	6
6526	7
6557	10
6562	8
6565	16
6566	9
6567	6
6588	8
6593	19
6607	7
6609	90
6617	6
6618	24
6619	32
6625	15
6631	17
6637	5
6641	7
6642	5
6647	8
6654	6
6658	5
6661	9
6671	15
6675	6
6686	8
6700	147
6711	28
6713	23
6716	6
6725	38
6733	5
6759	6
6768	34
6769	67
6772	16
6773	5
6775	10
6785	87
6787	18
6794	29
6795	7
6796	18
6817	8
6834	25
6843	5
6844	57
6847	26
6848	6
6849	10
6856	9
6859	99
6861	9
6862	5
6868	11
6870	39
6874	9
6881	29
6885	6
6894	26
6902	7
6920	8
6922	10
6937	7
6940	9
6941	76
6949	5
6955	31
6956	18
6959	18
6962	9
6963	6
6970	7
6972	6
6979	8
6983	5
6986	5
6987	12
6991	14
6994	5
6997	7
6998	38
7009	8
7014	5
7015	7
7017	7
7024	6
7026	7
7029	6
7031	17
7038	22
7040	5
7041	12
7042	5
7045	7
7046	6
7047	22
7051	6
7063	13
7071	20
7072	5
7078	12
7082	5
7087	7
7089	10
7090	24
7102	9
7106	10
7107	9
7116	6
7117	6
7128	47
7138	5
7148	5
7164	7
7166	31
7169	28
7172	8
7178	13
7189	10
7190	8
7191	16
7193	5
7210	5
7214	5
7215	10
7221	13
7223	14
7228	6
7235	14
7252	9
7259	5
7262	42
7264	34
7266	69
7271	6
7272	9
7279	23
7288	6
7289	5
7290	21
7297	9
7298	13
7300	5
7304	20
7321	13
7323	5
7342	6
7349	10
7351	7
7352	10
7362	5
7365	15
7367	16
7381	5
7386	10
7398	10
7399	5
7408	10
7410	6
7411	13
7412	30
7415	5
7425	16
7426	6
7427	6
7436	7
7437	28
7443	7
7458	6
7462	13
7467	22
7471	12
7474	7
7475	9
7486	5
7492	5
7520	14
7523	6
7526	5
7528	7
7533	5
7534	7
7543	39
7563	12
7581	39
7583	6
7592	6
7600	7
7610	7
7621	103
7634	9
7635	15
7638	54
7641	10
7671	17
7676	11
7684	11
7690	10
7691	10
7696	6
7713	6
7714	8
7725	6
7726	10
7734	5
7735	6
7739	20
7743	22
7756	7
7759	5
7770	9
7776	64
7782	7
7790	6
7817	10
7819	41
7820	5
7827	11
7842	15
7845	9
7852	35
7855	10
7866	9
7868	5
7870	14
7873	7
7874	23
7876	6
7882	12
7886	7
7895	11
7896	5
7901	11
7902	7
7906	6
7912	5
7913	21
7915	5
7921	8
7922	7
7950	6
7954	5
7956	12
7957	8
7964	13
7966	24
7968	38
7971	12
7977	24
7980	8
7983	10
7984	5
7986	72
7988	12
7998	11
7999	8
8006	9
8008	17
8010	11
8012	5
8017	20
8025	9
8032	5
8037	7
8040	7
8042	12
8046	5
8053	10
8054	24
8057	5
8060	14
8089	5
8098	46
8099	11
8103	5
8104	13
8107	9
8108	5
8120	6
8122	7
8130	9
8142	9
8144	30
8145	10
8148	6
8150	15
8157	7
8162	6
8171	6
8187	19
8192	8
8197	18
8202	6
8210	5
8213	58
8217	16
8218	32
8227	6
8230	8
8242	12
8243	8
8246	30
8249	11
8252	6
8263	19
8276	10
8279	24
8291	7
8293	9
8294	14
8298	8
8304	14
8307	10
8314	7
8321	25
8324	10
8329	5
8331	8
8337	14
8339	74
8350	8
8351	63
8353	6
8361	5
8368	18
8375	14
8376	44
8377	5
8380	84
8384	7
8391	10
8395	27
8408	10
8413	5
8425	5
8426	8
8439	8
8445	6
8449	70
8451	20
8452	26
8462	11
8467	8
8478	5
8479	42
8483	6
8484	9
8497	12
8503	7
8506	9
8508	19
8509	15
8510	21
8513	14
8520	16
8525	11
8528	9
8533	38
8535	14
8536	11
8547	10
8549	8
8552	6
8556	5
8558	9
8560	5
8562	33
8568	6
8573	20
8586	18
8587	8
8590	5
8594	13
8602	7
8624	15
8626	12
8630	22
8663	7
8669	8
8674	5
8683	5
8684	68
8686	14
8703	5
8704	6
8710	16
8714	5
8720	7
8721	5
8734	6
8738	5
8739	19
8740	10
8741	6
8743	29
8752	9
8755	7
8760	15
8768	7
8792	5
8793	5
8796	6
8803	23
8804	5
8805	7
8806	18
8810	8
8813	9
8817	11
8820	5
8821	10
8843	5
8859	45
8865	609
8879	32
8885	5
8887	39
8894	5
8899	20
8910	6
8912	9
8915	8
8920	13
8922	8
8923	17
8925	7
8941	5
8944	23
8954	5
8969	170
8978	17
8981	8
8987	57
8995	103
8996	5
9010	21
9028	14
9030	8
9032	5
9034	12
9038	16
9045	9
9046	9
9047	5
9054	30
9072	6
9078	9
9079	5
9080	5
9083	5
9103	13
9117	8
9120	5
9121	24
9126	9
9128	15
9130	6
9144	13
9145	7
9148	7
9153	34
9165	12
9172	6
9175	43
9193	54
9201	16
9207	7
9225	15
9230	8
9242	18
9265	17
9284	5
9285	38
9293	10
9315	7
9323	9
9330	26
9347	6
9348	8
9360	6
9362	5
9365	7
9389	6
9394	93
9399	6
9410	7
9445	42
9448	25
9453	31
9458	6
9467	6
9470	6
9474	17
9493	7
9500	12
9509	5
9526	345
9531	5
9538	94
9542	20
9546	56
9548	14
9549	13
9557	6
9561	55
9563	7
9571	17
9581	9
9582	21
9584	20
9587	7
9589	88
9591	20
9610	46
9611	37
9613	5
9617	9
9618	15
9620	9
9622	7
9624	12
9625	102
9627	61
9632	8
9633	15
9637	24
9648	19
9669	126
9676	23
9678	5
9699	8
9701	5
9704	6
9716	26
9719	7
9721	17
9724	10
9727	39
9738	19
9741	11
9757	11
9763	16
9764	18
9766	26
9774	7
9784	30
9792	12
9800	9
9801	5
9803	14
9805	15
9809	11
9813	27
9822	29
9825	19
9826	7
9843	5
9866	6
9890	52
9915	8
9924	60
9925	9
9926	40
9931	9
9934	25
9938	6
9947	19
9948	14
9958	13
9962	19
9964	13
9974	407
9976	15
9982	7
9983	28
9992	10
9995	8
9996	5
9998	5
10000	11
10038	5
10041	8
