5	9
9	39
10	11
23	13
27	6
30	5
33	11
34	8
37	7
40	12
44	5
56	16
58	11
60	9
61	6
63	43
65	16
76	6
78	5
92	6
101	7
108	10
114	10
116	6
122	13
125	10
133	18
134	14
136	7
140	9
149	6
158	19
161	11
162	12
173	16
174	9
179	6
182	13
184	24
185	8
187	6
211	5
216	9
229	8
243	49
257	20
258	20
263	5
271	5
290	9
298	5
303	13
312	9
317	6
322	7
324	12
328	10
333	6
341	17
347	6
352	5
353	17
355	7
359	23
366	13
371	6
384	12
385	14
399	6
403	5
407	6
408	11
412	52
415	12
417	18
432	10
436	9
459	7
469	5
470	11
471	6
506	8
509	6
511	32
513	20
518	5
526	13
528	6
530	9
531	7
534	46
539	6
540	7
547	5
557	5
558	47
579	85
591	21
604	5
606	8
613	8
619	16
620	7
622	7
627	7
628	14
629	6
633	10
635	7
640	48
648	15
650	9
657	8
659	5
666	5
672	6
673	6
677	10
680	5
687	10
691	6
693	5
698	6
705	5
707	18
709	5
710	10
715	8
716	10
719	17
720	14
721	5
722	6
723	17
726	64
733	28
734	9
742	13
746	17
758	33
760	6
763	6
772	5
777	8
786	5
791	7
793	7
810	5
811	8
821	6
826	52
830	7
832	7
837	14
841	25
843	6
855	11
857	47
862	20
865	8
875	12
878	43
894	19
895	7
905	22
915	7
917	6
920	5
922	9
925	5
930	24
956	7
958	27
970	5
971	6
972	17
976	14
979	47
981	9
986	10
987	5
991	40
995	6
997	6
998	6
1000	14
1005	6
1006	8
1009	12
1017	21
1021	5
1022	18
1025	9
1027	13
1029	45
1031	11
1037	5
1049	5
1052	11
1066	5
1067	28
1071	22
1074	8
1089	5
1098	6
1107	5
1108	23
1118	21
1121	12
1125	9
1126	14
1128	13
1132	232
1139	5
1143	21
1147	7
1152	6
1168	24
1171	9
1178	6
1183	10
1186	39
1192	13
1196	6
1204	10
1206	14
1212	12
1213	31
1215	5
1221	6
1223	5
1225	25
1236	17
1240	14
1246	24
1248	5
1252	6
1256	7
1267	78
1281	9
1290	5
1294	6
1296	5
1297	5
1298	5
1310	7
1325	17
1328	5
1329	18
1331	29
1332	10
1350	11
1357	7
1361	7
1364	14
1365	5
1369	12
1370	18
1381	7
1382	38
1383	7
1386	9
1388	24
1396	25
1406	54
1408	5
1420	5
1426	7
1430	8
1433	6
1435	5
1437	6
1440	43
1450	10
1451	9
1456	10
1463	10
1464	6
1467	6
1469	41
1475	6
1478	24
1483	17
1486	22
1502	5
1504	10
1505	16
1506	6
1507	9
1510	8
1512	17
1519	5
1520	7
1521	12
1522	6
1527	17
1529	14
1532	6
1540	12
1551	10
1554	16
1564	8
1572	6
1576	6
1580	86
1586	7
1593	7
1602	82
1604	11
1608	9
1611	7
1621	6
1622	6
1632	27
1637	10
1638	12
1642	35
1647	5
1656	6
1659	8
1663	5
1668	7
1673	8
1675	5
1677	14
1679	68
1689	38
1700	7
1702	19
1707	14
1720	5
1724	10
1725	5
1730	5
1732	8
1736	9
1739	13
1744	6
1745	5
1747	14
1748	7
1750	5
1753	7
1759	14
1774	6
1777	9
1780	12
1783	11
1784	6
1787	7
1797	5
1810	5
1814	5
1818	6
1822	11
1828	11
1831	5
1832	5
1833	17
1834	10
1835	51
1842	19
1843	8
1849	8
1854	8
1880	7
1882	14
1886	15
1892	14
1894	9
1897	14
1902	8
1905	10
1919	25
1927	43
1933	6
1937	43
1941	11
1943	19
1945	10
1949	8
1957	10
1958	34
1977	10
1978	6
1980	6
1981	12
1985	7
1987	16
1994	8
2011	9
2012	15
2014	7
2023	15
2024	9
2036	13
2038	7
2039	8
2046	7
2048	18
2049	20
2059	13
2065	8
2071	19
2074	18
2075	7
2078	8
2096	5
2097	24
2104	7
2109	7
2117	18
2128	7
2130	36
2132	15
2136	10
2142	5
2149	6
2154	15
2155	26
2157	13
2158	5
2164	15
2168	7
2172	10
2175	20
2178	5
2182	12
2183	32
2190	16
2191	9
2195	6
2200	13
2205	5
2212	20
2216	8
2220	9
2226	8
2229	7
2237	10
2238	7
2240	5
2264	5
2267	10
2270	25
2275	7
2292	13
2307	12
2324	40
2326	12
2327	7
2330	25
2332	5
2335	6
2351	58
2356	5
2366	9
2379	5
2382	5
2398	7
2412	10
2427	11
2440	7
2445	50
2446	42
2448	22
2451	13
2456	6
2473	5
2477	20
2483	7
2484	14
2493	5
2499	5
2500	6
2502	11
2504	6
2506	7
2508	11
2513	13
2514	6
2518	10
2522	35
2526	22
2528	9
2531	56
2532	13
2540	9
2543	8
2546	14
2547	5
2552	5
2560	6
2561	25
2562	11
2569	10
2589	5
2593	13
2594	7
2596	11
2604	6
2614	7
2616	37
2617	5
2619	6
2621	14
2625	38
2630	52
2631	8
2633	17
2648	13
2656	5
2660	5
2663	8
2672	7
2678	8
2689	11
2690	6
2692	6
2695	45
2696	21
2706	5
2719	16
2722	21
2723	5
2728	11
2736	8
2739	6
2744	8
2750	42
2762	8
2766	6
2768	41
2776	6
2778	13
2784	6
2786	8
2787	6
2789	22
2794	10
2802	5
2804	12
2828	6
2843	5
2861	5
2862	20
2864	9
2874	6
2875	8
2878	49
2881	6
2884	11
2888	6
2894	13
2895	5
2896	9
2902	8
2910	6
2914	12
2917	22
2923	5
2929	5
2931	32
2932	13
2937	17
2943	11
2946	6
2950	11
2951	11
2955	52
2962	5
2965	6
2968	48
2972	9
2973	25
2974	7
2976	5
2977	7
2990	30
2993	9
2997	14
2999	8
3003	8
3006	54
3009	18
3025	9
3032	5
3034	136
3035	7
3038	11
3041	7
3045	9
3047	13
3064	5
3068	5
3075	13
3077	7
3079	7
3081	14
3082	23
3083	8
3087	49
3091	53
3092	13
3094	9
3095	22
3100	32
3106	10
3109	26
3110	9
3120	7
3128	16
3131	5
3140	9
3142	8
3148	16
3154	8
3155	11
3166	5
3168	5
3181	10
3182	54
3191	54
3196	6
3199	11
3205	7
3206	13
3211	19
3213	18
3215	21
3218	5
3223	7
3228	13
3232	33
3238	6
3242	12
3244	5
3251	5
3266	14
3273	39
3278	5
3280	12
3284	16
3289	9
3291	15
3294	78
3303	5
3305	17
3311	5
3319	7
3335	19
3340	31
3342	5
3349	22
3359	16
3372	9
3381	8
3389	6
3392	76
3405	32
3418	8
3425	21
3428	24
3449	27
3452	7
3476	6
3485	16
3487	12
3490	12
3491	5
3501	128
3503	8
3511	61
3518	27
3524	16
3543	9
3549	7
3559	5
3560	6
3568	63
3571	10
3575	7
3579	28
3592	6
3602	24
3610	5
3612	7
3615	5
3619	11
3621	6
3626	7
3630	6
3636	6
3638	5
3652	5
3658	23
3663	7
3664	5
3672	7
3677	11
3678	5
3683	6
3687	6
3688	23
3691	17
3693	8
3702	76
3711	33
3712	7
3714	8
3724	16
3726	6
3730	9
3733	8
3735	96
3740	5
3745	10
3747	27
3752	130
3755	5
3757	7
3763	39
3765	14
3774	35
3776	6
3784	23
3787	40
3790	22
3805	6
3806	21
3809	5
3812	26
3821	43
3822	94
3836	35
3848	13
3872	13
3873	64
3881	31
3888	5
3891	6
3897	8
3900	40
3906	7
3911	13
3913	6
3914	35
3915	14
3917	26
3925	8
3930	11
3943	15
3962	7
3966	5
3970	44
3984	39
3997	5
3998	11
4006	9
4008	10
4012	9
4016	13
4017	28
4021	5
4027	5
4028	6
4040	6
4041	9
4044	27
4046	6
4047	9
4048	17
4056	91
4066	10
4070	8
4071	9
4076	5
4078	10
4079	5
4080	6
4087	14
4088	84
4094	7
4099	9
4100	8
4102	41
4105	24
4111	65
4113	56
4116	5
4121	34
4122	11
4127	3172
4135	8
4136	6
4138	8
4142	9
4152	11
4162	15
4169	7
4205	12
4209	12
4212	5
4213	6
4214	10
4215	29
4216	5
4222	5
4223	22
4229	6
4239	10
4246	6
4248	12
4259	60
4260	5
4261	8
4262	12
4271	6
4281	15
4284	12
4297	10
4298	8
4304	17
4326	8
4337	5
4347	7
4351	18
4356	16
4365	5
4366	23
4367	8
4377	22
4395	18
4398	8
4399	9
4403	23
4408	5
4414	6
4419	6
4420	6
4421	7
4426	20
4430	5
4446	36
4447	18
4452	5
4456	12
4458	37
4463	10
4479	5
4491	8
4493	6
4502	9
4522	5
4527	31
4540	5
4550	15
4554	5
4557	7
4559	8
4567	7
4569	11
4574	6
4576	5
4590	6
4598	30
4600	28
4602	6
4603	14
4604	16
4633	8
4642	57
4644	16
4653	22
4656	5
4659	17
4660	8
4661	21
4669	7
4680	10
4686	7
4689	6
4703	9
4716	7
4723	6
4731	5
4733	8
4747	6
4753	5
4757	7
4767	8
4771	5
4776	5
4788	6
4840	14
4846	47
4852	34
4854	8
4861	28
4862	9
4864	14
4875	15
4877	16
4896	17
4897	11
4902	5
4907	8
4914	8
4924	10
4963	28
4964	5
4965	5
4973	33
4975	8
4978	8
4998	10
5005	5
5018	48
5021	6
5026	6
5029	17
5031	18
5032	6
5041	7
5045	6
5053	6
5056	5
5062	26
5064	7
5065	8
5068	7
5074	38
5076	6
5077	40
5079	13
5081	5
5086	33
5087	9
5090	16
5093	7
5124	12
5141	13
5149	22
5153	7
5156	5
5160	26
5163	15
5181	56
5184	14
5187	7
5196	5
5198	9
5199	40
5200	12
5201	26
5208	85
5221	13
5226	89
5232	14
5233	8
5234	5
5239	5
5240	9
5241	9
5249	6
5254	10
5261	5
5263	8
5267	198
5278	5
5285	5
5291	6
5296	17
5298	10
5301	20
5303	42
5309	9
5316	22
5318	327
5328	5
5332	9
5333	6
5339	5
5344	39
5351	10
5352	11
5365	43
5367	5
5370	5
5372	5
5377	5
5380	5
5381	6
5382	11
5383	19
5389	9
5396	25
5403	14
5406	5
5412	7
5415	23
5422	10
5423	6
5430	20
5441	5
5443	22
5444	5
5448	9
5458	39
5460	53
5472	8
5476	13
5480	5
5487	6
5501	5
5502	9
5504	22
5506	6
5513	11
5514	5
5526	6
5535	6
5544	7
5548	7
5550	8
5559	6
5561	12
5569	6
5576	42
5604	7
5606	8
5609	8
5616	21
5617	7
5632	48
5633	13
5644	6
5651	5
5655	8
5656	6
5660	10
5663	5
5665	6
5672	6
5673	7
5677	28
5687	6
5691	7
5695	6
5698	6
5700	8
5702	12
5708	15
5713	5
5724	7
5725	16
5727	8
5729	14
5730	8
5737	20
5738	6
5741	13
5742	7
5746	19
5747	10
5750	6
5758	10
5766	25
5768	33
5771	20
5773	6
5783	33
5794	98
5797	8
5798	5
5802	8
5808	6
5820	7
5825	11
5834	10
5836	5
5839	6
5844	18
5854	33
5856	19
5858	5
5861	6
5864	37
5866	39
5874	6
5877	35
5883	10
5892	112
5909	15
5911	7
5919	8
5920	10
5921	33
5924	35
5939	13
5942	8
5943	38
5963	5
5969	10
5972	69
6003	9
6009	11
6012	11
6025	7
6043	8
6048	16
6057	5
6058	6
6064	6
6084	7
6104	14
6107	9
6114	5
6119	33
6122	35
6124	9
6133	16
6146	28
6149	8
6156	5
6161	8
6166	149
6167	5
6170	5
6171	5
6175	9
6182	5
6195	8
6207	9
6209	5
6214	11
6223	6
6233	8
6239	6
6242	11
6243	5
6254	9
6257	10
6264	10
6266	36
6271	6
6282	6
6287	18
6291	6
6301	550
6304	339
6309	7
6315	6
6319	11
6334	7
6338	8
6345	45
6346	48
6349	8
6350	9
6362	5
6370	8
6394	11
6396	32
6399	18
6424	6
6436	6
6444	8
6455	5
6458	12
6469	6
6472	57
6475	6
6486	9
6489	12
6492	13
6497	6
6499	8
6511	5
6518	5
6543	5
6548	11
6557	11
6558	5
6559	16
6562	15
6563	7
6565	11
6567	8
6588	10
6593	17
6607	14
6608	8
6609	96
6617	7
6618	27
6619	62
6625	20
6628	5
6631	21
6641	8
6643	5
6644	5
6646	6
6654	8
6661	28
6665	5
6671	16
6675	7
6686	8
6700	153
6711	34
6713	22
6716	8
6725	44
6733	16
6768	45
6769	99
6772	6
6773	7
6781	5
6785	96
6787	30
6794	26
6796	17
6798	5
6799	5
6817	10
6834	47
6843	7
6844	75
6847	21
6848	5
6849	7
6851	7
6859	74
6861	10
6864	6
6865	11
6866	5
6868	43
6870	61
6874	6
6878	12
6881	41
6888	7
6894	25
6902	7
6905	13
6907	33
6920	9
6922	13
6937	8
6940	10
6941	99
6955	25
6959	17
6962	5
6963	8
6970	10
6971	9
6972	10
6976	6
6979	12
6987	7
6991	28
6994	11
6997	6
6998	45
7006	6
7009	8
7011	5
7017	6
7019	7
7026	7
7029	6
7030	5
7031	15
7037	9
7038	18
7041	15
7042	6
7046	9
7047	7
7051	6
7053	6
7057	5
7063	12
7071	13
7075	5
7078	35
7089	9
7090	18
7102	18
7107	9
7115	7
7116	5
7121	7
7128	57
7139	5
7146	6
7166	19
7169	25
7172	12
7175	5
7178	18
7180	6
7185	7
7191	8
7204	16
7215	8
7221	5
7223	6
7228	10
7232	5
7235	11
7240	7
7243	5
7251	15
7252	8
7262	41
7264	30
7266	67
7271	5
7272	17
7279	24
7288	8
7289	5
7298	13
7304	27
7321	8
7323	6
7337	5
7344	12
7348	6
7349	14
7352	17
7358	6
7362	7
7365	59
7367	14
7368	5
7376	8
7379	5
7386	19
7389	7
7395	6
7399	10
7408	8
7409	5
7410	8
7411	13
7412	31
7415	10
7417	5
7425	7
7437	27
7451	7
7461	11
7462	13
7465	6
7471	16
7486	13
7492	11
7493	5
7520	13
7522	6
7523	6
7526	7
7527	7
7528	12
7533	5
7534	12
7535	5
7538	6
7541	6
7543	31
7552	8
7557	10
7563	13
7579	6
7581	46
7583	13
7592	8
7606	6
7607	9
7610	7
7613	5
7618	7
7620	5
7621	165
7629	6
7634	12
7635	8
7638	43
7641	5
7647	6
7660	5
7669	6
7671	29
7676	11
7690	6
7691	12
7693	7
7708	6
7714	7
7735	8
7739	17
7742	7
7743	19
7745	5
7751	5
7752	5
7757	6
7759	18
7761	5
7766	12
7776	110
7782	6
7789	9
7799	7
7800	11
7810	5
7817	10
7819	37
7820	7
7827	7
7832	6
7840	9
7842	14
7845	9
7852	34
7855	9
7866	6
7868	10
7870	12
7873	5
7874	34
7882	16
7888	5
7901	8
7912	6
7913	13
7920	5
7954	6
7955	8
7956	12
7957	5
7963	8
7964	11
7966	40
7967	9
7968	45
7970	5
7971	17
7977	22
7979	6
7980	6
7984	5
7986	119
7988	10
7998	18
8006	10
8008	15
8010	12
8014	8
8017	27
8026	5
8031	6
8032	6
8033	7
8037	20
8040	15
8041	6
8042	20
8048	5
8053	14
8054	21
8055	11
8057	5
8060	6
8061	5
8074	11
8095	7
8098	60
8099	8
8104	108
8105	10
8120	24
8129	5
8130	16
8134	5
8142	16
8144	35
8145	21
8148	10
8149	5
8150	30
8160	6
8162	7
8187	19
8192	6
8194	9
8197	45
8205	10
8213	57
8217	32
8218	51
8225	9
8229	8
8230	8
8237	6
8240	7
8241	6
8242	13
8243	9
8246	25
8248	6
8249	10
8250	5
8251	8
8252	10
8261	5
8262	5
8263	10
8268	5
8276	15
8279	14
8291	5
8293	11
8294	7
8298	5
8304	8
8308	5
8321	28
8324	18
8331	5
8339	57
8351	71
8360	8
8361	15
8363	10
8368	18
8369	12
8375	21
8376	40
8377	5
8380	68
8383	6
8387	6
8388	5
8391	11
8393	5
8395	41
8400	5
8402	6
8408	16
8416	6
8427	5
8439	8
8440	9
8441	5
8449	81
8451	33
8452	31
8453	6
8462	16
8466	8
8479	54
8484	12
8493	7
8497	16
8506	13
8508	20
8509	17
8510	30
8513	10
8520	9
8524	7
8525	21
8533	50
8535	13
8536	20
8542	5
8547	7
8549	6
8560	15
8562	15
8569	8
8570	7
8573	27
8586	22
8587	13
8588	7
8594	7
8599	5
8602	6
8616	5
8624	8
8626	9
8630	20
8663	7
8666	5
8669	9
8672	11
8683	16
8684	69
8687	6
8689	7
8693	6
8703	5
8704	5
8710	15
8714	6
8717	15
8719	5
8720	8
8721	6
8722	7
8739	24
8740	9
8741	9
8743	38
8744	5
8752	12
8755	21
8757	9
8760	12
8761	8
8766	5
8767	5
8769	5
8781	6
8792	9
8796	6
8803	19
8806	24
8810	5
8812	5
8813	9
8817	16
8820	6
8821	8
8829	9
8838	7
8860	9
8865	668
8879	41
8887	39
8888	6
8899	12
8902	5
8908	6
8909	7
8910	7
8912	23
8915	6
8920	8
8922	8
8923	10
8941	5
8943	5
8944	19
8953	5
8956	8
8961	5
8969	198
8978	25
8981	12
8987	67
8988	5
8995	113
9010	24
9019	12
9025	5
9028	16
9030	11
9034	17
9038	12
9045	11
9049	7
9054	42
9066	12
9072	5
9078	13
9079	5
9080	9
9088	6
9103	11
9116	5
9120	7
9121	36
9126	12
9128	19
9130	13
9144	34
9148	11
9153	38
9165	23
9168	5
9175	58
9183	9
9193	43
9201	15
9223	5
9225	16
9230	14
9232	5
9238	5
9240	10
9242	6
9253	7
9262	11
9265	21
9285	40
9291	6
9293	7
9315	7
9323	5
9324	5
9330	26
9331	6
9340	6
9344	5
9347	5
9365	6
9371	5
9375	6
9376	8
9394	104
9397	6
9410	7
9423	9
9434	5
9435	6
9441	5
9445	41
9448	15
9453	44
9458	9
9474	15
9493	8
9500	253
9504	5
9505	8
9506	6
9509	9
9510	10
9526	323
9538	112
9542	26
9546	53
9549	14
9561	52
9563	6
9567	28
9571	15
9572	5
9575	6
9582	13
9584	19
9586	5
9587	11
9588	7
9589	107
9591	14
9596	7
9601	6
9608	9
9610	35
9611	12
9617	6
9618	23
9620	12
9622	5
9625	78
9627	25
9628	9
9633	8
9637	26
9645	9
9648	21
9652	8
9653	5
9669	141
9674	5
9676	39
9699	13
9704	11
9711	8
9712	5
9715	6
9716	38
9719	10
9721	22
9724	6
9727	13
9733	5
9736	5
9738	9
9753	6
9757	13
9763	29
9764	28
9766	20
9770	5
9774	6
9784	45
9788	12
9792	6
9800	18
9803	12
9805	12
9809	15
9813	34
9822	23
9823	7
9825	28
9826	8
9827	6
9833	15
9838	10
9864	5
9866	16
9869	5
9870	7
9890	37
9896	5
9900	7
9909	6
9915	11
9924	77
9925	11
9926	38
9932	6
9933	6
9934	21
9947	21
9951	5
9959	9
9962	24
9964	15
9974	485
9975	12
9976	17
9983	5
9992	10
9998	11
9999	6
10000	10
10041	5
10046	5
