40	5
56	20
60	5
63	17
133	11
134	6
136	6
140	5
141	5
158	46
161	7
162	5
173	5
177	13
184	11
229	6
243	21
257	6
263	5
276	5
282	8
297	7
305	21
312	7
324	10
328	9
340	12
341	7
354	23
359	5
366	8
385	7
392	6
394	12
408	7
412	12
436	6
470	6
471	9
511	10
515	5
518	7
526	9
528	5
534	10
539	7
540	8
557	12
558	41
579	49
584	5
591	6
604	5
613	9
633	6
677	11
719	5
723	9
726	34
731	5
733	34
746	6
758	22
793	7
826	30
829	7
841	15
855	6
857	84
862	5
878	28
887	8
890	11
894	5
905	14
915	6
920	8
925	11
930	6
936	6
958	13
976	15
979	9
991	22
1003	11
1004	5
1013	7
1017	23
1029	32
1031	10
1039	7
1048	5
1054	5
1067	9
1074	8
1095	5
1108	12
1118	30
1125	5
1128	64
1129	17
1143	17
1147	6
1152	10
1166	14
1186	9
1194	7
1199	5
1206	5
1213	15
1225	18
1235	7
1236	7
1256	5
1266	6
1267	54
1274	5
1293	5
1329	6
1331	16
1338	5
1356	5
1357	8
1364	6
1370	10
1375	8
1382	44
1396	9
1406	6
1408	22
1437	5
1440	26
1451	5
1463	8
1467	8
1469	16
1478	5
1504	6
1505	9
1512	24
1521	5
1527	6
1554	10
1580	31
1602	35
1608	6
1612	8
1629	7
1632	13
1637	14
1642	14
1656	10
1672	7
1679	14
1687	5
1689	23
1702	21
1707	16
1724	5
1739	8
1741	6
1747	14
1759	6
1767	5
1780	5
1783	6
1787	13
1809	5
1818	5
1822	6
1828	6
1833	10
1835	13
1854	6
1855	5
1882	13
1886	10
1894	12
1897	5
1902	8
1905	5
1913	11
1937	33
1941	7
1943	5
1958	34
1959	6
2011	7
2019	5
2037	9
2043	5
2048	13
2049	23
2059	10
2071	5
2085	9
2097	10
2117	11
2130	8
2132	5
2155	8
2157	27
2158	7
2169	6
2172	5
2175	8
2182	9
2183	8
2190	8
2200	5
2205	12
2210	5
2212	8
2257	6
2267	7
2282	6
2298	5
2307	5
2316	5
2323	9
2324	26
2330	14
2341	21
2351	7
2366	5
2390	6
2412	7
2427	11
2440	5
2445	34
2446	19
2448	11
2477	37
2483	8
2484	8
2494	7
2495	7
2502	6
2513	5
2522	20
2526	8
2528	10
2531	15
2532	6
2540	11
2543	5
2546	5
2561	25
2569	17
2600	9
2616	17
2617	5
2625	10
2630	42
2648	7
2663	5
2685	5
2686	6
2687	7
2690	7
2695	18
2696	11
2719	21
2722	6
2727	5
2728	6
2736	11
2750	36
2761	5
2767	5
2768	20
2778	9
2789	5
2798	5
2860	17
2864	11
2865	6
2878	16
2888	12
2894	7
2917	12
2922	7
2931	30
2937	23
2943	8
2950	5
2951	16
2955	33
2968	14
2973	26
2985	5
2990	6
2993	11
2997	12
3003	5
3006	23
3020	5
3034	98
3038	5
3047	10
3075	14
3077	6
3082	8
3087	20
3091	36
3092	6
3094	5
3095	10
3100	10
3109	23
3114	8
3126	7
3140	6
3143	6
3148	9
3168	6
3182	64
3191	23
3199	6
3207	12
3211	17
3213	15
3215	9
3231	5
3232	8
3238	5
3266	5
3273	29
3289	8
3291	9
3294	37
3305	11
3332	7
3335	6
3340	14
3349	16
3359	6
3392	64
3405	17
3406	5
3425	12
3428	17
3474	5
3482	12
3485	11
3490	10
3501	97
3511	43
3518	12
3566	8
3568	52
3571	5
3575	21
3576	27
3602	36
3615	5
3630	6
3675	6
3678	10
3688	6
3691	7
3701	8
3702	55
3711	19
3713	9
3724	8
3730	6
3735	107
3747	14
3752	58
3763	7
3765	5
3774	32
3776	5
3779	7
3784	23
3806	10
3821	32
3822	76
3836	22
3848	56
3850	5
3873	72
3874	5
3881	8
3900	22
3901	6
3911	8
3914	12
3915	10
3917	26
3924	24
3925	6
3930	7
3940	5
3970	46
3982	5
3984	20
4008	6
4016	12
4017	15
4025	6
4041	11
4044	10
4047	5
4048	5
4055	6
4056	52
4070	8
4078	10
4088	43
4094	5
4102	14
4111	34
4113	27
4127	816
4135	7
4138	5
4142	5
4152	12
4153	8
4162	14
4163	5
4175	11
4183	5
4186	8
4205	15
4222	6
4223	16
4229	6
4235	11
4248	10
4259	83
4260	25
4262	6
4271	12
4298	8
4304	5
4332	5
4349	8
4351	7
4356	7
4366	5
4382	10
4395	8
4403	7
4458	15
4463	6
4482	7
4491	6
4527	6
4555	5
4563	5
4567	5
4587	5
4598	6
4603	8
4642	15
4656	6
4661	8
4680	5
4694	6
4699	6
4703	7
4716	5
4725	6
4735	11
4838	10
4840	9
4846	18
4852	27
4861	6
4862	8
4864	11
4865	5
4875	6
4877	8
4896	10
4897	7
4906	6
4953	5
4963	10
4964	5
4973	16
4977	11
4987	10
5018	18
5029	13
5032	6
5053	7
5064	6
5068	6
5074	14
5077	18
5081	5
5086	20
5090	12
5119	14
5124	10
5141	6
5149	6
5153	19
5160	9
5163	11
5174	7
5181	24
5184	8
5199	18
5201	11
5204	9
5208	37
5226	61
5232	19
5233	8
5235	5
5239	6
5240	11
5241	13
5243	7
5247	13
5249	5
5256	7
5267	163
5290	10
5298	13
5301	19
5303	20
5307	6
5309	6
5318	250
5332	8
5344	33
5351	9
5361	6
5365	10
5382	9
5396	29
5429	8
5443	15
5444	8
5458	7
5460	21
5487	7
5504	11
5513	10
5539	5
5561	9
5576	11
5589	6
5604	6
5616	5
5632	10
5655	5
5660	8
5672	5
5673	6
5677	6
5683	6
5699	5
5727	6
5737	17
5739	5
5746	5
5766	5
5768	17
5771	15
5783	12
5784	5
5794	44
5802	7
5809	9
5816	22
5819	6
5827	7
5834	5
5854	29
5856	11
5864	5
5866	25
5877	21
5886	20
5892	51
5909	5
5911	5
5920	5
5921	27
5924	13
5934	15
5936	15
5943	9
5969	14
5972	25
6009	14
6012	8
6014	5
6015	8
6025	7
6043	5
6048	9
6106	7
6119	17
6122	8
6124	6
6146	21
6166	76
6191	6
6209	13
6217	5
6243	9
6254	7
6264	32
6266	5
6276	5
6301	128
6304	70
6319	6
6323	17
6328	18
6352	17
6365	5
6388	5
6396	13
6399	12
6400	5
6444	5
6454	28
6458	7
6465	7
6466	5
6472	12
6486	8
6489	5
6492	6
6526	8
6557	6
6559	9
6563	7
6565	6
6566	5
6567	5
6593	9
6597	8
6607	6
6609	40
6618	7
6619	15
6625	17
6631	14
6661	15
6671	5
6686	6
6700	106
6711	14
6713	8
6725	26
6733	11
6768	27
6769	17
6781	7
6785	27
6787	14
6794	19
6799	5
6828	5
6834	18
6844	23
6847	15
6849	11
6859	63
6861	9
6862	6
6868	6
6870	30
6881	15
6894	12
6907	8
6922	11
6937	7
6940	7
6941	34
6955	6
6959	11
6963	7
6970	11
6991	6
6998	22
7006	5
7016	7
7017	5
7030	5
7031	11
7038	6
7046	9
7051	7
7067	5
7071	9
7072	5
7078	10
7090	7
7102	11
7128	36
7138	18
7167	6
7169	8
7178	8
7204	7
7223	5
7232	6
7251	18
7262	22
7264	21
7266	45
7272	12
7279	19
7288	8
7304	13
7349	10
7352	6
7365	17
7385	5
7386	8
7408	14
7410	5
7411	8
7425	9
7426	7
7437	7
7451	5
7461	5
7462	6
7471	9
7485	6
7486	6
7493	6
7497	5
7503	8
7515	5
7520	8
7523	7
7539	5
7543	7
7563	8
7581	20
7592	5
7621	107
7634	5
7638	22
7641	9
7671	10
7676	9
7691	6
7739	7
7743	14
7759	11
7761	5
7776	63
7789	5
7793	18
7799	14
7800	7
7819	14
7845	5
7852	11
7855	14
7857	5
7870	5
7874	17
7882	11
7913	8
7923	6
7956	6
7966	25
7967	5
7968	15
7971	9
7977	10
7980	6
7983	8
7986	44
7988	8
7998	10
8004	8
8008	13
8010	21
8017	10
8040	9
8042	15
8053	11
8054	18
8060	7
8072	5
8079	6
8098	41
8110	11
8122	5
8142	12
8144	33
8145	14
8150	11
8187	8
8207	5
8208	8
8213	49
8217	20
8218	25
8242	7
8246	11
8249	8
8252	5
8268	11
8270	7
8276	12
8279	6
8293	12
8307	6
8321	7
8324	13
8341	5
8351	25
8368	8
8375	11
8376	8
8380	45
8384	7
8391	6
8395	30
8400	6
8408	6
8443	9
8449	48
8451	6
8452	12
8462	11
8466	5
8479	18
8484	10
8497	6
8506	8
8509	7
8510	5
8513	9
8520	12
8525	11
8526	6
8533	13
8536	17
8558	14
8560	7
8573	8
8586	7
8587	7
8594	5
8599	6
8624	16
8630	19
8638	7
8663	5
8683	7
8684	46
8703	6
8704	5
8710	8
8712	5
8715	6
8717	5
8727	11
8739	8
8743	19
8752	11
8802	9
8803	7
8806	31
8810	6
8817	8
8865	354
8879	39
8887	32
8894	5
8899	13
8909	15
8920	7
8922	6
8923	19
8944	24
8956	12
8969	122
8978	46
8987	37
8995	30
9010	14
9028	6
9030	17
9034	5
9054	18
9066	5
9068	8
9078	6
9080	7
9085	5
9103	6
9104	5
9115	6
9121	9
9126	12
9128	12
9130	11
9131	7
9144	8
9153	23
9165	13
9175	36
9183	5
9193	25
9198	6
9201	22
9225	12
9230	11
9242	5
9265	12
9291	6
9293	7
9300	5
9323	9
9330	34
9394	54
9432	6
9437	12
9445	18
9448	8
9458	5
9463	5
9493	14
9500	92
9501	11
9502	20
9526	204
9527	6
9538	56
9542	21
9546	29
9549	5
9561	60
9563	6
9571	6
9579	13
9584	18
9587	8
9589	57
9591	12
9608	8
9610	18
9611	9
9624	10
9625	28
9627	9
9633	7
9637	18
9669	115
9676	15
9698	5
9699	12
9716	15
9722	7
9727	14
9738	11
9757	11
9763	10
9764	9
9766	24
9768	7
9784	28
9800	10
9801	5
9803	14
9805	7
9809	7
9813	30
9822	8
9825	16
9831	5
9838	10
9866	10
9870	11
9882	7
9890	54
9894	5
9900	7
9913	18
9915	6
9924	31
9925	11
9926	43
9940	5
9947	16
9962	30
9974	111
9976	10
9992	9
10002	5
10023	5
