23	7
63	23
71	8
74	5
133	5
134	5
158	10
238	6
243	7
324	13
328	5
329	8
341	18
399	6
436	6
456	5
526	8
534	6
547	6
557	8
558	21
579	36
613	8
626	6
637	6
677	5
707	10
723	5
726	12
733	15
758	7
826	9
857	24
878	7
895	5
925	6
958	6
979	5
991	6
1029	12
1031	5
1055	5
1067	7
1108	7
1109	5
1118	15
1143	5
1168	10
1213	6
1220	5
1257	6
1267	17
1306	5
1320	12
1325	14
1331	13
1346	9
1357	5
1370	7
1382	15
1438	5
1440	12
1450	6
1469	8
1475	7
1511	5
1512	6
1540	13
1554	8
1580	10
1602	30
1632	10
1679	9
1689	27
1702	10
1833	5
1835	6
1882	6
1905	5
1958	16
2011	5
2049	13
2059	8
2074	9
2097	5
2117	8
2157	17
2158	5
2197	5
2212	11
2214	6
2220	11
2324	13
2330	8
2345	42
2346	43
2382	5
2386	6
2445	15
2446	10
2448	5
2459	5
2476	6
2477	22
2513	5
2522	8
2531	7
2532	8
2540	6
2561	6
2616	11
2621	7
2630	11
2665	8
2719	14
2750	6
2768	7
2802	5
2864	5
2917	13
2931	9
2955	10
2973	8
2993	6
2997	8
3006	10
3034	43
3075	10
3087	9
3091	12
3182	35
3185	12
3191	17
3199	9
3211	6
3232	6
3266	5
3273	6
3278	12
3291	5
3294	12
3340	8
3349	10
3392	30
3407	5
3428	6
3501	47
3511	27
3516	5
3568	27
3576	7
3602	9
3702	148
3711	7
3728	5
3735	45
3752	28
3763	6
3774	10
3784	13
3806	10
3821	15
3822	41
3836	11
3873	48
3900	13
3914	6
3915	6
3917	17
3950	5
3970	8
3984	8
4017	9
4040	6
4044	9
4056	27
4067	5
4070	5
4088	23
4094	6
4099	6
4102	5
4103	6
4111	26
4113	19
4127	179
4152	5
4162	8
4205	8
4214	6
4215	11
4223	13
4235	5
4248	10
4259	41
4298	19
4398	5
4456	34
4458	9
4484	6
4494	5
4504	5
4517	6
4603	5
4642	16
4644	10
4658	5
4661	5
4694	5
4699	5
4707	7
4735	7
4792	5
4840	7
4846	20
4852	13
4855	5
4861	7
4862	5
4897	9
4898	9
4907	5
4930	13
4973	6
5018	6
5029	13
5042	6
5074	5
5077	18
5086	14
5153	5
5160	11
5163	5
5199	6
5200	6
5201	14
5208	11
5226	43
5233	5
5240	5
5241	5
5267	61
5298	11
5301	7
5303	7
5318	107
5344	14
5365	5
5396	17
5415	5
5460	20
5476	9
5522	8
5545	5
5561	6
5606	5
5632	5
5677	5
5737	9
5744	5
5768	11
5783	9
5794	36
5832	6
5854	15
5856	6
5864	10
5866	8
5883	7
5892	18
5921	7
5924	21
5972	5
6009	5
6022	7
6119	6
6146	12
6149	14
6166	35
6290	8
6301	22
6304	12
6392	5
6472	9
6562	6
6565	8
6588	8
6609	6
6618	10
6625	7
6700	55
6711	9
6725	12
6768	15
6769	5
6785	6
6787	6
6794	5
6796	5
6844	9
6859	22
6861	6
6870	33
6894	5
6963	6
6998	10
7031	5
7041	8
7128	13
7264	13
7266	11
7272	6
7279	9
7304	7
7351	6
7365	6
7385	5
7408	7
7467	5
7471	6
7475	5
7520	10
7581	13
7621	9
7638	12
7660	11
7743	13
7776	28
7874	5
7956	6
7977	11
7986	10
7988	6
8005	5
8010	10
8040	8
8042	7
8054	16
8098	28
8130	5
8142	7
8144	13
8145	5
8150	12
8186	8
8213	42
8218	13
8246	8
8279	5
8321	6
8351	8
8368	9
8380	21
8384	7
8389	30
8390	9
8395	14
8449	38
8452	6
8513	5
8520	9
8536	17
8562	13
8594	6
8599	5
8624	5
8684	31
8717	6
8743	17
8806	15
8859	14
8865	204
8879	13
8887	12
8902	8
8905	5
8920	7
8923	8
8944	9
8969	39
8978	11
8987	20
8995	22
9010	16
9049	6
9121	5
9126	5
9153	6
9175	16
9193	14
9201	10
9225	6
9265	12
9330	11
9394	24
9526	97
9538	29
9542	8
9546	15
9561	25
9589	26
9598	8
9610	13
9611	5
9625	22
9627	15
9637	6
9669	63
9676	5
9716	5
9722	5
9727	9
9757	9
9766	10
9784	14
9800	6
9801	5
9803	9
9813	12
9825	11
9859	5
9866	8
9890	20
9924	14
9926	8
9962	7
10024	18
10040	7
