158	6
161	5
243	5
250	8
317	5
579	12
739	7
857	5
910	5
1029	7
1143	5
1267	8
1382	8
1958	7
2630	5
2728	5
2931	7
3034	12
3294	8
3349	5
3392	6
3485	6
3501	21
3511	6
3730	5
3735	7
3752	7
3774	6
3821	5
3822	6
3873	15
4111	7
4113	5
4127	58
4259	6
4722	7
4839	5
4846	6
5226	9
5267	30
5318	28
5794	8
5854	5
5889	5
6166	14
6195	7
6700	13
6733	7
6768	11
6998	5
7266	5
7349	5
7621	8
7671	5
7776	9
8098	7
8213	16
8218	8
8380	6
8414	5
8449	8
8684	13
8782	6
8806	8
8865	38
8944	5
8969	7
8978	5
8987	7
9193	8
9225	5
9394	6
9500	6
9526	26
9561	11
9589	7
9625	6
9669	17
9924	6
9926	6
