1	5
5	10
7	6
10	21
23	21
25	6
27	13
30	12
32	10
33	12
37	10
40	29
41	5
43	6
44	10
45	31
48	7
49	5
56	42
58	17
60	14
61	9
63	75
64	5
65	28
67	7
68	9
70	6
74	14
76	8
78	6
85	6
86	13
87	6
89	13
92	18
97	15
98	7
99	13
100	6
101	15
108	11
111	6
112	5
114	10
116	10
122	16
124	8
125	14
126	9
129	5
132	5
133	40
134	24
136	17
140	12
141	11
142	5
148	9
149	10
158	68
161	11
162	24
167	5
172	9
173	14
174	11
177	15
179	15
181	6
182	16
184	48
185	12
187	9
189	21
191	9
197	5
209	13
211	15
216	8
229	11
231	5
241	5
243	125
245	10
249	5
251	12
254	8
256	8
257	61
258	60
261	7
263	5
264	6
268	8
271	9
276	6
279	5
280	9
282	8
288	6
289	6
290	10
297	7
299	5
303	13
305	21
307	9
311	7
312	17
317	7
318	8
322	12
323	12
324	28
325	9
326	8
328	27
330	6
332	7
333	10
338	5
340	12
341	21
342	6
343	5
346	7
347	10
353	18
354	23
355	16
359	60
361	5
363	7
364	5
365	8
366	27
367	8
371	9
379	9
380	18
383	6
384	21
385	28
391	5
392	9
394	12
399	11
406	6
407	8
408	22
412	108
414	7
415	19
417	26
418	9
421	12
427	12
432	15
434	5
436	15
447	26
448	14
451	5
455	35
456	10
457	7
459	6
466	7
467	12
469	6
470	24
471	24
475	5
477	11
478	6
483	13
485	5
486	5
489	7
492	7
494	8
499	5
500	13
506	34
507	10
509	20
511	54
513	54
515	9
516	8
518	10
524	5
525	20
526	26
527	6
528	13
530	6
531	24
534	81
537	5
539	20
540	17
541	8
547	6
556	5
557	21
558	95
569	5
571	5
578	10
579	140
584	5
585	6
588	5
591	38
594	12
604	11
606	15
607	6
608	9
613	18
615	12
619	16
620	21
622	7
626	7
627	8
628	11
629	13
633	38
635	12
636	6
640	90
646	6
651	8
657	9
659	12
666	5
672	16
673	6
676	5
677	27
678	5
680	9
686	6
687	18
691	6
693	8
698	8
700	7
705	13
707	30
709	8
710	20
715	7
716	11
719	25
720	17
721	6
722	8
723	27
726	151
731	5
733	75
740	8
742	29
743	5
744	5
746	31
753	6
758	84
760	18
761	6
763	8
764	10
766	6
768	9
772	14
785	5
787	6
788	8
791	10
792	11
793	18
810	8
811	15
812	6
815	5
816	6
826	119
829	14
830	10
832	7
837	22
841	37
843	11
846	6
855	20
857	179
862	31
865	17
867	7
873	8
875	6
878	67
887	11
890	21
892	10
894	15
895	9
905	41
906	5
912	5
915	14
917	31
919	9
920	13
922	14
925	22
930	37
936	10
940	6
941	7
948	6
949	8
952	7
953	6
955	5
956	7
958	44
969	7
970	7
971	10
972	8
976	39
979	91
981	10
986	10
987	10
991	58
995	16
998	10
1000	18
1002	10
1003	11
1004	7
1005	18
1006	9
1009	19
1013	14
1017	39
1021	8
1022	18
1025	12
1027	29
1029	108
1031	28
1034	5
1035	6
1036	7
1037	7
1038	6
1039	10
1040	7
1048	13
1052	23
1054	6
1060	5
1061	6
1062	5
1066	11
1067	65
1071	30
1073	6
1074	22
1078	5
1089	10
1095	10
1097	5
1098	18
1102	13
1107	15
1108	57
1112	8
1118	58
1121	43
1124	5
1125	13
1126	20
1128	82
1129	17
1132	27
1143	41
1145	8
1147	19
1152	16
1155	5
1158	5
1160	30
1161	7
1162	11
1164	7
1165	5
1166	22
1168	35
1171	16
1174	10
1176	5
1178	10
1181	8
1183	7
1186	138
1188	5
1189	6
1191	5
1192	19
1194	9
1196	12
1199	10
1204	15
1206	26
1208	6
1213	64
1215	10
1221	14
1223	13
1225	63
1229	5
1235	12
1236	24
1238	8
1240	13
1243	9
1244	5
1246	29
1248	5
1251	5
1252	16
1256	22
1261	5
1266	6
1267	144
1274	9
1275	5
1276	7
1281	10
1285	7
1288	11
1289	6
1290	6
1293	9
1294	13
1296	18
1297	13
1298	7
1300	5
1309	9
1310	9
1313	6
1317	6
1320	5
1325	34
1326	5
1328	7
1329	32
1331	61
1332	9
1334	6
1338	8
1344	5
1345	5
1349	6
1350	19
1351	6
1356	5
1357	20
1359	6
1364	24
1365	6
1368	11
1369	29
1370	40
1375	10
1381	16
1382	91
1383	6
1386	7
1388	37
1389	8
1396	49
1400	9
1406	120
1408	192
1409	30
1410	11
1412	14
1413	8
1418	6
1426	7
1428	9
1430	12
1433	8
1434	5
1437	18
1439	6
1440	93
1442	6
1448	7
1450	11
1451	15
1456	21
1457	10
1463	21
1464	22
1467	16
1469	91
1475	16
1478	37
1483	23
1486	38
1487	6
1492	6
1497	5
1499	7
1502	6
1504	17
1505	28
1506	9
1507	17
1510	15
1512	44
1515	12
1518	9
1520	14
1521	22
1522	22
1523	7
1527	39
1529	22
1532	16
1533	7
1536	5
1540	12
1546	5
1550	6
1551	11
1554	41
1564	12
1572	5
1573	5
1574	14
1576	22
1580	239
1582	7
1583	7
1584	6
1586	9
1587	6
1593	9
1601	7
1602	156
1603	7
1604	19
1608	25
1611	14
1612	8
1616	30
1618	6
1621	14
1622	16
1625	5
1626	5
1629	11
1630	8
1632	51
1633	5
1635	11
1637	24
1638	18
1641	5
1642	104
1647	6
1649	7
1654	6
1655	9
1656	18
1657	5
1659	6
1662	16
1663	13
1666	10
1667	5
1668	17
1672	10
1673	16
1675	5
1679	117
1687	5
1689	79
1692	6
1694	6
1700	17
1702	58
1704	5
1707	42
1712	9
1713	17
1718	5
1720	5
1724	20
1725	9
1730	12
1732	12
1734	7
1735	8
1736	16
1737	6
1739	39
1741	17
1743	6
1744	10
1745	11
1747	34
1749	5
1750	8
1753	10
1755	14
1757	5
1758	5
1759	27
1767	8
1774	22
1777	10
1778	8
1780	17
1783	28
1784	8
1787	25
1797	12
1798	8
1805	7
1806	13
1807	10
1809	5
1810	11
1812	5
1814	15
1815	5
1816	7
1818	15
1822	18
1827	5
1828	24
1831	11
1833	28
1834	26
1835	83
1836	7
1837	5
1840	7
1841	7
1842	24
1843	16
1854	25
1855	7
1857	5
1859	12
1861	11
1873	9
1875	15
1880	11
1882	33
1886	34
1890	7
1892	26
1894	25
1897	22
1902	15
1905	22
1907	5
1910	8
1913	11
1919	42
1922	19
1929	9
1931	9
1933	17
1937	95
1941	21
1943	35
1945	16
1949	14
1952	6
1953	7
1957	13
1958	77
1959	7
1960	10
1961	7
1969	5
1977	10
1978	7
1980	5
1981	23
1982	6
1985	21
1987	5
1994	8
1995	14
1998	6
2000	6
2003	8
2006	7
2011	18
2012	6
2016	5
2017	7
2019	13
2023	27
2024	13
2026	5
2036	23
2037	12
2040	8
2043	7
2046	13
2048	32
2049	61
2054	8
2055	6
2059	23
2061	9
2062	9
2065	8
2071	24
2074	30
2075	12
2078	19
2083	5
2085	12
2092	10
2093	6
2096	5
2097	41
2099	12
2100	6
2102	8
2105	9
2109	7
2117	45
2119	11
2124	5
2127	6
2128	26
2130	55
2132	16
2136	24
2141	14
2142	5
2146	5
2149	10
2150	7
2155	37
2157	57
2158	14
2164	36
2169	6
2172	23
2175	30
2178	13
2180	5
2182	17
2183	19
2185	7
2186	7
2188	10
2190	25
2191	21
2192	21
2195	14
2196	7
2200	22
2204	5
2205	19
2210	6
2212	38
2213	6
2216	17
2220	9
2222	12
2226	24
2229	10
2230	7
2231	6
2234	7
2237	14
2238	11
2239	8
2242	6
2250	9
2254	5
2257	16
2267	25
2270	51
2273	13
2274	5
2275	9
2278	8
2282	6
2292	20
2293	6
2294	7
2298	5
2302	5
2306	7
2307	12
2313	5
2316	5
2318	5
2323	13
2324	83
2326	12
2327	8
2328	9
2330	50
2331	7
2335	15
2341	21
2349	10
2351	96
2356	6
2358	5
2360	11
2362	5
2363	10
2366	15
2370	11
2375	8
2379	23
2380	5
2382	10
2385	5
2386	10
2390	7
2395	7
2398	16
2412	19
2423	9
2425	5
2426	5
2427	31
2433	8
2436	5
2440	17
2442	7
2445	104
2446	67
2447	6
2448	42
2451	6
2454	5
2456	11
2458	5
2460	5
2463	5
2477	63
2478	11
2483	27
2484	34
2487	5
2493	9
2494	24
2495	13
2499	5
2500	6
2502	21
2504	10
2507	6
2508	16
2510	5
2513	19
2514	6
2518	12
2521	6
2522	71
2526	39
2527	6
2528	16
2531	95
2532	18
2533	5
2534	9
2540	39
2542	5
2543	16
2544	6
2546	24
2547	14
2549	5
2555	5
2556	6
2557	5
2560	47
2561	54
2562	17
2564	8
2566	7
2569	29
2570	5
2576	7
2580	8
2585	10
2586	6
2589	5
2591	5
2593	18
2594	6
2598	5
2600	9
2601	11
2602	5
2603	7
2607	5
2609	5
2613	8
2614	11
2616	76
2617	18
2619	12
2621	23
2622	5
2624	7
2625	51
2630	118
2631	9
2637	15
2638	10
2639	5
2640	9
2648	48
2653	6
2655	5
2656	10
2660	10
2663	14
2670	6
2672	14
2676	7
2678	9
2682	7
2685	6
2686	6
2687	7
2688	9
2689	11
2690	18
2695	76
2696	36
2698	5
2703	10
2704	5
2719	41
2722	40
2723	7
2726	10
2727	11
2728	30
2734	5
2736	22
2739	55
2740	5
2741	9
2742	6
2744	8
2745	8
2746	10
2750	108
2751	8
2752	6
2761	5
2762	17
2763	11
2764	10
2766	24
2767	6
2768	73
2774	7
2776	10
2778	22
2782	6
2784	8
2786	10
2787	18
2789	23
2792	9
2794	21
2797	5
2798	13
2799	8
2801	9
2819	5
2825	10
2827	5
2830	6
2850	9
2851	5
2854	5
2855	5
2860	17
2861	7
2862	59
2864	32
2865	8
2871	8
2873	8
2875	8
2878	79
2880	7
2881	13
2883	18
2884	12
2886	6
2887	11
2888	19
2894	34
2895	9
2896	30
2898	5
2899	6
2902	12
2904	5
2905	6
2908	8
2910	8
2914	25
2915	10
2917	48
2918	10
2922	7
2924	7
2926	8
2929	15
2931	79
2932	17
2933	9
2934	12
2937	50
2938	5
2939	9
2943	26
2946	14
2950	15
2951	29
2955	125
2962	9
2965	13
2966	5
2968	64
2972	16
2973	62
2974	11
2976	13
2977	13
2985	7
2986	5
2989	5
2990	67
2993	30
2994	7
2995	14
2997	33
2999	14
3001	8
3003	17
3004	8
3005	8
3006	104
3008	7
3009	20
3012	8
3013	6
3020	14
3023	8
3025	16
3027	11
3029	6
3032	18
3034	273
3035	5
3038	19
3041	11
3043	9
3045	14
3047	23
3058	7
3061	5
3062	7
3068	27
3075	38
3077	22
3079	9
3081	19
3082	35
3087	93
3089	5
3091	101
3092	28
3093	6
3094	19
3095	45
3100	52
3103	6
3104	6
3106	16
3107	9
3109	63
3110	14
3112	5
3114	12
3116	7
3120	8
3126	10
3128	17
3140	21
3142	23
3143	10
3148	32
3152	5
3154	14
3155	15
3161	16
3166	7
3167	6
3168	14
3173	13
3174	7
3180	6
3181	17
3182	119
3191	122
3195	6
3196	12
3198	9
3199	20
3205	15
3206	30
3207	17
3210	17
3211	46
3213	54
3214	14
3215	38
3218	9
3219	5
3226	7
3228	31
3230	5
3231	5
3232	54
3233	6
3235	8
3236	6
3238	12
3242	18
3244	6
3247	7
3250	5
3259	5
3266	28
3273	78
3275	9
3276	5
3278	11
3280	13
3284	23
3289	22
3291	25
3294	168
3295	5
3302	5
3303	5
3305	40
3309	6
3311	10
3312	9
3314	6
3315	7
3319	11
3321	10
3332	7
3335	39
3340	82
3342	7
3349	51
3353	7
3359	30
3362	5
3366	5
3370	5
3372	19
3381	8
3384	9
3385	7
3386	16
3389	16
3391	5
3392	183
3395	9
3396	5
3400	5
3401	7
3404	6
3405	173
3406	7
3408	6
3411	5
3418	11
3425	37
3428	40
3431	7
3432	7
3434	6
3436	5
3437	6
3439	5
3443	5
3449	24
3452	9
3462	5
3467	6
3473	5
3474	12
3476	11
3482	12
3484	5
3485	21
3487	17
3490	38
3491	5
3497	9
3501	286
3503	12
3511	133
3517	5
3518	45
3521	12
3524	27
3533	15
3543	11
3544	7
3548	6
3549	17
3554	5
3559	7
3560	11
3562	8
3566	10
3568	128
3571	17
3573	5
3575	30
3576	36
3579	25
3589	8
3592	15
3594	10
3596	5
3600	7
3602	82
3612	10
3613	6
3615	16
3616	6
3619	23
3621	11
3622	6
3626	7
3630	81
3631	5
3632	17
3634	6
3636	7
3647	5
3651	5
3652	14
3658	28
3663	7
3664	7
3667	7
3671	5
3672	8
3675	10
3677	33
3678	18
3683	6
3686	5
3687	10
3688	55
3691	22
3693	6
3700	6
3701	15
3702	125
3706	7
3709	5
3711	61
3712	20
3713	11
3714	17
3718	6
3720	5
3724	31
3726	8
3728	8
3730	8
3733	8
3735	264
3739	6
3740	7
3743	6
3747	47
3751	6
3752	244
3755	9
3757	8
3763	66
3764	7
3765	26
3767	7
3774	81
3776	10
3779	7
3784	63
3787	82
3790	44
3800	7
3806	48
3809	16
3812	32
3821	110
3822	210
3823	8
3836	70
3840	9
3848	66
3850	5
3858	14
3869	10
3871	6
3872	19
3873	147
3874	6
3881	50
3893	5
3897	7
3899	19
3900	93
3901	12
3905	6
3907	14
3911	29
3913	14
3914	52
3915	35
3916	8
3917	65
3924	24
3925	16
3930	26
3933	6
3938	5
3940	9
3943	15
3947	6
3959	7
3966	18
3970	106
3974	6
3976	5
3982	8
3984	94
3985	11
3988	6
3989	20
3997	14
3998	30
4004	16
4005	9
4008	22
4012	6
4015	6
4016	45
4017	53
4021	6
4022	7
4023	6
4025	6
4026	10
4027	6
4028	9
4034	6
4039	5
4040	18
4041	17
4044	39
4046	13
4047	23
4048	50
4050	10
4053	9
4055	6
4056	199
4060	7
4061	6
4065	10
4066	21
4068	5
4070	16
4071	12
4076	16
4078	21
4079	9
4080	10
4083	5
4087	22
4088	132
4094	12
4097	9
4098	5
4099	14
4100	20
4102	76
4105	71
4111	140
4113	97
4116	6
4118	5
4120	6
4121	51
4122	22
4124	8
4127	6650
4130	6
4131	18
4133	11
4135	21
4136	26
4138	12
4142	24
4143	5
4144	9
4147	5
4150	5
4152	18
4153	8
4155	11
4162	29
4163	12
4169	8
4172	8
4175	17
4180	6
4183	5
4186	8
4193	6
4195	5
4197	6
4201	10
4202	20
4205	61
4212	13
4213	10
4214	6
4215	46
4222	15
4223	35
4229	14
4232	6
4235	18
4238	5
4239	12
4242	8
4247	6
4248	27
4249	10
4250	6
4259	145
4260	36
4261	7
4262	22
4263	6
4271	17
4273	8
4281	29
4284	18
4286	9
4294	5
4297	11
4298	20
4302	6
4304	26
4305	5
4312	9
4314	5
4316	11
4325	9
4326	13
4329	9
4332	9
4333	6
4337	8
4338	7
4339	9
4342	6
4345	9
4347	14
4348	5
4349	9
4350	6
4351	39
4352	10
4354	7
4356	41
4357	7
4365	7
4366	37
4367	12
4377	21
4382	13
4391	6
4392	6
4395	38
4396	6
4398	12
4399	13
4403	31
4408	9
4412	9
4414	14
4416	9
4419	13
4420	8
4421	9
4423	6
4425	9
4426	24
4433	6
4434	6
4438	12
4441	6
4445	5
4446	35
4447	18
4452	7
4456	20
4458	54
4459	6
4463	29
4465	5
4466	10
4479	5
4481	11
4482	7
4485	6
4491	12
4493	5
4494	6
4502	20
4504	14
4505	6
4506	25
4508	8
4516	6
4522	9
4527	43
4538	6
4540	10
4541	5
4545	7
4550	15
4555	14
4559	27
4561	5
4562	5
4563	5
4567	9
4569	14
4573	6
4576	5
4587	7
4598	38
4599	7
4600	29
4601	7
4602	6
4603	15
4604	20
4608	5
4610	13
4611	8
4613	6
4617	5
4622	5
4624	11
4627	12
4631	7
4633	14
4635	5
4638	5
4639	8
4642	266
4644	28
4653	29
4656	13
4658	7
4659	31
4660	10
4661	26
4664	8
4666	5
4667	9
4669	7
4675	9
4677	10
4679	5
4680	24
4686	10
4689	7
4690	11
4692	10
4694	9
4695	5
4696	7
4699	21
4703	25
4706	5
4716	14
4719	5
4723	7
4725	6
4731	14
4733	14
4735	21
4741	6
4745	5
4747	6
4748	7
4753	6
4756	5
4757	9
4764	9
4767	9
4768	6
4771	13
4772	6
4777	8
4783	5
4785	5
4786	7
4788	7
4798	16
4807	5
4820	6
4822	7
4824	9
4830	6
4832	7
4838	10
4840	36
4846	83
4852	82
4854	14
4855	10
4857	10
4859	5
4860	5
4861	53
4862	23
4864	31
4865	5
4868	5
4875	24
4877	37
4881	6
4886	5
4887	9
4890	6
4894	6
4896	30
4897	36
4901	5
4902	7
4906	7
4907	12
4911	7
4914	10
4924	13
4926	5
4936	5
4943	7
4952	6
4953	5
4961	5
4962	5
4963	55
4964	16
4965	9
4970	6
4973	62
4975	20
4977	11
4978	6
4986	8
4987	10
4993	9
4994	5
4998	14
5002	11
5005	14
5009	8
5018	77
5021	13
5022	9
5026	12
5029	34
5030	5
5031	27
5032	10
5037	7
5045	17
5046	5
5053	15
5056	11
5058	9
5061	7
5062	40
5064	15
5065	11
5068	17
5073	9
5074	55
5077	82
5078	7
5079	15
5080	5
5081	10
5086	64
5090	35
5091	7
5092	17
5093	11
5094	6
5096	8
5103	5
5104	6
5110	5
5116	8
5119	14
5121	8
5122	10
5124	25
5125	5
5128	8
5139	11
5140	5
5141	7
5142	9
5143	7
5145	6
5146	8
5147	8
5149	67
5151	5
5153	38
5157	5
5159	5
5160	56
5161	5
5162	5
5163	21
5172	6
5174	13
5175	32
5176	11
5181	107
5184	24
5187	13
5188	11
5189	5
5194	6
5197	6
5198	19
5199	80
5200	13
5201	49
5204	9
5208	182
5212	9
5218	6
5224	9
5226	210
5232	31
5233	15
5234	9
5235	8
5239	13
5240	19
5241	21
5243	9
5245	5
5247	14
5249	13
5252	13
5253	5
5254	22
5255	11
5256	14
5260	12
5261	9
5264	6
5267	400
5278	11
5282	7
5290	10
5291	8
5292	6
5296	21
5297	8
5298	29
5299	9
5300	9
5301	54
5303	84
5307	11
5309	16
5316	31
5318	753
5328	9
5332	21
5333	8
5339	5
5343	8
5344	76
5346	6
5351	25
5352	19
5359	5
5361	11
5365	81
5367	6
5370	6
5372	5
5373	7
5374	6
5375	10
5377	8
5380	5
5381	8
5382	27
5383	16
5389	17
5391	14
5396	60
5403	133
5405	5
5412	16
5415	33
5417	5
5422	8
5423	12
5429	8
5430	31
5433	8
5434	15
5441	7
5443	58
5444	16
5448	35
5458	103
5460	102
5465	6
5466	7
5472	13
5476	22
5480	11
5482	7
5484	9
5487	24
5499	5
5502	13
5504	69
5506	6
5512	7
5513	27
5514	10
5515	8
5522	9
5526	6
5534	5
5535	11
5539	11
5541	6
5543	5
5544	8
5548	19
5550	14
5553	9
5554	5
5559	6
5561	29
5569	8
5574	5
5576	66
5582	10
5589	12
5591	5
5595	9
5598	5
5599	5
5601	5
5604	12
5606	6
5608	12
5609	11
5615	5
5616	38
5617	8
5618	5
5632	87
5633	15
5636	5
5644	5
5649	7
5651	20
5654	5
5655	16
5659	11
5660	20
5663	6
5665	6
5670	6
5671	5
5672	13
5673	18
5675	7
5677	52
5682	5
5683	11
5687	11
5691	14
5695	5
5697	5
5698	15
5699	10
5700	15
5708	36
5710	6
5713	6
5722	6
5724	11
5725	24
5727	16
5729	19
5730	47
5737	39
5739	5
5741	13
5742	7
5746	24
5747	14
5748	8
5750	8
5753	5
5754	6
5758	21
5760	5
5764	5
5766	25
5768	58
5771	32
5773	10
5780	8
5783	54
5784	11
5787	5
5789	8
5794	169
5797	14
5798	5
5802	12
5808	11
5809	12
5814	6
5816	22
5817	5
5819	6
5820	7
5825	7
5826	6
5827	19
5833	6
5834	19
5839	30
5840	48
5843	6
5844	28
5846	29
5852	5
5854	58
5855	31
5856	40
5858	8
5861	6
5864	48
5865	7
5866	58
5871	7
5874	9
5877	65
5883	14
5884	5
5886	20
5887	37
5890	10
5892	186
5909	27
5911	15
5919	6
5920	18
5921	80
5922	8
5923	11
5924	61
5929	5
5934	16
5936	15
5939	20
5940	41
5942	16
5943	47
5945	5
5963	5
5967	7
5969	66
5970	10
5972	136
5974	6
5978	7
5985	6
5988	7
5992	7
6003	17
6009	21
6012	25
6014	5
6015	14
6025	21
6035	9
6043	23
6045	7
6048	50
6058	14
6061	5
6064	10
6065	5
6071	8
6073	9
6074	6
6081	5
6083	9
6085	11
6095	7
6098	7
6099	6
6100	11
6106	10
6107	10
6108	7
6114	6
6119	60
6122	143
6124	34
6126	9
6128	6
6133	23
6138	5
6139	6
6146	69
6149	9
6150	7
6156	5
6161	6
6166	332
6167	5
6170	5
6171	5
6175	16
6191	9
6193	10
6195	17
6196	6
6207	11
6209	26
6214	27
6217	7
6222	5
6223	6
6233	11
6239	15
6242	13
6243	24
6254	27
6257	18
6264	51
6266	62
6270	5
6271	6
6273	5
6275	5
6276	7
6278	11
6279	7
6282	6
6287	25
6291	13
6301	1439
6304	763
6307	9
6310	7
6313	6
6314	5
6315	10
6318	5
6319	21
6320	6
6321	8
6323	18
6328	20
6335	17
6338	71
6339	24
6340	7
6342	9
6344	15
6345	45
6346	52
6349	5
6350	9
6352	17
6353	7
6361	6
6362	9
6363	9
6365	5
6368	20
6370	16
6385	9
6386	6
6388	8
6394	18
6396	90
6397	9
6398	10
6399	31
6400	5
6405	5
6408	7
6415	5
6416	5
6424	10
6426	10
6434	9
6439	5
6444	16
6451	8
6454	29
6458	28
6463	6
6465	7
6466	5
6467	7
6469	8
6470	5
6471	5
6472	94
6473	7
6474	14
6475	9
6479	11
6481	5
6486	19
6489	17
6491	6
6492	35
6497	12
6499	11
6504	8
6505	5
6511	6
6513	5
6517	5
6518	12
6526	14
6527	5
6543	6
6545	5
6548	14
6549	8
6551	9
6554	5
6557	22
6558	10
6559	21
6560	6
6562	25
6563	14
6565	26
6566	13
6567	14
6570	7
6576	6
6582	6
6583	13
6588	10
6593	30
6597	8
6604	9
6607	23
6608	14
6609	268
6611	10
6617	10
6618	42
6619	108
6622	9
6625	44
6628	8
6631	41
6637	6
6641	14
6643	6
6644	8
6646	9
6650	5
6651	7
6654	22
6661	47
6665	5
6666	7
6668	9
6671	18
6675	9
6677	8
6682	5
6686	14
6692	8
6693	8
6696	43
6697	6
6700	325
6702	7
6706	9
6711	65
6713	49
6715	6
6716	14
6717	6
6723	9
6725	86
6726	7
6730	5
6733	33
6741	9
6742	9
6744	7
6745	7
6747	5
6759	11
6768	76
6769	145
6772	6
6773	17
6778	5
6781	13
6783	7
6784	7
6785	215
6787	47
6791	5
6792	5
6794	64
6795	18
6796	28
6797	7
6798	14
6799	9
6804	5
6807	9
6817	13
6819	5
6828	6
6834	55
6838	6
6843	13
6844	126
6847	47
6848	5
6849	25
6851	12
6855	6
6856	14
6859	160
6861	23
6862	7
6864	6
6865	11
6866	5
6868	73
6870	108
6874	8
6875	5
6878	11
6880	10
6881	78
6883	5
6885	12
6892	5
6894	60
6901	5
6902	15
6903	5
6905	15
6906	7
6907	43
6919	6
6920	18
6922	35
6923	7
6926	5
6928	5
6931	8
6937	13
6940	28
6941	167
6942	7
6945	7
6948	5
6949	5
6950	10
6955	40
6957	6
6959	27
6962	11
6963	17
6965	6
6969	5
6970	20
6971	18
6972	24
6976	9
6978	6
6979	8
6982	10
6983	11
6986	8
6987	8
6990	5
6991	45
6992	5
6994	20
6995	9
6997	12
6998	93
7006	16
7009	12
7011	9
7014	7
7015	9
7016	7
7017	16
7019	11
7022	6
7026	9
7028	5
7029	12
7030	10
7031	33
7032	12
7033	6
7037	11
7038	36
7039	8
7040	12
7041	28
7042	6
7045	16
7046	18
7047	27
7048	5
7051	18
7053	11
7057	6
7058	7
7067	8
7070	6
7071	28
7072	10
7075	11
7078	43
7087	12
7089	23
7090	54
7094	8
7095	6
7102	30
7106	12
7107	16
7108	6
7110	7
7112	5
7115	17
7116	12
7117	5
7119	7
7121	6
7122	5
7124	13
7128	107
7131	6
7136	5
7137	6
7138	18
7139	6
7142	10
7146	8
7147	5
7148	6
7149	5
7150	6
7157	5
7158	7
7163	9
7164	7
7166	47
7167	6
7169	44
7172	28
7174	6
7175	12
7178	28
7180	8
7182	6
7191	19
7194	7
7195	5
7197	6
7199	6
7204	28
7213	9
7215	12
7221	7
7223	14
7227	6
7228	15
7232	107
7233	5
7234	5
7235	13
7239	12
7240	12
7242	6
7243	8
7244	6
7251	24
7252	13
7255	5
7256	18
7258	5
7259	9
7262	89
7264	73
7266	128
7271	11
7272	43
7279	52
7281	14
7282	5
7288	18
7289	14
7290	10
7298	27
7304	54
7317	7
7321	12
7323	12
7335	6
7337	10
7338	12
7340	6
7342	14
7348	12
7349	24
7351	16
7352	26
7358	8
7362	7
7365	98
7367	20
7370	10
7376	6
7381	7
7383	13
7385	15
7386	28
7387	5
7389	5
7392	5
7395	12
7399	18
7400	10
7403	7
7404	5
7407	6
7408	22
7409	12
7410	25
7411	27
7412	58
7415	14
7417	11
7418	7
7425	16
7426	16
7431	7
7437	49
7441	7
7445	5
7451	15
7453	6
7456	7
7461	15
7462	19
7463	10
7465	9
7471	29
7475	9
7485	6
7486	23
7489	17
7492	12
7493	13
7494	13
7497	5
7498	7
7503	18
7507	6
7510	8
7512	5
7514	5
7515	5
7518	6
7520	29
7522	12
7523	14
7526	10
7527	6
7528	32
7533	14
7539	5
7541	7
7543	75
7545	15
7546	42
7548	5
7552	8
7557	14
7561	12
7562	6
7563	30
7568	7
7569	6
7574	7
7575	6
7576	9
7579	7
7580	5
7581	93
7582	5
7583	13
7584	7
7592	15
7604	5
7606	9
7607	20
7610	13
7615	5
7618	8
7619	7
7620	6
7621	232
7629	11
7634	18
7635	12
7638	103
7641	15
7645	8
7647	11
7651	5
7655	5
7660	13
7664	10
7668	5
7669	5
7671	38
7675	6
7676	25
7678	7
7681	7
7684	6
7685	10
7687	6
7690	13
7691	27
7692	5
7693	11
7696	7
7698	7
7708	8
7709	5
7713	9
7714	17
7725	7
7735	15
7739	31
7741	5
7742	7
7743	52
7749	5
7752	9
7759	35
7760	5
7761	11
7766	24
7770	8
7776	198
7782	15
7784	5
7788	5
7789	23
7790	5
7793	18
7797	8
7798	6
7799	23
7800	32
7808	6
7809	7
7810	6
7815	8
7817	12
7819	64
7820	26
7827	15
7830	6
7832	13
7840	13
7842	25
7845	27
7846	9
7851	7
7852	32
7854	5
7855	25
7857	8
7864	5
7866	12
7868	18
7870	23
7873	13
7874	68
7879	5
7882	27
7885	5
7886	11
7888	7
7889	6
7892	6
7896	8
7901	13
7912	6
7913	29
7914	5
7921	10
7923	8
7931	5
7939	5
7942	10
7948	10
7950	8
7956	27
7957	5
7963	17
7964	31
7966	83
7967	17
7968	97
7970	8
7971	30
7975	5
7977	54
7979	8
7980	19
7983	16
7986	216
7988	20
7990	7
7998	39
8004	11
8006	12
8007	7
8008	44
8010	55
8012	5
8014	10
8015	5
8017	54
8018	6
8021	8
8026	7
8031	13
8032	17
8033	12
8039	5
8040	39
8041	5
8042	40
8043	6
8044	5
8046	6
8053	27
8054	59
8055	22
8057	11
8060	23
8061	8
8063	5
8064	24
8067	5
8072	11
8073	7
8074	15
8079	21
8082	7
8084	5
8086	5
8091	5
8095	9
8098	110
8099	11
8108	5
8109	6
8110	11
8111	7
8122	9
8129	8
8130	28
8134	14
8142	35
8143	5
8144	56
8145	38
8148	17
8150	47
8156	5
8157	16
8160	12
8162	10
8175	5
8178	6
8186	8
8187	47
8192	8
8193	5
8194	12
8197	57
8202	11
8205	14
8207	7
8208	16
8210	7
8213	134
8217	48
8218	81
8221	8
8222	8
8225	9
8227	7
8229	10
8230	14
8237	8
8240	6
8242	34
8243	20
8246	46
8248	5
8249	26
8251	10
8252	30
8253	7
8261	11
8262	10
8263	26
8268	19
8270	7
8276	36
8279	28
8287	7
8289	7
8291	7
8293	32
8294	17
8298	7
8304	15
8307	14
8312	11
8317	8
8321	51
8322	6
8324	43
8329	9
8331	22
8337	6
8338	5
8339	289
8340	6
8341	6
8342	6
8345	7
8350	8
8351	134
8353	6
8356	5
8357	6
8358	7
8359	8
8360	7
8361	34
8362	5
8363	15
8368	41
8369	20
8370	5
8375	42
8376	89
8377	9
8380	167
8383	12
8384	11
8387	7
8388	9
8391	74
8393	7
8395	85
8399	6
8400	11
8402	9
8408	30
8410	9
8413	5
8416	7
8417	6
8421	5
8426	10
8427	18
8439	10
8440	10
8443	14
8445	11
8447	5
8449	161
8450	5
8451	79
8452	66
8453	10
8455	25
8459	6
8462	33
8466	11
8467	6
8472	5
8476	10
8477	5
8479	118
8483	10
8484	22
8485	5
8488	5
8489	5
8491	6
8495	5
8496	6
8497	20
8503	13
8506	30
8507	7
8508	26
8509	28
8510	55
8512	5
8513	36
8518	7
8520	32
8522	9
8525	51
8526	6
8527	9
8528	11
8529	6
8532	5
8533	91
8535	22
8536	48
8544	8
8547	13
8549	10
8551	5
8552	23
8555	13
8556	6
8558	25
8560	21
8562	21
8569	9
8570	11
8571	12
8572	5
8573	42
8586	39
8587	17
8588	5
8593	7
8594	23
8599	14
8601	5
8602	17
8610	10
8612	7
8616	13
8617	5
8624	26
8625	10
8626	11
8630	55
8638	7
8640	6
8643	5
8647	5
8651	7
8653	5
8663	19
8664	7
8665	10
8666	5
8669	25
8672	11
8674	5
8683	27
8684	153
8687	12
8693	9
8697	5
8699	8
8701	10
8703	16
8704	16
8710	29
8712	8
8714	6
8715	6
8717	20
8718	7
8720	10
8721	5
8722	7
8724	12
8726	5
8727	13
8734	7
8739	32
8740	24
8741	21
8743	88
8752	21
8755	26
8757	7
8758	5
8760	25
8761	12
8765	13
8766	8
8767	6
8769	13
8781	7
8792	10
8793	38
8794	5
8796	12
8797	6
8802	12
8803	31
8804	9
8806	60
8810	10
8811	6
8812	7
8813	10
8816	7
8817	30
8820	32
8821	38
8832	40
8838	5
8842	7
8843	7
8850	5
8858	6
8860	17
8863	8
8865	1253
8866	8
8872	6
8874	9
8879	64
8880	8
8884	6
8885	5
8887	94
8890	6
8892	5
8894	7
8897	5
8899	30
8903	7
8905	5
8908	8
8909	40
8910	15
8911	8
8912	37
8915	10
8920	17
8922	17
8923	31
8928	5
8933	7
8934	7
8941	7
8943	17
8944	43
8947	8
8952	7
8953	9
8954	9
8956	17
8958	6
8961	9
8963	5
8965	7
8969	438
8970	6
8973	7
8978	83
8981	14
8987	109
8988	5
8989	5
8991	5
8993	6
8995	215
9001	6
9010	66
9013	11
9018	8
9019	23
9021	5
9023	5
9025	5
9028	36
9029	5
9030	25
9032	11
9034	35
9035	7
9037	16
9038	34
9039	7
9040	8
9044	6
9045	16
9046	12
9049	14
9054	79
9062	5
9064	15
9066	15
9068	9
9072	15
9078	24
9080	24
9083	9
9085	7
9093	14
9095	6
9103	29
9104	10
9107	5
9109	7
9115	6
9116	8
9117	11
9120	12
9121	51
9124	7
9126	28
9128	28
9130	19
9131	7
9132	5
9140	10
9144	58
9145	8
9148	24
9153	66
9155	5
9165	39
9168	7
9175	129
9180	62
9183	10
9187	11
9189	6
9192	6
9193	87
9198	7
9201	40
9208	7
9210	5
9211	6
9212	6
9215	7
9216	6
9219	7
9220	5
9223	6
9224	9
9225	38
9230	21
9232	11
9238	8
9240	9
9242	10
9262	6
9265	44
9275	5
9282	8
9285	41
9291	16
9293	30
9300	9
9312	5
9315	9
9320	16
9323	19
9328	9
9330	71
9331	6
9333	6
9340	24
9344	10
9346	10
9347	11
9352	7
9357	9
9361	5
9365	13
9371	8
9375	18
9376	8
9382	6
9390	5
9391	5
9394	203
9396	9
9397	9
9400	7
9408	5
9410	11
9423	9
9424	6
9429	6
9432	6
9433	6
9434	8
9435	5
9437	12
9439	5
9441	7
9442	7
9444	6
9445	58
9448	46
9453	45
9458	12
9460	10
9463	7
9466	18
9467	6
9470	6
9473	6
9474	39
9483	7
9488	7
9491	6
9493	30
9497	7
9498	7
9499	6
9500	346
9501	11
9502	20
9503	5
9508	6
9509	17
9510	16
9511	7
9525	6
9526	692
9527	11
9538	200
9542	53
9546	125
9549	21
9550	6
9553	5
9561	109
9562	5
9563	15
9564	5
9567	29
9571	29
9575	16
9576	8
9578	7
9579	13
9581	5
9582	17
9584	53
9585	6
9586	7
9587	26
9588	11
9589	180
9590	5
9591	30
9594	7
9596	12
9600	6
9601	7
9603	6
9608	13
9610	70
9611	23
9615	9
9617	8
9618	23
9620	20
9622	11
9624	12
9625	153
9627	52
9632	9
9633	27
9637	55
9641	8
9645	10
9648	54
9652	9
9655	7
9657	8
9661	6
9666	10
9669	319
9672	5
9674	6
9676	61
9681	8
9698	8
9699	27
9701	6
9702	5
9704	24
9711	11
9712	5
9715	6
9716	69
9717	7
9719	17
9721	42
9722	18
9724	11
9727	43
9733	9
9735	5
9738	37
9743	9
9752	6
9753	9
9756	6
9757	25
9763	37
9764	34
9766	63
9768	9
9769	6
9770	5
9774	6
9784	77
9788	13
9792	21
9793	8
9800	27
9801	19
9803	32
9805	27
9809	24
9813	82
9814	5
9817	11
9822	39
9823	7
9824	7
9825	54
9826	10
9827	7
9828	7
9831	6
9832	14
9833	15
9837	5
9838	14
9840	5
9843	7
9849	6
9854	5
9857	5
9864	6
9866	30
9867	5
9870	17
9874	5
9880	5
9882	7
9884	9
9885	7
9886	5
9890	107
9894	5
9900	9
9901	20
9903	21
9909	10
9913	18
9915	28
9920	6
9921	19
9924	128
9925	32
9926	103
9932	8
9933	9
9934	32
9938	9
9940	6
9944	6
9947	50
9951	6
9952	7
9954	5
9957	6
9959	5
9962	61
9964	19
9966	6
9968	8
9970	5
9974	1513
9975	12
9976	34
9979	6
9983	10
9986	6
9992	18
9993	5
9996	8
9998	16
9999	12
10000	7
10002	5
10005	6
10008	5
10023	5
10031	6
10034	5
10036	7
10037	6
10038	6
10041	9
10042	6
10043	6
10046	5
10049	7
10054	5
