23	5
40	8
56	6
63	16
99	5
158	11
165	6
167	10
243	9
258	6
292	6
328	7
341	9
353	6
417	9
511	5
534	7
557	5
558	18
579	31
591	6
613	7
640	7
677	5
680	6
707	6
710	12
723	9
726	23
733	17
746	9
758	11
793	5
825	7
826	11
857	31
860	17
862	5
878	9
905	14
940	7
958	7
991	5
993	5
1005	7
1017	5
1027	7
1029	18
1031	6
1067	12
1071	6
1108	10
1118	8
1130	7
1132	17
1143	9
1192	5
1213	6
1225	5
1236	10
1267	28
1299	5
1325	16
1331	12
1335	5
1382	17
1396	6
1406	7
1437	6
1440	16
1456	5
1463	5
1469	13
1512	5
1532	7
1540	6
1564	15
1580	8
1630	11
1642	15
1689	13
1702	7
1724	5
1747	5
1759	5
1835	8
1886	6
1892	9
1902	5
1905	7
1908	5
1914	18
1937	14
1958	16
2049	8
2074	10
2097	6
2102	7
2117	6
2130	8
2142	12
2155	5
2157	9
2212	7
2248	5
2257	6
2263	17
2268	5
2307	7
2324	13
2351	14
2370	5
2409	15
2412	9
2427	6
2445	23
2446	6
2448	7
2477	9
2484	5
2494	6
2514	7
2522	9
2531	15
2532	6
2540	6
2546	10
2561	9
2616	6
2617	5
2621	18
2625	6
2630	16
2719	6
2750	16
2768	6
2826	5
2914	13
2917	13
2931	15
2937	10
2950	14
2955	16
2965	7
2968	18
2973	9
2985	17
2993	5
3003	5
3006	19
3034	52
3066	7
3068	5
3075	8
3087	14
3091	16
3092	5
3140	8
3142	8
3161	8
3182	24
3191	18
3199	6
3210	13
3211	6
3213	7
3273	5
3278	5
3284	7
3291	8
3294	24
3317	6
3335	9
3340	10
3349	14
3359	6
3392	43
3405	5
3425	6
3501	49
3511	16
3559	5
3568	29
3602	13
3702	36
3711	12
3735	24
3747	7
3752	37
3763	5
3765	6
3774	9
3784	7
3787	5
3790	7
3806	12
3821	12
3822	46
3836	9
3858	7
3873	45
3881	14
3900	12
3915	6
3917	6
3970	11
3984	17
3998	17
4017	11
4041	10
4044	6
4047	7
4056	51
4066	5
4088	24
4102	5
4111	34
4113	15
4122	5
4127	484
4136	6
4152	7
4162	10
4214	7
4223	14
4229	5
4259	39
4260	7
4265	8
4271	5
4333	6
4395	5
4458	9
4486	5
4523	32
4524	6
4525	9
4604	13
4613	12
4618	6
4642	22
4653	6
4661	6
4733	9
4735	17
4846	13
4852	17
4864	5
4869	5
4875	7
4896	5
4973	6
5018	8
5029	7
5037	5
5053	7
5056	5
5074	12
5077	17
5086	15
5144	7
5153	7
5181	6
5199	8
5201	10
5208	30
5218	8
5226	40
5239	5
5267	116
5279	5
5296	8
5298	5
5301	9
5316	15
5318	117
5344	26
5351	8
5361	8
5388	5
5396	14
5443	7
5460	10
5476	9
5487	9
5489	5
5559	5
5561	5
5601	6
5604	5
5632	8
5672	7
5677	7
5698	10
5736	5
5737	6
5766	6
5768	7
5771	5
5794	43
5836	12
5854	26
5864	5
5866	10
5877	12
5892	27
5921	8
5924	22
5937	5
5972	11
6009	11
6043	7
6051	12
6106	5
6133	9
6139	6
6143	5
6146	18
6166	74
6209	6
6285	6
6290	12
6301	102
6304	38
6313	6
6338	6
6370	5
6399	6
6472	8
6492	5
6550	6
6565	5
6607	10
6609	29
6612	8
6618	13
6619	26
6625	7
6631	5
6661	6
6700	49
6711	12
6725	9
6768	11
6769	6
6785	31
6787	5
6794	12
6834	8
6844	7
6847	9
6859	33
6861	7
6870	17
6873	5
6881	6
6894	7
6922	5
6941	11
6955	7
6959	8
6998	12
7031	5
7071	5
7128	21
7166	38
7172	6
7178	5
7191	5
7223	6
7243	5
7262	11
7264	13
7266	29
7279	9
7304	11
7336	7
7349	9
7350	6
7365	7
7410	6
7412	11
7471	6
7520	13
7581	7
7621	73
7638	24
7671	7
7676	5
7684	5
7739	6
7743	15
7759	10
7776	21
7819	11
7842	6
7874	9
7968	7
7977	13
7986	18
7988	6
7998	7
8008	11
8010	6
8053	7
8098	39
8142	6
8144	11
8150	10
8213	29
8215	10
8218	14
8293	6
8321	5
8351	6
8375	5
8380	23
8391	9
8395	15
8408	5
8449	29
8452	6
8462	5
8479	5
8506	7
8520	6
8525	6
8533	5
8535	7
8536	5
8545	17
8558	7
8562	33
8587	7
8594	6
8630	9
8645	6
8684	15
8697	5
8727	6
8743	15
8745	5
8806	17
8854	6
8865	193
8879	20
8887	18
8899	5
8923	13
8944	13
8963	6
8969	61
8978	6
8987	18
8995	41
9038	5
9045	8
9054	9
9099	6
9103	6
9114	5
9121	7
9126	6
9130	11
9153	18
9175	22
9193	20
9201	7
9225	8
9265	11
9323	5
9330	12
9347	6
9394	30
9435	5
9445	19
9448	5
9474	5
9526	99
9538	44
9542	17
9546	16
9561	33
9581	5
9584	10
9589	37
9624	5
9625	31
9627	23
9669	58
9676	7
9699	6
9704	7
9716	16
9738	9
9745	11
9757	7
9766	13
9784	13
9813	9
9825	12
9866	5
9890	14
9924	15
9926	20
9947	7
9962	11
9974	24
9976	7
9995	12
9997	13
