63	6
243	5
331	5
433	5
520	5
558	10
579	9
699	18
723	7
733	12
758	8
857	14
958	5
982	7
1029	7
1118	11
1267	7
1382	8
1437	5
1554	6
1564	5
1580	9
1689	7
1958	10
2048	6
2171	6
2324	7
2445	6
2522	5
2621	5
2718	9
2768	8
2914	5
2931	7
2955	6
2973	7
3034	17
3087	8
3095	5
3161	8
3191	7
3199	6
3294	10
3392	21
3501	11
3511	7
3568	16
3602	7
3735	13
3752	8
3763	6
3774	11
3790	5
3806	5
3821	5
3822	15
3836	5
3873	16
3900	11
3925	6
3970	6
4017	6
4056	22
4111	9
4113	9
4127	133
4152	5
4223	5
4259	9
4604	10
4642	5
4656	7
4740	9
4749	9
4846	5
4935	5
5056	5
5208	10
5226	14
5240	5
5267	35
5298	6
5303	5
5318	34
5344	12
5396	8
5531	5
5632	6
5794	11
5797	6
5854	14
5877	6
5883	5
5924	5
6104	6
6166	16
6301	26
6609	6
6619	8
6661	6
6700	21
6711	5
6725	5
6768	8
6769	6
6785	7
6790	6
6859	8
6870	5
6894	5
6941	6
6998	8
7262	9
7264	10
7266	10
7412	6
7520	5
7621	18
7638	6
7660	5
7776	7
7986	6
8098	10
8213	12
8218	5
8351	10
8380	12
8449	18
8562	5
8684	11
8720	9
8743	8
8806	6
8865	71
8887	5
8940	9
8969	9
8987	7
8995	11
9122	5
9175	9
9193	7
9330	8
9526	32
9538	9
9561	16
9589	25
9610	7
9625	8
9627	10
9669	19
9716	8
9766	8
9805	5
9813	7
9890	5
