19	8
23	10
56	12
58	7
63	13
65	7
93	5
122	5
133	7
134	13
158	11
162	6
184	6
236	6
237	15
243	32
257	5
319	6
324	19
328	7
341	13
353	9
359	8
366	5
384	5
385	5
408	5
412	16
417	10
421	7
436	5
483	6
509	5
511	24
513	12
518	5
526	6
528	6
531	9
534	14
540	5
558	25
578	8
579	24
589	6
613	6
640	21
649	13
680	6
707	5
716	6
719	7
720	6
722	7
723	13
726	27
733	27
734	5
742	8
758	8
793	12
826	26
857	22
862	6
875	10
878	23
883	51
905	16
915	5
925	7
930	7
958	14
976	14
979	18
991	7
1000	7
1005	6
1017	18
1025	6
1026	5
1027	5
1029	21
1031	8
1067	13
1071	12
1074	6
1095	6
1098	10
1108	24
1118	13
1122	13
1132	269
1143	11
1152	5
1168	11
1183	5
1186	6
1192	6
1199	6
1203	5
1204	7
1212	9
1213	20
1225	16
1236	9
1246	5
1256	5
1267	42
1274	6
1296	5
1329	5
1331	20
1341	5
1346	14
1356	7
1357	13
1359	5
1364	5
1369	15
1370	6
1382	23
1396	7
1406	13
1422	8
1437	5
1440	15
1442	5
1450	5
1451	6
1469	38
1504	6
1505	6
1512	12
1514	5
1527	8
1540	11
1554	8
1580	29
1602	24
1604	7
1632	22
1642	12
1656	7
1662	7
1677	7
1679	14
1689	42
1702	12
1707	7
1725	5
1732	5
1736	6
1744	6
1745	7
1747	11
1753	5
1759	9
1783	11
1787	5
1810	8
1818	5
1822	5
1833	7
1834	6
1835	16
1882	10
1894	7
1905	8
1937	16
1943	8
1957	7
1958	10
1981	6
1985	8
2011	5
2023	7
2024	6
2046	5
2048	5
2049	16
2071	10
2074	9
2095	5
2097	10
2105	5
2117	8
2127	11
2130	29
2147	6
2155	13
2157	25
2158	5
2175	8
2212	12
2214	9
2220	6
2267	6
2270	6
2324	22
2330	10
2351	8
2412	15
2427	9
2445	22
2446	22
2448	10
2477	20
2483	8
2484	13
2502	5
2508	6
2522	16
2526	8
2531	22
2532	7
2540	11
2546	5
2560	7
2561	13
2569	7
2596	14
2616	13
2619	11
2621	6
2625	5
2630	19
2690	7
2711	5
2719	17
2722	15
2728	5
2750	23
2768	20
2789	8
2807	5
2815	5
2878	9
2887	37
2888	7
2893	7
2896	5
2917	13
2931	20
2932	7
2937	25
2943	5
2951	7
2955	24
2968	14
2973	11
2990	10
2993	6
3006	20
3009	9
3023	7
3034	75
3038	6
3045	5
3047	7
3075	8
3077	7
3081	5
3082	8
3087	15
3091	20
3092	16
3094	6
3095	12
3100	13
3140	7
3174	5
3182	42
3191	27
3199	7
3211	11
3213	5
3215	9
3223	8
3232	10
3261	6
3266	5
3273	20
3278	7
3284	6
3291	10
3294	26
3305	6
3319	5
3335	12
3340	16
3349	23
3367	8
3392	68
3405	8
3423	7
3425	10
3428	8
3430	9
3449	5
3452	6
3474	5
3485	9
3490	10
3501	58
3511	33
3518	9
3524	7
3566	5
3568	31
3575	7
3576	9
3579	7
3602	27
3607	6
3630	6
3658	20
3688	5
3691	6
3693	5
3702	77
3711	14
3735	42
3747	10
3752	51
3763	15
3774	17
3775	5
3784	13
3787	6
3790	17
3806	12
3812	7
3821	31
3822	70
3836	40
3837	6
3873	50
3881	14
3900	26
3914	17
3915	14
3917	17
3925	9
3930	6
3949	5
3970	13
3982	6
3984	20
3998	6
4009	12
4016	5
4017	27
4041	7
4044	16
4056	55
4059	5
4066	6
4080	5
4088	23
4102	18
4111	24
4113	26
4127	1069
4135	15
4136	5
4142	5
4162	13
4169	7
4189	10
4205	5
4215	5
4223	7
4227	20
4247	6
4248	7
4259	35
4262	6
4281	5
4297	5
4325	6
4351	10
4356	7
4366	9
4377	5
4395	11
4403	9
4426	10
4458	15
4493	10
4504	5
4522	6
4527	6
4538	19
4589	9
4598	9
4603	9
4642	15
4653	11
4661	6
4686	7
4687	14
4703	5
4716	6
4733	5
4737	19
4757	7
4846	25
4852	32
4861	14
4864	9
4870	6
4872	13
4875	5
4877	6
4896	6
4897	40
4899	5
4901	7
4942	7
4954	10
4963	21
4973	19
4987	8
5014	10
5018	15
5029	13
5064	8
5074	13
5077	17
5086	20
5090	11
5100	6
5103	7
5116	5
5124	7
5127	9
5153	8
5160	7
5163	8
5181	10
5184	5
5194	5
5198	6
5199	13
5201	7
5208	38
5226	40
5232	7
5238	6
5240	10
5262	12
5267	155
5291	5
5298	15
5301	7
5303	30
5316	5
5318	213
5332	8
5344	52
5352	7
5365	9
5382	6
5396	16
5430	5
5448	7
5458	8
5460	21
5476	23
5487	5
5504	7
5530	7
5544	8
5548	6
5553	5
5561	5
5606	7
5616	9
5617	5
5632	20
5648	7
5655	5
5659	8
5677	9
5689	7
5698	8
5700	5
5716	5
5737	11
5746	5
5747	5
5766	7
5768	11
5771	15
5783	13
5792	7
5794	38
5808	6
5810	12
5811	5
5822	14
5854	10
5856	5
5864	61
5866	20
5874	7
5877	15
5892	69
5921	13
5924	19
5935	5
5942	5
5943	21
5969	10
5972	24
5997	6
6009	13
6015	5
6048	7
6074	5
6084	5
6106	7
6119	9
6122	6
6133	6
6146	38
6149	7
6158	9
6161	6
6166	53
6195	5
6266	34
6287	6
6291	6
6301	176
6304	61
6313	8
6315	5
6396	10
6399	12
6458	7
6472	33
6475	5
6489	5
6492	7
6512	6
6557	5
6565	6
6588	5
6593	12
6609	34
6618	11
6619	11
6625	10
6631	6
6641	6
6647	6
6651	6
6654	7
6671	7
6700	84
6711	18
6713	8
6725	21
6759	6
6768	19
6769	23
6775	10
6785	34
6787	8
6794	12
6796	8
6834	10
6843	5
6844	20
6847	9
6849	6
6859	70
6861	7
6868	7
6870	25
6881	12
6894	11
6922	6
6937	5
6940	7
6941	35
6955	23
6956	18
6959	10
6962	5
6970	7
6987	7
6998	30
7015	5
7031	8
7038	7
7047	8
7063	13
7071	8
7078	6
7090	7
7102	7
7116	6
7128	31
7164	6
7166	11
7169	14
7178	5
7189	10
7190	8
7191	9
7223	5
7235	14
7252	5
7262	16
7264	16
7266	44
7272	7
7279	14
7290	19
7298	9
7304	11
7321	8
7349	6
7351	5
7352	5
7365	9
7367	11
7408	7
7410	5
7411	7
7412	9
7425	5
7426	5
7437	11
7467	10
7474	7
7475	7
7486	6
7520	7
7523	5
7534	7
7543	27
7563	6
7581	20
7621	80
7634	7
7635	13
7638	33
7671	9
7676	6
7690	5
7726	10
7739	5
7743	13
7770	8
7776	29
7789	5
7800	5
7819	11
7827	8
7842	11
7852	9
7855	6
7870	6
7874	13
7882	7
7912	5
7913	10
7922	5
7954	5
7956	5
7957	6
7964	7
7966	7
7968	11
7977	14
7980	6
7983	6
7986	42
7988	8
7998	7
7999	8
8008	12
8017	6
8042	7
8053	10
8054	8
8060	9
8098	32
8099	8
8103	6
8104	16
8107	5
8120	5
8122	5
8144	21
8148	7
8150	5
8187	10
8213	41
8217	9
8218	22
8227	8
8230	5
8242	7
8246	13
8263	7
8279	14
8291	6
8294	6
8321	7
8329	6
8337	11
8339	5
8350	7
8351	29
8368	10
8376	10
8380	47
8384	6
8391	5
8395	21
8408	5
8449	41
8452	12
8462	6
8467	5
8479	9
8497	6
8506	5
8508	6
8509	10
8510	10
8513	6
8520	7
8528	6
8533	18
8535	5
8536	5
8549	5
8562	17
8573	7
8586	12
8590	5
8594	6
8624	10
8630	11
8684	40
8686	13
8703	5
8738	5
8739	8
8743	12
8768	7
8803	10
8806	13
8810	8
8821	8
8859	14
8865	332
8879	20
8887	29
8899	17
8912	7
8920	5
8923	6
8925	6
8944	12
8969	80
8978	10
8981	7
8987	41
8995	54
9010	7
9028	7
9030	5
9034	8
9038	6
9046	5
9054	17
9096	6
9103	7
9121	13
9126	6
9128	10
9144	5
9153	20
9165	9
9175	25
9193	26
9201	9
9225	8
9242	8
9265	10
9330	23
9347	5
9348	6
9365	6
9394	59
9445	44
9448	12
9458	8
9474	5
9493	7
9500	6
9526	193
9531	5
9538	48
9542	7
9546	29
9548	10
9549	6
9557	6
9561	43
9563	5
9571	8
9584	8
9589	54
9610	15
9611	18
9620	7
9624	5
9625	51
9627	28
9633	11
9637	10
9669	74
9676	9
9716	14
9721	10
9727	18
9738	13
9741	11
9757	9
9763	7
9764	14
9766	19
9784	22
9800	7
9803	9
9809	5
9813	25
9822	16
9825	11
9890	31
9924	36
9925	7
9926	17
9931	9
9934	10
9935	20
9947	10
9958	12
9962	19
9974	44
9976	11
9982	5
9983	17
9992	8
10000	9
