23	9
40	10
56	13
58	6
63	15
122	5
134	5
158	31
161	7
198	5
229	6
243	22
303	7
312	5
324	10
328	6
341	8
421	5
436	6
456	7
471	9
494	5
511	12
526	11
528	6
534	8
539	5
553	5
557	11
558	52
578	5
579	28
589	5
613	10
640	11
677	5
686	5
707	12
710	5
722	10
723	14
726	30
733	22
742	12
746	7
758	16
764	6
811	11
826	23
841	16
857	32
862	10
878	24
895	6
905	16
915	10
925	7
958	16
976	6
979	5
991	15
1005	11
1017	21
1027	8
1029	24
1031	5
1048	6
1067	17
1074	6
1079	6
1098	5
1108	10
1113	25
1118	27
1125	6
1128	73
1129	25
1143	11
1147	11
1155	6
1173	5
1184	5
1186	6
1189	7
1213	9
1215	5
1225	13
1235	9
1236	13
1239	6
1253	6
1256	9
1267	52
1288	6
1325	8
1329	6
1331	29
1338	6
1356	6
1370	7
1381	5
1382	44
1437	7
1440	40
1452	17
1469	13
1478	8
1485	7
1505	9
1506	5
1512	16
1521	5
1540	6
1554	13
1564	19
1580	16
1602	6
1608	10
1630	8
1632	15
1637	6
1642	14
1673	5
1674	26
1679	15
1689	13
1702	12
1707	7
1724	6
1730	6
1736	5
1747	5
1787	7
1810	5
1818	5
1822	5
1833	5
1835	11
1855	5
1856	10
1875	11
1882	11
1886	8
1902	5
1908	11
1929	5
1937	23
1957	7
1958	18
1959	5
2011	5
2023	6
2036	5
2048	16
2049	19
2059	10
2074	12
2097	7
2116	6
2117	6
2130	7
2142	11
2155	9
2157	20
2158	5
2209	8
2212	12
2257	5
2267	6
2307	6
2324	13
2330	12
2341	18
2351	9
2360	9
2412	16
2445	19
2446	15
2447	6
2448	6
2456	6
2477	42
2513	6
2522	12
2526	10
2528	5
2531	21
2532	13
2540	7
2546	10
2561	10
2569	10
2580	6
2614	6
2616	22
2619	6
2630	31
2644	12
2690	10
2719	12
2728	6
2736	6
2746	5
2750	18
2768	11
2798	5
2864	5
2878	7
2914	19
2917	16
2931	13
2937	10
2951	15
2953	5
2955	22
2968	20
2973	8
2993	5
2997	5
3006	12
3034	88
3038	7
3041	5
3064	9
3075	17
3081	5
3087	13
3091	16
3095	11
3100	8
3109	7
3182	125
3184	8
3186	8
3187	20
3191	29
3199	14
3200	7
3207	13
3211	18
3213	10
3215	9
3221	6
3232	7
3266	7
3269	5
3272	6
3273	23
3289	7
3291	8
3294	53
3305	5
3319	5
3321	7
3335	12
3340	10
3349	15
3392	68
3454	7
3474	5
3475	6
3485	6
3501	72
3509	9
3511	41
3518	6
3566	9
3568	50
3575	5
3576	5
3579	7
3602	19
3630	6
3677	6
3688	5
3691	10
3702	72
3711	29
3724	7
3735	54
3747	11
3752	52
3763	15
3774	12
3784	11
3787	5
3790	22
3806	12
3812	9
3821	25
3822	52
3836	19
3848	12
3858	5
3873	55
3881	14
3900	16
3914	13
3915	9
3917	22
3924	5
3928	9
3943	8
3970	24
3984	20
3994	11
4008	6
4017	19
4041	12
4044	18
4047	8
4048	5
4056	61
4065	5
4066	5
4081	7
4087	6
4088	24
4094	5
4099	6
4102	9
4111	46
4113	39
4127	607
4135	5
4147	5
4152	10
4162	19
4184	8
4185	5
4205	9
4213	5
4214	5
4223	8
4235	6
4238	6
4248	13
4259	78
4260	14
4262	5
4271	7
4281	5
4290	17
4351	5
4356	9
4383	9
4395	8
4426	6
4453	8
4458	13
4480	5
4488	8
4490	5
4527	5
4604	67
4607	10
4633	8
4639	7
4642	22
4661	11
4667	5
4681	25
4735	5
4840	8
4846	17
4852	28
4861	6
4864	6
4868	9
4875	8
4896	5
4897	7
4941	8
4961	5
4963	8
4973	11
5006	7
5018	20
5029	13
5032	6
5053	5
5056	6
5064	5
5068	5
5074	9
5077	26
5086	20
5090	10
5096	5
5110	5
5116	5
5153	15
5160	11
5163	14
5181	19
5199	17
5200	9
5201	12
5208	37
5226	70
5232	19
5233	10
5241	8
5242	5
5249	9
5256	7
5267	207
5296	11
5298	17
5301	20
5303	14
5316	14
5318	211
5328	8
5332	7
5344	27
5382	7
5396	28
5434	5
5458	9
5460	18
5476	14
5487	6
5561	9
5606	8
5615	5
5632	10
5659	5
5673	6
5677	6
5683	5
5698	6
5708	6
5709	5
5747	6
5766	6
5768	13
5771	11
5783	13
5794	54
5802	6
5809	9
5812	7
5854	30
5856	5
5859	6
5866	25
5868	5
5877	9
5883	6
5885	5
5892	56
5909	5
5920	7
5921	15
5924	18
5972	26
5995	5
5996	6
6009	12
6035	5
6036	5
6048	7
6056	9
6122	5
6133	19
6134	6
6143	6
6146	29
6154	6
6166	99
6193	6
6209	14
6243	6
6267	12
6287	10
6301	74
6304	39
6313	8
6327	8
6388	5
6399	7
6413	5
6441	5
6449	7
6452	6
6454	5
6458	5
6465	12
6526	6
6562	7
6565	12
6609	19
6618	8
6619	32
6625	16
6628	6
6661	13
6699	5
6700	89
6711	20
6713	6
6725	21
6768	22
6769	14
6779	10
6780	6
6781	6
6785	20
6787	11
6794	18
6796	6
6799	5
6834	6
6844	13
6847	6
6859	50
6861	6
6870	26
6881	6
6892	18
6894	12
6922	8
6925	5
6937	6
6941	13
6955	6
6959	9
6960	5
6970	7
6998	14
7011	5
7029	5
7031	10
7051	6
7071	7
7090	7
7119	5
7128	20
7166	8
7169	8
7172	5
7235	5
7239	6
7243	7
7253	5
7262	10
7264	22
7266	30
7272	12
7279	13
7288	5
7298	8
7304	9
7312	12
7349	6
7351	11
7365	9
7367	5
7408	12
7411	6
7412	6
7426	6
7471	7
7492	7
7505	5
7506	12
7520	7
7523	5
7533	5
7563	10
7581	6
7592	15
7607	7
7621	117
7634	6
7638	17
7641	5
7668	5
7671	8
7676	6
7684	13
7739	12
7743	17
7759	12
7776	22
7789	9
7812	5
7819	12
7842	5
7852	6
7870	5
7882	8
7913	5
7950	5
7966	9
7968	9
7971	6
7977	11
7986	34
7988	7
7998	10
8008	10
8010	11
8040	7
8042	8
8049	5
8053	8
8054	15
8058	6
8064	5
8098	54
8129	8
8142	6
8144	39
8145	6
8148	6
8150	10
8179	7
8213	47
8215	15
8217	13
8218	13
8229	7
8242	6
8246	7
8268	9
8276	12
8287	9
8293	12
8294	6
8321	5
8351	17
8368	5
8375	8
8380	31
8384	5
8391	6
8395	22
8408	5
8449	49
8451	5
8452	12
8457	20
8462	8
8479	11
8497	5
8503	5
8513	16
8520	9
8525	7
8533	7
8536	13
8560	5
8562	36
8573	10
8587	9
8624	13
8630	16
8684	50
8710	8
8715	7
8727	10
8728	8
8734	16
8740	5
8741	6
8743	18
8752	7
8806	25
8846	6
8865	282
8879	35
8887	27
8899	11
8912	8
8915	6
8920	7
8923	8
8944	15
8969	84
8978	18
8987	24
8995	60
9010	11
9028	7
9054	21
9078	6
9080	10
9103	7
9121	8
9126	17
9128	7
9130	7
9153	28
9160	6
9165	7
9175	41
9193	20
9201	6
9225	12
9230	5
9265	12
9275	20
9292	6
9330	15
9394	43
9403	7
9445	25
9448	6
9451	15
9474	5
9526	184
9538	43
9542	15
9546	18
9561	72
9584	6
9587	7
9589	54
9601	5
9608	6
9622	5
9625	32
9627	30
9633	7
9648	6
9664	5
9669	83
9676	20
9704	5
9711	6
9716	25
9719	5
9727	6
9738	16
9757	10
9763	10
9764	9
9766	37
9768	6
9784	27
9800	9
9803	8
9805	11
9813	22
9822	6
9825	14
9848	16
9866	9
9871	5
9890	42
9913	6
9915	5
9924	23
9925	18
9926	16
9947	9
9962	17
9974	35
9976	6
9983	5
9995	8
10042	6
