23	7
40	10
56	10
63	15
134	5
158	22
161	6
198	5
229	8
243	20
303	8
311	6
324	11
341	8
456	5
471	6
494	6
511	8
520	6
526	11
534	6
539	5
557	14
558	50
579	28
589	5
613	12
640	9
677	5
686	5
698	5
707	11
710	5
722	13
723	13
726	27
733	22
742	11
746	5
758	21
764	6
811	6
826	25
841	15
857	42
862	7
878	22
895	5
905	17
915	9
925	6
958	16
982	7
991	16
995	5
1005	12
1017	19
1027	6
1029	25
1031	5
1048	6
1067	18
1074	6
1079	6
1108	9
1113	25
1118	30
1125	5
1128	77
1129	25
1143	9
1147	10
1173	5
1184	5
1189	8
1213	8
1215	5
1225	11
1235	9
1236	12
1239	6
1253	6
1256	9
1267	45
1325	8
1329	5
1331	25
1338	7
1356	6
1369	5
1370	8
1382	44
1437	9
1440	40
1452	18
1469	11
1485	7
1505	7
1506	6
1512	10
1554	18
1564	17
1580	11
1602	5
1608	8
1630	11
1632	13
1637	5
1642	14
1679	15
1689	14
1702	10
1724	5
1730	5
1745	5
1747	5
1787	7
1818	5
1822	5
1835	10
1855	5
1856	10
1875	11
1882	8
1886	9
1902	6
1908	12
1937	16
1957	6
1958	21
1959	7
2036	5
2048	14
2049	18
2054	5
2059	10
2071	5
2074	14
2116	6
2117	6
2130	5
2135	5
2142	8
2155	7
2157	15
2171	6
2209	8
2212	9
2267	7
2307	6
2324	15
2330	15
2341	18
2351	5
2360	10
2412	16
2445	15
2446	11
2447	6
2448	5
2456	6
2477	41
2513	5
2522	18
2526	9
2531	20
2532	10
2540	7
2546	9
2561	9
2569	11
2614	6
2616	19
2619	5
2630	22
2644	16
2690	5
2718	11
2719	6
2728	6
2736	6
2750	17
2768	13
2864	5
2878	7
2894	6
2914	18
2917	14
2931	15
2937	10
2951	13
2953	5
2955	17
2968	17
2973	14
2993	6
2997	7
3006	7
3034	73
3038	6
3064	9
3075	11
3087	15
3091	13
3095	13
3100	6
3109	5
3182	118
3184	8
3186	8
3187	20
3191	32
3199	17
3200	7
3207	13
3211	17
3213	10
3215	9
3218	5
3221	6
3232	6
3266	8
3272	6
3273	23
3291	7
3294	49
3305	6
3319	5
3321	7
3335	8
3340	6
3349	11
3392	71
3428	6
3454	7
3474	5
3485	6
3487	5
3490	6
3501	67
3511	40
3518	5
3566	8
3568	48
3575	6
3576	5
3579	7
3602	17
3630	5
3688	5
3691	7
3702	67
3711	25
3724	7
3735	52
3747	8
3752	47
3763	15
3774	9
3784	12
3787	5
3790	20
3806	14
3812	8
3821	25
3822	61
3836	17
3858	6
3873	53
3881	10
3900	16
3914	9
3915	8
3917	21
3924	5
3943	7
3970	22
3984	16
3994	11
4017	19
4041	11
4044	16
4047	7
4048	5
4056	66
4081	7
4088	21
4099	6
4102	7
4111	43
4113	37
4127	533
4135	5
4147	5
4152	11
4162	18
4185	5
4205	8
4213	5
4214	7
4223	9
4235	5
4238	7
4248	11
4259	82
4260	10
4262	5
4290	17
4356	5
4383	9
4426	6
4453	8
4458	10
4480	5
4488	9
4490	5
4527	5
4603	5
4604	69
4607	10
4633	7
4639	7
4642	19
4656	9
4661	10
4681	25
4733	7
4735	8
4740	9
4749	11
4824	6
4840	8
4846	14
4852	18
4868	9
4875	9
4897	8
4935	6
4941	8
4961	5
4963	9
4973	9
5006	7
5018	15
5029	13
5032	5
5056	5
5064	5
5068	5
5074	8
5077	23
5086	17
5090	8
5093	5
5096	5
5116	5
5144	5
5153	11
5160	10
5163	8
5181	15
5199	15
5200	6
5201	11
5208	32
5226	62
5232	16
5233	12
5241	6
5242	8
5247	5
5249	9
5256	5
5267	183
5296	9
5298	19
5301	19
5303	16
5312	5
5316	7
5318	177
5328	8
5332	6
5344	28
5382	7
5396	23
5458	5
5460	18
5487	5
5561	6
5589	6
5606	5
5632	10
5677	5
5683	6
5698	5
5708	7
5709	5
5766	6
5768	10
5771	11
5783	7
5794	48
5802	6
5854	30
5856	6
5859	6
5864	6
5866	18
5868	5
5877	9
5883	10
5885	5
5892	55
5909	5
5921	12
5924	21
5972	21
5995	5
5996	6
6009	10
6015	8
6048	5
6104	5
6133	20
6134	6
6143	8
6146	30
6154	6
6166	83
6209	8
6243	8
6267	12
6287	8
6301	69
6304	23
6327	8
6388	5
6399	6
6413	5
6441	5
6449	7
6452	5
6454	6
6465	12
6526	6
6557	5
6565	9
6566	6
6609	12
6618	7
6619	30
6625	17
6628	6
6631	6
6661	15
6664	5
6690	8
6699	5
6700	89
6711	19
6725	19
6768	21
6769	11
6781	5
6785	18
6787	10
6794	18
6796	6
6834	5
6844	11
6847	6
6859	52
6861	6
6870	27
6881	6
6892	18
6894	14
6922	9
6937	5
6941	11
6949	5
6959	5
6960	5
6970	6
6991	8
6998	14
7011	5
7029	5
7031	10
7051	5
7071	9
7102	5
7110	5
7128	19
7166	7
7169	5
7172	5
7235	5
7237	9
7243	6
7253	5
7262	8
7264	28
7266	30
7272	12
7279	13
7288	5
7298	9
7304	6
7312	12
7351	7
7365	7
7408	13
7411	6
7412	6
7492	8
7506	12
7520	10
7523	6
7533	5
7563	8
7581	6
7587	5
7592	13
7607	5
7621	110
7634	6
7638	16
7668	5
7671	8
7676	6
7684	14
7739	9
7743	12
7759	11
7776	22
7789	9
7812	5
7819	14
7842	6
7852	8
7876	5
7882	8
7950	5
7966	7
7968	10
7971	6
7977	12
7986	28
7988	6
7998	9
8008	10
8010	8
8040	8
8042	9
8049	5
8053	10
8054	14
8058	7
8064	5
8098	48
8129	6
8144	35
8145	8
8148	6
8150	9
8179	7
8213	43
8215	15
8217	12
8218	14
8229	7
8242	7
8246	7
8268	7
8276	11
8293	9
8294	5
8321	5
8324	5
8351	16
8368	5
8375	8
8380	31
8391	5
8395	17
8449	47
8452	11
8457	20
8462	10
8479	9
8484	5
8513	14
8520	14
8525	6
8533	5
8536	14
8562	30
8573	8
8587	7
8624	12
8630	16
8684	48
8697	5
8710	6
8715	7
8727	8
8728	8
8734	16
8740	6
8741	6
8743	23
8752	6
8806	24
8846	6
8865	283
8879	27
8887	20
8899	12
8912	7
8915	5
8920	6
8923	10
8944	12
8969	72
8978	10
8987	25
8995	50
9010	8
9028	6
9054	17
9078	6
9080	8
9103	5
9121	12
9126	10
9128	5
9130	5
9144	5
9153	23
9165	7
9175	44
9193	23
9201	6
9225	8
9230	6
9265	14
9275	18
9292	6
9330	18
9394	35
9403	7
9445	24
9451	15
9526	169
9538	33
9542	14
9546	18
9549	5
9561	49
9587	7
9589	55
9601	5
9608	6
9610	6
9625	30
9627	35
9633	6
9669	63
9676	21
9716	28
9738	16
9757	10
9763	12
9764	7
9766	37
9768	6
9784	12
9800	10
9803	7
9805	12
9813	22
9822	6
9825	13
9866	9
9871	5
9890	33
9913	6
9924	22
9925	19
9926	10
9947	8
9962	17
9974	17
9976	5
9992	6
9995	8
10042	6
