23	5
56	5
63	12
133	6
158	6
243	13
257	5
280	7
328	7
341	7
558	19
579	13
604	6
613	5
633	5
640	8
646	5
680	5
707	6
726	9
733	18
758	14
760	5
826	16
857	26
878	7
905	7
976	8
979	11
1029	8
1067	11
1118	11
1186	6
1213	5
1225	8
1256	5
1267	17
1288	8
1325	6
1331	10
1357	6
1382	11
1406	6
1440	10
1469	6
1554	5
1556	6
1580	18
1602	44
1632	8
1638	7
1642	7
1668	7
1679	8
1689	14
1702	13
1739	5
1780	6
1833	5
1835	5
1886	6
1937	12
1941	7
1958	6
2049	10
2073	6
2074	5
2100	6
2108	5
2117	6
2128	5
2130	7
2155	5
2157	10
2190	6
2257	6
2270	5
2324	10
2351	8
2445	15
2446	9
2477	6
2494	5
2522	9
2531	10
2561	6
2630	11
2695	11
2696	7
2719	6
2750	6
2768	8
2864	7
2878	5
2894	6
2917	10
2931	11
2932	5
2937	11
2955	8
2965	5
2993	5
3006	11
3034	40
3087	13
3091	8
3092	5
3095	6
3109	9
3161	30
3182	8
3191	12
3210	16
3211	5
3213	8
3273	8
3284	6
3291	6
3294	20
3340	10
3349	5
3392	12
3405	6
3483	5
3501	37
3511	20
3518	5
3568	18
3576	5
3592	5
3602	11
3699	5
3702	17
3711	8
3735	33
3747	7
3752	22
3763	15
3765	6
3774	6
3784	7
3787	13
3812	7
3821	18
3822	25
3836	8
3869	6
3873	25
3881	6
3900	9
3915	7
3917	7
3929	6
3998	15
4017	10
4048	6
4050	8
4056	29
4070	5
4088	22
4102	18
4111	16
4113	17
4127	358
4136	5
4162	6
4201	5
4202	20
4205	10
4215	5
4248	8
4253	6
4259	10
4366	5
4419	5
4433	5
4458	12
4523	5
4598	9
4642	15
4653	22
4661	8
4735	6
4823	5
4846	10
4852	11
4895	5
4973	5
5039	6
5074	10
5077	13
5086	6
5153	6
5160	7
5201	6
5208	22
5222	6
5226	26
5267	63
5298	5
5318	81
5327	7
5344	8
5396	7
5397	10
5423	5
5443	10
5460	7
5495	6
5513	5
5553	6
5632	6
5768	8
5771	5
5783	8
5794	19
5854	23
5877	12
5892	26
5921	9
5924	8
5937	20
5943	7
5972	19
6009	5
6012	7
6025	9
6106	6
6133	5
6146	7
6166	23
6209	5
6266	10
6287	5
6301	83
6304	16
6319	6
6444	6
6472	8
6618	7
6619	5
6625	6
6700	44
6711	14
6725	9
6768	7
6769	6
6785	9
6787	6
6794	8
6844	9
6859	11
6868	5
6870	22
6881	13
6894	9
6907	6
6941	9
6998	9
7041	10
7071	5
7075	6
7078	6
7128	6
7166	37
7264	8
7266	10
7272	6
7279	5
7290	6
7304	5
7365	12
7520	7
7543	7
7621	15
7638	5
7743	5
7759	5
7776	18
7819	11
7846	7
7942	8
7966	5
7977	9
7980	6
7986	13
7988	5
8008	10
8017	9
8053	7
8098	17
8145	5
8150	6
8213	18
8217	5
8218	14
8246	8
8351	32
8368	5
8375	5
8376	6
8377	5
8380	27
8395	11
8449	23
8451	7
8452	5
8479	6
8503	5
8509	6
8513	6
8533	8
8536	10
8558	6
8610	10
8663	5
8684	14
8740	5
8743	10
8745	18
8803	11
8806	5
8865	148
8879	5
8887	7
8899	7
8944	5
8969	59
8987	18
8995	20
9054	5
9080	5
9121	6
9130	6
9140	10
9153	10
9175	17
9192	6
9193	16
9225	10
9265	6
9293	7
9330	17
9394	23
9445	6
9500	30
9507	9
9526	65
9538	23
9542	8
9546	18
9561	22
9589	23
9594	6
9610	11
9611	5
9625	17
9669	53
9676	7
9704	6
9727	9
9763	5
9764	6
9766	8
9784	6
9792	7
9803	7
9825	9
9890	15
9924	17
9925	8
9926	7
9962	6
9974	15
9976	5
