63	7
158	7
165	5
167	87
243	10
258	5
394	6
558	13
579	11
711	7
723	7
726	9
733	11
857	10
1013	6
1025	5
1027	7
1132	27
1213	7
1267	12
1277	5
1331	5
1382	13
1437	6
1440	7
1469	6
1564	6
1759	5
1833	5
1937	5
1958	8
2049	5
2059	6
2117	5
2132	5
2157	6
2324	8
2412	6
2445	11
2477	10
2522	5
2616	8
2625	8
2750	6
2824	6
2896	5
2931	7
2937	8
2955	9
2968	9
2973	7
3003	6
3006	6
3034	23
3087	8
3091	5
3142	13
3182	6
3191	5
3213	7
3294	18
3335	6
3349	7
3392	10
3501	13
3511	7
3518	5
3568	10
3602	12
3702	17
3711	5
3735	12
3752	21
3784	5
3790	6
3821	8
3822	14
3836	7
3873	16
3900	7
3914	5
3915	5
4017	7
4056	26
4088	12
4111	14
4127	266
4259	23
4260	6
4398	79
4458	6
4523	31
4599	5
4604	19
4613	93
4642	10
4653	81
4735	12
4807	80
4846	5
5074	5
5077	12
5144	7
5163	5
5199	10
5208	13
5226	21
5240	5
5265	6
5267	54
5301	7
5318	70
5370	5
5396	5
5476	5
5632	6
5677	5
5766	5
5768	8
5794	17
5854	14
5877	5
5892	17
5924	8
5972	13
6146	6
6166	23
6301	71
6304	17
6426	5
6550	5
6609	7
6618	5
6700	30
6725	9
6768	7
6785	9
6796	5
6834	5
6844	5
6859	20
6870	7
6937	5
6941	8
6959	11
7052	5
7128	7
7166	9
7262	6
7264	7
7266	17
7365	8
7544	5
7621	18
7638	12
7743	5
7819	6
7968	6
7986	10
8010	6
8098	13
8213	14
8218	6
8380	13
8395	8
8449	10
8536	6
8558	8
8562	10
8630	5
8684	13
8743	6
8806	12
8865	86
8879	11
8887	14
8923	8
8969	19
8987	9
8995	7
9130	5
9153	12
9193	8
9394	12
9445	9
9526	43
9538	23
9542	8
9561	11
9589	14
9625	11
9627	8
9669	25
9676	6
9716	6
9766	6
9813	5
9890	8
9924	6
9926	5
9962	5
9974	25
