63	7
162	5
167	117
168	5
184	10
243	9
258	7
341	5
558	12
579	8
582	9
587	5
707	5
723	6
726	22
758	6
826	14
833	5
857	14
883	11
905	7
930	5
949	5
998	6
1029	5
1062	7
1108	12
1118	14
1132	13
1213	6
1236	12
1267	15
1325	7
1331	14
1382	9
1469	7
1478	6
1527	5
1580	10
1602	9
1642	5
1679	9
1689	22
1703	5
1835	9
1882	5
1937	7
1958	8
2049	10
2071	10
2157	13
2164	8
2212	5
2214	8
2231	8
2324	9
2330	5
2445	10
2446	12
2522	9
2531	6
2630	8
2729	7
2750	7
2768	7
2789	5
2870	5
2878	6
2894	6
2914	6
2917	9
2931	5
2955	5
2968	5
2973	8
2997	7
3034	31
3060	11
3066	6
3087	7
3091	9
3095	6
3140	10
3142	24
3154	7
3182	18
3191	7
3211	8
3273	6
3278	6
3294	19
3340	9
3392	11
3418	7
3501	23
3511	17
3568	19
3602	8
3702	11
3735	21
3752	24
3763	17
3774	7
3821	14
3822	27
3836	8
3873	12
3900	11
3914	6
3915	5
3917	6
3984	8
3998	8
4017	12
4044	6
4056	47
4065	6
4070	9
4088	11
4102	10
4111	23
4113	8
4127	345
4205	5
4223	7
4248	8
4259	34
4332	9
4398	100
4426	7
4523	61
4603	6
4605	8
4613	135
4642	5
4653	109
4661	5
4733	15
4734	5
4735	40
4807	102
4852	5
4973	6
4998	10
5018	6
5077	9
5086	6
5181	6
5201	9
5208	22
5226	30
5232	8
5267	81
5301	5
5303	5
5309	5
5318	65
5344	6
5396	8
5430	5
5458	5
5460	16
5476	5
5632	7
5746	5
5766	6
5768	8
5771	8
5783	6
5794	19
5854	10
5864	7
5866	8
5877	5
5892	23
5909	7
5921	9
5924	9
5972	11
6025	7
6119	5
6122	6
6146	7
6166	31
6191	5
6196	5
6301	90
6304	27
6565	5
6609	9
6619	9
6631	6
6700	29
6711	7
6725	10
6768	13
6785	19
6787	6
6794	7
6844	5
6847	6
6848	6
6859	6
6870	6
6941	6
6959	6
6998	6
7128	9
7166	21
7264	8
7266	11
7272	6
7304	6
7365	8
7411	5
7520	7
7543	7
7621	29
7638	6
7641	5
7648	5
7743	7
7776	10
7832	5
7852	8
7986	13
7998	5
8008	7
8010	5
8098	18
8144	12
8213	22
8218	17
8246	5
8351	8
8380	17
8391	7
8395	7
8449	17
8520	5
8562	7
8619	8
8624	9
8630	7
8645	19
8684	11
8722	6
8743	7
8793	23
8806	9
8865	104
8879	5
8887	6
8944	5
8969	26
8987	23
8995	21
9054	5
9072	9
9121	5
9126	6
9153	13
9175	13
9193	6
9201	5
9225	5
9265	5
9348	5
9394	16
9526	88
9538	34
9542	10
9546	9
9561	11
9584	5
9589	27
9611	7
9625	15
9627	9
9637	5
9669	37
9757	5
9766	12
9784	12
9798	14
9800	6
9813	7
9825	10
9890	9
9924	6
9926	8
9974	26
9989	6
9997	5
10000	5
