1	8
7	7
10	5
23	16
25	12
27	9
30	8
31	5
33	9
34	6
37	10
38	6
40	11
44	6
49	7
56	23
58	5
60	14
61	13
63	58
65	21
68	9
74	7
76	11
92	10
99	11
100	10
108	7
111	6
112	5
114	7
122	11
125	18
126	6
128	7
133	16
134	14
140	7
158	25
161	5
162	13
164	5
167	8
173	5
174	8
184	14
185	8
186	5
187	10
189	8
191	15
211	8
243	107
251	30
253	7
254	11
257	31
258	24
259	5
261	7
271	9
290	7
292	10
300	5
303	9
312	12
313	5
317	6
322	6
323	10
324	18
328	21
341	20
347	12
351	5
353	18
355	13
359	47
364	7
366	12
369	5
371	7
380	8
384	6
385	12
399	9
406	6
407	6
408	10
412	72
415	11
417	11
418	10
421	8
432	8
435	21
436	8
447	11
448	7
455	38
456	9
457	12
467	12
470	13
471	8
478	5
500	8
506	25
509	10
511	37
513	31
526	18
527	6
528	8
531	16
534	55
539	15
540	5
542	5
546	5
547	5
557	10
558	49
568	5
579	60
585	6
591	14
594	14
604	6
605	6
606	16
608	6
613	19
620	10
622	8
627	10
628	9
633	27
635	6
640	71
642	6
651	12
657	5
661	8
672	7
677	10
680	7
681	5
686	14
687	21
688	6
700	8
705	10
707	15
710	19
715	6
717	7
718	6
719	6
723	21
726	89
733	57
740	10
742	22
746	20
758	39
761	5
764	6
768	7
772	6
792	5
793	9
805	6
806	10
812	7
813	6
826	74
829	5
830	8
835	7
837	5
841	15
846	7
852	20
853	20
855	11
856	5
857	93
862	24
865	15
867	6
875	5
878	47
880	10
883	9
894	10
895	12
902	5
905	30
915	15
917	67
919	5
920	7
925	17
927	10
930	45
940	5
949	5
958	33
961	5
969	8
976	22
979	50
985	6
986	7
991	19
995	10
1000	13
1002	12
1004	7
1005	11
1012	7
1013	6
1017	12
1021	7
1022	10
1027	17
1029	50
1031	14
1036	5
1042	10
1047	7
1052	19
1066	10
1067	37
1071	25
1074	8
1086	7
1089	7
1090	5
1095	11
1097	5
1098	17
1102	7
1107	7
1108	34
1118	25
1121	39
1125	15
1126	6
1128	8
1132	29
1143	22
1145	7
1147	13
1152	5
1155	7
1159	5
1160	24
1162	7
1164	10
1166	7
1168	28
1169	7
1175	6
1176	7
1178	14
1186	87
1188	6
1189	7
1192	8
1199	6
1204	6
1206	11
1213	33
1215	7
1221	10
1225	39
1231	7
1235	6
1236	18
1240	15
1246	22
1252	6
1256	23
1264	7
1267	81
1281	8
1285	7
1288	12
1289	6
1293	7
1294	7
1296	7
1304	6
1309	13
1313	17
1320	6
1325	18
1326	5
1329	20
1331	47
1332	5
1346	7
1350	12
1357	18
1364	22
1369	25
1370	21
1381	7
1382	46
1386	7
1388	22
1396	53
1401	5
1406	79
1408	162
1409	32
1410	7
1412	7
1430	10
1437	12
1439	7
1440	48
1442	5
1448	6
1450	6
1451	5
1463	10
1464	14
1467	7
1469	65
1475	18
1478	12
1486	13
1502	5
1503	11
1505	18
1507	16
1508	6
1510	5
1512	12
1514	9
1519	13
1520	14
1521	7
1522	11
1527	25
1529	15
1540	33
1554	49
1564	12
1573	7
1574	5
1576	19
1580	198
1589	5
1592	7
1598	5
1602	102
1604	7
1608	10
1611	8
1616	6
1621	5
1622	7
1628	5
1630	10
1632	40
1633	7
1637	16
1642	60
1654	6
1656	14
1659	8
1660	8
1662	24
1668	7
1673	16
1679	72
1689	130
1690	6
1694	5
1700	11
1702	38
1703	6
1707	25
1711	8
1712	28
1713	17
1716	5
1720	8
1724	11
1730	9
1732	5
1734	5
1735	7
1736	17
1737	6
1739	26
1745	13
1746	6
1747	26
1753	9
1755	8
1759	6
1770	5
1774	11
1780	6
1783	34
1784	19
1787	9
1797	14
1798	6
1807	6
1810	5
1814	8
1818	14
1822	7
1828	12
1831	7
1832	5
1833	15
1834	13
1835	43
1837	6
1840	14
1842	14
1843	6
1846	6
1854	11
1861	7
1873	6
1875	7
1882	19
1886	21
1888	6
1892	12
1894	20
1897	7
1902	11
1905	9
1910	6
1919	10
1933	6
1937	39
1941	15
1943	16
1945	7
1949	7
1953	6
1957	9
1958	28
1969	8
1971	28
1977	5
1980	5
1981	10
1985	5
1991	5
1993	8
1994	5
1999	6
2002	6
2007	7
2011	12
2019	6
2023	21
2024	14
2036	16
2046	26
2048	25
2049	50
2054	9
2055	6
2059	11
2061	6
2071	13
2074	22
2075	6
2078	6
2083	9
2094	6
2097	22
2112	6
2117	37
2125	5
2127	6
2128	7
2130	29
2132	9
2136	22
2142	9
2149	10
2155	21
2157	27
2158	8
2164	23
2172	11
2185	6
2190	15
2191	9
2192	18
2195	5
2196	7
2200	7
2210	5
2212	25
2214	26
2216	7
2222	12
2226	15
2229	5
2237	7
2247	6
2267	17
2270	34
2272	5
2283	9
2293	14
2294	8
2299	8
2307	8
2324	46
2328	5
2330	31
2335	11
2348	7
2349	9
2351	49
2363	10
2370	8
2371	7
2376	9
2379	8
2388	5
2398	8
2400	5
2409	7
2412	15
2416	6
2423	5
2427	15
2434	5
2440	7
2445	55
2446	39
2448	23
2456	10
2459	7
2470	7
2477	25
2478	10
2483	14
2484	21
2489	5
2494	13
2502	10
2504	9
2508	10
2510	8
2513	5
2514	6
2518	8
2522	43
2526	39
2527	5
2528	5
2531	66
2532	27
2534	10
2540	12
2546	12
2549	5
2560	6
2561	33
2562	8
2564	5
2569	7
2580	5
2592	6
2593	13
2606	5
2607	7
2611	5
2614	9
2616	58
2617	11
2619	13
2621	17
2624	5
2625	26
2630	75
2631	10
2641	6
2648	13
2656	10
2660	11
2663	6
2670	5
2672	12
2673	5
2678	9
2690	9
2693	6
2695	12
2697	9
2703	9
2712	6
2719	16
2722	24
2723	6
2727	7
2728	6
2736	9
2739	38
2746	11
2750	51
2752	6
2755	5
2762	8
2763	8
2766	6
2768	42
2774	6
2776	6
2778	10
2786	8
2787	10
2789	19
2794	10
2798	8
2810	7
2811	6
2816	6
2827	11
2828	12
2849	5
2855	8
2862	33
2864	6
2865	9
2871	6
2873	9
2874	7
2875	10
2878	56
2880	12
2881	7
2886	6
2887	5
2888	10
2894	8
2896	29
2899	6
2902	11
2905	10
2910	7
2914	12
2915	8
2917	41
2923	5
2924	7
2929	15
2931	35
2932	17
2937	29
2943	15
2944	7
2946	8
2950	7
2951	12
2955	73
2964	5
2967	9
2968	38
2972	9
2973	34
2974	7
2976	12
2977	9
2980	7
2990	47
2993	17
2995	44
2997	9
2999	10
3004	7
3006	52
3009	20
3025	18
3032	10
3034	172
3038	10
3041	14
3043	8
3045	10
3046	5
3047	8
3062	10
3066	8
3068	10
3075	19
3077	10
3079	5
3081	13
3082	21
3087	65
3090	9
3091	68
3092	9
3095	72
3100	26
3106	6
3109	33
3110	8
3120	5
3128	23
3131	5
3140	11
3142	13
3143	5
3148	16
3154	8
3155	10
3159	6
3168	7
3173	6
3178	11
3180	7
3181	14
3182	107
3187	9
3191	80
3193	8
3195	6
3196	7
3198	15
3199	15
3202	6
3205	6
3211	15
3213	21
3214	6
3215	13
3228	13
3232	47
3233	9
3235	8
3236	8
3242	5
3243	6
3244	5
3256	5
3266	12
3273	59
3274	5
3275	5
3278	41
3280	13
3284	18
3289	13
3291	30
3294	145
3305	23
3311	6
3312	11
3319	5
3335	38
3340	52
3342	7
3349	27
3353	7
3359	18
3372	11
3381	8
3384	28
3389	5
3392	101
3401	7
3405	117
3408	5
3415	5
3418	11
3419	5
3425	11
3428	17
3433	6
3447	5
3449	9
3452	6
3474	12
3477	6
3487	11
3490	16
3497	6
3498	5
3501	143
3503	7
3511	73
3518	26
3524	13
3533	11
3543	6
3549	17
3559	6
3560	13
3562	8
3568	70
3571	10
3575	5
3576	5
3579	17
3592	22
3600	16
3602	37
3604	5
3606	8
3615	11
3616	6
3619	15
3621	6
3626	7
3630	40
3632	9
3638	7
3640	8
3643	9
3647	5
3652	5
3657	5
3658	15
3661	6
3663	8
3665	9
3669	6
3672	7
3677	29
3678	9
3683	12
3686	6
3687	17
3688	35
3691	10
3693	9
3700	5
3702	64
3709	5
3711	39
3712	7
3713	7
3714	6
3716	6
3718	7
3723	9
3724	5
3725	5
3735	127
3747	25
3752	148
3763	43
3765	11
3767	8
3773	8
3774	50
3783	5
3784	23
3786	5
3787	56
3790	38
3806	47
3809	13
3811	6
3812	22
3821	59
3822	161
3831	9
3836	51
3840	8
3841	5
3848	35
3849	7
3858	7
3869	5
3871	5
3872	10
3873	77
3881	29
3897	7
3899	56
3900	54
3907	7
3910	5
3911	17
3912	6
3913	10
3914	38
3915	15
3917	42
3925	5
3930	16
3943	7
3966	8
3970	44
3976	7
3982	11
3984	37
3988	11
3997	9
3998	6
4002	6
4004	7
4005	6
4008	6
4009	5
4013	16
4016	20
4017	34
4027	5
4036	6
4037	21
4040	6
4041	7
4044	20
4046	8
4047	16
4048	22
4056	119
4060	9
4065	10
4066	15
4070	14
4071	9
4076	7
4078	5
4080	12
4087	10
4088	98
4094	10
4098	6
4099	11
4100	16
4102	41
4105	64
4111	80
4113	63
4116	7
4121	44
4122	8
4127	4610
4128	7
4135	11
4136	15
4141	5
4142	14
4143	7
4147	5
4148	7
4149	6
4152	17
4155	7
4160	9
4162	16
4163	6
4169	8
4180	5
4181	5
4182	6
4193	5
4203	5
4205	39
4212	5
4213	17
4215	19
4216	9
4222	6
4223	13
4229	11
4230	7
4231	10
4235	11
4239	8
4246	5
4247	8
4248	12
4259	81
4260	13
4261	8
4262	9
4271	8
4277	7
4281	14
4283	7
4284	11
4286	11
4297	6
4298	17
4304	19
4308	5
4316	7
4326	8
4329	31
4332	47
4333	32
4342	8
4345	6
4347	17
4351	22
4356	25
4365	12
4366	19
4371	7
4377	22
4384	6
4390	5
4395	15
4398	15
4399	13
4403	17
4408	6
4414	10
4417	6
4419	7
4421	6
4423	5
4425	10
4426	16
4427	5
4429	5
4441	7
4446	5
4456	12
4458	30
4462	9
4463	15
4465	12
4466	9
4481	5
4490	7
4502	14
4504	18
4506	11
4508	8
4527	12
4538	6
4545	6
4559	14
4567	10
4569	7
4581	5
4594	7
4598	16
4603	12
4604	34
4610	5
4617	5
4624	6
4628	5
4631	7
4639	10
4642	98
4644	22
4653	18
4656	6
4658	14
4659	10
4661	20
4664	5
4667	6
4668	6
4669	5
4679	5
4680	10
4686	8
4689	7
4692	6
4699	18
4703	7
4716	8
4721	5
4723	5
4726	6
4733	8
4735	8
4742	5
4744	5
4753	5
4764	5
4766	5
4774	15
4792	5
4795	9
4798	7
4809	8
4824	12
4832	6
4840	24
4846	43
4852	47
4854	5
4855	5
4856	5
4861	34
4862	20
4863	7
4864	19
4875	15
4877	21
4881	10
4883	12
4884	5
4885	5
4890	6
4894	7
4895	17
4896	19
4897	88
4901	13
4906	8
4907	10
4910	6
4914	5
4919	6
4939	5
4944	8
4945	5
4956	7
4957	5
4963	36
4964	7
4973	41
4978	11
4986	6
4998	5
5018	44
5021	18
5026	11
5029	27
5031	10
5037	6
5045	16
5053	7
5056	6
5062	32
5064	8
5065	6
5070	5
5071	5
5074	32
5076	7
5077	61
5078	8
5080	6
5081	7
5084	5
5086	31
5090	13
5092	6
5093	10
5096	8
5109	7
5110	5
5115	6
5116	9
5122	7
5124	13
5132	5
5136	6
5138	6
5143	8
5145	6
5149	27
5151	6
5153	21
5160	38
5163	9
5175	29
5176	5
5181	66
5184	9
5187	6
5188	13
5198	13
5199	43
5201	52
5208	102
5217	5
5224	7
5226	108
5232	8
5233	5
5239	5
5249	6
5250	5
5252	8
5253	8
5254	6
5255	7
5256	5
5258	6
5260	19
5264	6
5267	228
5278	8
5279	8
5282	9
5285	5
5296	16
5298	22
5299	6
5300	5
5301	21
5303	48
5309	6
5316	32
5318	522
5332	12
5340	5
5344	59
5351	20
5352	18
5365	55
5367	5
5370	16
5375	6
5382	13
5383	12
5389	5
5391	10
5396	25
5398	6
5403	115
5405	6
5409	5
5412	7
5413	5
5415	14
5423	10
5430	11
5434	16
5441	6
5443	7
5444	10
5448	21
5451	6
5458	101
5460	60
5472	5
5476	142
5487	9
5502	8
5504	36
5512	6
5513	8
5515	12
5522	10
5541	6
5544	9
5548	10
5550	10
5559	10
5561	26
5562	9
5569	5
5571	5
5576	9
5589	9
5596	5
5604	17
5606	12
5607	6
5615	9
5616	23
5617	9
5621	6
5632	74
5643	13
5651	9
5655	12
5659	5
5660	8
5669	11
5672	11
5673	21
5677	22
5683	12
5698	11
5700	15
5708	15
5710	6
5722	7
5724	6
5725	7
5727	13
5729	5
5730	32
5737	12
5746	26
5747	5
5748	9
5750	10
5751	12
5758	8
5766	23
5768	30
5771	19
5773	5
5783	51
5785	6
5786	7
5791	6
5794	121
5797	5
5808	6
5809	5
5814	5
5817	7
5835	22
5836	9
5839	15
5844	26
5846	26
5852	6
5854	55
5855	37
5856	24
5861	8
5864	149
5866	35
5874	6
5877	45
5883	17
5884	6
5890	7
5892	133
5909	19
5911	15
5919	6
5920	7
5921	44
5922	5
5923	7
5924	28
5932	5
5939	11
5940	32
5942	14
5943	30
5945	5
5960	5
5963	8
5967	6
5969	56
5972	66
5999	7
6003	10
6009	16
6012	13
6015	7
6025	9
6034	5
6035	7
6041	7
6043	13
6048	51
6049	7
6050	6
6058	12
6066	9
6071	5
6084	5
6097	7
6101	5
6107	12
6119	21
6122	84
6124	14
6133	20
6139	5
6146	63
6149	15
6161	6
6166	155
6171	5
6172	12
6173	7
6193	8
6195	5
6202	6
6207	6
6209	14
6214	21
6215	7
6217	6
6223	8
6233	10
6239	7
6242	17
6243	10
6254	13
6257	7
6264	15
6265	5
6266	30
6271	5
6276	5
6278	5
6287	17
6291	6
6301	951
6304	574
6307	6
6313	43
6315	19
6329	56
6331	23
6334	5
6335	5
6338	7
6339	6
6340	5
6344	12
6346	43
6349	5
6362	13
6363	5
6368	19
6370	8
6385	6
6392	8
6394	11
6395	5
6396	78
6399	44
6434	5
6444	8
6458	9
6470	7
6471	16
6472	49
6473	7
6479	6
6486	9
6489	9
6492	24
6493	6
6497	7
6498	8
6499	8
6500	6
6518	10
6526	6
6545	5
6548	5
6549	5
6557	13
6562	17
6565	19
6566	9
6567	9
6571	6
6582	5
6588	12
6593	15
6597	8
6600	6
6607	9
6609	225
6611	5
6617	8
6618	38
6619	47
6622	9
6625	23
6628	10
6631	21
6632	7
6636	5
6641	8
6644	5
6646	8
6661	22
6667	6
6671	19
6675	8
6682	6
6686	7
6696	38
6697	6
6698	5
6700	174
6706	10
6711	36
6713	34
6716	5
6725	52
6726	6
6733	7
6756	6
6759	9
6768	48
6769	107
6772	18
6773	7
6774	10
6781	7
6785	166
6787	35
6794	44
6795	9
6796	23
6802	5
6817	8
6834	47
6844	78
6847	31
6848	5
6849	10
6856	9
6859	88
6861	12
6868	17
6870	58
6874	13
6881	33
6882	5
6883	7
6893	5
6894	49
6902	8
6905	6
6912	9
6920	14
6922	14
6931	5
6933	5
6934	5
6936	5
6937	10
6938	5
6940	10
6941	119
6945	6
6949	6
6955	20
6959	24
6962	9
6963	7
6970	8
6972	13
6973	5
6979	7
6983	6
6986	9
6987	10
6991	17
6992	5
6994	9
6997	5
6998	45
7009	17
7010	6
7014	6
7017	13
7019	11
7024	6
7026	5
7029	8
7031	28
7032	7
7037	9
7038	32
7040	8
7041	21
7045	10
7046	11
7047	23
7051	9
7053	5
7058	6
7062	5
7071	30
7072	5
7078	8
7080	5
7087	9
7089	18
7090	36
7102	13
7106	13
7107	11
7115	10
7116	5
7117	5
7128	56
7134	5
7137	6
7148	5
7163	6
7166	45
7169	29
7172	21
7178	29
7184	6
7191	22
7199	6
7204	27
7212	5
7213	6
7215	13
7221	14
7223	24
7228	11
7232	16
7244	9
7246	6
7252	5
7258	7
7259	8
7262	46
7264	54
7266	82
7271	5
7272	18
7279	27
7282	8
7288	8
7289	5
7297	11
7298	18
7300	10
7304	44
7321	7
7325	5
7342	10
7348	6
7349	9
7351	7
7352	9
7362	5
7365	38
7367	19
7370	7
7381	10
7383	6
7385	6
7386	17
7387	7
7394	10
7395	7
7398	10
7399	16
7408	11
7409	8
7410	9
7411	16
7412	48
7415	5
7425	18
7426	27
7427	6
7428	6
7433	8
7436	7
7437	31
7443	6
7449	5
7450	6
7457	6
7458	7
7462	17
7463	11
7465	7
7467	18
7470	5
7471	16
7475	7
7484	6
7486	10
7489	7
7492	10
7493	7
7507	11
7508	6
7512	5
7513	5
7516	6
7520	14
7523	9
7526	8
7528	7
7533	6
7543	67
7545	12
7546	35
7548	5
7550	5
7563	14
7579	7
7581	56
7587	5
7592	5
7600	7
7608	5
7610	9
7621	141
7623	6
7626	5
7629	6
7635	6
7638	97
7640	12
7641	14
7644	9
7646	6
7647	11
7660	9
7671	29
7676	12
7682	6
7684	8
7685	13
7690	7
7691	16
7693	5
7694	5
7696	5
7713	5
7714	11
7725	6
7734	5
7735	11
7739	25
7743	24
7756	6
7759	15
7760	5
7761	5
7766	6
7776	99
7781	7
7782	24
7789	12
7796	8
7799	13
7800	12
7806	6
7810	6
7817	13
7819	60
7820	11
7827	13
7842	25
7844	6
7845	14
7846	8
7852	40
7854	7
7855	10
7866	9
7868	7
7870	32
7873	13
7874	29
7882	14
7886	8
7889	5
7892	5
7895	9
7896	6
7901	15
7902	8
7913	25
7921	6
7932	5
7950	6
7956	20
7963	7
7964	25
7966	26
7967	8
7968	57
7971	19
7977	28
7980	10
7983	12
7986	104
7988	11
7993	7
7998	13
8004	8
8006	12
8008	21
8010	25
8015	8
8017	25
8025	11
8026	5
8032	12
8037	5
8040	11
8042	16
8046	6
8053	12
8054	37
8057	7
8060	12
8064	19
8066	13
8068	5
8072	5
8074	8
8079	8
8086	7
8098	66
8099	9
8107	6
8108	9
8122	8
8130	13
8142	19
8144	22
8145	20
8148	6
8150	22
8152	5
8156	5
8157	15
8162	6
8164	7
8171	6
8175	10
8186	6
8187	23
8192	14
8197	18
8202	5
8210	7
8213	82
8217	17
8218	41
8223	5
8227	6
8230	5
8242	19
8243	8
8246	49
8249	13
8252	18
8263	16
8276	20
8279	18
8284	16
8291	6
8293	21
8294	13
8298	10
8299	5
8304	17
8307	16
8321	42
8324	20
8331	6
8337	5
8339	292
8351	82
8353	5
8361	13
8368	27
8369	9
8375	23
8376	84
8377	6
8380	115
8383	10
8391	50
8395	45
8398	6
8399	5
8408	17
8410	5
8413	6
8419	6
8426	9
8439	7
8440	5
8445	9
8449	65
8451	58
8452	36
8457	10
8462	19
8476	5
8479	86
8480	5
8483	7
8484	10
8497	12
8498	5
8503	11
8506	11
8508	22
8509	19
8510	33
8513	20
8520	27
8525	28
8533	62
8535	18
8536	25
8547	11
8549	10
8552	10
8556	5
8558	16
8560	18
8562	44
8564	8
8570	7
8571	14
8573	29
8585	6
8586	36
8587	16
8594	13
8597	5
8602	8
8616	8
8624	20
8625	5
8626	18
8630	31
8637	5
8647	6
8663	9
8669	10
8674	6
8683	12
8684	89
8697	6
8703	12
8704	10
8710	19
8714	5
8720	10
8721	10
8722	6
8724	5
8726	6
8727	5
8730	8
8734	10
8739	21
8740	16
8741	8
8743	49
8752	14
8755	14
8760	21
8765	15
8773	5
8792	6
8793	21
8796	9
8803	25
8804	6
8805	11
8806	26
8810	8
8813	13
8816	5
8817	19
8820	11
8821	23
8829	5
8832	35
8836	7
8837	5
8843	7
8859	36
8860	10
8865	844
8879	36
8887	46
8894	7
8899	14
8909	9
8910	8
8912	19
8915	16
8920	12
8922	11
8923	21
8927	13
8933	5
8934	6
8941	6
8943	7
8944	29
8947	5
8952	6
8953	5
8954	5
8965	5
8969	264
8978	22
8981	13
8987	60
8995	135
8996	5
9000	5
9010	53
9028	26
9030	12
9032	6
9034	19
9035	6
9037	12
9038	22
9040	5
9045	18
9046	10
9047	5
9054	53
9062	6
9066	6
9072	16
9078	11
9080	9
9083	6
9086	8
9103	26
9117	14
9120	8
9121	33
9124	6
9126	15
9128	15
9130	7
9144	14
9148	7
9153	48
9160	6
9165	17
9175	69
9185	5
9187	10
9193	61
9194	6
9201	17
9207	6
9214	8
9225	19
9230	12
9232	7
9236	5
9238	7
9242	18
9253	7
9265	22
9277	5
9284	5
9285	37
9293	22
9315	6
9320	7
9323	9
9330	22
9331	5
9340	14
9347	9
9348	6
9357	5
9360	5
9361	9
9362	5
9365	7
9371	5
9379	8
9389	6
9391	5
9394	106
9396	8
9397	8
9399	6
9408	9
9423	7
9433	7
9445	40
9448	45
9453	32
9466	6
9474	24
9481	6
9486	5
9493	12
9500	16
9517	11
9526	424
9538	142
9542	23
9546	83
9548	10
9549	11
9561	56
9563	7
9571	26
9581	12
9582	24
9584	26
9587	10
9589	92
9591	24
9608	6
9610	72
9611	41
9613	6
9617	10
9618	14
9620	6
9622	11
9624	11
9625	159
9627	74
9632	8
9633	14
9637	26
9648	54
9661	5
9669	163
9676	32
9678	5
9695	7
9699	10
9701	9
9704	11
9708	5
9714	7
9716	44
9717	9
9719	15
9721	18
9724	16
9727	65
9728	5
9736	5
9738	17
9743	13
9755	6
9757	10
9761	6
9763	19
9764	28
9766	33
9774	7
9777	6
9784	52
9792	13
9793	6
9800	16
9801	9
9803	14
9805	20
9809	12
9813	24
9822	30
9825	26
9826	10
9843	5
9858	6
9863	5
9864	6
9866	10
9870	7
9890	55
9895	7
9900	5
9908	6
9909	7
9915	17
9921	56
9924	82
9925	9
9926	43
9933	5
9934	26
9938	13
9947	35
9948	21
9962	19
9964	14
9966	5
9974	1115
9975	8
9976	18
9982	7
9983	22
9992	7
9993	5
9995	6
9996	6
9998	8
9999	7
10000	11
10008	5
10017	7
10029	7
10034	5
10038	8
10039	6
10040	5
10041	6
10057	13
