33	5
63	12
133	6
158	13
162	6
167	114
319	6
324	10
359	7
511	9
523	5
532	18
534	7
558	7
579	31
613	5
640	5
707	12
726	15
733	11
778	5
811	5
826	17
857	11
878	23
883	22
905	6
926	12
958	7
979	7
991	6
1017	12
1029	11
1031	6
1067	8
1071	5
1108	9
1118	11
1132	56
1143	6
1168	5
1213	6
1225	7
1236	12
1265	5
1267	17
1325	6
1331	5
1382	9
1440	5
1469	29
1505	5
1512	8
1580	7
1602	8
1632	8
1689	19
1702	9
1747	5
1780	5
1834	5
1835	10
1882	5
1905	6
1937	8
1958	8
2049	9
2059	12
2107	6
2110	13
2117	5
2127	6
2130	14
2155	5
2157	14
2164	11
2212	8
2231	9
2324	6
2330	7
2412	6
2445	14
2446	8
2477	9
2494	5
2522	11
2531	6
2540	6
2561	11
2569	6
2616	14
2630	12
2707	14
2728	5
2766	5
2768	7
2878	5
2896	5
2917	13
2931	13
2937	9
2951	5
2968	11
2971	6
2973	8
3006	11
3034	30
3047	6
3087	9
3091	8
3095	6
3100	5
3140	8
3142	17
3182	17
3191	9
3211	5
3215	5
3232	7
3273	12
3278	11
3294	10
3340	8
3392	26
3418	6
3501	47
3511	23
3568	21
3602	17
3702	38
3711	6
3735	26
3752	15
3763	7
3774	14
3821	10
3822	30
3836	27
3873	32
3900	10
3914	7
3915	5
3917	14
3940	5
3984	6
4017	13
4041	5
4044	6
4056	39
4087	5
4088	13
4102	10
4111	10
4113	7
4127	418
4162	6
4184	10
4205	5
4215	5
4223	11
4227	20
4247	6
4259	33
4332	10
4395	6
4398	99
4456	6
4461	7
4464	5
4515	8
4523	33
4603	5
4605	8
4613	125
4642	8
4653	103
4687	14
4733	14
4735	19
4737	19
4771	6
4773	7
4807	102
4826	8
4846	6
4852	13
4864	5
4870	6
4897	5
4973	6
4998	7
5018	11
5029	5
5074	8
5077	12
5153	12
5181	6
5188	10
5199	10
5208	17
5226	15
5239	5
5240	15
5241	11
5242	7
5243	7
5267	96
5301	6
5303	10
5316	6
5318	89
5344	22
5352	6
5396	12
5458	5
5460	16
5476	6
5513	7
5631	7
5632	7
5677	5
5698	9
5725	5
5746	5
5768	7
5771	6
5783	9
5794	21
5822	14
5854	9
5864	15
5866	8
5877	14
5892	29
5921	10
5924	7
5938	5
5943	10
5972	6
6003	5
6009	6
6146	10
6161	6
6166	28
6184	9
6287	6
6301	76
6304	28
6390	10
6472	5
6565	5
6607	7
6609	5
6619	6
6625	7
6631	7
6661	7
6700	28
6711	7
6725	9
6768	14
6785	19
6787	8
6794	8
6844	8
6847	7
6848	5
6859	19
6870	15
6894	5
6922	5
6941	15
6959	19
6998	14
7031	6
7102	6
7116	5
7128	18
7138	6
7166	12
7169	5
7178	5
7197	5
7262	8
7264	6
7266	13
7279	8
7304	8
7349	7
7365	6
7437	5
7520	9
7543	11
7581	9
7621	23
7638	7
7704	5
7743	5
7776	21
7827	8
7842	8
7852	5
7855	5
7888	5
7964	5
7968	7
7986	16
8008	7
8010	8
8032	5
8042	9
8053	5
8054	8
8098	22
8142	6
8144	7
8213	22
8218	8
8276	5
8321	5
8351	11
8380	22
8395	8
8400	6
8449	16
8452	5
8520	8
8533	9
8536	5
8624	6
8630	7
8684	25
8743	7
8793	12
8806	16
8865	122
8879	13
8887	11
8899	6
8923	5
8969	25
8978	7
8987	27
8995	15
9072	8
9096	6
9103	8
9121	7
9126	7
9153	12
9165	6
9175	21
9179	6
9193	10
9201	5
9225	6
9265	9
9330	12
9394	25
9445	25
9493	6
9502	7
9526	82
9538	36
9546	13
9561	26
9571	7
9589	16
9610	7
9611	5
9625	19
9627	9
9633	8
9637	6
9669	41
9700	9
9716	16
9727	5
9738	6
9764	10
9766	16
9784	11
9813	9
9825	5
9890	25
9915	5
9924	15
9925	7
9935	20
9962	5
9974	23
9980	6
10001	9
10014	5
