1	5
10	13
15	11
23	37
25	7
26	6
27	5
32	8
33	15
36	7
38	10
40	25
44	7
46	5
56	37
58	16
60	7
61	7
63	74
65	25
68	13
73	6
74	13
76	15
78	5
86	9
87	5
89	7
92	17
97	9
99	22
101	11
102	5
108	10
114	7
115	8
116	6
119	7
122	26
124	5
125	13
133	36
134	14
136	18
140	11
142	8
149	6
152	9
158	68
161	20
162	26
167	10
171	8
172	7
173	14
174	29
177	6
184	24
185	18
187	18
189	20
191	5
198	5
201	6
208	5
211	15
216	8
229	20
243	149
244	5
251	34
254	26
256	13
257	32
258	56
261	11
268	13
271	12
274	6
279	7
288	8
292	7
303	28
311	10
312	23
317	6
318	6
322	25
323	6
324	31
327	5
328	19
331	18
333	9
341	36
342	5
343	7
344	6
347	14
351	7
352	9
353	30
355	13
359	53
363	5
366	14
367	6
368	6
371	14
373	6
380	18
384	21
385	16
393	12
399	14
400	10
407	7
408	16
412	105
415	6
417	21
418	9
421	14
427	7
432	11
433	5
436	19
446	6
447	16
448	15
449	5
454	5
455	66
456	23
457	19
467	10
469	10
470	6
471	24
475	10
477	7
478	7
483	8
489	10
494	11
497	5
498	5
500	5
502	6
505	5
506	54
507	14
509	14
511	59
513	53
515	8
518	16
520	6
521	5
522	5
526	28
527	6
528	16
531	22
533	7
534	112
539	16
540	10
542	6
547	7
549	5
553	9
556	11
557	35
558	134
560	5
561	8
572	6
574	8
578	20
579	127
580	5
585	8
588	5
589	10
591	21
594	33
601	16
604	13
605	10
606	43
613	36
615	14
620	72
622	7
627	13
628	18
629	9
631	5
633	22
635	15
639	6
640	203
643	5
648	5
651	10
657	7
660	9
667	9
669	10
672	19
673	5
677	23
680	9
686	8
687	12
689	7
691	11
693	15
698	16
699	18
700	6
704	6
705	20
707	30
710	39
711	9
712	16
715	12
719	13
722	29
723	51
726	148
733	85
735	5
740	8
742	48
744	6
746	26
758	65
760	7
763	9
764	12
766	5
767	12
768	7
789	11
791	16
792	11
793	17
798	10
799	6
811	20
812	12
816	11
822	7
823	7
825	6
826	146
830	12
837	12
841	44
844	11
845	7
850	6
855	18
857	219
858	6
861	6
862	50
865	26
873	5
875	9
878	75
884	8
890	6
894	9
895	23
899	5
901	8
905	48
906	5
907	8
915	43
917	8
919	6
920	22
921	9
925	21
927	7
930	41
933	5
934	7
936	5
938	6
940	18
944	6
945	5
949	6
952	7
953	9
954	8
958	44
961	6
969	10
971	11
972	8
976	37
979	58
981	18
982	7
984	7
986	10
987	6
988	6
991	40
993	17
995	12
998	8
1000	9
1002	17
1004	8
1005	41
1006	11
1009	21
1012	12
1013	10
1017	41
1018	8
1019	5
1021	7
1022	28
1025	23
1027	56
1029	114
1031	24
1034	6
1037	8
1040	7
1048	13
1052	26
1058	7
1059	6
1065	5
1066	16
1067	65
1068	24
1071	52
1074	21
1077	15
1079	6
1086	8
1087	9
1088	7
1095	8
1097	5
1098	25
1102	14
1107	9
1108	53
1112	11
1113	27
1114	5
1118	81
1120	11
1121	72
1125	20
1126	10
1127	10
1128	86
1129	25
1130	7
1132	47
1143	63
1144	7
1145	14
1147	29
1148	8
1152	8
1153	5
1155	136
1160	30
1162	9
1164	10
1165	6
1166	12
1168	43
1171	9
1172	15
1173	5
1176	6
1178	12
1181	9
1183	5
1184	5
1186	80
1189	30
1192	10
1194	11
1196	7
1197	6
1198	7
1199	9
1202	6
1204	35
1205	5
1206	14
1208	11
1213	68
1215	11
1216	6
1221	17
1223	6
1225	67
1226	6
1227	5
1235	17
1236	39
1239	6
1240	26
1243	7
1246	56
1252	11
1253	10
1256	39
1261	5
1264	7
1267	164
1274	11
1279	6
1281	10
1284	5
1285	5
1286	5
1288	9
1290	7
1291	5
1294	9
1296	16
1298	7
1299	11
1307	6
1309	12
1310	7
1320	9
1325	40
1326	7
1329	25
1331	96
1332	6
1338	8
1343	7
1344	7
1347	11
1348	17
1349	5
1350	11
1352	6
1353	12
1356	14
1357	21
1359	6
1364	14
1365	9
1368	6
1369	37
1370	39
1376	9
1378	5
1381	19
1382	98
1386	8
1388	26
1389	10
1394	6
1395	5
1396	71
1406	98
1408	290
1409	51
1410	12
1411	7
1412	6
1415	16
1417	5
1419	9
1426	7
1427	11
1428	7
1430	14
1432	9
1433	17
1434	14
1435	5
1437	42
1440	108
1441	5
1442	8
1443	8
1450	10
1451	17
1452	27
1454	5
1455	6
1456	6
1463	15
1464	8
1465	13
1469	75
1475	87
1478	34
1480	6
1483	15
1485	7
1486	47
1487	7
1494	10
1497	7
1503	15
1504	18
1505	45
1506	13
1507	13
1510	5
1511	6
1512	46
1514	14
1515	15
1518	11
1519	13
1520	18
1521	16
1522	13
1523	5
1527	43
1529	20
1532	15
1533	8
1537	5
1540	17
1545	5
1549	11
1551	7
1554	51
1555	5
1562	10
1564	82
1566	5
1567	5
1570	7
1572	8
1576	38
1577	6
1580	368
1584	5
1589	6
1590	10
1597	7
1601	5
1602	43
1603	11
1604	16
1608	27
1611	12
1616	21
1622	12
1630	47
1632	56
1633	6
1637	20
1638	10
1641	9
1642	150
1647	7
1648	6
1653	5
1654	5
1655	5
1656	29
1659	9
1662	6
1668	17
1671	6
1673	18
1674	26
1679	94
1684	8
1689	91
1700	9
1701	9
1702	43
1707	33
1711	10
1712	8
1713	35
1717	7
1720	12
1724	23
1725	5
1730	14
1732	17
1734	8
1736	23
1739	29
1741	7
1745	15
1747	42
1749	6
1753	8
1755	12
1758	8
1759	29
1775	8
1777	10
1780	17
1783	82
1784	28
1786	5
1787	19
1797	13
1798	7
1802	6
1806	13
1809	8
1810	16
1815	5
1818	19
1822	23
1828	15
1831	8
1832	6
1833	18
1834	18
1835	70
1837	5
1840	6
1841	8
1842	21
1843	9
1849	6
1850	5
1854	23
1855	6
1856	10
1857	8
1861	13
1866	6
1870	5
1875	38
1878	12
1882	37
1886	23
1892	21
1894	31
1896	6
1897	16
1898	5
1902	23
1905	27
1906	8
1908	27
1913	11
1915	5
1917	7
1919	14
1922	5
1929	10
1931	9
1933	9
1935	7
1937	81
1941	18
1943	27
1945	12
1949	10
1952	6
1953	9
1957	28
1958	56
1959	11
1960	6
1968	16
1977	8
1981	28
1985	21
1987	10
1989	9
1993	9
1995	13
2003	12
2006	5
2011	13
2017	7
2019	22
2021	6
2023	20
2024	22
2029	7
2032	7
2036	22
2037	9
2042	14
2046	14
2048	36
2049	70
2050	6
2054	16
2055	5
2057	6
2059	21
2061	10
2062	8
2064	5
2065	6
2066	5
2069	7
2070	7
2071	48
2074	59
2075	14
2078	12
2083	22
2084	5
2085	7
2092	8
2097	66
2098	5
2099	7
2102	6
2103	8
2105	11
2116	6
2117	43
2119	5
2126	8
2127	14
2128	9
2130	41
2132	11
2133	9
2134	5
2135	8
2136	20
2142	72
2143	18
2149	17
2150	7
2155	43
2157	54
2158	14
2164	36
2167	6
2171	6
2172	19
2175	23
2178	9
2183	7
2185	6
2186	5
2188	16
2189	8
2190	31
2191	14
2192	25
2195	6
2196	10
2200	18
2205	11
2208	5
2209	27
2211	8
2212	45
2214	11
2216	8
2217	6
2219	5
2220	5
2222	5
2226	27
2232	6
2240	5
2242	10
2243	7
2248	6
2252	13
2253	6
2254	7
2257	16
2261	9
2262	6
2263	7
2264	10
2267	20
2268	5
2270	23
2278	18
2283	9
2284	13
2287	5
2292	14
2294	7
2302	7
2303	12
2305	5
2307	20
2313	8
2323	7
2324	64
2328	5
2330	47
2331	6
2332	7
2339	9
2341	18
2348	16
2349	21
2351	108
2356	6
2358	5
2360	19
2363	5
2366	11
2370	13
2376	5
2379	9
2382	5
2386	6
2390	7
2393	9
2398	12
2400	7
2402	11
2403	5
2409	27
2412	46
2426	8
2427	16
2436	6
2440	7
2442	5
2445	89
2446	52
2447	7
2448	54
2451	9
2454	9
2456	16
2463	8
2464	8
2466	5
2470	11
2477	82
2478	14
2479	9
2483	30
2484	18
2489	5
2494	27
2495	7
2502	53
2504	13
2508	12
2509	6
2513	11
2514	11
2516	12
2518	10
2522	67
2526	36
2527	7
2528	10
2530	5
2531	142
2532	46
2534	21
2537	9
2540	37
2543	12
2546	51
2549	6
2555	11
2556	5
2557	6
2560	18
2561	56
2562	11
2564	5
2569	20
2576	9
2579	7
2580	9
2590	7
2602	7
2604	5
2609	5
2613	16
2614	15
2616	79
2617	14
2618	6
2619	18
2621	30
2622	6
2624	9
2625	62
2627	6
2629	9
2630	105
2631	12
2632	8
2636	6
2641	10
2642	5
2644	25
2646	5
2648	30
2649	31
2650	24
2656	11
2659	7
2660	7
2663	12
2665	7
2670	8
2672	8
2676	12
2677	5
2678	11
2682	7
2684	5
2688	5
2690	38
2694	5
2697	18
2702	8
2704	5
2706	8
2709	10
2715	10
2718	11
2719	64
2722	17
2723	7
2728	35
2730	6
2736	20
2739	49
2740	7
2741	5
2742	5
2744	5
2745	14
2746	21
2749	6
2750	114
2752	11
2760	7
2761	5
2762	15
2763	5
2764	13
2765	7
2766	6
2768	72
2774	10
2776	10
2778	24
2780	7
2781	6
2782	6
2784	6
2787	16
2789	10
2792	5
2794	11
2798	18
2801	9
2810	7
2816	11
2825	15
2827	9
2828	5
2834	6
2841	5
2843	5
2844	5
2849	10
2850	6
2858	5
2861	6
2862	24
2864	19
2865	9
2867	5
2871	9
2875	11
2878	71
2881	13
2883	6
2884	6
2886	10
2887	10
2888	15
2892	5
2894	21
2895	10
2896	37
2897	5
2902	17
2905	9
2910	11
2914	91
2915	12
2917	60
2918	10
2921	6
2923	6
2924	12
2926	9
2929	9
2931	58
2932	16
2937	33
2939	20
2943	16
2946	11
2950	19
2951	31
2953	6
2955	171
2956	5
2962	6
2965	22
2968	91
2970	7
2972	10
2973	59
2974	6
2976	9
2977	16
2983	7
2985	7
2989	6
2990	33
2993	22
2994	11
2996	8
2997	25
2999	15
3001	7
3003	15
3004	17
3005	10
3006	99
3009	20
3012	14
3017	20
3020	18
3023	5
3025	13
3032	10
3034	321
3035	9
3036	12
3038	26
3041	16
3043	9
3045	21
3047	14
3056	6
3058	8
3062	12
3064	13
3066	9
3068	18
3075	59
3077	9
3081	19
3082	24
3087	101
3089	7
3091	68
3092	32
3094	12
3095	272
3096	7
3100	40
3106	14
3108	6
3109	29
3110	15
3112	6
3114	5
3116	9
3120	8
3123	13
3128	13
3130	7
3133	8
3134	6
3140	36
3142	26
3143	9
3148	25
3149	6
3154	16
3155	15
3161	38
3167	12
3168	10
3170	6
3173	7
3174	7
3177	6
3178	9
3180	6
3181	20
3182	209
3184	11
3186	8
3187	20
3191	140
3193	6
3195	5
3196	8
3198	12
3199	71
3200	7
3205	11
3206	5
3207	14
3210	11
3211	48
3213	44
3214	5
3215	33
3218	8
3221	6
3228	35
3232	51
3234	5
3235	19
3238	17
3244	8
3247	10
3259	7
3260	6
3265	7
3266	24
3269	5
3270	8
3272	6
3273	83
3275	17
3276	9
3278	16
3280	22
3284	35
3287	8
3289	39
3291	43
3292	7
3294	272
3295	5
3300	5
3305	37
3314	7
3315	6
3317	19
3319	11
3321	15
3330	5
3335	56
3337	7
3340	104
3341	5
3344	19
3349	48
3351	6
3359	21
3364	5
3366	5
3368	5
3369	7
3372	14
3381	7
3382	5
3384	15
3389	39
3392	282
3396	9
3400	17
3403	8
3405	154
3414	7
3415	7
3418	27
3419	5
3425	29
3428	30
3431	8
3434	5
3436	6
3443	5
3445	5
3449	17
3452	7
3454	14
3458	5
3459	5
3461	5
3462	13
3467	9
3470	9
3474	16
3475	6
3476	7
3477	6
3478	15
3480	7
3485	13
3486	7
3487	15
3490	27
3491	6
3494	8
3495	5
3497	6
3501	285
3503	11
3509	9
3511	137
3515	5
3518	31
3524	22
3525	21
3533	7
3535	5
3537	6
3543	5
3545	5
3546	9
3548	5
3549	13
3556	5
3557	5
3559	11
3560	12
3562	7
3564	11
3565	17
3566	15
3568	163
3570	5
3571	17
3575	11
3576	10
3577	13
3579	15
3583	6
3592	36
3600	5
3602	73
3613	10
3615	12
3616	52
3619	6
3623	9
3626	15
3630	79
3632	17
3634	14
3636	14
3643	16
3647	10
3648	5
3652	15
3657	5
3658	45
3660	6
3661	11
3663	9
3664	6
3665	8
3667	7
3668	8
3672	10
3675	7
3677	47
3678	12
3681	11
3686	7
3687	9
3688	25
3691	26
3693	11
3700	7
3702	247
3708	7
3709	8
3710	10
3711	70
3712	11
3713	7
3714	8
3720	5
3724	16
3728	9
3734	6
3735	252
3739	6
3740	6
3744	6
3747	36
3752	236
3757	7
3760	5
3761	8
3763	68
3765	25
3767	7
3774	72
3776	7
3780	12
3781	5
3784	47
3786	6
3787	76
3789	11
3790	161
3801	48
3806	68
3809	7
3811	6
3812	54
3813	5
3814	5
3815	5
3816	13
3817	5
3821	96
3822	285
3823	5
3826	14
3832	7
3836	84
3840	5
3841	13
3848	87
3858	31
3860	6
3869	9
3870	5
3871	5
3872	27
3873	175
3874	7
3876	5
3879	6
3881	50
3882	11
3894	9
3895	6
3897	7
3899	29
3900	118
3901	9
3907	7
3911	15
3913	12
3914	59
3915	40
3917	71
3924	5
3925	21
3928	9
3930	21
3932	5
3933	13
3936	10
3938	9
3943	33
3947	7
3952	5
3957	10
3966	5
3970	78
3972	7
3975	5
3984	84
3988	7
3989	45
3994	12
3997	16
3998	37
4000	5
4003	10
4004	7
4007	5
4008	15
4013	20
4016	28
4017	78
4022	13
4026	7
4027	6
4028	5
4031	5
4033	8
4034	5
4039	9
4040	16
4041	30
4042	6
4044	53
4046	7
4047	29
4048	33
4049	6
4056	268
4060	9
4062	6
4065	15
4066	21
4068	8
4070	21
4071	8
4076	6
4077	9
4078	8
4079	7
4080	15
4081	20
4083	7
4086	7
4087	13
4088	134
4094	18
4097	8
4098	6
4099	13
4100	11
4102	47
4105	88
4111	209
4113	141
4116	13
4121	6
4122	25
4123	12
4127	7839
4130	9
4131	39
4133	6
4135	26
4136	32
4142	24
4143	5
4147	8
4149	5
4150	5
4152	31
4155	13
4161	30
4162	56
4163	11
4168	5
4169	9
4170	10
4174	12
4175	10
4179	6
4184	14
4185	5
4191	7
4195	6
4203	7
4205	57
4207	8
4212	5
4213	19
4214	12
4215	27
4220	7
4222	6
4223	33
4224	9
4229	10
4235	19
4236	7
4238	14
4239	12
4241	6
4242	5
4243	5
4246	6
4247	10
4248	20
4259	184
4260	29
4261	8
4262	17
4264	6
4271	14
4281	25
4283	7
4284	18
4286	5
4290	17
4294	6
4297	14
4304	35
4308	14
4309	9
4310	13
4316	11
4318	6
4319	7
4325	6
4329	179
4330	16
4331	7
4332	196
4333	186
4334	9
4338	6
4339	11
4341	5
4342	9
4347	11
4348	5
4351	30
4356	65
4357	7
4358	15
4359	14
4361	9
4362	5
4365	6
4366	29
4368	8
4370	7
4376	6
4377	10
4383	12
4384	6
4391	5
4395	30
4397	5
4398	12
4399	13
4403	14
4414	11
4419	9
4420	7
4421	10
4423	5
4424	5
4425	8
4426	22
4434	6
4438	14
4446	12
4452	7
4453	8
4454	5
4456	30
4458	58
4460	6
4462	6
4463	20
4466	23
4467	8
4480	5
4481	8
4487	8
4488	13
4489	8
4490	9
4493	6
4494	6
4502	15
4504	8
4506	27
4508	6
4511	5
4522	12
4523	8
4526	5
4527	20
4531	8
4535	16
4538	6
4539	6
4540	13
4545	8
4550	11
4559	18
4561	6
4562	7
4566	11
4567	19
4569	15
4573	5
4577	6
4591	7
4598	23
4599	7
4603	22
4604	156
4606	7
4607	10
4612	5
4614	5
4617	10
4618	6
4622	6
4624	17
4631	9
4633	21
4634	5
4635	6
4639	19
4642	205
4644	33
4653	26
4656	18
4658	11
4659	20
4660	7
4661	29
4664	5
4666	5
4667	14
4669	5
4675	7
4679	9
4680	15
4681	26
4686	7
4689	6
4692	7
4694	13
4699	19
4703	25
4706	9
4716	14
4721	8
4723	10
4731	39
4733	13
4735	11
4736	14
4740	9
4741	7
4743	6
4744	12
4745	5
4746	8
4747	8
4748	7
4749	11
4754	5
4757	9
4759	6
4761	10
4766	5
4767	5
4771	10
4785	11
4789	5
4798	11
4807	5
4812	10
4813	6
4814	13
4817	14
4820	7
4824	17
4832	9
4840	33
4846	89
4852	107
4854	6
4855	8
4857	15
4861	41
4862	25
4863	9
4864	33
4868	9
4875	28
4877	42
4881	8
4886	10
4890	12
4894	5
4895	9
4896	15
4897	27
4901	6
4904	8
4906	5
4907	11
4911	5
4914	6
4926	6
4929	5
4935	8
4940	6
4941	8
4943	5
4944	10
4949	6
4952	7
4957	9
4961	5
4962	7
4963	67
4964	5
4968	6
4970	7
4973	64
4975	6
4978	9
4986	9
4993	7
4994	7
4998	14
5002	18
5005	6
5006	7
5007	5
5009	8
5018	77
5021	33
5022	5
5023	5
5026	13
5029	42
5031	8
5032	19
5037	10
5040	5
5045	15
5052	5
5053	14
5056	29
5057	6
5061	7
5062	44
5064	20
5065	12
5067	7
5068	15
5069	7
5074	53
5076	5
5077	108
5078	8
5080	6
5081	5
5086	63
5090	19
5093	15
5095	5
5096	17
5101	8
5103	6
5104	9
5110	8
5116	19
5121	5
5124	15
5126	7
5132	6
5134	5
5140	6
5142	9
5143	9
5144	9
5147	6
5149	28
5150	6
5151	5
5153	36
5158	9
5159	6
5160	64
5163	29
5172	8
5175	30
5181	202
5184	11
5187	14
5188	12
5191	10
5198	21
5199	65
5200	14
5201	65
5208	267
5216	8
5218	7
5224	8
5226	235
5231	9
5232	30
5233	18
5234	8
5239	7
5240	13
5241	15
5242	10
5247	9
5248	9
5249	25
5250	12
5253	13
5254	12
5255	9
5256	15
5260	25
5267	494
5272	5
5278	16
5279	12
5282	10
5283	6
5285	9
5292	5
5296	33
5298	48
5299	6
5300	9
5301	66
5303	67
5307	6
5309	14
5312	11
5316	77
5318	904
5319	7
5328	19
5331	6
5332	22
5333	10
5338	5
5340	8
5341	7
5343	5
5344	134
5351	82
5352	19
5361	5
5365	32
5370	7
5374	6
5376	5
5377	9
5380	10
5382	20
5383	12
5391	15
5396	86
5398	7
5403	146
5405	6
5412	11
5415	19
5417	14
5418	7
5422	5
5423	12
5430	18
5434	17
5443	15
5444	8
5445	6
5448	32
5449	10
5451	8
5458	128
5460	95
5467	10
5475	5
5476	701
5477	6
5478	7
5483	11
5487	30
5488	9
5499	6
5502	24
5503	7
5504	52
5510	11
5511	7
5512	13
5513	19
5514	7
5515	20
5516	5
5519	6
5522	5
5531	5
5539	9
5541	5
5544	5
5546	5
5547	5
5548	25
5550	8
5551	5
5553	5
5556	5
5559	13
5561	56
5562	8
5569	8
5576	14
5582	11
5589	18
5592	6
5597	5
5601	11
5604	25
5606	18
5608	5
5609	14
5611	16
5615	13
5616	9
5617	16
5623	6
5632	74
5634	5
5638	8
5651	8
5655	27
5659	7
5660	7
5663	8
5671	11
5672	16
5673	22
5677	38
5683	10
5688	6
5691	13
5694	7
5697	8
5698	19
5699	10
5700	21
5705	6
5708	26
5709	5
5713	5
5724	8
5725	19
5727	17
5730	28
5732	7
5736	5
5737	22
5746	225
5747	12
5749	6
5750	13
5758	13
5765	9
5766	32
5768	59
5771	34
5773	9
5783	69
5786	6
5790	6
5794	209
5797	20
5802	11
5808	13
5809	12
5812	7
5813	6
5817	13
5818	5
5828	9
5833	6
5835	7
5836	28
5839	10
5843	8
5844	23
5846	33
5852	7
5854	119
5855	49
5856	38
5858	5
5859	9
5861	8
5864	20
5866	75
5868	5
5871	13
5874	7
5877	48
5880	5
5883	17
5884	10
5885	6
5890	8
5891	11
5892	208
5897	6
5909	23
5910	7
5911	11
5919	5
5920	16
5921	59
5922	7
5924	97
5937	8
5939	11
5940	42
5942	12
5943	40
5946	5
5947	5
5955	6
5963	9
5969	71
5970	10
5972	153
5981	8
5985	5
5995	5
5996	6
5999	10
6001	5
6003	9
6009	34
6012	18
6015	13
6020	5
6025	14
6035	5
6036	5
6043	20
6048	38
6051	6
6056	9
6058	18
6063	6
6067	5
6071	10
6073	11
6075	7
6076	8
6080	5
6081	9
6083	10
6084	12
6086	6
6097	7
6098	5
6100	9
6104	10
6106	12
6107	8
6119	26
6122	171
6123	21
6124	38
6126	9
6127	13
6131	7
6133	46
6134	6
6136	5
6139	18
6140	8
6143	13
6146	115
6149	23
6150	7
6154	8
6159	5
6161	5
6163	7
6166	534
6168	8
6170	11
6171	5
6175	5
6183	5
6187	6
6193	15
6194	5
6195	16
6204	7
6207	7
6209	36
6214	22
6216	10
6217	6
6222	12
6226	6
6233	8
6234	7
6239	7
6242	18
6243	23
6247	11
6254	14
6257	12
6264	9
6266	52
6267	13
6271	7
6272	6
6278	8
6286	6
6287	38
6290	13
6291	6
6295	6
6301	1569
6304	1138
6307	7
6312	6
6313	273
6315	15
6326	6
6327	13
6329	10
6333	19
6334	15
6338	63
6339	23
6340	20
6342	5
6344	8
6346	27
6347	11
6349	6
6353	5
6356	12
6357	5
6358	5
6361	8
6362	8
6364	5
6368	25
6370	17
6380	5
6385	9
6386	16
6388	5
6392	10
6394	8
6396	26
6398	10
6399	48
6403	8
6404	9
6405	7
6409	5
6413	5
6416	9
6417	11
6419	12
6420	8
6422	6
6424	7
6426	9
6434	10
6438	5
6439	10
6441	7
6444	9
6449	7
6452	9
6454	7
6457	6
6458	13
6463	5
6465	14
6469	9
6471	9
6472	78
6473	9
6474	15
6475	7
6476	12
6479	7
6481	5
6486	10
6489	13
6490	10
6492	31
6493	5
6494	6
6495	5
6497	8
6499	16
6500	10
6501	5
6504	5
6507	5
6518	9
6519	5
6525	5
6526	12
6529	8
6536	6
6543	6
6548	8
6549	18
6551	11
6554	11
6557	16
6558	8
6562	13
6563	9
6565	35
6566	25
6567	10
6570	7
6571	6
6573	10
6578	8
6579	12
6583	5
6587	14
6588	19
6589	12
6591	6
6593	7
6597	5
6600	9
6607	31
6608	8
6609	434
6612	8
6615	9
6618	53
6619	180
6621	6
6622	12
6624	6
6625	52
6628	6
6631	30
6632	7
6636	6
6637	11
6641	22
6644	11
6646	17
6647	19
6649	8
6652	11
6654	17
6659	8
6661	39
6664	8
6666	11
6669	7
6671	62
6675	5
6682	9
6686	13
6690	8
6693	14
6696	51
6697	7
6699	12
6700	352
6706	7
6711	93
6713	50
6714	15
6715	10
6716	12
6725	101
6730	5
6733	18
6735	5
6741	6
6742	11
6749	5
6759	18
6761	5
6768	80
6769	213
6772	8
6773	12
6776	7
6779	10
6780	6
6781	11
6785	265
6787	38
6789	11
6790	6
6791	8
6792	6
6793	6
6794	63
6795	10
6796	32
6798	18
6799	9
6802	12
6803	5
6808	5
6812	6
6816	6
6817	16
6823	8
6826	6
6828	7
6834	55
6837	6
6838	8
6843	11
6844	114
6847	29
6848	8
6849	7
6851	9
6856	5
6859	201
6861	22
6862	6
6865	7
6866	18
6867	8
6868	37
6870	92
6874	6
6875	8
6880	11
6881	43
6882	7
6883	9
6884	10
6885	8
6892	18
6894	82
6901	5
6902	16
6903	7
6905	8
6908	5
6912	11
6913	8
6919	8
6920	12
6921	5
6922	32
6925	8
6926	7
6928	6
6930	5
6931	13
6933	6
6934	8
6936	5
6937	22
6940	18
6941	209
6945	8
6949	14
6950	8
6955	29
6957	10
6959	27
6960	5
6962	17
6963	10
6965	11
6970	23
6971	7
6972	26
6978	6
6979	6
6980	6
6983	9
6986	9
6987	12
6990	6
6991	19
6992	9
6994	7
6995	8
6997	9
6998	92
7004	5
7006	11
7009	12
7011	12
7012	12
7015	9
7017	12
7023	5
7026	5
7028	5
7029	11
7031	25
7032	5
7037	10
7038	20
7040	9
7042	6
7045	6
7046	6
7047	21
7048	7
7051	13
7053	6
7060	8
7065	8
7067	11
7071	72
7072	8
7075	5
7078	15
7087	11
7089	26
7090	34
7096	6
7102	19
7106	14
7107	25
7110	14
7115	9
7116	6
7117	7
7119	9
7124	10
7128	94
7132	7
7138	13
7142	9
7143	5
7145	5
7146	8
7147	7
7148	10
7151	7
7154	6
7156	7
7162	5
7163	7
7164	5
7166	90
7169	31
7172	14
7174	6
7175	11
7178	28
7180	5
7181	5
7182	7
7183	6
7186	13
7191	56
7194	7
7197	5
7199	7
7204	19
7211	8
7213	9
7215	15
7219	6
7221	5
7223	50
7228	12
7229	5
7231	6
7232	61
7235	11
7237	10
7239	10
7240	15
7242	7
7243	13
7244	8
7248	6
7249	14
7252	17
7253	5
7255	6
7256	11
7257	5
7259	7
7262	68
7264	128
7266	127
7271	7
7272	34
7279	45
7288	12
7289	8
7297	12
7298	32
7300	8
7304	55
7312	18
7317	5
7320	5
7321	10
7323	16
7326	7
7328	10
7329	9
7336	7
7337	8
7338	15
7340	11
7341	6
7342	13
7348	6
7349	23
7350	6
7351	25
7352	18
7362	6
7365	41
7367	19
7370	6
7373	5
7379	6
7381	14
7383	11
7386	15
7389	10
7391	5
7395	5
7401	8
7403	5
7407	5
7408	42
7409	6
7410	14
7411	28
7412	100
7415	9
7417	8
7425	11
7426	12
7427	7
7428	7
7429	8
7437	37
7443	13
7448	11
7456	5
7458	6
7461	16
7462	15
7463	13
7471	45
7475	11
7480	8
7486	15
7489	13
7492	19
7493	5
7494	11
7503	22
7504	7
7505	5
7506	12
7507	14
7520	42
7523	25
7526	13
7527	6
7528	20
7533	20
7543	101
7545	15
7546	27
7548	9
7549	7
7550	5
7555	8
7557	6
7559	6
7562	6
7563	32
7568	6
7569	8
7571	6
7573	14
7579	20
7580	8
7581	93
7582	9
7583	16
7584	6
7587	19
7592	33
7600	5
7606	6
7607	28
7608	11
7610	13
7613	5
7615	5
7617	7
7621	244
7623	10
7629	10
7634	12
7635	15
7638	298
7641	173
7642	5
7647	15
7649	7
7650	5
7652	12
7654	6
7655	9
7657	6
7659	6
7660	16
7663	12
7664	6
7668	7
7671	35
7676	27
7680	6
7684	62
7685	6
7690	11
7691	17
7693	15
7694	12
7696	6
7698	8
7699	11
7705	5
7707	6
7708	9
7713	9
7714	13
7716	7
7719	16
7720	11
7724	12
7725	9
7735	8
7737	5
7739	87
7740	14
7741	12
7743	113
7747	5
7752	8
7759	34
7760	8
7761	18
7766	20
7770	8
7776	83
7789	26
7792	7
7799	9
7800	18
7806	8
7808	12
7809	5
7810	14
7811	8
7812	14
7815	10
7817	6
7819	61
7820	13
7821	14
7825	7
7827	16
7830	7
7832	19
7840	5
7842	30
7843	7
7844	6
7845	18
7852	32
7854	22
7855	11
7866	11
7868	10
7870	54
7873	6
7874	61
7876	8
7882	36
7886	10
7888	5
7890	9
7892	11
7895	8
7896	7
7901	25
7902	5
7906	15
7912	8
7913	29
7921	7
7923	6
7926	5
7932	6
7934	6
7948	7
7950	12
7956	21
7957	7
7964	17
7966	36
7968	100
7971	29
7977	57
7978	5
7980	10
7983	18
7984	11
7986	177
7988	19
7991	10
7993	11
7998	26
8006	20
8007	5
8008	42
8010	65
8011	5
8012	6
8014	6
8015	8
8017	33
8021	10
8025	8
8032	13
8033	5
8040	37
8041	10
8042	19
8046	7
8049	5
8053	44
8054	46
8055	14
8058	11
8060	10
8064	26
8070	10
8072	16
8074	5
8079	22
8082	7
8086	6
8092	13
8095	12
8098	174
8099	14
8100	6
8101	5
8107	12
8113	6
8116	6
8117	5
8122	24
8124	5
8129	15
8130	21
8134	8
8142	32
8144	63
8145	20
8148	21
8150	26
8156	7
8157	5
8160	9
8162	9
8163	9
8164	5
8168	6
8169	6
8171	53
8175	9
8179	7
8184	13
8186	11
8187	24
8190	14
8192	10
8194	6
8197	37
8199	5
8201	8
8202	10
8203	5
8205	7
8207	5
8212	7
8213	155
8215	19
8217	29
8218	95
8220	5
8229	10
8230	15
8231	7
8237	6
8238	5
8241	5
8242	35
8243	14
8246	42
8249	18
8252	56
8257	5
8261	8
8262	13
8263	15
8265	5
8268	25
8271	5
8272	6
8276	29
8277	5
8279	27
8287	11
8289	5
8291	9
8293	40
8294	22
8298	14
8299	6
8300	8
8304	11
8305	5
8307	14
8312	6
8320	7
8321	47
8324	48
8329	7
8330	5
8331	8
8338	6
8339	378
8345	5
8350	6
8351	162
8357	6
8358	16
8359	9
8360	9
8361	22
8363	7
8364	5
8368	31
8369	17
8375	40
8376	66
8377	8
8380	178
8383	7
8384	7
8387	6
8388	7
8389	11
8391	103
8393	11
8395	74
8398	12
8399	10
8400	6
8403	19
8408	29
8409	17
8417	16
8418	11
8419	12
8424	6
8426	7
8436	8
8439	8
8443	9
8445	13
8447	7
8449	167
8451	67
8452	53
8454	5
8457	20
8462	29
8464	8
8466	5
8467	11
8472	6
8476	6
8477	5
8479	139
8483	8
8484	18
8485	18
8491	5
8493	7
8497	31
8503	23
8506	22
8507	7
8508	7
8509	17
8510	55
8511	5
8513	40
8517	5
8520	26
8525	52
8528	8
8533	63
8535	30
8536	35
8539	5
8540	5
8544	6
8547	15
8552	19
8556	16
8558	18
8560	27
8562	249
8563	5
8564	24
8570	6
8571	27
8572	9
8573	33
8586	49
8587	27
8594	34
8597	13
8599	6
8601	5
8602	13
8615	6
8616	8
8617	5
8624	32
8625	7
8626	8
8630	59
8638	8
8640	5
8641	8
8647	8
8648	5
8652	9
8663	13
8664	9
8669	38
8672	14
8674	8
8683	19
8684	127
8687	5
8697	12
8701	11
8703	11
8704	9
8710	27
8715	7
8717	18
8720	34
8721	13
8722	10
8723	5
8724	11
8726	5
8727	14
8728	8
8730	10
8734	33
8739	40
8740	19
8741	13
8742	7
8743	111
8745	6
8746	9
8752	20
8755	6
8760	12
8763	6
8765	17
8769	5
8773	6
8777	5
8781	11
8786	9
8787	7
8792	6
8793	29
8794	5
8795	6
8796	15
8797	6
8803	22
8804	5
8805	6
8806	76
8810	12
8812	7
8813	18
8816	5
8817	13
8820	52
8821	109
8832	21
8835	9
8838	8
8839	6
8846	6
8847	7
8865	1241
8873	6
8874	8
8879	76
8880	8
8887	75
8890	6
8894	9
8895	5
8897	5
8899	45
8900	5
8902	11
8909	16
8910	11
8912	22
8915	16
8918	9
8920	16
8922	8
8923	33
8925	6
8930	5
8933	7
8934	14
8937	5
8940	9
8941	8
8943	11
8944	46
8947	7
8953	9
8954	7
8956	18
8963	18
8965	8
8969	439
8973	6
8976	15
8978	43
8981	16
8983	5
8987	95
8989	5
8991	7
8992	5
8993	10
8994	5
8995	277
9000	46
9010	82
9012	6
9024	5
9028	35
9030	23
9031	10
9032	22
9034	22
9035	13
9037	29
9038	20
9040	12
9041	6
9043	5
9045	31
9046	14
9047	6
9049	18
9054	86
9062	5
9065	5
9066	9
9068	6
9069	6
9072	14
9078	30
9080	26
9086	5
9093	17
9095	19
9099	6
9103	33
9105	10
9114	5
9117	12
9120	10
9121	55
9122	5
9123	6
9124	5
9126	26
9128	23
9129	5
9130	22
9132	5
9136	7
9144	20
9145	5
9148	15
9149	5
9153	92
9157	11
9160	18
9165	31
9175	116
9180	33
9181	5
9183	11
9187	13
9189	8
9193	69
9196	5
9198	6
9199	7
9201	29
9202	13
9211	5
9214	5
9215	10
9218	9
9219	8
9222	11
9225	35
9230	21
9232	12
9238	8
9242	18
9252	8
9253	13
9255	6
9258	5
9265	45
9275	24
9277	6
9282	9
9285	54
9289	7
9291	13
9292	6
9293	30
9294	13
9303	5
9315	16
9318	12
9320	27
9323	8
9325	5
9326	5
9328	9
9329	6
9330	59
9333	6
9337	8
9340	32
9347	17
9357	13
9358	6
9361	6
9365	9
9366	5
9370	9
9371	5
9375	14
9391	9
9392	7
9394	186
9396	8
9397	5
9403	7
9404	5
9409	5
9410	7
9430	12
9431	5
9433	6
9434	5
9435	9
9436	6
9439	10
9441	6
9442	5
9445	70
9448	64
9451	17
9453	72
9457	7
9458	10
9460	8
9466	19
9467	6
9474	50
9481	8
9483	8
9491	13
9493	22
9498	15
9500	12
9509	7
9511	5
9512	8
9515	6
9518	6
9521	6
9523	5
9524	6
9525	5
9526	776
9527	12
9532	6
9535	6
9538	215
9542	49
9546	119
9548	6
9549	21
9561	172
9563	14
9565	8
9569	6
9571	23
9576	6
9578	8
9581	10
9582	45
9584	40
9586	12
9587	21
9589	298
9591	48
9596	14
9601	7
9604	7
9606	7
9608	16
9610	71
9611	31
9615	7
9617	7
9618	41
9619	10
9620	21
9622	12
9624	9
9625	149
9627	126
9632	11
9633	41
9637	34
9645	5
9647	10
9648	92
9649	6
9652	16
9655	8
9664	6
9666	15
9667	8
9669	271
9673	7
9676	60
9682	5
9688	9
9694	7
9695	17
9698	14
9699	19
9700	5
9701	8
9704	25
9711	18
9716	149
9717	11
9718	5
9719	28
9721	40
9722	9
9724	19
9727	37
9736	7
9738	42
9739	8
9743	13
9745	12
9747	9
9749	7
9751	6
9752	7
9754	7
9757	41
9763	31
9764	47
9766	109
9768	9
9769	6
9770	7
9772	5
9774	8
9776	7
9784	73
9787	5
9788	7
9792	11
9793	12
9796	5
9800	31
9801	9
9802	7
9803	34
9805	35
9808	6
9809	20
9813	74
9814	11
9815	5
9816	14
9817	11
9818	14
9822	35
9823	6
9825	53
9826	6
9827	7
9829	6
9831	7
9832	5
9834	5
9835	8
9838	6
9840	7
9841	7
9844	5
9846	6
9848	16
9849	5
9851	8
9853	9
9855	8
9856	7
9861	5
9862	5
9864	5
9866	24
9870	13
9871	5
9875	40
9884	5
9889	5
9890	120
9895	5
9900	9
9909	10
9911	5
9913	6
9915	31
9920	8
9921	29
9923	6
9924	144
9925	42
9926	97
9932	12
9933	7
9934	34
9938	10
9942	8
9943	6
9944	7
9947	36
9950	6
9951	5
9952	6
9953	9
9957	7
9961	5
9962	65
9964	18
9968	6
9974	1712
9975	15
9976	38
9977	11
9983	16
9992	28
9993	6
9994	6
9995	15
9996	9
9998	19
9999	11
10000	17
10003	8
10004	6
10009	8
10010	5
10018	6
10019	7
10027	8
10028	10
10037	5
10040	8
10041	18
10042	15
10044	7
10045	6
10046	5
10049	5
10053	5
10056	5
