63	6
191	5
331	5
579	10
726	5
733	6
857	7
915	5
1029	9
1108	7
1118	5
1267	6
1331	6
1440	7
1689	6
1828	6
2049	5
2106	6
2157	10
2324	7
2445	5
2446	5
2513	5
2630	7
2931	9
3034	16
3087	6
3294	6
3501	11
3511	7
3568	9
3602	12
3702	16
3711	6
3735	6
3752	6
3774	7
3784	7
3873	15
3931	5
4056	12
4088	5
4127	42
4223	6
4259	7
4852	5
5053	5
5201	5
5208	10
5226	5
5267	32
5294	5
5318	29
5794	9
5866	7
5892	9
5924	6
6166	7
6472	6
6700	18
6711	5
6768	6
6785	5
6844	5
7102	5
7264	5
7266	7
7520	5
7776	10
7986	7
8098	20
8213	13
8380	6
8449	6
8684	15
8769	6
8806	6
8865	55
8969	11
8978	5
8987	5
8995	7
9153	5
9193	9
9230	6
9330	7
9394	7
9526	35
9538	10
9546	5
9561	15
9589	14
9610	5
9611	7
9625	13
9669	13
9803	5
9926	9
