1	5
5	17
7	5
9	40
10	19
23	23
25	9
27	11
30	7
32	12
33	21
34	9
35	5
37	8
40	27
44	9
45	31
48	7
49	6
56	29
58	18
60	17
61	9
63	82
65	25
67	7
68	9
74	9
76	11
78	9
85	6
86	11
88	5
89	10
92	21
97	15
99	12
100	7
101	14
104	6
108	15
112	5
114	16
116	8
122	20
124	6
125	14
126	10
129	5
133	37
134	28
136	16
140	10
141	6
142	7
148	6
149	8
157	7
158	44
161	10
162	26
172	8
173	18
174	13
179	9
182	15
184	51
185	11
187	12
189	21
191	7
201	7
209	12
211	11
216	8
219	6
229	16
231	6
236	6
241	6
243	123
245	10
246	5
249	5
251	12
252	6
254	8
256	8
257	55
258	47
261	6
263	6
264	6
271	13
274	7
279	6
289	5
290	13
292	5
298	5
299	5
303	12
307	8
311	13
312	12
317	7
318	8
320	5
322	14
323	12
324	23
325	5
326	8
328	33
331	5
332	7
333	7
338	8
341	35
342	5
343	5
346	7
347	10
352	7
353	26
355	13
359	53
363	5
366	24
368	5
371	6
379	10
380	17
383	6
384	20
385	23
399	15
400	5
403	5
406	5
407	8
408	19
412	120
414	8
415	23
417	37
418	6
421	11
427	8
432	14
434	5
436	15
447	24
448	12
455	27
456	14
457	6
459	12
462	5
466	8
467	9
469	7
470	16
471	20
475	5
477	11
478	8
483	14
485	6
486	5
489	7
492	7
494	14
499	6
500	12
506	33
507	9
509	21
511	59
513	58
515	5
516	8
518	7
525	18
526	35
527	6
528	12
530	10
531	25
534	87
539	16
540	10
541	8
547	7
552	5
556	6
557	15
558	79
569	5
571	5
575	6
578	11
579	140
582	8
591	38
594	10
604	10
606	14
607	6
608	7
613	14
615	11
619	23
620	22
622	7
626	5
627	9
628	13
629	9
633	32
635	10
640	98
648	16
650	9
651	10
657	12
659	7
666	5
669	5
672	16
673	7
677	22
680	14
684	5
686	9
687	18
691	13
693	6
694	8
698	13
700	9
703	5
705	10
707	38
709	8
710	13
711	7
715	9
716	12
719	26
720	20
721	8
722	9
723	31
726	155
728	5
733	59
734	9
738	5
740	7
742	35
743	5
746	33
753	6
758	75
760	14
763	7
764	9
766	5
768	10
769	5
772	13
785	6
786	5
787	5
791	15
792	12
793	21
801	5
810	8
811	12
812	8
815	5
816	7
821	6
823	6
826	123
830	19
832	7
837	22
841	39
843	8
850	5
855	18
856	5
857	123
862	35
865	21
867	6
873	9
875	16
877	5
878	63
884	5
890	7
892	8
894	22
895	14
905	53
906	5
915	13
917	15
919	5
920	11
922	16
925	16
930	45
936	7
941	5
947	7
948	6
949	9
952	7
953	7
956	7
958	52
969	11
970	7
971	10
972	17
976	30
979	92
981	12
986	18
987	12
991	36
995	16
997	6
998	11
1000	20
1002	11
1004	6
1005	17
1006	6
1009	20
1013	12
1017	31
1021	5
1022	18
1025	13
1027	28
1029	100
1031	21
1036	9
1037	8
1038	7
1040	6
1048	9
1049	5
1052	27
1058	5
1060	5
1061	6
1062	5
1066	11
1067	69
1071	38
1073	6
1074	19
1089	8
1095	8
1097	5
1098	23
1102	14
1107	15
1108	54
1112	5
1118	37
1121	44
1123	7
1124	7
1125	21
1126	21
1128	21
1130	5
1132	291
1138	5
1139	5
1140	5
1143	37
1145	11
1147	15
1152	9
1157	7
1160	27
1161	7
1162	11
1164	7
1166	7
1168	37
1171	14
1174	9
1176	6
1178	12
1180	6
1181	5
1183	12
1186	131
1192	18
1194	8
1196	13
1199	6
1204	16
1206	27
1212	11
1213	66
1215	11
1221	14
1223	7
1225	62
1235	5
1236	31
1238	5
1240	23
1243	9
1246	33
1248	5
1251	5
1252	15
1255	5
1256	17
1261	5
1267	140
1269	5
1273	7
1274	7
1275	5
1281	11
1284	5
1285	8
1290	7
1293	9
1294	16
1295	5
1296	21
1297	13
1298	8
1300	5
1309	9
1310	9
1313	7
1317	5
1320	8
1325	39
1326	6
1328	7
1329	36
1330	5
1331	71
1332	17
1345	5
1349	8
1350	20
1351	7
1353	9
1356	5
1357	14
1359	6
1361	7
1364	22
1365	6
1368	12
1369	35
1370	44
1381	14
1382	72
1383	8
1386	11
1388	44
1389	7
1396	45
1400	7
1405	5
1406	156
1408	164
1409	23
1410	10
1411	8
1412	12
1417	7
1418	5
1420	5
1426	8
1428	7
1430	13
1433	7
1437	17
1439	6
1440	89
1442	7
1447	6
1448	5
1450	13
1451	16
1456	19
1457	10
1463	14
1464	19
1465	8
1467	18
1469	153
1474	5
1475	15
1478	36
1483	25
1486	38
1487	6
1497	6
1499	6
1502	6
1503	6
1504	13
1505	27
1506	12
1507	18
1510	16
1512	33
1515	10
1518	7
1519	5
1520	11
1521	23
1522	15
1527	40
1529	18
1532	18
1534	5
1540	20
1549	5
1550	6
1551	12
1554	36
1555	5
1564	16
1570	7
1572	6
1573	6
1574	14
1576	20
1580	219
1582	7
1583	7
1584	7
1586	11
1588	5
1593	12
1601	5
1602	192
1603	7
1604	24
1608	22
1611	14
1616	32
1618	6
1621	13
1622	12
1629	6
1630	6
1632	50
1633	6
1635	6
1637	14
1638	20
1641	5
1642	94
1644	5
1647	9
1649	7
1654	6
1655	7
1656	13
1657	5
1659	8
1662	12
1663	11
1666	10
1668	10
1672	6
1673	11
1677	14
1679	114
1684	5
1689	69
1692	9
1694	7
1700	17
1702	52
1704	5
1707	38
1713	16
1716	5
1720	9
1724	18
1725	10
1726	5
1730	8
1732	15
1734	7
1735	10
1736	19
1737	6
1739	36
1741	16
1743	6
1744	7
1745	12
1747	25
1748	9
1750	8
1753	15
1755	16
1757	5
1758	6
1759	26
1767	5
1773	5
1774	22
1777	13
1778	7
1780	24
1783	27
1784	11
1787	22
1797	18
1798	8
1805	8
1806	15
1807	12
1810	18
1812	5
1814	14
1815	6
1816	7
1818	10
1822	16
1828	25
1831	11
1832	11
1833	23
1834	22
1835	85
1836	6
1837	5
1840	7
1841	10
1842	30
1843	18
1849	10
1854	20
1859	12
1861	8
1873	6
1875	14
1878	7
1880	9
1882	28
1886	31
1887	10
1890	6
1892	29
1894	26
1897	22
1902	15
1905	88
1910	9
1912	6
1913	7
1919	54
1922	17
1927	43
1929	11
1931	9
1933	10
1937	84
1939	7
1941	18
1943	30
1945	19
1949	15
1953	9
1957	11
1958	67
1960	12
1961	5
1969	8
1977	10
1978	7
1979	5
1980	7
1981	22
1982	6
1985	20
1987	17
1994	9
1995	14
2000	7
2001	10
2003	7
2006	7
2011	15
2012	15
2014	7
2017	5
2019	10
2023	27
2024	14
2026	5
2036	25
2037	7
2038	7
2039	8
2040	7
2046	16
2048	32
2049	57
2054	7
2055	5
2059	25
2061	6
2062	8
2065	9
2069	7
2071	40
2072	5
2074	37
2075	13
2078	18
2089	6
2092	12
2093	7
2096	5
2097	43
2099	11
2102	8
2105	7
2109	7
2117	41
2119	8
2124	5
2128	21
2130	69
2132	16
2135	5
2136	33
2141	11
2142	6
2146	5
2149	14
2150	5
2154	15
2155	44
2157	39
2158	16
2164	43
2167	7
2168	7
2172	21
2175	28
2178	12
2180	5
2182	16
2183	35
2185	10
2186	7
2188	9
2190	26
2191	19
2192	20
2195	13
2200	15
2204	5
2205	10
2212	38
2213	6
2214	6
2216	20
2220	13
2222	12
2226	20
2227	6
2229	8
2230	9
2231	5
2233	5
2234	8
2237	10
2238	12
2239	5
2250	10
2253	7
2257	12
2264	6
2267	28
2270	55
2272	5
2273	10
2274	7
2275	9
2278	9
2284	8
2292	21
2294	5
2297	5
2307	15
2313	6
2318	5
2323	6
2324	79
2326	11
2327	7
2328	10
2330	53
2332	7
2335	17
2347	7
2349	12
2351	102
2353	5
2356	7
2360	13
2363	11
2366	14
2370	17
2375	7
2379	24
2382	12
2386	10
2398	16
2399	5
2412	19
2418	6
2423	9
2425	5
2426	6
2427	37
2432	5
2433	11
2436	7
2438	5
2440	13
2442	6
2445	101
2446	68
2447	7
2448	39
2450	7
2451	16
2456	14
2460	5
2470	6
2473	5
2476	13
2477	51
2478	10
2483	22
2484	41
2493	7
2494	22
2495	14
2499	6
2500	6
2502	13
2504	10
2506	7
2508	12
2513	17
2514	9
2518	20
2521	8
2522	69
2526	43
2527	8
2528	11
2531	103
2532	27
2533	5
2534	8
2540	35
2543	13
2546	29
2547	11
2549	9
2552	5
2556	5
2557	5
2560	42
2561	46
2562	17
2564	10
2569	14
2576	7
2579	8
2580	7
2585	10
2586	6
2589	7
2593	22
2594	6
2596	11
2598	6
2602	5
2603	5
2604	8
2609	5
2613	6
2614	16
2616	73
2617	17
2619	14
2621	24
2622	5
2624	8
2625	48
2630	108
2631	9
2633	20
2636	9
2637	14
2638	9
2640	8
2648	47
2653	5
2656	9
2660	10
2663	10
2665	5
2672	12
2674	7
2678	14
2682	6
2688	7
2689	11
2690	14
2695	69
2696	31
2697	6
2703	9
2704	5
2719	40
2722	38
2723	11
2726	8
2727	8
2728	34
2734	11
2736	15
2739	58
2740	5
2741	9
2742	6
2744	10
2745	7
2746	11
2750	95
2752	5
2755	5
2762	21
2763	12
2764	15
2766	24
2768	63
2774	7
2776	15
2778	18
2782	8
2784	11
2786	10
2787	12
2789	36
2792	10
2794	21
2795	6
2798	10
2799	5
2801	7
2802	6
2819	5
2825	8
2827	7
2828	7
2837	5
2843	6
2850	9
2851	5
2858	7
2861	8
2862	59
2863	5
2864	25
2867	8
2871	11
2873	6
2874	11
2875	12
2878	90
2881	12
2883	23
2884	14
2886	8
2887	7
2888	16
2892	5
2894	32
2895	11
2896	31
2899	8
2902	12
2905	7
2908	5
2910	11
2914	23
2915	12
2917	47
2918	7
2923	6
2924	8
2926	8
2929	12
2931	71
2932	20
2933	9
2934	7
2937	40
2939	8
2943	21
2946	12
2950	12
2951	22
2953	7
2954	5
2955	104
2962	9
2965	15
2968	81
2972	15
2973	53
2974	12
2976	11
2977	13
2984	5
2988	8
2989	6
2990	63
2993	19
2994	6
2995	14
2997	28
2999	12
3003	18
3004	6
3006	106
3008	8
3009	27
3012	10
3020	8
3023	7
3025	22
3027	10
3029	5
3032	18
3033	5
3034	256
3035	5
3038	23
3041	15
3045	16
3047	18
3050	8
3056	7
3058	5
3062	9
3064	7
3068	21
3075	32
3077	15
3079	9
3081	22
3082	34
3083	8
3087	82
3089	8
3090	6
3091	88
3092	25
3094	16
3095	46
3100	55
3103	7
3104	6
3106	16
3107	8
3109	54
3110	15
3112	5
3114	5
3116	7
3120	8
3126	5
3127	5
3128	17
3131	5
3140	18
3142	21
3143	9
3148	27
3152	5
3154	15
3155	17
3166	5
3167	6
3168	13
3173	13
3174	8
3181	13
3182	98
3191	118
3195	5
3196	13
3198	7
3199	27
3205	14
3206	31
3211	35
3213	47
3214	9
3215	41
3218	8
3221	6
3223	11
3226	7
3228	33
3232	59
3233	7
3235	8
3238	10
3242	18
3247	5
3250	5
3251	5
3259	8
3266	30
3273	68
3275	16
3278	12
3280	12
3284	23
3289	16
3291	31
3292	5
3294	161
3296	6
3303	5
3305	27
3308	5
3311	10
3312	8
3314	6
3315	8
3319	11
3321	8
3335	39
3337	5
3340	79
3342	8
3349	59
3350	5
3353	9
3359	31
3362	5
3366	6
3372	12
3373	5
3381	11
3384	11
3385	7
3386	13
3389	15
3391	5
3392	172
3395	5
3400	5
3401	7
3405	171
3406	5
3408	5
3409	10
3411	5
3418	12
3425	37
3428	30
3431	7
3432	7
3434	6
3436	6
3443	5
3449	36
3452	13
3460	6
3462	5
3467	5
3473	5
3474	9
3476	12
3477	6
3485	16
3487	15
3488	5
3490	26
3491	5
3493	5
3497	12
3501	260
3503	14
3504	5
3511	143
3516	6
3517	5
3518	41
3521	14
3524	26
3533	14
3535	5
3543	10
3544	7
3549	17
3554	5
3559	8
3560	16
3562	8
3563	6
3566	5
3568	127
3571	16
3575	12
3576	16
3579	34
3584	12
3589	7
3592	22
3594	6
3596	8
3600	5
3602	57
3603	5
3605	6
3606	5
3610	6
3612	11
3615	15
3619	17
3621	10
3626	7
3630	73
3631	5
3632	16
3634	9
3636	6
3638	5
3641	5
3643	8
3647	5
3652	18
3658	34
3663	7
3664	9
3665	6
3667	7
3672	9
3677	35
3678	12
3683	10
3686	6
3687	17
3688	66
3690	5
3691	27
3693	9
3698	6
3701	8
3702	113
3706	6
3709	5
3710	5
3711	72
3712	17
3714	15
3718	7
3724	26
3726	8
3728	13
3730	12
3731	7
3733	8
3735	206
3737	5
3739	6
3740	7
3743	5
3744	8
3745	10
3747	46
3752	247
3755	7
3757	10
3763	78
3764	6
3765	22
3767	9
3773	5
3774	71
3776	6
3784	47
3787	88
3790	45
3795	6
3796	5
3800	8
3805	6
3806	43
3809	16
3811	5
3812	46
3820	5
3821	102
3822	181
3836	145
3840	7
3848	13
3858	10
3869	9
3871	5
3872	23
3873	150
3874	6
3879	7
3881	47
3886	7
3888	5
3889	6
3891	6
3893	5
3897	9
3900	93
3901	8
3906	7
3907	13
3910	6
3911	27
3913	15
3914	70
3915	40
3916	8
3917	64
3925	17
3930	19
3933	7
3938	6
3940	5
3943	13
3947	7
3959	7
3962	9
3966	19
3969	5
3970	99
3974	5
3982	5
3984	99
3985	9
3989	20
3997	11
3998	19
4004	19
4005	9
4006	12
4008	27
4012	11
4016	22
4017	61
4018	5
4021	6
4022	7
4023	9
4026	5
4027	8
4028	10
4039	5
4040	15
4041	18
4044	43
4046	13
4047	21
4048	45
4053	10
4056	190
4060	7
4061	7
4065	12
4066	23
4069	5
4070	19
4071	10
4076	13
4078	16
4079	8
4080	12
4083	5
4087	25
4088	129
4094	12
4097	7
4098	5
4099	13
4100	16
4102	75
4105	73
4111	125
4113	97
4114	5
4116	9
4120	6
4121	48
4122	20
4123	5
4124	9
4127	6706
4131	19
4133	11
4135	18
4136	24
4138	16
4142	23
4143	6
4144	9
4145	6
4147	11
4152	13
4155	7
4162	37
4163	9
4165	7
4166	5
4169	9
4172	8
4175	10
4180	6
4184	9
4193	6
4197	6
4205	51
4209	12
4212	8
4213	18
4214	12
4215	57
4216	6
4222	9
4223	30
4227	65
4229	9
4234	6
4235	15
4239	15
4242	6
4246	8
4248	30
4249	8
4250	7
4259	119
4260	12
4261	11
4262	17
4263	6
4271	11
4273	8
4281	33
4283	5
4284	18
4286	9
4294	6
4297	12
4298	17
4302	5
4304	25
4305	5
4310	8
4312	7
4316	11
4324	5
4325	7
4326	21
4329	9
4332	5
4333	5
4337	9
4338	7
4339	6
4342	6
4345	9
4347	14
4351	41
4352	6
4354	5
4356	41
4365	7
4366	43
4367	12
4374	5
4377	26
4381	5
4391	5
4392	7
4395	39
4398	14
4399	15
4403	35
4408	12
4412	7
4414	12
4416	9
4417	6
4419	13
4420	12
4421	9
4425	9
4426	24
4433	5
4434	5
4438	12
4441	7
4446	38
4447	18
4452	8
4456	34
4458	63
4459	5
4463	27
4465	6
4466	10
4479	5
4481	10
4491	11
4492	5
4493	8
4494	6
4502	16
4504	13
4505	9
4506	10
4508	8
4518	7
4520	5
4522	10
4527	53
4535	6
4540	10
4541	5
4550	28
4554	5
4557	7
4558	5
4559	31
4562	5
4567	11
4569	12
4574	9
4581	5
4587	6
4588	5
4590	6
4596	7
4598	45
4599	10
4600	30
4601	7
4602	6
4603	18
4604	25
4608	8
4610	12
4611	6
4624	5
4627	12
4631	8
4632	11
4633	12
4636	5
4638	5
4642	291
4644	24
4649	5
4653	42
4656	7
4658	5
4659	30
4660	11
4661	38
4664	8
4666	5
4667	8
4669	5
4675	6
4677	11
4679	5
4680	20
4686	7
4689	8
4690	11
4692	6
4694	8
4696	7
4699	15
4703	15
4709	6
4716	13
4723	13
4731	11
4733	56
4735	29
4737	28
4741	6
4745	5
4747	7
4748	5
4753	9
4757	9
4764	13
4765	5
4767	12
4768	6
4771	12
4772	6
4776	5
4777	8
4786	6
4788	8
4798	11
4805	6
4810	5
4824	8
4830	7
4837	5
4840	35
4846	108
4849	6
4852	71
4854	14
4855	7
4857	8
4861	48
4862	19
4863	5
4864	31
4875	23
4876	7
4877	31
4881	7
4885	5
4887	6
4890	6
4894	6
4896	32
4897	34
4901	5
4902	7
4907	11
4911	7
4914	9
4915	5
4924	14
4926	9
4936	5
4943	8
4952	6
4957	13
4963	47
4964	13
4965	8
4970	6
4973	73
4975	20
4978	9
4986	10
4991	5
4993	14
4998	12
5002	9
5005	11
5009	6
5018	82
5021	14
5022	10
5026	14
5028	5
5029	37
5030	6
5031	27
5032	7
5035	9
5037	7
5041	8
5045	17
5053	18
5056	8
5058	12
5060	7
5061	6
5062	35
5064	12
5065	11
5068	15
5073	9
5074	63
5076	6
5077	87
5078	5
5079	17
5081	5
5083	5
5086	61
5087	9
5090	26
5091	6
5092	18
5093	12
5094	6
5096	8
5103	7
5104	6
5108	5
5116	7
5121	8
5122	9
5124	17
5125	5
5128	6
5129	5
5139	11
5140	6
5141	21
5142	9
5143	7
5145	6
5146	6
5147	11
5149	67
5150	5
5151	5
5153	24
5156	8
5159	5
5160	55
5163	22
5172	5
5174	8
5175	31
5176	11
5181	102
5184	22
5187	11
5188	8
5194	6
5196	5
5197	6
5198	19
5199	78
5200	13
5201	53
5208	179
5212	9
5221	13
5224	7
5226	204
5232	25
5233	14
5234	13
5239	12
5240	11
5241	11
5242	5
5243	9
5249	9
5252	12
5253	6
5254	23
5255	11
5256	8
5260	12
5261	13
5262	5
5263	8
5264	6
5267	395
5278	13
5282	8
5285	10
5291	10
5296	29
5298	33
5299	6
5300	6
5301	48
5303	88
5307	7
5309	14
5316	32
5318	670
5328	8
5332	22
5333	10
5338	6
5339	5
5344	79
5351	23
5352	25
5365	82
5370	7
5372	6
5373	7
5374	5
5375	9
5377	10
5380	9
5381	6
5382	22
5383	13
5389	19
5391	13
5396	64
5403	136
5405	5
5406	6
5412	16
5415	33
5417	5
5422	11
5423	8
5426	7
5430	27
5433	7
5434	16
5441	10
5443	57
5444	9
5448	44
5458	101
5460	106
5465	5
5472	14
5476	22
5480	13
5482	8
5484	9
5487	17
5499	5
5500	5
5502	14
5504	72
5505	5
5506	6
5512	7
5513	25
5514	14
5515	9
5516	7
5522	13
5526	10
5534	5
5535	10
5539	6
5541	8
5544	10
5548	22
5550	14
5551	5
5553	15
5554	5
5559	8
5561	30
5569	11
5574	5
5576	70
5582	14
5589	6
5591	7
5598	7
5599	5
5604	13
5606	17
5608	12
5609	11
5616	49
5617	6
5618	5
5629	10
5632	93
5633	15
5644	7
5649	10
5651	17
5654	7
5655	40
5657	5
5659	9
5660	18
5663	5
5664	9
5665	6
5670	6
5671	5
5672	11
5673	17
5675	6
5677	51
5682	5
5683	5
5687	11
5691	13
5693	5
5695	10
5697	5
5698	14
5700	18
5702	12
5703	6
5708	32
5710	5
5713	5
5722	6
5724	15
5725	22
5727	13
5729	14
5730	47
5737	24
5738	5
5741	13
5742	7
5746	30
5747	17
5748	6
5750	10
5754	6
5758	15
5764	5
5766	29
5768	69
5771	30
5773	11
5782	5
5783	59
5787	5
5789	8
5791	6
5794	185
5797	11
5798	5
5802	11
5808	11
5813	5
5814	5
5820	8
5823	17
5825	16
5827	13
5833	6
5834	13
5836	6
5839	30
5840	48
5844	27
5846	27
5852	6
5854	53
5855	31
5856	44
5858	8
5859	7
5861	8
5864	62
5865	7
5866	67
5874	13
5877	69
5883	23
5887	37
5890	10
5892	211
5909	27
5911	13
5919	11
5920	20
5921	83
5922	10
5923	12
5924	62
5929	8
5932	5
5939	21
5940	42
5942	15
5943	47
5945	6
5963	9
5965	8
5967	5
5969	46
5970	10
5972	140
5974	7
5977	5
5978	7
5985	6
5988	7
5992	7
6001	6
6003	19
6009	23
6012	25
6015	6
6022	16
6025	19
6035	11
6043	24
6044	5
6045	6
6048	32
6053	6
6058	17
6065	5
6071	9
6073	9
6083	9
6084	10
6085	11
6098	6
6099	6
6100	9
6104	16
6106	6
6107	16
6108	5
6111	5
6114	7
6119	66
6122	133
6124	29
6126	9
6128	6
6131	8
6133	24
6139	9
6146	79
6149	10
6150	7
6152	8
6156	5
6161	9
6166	314
6167	5
6170	6
6171	6
6175	16
6181	6
6182	5
6191	5
6193	8
6195	21
6207	14
6209	15
6214	26
6222	5
6223	6
6224	5
6233	10
6239	18
6242	24
6243	11
6250	6
6254	22
6257	20
6264	20
6266	72
6271	9
6273	6
6275	5
6278	8
6282	6
6287	30
6291	9
6295	5
6301	1427
6304	777
6306	5
6309	8
6310	7
6315	12
6318	8
6319	15
6321	8
6332	6
6335	17
6338	73
6339	25
6340	5
6342	7
6343	5
6344	16
6345	45
6346	59
6349	8
6350	9
6353	8
6361	5
6362	8
6363	5
6364	5
6368	19
6370	14
6373	6
6380	5
6384	5
6385	7
6386	7
6394	18
6396	90
6398	10
6399	32
6407	9
6408	6
6422	5
6424	10
6426	10
6429	5
6434	8
6436	11
6439	6
6440	10
6444	17
6446	5
6451	8
6458	23
6469	10
6471	5
6472	91
6473	8
6474	13
6475	11
6479	12
6481	6
6486	10
6489	13
6491	7
6492	32
6497	11
6499	11
6511	6
6517	8
6518	12
6526	12
6532	5
6540	5
6543	7
6548	12
6549	5
6551	9
6554	7
6557	23
6558	11
6559	29
6562	31
6563	9
6565	22
6566	14
6567	10
6569	5
6570	6
6576	6
6578	5
6582	8
6583	15
6588	19
6593	30
6594	5
6600	5
6604	12
6607	29
6608	6
6609	274
6611	9
6617	10
6618	44
6619	103
6622	11
6625	40
6628	8
6631	39
6641	14
6642	6
6644	7
6646	10
6651	6
6654	18
6661	41
6665	5
6666	9
6668	6
6669	6
6671	19
6675	10
6677	7
6682	7
6686	12
6692	8
6693	8
6696	42
6700	301
6701	6
6702	5
6706	7
6711	64
6713	47
6716	12
6717	6
6723	10
6725	85
6726	5
6733	32
6741	6
6742	7
6744	7
6745	7
6759	7
6760	5
6764	6
6765	6
6768	76
6769	152
6772	7
6773	15
6778	7
6781	9
6783	5
6784	7
6785	225
6787	45
6791	6
6794	59
6795	14
6796	30
6797	7
6798	16
6799	6
6803	6
6807	10
6814	5
6817	18
6828	8
6829	5
6833	6
6834	65
6838	8
6843	14
6844	131
6847	44
6848	8
6849	19
6851	7
6855	6
6856	9
6859	134
6861	21
6864	8
6865	13
6866	6
6868	76
6870	118
6874	9
6875	5
6878	13
6880	11
6881	66
6885	11
6888	10
6891	7
6894	56
6902	15
6905	19
6906	5
6907	47
6920	23
6922	30
6923	5
6926	6
6931	7
6933	5
6937	26
6940	20
6941	159
6945	9
6948	5
6949	5
6950	5
6955	55
6957	7
6959	36
6961	5
6962	11
6963	16
6969	5
6970	21
6971	12
6972	20
6976	11
6979	12
6982	8
6983	11
6986	7
6987	12
6991	44
6992	9
6994	20
6997	8
6998	96
7000	5
7006	15
7009	12
7011	8
7013	5
7015	8
7017	13
7019	10
7022	6
7026	9
7029	11
7030	10
7031	35
7032	11
7037	11
7038	39
7039	7
7040	7
7041	33
7042	6
7043	5
7045	14
7046	13
7047	23
7048	5
7051	10
7052	5
7053	14
7057	7
7058	6
7060	5
7063	13
7070	5
7071	34
7072	10
7075	9
7078	56
7087	10
7089	24
7090	61
7094	8
7095	6
7102	28
7106	10
7107	18
7108	9
7110	5
7115	12
7116	11
7117	9
7119	12
7120	5
7121	9
7122	6
7124	11
7128	102
7131	6
7137	6
7138	6
7139	6
7142	9
7146	6
7147	5
7148	6
7149	5
7158	5
7163	8
7164	7
7166	36
7169	48
7172	32
7174	7
7175	12
7178	34
7180	8
7182	5
7185	7
7191	18
7194	5
7197	7
7199	6
7204	33
7210	8
7213	6
7215	16
7221	9
7223	14
7228	17
7232	100
7233	5
7235	21
7239	12
7240	10
7242	6
7243	13
7244	7
7248	9
7251	32
7252	11
7256	18
7259	7
7262	83
7264	68
7266	127
7271	10
7272	32
7275	5
7279	51
7281	13
7288	9
7289	14
7297	6
7298	34
7301	5
7304	51
7317	9
7321	11
7323	13
7325	5
7326	5
7332	5
7334	5
7337	10
7338	12
7340	5
7342	16
7343	5
7344	12
7345	5
7348	17
7349	27
7351	16
7352	21
7358	7
7362	10
7365	124
7367	24
7368	9
7370	8
7376	9
7379	7
7381	10
7383	9
7385	13
7386	33
7389	9
7390	6
7391	5
7395	12
7399	20
7400	6
7403	10
7404	5
7406	5
7407	8
7408	20
7409	7
7410	22
7411	22
7412	60
7414	6
7415	15
7417	10
7418	5
7424	5
7425	11
7426	10
7427	5
7437	50
7451	14
7453	6
7456	7
7461	13
7462	18
7463	9
7465	15
7470	5
7471	27
7475	15
7486	24
7489	17
7492	17
7493	7
7494	11
7503	12
7510	8
7518	6
7520	29
7522	13
7523	14
7526	12
7527	8
7528	30
7533	14
7534	12
7535	5
7538	6
7540	5
7541	7
7543	86
7545	15
7546	42
7552	8
7557	21
7561	12
7562	7
7563	31
7569	6
7574	7
7578	5
7579	9
7581	97
7583	16
7592	15
7594	9
7601	7
7604	5
7606	7
7607	18
7610	9
7613	7
7614	8
7618	10
7619	7
7620	6
7621	300
7629	15
7634	19
7635	14
7637	8
7638	114
7641	7
7645	8
7647	13
7649	6
7651	5
7655	5
7656	5
7659	5
7660	11
7664	10
7669	6
7671	49
7676	25
7678	5
7681	7
7682	5
7685	10
7686	6
7690	15
7691	30
7692	5
7693	10
7696	7
7697	5
7699	6
7708	7
7709	5
7713	8
7714	16
7724	5
7725	7
7735	13
7739	26
7741	5
7742	8
7743	42
7748	8
7752	11
7753	6
7756	6
7759	27
7761	11
7766	27
7770	8
7776	184
7782	10
7788	5
7789	21
7790	8
7797	9
7798	8
7799	14
7800	31
7808	6
7809	5
7810	6
7815	7
7817	18
7819	61
7820	24
7827	12
7828	5
7830	6
7832	14
7840	14
7842	31
7844	6
7845	23
7846	11
7851	6
7852	51
7854	9
7855	14
7859	5
7861	6
7866	12
7868	20
7870	26
7873	14
7874	68
7879	6
7882	27
7885	5
7886	7
7889	6
7892	7
7896	8
7901	11
7902	5
7906	8
7912	9
7913	29
7921	14
7923	6
7933	9
7948	10
7950	13
7954	9
7955	8
7956	31
7957	8
7963	14
7964	30
7966	78
7967	14
7968	92
7970	8
7971	33
7977	60
7979	8
7980	14
7983	15
7986	228
7988	11
7990	5
7993	5
7998	35
8006	14
8008	43
8010	36
8012	7
8014	10
8015	7
8017	41
8018	5
8021	7
8026	12
8031	15
8032	17
8033	13
8037	24
8040	39
8041	7
8042	29
8046	5
8050	9
8053	20
8054	57
8055	20
8057	15
8060	14
8061	6
8064	23
8068	6
8072	8
8073	6
8074	13
8079	18
8081	39
8082	7
8084	6
8086	6
8095	11
8098	120
8099	16
8104	107
8105	10
8107	7
8108	7
8120	25
8122	6
8129	6
8130	40
8134	12
8137	7
8142	25
8143	5
8144	57
8145	42
8148	18
8149	5
8150	60
8152	7
8157	9
8160	13
8162	10
8165	5
8187	53
8189	6
8190	7
8192	8
8194	10
8197	59
8202	15
8205	14
8208	8
8213	127
8217	39
8218	81
8221	8
8222	8
8225	9
8227	6
8229	12
8230	14
8232	5
8237	8
8238	5
8240	9
8241	6
8242	21
8243	17
8246	49
8248	10
8249	25
8250	5
8251	14
8252	24
8261	9
8262	10
8263	27
8268	17
8276	28
8279	35
8282	5
8287	9
8289	7
8291	9
8293	25
8294	15
8298	8
8299	5
8304	13
8307	8
8308	5
8312	8
8317	9
8321	50
8322	5
8324	38
8325	6
8329	7
8331	20
8337	6
8338	7
8339	293
8340	5
8342	6
8345	9
8348	10
8350	7
8351	126
8358	8
8359	7
8360	11
8361	37
8363	16
8364	5
8368	41
8369	25
8370	5
8375	40
8376	89
8377	5
8380	149
8383	12
8384	5
8387	7
8388	10
8389	19
8391	68
8393	10
8394	6
8395	79
8399	6
8400	9
8402	10
8404	7
8408	27
8410	9
8413	6
8416	7
8425	5
8426	12
8427	16
8439	10
8440	12
8441	7
8443	8
8445	8
8449	143
8451	77
8452	62
8453	12
8455	25
8459	6
8462	40
8466	9
8467	6
8476	10
8477	5
8479	110
8483	8
8484	21
8485	5
8489	5
8491	7
8496	5
8497	23
8503	9
8506	28
8507	7
8508	34
8509	32
8510	59
8513	37
8518	7
8520	22
8522	8
8524	7
8525	47
8527	6
8528	7
8532	6
8533	76
8535	24
8536	43
8539	5
8544	7
8547	13
8549	12
8552	18
8555	13
8556	7
8558	15
8559	6
8560	23
8562	24
8565	5
8569	9
8570	12
8571	9
8573	55
8575	5
8585	9
8586	39
8587	28
8588	7
8593	5
8594	15
8599	11
8601	5
8602	16
8605	8
8616	12
8624	17
8625	12
8626	10
8630	44
8631	7
8647	7
8651	6
8652	6
8653	5
8663	11
8664	8
8665	10
8666	5
8669	22
8672	13
8674	8
8676	5
8683	25
8684	164
8685	5
8687	9
8689	5
8693	7
8697	6
8699	8
8701	10
8703	11
8704	16
8710	29
8717	24
8718	5
8719	8
8720	12
8721	9
8722	9
8724	9
8726	6
8727	10
8738	5
8739	27
8740	34
8741	25
8743	74
8744	5
8750	7
8752	18
8755	27
8757	10
8760	33
8761	11
8765	13
8766	7
8767	7
8769	8
8777	6
8781	14
8792	14
8793	42
8794	6
8796	9
8797	5
8803	37
8804	9
8806	67
8809	6
8810	8
8811	9
8812	6
8813	10
8816	5
8817	23
8818	5
8820	31
8821	36
8828	6
8832	38
8838	9
8842	5
8843	8
8850	5
8858	6
8860	15
8863	8
8865	1292
8866	6
8872	6
8879	59
8880	6
8881	5
8884	7
8887	87
8888	6
8894	6
8897	16
8899	27
8902	12
8908	8
8909	27
8910	15
8911	5
8912	41
8915	9
8920	22
8922	18
8923	35
8933	7
8934	7
8941	7
8943	21
8944	36
8947	5
8952	6
8953	7
8954	8
8956	9
8958	6
8961	7
8963	5
8965	7
8969	426
8970	6
8973	7
8974	6
8978	49
8981	17
8987	112
8988	5
8989	5
8991	5
8993	10
8995	221
9001	6
9010	68
9013	11
9018	8
9019	26
9021	5
9025	5
9026	6
9028	33
9030	21
9032	12
9034	30
9035	7
9037	24
9038	31
9039	7
9040	7
9045	23
9046	31
9049	16
9054	71
9055	6
9061	5
9062	6
9064	15
9065	7
9066	14
9068	5
9072	18
9078	17
9079	5
9080	15
9083	12
9088	6
9089	5
9093	15
9095	7
9103	36
9104	8
9109	5
9110	5
9116	10
9117	10
9120	12
9121	61
9124	7
9126	28
9128	26
9130	16
9141	11
9144	65
9145	8
9148	24
9149	6
9153	70
9155	5
9165	45
9168	9
9175	117
9180	61
9181	5
9183	14
9184	5
9187	7
9189	5
9193	93
9201	26
9202	7
9208	7
9210	5
9212	5
9215	5
9218	5
9219	6
9220	6
9223	6
9224	7
9225	28
9230	20
9232	12
9238	7
9240	12
9242	10
9249	5
9253	9
9262	12
9265	41
9267	6
9271	5
9277	5
9282	6
9285	45
9291	11
9293	25
9312	6
9314	5
9315	10
9320	8
9323	16
9324	6
9328	5
9329	6
9330	63
9331	10
9333	6
9340	24
9344	9
9346	10
9347	13
9348	6
9357	6
9361	5
9365	18
9371	9
9375	13
9376	8
9384	5
9390	6
9394	193
9396	8
9397	11
9408	5
9410	12
9420	10
9423	10
9424	7
9429	7
9433	5
9434	8
9435	9
9441	6
9442	7
9444	6
9445	71
9448	39
9453	48
9458	7
9460	9
9466	18
9467	6
9473	5
9474	39
9475	5
9484	5
9486	5
9488	6
9493	23
9498	6
9499	6
9500	406
9503	43
9505	8
9506	6
9508	5
9509	12
9510	18
9511	8
9525	6
9526	640
9538	215
9542	53
9546	118
9549	20
9550	5
9553	5
9561	110
9562	5
9563	13
9564	6
9567	29
9571	26
9572	5
9575	12
9576	9
9581	7
9582	16
9584	45
9586	7
9587	28
9588	8
9589	178
9591	23
9596	9
9600	6
9601	7
9603	5
9608	11
9610	77
9611	19
9615	5
9617	11
9618	24
9620	18
9622	12
9624	11
9625	167
9627	62
9628	9
9632	13
9633	31
9637	51
9641	7
9645	11
9648	38
9652	9
9653	8
9655	8
9657	7
9658	5
9666	7
9669	305
9672	5
9674	5
9676	72
9680	5
9681	6
9695	6
9699	25
9701	7
9702	5
9704	20
9711	12
9712	7
9714	5
9715	6
9716	71
9719	18
9721	43
9722	9
9724	15
9727	36
9733	9
9736	6
9738	28
9743	9
9752	7
9753	11
9756	6
9757	21
9762	7
9763	41
9764	43
9766	54
9769	12
9770	8
9776	5
9784	81
9788	18
9792	17
9793	10
9800	26
9801	18
9803	22
9805	23
9809	26
9813	83
9817	10
9821	5
9822	37
9823	9
9824	8
9825	60
9826	11
9827	8
9828	8
9832	13
9833	15
9834	5
9835	5
9837	5
9838	8
9843	7
9844	5
9849	5
9853	6
9854	6
9859	6
9864	5
9866	29
9870	9
9873	5
9879	6
9880	5
9883	5
9884	6
9885	5
9888	5
9890	82
9896	6
9900	11
9901	20
9903	21
9909	14
9915	29
9920	6
9924	141
9925	26
9926	78
9932	12
9933	6
9934	39
9935	65
9938	10
9947	39
9951	5
9957	6
9959	12
9961	5
9962	47
9964	23
9966	6
9970	5
9974	1441
9975	15
9976	34
9979	6
9983	9
9992	19
9996	8
9998	17
9999	14
10000	13
10003	5
10005	5
10017	5
10031	8
10034	5
10036	7
10038	5
10041	14
10043	7
10046	7
10049	5
10052	5
10053	5
