56	6
63	12
133	5
134	5
158	13
194	5
237	15
243	10
319	6
324	11
511	9
532	18
534	5
558	14
579	25
613	5
707	6
720	5
723	6
726	23
733	15
758	6
811	5
826	13
857	12
878	21
883	27
905	8
926	12
958	7
976	6
991	5
1000	5
1017	14
1029	14
1031	5
1067	11
1071	7
1108	9
1118	7
1132	96
1225	7
1236	9
1265	5
1267	19
1274	5
1341	5
1357	6
1382	15
1422	7
1469	29
1512	5
1527	5
1540	5
1580	13
1602	9
1632	8
1677	6
1679	5
1689	26
1810	5
1835	15
1905	6
1937	10
1958	8
1981	5
2049	11
2059	10
2074	10
2110	12
2127	7
2130	13
2157	15
2164	9
2212	8
2324	6
2330	7
2445	16
2446	9
2477	6
2531	6
2561	9
2616	10
2630	9
2707	13
2719	5
2750	8
2789	8
2815	5
2870	5
2893	6
2917	10
2931	11
2937	11
2955	6
2968	9
2971	6
2973	10
2974	5
3006	9
3034	38
3047	5
3087	7
3091	9
3092	5
3100	6
3140	5
3181	5
3182	27
3191	13
3211	5
3273	12
3278	5
3294	14
3335	5
3340	9
3392	40
3501	52
3511	17
3568	24
3576	5
3602	24
3658	10
3702	25
3711	9
3735	26
3752	23
3763	9
3774	14
3790	5
3812	5
3821	12
3822	38
3836	25
3837	5
3873	37
3900	11
3914	8
3915	7
3917	13
3925	5
3970	5
3984	7
4017	10
4041	6
4044	6
4056	26
4088	10
4102	11
4111	13
4113	6
4127	339
4169	5
4175	5
4184	9
4223	10
4227	20
4247	5
4248	6
4259	31
4271	6
4426	5
4458	9
4461	7
4464	5
4515	8
4642	7
4653	5
4686	7
4733	7
4734	5
4735	22
4737	19
4826	8
4846	8
4852	15
4864	6
4870	6
4872	7
4897	32
4899	5
4901	6
4973	9
4987	5
5018	10
5029	8
5074	10
5077	10
5086	6
5096	6
5100	6
5103	5
5127	8
5153	15
5163	7
5188	9
5194	5
5199	9
5208	17
5226	13
5232	5
5240	18
5241	12
5242	7
5243	7
5267	117
5298	8
5301	7
5303	10
5318	107
5344	15
5352	5
5396	11
5460	10
5513	7
5522	6
5530	7
5606	6
5631	7
5632	10
5648	5
5659	5
5660	5
5689	7
5698	7
5700	5
5737	10
5766	8
5768	5
5771	9
5783	11
5792	7
5794	21
5810	12
5811	5
5854	13
5861	5
5864	40
5866	15
5877	10
5892	50
5920	5
5921	13
5924	11
5938	5
5943	15
6003	6
6009	6
6074	5
6146	18
6158	9
6166	38
6266	9
6301	75
6304	9
6390	9
6607	6
6618	7
6625	7
6631	5
6671	5
6700	39
6711	9
6725	9
6768	8
6769	7
6785	16
6787	6
6794	11
6844	7
6847	6
6859	29
6861	5
6870	11
6922	6
6941	17
6955	6
6959	21
6998	21
7031	8
7102	7
7116	6
7128	23
7166	5
7189	9
7190	7
7262	5
7264	8
7266	17
7272	7
7279	8
7349	7
7351	5
7365	6
7367	5
7425	5
7471	5
7520	6
7543	15
7581	5
7621	30
7638	6
7671	6
7704	5
7743	8
7748	5
7759	5
7776	14
7819	5
7827	6
7852	5
7913	5
7968	6
7977	5
7986	22
7998	6
8008	5
8010	6
8042	6
8054	7
8098	34
8103	5
8104	13
8142	5
8144	21
8213	18
8217	9
8218	10
8227	6
8246	5
8268	6
8276	6
8291	5
8351	11
8380	23
8395	15
8449	22
8452	6
8462	5
8520	9
8533	12
8624	10
8684	31
8743	6
8768	7
8806	19
8810	5
8817	6
8865	138
8879	16
8887	11
8923	5
8944	7
8969	36
8978	9
8987	23
8995	24
9072	6
9103	5
9121	7
9126	7
9128	6
9153	16
9165	8
9175	14
9179	6
9193	9
9201	6
9242	5
9265	6
9330	13
9394	34
9445	24
9493	6
9526	93
9538	22
9542	5
9546	12
9561	27
9589	29
9610	8
9611	14
9625	17
9627	7
9637	8
9669	37
9676	5
9700	9
9716	15
9738	6
9757	6
9764	11
9766	17
9784	11
9813	12
9825	7
9890	32
9924	20
9925	11
9926	12
9931	7
9935	20
9962	9
9974	20
9983	9
10000	7
10001	9
10014	5
