23	8
56	5
63	5
65	7
73	6
158	11
161	8
162	6
208	5
243	19
258	5
261	9
303	6
341	8
351	7
353	11
384	5
412	12
455	63
471	6
511	16
513	18
531	7
534	30
557	7
558	23
579	22
605	7
606	11
640	20
673	5
710	8
726	30
733	16
742	8
758	13
826	18
841	6
845	7
857	19
862	8
878	13
895	7
905	8
915	12
930	5
940	17
958	7
976	14
979	9
991	8
1005	7
1017	10
1029	21
1031	5
1058	7
1066	6
1067	14
1071	7
1102	5
1108	10
1118	10
1120	5
1125	6
1127	7
1143	12
1147	6
1155	24
1168	8
1186	6
1189	7
1192	5
1213	6
1225	6
1236	7
1240	6
1246	8
1267	27
1309	12
1325	11
1331	22
1369	5
1370	8
1382	19
1396	10
1406	8
1408	39
1415	7
1437	10
1440	18
1469	12
1475	22
1478	7
1505	6
1512	12
1514	5
1527	9
1545	5
1554	6
1564	16
1580	43
1602	10
1630	12
1632	8
1642	18
1653	5
1656	6
1673	10
1679	11
1689	17
1702	6
1707	5
1724	7
1732	5
1736	5
1739	6
1783	15
1797	6
1834	5
1835	11
1842	5
1857	8
1875	7
1878	5
1882	6
1894	6
1897	5
1905	10
1937	13
1958	7
1981	9
1989	9
2003	5
2049	13
2050	5
2057	6
2071	15
2074	12
2097	13
2103	5
2130	5
2142	10
2157	7
2190	10
2212	6
2217	6
2248	5
2252	13
2267	5
2284	6
2307	5
2324	11
2330	6
2351	8
2402	11
2409	10
2412	8
2445	15
2446	13
2448	13
2464	6
2477	19
2484	7
2502	43
2522	10
2531	29
2532	7
2537	6
2540	6
2546	11
2561	7
2616	15
2621	8
2625	12
2630	14
2663	6
2690	16
2709	5
2715	10
2719	17
2730	5
2736	6
2750	22
2764	9
2768	15
2878	8
2896	6
2914	14
2917	9
2931	8
2955	27
2965	6
2968	17
2973	7
2996	5
3006	12
3034	64
3038	5
3068	5
3075	10
3081	7
3087	15
3091	12
3095	20
3100	7
3106	6
3161	26
3182	28
3191	22
3199	14
3210	10
3213	6
3215	7
3228	10
3232	12
3273	7
3278	6
3284	6
3289	7
3294	52
3305	5
3335	7
3340	20
3349	11
3392	46
3405	9
3414	7
3418	15
3425	8
3490	8
3501	59
3511	28
3525	21
3566	5
3568	33
3577	9
3592	6
3602	13
3615	6
3616	43
3658	7
3702	50
3711	9
3713	6
3735	28
3747	6
3752	35
3763	10
3765	5
3774	13
3790	27
3806	17
3821	16
3822	41
3836	14
3848	67
3858	5
3873	36
3881	9
3900	23
3907	5
3914	12
3915	7
3917	10
3943	21
3970	11
3972	7
3984	18
3997	5
3998	15
4017	12
4041	8
4042	6
4044	7
4056	67
4066	7
4070	5
4081	7
4088	26
4102	9
4111	31
4113	24
4122	5
4127	1082
4152	6
4162	11
4205	10
4223	7
4235	6
4259	41
4260	7
4271	5
4329	27
4330	7
4332	34
4333	31
4356	14
4366	5
4426	5
4456	6
4458	9
4506	22
4567	5
4603	5
4604	35
4642	19
4644	9
4659	5
4754	5
4789	5
4846	22
4852	22
4861	10
4963	10
4973	8
5018	14
5029	7
5032	9
5056	5
5064	7
5074	10
5077	17
5086	12
5153	9
5160	9
5181	14
5198	7
5199	14
5201	6
5208	46
5216	8
5226	38
5234	5
5267	73
5296	6
5298	8
5301	13
5303	17
5316	12
5318	139
5332	6
5344	23
5351	16
5396	15
5412	5
5443	6
5458	17
5460	19
5476	141
5483	7
5487	10
5502	5
5513	5
5548	8
5561	9
5632	9
5655	7
5698	5
5700	6
5736	5
5737	5
5746	95
5768	11
5771	8
5783	10
5786	5
5794	37
5854	27
5856	6
5866	13
5892	25
5909	7
5921	14
5924	24
5943	12
5946	5
5969	9
5972	62
6009	5
6020	5
6043	8
6122	8
6133	9
6139	6
6146	21
6149	5
6166	75
6193	5
6209	7
6266	10
6287	8
6290	8
6301	190
6304	138
6313	73
6340	8
6399	6
6403	8
6472	10
6557	7
6573	6
6597	5
6607	8
6609	63
6618	7
6619	33
6624	6
6625	10
6631	5
6652	11
6661	11
6671	43
6700	69
6706	5
6711	16
6713	10
6725	25
6768	14
6769	26
6785	32
6796	8
6834	14
6844	12
6859	25
6861	6
6870	21
6881	7
6894	18
6937	5
6941	29
6970	6
6998	14
7012	12
7038	7
7071	16
7090	5
7102	5
7128	23
7166	52
7169	10
7191	6
7223	8
7262	19
7264	20
7266	25
7279	14
7304	11
7336	7
7352	5
7365	11
7408	6
7410	8
7411	8
7412	19
7471	6
7528	6
7543	13
7581	7
7592	8
7600	5
7621	35
7638	51
7641	41
7654	6
7671	6
7676	5
7684	16
7691	5
7714	6
7724	5
7739	14
7740	7
7743	18
7759	10
7761	6
7776	16
7819	13
7852	7
7870	8
7874	16
7956	6
7968	12
7977	8
7986	20
7998	7
8008	14
8017	8
8053	10
8054	6
8098	31
8122	7
8129	5
8130	5
8142	5
8144	10
8145	7
8150	6
8164	5
8171	14
8187	7
8213	37
8217	5
8218	42
8230	5
8242	6
8246	13
8252	5
8268	7
8276	6
8321	7
8324	13
8339	7
8351	42
8368	6
8375	5
8380	28
8391	8
8395	15
8449	29
8452	9
8462	7
8479	27
8484	6
8497	5
8506	5
8510	6
8511	5
8513	6
8525	6
8533	10
8556	5
8562	38
8573	5
8594	9
8624	5
8630	11
8663	5
8669	16
8672	5
8684	21
8704	6
8743	19
8752	5
8765	13
8803	8
8806	11
8810	5
8813	7
8820	7
8821	10
8865	192
8879	15
8887	11
8899	11
8910	5
8944	10
8969	79
8978	10
8987	14
8995	45
9010	5
9028	5
9045	8
9054	16
9078	10
9105	10
9114	5
9121	12
9130	6
9148	5
9153	15
9165	9
9175	27
9193	14
9201	6
9225	7
9230	6
9242	5
9265	8
9315	6
9318	9
9330	11
9347	8
9394	26
9445	11
9448	6
9474	10
9526	127
9538	32
9542	9
9546	15
9549	5
9561	27
9571	8
9584	9
9587	5
9589	50
9610	14
9611	9
9620	5
9625	25
9627	9
9633	6
9647	5
9669	45
9676	8
9688	9
9704	7
9716	24
9719	5
9738	5
9743	12
9757	7
9763	7
9764	9
9766	9
9774	8
9784	14
9800	8
9803	6
9805	5
9809	5
9813	6
9822	7
9825	16
9875	40
9890	25
9915	7
9924	20
9925	6
9926	25
9947	9
9962	16
9974	86
9976	7
