23	13
40	12
56	17
58	6
63	30
65	7
74	5
99	7
114	5
133	9
134	7
136	6
158	29
165	6
167	12
185	7
187	7
208	5
211	5
229	8
243	30
257	8
258	8
292	6
303	9
311	7
324	14
328	8
331	10
341	19
353	10
359	5
361	5
366	6
385	5
394	6
412	6
417	10
421	5
433	5
436	8
448	7
455	24
456	13
471	6
489	6
505	5
507	5
511	14
515	6
518	11
520	6
526	9
528	8
531	5
534	24
540	6
557	16
558	66
579	64
591	11
594	9
606	10
613	16
627	5
629	5
640	21
672	5
675	5
677	13
680	11
686	5
687	8
699	18
707	14
710	18
720	5
722	7
723	24
726	47
733	47
742	9
746	11
758	31
764	5
791	9
793	9
811	6
812	5
825	8
826	34
855	5
857	76
860	18
862	21
865	5
875	7
878	27
895	22
905	25
915	7
920	10
925	6
930	6
940	19
954	5
958	26
976	12
979	5
982	7
986	5
991	20
993	5
1005	15
1006	7
1013	7
1017	19
1025	10
1027	15
1029	48
1031	11
1048	7
1066	6
1067	28
1071	14
1077	7
1102	5
1108	22
1113	26
1118	30
1120	5
1125	9
1126	11
1128	26
1130	7
1132	35
1143	19
1147	7
1155	9
1168	6
1172	7
1186	9
1189	9
1192	5
1199	5
1206	5
1213	12
1215	6
1225	17
1235	7
1236	15
1240	6
1246	6
1256	9
1267	65
1296	6
1299	5
1325	26
1331	32
1332	5
1335	5
1338	7
1350	5
1353	6
1356	5
1365	5
1369	10
1370	15
1381	6
1382	61
1396	16
1406	13
1408	9
1415	12
1437	22
1440	49
1451	5
1452	7
1456	5
1463	6
1469	28
1475	10
1478	12
1485	7
1505	16
1507	6
1512	17
1514	6
1515	5
1520	5
1521	6
1527	12
1529	6
1532	11
1540	15
1549	12
1551	8
1554	18
1564	42
1580	31
1602	10
1608	9
1630	19
1632	11
1637	8
1642	33
1653	5
1656	7
1679	12
1689	41
1702	11
1724	14
1736	10
1739	5
1745	6
1747	11
1759	9
1780	6
1783	13
1784	6
1818	8
1833	13
1834	5
1835	16
1842	6
1843	5
1854	5
1855	5
1857	8
1875	11
1878	6
1882	10
1886	13
1892	14
1894	10
1902	16
1905	9
1908	16
1914	18
1933	5
1937	35
1941	6
1958	35
1959	6
1981	5
1995	8
2011	8
2024	6
2032	5
2036	9
2048	12
2049	23
2059	11
2071	11
2074	25
2083	7
2097	14
2102	7
2117	12
2127	9
2130	11
2132	5
2136	5
2142	20
2143	5
2155	15
2157	24
2158	6
2164	11
2171	6
2190	6
2191	5
2200	5
2209	10
2210	5
2212	18
2214	5
2217	6
2220	5
2248	5
2257	11
2263	17
2267	8
2268	5
2287	5
2294	5
2307	11
2324	27
2330	19
2349	6
2351	23
2360	11
2370	5
2382	6
2402	11
2409	20
2412	24
2427	7
2445	40
2446	13
2448	15
2454	6
2464	5
2477	45
2478	7
2483	12
2484	8
2494	7
2502	42
2508	8
2513	8
2514	9
2516	7
2518	5
2522	22
2526	10
2527	6
2528	5
2531	41
2532	18
2537	9
2540	14
2543	6
2546	20
2557	8
2561	18
2564	6
2569	6
2614	6
2616	20
2617	9
2621	25
2625	18
2630	38
2690	14
2715	10
2718	11
2719	20
2722	5
2723	8
2728	6
2730	5
2736	9
2745	6
2746	5
2750	41
2768	19
2778	10
2789	5
2798	6
2824	6
2826	5
2862	5
2864	7
2878	10
2888	6
2894	7
2896	8
2902	7
2914	34
2917	25
2918	8
2931	29
2937	21
2939	5
2950	21
2955	42
2965	9
2968	34
2973	21
2976	7
2985	17
2993	10
2997	8
3003	9
3004	6
3005	5
3006	31
3020	5
3034	144
3038	9
3041	5
3045	8
3047	8
3066	10
3068	6
3075	18
3077	5
3081	5
3087	36
3091	31
3092	11
3095	23
3100	9
3109	13
3138	6
3140	17
3142	9
3148	6
3161	38
3178	6
3181	7
3182	115
3187	20
3191	43
3198	6
3199	15
3205	5
3210	13
3211	13
3213	18
3215	10
3221	8
3228	9
3232	9
3266	7
3273	20
3275	5
3278	9
3280	6
3284	19
3289	8
3291	16
3294	79
3305	12
3317	8
3323	6
3335	20
3340	32
3349	25
3359	9
3372	8
3384	6
3392	108
3405	9
3425	15
3428	10
3476	7
3485	5
3490	17
3501	117
3511	51
3518	11
3525	21
3559	6
3560	6
3566	7
3568	72
3570	5
3575	7
3577	10
3592	8
3602	41
3615	6
3616	43
3630	5
3634	9
3652	6
3658	8
3677	9
3688	6
3691	13
3702	93
3711	31
3724	6
3728	6
3735	64
3746	5
3747	21
3752	79
3763	20
3765	7
3774	33
3776	5
3780	6
3784	14
3787	7
3790	38
3806	28
3812	8
3816	5
3821	38
3822	99
3836	26
3841	6
3858	18
3873	103
3874	7
3881	22
3882	6
3900	34
3914	16
3915	15
3917	17
3925	11
3933	5
3943	20
3970	27
3972	6
3984	31
3997	5
3998	21
4017	30
4031	5
4041	22
4044	14
4047	17
4056	117
4065	11
4066	7
4070	6
4080	7
4081	10
4088	44
4094	5
4102	14
4111	73
4113	51
4122	8
4127	1234
4135	5
4136	10
4152	21
4162	23
4175	6
4185	5
4205	10
4213	10
4214	13
4215	11
4223	24
4229	11
4235	10
4248	11
4259	113
4260	19
4262	5
4265	8
4271	10
4290	17
4332	7
4333	12
4351	9
4356	5
4366	10
4395	8
4398	7
4399	6
4426	5
4456	7
4458	21
4481	5
4486	5
4488	5
4506	21
4522	6
4523	32
4524	9
4525	9
4527	7
4567	6
4599	5
4603	10
4604	62
4613	12
4618	6
4624	6
4636	5
4642	43
4644	7
4653	11
4656	11
4661	13
4666	5
4667	7
4681	27
4694	6
4699	5
4733	13
4735	22
4740	9
4749	11
4750	12
4817	8
4824	5
4840	10
4846	33
4852	39
4861	10
4862	8
4864	9
4869	5
4875	16
4877	6
4896	11
4897	11
4907	6
4935	6
4963	28
4973	10
4994	5
4998	6
5002	7
5009	5
5018	23
5026	5
5029	21
5032	10
5037	5
5045	6
5053	10
5056	15
5068	8
5074	21
5077	36
5086	29
5090	11
5096	5
5114	7
5144	19
5153	18
5158	7
5160	12
5163	10
5172	5
5181	12
5184	5
5188	5
5192	7
5198	10
5199	25
5200	5
5201	22
5208	84
5216	8
5218	8
5226	101
5232	11
5233	12
5234	6
5239	6
5240	8
5241	6
5242	7
5249	7
5256	7
5267	286
5279	11
5282	8
5296	15
5298	22
5301	20
5303	23
5309	5
5312	10
5316	26
5318	315
5328	5
5332	9
5344	49
5351	16
5352	6
5361	8
5365	6
5370	5
5382	11
5383	5
5388	5
5396	39
5434	7
5443	12
5458	6
5460	33
5475	5
5476	23
5487	16
5489	5
5513	7
5519	5
5531	5
5539	5
5559	9
5561	9
5589	11
5601	7
5604	7
5606	6
5632	20
5655	10
5659	6
5672	9
5673	6
5677	11
5698	17
5699	6
5700	8
5708	5
5725	8
5736	5
5737	8
5746	7
5758	9
5766	12
5768	19
5771	19
5783	16
5786	5
5794	103
5797	8
5802	6
5808	5
5836	13
5839	5
5854	63
5856	10
5858	6
5861	7
5864	13
5866	28
5877	22
5883	15
5892	65
5909	12
5920	5
5921	19
5924	54
5937	6
5943	14
5972	82
6009	20
6012	10
6015	7
6020	5
6043	14
6051	15
6058	5
6090	5
6104	6
6106	13
6107	7
6119	6
6122	6
6133	15
6139	6
6143	12
6146	39
6149	9
6153	9
6154	6
6166	160
6193	6
6209	12
6257	5
6266	10
6271	6
6285	7
6287	14
6290	20
6291	7
6297	6
6301	235
6304	74
6313	12
6327	7
6338	8
6370	9
6385	6
6386	7
6396	5
6399	9
6403	8
6413	5
6426	6
6454	5
6458	7
6472	14
6492	13
6526	6
6549	5
6550	6
6557	7
6562	5
6565	13
6566	7
6579	7
6607	15
6609	49
6612	8
6618	23
6619	67
6624	5
6625	14
6631	13
6647	5
6661	22
6664	13
6671	48
6682	7
6700	133
6711	31
6713	6
6716	6
6725	30
6759	5
6768	30
6769	26
6785	56
6787	17
6790	6
6794	26
6834	16
6843	5
6844	20
6847	18
6859	67
6861	9
6870	39
6873	5
6881	15
6894	20
6920	5
6922	13
6937	6
6941	31
6955	10
6959	19
6960	5
6963	8
6965	5
6970	7
6987	5
6991	7
6998	33
7031	12
7038	7
7051	6
7067	6
7071	12
7090	8
7102	7
7115	6
7128	50
7166	69
7169	11
7172	10
7178	8
7191	8
7197	5
7204	5
7223	10
7235	8
7240	5
7243	6
7244	5
7262	35
7264	43
7266	69
7272	14
7279	24
7298	9
7304	16
7320	6
7326	5
7336	7
7341	5
7348	5
7349	16
7350	6
7351	7
7365	16
7373	5
7381	5
7408	13
7410	10
7411	8
7412	27
7417	6
7426	5
7437	7
7443	5
7461	7
7471	15
7481	9
7486	7
7492	5
7520	25
7523	5
7542	9
7543	11
7563	7
7581	20
7587	6
7592	10
7600	5
7607	7
7621	144
7634	5
7638	51
7641	8
7660	8
7671	13
7676	11
7684	20
7691	7
7693	6
7739	21
7740	6
7743	32
7752	5
7759	23
7761	5
7766	7
7770	5
7776	39
7800	5
7819	23
7820	5
7821	7
7842	11
7852	12
7870	9
7874	15
7876	5
7882	11
7913	5
7929	5
7950	7
7956	5
7966	8
7968	17
7971	10
7977	23
7983	6
7986	40
7988	12
7998	17
8006	6
8008	24
8010	12
8014	7
8017	13
8032	6
8040	6
8042	9
8049	5
8053	14
8054	19
8072	6
8079	7
8098	77
8107	9
8122	12
8129	9
8130	7
8134	6
8142	13
8144	36
8145	10
8150	16
8171	15
8184	7
8187	13
8213	79
8215	21
8217	14
8218	65
8230	7
8237	7
8242	6
8246	16
8252	6
8262	6
8263	5
8268	10
8276	7
8279	8
8293	14
8294	7
8321	15
8324	13
8351	31
8361	7
8368	8
8375	11
8377	6
8380	63
8384	5
8391	11
8395	31
8408	8
8409	5
8417	5
8443	5
8445	5
8449	72
8451	7
8452	18
8456	12
8457	20
8462	13
8479	16
8484	11
8497	6
8503	9
8506	15
8509	10
8513	8
8520	16
8525	19
8533	15
8535	10
8536	19
8545	17
8552	5
8558	14
8560	6
8562	69
8571	6
8573	9
8587	10
8594	11
8624	17
8630	24
8645	6
8668	5
8669	7
8672	5
8674	6
8684	55
8697	7
8704	5
8717	5
8720	10
8727	9
8740	5
8743	36
8745	5
8752	10
8792	5
8796	6
8803	6
8806	38
8810	12
8813	8
8817	6
8854	7
8865	466
8879	46
8887	35
8899	19
8909	7
8910	6
8912	8
8920	5
8923	19
8940	9
8944	26
8956	6
8963	9
8969	129
8978	19
8981	5
8984	6
8987	48
8993	7
8995	89
9010	12
9028	6
9030	10
9031	7
9038	5
9045	15
9049	5
9054	27
9072	6
9078	10
9099	6
9103	12
9105	10
9114	5
9121	19
9122	5
9126	16
9128	8
9130	15
9144	10
9148	7
9153	42
9157	6
9165	9
9175	59
9183	5
9187	5
9193	46
9201	15
9225	14
9230	13
9253	8
9255	5
9265	26
9275	22
9291	5
9293	7
9315	6
9318	9
9323	9
9330	30
9347	14
9369	5
9375	6
9394	56
9435	5
9445	42
9448	10
9474	11
9493	7
9526	265
9538	88
9542	27
9546	36
9549	10
9561	76
9571	9
9581	9
9584	13
9587	9
9589	97
9591	6
9608	6
9610	21
9611	7
9620	5
9624	7
9625	68
9627	51
9633	10
9637	7
9666	6
9669	135
9676	20
9688	9
9699	10
9704	11
9711	7
9716	49
9717	5
9721	8
9722	6
9724	5
9727	10
9738	14
9745	12
9757	18
9763	10
9764	14
9766	44
9768	9
9774	8
9784	28
9792	5
9800	13
9801	6
9802	6
9803	13
9805	15
9809	6
9813	26
9818	7
9822	11
9825	29
9838	6
9866	10
9875	40
9890	47
9909	5
9915	6
9924	33
9925	12
9926	38
9934	6
9947	16
9962	23
9974	60
9976	12
9977	6
9983	7
9992	6
9995	21
9997	17
10041	5
10042	6
