63	6
579	5
857	9
1029	5
1132	21
1267	6
1534	5
1602	8
1689	7
1707	5
1736	5
1773	5
2324	6
2347	7
2445	5
2446	5
2477	5
2630	5
2931	5
2968	5
3006	7
3034	7
3182	7
3294	10
3501	11
3511	6
3568	10
3735	7
3752	5
3774	5
3822	9
3836	5
3873	10
3900	7
3984	5
4017	7
4056	10
4111	5
4127	82
4259	9
4456	5
4632	11
4735	8
4846	7
4993	5
5199	6
5208	7
5226	5
5267	23
5318	20
5396	6
5794	8
5854	7
5877	10
5892	9
5972	6
6009	5
6166	10
6301	14
6304	9
6631	5
6700	17
6768	5
6959	6
7262	7
7266	7
7743	6
7776	11
7977	5
8098	8
8144	5
8380	6
8684	6
8806	6
8865	41
8879	5
8887	7
8969	14
8987	9
8995	6
9175	6
9193	5
9500	9
9526	17
9538	6
9561	8
9587	7
9589	12
9610	7
9625	6
9669	27
9784	6
9813	7
