1	6
5	23
7	11
9	41
10	23
23	35
24	6
25	14
27	19
30	8
32	14
33	33
34	10
35	7
36	7
37	11
40	36
41	5
44	11
45	31
48	7
49	7
51	5
56	58
58	25
60	21
61	11
63	135
64	5
65	32
67	7
68	15
70	5
71	5
72	5
74	20
76	14
77	5
78	11
84	5
85	6
86	12
87	6
88	5
89	18
92	27
95	5
96	5
97	18
98	9
99	15
100	9
101	20
104	6
107	6
108	20
111	8
112	15
114	22
116	11
122	27
124	8
125	25
126	10
127	5
129	5
132	5
133	59
134	38
136	27
138	5
140	19
141	12
142	14
148	7
149	16
151	14
157	7
158	81
161	21
162	39
167	113
171	10
172	9
173	21
174	17
179	17
182	16
184	81
185	15
187	14
189	22
190	5
191	9
196	5
201	9
209	14
211	20
216	11
218	5
219	11
229	23
231	6
236	7
241	9
243	184
245	10
246	7
249	5
251	15
252	6
254	9
256	10
257	72
258	75
259	7
261	8
263	11
264	6
268	8
271	19
274	12
279	7
280	10
288	5
289	6
290	17
292	8
295	10
298	5
299	5
303	29
306	6
307	11
310	6
311	17
312	25
317	10
318	12
320	5
321	5
322	17
323	19
324	46
325	10
326	10
328	54
329	6
330	7
331	8
332	7
333	10
338	10
340	12
341	62
342	9
343	5
346	7
347	15
352	12
353	37
355	22
359	71
360	5
361	5
363	10
364	7
365	8
366	34
367	9
368	6
371	13
373	6
379	10
380	21
381	5
383	6
384	23
385	34
386	13
391	5
392	7
393	5
395	6
398	5
399	17
400	5
402	5
403	5
406	8
407	10
408	32
412	136
414	9
415	27
417	44
418	14
421	16
425	5
427	13
430	6
432	24
434	5
436	30
441	8
446	5
447	28
448	16
449	7
451	5
455	35
456	20
457	9
459	13
461	6
462	5
466	10
467	13
469	8
470	30
471	28
472	5
475	6
477	16
478	9
483	18
485	7
486	5
488	6
489	12
491	5
492	7
494	19
499	6
500	16
502	5
506	40
507	11
509	25
511	75
513	62
515	8
516	8
518	17
522	6
524	8
525	18
526	46
527	7
528	22
530	13
531	28
534	117
535	6
537	9
539	23
540	27
541	14
544	6
547	8
552	7
553	6
556	9
557	33
558	153
566	10
569	5
570	5
571	5
572	6
575	8
576	5
578	13
579	230
582	15
584	6
585	6
588	6
589	9
591	53
594	13
604	18
606	16
607	6
608	11
613	32
615	12
619	31
620	22
622	7
623	5
624	8
626	8
627	13
628	20
629	21
633	48
635	13
636	6
640	122
641	5
646	7
648	17
650	11
651	15
657	12
659	13
666	5
669	5
672	22
673	9
676	5
677	36
680	23
684	6
686	14
687	26
691	15
693	14
694	10
698	13
700	11
703	7
704	6
705	14
707	57
709	10
710	26
711	12
715	10
716	21
719	34
720	24
721	9
722	14
723	59
726	214
728	5
731	5
733	123
734	9
738	12
740	12
742	43
743	5
744	7
746	42
753	6
756	5
758	121
760	25
761	6
763	14
764	13
766	7
767	6
768	13
769	5
772	19
777	8
785	6
786	5
787	6
788	10
791	21
792	17
793	30
801	6
810	8
811	17
812	10
815	5
816	7
817	5
821	6
823	7
826	186
828	6
829	14
830	28
831	5
832	7
837	26
841	52
843	14
844	5
846	7
850	5
851	6
855	26
856	6
857	201
862	51
865	28
867	8
870	6
873	10
874	10
875	17
877	5
878	108
884	7
887	6
888	5
890	14
892	12
893	5
894	27
895	21
905	83
906	8
907	9
911	7
912	8
915	27
917	36
919	8
920	19
921	5
922	20
925	34
927	6
930	64
936	12
940	8
941	8
947	7
948	7
949	14
952	17
953	9
955	5
956	7
957	5
958	75
969	13
970	7
971	12
972	21
976	59
979	126
981	16
986	21
987	13
988	6
991	81
995	25
997	6
998	16
1000	36
1002	12
1004	18
1005	31
1006	9
1009	29
1012	6
1013	20
1017	70
1018	6
1021	11
1022	18
1025	17
1027	37
1029	159
1031	42
1034	7
1035	6
1036	9
1037	11
1038	14
1039	5
1040	8
1045	7
1048	15
1049	5
1052	28
1054	7
1058	5
1060	8
1061	6
1062	6
1066	18
1067	104
1071	52
1073	11
1074	29
1077	5
1078	6
1089	14
1095	15
1097	7
1098	25
1102	17
1107	19
1108	85
1112	9
1114	5
1118	85
1121	48
1123	7
1124	7
1125	27
1126	26
1128	46
1130	7
1132	339
1138	7
1139	6
1140	5
1143	67
1145	14
1147	28
1148	6
1152	20
1155	5
1157	8
1158	5
1160	31
1161	7
1162	11
1164	12
1165	9
1166	28
1168	61
1171	20
1174	10
1176	7
1178	20
1180	11
1181	13
1183	14
1186	156
1189	9
1191	7
1192	26
1194	20
1196	18
1198	5
1199	13
1202	7
1204	24
1206	41
1208	5
1212	12
1213	88
1215	14
1219	5
1221	17
1222	6
1223	12
1225	99
1227	6
1229	8
1235	11
1236	47
1238	9
1240	31
1243	11
1244	5
1246	36
1248	5
1251	7
1252	16
1255	5
1256	27
1261	12
1264	12
1266	6
1267	237
1269	5
1272	5
1273	8
1274	12
1275	6
1277	7
1281	14
1284	9
1285	9
1288	14
1289	7
1290	8
1293	19
1294	25
1295	5
1296	33
1297	16
1298	11
1300	5
1309	9
1310	11
1313	7
1317	8
1318	7
1320	9
1325	67
1326	7
1327	5
1328	8
1329	49
1330	7
1331	112
1332	23
1334	7
1338	8
1344	5
1345	5
1349	11
1350	29
1351	8
1353	10
1356	10
1357	34
1359	9
1361	12
1364	26
1365	13
1368	15
1369	46
1370	64
1381	28
1382	138
1383	8
1386	12
1388	48
1389	13
1392	5
1393	5
1396	60
1398	5
1400	11
1404	6
1405	7
1406	176
1408	195
1409	30
1410	11
1411	10
1412	15
1413	11
1417	7
1418	8
1420	5
1426	15
1428	13
1430	20
1433	8
1434	11
1435	7
1437	27
1439	6
1440	143
1442	10
1447	6
1448	8
1450	22
1451	21
1452	5
1456	25
1457	10
1463	25
1464	27
1465	9
1467	29
1469	190
1474	7
1475	21
1476	5
1478	49
1481	5
1483	31
1486	39
1487	6
1492	10
1497	7
1499	10
1501	5
1502	6
1503	9
1504	25
1505	40
1506	14
1507	25
1508	7
1509	5
1510	24
1512	70
1513	6
1515	14
1517	7
1518	14
1519	5
1520	18
1521	30
1522	25
1523	7
1527	52
1529	32
1532	24
1533	8
1534	5
1536	9
1540	31
1543	5
1546	5
1549	7
1550	7
1551	15
1553	5
1554	63
1555	7
1556	6
1564	21
1565	6
1567	5
1568	5
1570	9
1572	7
1573	7
1574	14
1576	25
1580	297
1582	7
1583	7
1584	11
1586	12
1587	5
1588	6
1589	7
1590	8
1593	14
1601	6
1602	271
1603	11
1604	30
1605	5
1608	35
1611	21
1616	33
1617	7
1618	6
1619	5
1621	16
1622	18
1625	6
1626	6
1629	14
1630	15
1632	81
1633	10
1635	12
1637	37
1638	30
1641	6
1642	128
1644	5
1647	11
1649	7
1654	6
1655	13
1656	17
1657	5
1659	14
1662	16
1663	15
1666	13
1668	18
1669	5
1672	18
1673	20
1675	7
1677	14
1679	145
1684	6
1689	121
1692	10
1694	7
1698	6
1700	24
1702	92
1703	6
1704	5
1707	59
1712	10
1713	17
1715	5
1716	5
1717	7
1718	7
1719	5
1720	12
1724	28
1725	11
1726	8
1730	15
1732	21
1734	11
1735	15
1736	35
1737	10
1739	58
1741	24
1743	9
1744	12
1745	21
1747	41
1748	11
1749	6
1750	10
1753	21
1755	17
1757	7
1758	10
1759	34
1761	5
1767	10
1773	10
1774	24
1777	16
1778	11
1780	37
1783	43
1784	19
1787	33
1795	5
1797	22
1798	9
1800	5
1802	6
1805	10
1806	16
1807	13
1809	7
1810	19
1811	7
1812	5
1814	17
1815	7
1816	12
1818	17
1821	6
1822	25
1825	5
1827	5
1828	32
1831	15
1832	17
1833	41
1834	37
1835	123
1836	7
1837	5
1838	5
1840	8
1841	10
1842	36
1843	26
1846	5
1849	13
1850	5
1854	31
1855	9
1857	5
1859	17
1861	15
1873	13
1875	16
1878	8
1880	13
1882	41
1884	7
1886	57
1887	10
1890	7
1892	42
1894	43
1897	27
1902	27
1905	102
1907	5
1910	12
1912	8
1913	16
1917	5
1918	7
1919	67
1922	20
1927	44
1929	17
1931	10
1933	21
1935	7
1937	153
1939	7
1941	33
1943	43
1945	27
1949	21
1952	7
1953	11
1957	16
1958	114
1959	6
1960	14
1961	7
1964	5
1969	11
1970	5
1977	10
1978	7
1979	5
1980	7
1981	31
1982	8
1985	28
1987	19
1993	5
1994	9
1995	19
1998	8
2000	7
2001	11
2003	9
2006	13
2011	26
2012	15
2014	7
2016	5
2017	7
2019	16
2020	6
2023	42
2024	16
2026	5
2029	5
2036	31
2037	12
2038	7
2039	8
2040	9
2043	8
2046	21
2048	51
2049	103
2054	13
2055	9
2059	38
2061	15
2062	10
2065	10
2069	10
2071	60
2072	6
2073	6
2074	60
2075	21
2078	23
2083	6
2085	14
2086	5
2088	5
2089	7
2092	16
2093	7
2096	5
2097	66
2099	14
2100	6
2102	11
2104	7
2105	13
2107	8
2108	5
2109	7
2111	5
2115	7
2117	61
2119	15
2124	5
2127	13
2128	28
2130	98
2132	25
2135	9
2136	35
2138	6
2141	14
2142	7
2146	5
2149	18
2150	7
2154	15
2155	63
2157	69
2158	32
2161	9
2164	60
2166	6
2167	8
2168	7
2172	28
2175	38
2178	19
2180	5
2182	24
2183	47
2185	10
2186	8
2187	5
2188	19
2189	7
2190	43
2191	31
2192	22
2193	6
2195	17
2196	8
2200	25
2204	5
2205	22
2210	9
2212	58
2213	6
2214	12
2215	5
2216	21
2219	6
2220	17
2222	15
2226	26
2227	6
2229	16
2230	11
2231	13
2233	9
2234	11
2237	13
2238	16
2239	13
2240	8
2242	7
2250	15
2253	8
2254	8
2257	22
2260	5
2264	11
2267	41
2270	70
2272	6
2273	18
2274	7
2275	13
2278	11
2282	6
2283	7
2284	14
2288	5
2292	25
2293	8
2294	13
2297	7
2302	5
2306	7
2307	19
2313	8
2318	6
2323	16
2324	127
2325	6
2326	12
2327	8
2328	14
2330	79
2331	7
2332	8
2335	19
2340	6
2347	7
2349	14
2351	125
2353	8
2356	10
2358	5
2360	137
2363	12
2366	22
2370	20
2375	10
2378	5
2379	27
2380	8
2382	14
2384	8
2385	5
2386	12
2390	9
2393	5
2395	6
2398	19
2399	7
2412	35
2418	6
2423	9
2425	7
2426	9
2427	48
2432	6
2433	13
2436	11
2438	8
2440	21
2442	6
2445	163
2446	117
2447	10
2448	63
2450	7
2451	21
2454	5
2456	21
2458	5
2459	7
2460	5
2468	12
2470	6
2473	5
2476	15
2477	118
2478	13
2483	37
2484	55
2487	5
2492	5
2493	10
2494	30
2495	16
2497	6
2499	6
2500	6
2502	30
2504	14
2506	7
2507	6
2508	31
2510	7
2513	33
2514	11
2516	7
2518	23
2521	10
2522	116
2526	64
2527	11
2528	24
2531	141
2532	43
2533	5
2534	14
2540	58
2541	5
2543	22
2544	7
2546	46
2547	14
2549	11
2552	5
2554	6
2555	6
2556	7
2557	9
2560	52
2561	81
2562	25
2564	13
2566	6
2569	34
2570	5
2575	7
2576	7
2578	7
2579	12
2580	12
2585	10
2586	6
2589	8
2591	7
2593	30
2594	8
2596	11
2597	5
2598	7
2601	14
2602	7
2603	5
2604	10
2609	5
2612	5
2613	7
2614	22
2616	107
2617	26
2619	23
2621	34
2622	7
2623	6
2624	14
2625	64
2630	160
2631	9
2632	6
2633	20
2636	10
2637	16
2638	10
2639	5
2640	9
2645	5
2648	53
2651	5
2652	8
2653	9
2656	13
2657	5
2660	11
2663	15
2665	5
2670	6
2671	6
2672	15
2674	7
2676	9
2678	22
2682	12
2685	5
2686	6
2687	7
2688	9
2689	11
2690	22
2692	6
2695	113
2696	55
2697	7
2698	7
2703	14
2704	6
2706	9
2719	69
2721	121
2722	56
2723	17
2725	5
2726	9
2727	15
2728	54
2733	6
2734	14
2736	26
2739	58
2740	5
2741	9
2742	6
2744	12
2745	11
2746	18
2749	5
2750	146
2751	8
2752	5
2755	5
2760	9
2761	5
2762	24
2763	16
2764	18
2766	36
2767	6
2768	105
2774	8
2776	21
2778	32
2780	5
2782	8
2784	12
2786	15
2787	18
2789	47
2791	5
2792	10
2794	22
2795	6
2797	5
2798	17
2799	10
2801	11
2802	9
2804	13
2816	7
2819	6
2825	13
2827	8
2828	10
2830	7
2837	5
2839	6
2843	7
2844	5
2849	6
2850	9
2851	5
2853	6
2854	6
2855	6
2858	8
2859	5
2860	17
2861	13
2862	67
2863	9
2864	45
2865	14
2866	5
2867	15
2869	6
2871	15
2873	9
2874	13
2875	13
2878	132
2880	8
2881	20
2883	24
2884	22
2886	14
2887	11
2888	26
2889	5
2892	6
2894	52
2895	14
2896	42
2898	6
2899	10
2902	22
2904	5
2905	10
2908	9
2910	15
2914	30
2915	18
2917	83
2918	14
2923	6
2924	11
2926	11
2929	18
2931	124
2932	31
2933	12
2934	13
2937	73
2938	5
2939	10
2941	7
2943	37
2944	6
2946	20
2947	5
2950	20
2951	40
2953	8
2954	5
2955	164
2958	5
2962	11
2965	27
2966	5
2968	119
2972	19
2973	77
2974	14
2976	17
2977	16
2984	5
2985	8
2986	5
2988	12
2989	6
2990	80
2993	34
2994	8
2995	15
2997	44
2999	21
3001	10
3003	24
3004	9
3005	10
3006	155
3008	11
3009	32
3012	12
3013	7
3015	5
3020	17
3023	11
3025	23
3027	15
3028	6
3029	6
3032	24
3033	5
3034	460
3035	10
3038	32
3041	27
3043	10
3045	24
3047	31
3050	8
3056	7
3057	5
3058	9
3062	10
3064	8
3066	7
3068	30
3069	5
3075	56
3077	30
3079	11
3081	28
3082	49
3083	9
3085	5
3087	131
3089	10
3090	7
3091	147
3092	36
3093	5
3094	28
3095	69
3100	79
3103	7
3104	6
3106	19
3107	9
3109	87
3110	27
3112	5
3113	8
3114	8
3116	13
3120	11
3123	6
3126	11
3127	5
3128	17
3131	8
3140	35
3142	61
3143	14
3146	5
3148	44
3152	7
3154	23
3155	23
3161	31
3164	7
3166	7
3167	7
3168	21
3170	5
3173	18
3174	10
3176	9
3177	6
3181	20
3182	187
3191	170
3195	7
3196	17
3198	8
3199	34
3205	21
3206	34
3207	5
3209	5
3210	22
3211	65
3213	77
3214	14
3215	57
3218	12
3219	5
3221	8
3223	14
3226	10
3228	43
3230	7
3232	82
3233	7
3235	9
3236	6
3238	16
3242	18
3244	6
3247	7
3248	5
3250	5
3251	7
3255	5
3257	13
3259	13
3266	43
3268	5
3270	5
3273	110
3275	21
3276	5
3278	21
3280	20
3284	35
3287	6
3289	24
3291	51
3292	8
3294	263
3296	8
3297	5
3302	7
3303	5
3305	44
3308	6
3309	6
3311	13
3312	12
3314	10
3315	9
3319	17
3321	9
3325	6
3335	59
3337	7
3340	122
3342	9
3347	5
3349	101
3350	6
3351	7
3353	12
3359	43
3361	5
3362	5
3366	6
3369	5
3370	5
3372	21
3373	7
3378	8
3380	6
3381	16
3384	17
3385	14
3386	18
3389	17
3391	6
3392	251
3395	8
3396	9
3400	5
3401	11
3402	5
3404	6
3405	189
3406	11
3408	7
3409	14
3411	5
3418	21
3425	52
3428	52
3431	9
3432	7
3434	8
3436	7
3437	7
3443	9
3449	45
3452	16
3460	7
3462	8
3467	5
3473	5
3474	18
3476	17
3477	8
3483	5
3484	5
3485	37
3487	23
3488	5
3489	5
3490	42
3491	8
3493	8
3494	6
3497	15
3501	440
3503	21
3504	9
3511	226
3515	5
3516	6
3517	5
3518	68
3521	14
3522	5
3524	36
3533	18
3535	6
3537	5
3539	6
3543	14
3544	8
3548	7
3549	26
3551	6
3554	6
3559	12
3560	23
3562	13
3563	6
3566	10
3567	5
3568	215
3571	25
3573	5
3575	26
3576	54
3579	43
3584	12
3589	10
3592	32
3594	12
3596	10
3600	7
3602	123
3603	8
3605	7
3606	8
3610	7
3612	12
3613	8
3615	26
3616	9
3619	32
3621	14
3622	6
3624	5
3626	7
3630	80
3631	5
3632	17
3634	16
3635	5
3636	12
3638	8
3641	7
3643	12
3647	6
3652	25
3657	7
3658	48
3663	7
3664	11
3665	7
3667	7
3672	11
3675	6
3677	44
3678	21
3683	13
3686	10
3687	20
3688	72
3690	5
3691	41
3693	12
3698	7
3699	5
3700	7
3701	14
3702	217
3703	6
3706	7
3709	9
3710	5
3711	106
3712	22
3713	12
3714	18
3718	8
3720	6
3724	38
3726	12
3728	20
3730	20
3731	10
3733	8
3735	336
3737	6
3739	6
3740	8
3743	7
3744	8
3745	10
3747	70
3751	5
3752	372
3755	8
3757	10
3763	117
3764	12
3765	31
3767	17
3773	5
3774	131
3776	11
3784	84
3787	106
3790	54
3795	7
3796	6
3800	11
3805	6
3806	72
3809	21
3811	5
3812	62
3815	5
3820	5
3821	165
3822	287
3823	8
3824	7
3836	193
3840	11
3841	8
3848	71
3850	5
3853	5
3858	17
3869	17
3871	7
3872	28
3873	290
3874	12
3879	8
3881	76
3886	7
3888	5
3889	8
3891	7
3893	7
3897	9
3898	8
3899	19
3900	146
3901	19
3904	5
3905	6
3906	11
3907	14
3910	7
3911	35
3912	5
3913	22
3914	96
3915	73
3916	8
3917	98
3925	27
3929	6
3930	32
3933	12
3935	5
3937	7
3938	7
3939	8
3940	10
3943	24
3947	10
3949	6
3956	6
3959	7
3962	9
3966	19
3969	5
3970	139
3974	6
3975	5
3982	15
3984	145
3985	14
3987	6
3988	5
3989	20
3993	5
3997	20
3998	42
4004	20
4005	9
4006	14
4008	38
4009	7
4012	11
4013	9
4015	6
4016	52
4017	106
4018	5
4021	6
4022	8
4023	9
4026	8
4027	12
4028	19
4029	6
4031	5
4033	5
4034	7
4039	5
4040	18
4041	30
4044	67
4046	14
4047	28
4048	58
4050	11
4051	9
4053	13
4055	6
4056	329
4060	10
4061	9
4065	24
4066	31
4068	7
4069	6
4070	39
4071	17
4076	19
4078	29
4079	17
4080	15
4083	5
4087	39
4088	230
4094	23
4096	5
4097	12
4098	6
4099	23
4100	20
4102	125
4105	77
4111	202
4113	156
4114	5
4116	11
4118	5
4120	7
4121	54
4122	30
4123	11
4124	10
4127	8671
4130	5
4131	21
4133	14
4135	26
4136	35
4138	19
4142	36
4143	10
4144	10
4145	9
4147	18
4150	6
4152	34
4153	8
4155	11
4157	6
4161	8
4162	62
4163	15
4165	7
4166	8
4169	15
4171	7
4172	8
4174	5
4175	19
4177	5
4179	5
4180	9
4184	12
4186	8
4188	6
4193	6
4197	6
4201	8
4202	20
4205	79
4209	12
4212	14
4213	30
4214	15
4215	80
4216	7
4219	5
4220	7
4221	5
4222	22
4223	61
4227	66
4229	18
4234	6
4235	28
4238	6
4239	15
4241	5
4242	9
4243	9
4246	8
4247	60
4248	56
4249	11
4250	10
4253	6
4259	239
4260	37
4261	14
4262	27
4263	6
4269	5
4271	26
4272	7
4273	12
4281	49
4283	8
4284	23
4286	14
4294	6
4297	23
4298	31
4302	7
4304	28
4305	10
4308	7
4310	10
4312	10
4314	6
4316	13
4318	5
4323	5
4324	5
4325	8
4326	25
4328	6
4329	11
4332	10
4333	7
4337	11
4338	10
4339	9
4340	7
4342	8
4345	10
4347	18
4348	5
4350	6
4351	57
4352	12
4354	8
4356	55
4357	8
4365	10
4366	64
4367	15
4374	5
4377	26
4381	6
4382	16
4387	7
4391	6
4392	7
4395	53
4396	6
4398	112
4399	20
4403	51
4407	6
4408	14
4412	12
4414	16
4416	9
4417	7
4418	5
4419	22
4420	14
4421	13
4423	9
4425	11
4426	39
4430	6
4433	10
4434	6
4438	12
4441	12
4444	5
4445	8
4446	38
4447	18
4452	10
4456	53
4458	96
4459	9
4462	5
4463	36
4465	7
4466	15
4474	5
4479	5
4481	15
4485	6
4487	7
4488	7
4491	20
4492	6
4493	9
4494	6
4501	6
4502	25
4503	5
4504	18
4505	11
4506	26
4508	9
4516	6
4518	11
4520	7
4522	12
4523	78
4524	6
4527	64
4533	5
4535	6
4538	7
4540	13
4541	7
4542	5
4545	6
4550	39
4554	5
4555	14
4557	7
4558	5
4559	35
4561	6
4562	7
4566	5
4567	26
4568	6
4569	22
4572	5
4573	8
4574	9
4576	5
4581	7
4585	9
4587	12
4588	7
4590	8
4596	8
4598	67
4599	12
4600	30
4601	11
4602	6
4603	32
4604	28
4605	8
4608	13
4610	14
4611	11
4613	132
4616	6
4617	5
4622	8
4624	12
4627	12
4630	6
4631	11
4632	11
4633	17
4635	5
4636	5
4638	5
4639	7
4642	348
4644	41
4646	6
4649	8
4651	6
4653	178
4656	11
4657	5
4658	8
4659	38
4660	18
4661	59
4664	9
4665	5
4666	9
4667	15
4669	10
4671	5
4675	13
4677	14
4679	9
4680	28
4686	10
4689	9
4690	11
4692	10
4694	15
4696	7
4699	32
4703	27
4706	5
4709	6
4716	22
4719	6
4723	15
4731	15
4733	70
4735	60
4737	28
4741	6
4745	7
4746	5
4747	8
4748	7
4753	11
4756	10
4757	17
4764	14
4765	5
4767	13
4768	6
4771	14
4772	6
4776	6
4777	9
4783	5
4786	7
4788	9
4798	16
4805	8
4807	107
4810	6
4820	21
4822	7
4823	5
4824	14
4827	5
4828	5
4830	10
4832	9
4836	5
4837	5
4838	10
4840	46
4846	184
4849	6
4852	111
4854	17
4855	11
4857	13
4860	5
4861	72
4862	32
4863	6
4864	43
4865	5
4875	37
4876	7
4877	40
4881	10
4885	6
4886	5
4887	11
4890	9
4894	8
4895	12
4896	47
4897	44
4901	6
4902	7
4906	10
4907	18
4911	10
4914	14
4915	8
4923	6
4924	14
4926	12
4928	5
4936	5
4943	9
4944	5
4952	6
4953	6
4957	17
4958	6
4962	5
4963	88
4964	17
4965	13
4966	5
4970	8
4972	5
4973	106
4975	25
4978	9
4986	11
4991	5
4993	14
4994	5
4998	25
5002	11
5005	17
5007	5
5008	9
5009	8
5018	113
5020	5
5021	14
5022	11
5026	16
5028	5
5029	51
5030	7
5031	31
5032	13
5035	9
5037	12
5039	6
5041	8
5045	25
5046	7
5052	8
5053	32
5054	6
5056	23
5058	13
5060	8
5061	7
5062	40
5064	23
5065	13
5067	7
5068	24
5073	9
5074	95
5076	7
5077	138
5078	9
5079	18
5080	5
5081	14
5083	5
5086	92
5087	9
5090	49
5091	8
5092	23
5093	14
5094	8
5096	17
5103	12
5104	10
5108	5
5110	8
5116	11
5118	5
5121	15
5122	10
5124	31
5125	5
5126	5
5128	6
5129	7
5136	6
5139	11
5140	6
5141	27
5142	11
5143	13
5145	9
5146	8
5147	14
5149	81
5150	7
5151	6
5153	59
5156	8
5157	7
5158	6
5159	10
5160	89
5161	6
5162	6
5163	37
5172	7
5174	10
5175	32
5176	11
5181	152
5182	6
5184	31
5187	13
5188	10
5192	11
5194	14
5196	5
5197	10
5198	27
5199	120
5200	18
5201	79
5204	9
5208	278
5212	9
5218	6
5221	13
5222	6
5223	7
5224	9
5226	337
5232	59
5233	27
5234	21
5235	11
5239	25
5240	29
5241	25
5242	7
5243	12
5246	6
5247	15
5249	15
5250	7
5252	13
5253	7
5254	28
5255	13
5256	16
5258	6
5260	13
5261	13
5262	6
5263	9
5264	6
5267	757
5270	6
5272	5
5273	5
5276	6
5278	16
5279	8
5280	11
5282	14
5283	8
5285	11
5291	11
5292	8
5296	41
5297	8
5298	48
5299	9
5300	7
5301	80
5303	125
5304	5
5307	9
5309	23
5310	5
5312	7
5316	46
5318	1111
5323	5
5327	7
5328	15
5332	33
5333	13
5335	5
5337	5
5338	8
5339	5
5341	5
5343	8
5344	121
5351	41
5352	38
5359	5
5361	11
5365	103
5367	8
5370	10
5372	7
5373	7
5374	6
5375	11
5377	11
5380	16
5381	6
5382	36
5383	31
5389	25
5391	16
5396	109
5397	10
5403	136
5405	6
5406	6
5407	5
5411	7
5412	20
5415	42
5417	5
5422	16
5423	15
5426	9
5429	8
5430	33
5433	9
5434	21
5439	8
5440	6
5441	13
5443	88
5444	16
5448	52
5458	118
5460	147
5463	6
5465	9
5472	15
5476	31
5478	8
5480	14
5482	9
5484	9
5487	31
5488	5
5491	19
5495	6
5499	6
5500	5
5501	5
5502	18
5504	86
5505	6
5506	6
5512	7
5513	39
5514	17
5515	10
5516	8
5522	16
5526	13
5534	5
5535	16
5539	12
5541	10
5543	5
5544	11
5546	5
5548	31
5550	17
5551	6
5553	25
5554	5
5559	15
5561	45
5567	6
5569	13
5574	5
5576	105
5581	6
5582	19
5589	11
5591	8
5596	5
5598	8
5599	5
5601	10
5604	21
5605	5
5606	24
5608	15
5609	11
5615	5
5616	53
5617	14
5618	7
5625	5
5629	10
5632	134
5633	15
5636	5
5644	10
5649	10
5651	22
5654	8
5655	48
5656	8
5657	5
5659	15
5660	26
5663	9
5664	10
5665	6
5667	5
5670	6
5671	6
5672	24
5673	26
5675	8
5677	69
5681	5
5682	6
5683	10
5687	11
5691	16
5693	8
5695	11
5697	5
5698	23
5699	9
5700	21
5702	12
5703	6
5708	42
5710	6
5713	12
5722	7
5724	16
5725	35
5727	22
5729	23
5730	47
5737	34
5738	7
5739	5
5741	13
5742	7
5743	5
5746	38
5747	25
5748	12
5750	17
5753	8
5754	10
5758	28
5764	5
5766	44
5768	101
5771	65
5773	12
5780	8
5782	7
5783	88
5784	11
5787	8
5789	8
5790	7
5791	12
5794	268
5797	16
5798	5
5802	19
5803	5
5808	20
5809	14
5813	5
5814	8
5817	6
5819	6
5820	10
5823	17
5825	19
5826	6
5827	32
5828	7
5833	7
5834	19
5836	15
5837	5
5839	33
5840	48
5841	5
5843	7
5844	34
5846	28
5848	9
5852	9
5854	137
5855	31
5856	67
5858	14
5859	8
5861	12
5864	84
5865	7
5866	102
5871	8
5874	16
5877	114
5883	33
5886	20
5887	37
5890	12
5892	322
5907	6
5909	47
5911	21
5917	7
5919	11
5920	31
5921	126
5922	11
5923	12
5924	97
5929	10
5932	6
5937	20
5939	32
5940	44
5942	22
5943	78
5945	8
5951	6
5961	14
5963	14
5965	8
5966	7
5967	6
5969	76
5970	10
5971	5
5972	202
5974	7
5975	9
5977	5
5978	8
5985	9
5988	8
5989	5
5992	7
5999	5
6001	6
6003	29
6009	48
6012	50
6014	5
6015	13
6022	16
6025	35
6035	13
6043	32
6044	5
6045	8
6048	61
6053	6
6057	5
6058	23
6059	5
6064	13
6065	6
6071	12
6073	16
6074	5
6081	5
6083	13
6084	12
6085	12
6090	6
6095	9
6098	9
6099	14
6100	12
6104	24
6106	20
6107	18
6108	6
6111	5
6114	7
6119	89
6122	157
6124	35
6126	9
6128	6
6130	5
6131	10
6133	34
6138	6
6139	12
6140	5
6146	120
6149	16
6150	7
6152	9
6156	5
6161	16
6166	469
6167	5
6170	6
6171	10
6175	18
6181	7
6182	7
6191	8
6192	7
6193	13
6195	29
6196	6
6199	7
6202	5
6207	14
6209	34
6214	28
6222	5
6223	6
6224	5
6229	5
6231	5
6233	13
6237	6
6239	27
6241	5
6242	34
6243	24
6244	5
6247	11
6250	8
6251	5
6254	36
6255	5
6257	34
6264	36
6266	96
6268	6
6269	5
6270	7
6271	12
6273	6
6275	5
6276	7
6278	12
6279	10
6281	5
6282	6
6286	5
6287	49
6290	5
6291	20
6295	5
6297	9
6298	5
6300	5
6301	1809
6302	6
6304	936
6306	6
6307	9
6309	9
6310	7
6313	7
6314	5
6315	13
6318	8
6319	33
6321	12
6322	5
6332	6
6334	7
6335	17
6336	5
6338	76
6339	25
6340	8
6342	9
6343	5
6344	18
6345	45
6346	59
6349	8
6350	9
6353	9
6361	6
6362	15
6363	11
6364	6
6365	5
6367	5
6368	19
6370	23
6373	6
6378	5
6380	6
6384	8
6385	13
6386	10
6388	10
6390	5
6392	6
6394	24
6396	106
6397	9
6398	10
6399	48
6405	6
6407	10
6408	11
6410	5
6415	7
6416	9
6422	7
6424	12
6426	16
6429	6
6434	12
6436	11
6439	6
6440	11
6444	26
6446	9
6451	8
6455	5
6458	35
6463	7
6465	6
6468	5
6469	13
6470	6
6471	7
6472	127
6473	9
6474	15
6475	13
6477	5
6479	18
6481	8
6486	20
6489	25
6491	7
6492	48
6495	5
6497	18
6499	16
6502	6
6504	8
6505	6
6507	6
6511	8
6513	5
6517	8
6518	16
6526	27
6529	6
6532	5
6539	5
6540	7
6541	8
6542	5
6543	10
6545	7
6547	5
6548	14
6549	9
6551	13
6553	5
6554	8
6557	33
6558	14
6559	35
6560	8
6561	5
6562	47
6563	18
6565	38
6566	20
6567	20
6568	5
6569	5
6570	8
6576	6
6578	5
6579	6
6582	9
6583	16
6586	5
6588	34
6590	9
6591	5
6593	55
6594	5
6597	8
6599	7
6600	5
6601	6
6604	15
6607	40
6608	14
6609	337
6611	10
6617	10
6618	74
6619	131
6621	5
6622	13
6625	57
6628	13
6631	64
6632	6
6637	6
6638	5
6641	16
6642	7
6643	10
6644	11
6646	11
6650	6
6651	13
6654	26
6661	64
6665	5
6666	10
6667	8
6668	10
6669	7
6671	35
6672	5
6675	12
6677	8
6682	13
6686	22
6692	10
6693	9
6694	5
6696	44
6697	6
6700	523
6701	6
6702	9
6706	8
6711	96
6712	7
6713	61
6715	8
6716	18
6717	7
6723	12
6725	146
6726	8
6730	7
6733	48
6735	5
6741	9
6742	10
6744	7
6745	7
6747	6
6752	5
6759	11
6760	5
6763	6
6764	6
6765	6
6767	6
6768	129
6769	197
6772	9
6773	20
6778	8
6781	17
6783	7
6784	7
6785	294
6787	83
6791	6
6794	104
6795	21
6796	42
6797	7
6798	16
6799	12
6802	5
6803	6
6804	5
6807	14
6808	6
6810	6
6814	5
6817	23
6819	6
6822	7
6825	6
6828	10
6829	6
6833	6
6834	102
6837	8
6838	10
6843	18
6844	172
6847	66
6848	18
6849	33
6851	13
6855	6
6856	14
6859	211
6861	35
6862	12
6863	5
6864	9
6865	16
6866	7
6868	88
6870	223
6874	11
6875	5
6878	15
6880	17
6881	106
6883	6
6885	16
6887	5
6888	12
6891	8
6894	91
6901	5
6902	22
6903	7
6904	5
6905	25
6906	6
6907	66
6911	5
6919	11
6920	33
6922	48
6923	9
6926	10
6927	5
6928	5
6931	8
6933	7
6936	5
6937	36
6940	30
6941	218
6942	7
6944	7
6945	11
6947	7
6948	8
6949	10
6950	11
6953	6
6955	66
6957	9
6959	55
6961	6
6962	16
6963	28
6965	11
6966	5
6969	5
6970	29
6971	21
6972	30
6973	7
6976	15
6978	6
6979	19
6982	21
6983	13
6986	15
6987	14
6990	7
6991	58
6992	11
6994	28
6995	6
6997	17
6998	138
7000	6
7006	22
7007	6
7009	17
7011	11
7013	6
7014	6
7015	9
7016	7
7017	22
7019	13
7022	8
7026	13
7027	7
7028	7
7029	15
7030	18
7031	52
7032	16
7033	6
7035	7
7037	16
7038	51
7039	9
7040	12
7041	48
7042	11
7043	5
7045	17
7046	26
7047	36
7048	5
7049	5
7050	5
7051	20
7052	12
7053	19
7057	9
7058	7
7060	5
7061	7
7063	14
7067	9
7070	6
7071	55
7072	14
7075	17
7078	91
7079	5
7082	8
7087	16
7089	24
7090	73
7094	10
7095	6
7097	6
7102	46
7106	10
7107	22
7108	12
7110	11
7112	11
7115	21
7116	16
7117	14
7119	15
7120	5
7121	12
7122	6
7124	17
7125	6
7128	167
7130	5
7131	7
7136	5
7137	8
7138	12
7139	7
7141	5
7142	10
7146	10
7147	5
7148	6
7149	7
7150	5
7157	6
7158	9
7163	10
7164	10
7166	110
7169	71
7172	43
7174	10
7175	15
7178	43
7180	8
7182	7
7185	7
7186	6
7191	27
7194	7
7195	5
7197	13
7199	6
7204	45
7206	5
7210	12
7213	12
7214	7
7215	20
7221	11
7223	23
7227	6
7228	23
7229	6
7232	111
7233	6
7234	7
7235	29
7236	8
7239	18
7240	16
7242	8
7243	17
7244	12
7248	12
7251	65
7252	17
7255	6
7256	18
7259	14
7261	5
7262	122
7264	103
7266	198
7271	16
7272	63
7275	6
7279	81
7281	15
7288	18
7289	19
7290	10
7296	5
7297	8
7298	46
7301	6
7304	85
7317	9
7321	18
7323	15
7325	5
7326	7
7328	6
7329	5
7332	8
7334	7
7335	7
7337	10
7338	17
7340	7
7342	20
7343	7
7344	12
7345	5
7348	20
7349	50
7351	23
7352	33
7353	8
7354	5
7358	10
7362	13
7365	175
7367	35
7368	9
7370	12
7376	12
7379	10
7381	16
7383	16
7385	18
7386	41
7387	6
7389	12
7390	6
7391	5
7392	6
7395	15
7398	6
7399	27
7400	10
7403	15
7404	5
7406	6
7407	11
7408	39
7409	14
7410	29
7411	34
7412	71
7414	7
7415	19
7417	11
7418	8
7422	6
7424	5
7425	23
7426	22
7427	6
7431	8
7433	6
7437	65
7441	8
7445	5
7448	5
7449	5
7451	24
7452	5
7453	7
7456	9
7461	23
7462	26
7463	12
7465	19
7470	7
7471	43
7475	25
7486	37
7489	17
7492	23
7493	15
7494	15
7498	10
7503	15
7507	6
7510	8
7512	7
7514	5
7518	7
7520	50
7522	13
7523	24
7526	14
7527	8
7528	40
7533	17
7534	12
7535	5
7537	6
7538	6
7539	5
7540	7
7541	7
7543	113
7545	15
7546	42
7548	5
7549	5
7552	8
7557	31
7559	8
7561	14
7562	9
7563	47
7567	6
7568	6
7569	7
7570	7
7574	7
7578	7
7579	11
7581	120
7582	6
7583	19
7584	8
7587	5
7592	21
7594	9
7601	7
7604	6
7606	11
7607	28
7608	6
7609	5
7610	17
7612	5
7613	9
7614	8
7615	5
7618	11
7619	7
7620	7
7621	513
7629	20
7634	30
7635	20
7637	12
7638	160
7641	15
7645	8
7647	25
7649	6
7650	5
7651	5
7655	5
7656	5
7659	6
7660	16
7663	6
7664	11
7669	6
7671	71
7675	7
7676	43
7678	6
7681	7
7682	7
7684	9
7685	10
7686	6
7687	6
7690	23
7691	42
7692	7
7693	14
7695	7
7696	8
7697	6
7698	8
7699	9
7708	24
7709	6
7713	10
7714	19
7715	6
7724	8
7725	10
7733	5
7735	19
7737	6
7739	49
7741	10
7742	10
7743	72
7745	5
7748	10
7751	5
7752	12
7753	7
7756	8
7757	6
7759	52
7760	7
7761	24
7766	35
7770	16
7771	7
7774	5
7775	5
7776	302
7782	19
7784	5
7788	5
7789	26
7790	10
7792	10
7795	5
7797	10
7798	9
7799	24
7800	46
7801	5
7802	6
7807	6
7808	7
7809	7
7810	10
7815	11
7817	21
7819	109
7820	34
7821	5
7825	5
7827	24
7828	5
7830	6
7832	20
7834	5
7840	17
7842	41
7844	7
7845	31
7846	21
7851	7
7852	75
7853	5
7854	15
7855	31
7856	5
7857	7
7859	6
7861	8
7864	6
7866	23
7868	24
7869	5
7870	34
7873	20
7874	86
7876	7
7879	8
7882	47
7885	9
7886	12
7887	9
7888	6
7889	6
7892	11
7896	17
7897	7
7901	19
7902	7
7906	13
7912	11
7913	50
7914	6
7915	5
7920	5
7921	18
7923	7
7929	5
7931	7
7933	9
7934	6
7936	6
7942	10
7945	5
7948	15
7950	17
7954	11
7955	10
7956	40
7957	13
7963	18
7964	39
7966	110
7967	22
7968	125
7970	8
7971	48
7975	7
7976	6
7977	87
7978	6
7979	13
7980	27
7983	21
7984	9
7986	323
7988	32
7990	7
7991	6
7993	5
7994	6
7998	50
8004	11
8006	24
8007	11
8008	65
8010	65
8012	7
8014	15
8015	7
8017	64
8018	7
8021	8
8025	5
8026	12
8029	6
8031	15
8032	27
8033	17
8037	27
8040	54
8041	9
8042	54
8043	7
8044	5
8046	7
8048	6
8050	9
8053	46
8054	89
8055	28
8057	18
8060	27
8061	8
8062	5
8063	5
8064	24
8068	6
8070	6
8072	27
8073	9
8074	22
8075	7
8079	29
8081	39
8082	8
8083	5
8084	6
8085	7
8086	6
8087	5
8091	9
8095	12
8098	214
8099	21
8102	7
8104	114
8105	10
8107	12
8108	8
8109	6
8110	11
8111	9
8114	8
8116	8
8120	26
8122	14
8124	8
8128	5
8129	10
8130	49
8134	26
8137	7
8142	44
8143	10
8144	91
8145	68
8148	26
8149	5
8150	87
8152	12
8156	5
8157	17
8160	25
8162	19
8163	8
8164	9
8165	5
8166	5
8175	10
8177	8
8178	6
8183	5
8186	10
8187	64
8189	6
8190	12
8192	11
8193	6
8194	14
8197	60
8202	17
8205	18
8207	7
8208	16
8210	8
8212	6
8213	227
8217	71
8218	154
8221	8
8222	8
8225	9
8227	13
8229	19
8230	19
8231	6
8232	6
8235	5
8236	5
8237	12
8238	6
8240	12
8241	7
8242	37
8243	20
8245	6
8246	87
8247	5
8248	13
8249	35
8250	7
8251	18
8252	33
8253	7
8261	10
8262	11
8263	32
8268	30
8271	6
8273	5
8276	52
8277	6
8279	43
8282	6
8287	9
8289	9
8291	16
8293	49
8294	18
8298	10
8299	6
8302	5
8304	16
8307	21
8308	6
8311	5
8312	13
8317	9
8320	5
8321	68
8322	9
8323	5
8324	56
8325	7
8327	5
8329	10
8331	25
8337	8
8338	9
8339	299
8340	6
8341	7
8342	8
8345	12
8348	10
8350	10
8351	205
8353	7
8356	5
8357	7
8358	11
8359	8
8360	17
8361	39
8363	19
8364	7
8367	6
8368	64
8369	27
8370	5
8375	55
8376	106
8377	16
8380	248
8383	12
8384	12
8386	7
8387	8
8388	14
8389	22
8391	83
8392	5
8393	18
8394	7
8395	128
8398	5
8399	6
8400	17
8402	11
8404	7
8408	39
8410	11
8413	9
8416	7
8425	11
8426	18
8427	23
8439	15
8440	14
8441	10
8443	14
8445	18
8446	5
8447	5
8449	246
8450	7
8451	97
8452	90
8453	14
8455	25
8459	6
8462	63
8466	13
8467	9
8472	5
8476	11
8477	6
8478	8
8479	142
8483	13
8484	41
8485	7
8488	7
8489	7
8490	5
8491	12
8493	8
8496	6
8497	33
8502	5
8503	25
8506	36
8507	9
8508	39
8509	48
8510	66
8512	7
8513	58
8518	8
8520	50
8522	9
8524	7
8525	66
8526	6
8527	8
8528	11
8529	7
8530	6
8532	8
8533	117
8535	30
8536	84
8539	6
8540	5
8542	6
8544	8
8547	19
8549	15
8551	9
8552	30
8555	13
8556	11
8558	32
8559	6
8560	36
8562	38
8565	7
8569	9
8570	16
8571	17
8572	7
8573	67
8575	5
8579	7
8585	9
8586	60
8587	37
8588	9
8591	5
8593	8
8594	31
8596	7
8599	19
8601	6
8602	18
8604	5
8605	9
8610	10
8612	7
8616	16
8617	7
8622	5
8624	42
8625	25
8626	17
8629	5
8630	75
8631	7
8635	5
8638	5
8640	6
8641	7
8643	6
8645	14
8647	8
8651	7
8652	6
8653	5
8661	5
8663	21
8664	9
8665	10
8666	7
8669	32
8672	19
8674	10
8676	5
8683	40
8684	261
8685	9
8687	14
8689	7
8693	10
8697	8
8699	8
8701	13
8703	20
8704	17
8705	19
8710	44
8712	7
8714	6
8717	32
8718	13
8719	10
8720	13
8721	10
8722	9
8723	5
8724	13
8726	6
8727	20
8729	5
8734	9
8738	7
8739	46
8740	42
8741	37
8743	109
8744	6
8745	18
8750	7
8752	34
8754	9
8755	33
8757	15
8758	5
8760	34
8761	11
8765	15
8766	10
8767	10
8769	14
8773	5
8777	6
8779	8
8781	15
8783	7
8785	6
8792	18
8793	63
8794	10
8796	19
8797	7
8798	5
8799	5
8802	15
8803	58
8804	10
8806	124
8809	6
8810	15
8811	9
8812	8
8813	11
8816	11
8817	42
8818	6
8820	35
8821	42
8828	6
8829	10
8831	7
8832	40
8838	12
8842	10
8843	10
8850	5
8852	6
8858	9
8860	18
8863	8
8865	2088
8866	8
8869	7
8872	7
8873	7
8874	7
8879	131
8880	9
8881	5
8884	9
8885	9
8886	5
8887	146
8888	6
8890	5
8894	11
8896	5
8897	18
8899	45
8900	5
8902	15
8905	7
8908	15
8909	44
8910	21
8911	8
8912	54
8915	16
8918	6
8920	36
8921	5
8922	30
8923	52
8925	7
8928	5
8933	7
8934	7
8941	9
8943	25
8944	72
8945	7
8947	10
8949	17
8950	7
8952	8
8953	12
8954	10
8956	18
8958	6
8959	5
8961	9
8963	8
8964	5
8965	10
8969	618
8970	6
8973	13
8974	6
8975	7
8978	84
8981	24
8983	5
8985	8
8986	5
8987	187
8988	5
8989	7
8991	7
8993	11
8995	322
9001	6
9002	6
9005	5
9008	6
9010	84
9011	6
9013	11
9016	5
9017	5
9018	8
9019	31
9021	5
9023	6
9025	5
9026	7
9028	45
9029	5
9030	34
9032	19
9034	38
9035	7
9037	25
9038	40
9039	7
9040	18
9042	6
9044	7
9045	33
9046	35
9047	5
9049	21
9054	119
9055	6
9060	7
9061	7
9062	7
9063	5
9064	15
9065	11
9066	21
9068	9
9072	32
9078	31
9079	10
9080	30
9083	12
9085	8
9088	6
9089	6
9093	15
9095	9
9097	5
9098	7
9103	48
9104	11
9107	5
9109	7
9110	5
9116	11
9117	16
9120	13
9121	88
9124	8
9126	45
9128	47
9130	39
9132	7
9136	7
9140	11
9141	11
9144	80
9145	9
9148	32
9149	6
9151	5
9153	115
9155	5
9165	64
9168	11
9171	5
9175	201
9180	66
9181	5
9183	20
9184	5
9185	5
9187	14
9189	8
9192	7
9193	153
9196	5
9198	14
9201	61
9202	7
9208	8
9210	5
9211	8
9212	7
9214	5
9215	8
9216	5
9218	8
9219	11
9220	6
9223	7
9224	8
9225	61
9230	32
9232	16
9237	5
9238	9
9240	14
9242	18
9249	5
9252	5
9253	13
9255	5
9261	5
9262	13
9264	8
9265	68
9266	5
9267	7
9271	5
9275	16
9277	6
9282	10
9285	48
9290	5
9291	22
9293	42
9298	7
9300	11
9306	5
9312	7
9314	6
9315	22
9316	8
9318	9
9320	16
9323	29
9324	8
9325	5
9328	12
9329	6
9330	129
9331	11
9333	6
9340	29
9344	11
9345	5
9346	10
9347	20
9348	9
9352	8
9357	10
9358	7
9359	5
9360	6
9361	7
9365	19
9366	5
9371	12
9374	6
9375	18
9376	8
9382	8
9384	5
9390	6
9391	5
9394	306
9395	6
9396	12
9397	14
9400	7
9405	5
9408	5
9410	13
9420	11
9423	17
9424	8
9427	5
9429	8
9433	9
9434	11
9435	13
9439	5
9441	7
9442	10
9444	8
9445	109
9448	58
9453	51
9456	6
9458	18
9460	12
9463	8
9464	6
9466	21
9467	9
9469	5
9470	7
9473	11
9474	62
9475	5
9477	5
9483	6
9484	5
9486	6
9488	7
9491	6
9493	44
9495	5
9496	5
9497	6
9498	13
9499	6
9500	609
9503	44
9504	5
9505	8
9506	7
9507	9
9508	8
9509	27
9510	27
9511	11
9522	5
9523	5
9525	6
9526	1052
9527	7
9532	6
9534	8
9535	8
9538	345
9542	84
9546	185
9549	33
9550	9
9553	5
9559	6
9561	207
9562	5
9563	17
9564	6
9566	6
9567	29
9571	40
9572	5
9575	21
9576	10
9578	7
9579	13
9581	10
9582	17
9584	64
9585	8
9586	13
9587	43
9588	19
9589	310
9590	5
9591	43
9594	7
9596	15
9600	9
9601	10
9603	8
9608	24
9610	121
9611	37
9615	9
9617	15
9618	24
9620	27
9622	18
9624	20
9625	231
9627	81
9628	10
9632	19
9633	46
9637	73
9639	5
9640	7
9641	8
9645	17
9648	56
9652	9
9653	13
9655	8
9657	10
9658	6
9660	6
9661	8
9666	9
9669	513
9672	10
9674	8
9676	102
9680	5
9681	10
9686	6
9695	7
9698	8
9699	35
9700	5
9701	8
9702	7
9704	33
9711	15
9712	8
9714	6
9715	6
9716	106
9717	5
9719	27
9721	52
9722	23
9724	16
9727	68
9733	10
9735	6
9736	8
9738	49
9743	10
9746	6
9749	5
9752	9
9753	14
9756	7
9757	38
9762	7
9763	60
9764	67
9766	99
9768	15
9769	15
9770	12
9774	6
9776	6
9781	7
9784	134
9787	5
9788	24
9789	5
9792	34
9793	12
9799	6
9800	47
9801	30
9803	50
9805	34
9808	5
9809	42
9813	122
9814	5
9816	9
9817	14
9821	6
9822	57
9823	10
9824	10
9825	98
9826	18
9827	9
9828	9
9831	8
9832	18
9833	15
9834	6
9835	6
9836	5
9837	5
9838	28
9840	6
9843	9
9844	6
9849	5
9850	6
9853	7
9854	6
9856	6
9857	5
9859	7
9864	7
9866	34
9869	5
9870	25
9872	5
9873	7
9874	5
9879	6
9880	5
9883	5
9884	9
9885	8
9886	10
9888	5
9890	161
9895	6
9896	6
9900	16
9901	20
9903	21
9904	6
9907	5
9909	17
9915	47
9920	9
9921	19
9924	207
9925	52
9926	142
9932	20
9933	12
9934	45
9935	65
9938	11
9940	8
9942	5
9943	5
9944	8
9945	6
9947	57
9950	5
9951	10
9952	6
9954	8
9957	8
9958	5
9959	12
9961	6
9962	86
9964	30
9966	8
9968	9
9970	9
9972	5
9974	1652
9975	18
9976	71
9977	7
9979	6
9982	5
9983	15
9985	8
9986	6
9992	32
9993	6
9996	14
9997	5
9998	21
9999	17
10000	19
10002	5
10003	5
10004	5
10005	5
10006	5
10008	5
10017	7
10018	5
10020	6
10028	5
10031	9
10034	5
10036	8
10037	6
10038	6
10040	7
10041	16
10042	5
10043	7
10045	6
10046	7
10049	7
10052	7
10053	5
10056	5
