1	6
2	6
7	7
10	16
15	12
23	43
25	9
26	7
27	9
28	5
30	10
32	5
33	17
36	9
37	11
38	15
40	34
41	7
44	9
46	5
56	50
58	25
60	8
61	6
63	116
65	26
68	13
73	6
74	15
76	18
78	8
86	9
87	6
89	7
92	23
94	5
97	14
99	23
100	5
101	9
107	6
108	14
110	5
111	7
114	7
115	7
116	8
118	8
119	7
122	31
124	6
125	21
133	44
134	22
136	32
140	18
142	12
143	5
148	7
152	9
153	6
158	92
161	27
162	38
167	18
171	11
172	6
173	22
174	32
176	5
177	5
184	31
185	26
187	24
189	28
191	8
201	9
205	5
208	5
211	21
216	10
217	6
219	5
221	6
227	6
229	20
235	12
241	9
243	200
244	5
246	7
251	28
254	22
256	13
257	38
258	63
261	13
268	13
271	16
275	5
279	7
288	12
290	5
295	6
300	8
302	5
303	29
304	8
309	10
311	10
312	33
315	7
316	10
317	6
318	6
321	6
322	25
323	8
324	41
326	6
327	5
328	27
331	17
333	9
337	5
338	6
341	56
342	10
343	7
344	9
345	8
347	15
351	7
352	15
353	45
355	17
359	63
361	7
363	8
365	5
366	22
367	8
368	8
371	16
373	10
380	18
384	26
385	27
391	10
392	5
393	10
394	8
396	5
399	24
400	12
408	20
412	135
415	8
417	27
418	19
421	29
427	7
430	5
432	12
436	27
443	5
446	5
447	18
448	18
449	10
455	67
456	28
457	24
459	11
463	6
467	12
469	11
470	8
471	26
475	14
477	10
478	8
483	10
485	7
489	14
495	5
498	5
500	8
502	7
505	7
506	65
507	21
509	19
511	95
513	73
515	8
518	21
521	7
522	7
526	32
527	8
528	18
530	8
531	32
533	8
534	139
539	19
540	12
542	9
547	11
549	5
553	11
554	7
556	13
557	41
558	182
560	6
561	10
572	7
574	9
578	22
579	179
580	6
582	6
585	8
588	7
589	8
591	29
594	47
601	17
604	24
605	11
606	46
610	8
613	43
615	14
618	5
620	72
622	7
624	19
626	5
627	16
628	27
629	18
633	25
635	18
638	6
639	8
640	235
643	5
646	5
648	122
650	13
651	8
657	5
660	9
667	11
669	13
672	24
673	5
675	8
677	30
680	15
681	5
686	6
687	16
688	5
689	9
691	12
693	16
694	6
698	24
700	7
703	6
704	7
705	18
707	52
710	52
711	16
712	15
715	8
716	6
719	16
720	5
722	28
723	64
726	189
733	120
734	16
735	10
738	9
740	13
741	10
742	55
744	7
745	5
746	33
756	5
757	5
758	85
760	20
761	7
762	5
763	8
764	13
767	13
768	9
772	8
789	11
791	23
792	13
793	27
794	5
798	10
799	7
809	6
811	25
812	13
813	6
814	5
816	13
822	10
823	6
826	171
829	5
830	22
836	6
837	19
841	38
844	15
845	8
846	5
850	8
855	22
856	9
857	263
858	6
860	16
861	7
862	55
863	5
865	26
873	6
875	32
876	6
878	108
884	12
890	12
892	10
894	9
895	42
899	5
901	8
902	5
905	50
906	5
907	10
915	66
917	12
919	14
920	19
921	11
922	6
925	36
927	8
929	5
930	55
933	5
934	8
936	8
937	5
938	6
940	18
941	8
944	7
948	6
949	10
952	6
953	8
954	7
957	9
958	57
961	15
963	5
969	17
971	10
972	17
974	5
976	46
978	7
979	75
981	21
984	7
986	15
987	7
988	7
991	66
993	16
995	13
998	12
999	6
1000	19
1002	19
1004	17
1005	45
1006	14
1009	28
1012	12
1013	18
1017	58
1018	7
1019	6
1021	11
1022	28
1025	26
1027	65
1028	5
1029	160
1031	44
1034	11
1037	12
1040	11
1042	9
1045	5
1048	17
1052	29
1058	7
1059	6
1060	5
1062	9
1065	5
1066	23
1067	80
1068	24
1071	72
1073	6
1074	24
1077	17
1086	12
1087	9
1089	8
1095	14
1097	5
1098	45
1102	22
1107	15
1108	65
1112	9
1113	29
1114	6
1118	86
1120	10
1121	78
1125	33
1126	18
1127	11
1128	36
1130	16
1132	604
1133	5
1135	5
1137	20
1143	86
1144	7
1145	25
1147	39
1148	9
1151	7
1152	20
1155	161
1160	31
1162	9
1164	15
1165	6
1166	16
1168	61
1171	9
1172	13
1175	5
1176	7
1178	18
1180	5
1181	15
1183	7
1186	90
1189	33
1190	5
1191	9
1192	11
1194	19
1196	8
1198	8
1199	20
1202	7
1204	30
1205	8
1206	24
1208	13
1212	17
1213	79
1215	16
1216	6
1221	18
1222	5
1223	8
1225	85
1226	6
1227	6
1235	10
1236	59
1238	5
1240	29
1243	7
1246	75
1252	10
1253	10
1256	44
1264	13
1267	226
1274	16
1279	7
1281	13
1284	7
1285	6
1288	9
1290	7
1291	6
1293	8
1294	13
1296	32
1297	5
1298	8
1299	12
1305	5
1307	7
1309	12
1310	8
1317	5
1320	11
1323	5
1325	62
1326	11
1327	8
1329	25
1331	119
1332	6
1338	8
1343	7
1344	7
1347	14
1348	21
1349	5
1350	16
1352	6
1353	12
1356	19
1357	27
1359	11
1364	23
1365	12
1366	7
1368	9
1369	47
1370	53
1376	11
1378	5
1380	6
1381	26
1382	116
1386	12
1388	31
1389	13
1394	6
1395	6
1396	86
1403	7
1406	222
1408	301
1409	51
1410	12
1411	11
1414	5
1415	19
1418	6
1419	12
1421	7
1422	5
1426	10
1427	50
1428	8
1430	15
1432	10
1433	17
1434	13
1435	6
1437	55
1438	14
1440	140
1441	5
1442	11
1443	6
1446	5
1448	5
1450	14
1451	21
1452	23
1453	5
1454	5
1455	9
1456	13
1460	6
1463	15
1464	7
1465	14
1467	13
1469	178
1473	19
1474	7
1475	118
1478	51
1480	7
1483	18
1485	7
1486	47
1487	7
1494	13
1495	7
1496	5
1497	10
1499	5
1503	17
1504	28
1505	56
1506	9
1507	17
1510	9
1511	8
1512	66
1513	5
1514	20
1515	17
1518	13
1519	13
1520	24
1521	15
1522	14
1523	8
1527	54
1529	29
1532	18
1533	10
1537	6
1540	32
1544	8
1545	5
1548	6
1549	20
1550	6
1551	12
1554	50
1555	6
1562	14
1564	105
1565	6
1566	6
1567	5
1570	8
1572	14
1573	5
1576	39
1577	8
1580	528
1584	7
1589	6
1590	14
1592	8
1593	6
1595	5
1597	6
1602	57
1603	10
1604	23
1608	27
1611	17
1616	20
1621	9
1622	12
1625	5
1627	16
1630	63
1632	75
1633	11
1637	25
1638	14
1639	7
1640	7
1641	11
1642	161
1645	5
1647	10
1648	6
1649	6
1653	5
1654	6
1655	5
1656	35
1659	9
1661	6
1662	9
1668	21
1669	5
1671	9
1672	6
1673	17
1674	26
1677	5
1679	100
1684	9
1689	117
1700	12
1701	9
1702	46
1707	44
1711	13
1712	8
1713	35
1717	7
1720	17
1724	22
1725	9
1730	11
1732	28
1734	6
1735	9
1736	27
1739	40
1741	9
1744	12
1745	21
1747	54
1749	7
1753	8
1755	12
1758	8
1759	53
1761	5
1764	5
1774	8
1775	5
1777	10
1778	7
1780	29
1783	100
1784	31
1787	16
1797	19
1798	9
1802	8
1805	5
1806	13
1809	7
1810	22
1814	5
1815	5
1818	28
1822	26
1828	25
1831	12
1832	14
1833	33
1834	23
1835	96
1836	6
1840	10
1841	6
1842	27
1843	11
1844	6
1849	6
1850	7
1852	8
1854	32
1855	10
1857	8
1859	7
1860	8
1861	12
1866	6
1870	5
1873	5
1875	43
1878	14
1880	8
1882	53
1883	5
1886	31
1892	29
1894	44
1896	5
1897	15
1898	6
1902	37
1905	47
1906	13
1908	19
1910	5
1913	10
1915	5
1917	9
1919	22
1922	7
1929	11
1931	12
1933	7
1935	13
1937	109
1941	23
1943	28
1945	19
1949	12
1952	12
1953	7
1957	27
1958	93
1959	16
1960	7
1964	6
1965	6
1968	16
1969	7
1976	5
1977	8
1981	35
1985	32
1987	17
1989	9
1991	7
1993	10
1994	6
1995	21
1998	5
2003	12
2006	8
2011	20
2017	7
2019	24
2021	5
2023	25
2024	26
2029	7
2032	7
2033	6
2036	27
2037	7
2042	14
2044	5
2045	5
2046	21
2048	32
2049	89
2050	5
2051	5
2054	19
2055	10
2057	6
2059	45
2060	5
2061	13
2062	10
2064	5
2065	7
2066	5
2068	5
2069	7
2070	7
2071	60
2074	82
2075	16
2078	19
2082	5
2083	25
2085	9
2092	12
2097	100
2098	5
2099	11
2101	7
2102	15
2103	9
2105	19
2107	11
2117	59
2119	7
2126	9
2127	25
2128	12
2130	57
2132	20
2133	15
2134	5
2135	6
2136	36
2138	8
2142	76
2143	19
2149	22
2150	8
2155	58
2157	76
2158	25
2164	47
2167	11
2172	26
2175	28
2177	11
2178	8
2182	6
2183	7
2186	6
2188	20
2189	9
2190	33
2191	18
2192	24
2195	8
2196	14
2197	9
2200	22
2205	12
2208	7
2209	44
2210	7
2212	56
2214	16
2216	14
2217	6
2218	5
2219	5
2220	11
2222	9
2226	30
2232	6
2233	6
2236	8
2240	5
2242	12
2248	6
2252	13
2253	8
2254	6
2257	18
2261	9
2262	6
2264	11
2267	27
2270	33
2271	5
2272	5
2273	5
2278	18
2283	9
2284	17
2287	8
2289	5
2292	17
2293	6
2294	13
2300	7
2302	8
2303	13
2305	6
2307	24
2308	8
2313	9
2317	5
2318	10
2323	14
2324	91
2328	6
2330	52
2332	15
2335	6
2339	10
2348	17
2349	24
2351	119
2353	6
2356	6
2360	152
2363	8
2366	16
2368	5
2369	6
2370	11
2376	7
2379	12
2382	18
2386	6
2388	5
2390	9
2393	14
2395	5
2398	13
2399	6
2400	9
2402	11
2403	5
2409	25
2412	69
2413	7
2420	11
2424	11
2426	12
2427	19
2436	14
2438	5
2440	13
2442	5
2445	145
2446	82
2447	9
2448	82
2451	12
2454	13
2456	17
2463	8
2464	9
2466	6
2470	22
2477	93
2478	19
2479	6
2483	41
2484	29
2490	5
2491	9
2494	33
2495	10
2498	6
2499	6
2502	52
2504	22
2505	5
2508	28
2509	9
2510	6
2513	11
2514	13
2515	6
2516	17
2518	11
2519	5
2522	93
2526	46
2527	18
2528	18
2531	194
2532	66
2534	22
2537	10
2540	47
2541	6
2542	5
2543	11
2544	8
2546	70
2547	6
2549	8
2554	7
2555	10
2556	5
2557	14
2560	23
2561	72
2562	20
2569	22
2573	9
2576	9
2579	13
2580	9
2590	6
2593	6
2596	9
2602	6
2603	9
2604	5
2605	5
2609	6
2611	6
2613	18
2614	17
2616	99
2617	21
2618	6
2619	22
2621	35
2622	7
2624	5
2625	76
2627	5
2629	9
2630	133
2631	12
2632	8
2636	7
2641	10
2642	5
2643	5
2644	29
2648	35
2649	31
2650	24
2652	16
2656	11
2659	7
2660	9
2663	13
2664	5
2665	11
2670	7
2672	11
2676	14
2677	5
2678	17
2682	9
2684	5
2688	8
2690	45
2694	8
2695	7
2697	19
2700	6
2702	9
2703	5
2706	6
2709	25
2715	10
2719	94
2722	20
2723	9
2726	5
2728	56
2730	7
2734	6
2736	32
2737	6
2739	48
2740	6
2741	5
2742	5
2744	5
2745	18
2746	23
2749	8
2750	143
2752	11
2755	6
2757	7
2758	5
2760	8
2761	5
2762	22
2764	14
2765	6
2766	11
2768	91
2773	8
2774	14
2776	17
2778	28
2780	9
2781	5
2784	5
2787	20
2789	19
2793	5
2794	11
2798	23
2799	6
2801	9
2808	10
2810	7
2816	12
2819	6
2823	8
2824	6
2825	16
2827	9
2828	9
2831	5
2841	5
2844	6
2849	11
2850	7
2853	8
2856	5
2858	6
2861	7
2862	32
2863	6
2864	24
2865	9
2867	9
2871	9
2875	14
2877	5
2878	97
2881	13
2883	12
2884	7
2886	16
2887	28
2888	26
2890	7
2894	31
2895	13
2896	48
2897	5
2902	20
2905	9
2910	20
2912	5
2914	115
2915	12
2916	8
2917	88
2918	9
2921	6
2923	7
2924	9
2926	17
2927	12
2929	8
2931	91
2932	21
2933	5
2937	54
2939	22
2941	10
2943	21
2946	13
2950	24
2951	51
2955	218
2956	10
2961	5
2962	9
2965	27
2968	119
2970	7
2972	14
2973	78
2974	10
2976	12
2977	17
2983	7
2985	10
2988	5
2989	5
2990	50
2993	32
2994	12
2996	8
2997	28
2999	24
3001	13
3003	29
3004	18
3005	8
3006	129
3009	36
3012	15
3017	19
3019	5
3020	25
3023	8
3025	15
3032	19
3034	425
3035	12
3036	12
3038	28
3039	5
3041	25
3043	10
3045	27
3047	30
3056	9
3058	10
3062	18
3064	7
3065	5
3066	7
3068	26
3075	82
3077	14
3079	5
3081	21
3082	27
3083	7
3087	132
3089	8
3090	6
3091	102
3092	33
3093	10
3094	19
3095	283
3096	7
3100	49
3106	21
3108	8
3109	42
3110	23
3112	5
3114	7
3116	14
3120	8
3123	18
3126	6
3127	16
3128	13
3130	7
3131	6
3133	10
3134	16
3138	7
3139	5
3140	42
3142	30
3143	11
3148	30
3149	6
3152	8
3154	18
3155	19
3161	27
3167	12
3168	17
3169	7
3170	7
3172	6
3173	6
3174	8
3176	8
3177	6
3178	15
3180	9
3181	31
3182	242
3187	20
3191	153
3193	6
3195	10
3196	15
3198	14
3199	83
3205	17
3206	5
3210	15
3211	52
3213	60
3214	6
3215	40
3218	10
3221	9
3223	31
3224	5
3228	46
3229	9
3232	73
3233	6
3234	5
3235	19
3238	24
3244	9
3247	8
3256	7
3259	8
3260	7
3265	10
3266	28
3268	5
3269	5
3270	9
3273	109
3275	20
3276	7
3278	30
3280	32
3284	42
3287	11
3289	41
3291	58
3292	5
3294	336
3295	7
3296	5
3300	5
3305	56
3312	9
3314	11
3315	8
3317	19
3318	5
3319	16
3321	11
3323	6
3328	7
3330	7
3335	74
3337	10
3340	157
3341	9
3344	21
3346	5
3349	80
3351	7
3353	5
3354	5
3359	26
3362	6
3364	5
3366	6
3368	6
3369	5
3370	7
3372	16
3377	5
3381	19
3382	5
3384	15
3385	5
3386	6
3389	41
3392	310
3396	12
3400	17
3402	5
3403	9
3405	159
3409	7
3414	7
3415	7
3418	30
3419	6
3421	5
3423	23
3424	8
3425	47
3427	5
3428	33
3431	9
3434	5
3436	5
3437	5
3443	6
3445	5
3449	25
3452	12
3454	23
3459	6
3461	6
3462	16
3464	6
3467	12
3470	10
3474	20
3475	6
3476	12
3477	7
3478	15
3480	10
3484	7
3485	14
3486	7
3487	18
3489	6
3490	28
3491	7
3494	8
3495	7
3497	7
3501	365
3503	16
3509	9
3511	177
3512	5
3515	7
3517	5
3518	45
3519	9
3524	32
3525	21
3533	13
3535	7
3537	7
3538	8
3545	6
3546	9
3548	9
3549	30
3551	6
3556	5
3557	5
3559	10
3560	20
3562	14
3564	9
3565	18
3566	24
3568	199
3569	5
3571	19
3575	17
3576	13
3577	12
3579	17
3581	5
3583	12
3591	5
3592	45
3595	9
3600	8
3602	120
3604	5
3605	9
3606	5
3612	8
3613	13
3615	15
3616	54
3619	12
3622	8
3623	11
3626	15
3630	81
3632	17
3634	21
3636	13
3638	6
3643	19
3647	15
3648	8
3652	23
3657	6
3658	79
3660	6
3661	11
3662	5
3663	9
3664	7
3665	6
3667	7
3668	9
3672	15
3677	57
3678	15
3681	13
3683	8
3684	8
3686	8
3687	20
3688	28
3690	7
3691	38
3693	12
3700	6
3702	337
3708	7
3709	12
3710	10
3711	104
3712	11
3713	7
3714	13
3720	8
3724	14
3728	19
3731	7
3734	7
3735	324
3736	8
3739	8
3740	5
3741	5
3743	5
3744	8
3747	48
3751	10
3752	326
3757	6
3760	8
3761	12
3763	83
3764	6
3765	26
3766	5
3767	9
3774	98
3776	9
3780	8
3781	5
3784	65
3786	6
3787	88
3789	9
3790	203
3796	9
3801	48
3806	85
3809	12
3811	10
3812	58
3814	5
3815	5
3816	15
3817	11
3821	142
3822	355
3823	7
3824	5
3826	15
3829	5
3832	6
3836	187
3838	5
3840	7
3841	10
3848	89
3858	40
3860	9
3869	5
3870	5
3871	8
3872	38
3873	230
3874	7
3876	5
3879	7
3881	54
3882	15
3889	6
3893	5
3894	8
3895	6
3897	7
3898	6
3899	29
3900	148
3901	14
3903	8
3906	6
3907	9
3910	5
3911	16
3913	18
3914	84
3915	46
3917	81
3925	25
3928	9
3930	29
3932	6
3933	13
3936	7
3938	11
3940	6
3943	31
3947	7
3949	5
3952	5
3957	11
3958	7
3966	13
3970	97
3972	7
3974	6
3982	11
3984	93
3988	11
3989	45
3992	6
3997	19
3998	66
4000	5
4001	10
4003	10
4004	8
4007	7
4008	21
4011	5
4012	5
4013	20
4016	26
4017	103
4022	13
4026	7
4027	7
4031	9
4033	8
4034	10
4039	10
4040	16
4041	31
4042	6
4044	52
4046	9
4047	44
4048	34
4049	7
4053	11
4056	313
4057	7
4060	7
4061	9
4062	7
4065	28
4066	28
4068	9
4070	35
4071	16
4076	15
4077	10
4078	19
4079	11
4080	14
4081	16
4083	7
4086	7
4087	21
4088	182
4091	5
4094	24
4097	11
4098	9
4099	17
4100	15
4102	78
4105	87
4111	288
4113	168
4116	14
4118	11
4121	9
4122	34
4123	15
4127	9963
4128	7
4130	15
4131	42
4133	8
4135	28
4136	38
4138	17
4139	5
4142	29
4143	6
4147	5
4148	6
4149	10
4150	6
4151	6
4152	35
4155	18
4156	6
4161	29
4162	61
4163	9
4168	5
4169	12
4170	10
4171	5
4173	5
4174	9
4175	23
4178	6
4179	7
4180	6
4184	19
4185	5
4191	7
4195	8
4197	6
4203	8
4205	60
4207	8
4213	25
4214	17
4215	46
4216	5
4220	9
4222	13
4223	45
4224	10
4227	80
4229	14
4235	25
4236	13
4238	14
4239	12
4241	11
4242	7
4243	5
4245	7
4246	7
4247	12
4248	35
4259	246
4260	36
4261	10
4262	25
4264	6
4271	26
4281	36
4283	10
4284	18
4289	6
4290	18
4297	17
4304	44
4308	14
4309	9
4310	15
4311	5
4316	13
4318	5
4319	7
4325	9
4326	7
4329	321
4330	19
4331	11
4332	290
4333	304
4334	9
4338	5
4339	12
4341	6
4342	14
4347	19
4351	40
4353	7
4354	5
4356	94
4357	7
4358	15
4359	14
4361	9
4362	5
4365	7
4366	39
4368	8
4369	5
4370	7
4376	6
4377	11
4379	5
4382	6
4383	7
4384	6
4387	5
4391	5
4395	48
4397	5
4398	14
4399	21
4403	18
4405	5
4408	7
4412	6
4414	13
4419	11
4420	10
4421	18
4423	5
4424	7
4425	13
4426	33
4434	5
4438	16
4441	6
4444	5
4446	11
4448	5
4450	5
4452	9
4454	9
4456	123
4457	6
4458	84
4460	6
4462	5
4463	31
4466	26
4467	7
4481	14
4487	10
4488	9
4489	9
4490	15
4493	9
4494	6
4495	6
4496	9
4498	10
4502	19
4504	10
4506	28
4508	11
4510	5
4511	5
4520	5
4522	18
4523	9
4526	5
4527	22
4531	13
4535	15
4539	9
4540	13
4545	8
4550	16
4554	5
4559	20
4561	6
4562	7
4565	7
4566	11
4567	24
4569	36
4570	6
4573	7
4577	6
4581	6
4590	6
4591	8
4596	8
4598	32
4599	8
4600	7
4601	8
4603	29
4604	196
4606	7
4608	9
4609	5
4611	8
4612	6
4613	6
4614	6
4616	5
4617	10
4619	5
4620	5
4622	6
4624	19
4631	11
4633	21
4634	8
4635	6
4636	7
4639	15
4642	228
4644	42
4651	8
4652	6
4653	30
4656	14
4658	11
4659	28
4660	8
4661	34
4664	8
4667	22
4669	10
4675	8
4678	5
4679	11
4680	16
4681	26
4686	11
4689	6
4692	13
4694	17
4699	24
4703	28
4705	6
4706	13
4707	5
4716	14
4721	8
4723	17
4729	7
4731	41
4733	21
4735	22
4736	14
4737	87
4741	7
4742	5
4743	6
4744	13
4745	8
4746	8
4747	10
4748	8
4750	12
4753	6
4754	5
4757	13
4759	5
4761	10
4767	6
4771	12
4784	7
4785	9
4788	5
4789	5
4798	9
4799	7
4804	6
4805	24
4806	7
4807	5
4812	15
4813	10
4814	25
4816	8
4817	38
4820	13
4824	22
4828	7
4830	9
4831	6
4832	12
4840	43
4846	135
4852	168
4854	7
4855	16
4857	23
4858	11
4861	58
4862	31
4863	10
4864	48
4872	29
4873	5
4874	6
4875	29
4876	7
4877	49
4881	11
4886	12
4887	5
4890	15
4892	5
4893	6
4894	7
4895	17
4896	34
4897	25
4901	5
4903	8
4904	10
4906	11
4907	10
4911	6
4914	9
4926	5
4928	5
4929	6
4931	5
4940	6
4943	5
4944	12
4946	5
4949	6
4952	8
4955	6
4957	8
4962	7
4963	88
4964	6
4968	7
4970	10
4973	87
4975	19
4978	15
4980	5
4981	6
4984	5
4986	20
4992	7
4993	7
4994	12
4997	5
4998	22
5002	17
5005	11
5008	7
5009	10
5011	9
5015	7
5018	94
5021	38
5022	6
5023	7
5026	14
5029	53
5031	8
5032	22
5035	5
5037	9
5040	7
5045	25
5053	31
5054	5
5056	38
5057	9
5058	8
5060	5
5061	9
5062	48
5064	33
5065	14
5067	7
5068	17
5069	7
5070	5
5074	64
5076	8
5077	142
5078	9
5080	5
5081	12
5086	95
5088	10
5089	5
5090	32
5093	12
5094	7
5096	16
5100	9
5101	8
5103	6
5104	9
5110	7
5114	10
5115	6
5116	16
5121	10
5124	22
5126	9
5127	10
5132	6
5134	7
5136	6
5140	11
5142	10
5143	16
5144	21
5147	10
5149	28
5151	8
5153	48
5158	8
5159	9
5160	80
5163	49
5167	5
5172	11
5174	5
5175	36
5181	306
5184	17
5187	14
5188	14
5191	7
5198	21
5199	107
5200	17
5201	96
5202	7
5208	332
5216	8
5218	7
5223	5
5224	8
5226	284
5231	10
5232	40
5233	26
5234	19
5235	5
5239	17
5240	22
5241	23
5242	9
5243	5
5247	9
5248	7
5249	29
5250	15
5253	12
5254	17
5255	13
5256	20
5260	24
5265	12
5267	688
5272	5
5278	19
5279	11
5282	19
5283	7
5285	15
5292	6
5296	47
5298	64
5299	5
5300	12
5301	74
5302	6
5303	91
5307	9
5309	22
5312	14
5316	89
5318	1196
5319	7
5326	5
5328	14
5332	36
5333	13
5336	7
5337	6
5340	10
5341	9
5343	9
5344	131
5346	6
5351	127
5352	26
5361	12
5365	31
5369	11
5370	15
5374	7
5376	7
5377	8
5379	5
5380	12
5382	30
5383	24
5388	5
5389	5
5391	15
5396	119
5398	6
5403	147
5405	7
5406	7
5411	7
5412	13
5415	23
5417	15
5418	8
5422	11
5423	23
5430	21
5434	29
5441	6
5443	25
5444	9
5445	6
5448	38
5449	10
5451	8
5454	5
5458	150
5460	121
5461	5
5466	5
5467	13
5473	5
5474	6
5475	5
5476	1124
5477	5
5478	7
5480	6
5482	8
5483	11
5487	53
5488	10
5502	36
5503	50
5504	56
5510	11
5511	7
5512	13
5513	26
5514	9
5515	21
5516	9
5519	5
5522	5
5535	5
5539	14
5541	10
5544	11
5548	29
5550	8
5551	11
5552	11
5553	5
5556	5
5559	20
5561	69
5562	9
5566	5
5569	10
5576	17
5581	7
5582	10
5589	21
5592	6
5597	6
5598	5
5601	7
5603	8
5604	24
5606	27
5608	8
5609	18
5611	16
5612	6
5615	12
5616	16
5617	12
5618	5
5621	5
5623	5
5629	30
5630	21
5632	93
5638	8
5640	5
5641	6
5644	6
5647	5
5648	8
5651	8
5655	41
5659	9
5660	10
5662	5
5663	9
5668	6
5671	14
5672	22
5673	25
5677	46
5679	6
5682	5
5683	5
5688	6
5691	13
5692	6
5693	6
5694	7
5695	8
5697	8
5698	20
5699	10
5700	21
5704	5
5705	10
5708	39
5713	9
5719	8
5724	9
5725	35
5727	23
5730	28
5732	7
5736	5
5737	25
5746	334
5747	17
5749	7
5750	22
5754	23
5758	21
5765	10
5766	48
5767	9
5768	81
5771	66
5773	15
5783	97
5786	6
5790	7
5794	262
5797	20
5802	12
5803	5
5808	19
5809	10
5812	7
5813	7
5814	6
5817	16
5818	5
5828	10
5833	6
5835	7
5836	40
5839	12
5841	6
5843	9
5844	34
5845	6
5846	39
5852	9
5854	150
5855	50
5856	47
5858	9
5859	8
5861	16
5864	31
5866	90
5871	15
5874	14
5875	5
5877	69
5880	5
5883	22
5884	15
5885	8
5890	11
5891	11
5892	285
5897	5
5909	41
5910	7
5911	16
5912	5
5914	5
5919	5
5920	26
5921	91
5922	10
5924	144
5929	7
5939	16
5940	47
5942	16
5943	64
5944	5
5945	5
5946	5
5947	8
5950	5
5955	9
5960	5
5963	10
5964	8
5967	6
5969	129
5970	10
5972	207
5974	5
5981	9
5984	5
5985	8
5990	7
5999	8
6001	12
6003	13
6009	45
6012	25
6015	15
6020	5
6022	15
6025	24
6035	6
6036	5
6043	29
6048	41
6053	6
6056	9
6057	5
6058	19
6063	22
6067	5
6071	12
6073	14
6075	7
6076	7
6080	5
6081	8
6083	14
6084	24
6086	6
6097	7
6099	8
6100	16
6104	15
6106	19
6107	13
6116	5
6119	33
6122	181
6123	21
6124	42
6126	9
6127	15
6131	12
6133	41
6138	6
6139	19
6140	20
6143	13
6146	140
6147	5
6149	47
6150	7
6152	23
6153	9
6154	25
6159	5
6161	8
6163	5
6166	671
6168	8
6170	11
6171	8
6175	12
6181	8
6185	5
6186	5
6187	6
6189	6
6193	23
6194	5
6195	22
6197	7
6202	8
6204	8
6207	6
6209	45
6214	25
6216	10
6217	5
6220	6
6222	12
6226	5
6233	11
6234	7
6237	5
6239	11
6242	26
6243	23
6247	9
6254	21
6256	6
6257	18
6264	10
6266	82
6270	8
6271	7
6272	7
6273	6
6278	10
6279	5
6280	5
6284	5
6286	9
6287	49
6290	15
6291	8
6295	8
6297	6
6298	7
6301	1866
6304	1400
6307	7
6309	5
6312	12
6313	408
6315	24
6318	7
6326	22
6327	15
6329	10
6333	24
6334	18
6338	66
6339	23
6340	31
6341	6
6342	5
6344	14
6346	28
6347	11
6349	6
6353	6
6356	12
6358	5
6361	11
6362	13
6363	8
6364	5
6368	36
6370	28
6373	7
6380	6
6383	5
6385	14
6386	18
6388	5
6392	20
6394	16
6396	28
6398	10
6399	55
6403	8
6404	9
6405	13
6407	6
6408	9
6409	5
6412	7
6413	5
6415	5
6416	16
6417	11
6418	121
6419	12
6420	8
6422	8
6423	10
6424	8
6426	16
6434	13
6438	5
6439	9
6444	10
6452	6
6454	5
6457	7
6458	17
6463	7
6464	7
6465	14
6466	5
6468	5
6469	16
6471	10
6472	118
6473	10
6474	20
6475	11
6476	12
6479	8
6481	7
6486	11
6489	20
6490	10
6492	44
6494	6
6495	7
6497	14
6498	5
6499	29
6500	11
6504	5
6507	7
6508	120
6511	6
6518	16
6519	6
6525	5
6526	15
6527	6
6529	7
6543	10
6548	8
6549	17
6551	13
6554	18
6557	31
6558	10
6562	14
6563	12
6565	47
6566	27
6567	16
6570	11
6571	9
6573	10
6574	5
6577	6
6578	9
6579	18
6583	5
6584	5
6586	5
6587	14
6588	29
6589	11
6591	7
6593	13
6594	6
6597	5
6600	11
6607	41
6608	10
6609	538
6613	6
6615	9
6618	69
6619	227
6620	9
6621	9
6622	14
6624	6
6625	64
6628	9
6631	44
6632	13
6635	7
6636	6
6637	17
6639	5
6641	26
6642	9
6644	9
6646	17
6647	25
6649	9
6650	5
6652	11
6654	37
6659	7
6661	45
6664	13
6666	17
6669	10
6671	63
6677	10
6682	19
6686	16
6692	5
6693	18
6696	52
6697	7
6699	8
6700	472
6702	5
6706	8
6711	104
6713	84
6714	17
6715	8
6716	18
6717	8
6719	5
6723	8
6725	134
6730	8
6732	6
6733	27
6734	6
6735	5
6741	6
6742	9
6749	7
6759	24
6761	5
6768	111
6769	265
6772	15
6773	18
6776	8
6779	10
6780	6
6781	10
6784	6
6785	332
6787	55
6789	15
6791	7
6792	7
6793	8
6794	83
6795	23
6796	38
6798	24
6799	9
6800	5
6802	15
6803	5
6808	7
6812	7
6816	6
6817	20
6823	7
6826	6
6828	7
6834	91
6837	8
6838	10
6843	24
6844	157
6846	8
6847	47
6848	12
6849	10
6851	12
6852	5
6859	249
6861	24
6862	9
6865	6
6866	20
6867	8
6868	40
6870	114
6873	5
6874	11
6875	9
6878	6
6880	13
6881	55
6882	6
6883	11
6884	10
6885	7
6894	104
6902	15
6903	9
6904	7
6905	14
6907	5
6908	5
6912	12
6913	14
6919	13
6920	19
6921	5
6922	38
6925	6
6926	12
6928	6
6930	6
6931	10
6932	5
6933	9
6934	10
6936	6
6937	31
6940	26
6941	259
6942	8
6945	10
6947	6
6948	5
6949	14
6950	8
6955	96
6956	134
6957	12
6959	48
6960	6
6961	9
6962	19
6963	16
6965	12
6970	29
6971	10
6972	37
6973	6
6978	7
6979	9
6980	5
6983	10
6986	12
6987	15
6990	5
6991	16
6992	14
6994	9
6995	8
6997	16
6998	118
7003	5
7004	5
7006	14
7009	16
7010	5
7011	11
7012	12
7015	6
7017	10
7019	9
7023	6
7026	6
7028	5
7029	9
7030	5
7031	38
7032	11
7033	5
7037	13
7038	34
7040	7
7042	9
7045	7
7046	7
7047	22
7048	7
7051	17
7053	8
7057	6
7058	5
7060	11
7063	34
7064	9
7065	9
7067	15
7068	5
7071	96
7072	8
7075	12
7078	17
7087	15
7088	5
7089	33
7090	37
7096	6
7102	33
7106	19
7107	29
7110	18
7115	10
7116	8
7117	6
7119	12
7121	7
7124	28
7128	148
7131	6
7132	8
7133	6
7134	5
7137	5
7138	19
7141	5
7142	11
7145	6
7146	9
7147	7
7148	10
7149	5
7150	5
7151	8
7154	7
7156	7
7158	6
7159	6
7162	5
7163	11
7164	6
7165	7
7166	108
7169	36
7172	18
7174	5
7175	12
7178	38
7180	6
7181	6
7182	9
7183	8
7186	13
7187	15
7188	6
7191	73
7194	6
7197	7
7198	6
7199	7
7204	21
7208	6
7209	6
7210	5
7211	7
7213	18
7214	8
7215	17
7220	6
7221	7
7223	61
7228	17
7231	5
7232	68
7235	12
7239	12
7240	21
7242	5
7243	14
7244	10
7248	7
7249	17
7252	20
7255	14
7256	12
7257	7
7258	7
7259	10
7262	87
7264	157
7266	184
7270	5
7271	10
7272	54
7279	64
7288	17
7289	10
7293	5
7296	7
7297	12
7298	41
7300	7
7304	66
7305	6
7306	6
7308	5
7312	9
7317	7
7320	14
7321	12
7323	17
7324	6
7325	98
7326	11
7328	11
7329	10
7330	5
7331	7
7336	7
7337	9
7338	24
7340	15
7341	6
7342	13
7347	5
7348	11
7349	37
7351	27
7352	25
7356	6
7361	6
7362	7
7365	67
7367	32
7370	5
7373	7
7374	9
7379	6
7381	16
7383	13
7385	7
7386	20
7389	10
7391	5
7395	5
7398	5
7399	7
7401	8
7403	6
7407	6
7408	48
7409	9
7410	20
7411	32
7412	111
7415	10
7417	8
7425	22
7426	16
7427	8
7428	11
7429	8
7435	5
7437	43
7443	11
7447	6
7448	8
7456	8
7458	6
7461	15
7462	21
7463	16
7465	7
7467	14
7471	59
7473	8
7475	14
7477	8
7480	10
7481	9
7486	24
7489	14
7492	27
7493	7
7494	10
7503	29
7504	8
7505	5
7507	12
7517	5
7518	7
7520	54
7522	5
7523	31
7526	15
7527	11
7528	26
7533	15
7534	9
7542	9
7543	124
7545	15
7546	27
7548	6
7549	11
7550	6
7555	6
7557	7
7559	7
7562	7
7563	52
7568	6
7569	6
7571	8
7573	13
7578	8
7579	22
7580	12
7581	115
7582	10
7583	18
7584	6
7587	23
7589	5
7592	33
7599	6
7600	5
7606	8
7607	40
7608	17
7610	25
7613	6
7615	5
7617	10
7621	339
7623	12
7627	8
7629	14
7634	19
7635	24
7636	6
7637	6
7638	429
7641	256
7642	5
7647	19
7649	9
7650	5
7651	6
7652	11
7654	7
7655	11
7657	5
7659	9
7660	21
7663	14
7664	6
7668	10
7671	52
7674	5
7675	5
7676	38
7678	5
7684	69
7685	6
7690	11
7691	21
7692	5
7693	15
7694	13
7695	6
7696	7
7698	7
7699	12
7703	5
7705	7
7707	7
7708	9
7713	12
7714	17
7716	6
7719	17
7720	11
7721	6
7724	15
7725	12
7731	6
7735	12
7737	9
7739	109
7740	15
7741	9
7743	134
7747	5
7748	5
7752	13
7756	6
7759	39
7760	5
7761	21
7766	22
7770	12
7773	6
7776	99
7782	7
7789	35
7790	6
7792	11
7799	25
7800	23
7802	11
7804	5
7806	8
7808	12
7809	5
7810	21
7811	8
7812	13
7815	17
7817	7
7819	81
7820	24
7821	15
7825	5
7827	24
7829	5
7830	13
7832	23
7835	5
7840	6
7842	43
7843	6
7844	7
7845	25
7850	5
7851	7
7852	49
7854	24
7855	21
7857	6
7861	5
7866	14
7868	16
7870	62
7873	8
7874	79
7876	9
7879	6
7882	43
7885	5
7886	11
7888	6
7890	9
7892	15
7895	11
7896	7
7901	28
7902	5
7906	20
7912	11
7913	47
7918	6
7921	12
7923	9
7926	7
7929	6
7932	6
7934	7
7938	5
7947	5
7948	15
7950	16
7954	5
7956	25
7957	8
7963	6
7964	25
7966	45
7968	121
7971	37
7975	5
7976	6
7977	78
7978	7
7979	6
7980	12
7983	28
7984	10
7986	239
7988	21
7991	11
7993	11
7998	35
8004	5
8006	27
8008	55
8010	82
8012	13
8014	12
8015	10
8017	51
8021	11
8022	8
8025	13
8026	6
8027	10
8032	13
8033	9
8037	9
8040	51
8041	13
8042	29
8044	8
8046	8
8047	6
8049	5
8053	56
8054	65
8055	15
8058	7
8060	12
8064	32
8068	9
8070	11
8072	22
8073	6
8074	9
8076	5
8077	7
8078	8
8079	26
8082	9
8086	10
8089	5
8091	5
8092	13
8095	13
8098	252
8099	16
8100	6
8101	5
8104	6
8107	14
8108	8
8113	6
8117	5
8120	15
8122	31
8124	9
8128	5
8129	21
8130	31
8134	15
8137	10
8140	5
8142	42
8143	5
8144	84
8145	28
8148	26
8150	47
8154	7
8156	10
8157	6
8160	7
8162	10
8163	10
8164	5
8168	6
8169	6
8171	89
8175	6
8177	5
8184	15
8186	18
8187	37
8190	18
8192	11
8193	5
8194	7
8197	37
8201	10
8202	17
8205	8
8207	8
8212	10
8213	196
8214	10
8215	97
8217	51
8218	252
8220	20
8227	12
8229	14
8230	21
8231	6
8237	8
8241	5
8242	38
8243	14
8246	65
8249	25
8252	65
8261	9
8262	17
8263	27
8265	5
8268	27
8272	9
8276	45
8277	10
8279	39
8285	7
8287	13
8289	9
8291	8
8293	34
8294	24
8298	14
8299	7
8300	8
8301	6
8302	6
8304	13
8305	5
8307	20
8312	5
8318	5
8320	8
8321	63
8324	76
8329	12
8330	8
8331	9
8337	8
8338	9
8339	383
8340	5
8345	7
8350	7
8351	179
8356	14
8357	5
8358	17
8359	8
8360	11
8361	40
8363	9
8368	46
8369	18
8375	51
8376	75
8377	14
8380	361
8383	7
8384	8
8387	5
8388	7
8389	88
8390	8
8391	108
8393	15
8395	97
8398	11
8399	10
8400	6
8402	5
8403	20
8408	38
8409	18
8410	5
8412	6
8417	22
8418	15
8419	13
8424	6
8425	9
8426	13
8431	5
8436	8
8439	7
8440	7
8441	7
8443	11
8445	19
8447	5
8449	212
8451	79
8452	67
8454	5
8456	13
8457	20
8462	36
8464	8
8466	8
8467	17
8472	6
8473	7
8476	7
8477	6
8478	7
8479	163
8483	14
8484	25
8485	20
8489	5
8491	7
8493	7
8497	41
8498	8
8503	22
8506	26
8507	5
8508	10
8509	18
8510	64
8511	5
8512	8
8513	44
8517	5
8518	6
8520	39
8523	6
8524	6
8525	79
8528	9
8533	83
8535	38
8536	62
8538	6
8540	5
8544	6
8547	15
8549	5
8552	24
8554	5
8556	22
8558	22
8560	36
8562	321
8563	6
8564	33
8567	6
8568	5
8570	10
8571	49
8572	9
8573	44
8578	6
8585	6
8586	67
8587	34
8594	46
8597	11
8599	10
8601	5
8602	16
8614	5
8615	7
8616	8
8618	7
8624	38
8625	11
8626	12
8629	6
8630	74
8638	5
8640	6
8641	8
8643	6
8647	8
8648	8
8652	10
8658	5
8663	18
8664	8
8666	6
8667	88
8668	13
8669	40
8672	26
8674	17
8678	5
8683	24
8684	170
8685	8
8687	7
8689	9
8693	6
8697	6
8699	5
8701	12
8703	11
8704	18
8706	5
8710	32
8711	6
8712	5
8717	33
8718	11
8720	30
8721	16
8722	14
8723	7
8724	13
8726	5
8727	13
8730	9
8734	35
8738	6
8739	47
8740	18
8741	16
8742	9
8743	147
8746	10
8752	26
8755	7
8760	14
8762	6
8763	6
8765	18
8766	5
8769	7
8781	15
8785	6
8786	13
8787	10
8792	8
8793	34
8794	8
8795	9
8796	23
8797	7
8803	28
8804	8
8805	7
8806	92
8809	6
8810	18
8812	8
8813	18
8817	14
8818	7
8820	56
8821	120
8826	9
8829	12
8832	21
8835	9
8838	9
8839	7
8840	5
8842	6
8847	7
8852	5
8856	5
8865	1778
8873	9
8874	11
8879	107
8880	14
8884	5
8885	9
8887	113
8890	14
8892	7
8894	13
8895	6
8896	7
8897	13
8899	53
8900	7
8902	14
8909	19
8910	15
8912	31
8915	14
8918	9
8919	5
8920	25
8922	15
8923	44
8924	6
8925	10
8930	5
8933	7
8934	14
8941	10
8943	13
8944	65
8946	6
8947	11
8953	12
8954	8
8956	22
8959	5
8963	16
8965	14
8969	579
8973	8
8976	15
8978	65
8981	26
8984	6
8987	145
8989	11
8991	7
8992	9
8993	14
8995	323
8998	7
9000	46
9005	6
9010	99
9012	6
9028	49
9029	5
9030	31
9031	16
9032	25
9034	34
9035	16
9037	34
9038	28
9040	14
9041	6
9043	5
9044	5
9045	36
9046	24
9047	6
9048	5
9049	22
9051	5
9054	101
9060	5
9061	5
9062	6
9066	14
9068	14
9069	6
9072	18
9077	5
9078	29
9080	34
9086	27
9087	19
9093	18
9095	25
9103	33
9104	9
9105	10
9107	5
9114	5
9117	13
9119	5
9120	15
9121	75
9123	7
9124	5
9126	38
9128	31
9130	27
9132	6
9135	6
9136	8
9138	7
9141	7
9143	5
9144	31
9145	7
9148	21
9149	5
9151	8
9153	125
9157	19
9160	22
9165	45
9175	142
9180	34
9183	13
9185	21
9186	10
9187	22
9189	9
9193	99
9196	5
9198	10
9199	10
9201	43
9202	9
9209	6
9211	9
9214	7
9215	11
9218	11
9219	8
9220	5
9222	13
9223	6
9224	6
9225	62
9227	5
9230	26
9232	18
9236	5
9238	14
9239	5
9242	19
9252	10
9253	14
9255	6
9258	5
9265	58
9267	5
9271	6
9275	28
9277	7
9281	5
9282	12
9285	57
9286	6
9287	5
9289	7
9290	9
9291	15
9293	26
9294	13
9300	6
9306	5
9313	5
9315	20
9316	6
9318	15
9320	28
9323	17
9325	5
9326	5
9328	11
9329	8
9330	75
9331	7
9333	6
9334	5
9337	12
9340	35
9347	25
9348	5
9357	14
9358	9
9360	124
9361	8
9365	13
9369	5
9370	10
9371	6
9374	5
9375	17
9391	9
9392	7
9394	251
9396	8
9397	5
9401	5
9409	5
9410	7
9423	12
9430	12
9431	9
9433	8
9434	7
9435	27
9436	7
9439	10
9441	12
9444	10
9445	151
9446	7
9448	88
9451	6
9453	104
9457	11
9458	13
9460	12
9463	6
9466	22
9467	10
9469	7
9474	54
9475	8
9476	5
9481	7
9483	8
9488	7
9490	6
9491	16
9493	41
9498	20
9500	102
9509	8
9511	10
9512	8
9513	5
9515	7
9518	8
9521	9
9523	6
9524	6
9526	1137
9527	13
9532	8
9534	5
9535	7
9537	5
9538	303
9542	76
9546	163
9549	29
9561	218
9563	17
9565	9
9569	6
9571	27
9575	8
9576	5
9578	9
9579	11
9581	11
9582	52
9584	57
9585	5
9587	28
9588	11
9589	394
9590	5
9591	60
9596	17
9601	6
9604	9
9606	9
9608	22
9610	96
9611	38
9613	6
9615	8
9617	9
9618	39
9619	10
9620	35
9622	14
9624	13
9625	198
9627	146
9632	17
9633	51
9636	5
9637	57
9638	6
9640	6
9645	6
9647	12
9648	94
9652	16
9655	10
9657	5
9658	5
9661	6
9666	16
9667	10
9669	386
9673	8
9676	64
9681	9
9682	8
9685	7
9686	6
9688	9
9694	7
9695	18
9698	20
9699	29
9700	8
9701	8
9704	36
9709	5
9710	5
9711	18
9712	10
9714	10
9716	185
9717	18
9718	7
9719	35
9720	7
9721	51
9722	26
9724	23
9727	46
9732	6
9736	9
9738	41
9739	7
9743	12
9747	8
9749	9
9751	6
9752	8
9754	6
9757	49
9763	35
9764	79
9766	127
9768	12
9769	9
9770	11
9774	8
9776	11
9784	98
9787	6
9788	6
9792	15
9793	14
9796	6
9800	41
9801	28
9802	12
9803	53
9805	36
9808	5
9809	38
9813	92
9814	10
9815	8
9816	24
9817	14
9818	13
9822	45
9823	9
9824	8
9825	72
9826	10
9827	8
9829	7
9830	6
9831	9
9835	8
9836	5
9838	9
9840	8
9841	6
9843	5
9844	8
9846	7
9847	5
9848	16
9849	7
9851	11
9853	11
9855	9
9856	8
9859	7
9861	8
9862	8
9865	5
9866	36
9868	6
9870	16
9875	40
9876	5
9878	5
9884	8
9885	5
9886	7
9888	5
9889	7
9890	151
9893	8
9895	8
9900	13
9907	5
9909	28
9911	5
9915	37
9920	8
9921	29
9922	5
9923	5
9924	174
9925	46
9926	133
9931	6
9932	17
9933	9
9934	37
9935	80
9937	9
9938	17
9942	14
9943	6
9944	6
9947	45
9950	8
9951	6
9952	7
9953	10
9956	7
9957	8
9958	5
9959	5
9961	5
9962	78
9964	21
9968	5
9969	7
9974	1943
9975	19
9976	40
9977	9
9983	163
9984	7
9985	8
9990	6
9992	29
9993	7
9994	7
9995	158
9996	13
9998	26
9999	17
10000	16
10003	11
10004	7
10005	5
10006	5
10008	5
10009	12
10015	7
10016	6
10017	5
10018	7
10019	9
10020	6
10027	9
10028	9
10031	5
10034	5
10035	5
10036	6
10037	6
10040	6
10041	20
10042	14
10044	7
10045	5
10046	6
10049	6
10050	7
10053	8
10055	5
10056	6
