10	6
23	16
33	5
40	11
56	21
58	9
63	24
65	12
73	6
74	5
76	6
89	5
92	7
99	5
101	7
122	8
133	11
134	7
158	41
161	13
162	8
173	6
174	8
184	6
185	7
198	5
211	6
229	13
243	37
251	5
256	5
257	10
258	25
261	8
268	13
271	5
288	5
303	10
311	6
312	8
324	15
328	10
341	15
351	7
353	7
384	8
385	6
412	16
417	6
421	6
436	7
456	9
471	13
489	5
494	8
506	22
509	6
511	26
513	19
518	5
520	6
526	14
528	7
531	11
534	27
539	6
540	5
553	8
557	16
558	73
578	9
579	49
589	6
591	5
613	13
635	9
639	5
640	26
651	5
677	9
686	6
693	5
698	5
705	6
707	13
710	9
715	5
722	16
723	18
726	57
733	40
742	18
744	5
746	9
758	32
764	7
791	5
793	5
811	14
826	37
830	6
841	20
857	60
862	16
865	5
878	36
895	10
905	26
915	20
920	5
925	10
930	7
958	22
971	5
976	11
979	10
982	7
991	23
995	7
1004	5
1005	17
1006	6
1017	27
1025	5
1027	10
1029	38
1031	10
1048	7
1067	27
1071	9
1074	9
1079	6
1088	5
1098	9
1108	19
1113	25
1118	40
1125	13
1127	8
1128	81
1129	25
1132	8
1143	22
1145	5
1147	17
1155	34
1168	10
1173	5
1178	5
1183	5
1184	5
1186	11
1189	17
1194	7
1204	10
1213	13
1215	5
1225	21
1235	9
1236	17
1239	6
1240	7
1246	11
1253	7
1256	13
1267	75
1274	5
1288	8
1325	14
1329	10
1331	50
1338	8
1353	5
1356	8
1357	5
1359	5
1364	6
1369	9
1370	13
1381	8
1382	57
1388	6
1396	14
1406	11
1408	70
1409	12
1415	5
1430	10
1437	13
1440	62
1450	8
1452	20
1469	28
1475	32
1478	13
1485	7
1505	13
1506	7
1507	5
1512	23
1520	6
1521	7
1527	11
1529	6
1540	7
1545	5
1554	21
1564	31
1580	57
1602	13
1608	15
1630	18
1632	26
1637	9
1641	6
1642	20
1656	6
1673	6
1674	26
1679	20
1689	32
1702	20
1707	12
1712	8
1724	7
1730	7
1736	6
1741	5
1745	5
1747	11
1758	5
1759	7
1780	5
1783	21
1784	8
1787	7
1810	5
1818	9
1822	7
1828	6
1833	10
1834	9
1835	24
1842	5
1855	5
1856	10
1861	5
1875	11
1878	6
1882	18
1886	11
1894	7
1897	5
1902	8
1905	11
1908	12
1929	5
1937	35
1943	8
1957	9
1958	29
1959	9
1981	6
1985	5
1989	9
2011	8
2023	6
2024	5
2036	7
2048	21
2049	30
2050	6
2054	7
2057	6
2059	15
2061	5
2069	5
2071	16
2074	24
2078	5
2097	12
2116	6
2117	9
2130	13
2135	5
2142	20
2143	8
2155	12
2157	28
2158	6
2164	5
2171	6
2172	5
2188	6
2190	11
2196	5
2200	5
2209	11
2212	16
2252	13
2257	5
2263	7
2264	5
2267	7
2307	9
2324	23
2330	19
2341	18
2351	20
2358	5
2360	11
2366	5
2412	18
2445	34
2446	24
2447	6
2448	15
2454	5
2456	8
2477	51
2478	5
2483	6
2484	6
2494	11
2502	7
2508	5
2513	6
2522	26
2526	15
2528	5
2531	38
2532	17
2534	5
2540	13
2546	17
2557	5
2561	13
2564	5
2569	14
2580	7
2613	6
2614	6
2616	35
2617	7
2619	8
2621	6
2625	18
2630	41
2644	19
2656	5
2663	6
2676	6
2690	21
2709	5
2718	11
2719	22
2722	10
2728	7
2736	13
2746	5
2750	36
2764	8
2768	27
2778	9
2798	6
2864	10
2865	6
2878	15
2881	7
2894	7
2896	10
2902	8
2914	34
2917	23
2918	7
2924	5
2931	22
2932	5
2937	13
2950	7
2951	18
2953	5
2955	63
2965	6
2968	35
2973	18
2990	8
2993	11
2994	5
2996	6
2997	7
3006	22
3020	5
3032	6
3034	133
3038	10
3041	6
3045	8
3047	6
3064	9
3068	7
3075	21
3081	6
3082	7
3087	27
3091	23
3092	10
3095	34
3100	13
3106	7
3109	8
3123	8
3140	14
3148	5
3168	5
3181	9
3182	138
3184	8
3186	8
3187	20
3191	48
3199	28
3200	7
3205	5
3207	13
3211	20
3213	16
3215	14
3218	6
3221	6
3228	11
3232	14
3266	11
3269	5
3270	5
3272	6
3273	28
3275	7
3280	6
3289	12
3291	10
3294	95
3305	14
3317	7
3319	6
3321	7
3335	19
3340	24
3349	21
3359	6
3384	7
3392	92
3405	7
3414	7
3418	21
3425	7
3428	6
3454	9
3462	6
3474	6
3475	6
3485	6
3487	6
3490	14
3501	118
3503	5
3509	9
3511	66
3518	9
3559	5
3566	14
3568	85
3575	8
3576	5
3579	8
3592	10
3602	27
3616	5
3630	8
3634	8
3636	7
3658	11
3677	10
3678	6
3688	8
3691	14
3702	121
3710	5
3711	34
3713	6
3724	11
3728	5
3735	82
3747	12
3752	87
3763	21
3765	7
3774	19
3784	13
3787	8
3790	32
3806	28
3812	13
3821	39
3822	96
3836	37
3848	79
3858	9
3873	83
3881	21
3899	29
3900	43
3901	5
3914	22
3915	12
3917	33
3924	5
3925	6
3928	9
3930	5
3938	5
3943	12
3970	27
3984	29
3994	11
3997	5
3998	7
4008	7
4016	19
4017	29
4041	17
4044	28
4047	11
4048	10
4056	119
4065	7
4066	9
4070	6
4079	5
4081	7
4087	6
4088	41
4094	7
4099	9
4102	18
4111	75
4113	61
4116	6
4123	6
4127	1505
4131	5
4135	8
4136	8
4142	9
4147	6
4152	15
4162	28
4163	5
4170	5
4175	5
4184	10
4185	5
4205	15
4213	9
4214	8
4215	7
4223	15
4229	5
4235	8
4238	9
4247	5
4248	14
4259	110
4260	16
4262	8
4271	11
4281	9
4284	7
4290	17
4304	9
4329	63
4330	10
4331	6
4332	51
4333	40
4351	10
4356	23
4366	7
4383	9
4395	12
4399	5
4426	10
4453	8
4456	7
4458	19
4466	5
4467	5
4480	5
4488	12
4490	5
4522	6
4527	10
4550	5
4559	5
4567	6
4598	6
4603	8
4604	89
4607	10
4633	11
4639	10
4642	37
4644	6
4656	12
4658	8
4659	5
4661	12
4667	5
4681	25
4699	6
4703	7
4706	5
4716	6
4733	11
4735	10
4740	9
4749	11
4789	5
4824	6
4840	12
4846	40
4852	43
4857	5
4861	15
4864	11
4868	9
4875	11
4877	5
4896	7
4897	8
4935	7
4941	8
4961	5
4963	11
4973	17
5006	7
5018	33
5029	17
5032	10
5045	7
5053	5
5056	13
5062	5
5064	10
5068	6
5074	18
5077	43
5086	33
5090	10
5093	6
5096	6
5110	5
5116	9
5144	5
5153	20
5160	21
5163	17
5181	28
5184	5
5187	5
5198	5
5199	23
5200	9
5201	14
5208	88
5226	104
5232	24
5233	12
5240	5
5241	9
5242	8
5247	8
5249	10
5256	8
5267	272
5285	5
5296	15
5298	28
5300	7
5301	27
5303	30
5312	6
5316	18
5318	335
5328	10
5332	11
5344	52
5351	20
5365	6
5380	5
5382	8
5396	37
5415	7
5430	5
5434	5
5445	6
5448	6
5458	32
5460	31
5475	5
5476	235
5483	9
5487	7
5502	5
5504	6
5513	8
5548	5
5561	43
5589	8
5604	7
5606	11
5615	6
5632	20
5655	9
5659	5
5672	6
5673	6
5677	9
5683	7
5698	8
5700	8
5708	10
5709	5
5725	7
5746	151
5747	8
5758	7
5766	11
5768	19
5771	15
5783	22
5794	73
5802	6
5808	6
5809	11
5812	7
5854	45
5856	12
5859	6
5864	7
5866	39
5868	5
5877	14
5883	11
5885	5
5892	86
5909	11
5911	5
5920	10
5921	23
5924	36
5943	8
5969	27
5972	34
5995	5
5996	6
6009	17
6012	7
6015	8
6035	5
6036	5
6048	26
6056	9
6058	7
6076	6
6084	5
6104	9
6119	7
6122	17
6124	6
6133	28
6134	6
6143	8
6146	47
6154	6
6163	5
6166	147
6193	8
6209	19
6214	7
6239	5
6242	10
6243	12
6266	10
6267	12
6271	6
6287	14
6301	205
6304	234
6313	108
6327	8
6333	7
6340	10
6364	5
6388	5
6399	13
6413	5
6441	5
6449	7
6452	6
6454	7
6458	10
6465	12
6472	11
6492	7
6518	5
6526	7
6554	6
6557	9
6562	8
6565	16
6566	7
6597	5
6607	13
6609	108
6618	14
6619	50
6625	27
6628	6
6631	10
6644	5
6647	8
6652	11
6654	5
6661	22
6664	5
6671	6
6686	5
6690	8
6699	6
6700	154
6711	33
6713	13
6725	39
6759	5
6768	39
6769	28
6779	10
6780	6
6781	6
6785	55
6787	12
6794	21
6796	16
6799	5
6817	5
6834	13
6844	22
6847	11
6859	72
6861	6
6870	39
6875	5
6880	5
6881	13
6892	18
6894	29
6902	5
6922	10
6925	5
6931	5
6937	12
6941	26
6949	6
6955	9
6959	11
6960	5
6962	7
6965	5
6970	11
6972	6
6991	9
6998	28
7011	8
7012	12
7029	6
7031	15
7038	6
7047	7
7051	8
7071	34
7078	5
7090	7
7102	12
7107	6
7110	5
7119	5
7128	34
7166	12
7169	14
7172	7
7174	5
7175	6
7178	6
7191	8
7204	6
7215	9
7223	11
7228	7
7235	7
7237	9
7239	7
7243	8
7252	6
7253	5
7262	20
7264	39
7266	53
7272	15
7279	24
7288	6
7298	13
7300	5
7304	20
7312	14
7349	9
7351	11
7352	7
7365	15
7367	7
7401	7
7408	20
7411	13
7412	22
7426	7
7462	6
7471	14
7492	11
7503	6
7505	5
7506	12
7507	13
7520	15
7523	8
7526	7
7533	5
7543	17
7563	13
7581	14
7583	5
7587	7
7592	20
7607	8
7608	5
7621	154
7634	6
7638	84
7641	55
7654	6
7663	7
7668	5
7671	12
7676	9
7684	23
7714	5
7724	5
7739	17
7741	8
7743	35
7759	16
7760	5
7761	9
7766	5
7776	35
7789	11
7799	5
7800	7
7812	5
7815	5
7819	23
7820	7
7832	6
7842	9
7844	6
7845	7
7852	14
7870	12
7874	17
7876	5
7882	10
7896	5
7901	16
7913	6
7921	6
7950	6
7956	5
7964	5
7966	11
7968	16
7971	8
7977	15
7980	7
7983	8
7986	54
7988	10
7998	13
8006	5
8008	17
8010	37
8014	5
8017	7
8040	13
8042	12
8049	5
8053	20
8054	23
8058	9
8064	5
8072	8
8095	7
8098	82
8099	6
8122	8
8129	10
8130	6
8142	8
8144	47
8145	13
8148	6
8150	14
8171	6
8179	7
8187	7
8205	5
8213	77
8215	15
8217	16
8218	19
8229	7
8230	5
8242	12
8246	15
8252	9
8263	6
8268	15
8276	19
8279	5
8287	9
8293	14
8294	11
8321	7
8324	16
8339	7
8351	60
8361	5
8368	9
8375	13
8376	6
8380	61
8384	5
8391	34
8395	37
8403	8
8408	10
8449	83
8451	9
8452	17
8454	5
8457	20
8462	12
8479	38
8484	8
8485	5
8497	8
8503	9
8506	8
8509	10
8513	21
8520	14
8525	13
8533	13
8536	18
8560	9
8562	73
8571	6
8573	16
8586	7
8587	13
8594	7
8624	18
8630	20
8669	7
8683	6
8684	73
8697	5
8703	8
8710	11
8715	7
8717	6
8720	5
8727	10
8728	8
8734	20
8739	7
8740	7
8741	6
8743	35
8752	9
8796	5
8803	5
8806	38
8820	7
8846	6
8865	461
8879	44
8887	42
8899	18
8902	7
8909	7
8912	11
8915	7
8920	7
8923	15
8944	19
8956	6
8969	154
8978	26
8987	37
8995	96
9010	13
9028	11
9032	7
9045	7
9046	6
9049	6
9054	32
9078	12
9080	15
9103	7
9117	5
9121	24
9126	18
9128	9
9129	5
9130	11
9144	7
9148	5
9153	40
9160	7
9165	13
9175	62
9193	34
9201	8
9202	5
9225	15
9230	11
9253	6
9265	19
9275	20
9292	6
9293	14
9320	22
9330	23
9340	7
9357	10
9375	7
9394	64
9403	7
9445	29
9448	11
9451	15
9453	8
9474	12
9500	6
9526	291
9538	70
9542	19
9546	31
9549	8
9561	97
9563	5
9571	7
9582	5
9584	14
9587	10
9589	104
9591	32
9596	6
9601	5
9608	12
9610	14
9611	9
9617	5
9622	5
9625	51
9627	44
9632	5
9633	13
9637	8
9647	5
9648	43
9664	5
9669	122
9676	26
9698	5
9699	5
9704	12
9711	9
9716	47
9719	8
9722	5
9727	6
9738	22
9757	18
9763	17
9764	17
9766	51
9768	7
9784	34
9788	5
9792	6
9800	15
9803	14
9805	16
9809	8
9813	31
9817	6
9822	13
9825	22
9848	16
9866	11
9871	5
9890	63
9900	6
9913	6
9915	12
9921	29
9924	38
9925	24
9926	33
9947	15
9962	31
9974	167
9976	9
9983	9
9992	9
9995	9
9998	7
10000	6
10041	5
10042	8
