63	9
158	5
243	6
324	5
328	6
534	7
558	14
579	10
707	6
726	7
733	6
758	6
826	17
857	14
905	6
1029	9
1074	6
1095	5
1108	6
1118	8
1125	7
1128	5
1143	7
1160	5
1168	5
1194	6
1213	5
1267	11
1325	7
1331	26
1370	6
1382	6
1440	7
1512	5
1602	9
1642	5
1679	6
1689	11
1702	5
1835	6
1937	12
1958	7
2128	9
2157	8
2324	7
2445	10
2465	7
2477	6
2484	5
2531	7
2630	8
2718	6
2842	7
2931	6
2951	5
2968	6
2976	8
3003	5
3034	13
3087	7
3095	5
3161	17
3182	14
3278	6
3291	8
3294	23
3335	6
3340	5
3349	8
3392	18
3501	21
3511	9
3568	18
3576	6
3711	8
3735	15
3752	16
3821	5
3822	17
3836	5
3873	19
3925	5
4017	11
4056	23
4070	6
4088	15
4111	8
4113	10
4127	201
4136	6
4202	11
4259	33
4395	5
4458	6
4527	14
4749	6
4782	6
4833	5
4846	6
4852	5
4897	18
5018	5
5029	6
5074	5
5153	7
5160	5
5208	12
5226	21
5232	5
5233	9
5267	46
5296	6
5318	83
5344	13
5396	7
5415	6
5460	8
5648	6
5737	5
5783	5
5794	12
5854	13
5864	9
5866	7
5892	12
5921	6
5924	8
5972	12
6146	7
6166	9
6287	5
6301	30
6304	8
6399	5
6619	6
6700	28
6711	5
6725	9
6768	8
6769	5
6787	8
6844	10
6859	19
6861	5
6870	31
6894	11
6941	6
6998	8
7080	7
7128	10
7166	7
7264	5
7266	8
7365	5
7581	8
7621	11
7638	8
7743	5
7759	7
7776	16
7819	15
7968	5
7986	9
8010	5
8053	5
8098	20
8144	8
8213	15
8246	5
8351	10
8380	12
8395	6
8449	5
8536	7
8562	7
8684	9
8693	6
8743	8
8806	9
8834	5
8865	92
8879	10
8887	7
8969	10
8987	15
8995	14
9054	7
9130	5
9153	6
9175	9
9193	11
9225	7
9265	5
9394	17
9526	52
9538	19
9542	7
9546	7
9561	6
9589	20
9625	12
9669	31
9676	6
9721	6
9766	5
9800	6
9813	12
9825	5
9866	5
9890	8
9902	11
9924	9
9925	11
9926	7
9983	7
