63	15
133	6
158	8
165	6
167	94
243	8
257	5
258	8
259	5
417	8
511	5
558	7
579	18
591	8
711	5
726	8
733	13
746	6
758	5
793	5
825	6
826	6
857	14
860	18
862	5
905	7
949	8
958	9
1005	5
1013	5
1027	8
1029	10
1067	7
1108	7
1213	5
1236	8
1267	14
1277	5
1325	6
1335	5
1382	7
1396	5
1440	8
1469	8
1504	6
1540	7
1564	7
1580	5
1642	12
1689	11
1835	9
1886	5
1914	18
1937	6
2117	5
2130	6
2157	5
2212	5
2219	6
2220	5
2231	12
2263	17
2293	5
2307	7
2351	5
2445	12
2477	8
2522	5
2531	5
2540	6
2616	7
2621	10
2630	12
2660	6
2750	9
2768	6
2826	5
2896	5
2914	6
2917	6
2931	8
2950	12
2955	10
2968	7
2985	17
2993	5
3006	6
3034	37
3066	7
3087	10
3091	12
3109	5
3140	9
3142	25
3182	8
3191	7
3199	5
3211	5
3213	8
3273	5
3278	5
3294	14
3340	10
3349	9
3359	6
3392	20
3425	5
3501	26
3511	11
3518	5
3568	21
3602	11
3702	11
3711	6
3735	17
3742	9
3752	20
3774	5
3806	6
3821	9
3822	18
3836	6
3873	21
3881	6
3900	10
3917	5
3970	5
3984	9
4017	9
4041	7
4056	35
4088	13
4111	24
4113	6
4122	7
4127	346
4152	6
4223	9
4259	25
4265	8
4398	82
4486	5
4523	57
4525	9
4604	7
4613	110
4642	17
4653	84
4733	6
4807	82
4846	5
4852	11
4869	5
4963	8
4973	5
4998	5
5018	6
5029	10
5077	8
5086	6
5144	6
5199	10
5208	21
5218	8
5226	27
5267	84
5301	6
5316	16
5318	90
5344	7
5396	10
5476	5
5489	5
5632	8
5698	9
5766	5
5768	5
5783	6
5794	18
5836	5
5854	8
5877	6
5892	21
5924	7
5972	11
6009	7
6051	9
6092	7
6146	8
6166	30
6209	5
6285	6
6301	76
6304	32
6472	5
6609	6
6618	5
6619	13
6631	7
6671	5
6700	28
6711	9
6725	9
6768	7
6769	9
6785	18
6794	10
6847	6
6848	10
6859	15
6870	15
6881	8
6894	5
6941	8
6955	8
6959	7
6998	7
7052	5
7128	13
7166	17
7169	5
7262	5
7264	7
7266	19
7279	7
7304	7
7349	6
7365	10
7411	5
7417	6
7544	5
7621	67
7638	15
7671	6
7676	6
7743	7
7759	5
7776	10
7819	9
7820	6
7832	5
7977	5
7986	10
7998	5
8006	5
8053	5
8054	6
8098	24
8144	10
8213	27
8215	7
8217	5
8218	9
8380	18
8391	6
8395	14
8449	17
8525	5
8536	5
8545	17
8558	6
8562	22
8630	7
8645	6
8684	14
8743	8
8793	12
8806	14
8854	6
8865	119
8879	17
8887	12
8923	9
8944	9
8969	26
8978	5
8987	14
8995	17
9054	7
9072	8
9103	7
9130	6
9144	5
9153	14
9175	15
9193	12
9265	5
9330	7
9394	22
9445	11
9468	7
9526	57
9538	32
9542	9
9546	6
9561	12
9589	24
9625	21
9627	15
9669	25
9676	9
9716	8
9757	5
9763	10
9784	11
9805	5
9813	6
9825	10
9866	10
9890	12
9924	7
9926	6
9947	5
9962	5
9974	24
9995	11
9997	13
