63	7
167	117
184	9
258	5
558	6
579	9
587	5
723	5
726	11
826	13
833	5
857	6
883	11
905	6
949	5
1029	8
1108	11
1118	15
1213	5
1236	6
1267	7
1325	7
1331	13
1469	7
1602	6
1689	12
1703	5
1835	6
1882	5
1886	6
1937	9
1958	5
2071	9
2157	9
2164	5
2214	6
2231	9
2279	18
2330	8
2445	7
2446	9
2477	9
2508	15
2522	8
2729	7
2750	5
2768	7
2917	8
2968	9
2973	5
2997	6
3009	6
3034	21
3060	11
3066	6
3091	10
3095	5
3140	10
3142	24
3154	6
3182	15
3191	6
3211	6
3232	5
3273	5
3278	6
3294	8
3340	8
3392	13
3418	8
3501	21
3511	13
3568	15
3602	8
3702	10
3735	17
3752	14
3763	12
3821	11
3822	21
3836	8
3873	11
3900	11
3914	5
3915	5
3917	5
3984	8
4017	7
4056	43
4070	5
4088	7
4102	5
4111	14
4113	6
4127	290
4223	7
4248	7
4259	18
4332	9
4398	100
4523	60
4605	9
4613	135
4642	6
4653	106
4807	102
4896	5
4998	11
5018	6
5077	7
5181	6
5192	5
5193	5
5208	16
5226	23
5239	5
5267	78
5303	7
5318	46
5344	6
5352	5
5396	7
5430	5
5458	5
5460	15
5476	5
5632	6
5746	5
5768	5
5794	19
5856	5
5864	7
5866	7
5877	6
5892	12
5909	6
5921	6
5924	10
5972	7
6046	5
6119	6
6122	6
6146	6
6166	16
6196	5
6301	75
6304	27
6609	5
6700	25
6711	5
6768	9
6785	15
6787	5
6844	5
6848	5
6859	11
6870	10
6941	6
7097	13
7128	5
7166	16
7266	10
7304	5
7365	5
7621	26
7638	6
7641	5
7648	5
7776	13
7832	5
7852	7
7986	7
8054	6
8098	10
8144	10
8213	15
8218	14
8246	5
8351	9
8380	11
8391	8
8449	14
8619	8
8624	6
8630	9
8645	19
8684	15
8743	7
8793	23
8806	6
8865	85
8879	7
8887	5
8969	14
8987	17
8995	17
9054	5
9072	8
9121	7
9126	5
9153	12
9175	11
9193	7
9201	5
9265	6
9348	5
9394	12
9526	75
9538	27
9542	8
9546	7
9561	8
9589	16
9625	13
9633	6
9669	28
9716	5
9766	13
9784	10
9798	14
9800	6
9890	12
9924	6
9926	6
9974	21
9989	6
9997	5
