23	5
63	15
158	7
165	6
167	97
243	8
257	5
258	8
259	5
328	5
341	6
417	8
511	5
557	5
558	14
579	20
591	9
707	5
710	7
723	6
726	14
733	11
746	6
758	8
825	6
857	20
860	17
862	5
878	7
905	10
949	8
958	6
1005	6
1013	5
1027	7
1029	15
1067	8
1071	5
1108	6
1118	5
1130	7
1132	14
1143	5
1213	6
1236	11
1267	18
1325	8
1331	7
1335	5
1382	13
1437	6
1440	13
1469	11
1540	5
1564	13
1630	5
1642	13
1689	14
1759	5
1835	10
1914	18
1937	7
1958	11
2049	5
2074	6
2130	7
2142	5
2155	6
2157	5
2212	7
2219	6
2231	12
2257	5
2263	17
2293	5
2307	7
2324	8
2351	7
2412	10
2445	14
2477	8
2522	7
2531	11
2616	7
2617	5
2621	12
2630	13
2660	6
2750	9
2768	6
2826	5
2896	7
2914	7
2917	10
2931	13
2937	6
2950	12
2955	8
2965	5
2968	13
2973	5
2985	17
2993	6
3003	5
3006	9
3034	39
3066	7
3087	12
3091	12
3109	5
3140	9
3142	26
3182	16
3191	11
3199	6
3213	5
3273	7
3294	12
3335	7
3340	8
3349	7
3359	6
3392	19
3425	6
3490	5
3501	26
3511	12
3568	22
3602	10
3702	21
3711	11
3735	20
3747	6
3752	32
3774	7
3784	5
3806	7
3821	12
3822	24
3836	6
3858	5
3873	27
3881	7
3900	10
3970	5
3984	9
3998	6
4017	8
4056	42
4088	18
4111	30
4113	8
4122	10
4127	431
4152	6
4223	5
4229	5
4259	30
4265	8
4271	5
4398	82
4458	7
4486	5
4523	57
4524	6
4525	9
4604	6
4613	111
4642	18
4653	84
4661	5
4733	9
4735	16
4807	82
4846	10
4852	11
4869	5
4963	9
4973	7
5029	5
5053	5
5074	7
5077	14
5086	10
5144	7
5153	5
5163	6
5181	5
5199	6
5201	5
5208	22
5218	8
5226	26
5267	84
5296	6
5316	17
5318	73
5344	10
5361	7
5388	5
5396	11
5476	7
5489	5
5632	9
5698	10
5766	7
5768	6
5783	5
5794	21
5836	5
5854	17
5866	6
5877	9
5892	26
5921	6
5924	12
5972	8
6009	7
6051	9
6146	11
6166	39
6285	6
6290	12
6301	98
6304	36
6426	5
6472	5
6550	6
6609	16
6618	7
6619	10
6625	6
6631	6
6671	5
6700	37
6711	8
6725	7
6768	11
6769	8
6785	22
6794	8
6844	5
6847	7
6848	11
6859	16
6870	12
6873	5
6881	7
6937	6
6941	11
6955	8
6959	8
6998	5
7128	12
7166	19
7172	5
7262	8
7264	10
7266	22
7279	6
7304	7
7349	6
7365	6
7411	5
7412	5
7621	62
7638	17
7671	7
7676	6
7739	5
7743	8
7759	6
7776	10
7819	11
7820	7
7832	5
7977	10
7986	12
7998	6
8006	5
8010	6
8053	5
8054	6
8079	5
8098	30
8144	9
8150	8
8213	19
8215	7
8218	13
8380	20
8391	6
8395	10
8449	20
8506	5
8525	6
8533	5
8536	5
8545	17
8562	24
8594	5
8630	7
8645	6
8684	15
8743	10
8793	12
8806	9
8854	6
8865	147
8879	13
8887	13
8923	9
8944	12
8969	36
8978	5
8987	15
8995	19
9054	8
9072	7
9103	7
9121	5
9126	5
9130	8
9144	5
9153	18
9175	14
9193	16
9225	8
9265	8
9330	11
9347	5
9394	21
9435	5
9445	15
9468	7
9526	60
9538	38
9542	14
9546	12
9561	16
9589	22
9610	6
9625	24
9627	16
9637	5
9669	42
9676	6
9699	7
9704	5
9716	6
9721	6
9757	5
9763	7
9764	5
9766	6
9784	10
9813	5
9825	8
9890	11
9924	9
9926	9
9947	5
9962	5
9974	31
9995	12
9997	12
