23	7
63	19
71	6
74	5
133	5
134	5
158	9
238	6
243	6
324	12
328	5
329	7
341	15
399	6
436	6
456	6
526	8
534	6
547	5
557	6
558	22
579	27
613	7
707	10
726	12
733	13
758	8
793	5
826	9
857	24
958	6
979	6
991	6
1029	11
1031	5
1055	5
1067	8
1108	7
1109	5
1118	16
1143	5
1168	11
1213	6
1220	5
1257	6
1267	14
1306	5
1320	12
1325	14
1331	14
1346	8
1357	6
1370	7
1382	13
1438	5
1440	11
1450	6
1469	5
1475	7
1511	5
1540	14
1554	6
1580	6
1602	22
1632	9
1679	6
1689	28
1702	9
1833	5
1835	5
1882	5
1905	7
1958	14
2049	11
2059	7
2074	10
2117	9
2157	17
2158	5
2175	5
2197	5
2212	12
2324	12
2330	8
2345	42
2346	43
2386	6
2445	14
2446	9
2476	6
2477	19
2522	7
2531	5
2532	7
2540	5
2561	6
2616	7
2617	6
2621	7
2630	14
2665	7
2719	14
2768	7
2802	5
2917	15
2931	11
2955	11
2973	6
2993	6
3006	11
3034	38
3075	9
3087	13
3091	10
3182	32
3185	12
3191	17
3199	8
3211	6
3232	7
3266	5
3273	5
3278	12
3291	6
3294	8
3340	9
3349	7
3392	24
3407	5
3428	5
3501	42
3511	25
3516	5
3568	26
3576	7
3602	15
3702	133
3711	9
3735	40
3752	26
3763	7
3774	9
3784	9
3806	10
3821	16
3822	35
3836	11
3873	42
3900	10
3914	6
3915	5
3917	15
3950	5
3970	9
3984	5
4017	8
4040	6
4044	9
4056	19
4067	5
4070	5
4088	21
4099	6
4103	6
4111	21
4113	19
4127	167
4152	5
4162	8
4205	6
4215	9
4223	15
4248	11
4259	37
4298	14
4398	5
4456	32
4458	9
4484	6
4494	5
4504	5
4642	15
4644	9
4658	5
4694	5
4707	9
4735	7
4792	5
4840	6
4846	20
4852	9
4855	5
4861	8
4862	5
4897	8
4930	13
5018	5
5029	12
5042	6
5074	5
5077	17
5086	11
5160	10
5163	5
5199	5
5201	14
5208	12
5226	39
5233	5
5241	5
5267	61
5298	12
5301	5
5303	7
5318	102
5344	15
5396	14
5415	5
5460	17
5476	7
5522	8
5545	5
5561	5
5606	5
5677	5
5737	8
5744	5
5768	9
5783	6
5794	34
5854	15
5856	7
5864	7
5866	8
5883	6
5892	18
5921	7
5924	20
6009	5
6022	7
6146	11
6149	10
6166	30
6290	8
6301	22
6304	13
6392	5
6472	11
6565	6
6588	8
6618	10
6625	8
6700	48
6711	9
6725	10
6768	12
6785	7
6787	6
6794	5
6844	9
6859	17
6861	5
6870	31
6894	5
6963	7
7041	7
7128	11
7264	14
7266	10
7272	5
7279	9
7304	8
7351	6
7365	7
7385	5
7408	6
7471	5
7475	5
7520	13
7581	9
7621	10
7638	12
7660	10
7743	13
7776	25
7874	5
7956	6
7977	11
7986	11
7988	7
8005	5
8008	5
8010	8
8040	10
8054	13
8098	33
8130	5
8142	6
8144	12
8150	11
8186	8
8213	39
8218	12
8246	8
8279	6
8351	7
8368	6
8380	16
8384	7
8389	30
8390	9
8395	12
8449	39
8513	6
8520	8
8536	12
8562	14
8594	6
8599	5
8684	22
8717	6
8734	5
8743	17
8806	13
8859	13
8865	195
8879	12
8887	10
8902	8
8905	5
8920	6
8922	5
8923	8
8944	9
8969	33
8978	13
8987	20
8995	22
9010	16
9049	5
9126	7
9153	7
9175	13
9193	11
9201	9
9225	6
9265	10
9330	13
9394	23
9526	96
9538	30
9542	7
9546	13
9561	25
9589	26
9598	8
9610	14
9611	9
9625	23
9627	16
9637	6
9669	56
9676	6
9716	6
9722	5
9727	7
9757	9
9766	10
9784	14
9801	5
9803	8
9813	11
9825	10
9859	5
9866	8
9890	17
9924	12
9926	6
9962	6
10024	18
10040	7
