56	9
63	12
133	8
136	6
158	29
173	6
177	13
184	6
243	12
257	5
282	8
297	7
305	21
324	10
341	6
354	23
366	5
385	5
394	10
412	5
511	6
518	6
526	7
534	5
557	6
558	27
579	30
584	5
613	7
677	7
719	5
723	7
726	19
731	5
733	20
758	16
793	7
826	12
841	8
857	68
878	21
887	8
890	8
915	6
920	6
936	5
958	8
976	10
979	6
991	18
1003	11
1017	16
1029	29
1031	9
1039	6
1048	5
1108	6
1118	10
1128	48
1129	17
1143	9
1152	8
1166	13
1213	11
1225	13
1256	7
1267	30
1331	10
1370	7
1375	8
1382	31
1396	5
1406	5
1437	5
1440	16
1463	6
1467	5
1469	8
1505	7
1512	17
1522	6
1580	19
1602	32
1604	5
1612	8
1629	6
1632	9
1637	7
1656	9
1672	5
1679	7
1689	15
1702	18
1707	11
1747	10
1780	5
1787	7
1828	5
1833	7
1835	7
1882	5
1886	6
1894	5
1913	7
1937	18
1958	17
1959	5
1981	5
2037	5
2048	7
2049	15
2059	7
2085	6
2097	7
2117	8
2130	6
2155	5
2157	12
2169	6
2190	5
2191	6
2200	5
2205	11
2282	6
2316	5
2323	8
2324	14
2341	21
2351	5
2366	5
2412	5
2445	28
2446	13
2448	8
2477	18
2484	5
2494	7
2495	7
2522	18
2528	6
2531	9
2540	8
2561	13
2569	8
2600	9
2616	10
2630	29
2690	6
2695	10
2696	7
2719	11
2728	5
2736	8
2750	20
2768	12
2864	7
2878	5
2888	9
2917	9
2922	7
2931	20
2937	16
2943	6
2951	10
2955	16
2968	9
2973	21
2990	5
2997	11
3006	11
3034	66
3047	8
3075	7
3077	5
3087	13
3091	22
3095	7
3109	14
3126	6
3148	7
3168	5
3182	48
3191	16
3199	5
3207	12
3211	10
3215	7
3231	5
3232	5
3273	19
3291	8
3294	25
3305	6
3332	7
3349	7
3392	39
3405	18
3425	5
3428	10
3482	12
3485	5
3490	5
3501	64
3511	24
3518	7
3566	8
3568	24
3575	8
3576	18
3602	24
3675	6
3678	7
3688	7
3701	7
3702	25
3711	9
3735	89
3747	8
3752	33
3765	5
3774	12
3779	7
3784	18
3806	10
3821	18
3822	59
3836	10
3848	17
3873	50
3881	7
3900	12
3917	18
3924	24
3925	5
3970	38
3984	11
4016	10
4017	8
4025	6
4041	7
4044	6
4056	31
4070	7
4078	6
4088	34
4111	19
4113	18
4127	434
4152	6
4153	8
4162	8
4175	7
4205	9
4215	5
4223	9
4229	5
4235	7
4248	6
4259	45
4260	20
4271	10
4298	8
4458	6
4482	6
4555	5
4563	5
4587	5
4598	7
4603	5
4642	10
4661	6
4735	6
4798	5
4846	9
4852	13
4862	6
4864	7
4865	5
4868	5
4896	8
4953	5
4963	8
4973	7
4977	11
4987	10
5018	14
5029	13
5068	5
5074	10
5077	8
5086	11
5090	9
5119	14
5124	5
5149	6
5153	12
5160	6
5163	7
5174	6
5181	12
5199	11
5201	10
5208	20
5226	36
5232	14
5233	5
5235	5
5240	6
5241	9
5247	10
5256	6
5267	95
5290	10
5298	8
5301	15
5303	13
5307	5
5309	7
5318	147
5344	25
5351	7
5361	5
5382	7
5396	24
5429	8
5443	13
5460	13
5487	6
5561	8
5589	6
5632	6
5725	5
5737	13
5768	9
5783	7
5784	5
5794	31
5809	7
5816	22
5827	7
5854	13
5856	7
5864	6
5866	22
5877	8
5892	28
5921	13
5924	6
5934	15
5936	15
5943	6
5972	18
6009	10
6014	5
6043	5
6119	8
6122	6
6146	16
6166	52
6209	9
6217	5
6264	31
6266	6
6301	59
6304	33
6323	17
6328	18
6352	17
6396	6
6399	6
6400	5
6444	5
6454	28
6465	5
6472	7
6486	6
6559	8
6565	6
6567	5
6593	6
6609	12
6619	5
6625	15
6631	8
6661	8
6671	5
6700	76
6711	7
6713	6
6725	14
6759	5
6768	8
6769	5
6781	7
6785	14
6787	8
6794	6
6828	5
6834	10
6844	18
6847	5
6859	44
6861	5
6868	5
6870	12
6894	8
6922	6
6937	6
6940	6
6941	15
6959	6
6970	7
6971	7
6998	16
7016	7
7017	5
7030	5
7031	9
7046	5
7051	8
7071	5
7072	5
7102	5
7128	26
7138	17
7167	6
7169	5
7178	6
7240	5
7262	12
7264	9
7266	33
7279	12
7288	5
7304	6
7365	12
7408	7
7425	7
7426	6
7451	6
7462	5
7471	6
7486	5
7497	5
7515	5
7520	8
7539	5
7563	7
7576	9
7581	15
7621	56
7638	10
7671	5
7676	8
7739	5
7743	12
7759	10
7776	42
7793	18
7799	10
7800	7
7819	7
7855	6
7874	9
7882	9
7966	16
7967	5
7968	8
7971	6
7977	6
7983	5
7986	25
7998	9
8004	7
8008	12
8010	14
8017	5
8040	6
8042	9
8053	6
8054	16
8060	5
8098	28
8142	13
8144	23
8145	9
8150	9
8213	36
8217	10
8218	14
8246	7
8252	6
8276	6
8279	5
8293	8
8324	9
8341	5
8351	10
8375	8
8380	26
8395	23
8400	5
8443	6
8449	28
8452	7
8462	8
8479	8
8484	9
8497	5
8506	6
8520	5
8533	8
8536	15
8558	6
8560	5
8573	7
8594	5
8624	9
8630	17
8638	5
8684	27
8704	5
8710	5
8727	7
8739	6
8743	12
8752	8
8803	5
8806	24
8810	5
8817	6
8865	228
8879	22
8887	25
8899	8
8923	15
8944	12
8956	7
8969	87
8978	40
8987	17
8995	17
9010	11
9030	12
9054	13
9068	6
9078	6
9115	6
9121	5
9126	8
9130	6
9131	6
9144	6
9153	11
9165	6
9175	30
9193	19
9201	16
9225	9
9230	10
9265	9
9323	5
9330	19
9394	34
9432	6
9437	12
9445	9
9448	6
9458	5
9493	12
9500	47
9501	11
9502	20
9526	127
9538	41
9542	18
9546	11
9561	45
9563	6
9584	11
9589	41
9591	8
9610	14
9611	8
9624	6
9625	15
9627	9
9637	11
9669	69
9676	10
9699	7
9716	12
9727	6
9738	8
9757	7
9763	6
9764	6
9766	16
9768	5
9784	16
9800	7
9803	6
9813	17
9822	7
9825	10
9866	6
9870	5
9890	35
9900	5
9913	18
9924	15
9925	9
9926	21
9947	10
9962	25
9974	46
10002	5
10023	5
