63	9
133	6
165	6
167	93
243	6
257	5
258	7
259	5
579	8
711	5
733	11
949	8
958	6
1005	5
1027	7
1236	6
1267	6
1277	5
1440	7
1580	5
1642	10
1689	6
2219	6
2231	12
2293	5
2445	5
2477	6
2616	5
2630	6
2660	6
2750	5
2955	5
2968	5
3034	21
3087	9
3091	7
3140	8
3142	25
3294	12
3340	6
3349	6
3392	11
3501	10
3511	5
3568	16
3602	5
3702	7
3711	5
3735	11
3742	9
3752	10
3821	5
3822	10
3836	6
3873	15
3900	7
4017	5
4056	24
4088	10
4111	15
4127	232
4223	5
4259	12
4398	82
4523	32
4604	5
4613	109
4642	8
4653	83
4807	82
4852	6
4869	5
4963	7
5018	5
5029	5
5077	6
5199	8
5208	9
5226	19
5267	39
5301	5
5316	11
5318	63
5632	6
5766	5
5794	11
5836	5
5892	12
5924	7
5972	10
6092	7
6166	19
6301	57
6304	22
6619	5
6631	5
6700	18
6711	5
6725	5
6768	6
6769	7
6785	9
6794	6
6848	9
6859	9
6870	11
6941	8
6955	5
6998	5
7052	5
7128	8
7166	9
7266	8
7365	8
7544	5
7621	18
7638	9
7743	6
7776	5
7820	6
7832	5
7986	7
8054	6
8098	11
8213	18
8380	11
8395	10
8449	8
8536	5
8558	5
8562	14
8630	5
8684	9
8793	10
8806	10
8865	67
8879	10
8887	7
8923	5
8969	14
8987	9
9072	7
9103	5
9153	10
9175	7
9193	6
9394	16
9468	7
9526	36
9538	15
9589	15
9625	14
9669	14
9676	6
9716	5
9763	8
9784	6
9825	6
9866	10
9890	7
9974	19
