1	10
5	5
7	9
10	5
19	8
23	21
25	11
27	12
30	10
31	5
32	5
33	14
34	7
37	11
38	10
40	15
44	8
49	9
56	34
58	9
60	14
61	15
63	71
65	32
68	11
74	10
76	16
82	11
86	13
89	6
92	14
93	5
97	12
99	11
100	12
107	5
108	7
111	9
112	5
114	8
122	16
125	27
126	7
128	7
133	25
134	26
136	9
140	10
142	6
153	5
158	36
161	6
162	19
164	5
167	10
171	5
173	12
174	12
184	18
185	8
186	5
187	13
189	17
191	15
203	5
205	5
211	11
216	7
232	5
243	139
246	7
251	30
253	5
254	11
257	38
258	30
259	5
261	11
271	12
290	8
292	11
295	5
300	7
303	13
311	5
312	13
317	8
322	11
323	13
324	29
328	26
331	5
333	9
338	8
341	34
343	7
346	5
347	13
351	6
352	9
353	28
355	14
359	59
363	7
364	7
365	5
366	16
368	5
369	5
371	7
380	9
384	12
385	15
399	9
400	6
406	8
407	8
408	17
412	98
415	12
417	19
418	11
421	14
427	7
429	6
432	8
435	21
436	10
446	5
447	35
448	17
449	8
455	30
456	10
457	13
459	6
460	5
467	14
470	14
471	12
477	8
478	8
483	9
497	5
500	8
506	27
509	12
511	53
513	36
515	6
518	6
522	5
526	24
527	7
528	15
530	6
531	27
533	5
534	73
539	18
540	8
542	5
546	5
547	6
550	10
557	18
558	68
568	5
578	12
579	91
582	9
585	5
588	5
589	7
591	21
594	19
604	7
605	7
606	16
608	6
613	27
620	20
622	9
627	11
628	12
629	9
633	28
635	7
640	93
642	7
648	8
649	13
651	13
657	11
661	8
669	5
672	7
677	15
679	5
680	11
681	5
686	15
687	24
688	7
691	10
693	6
698	5
700	11
705	10
707	21
710	26
715	9
716	8
717	7
718	6
719	11
720	6
722	8
723	37
726	116
733	81
734	7
740	11
742	31
746	29
749	5
754	5
758	53
760	6
764	6
766	5
768	8
772	10
791	7
792	7
793	17
799	5
805	7
806	11
811	5
812	6
813	6
826	96
829	8
830	11
835	7
837	7
841	21
842	6
846	7
852	20
853	21
855	13
856	7
857	122
862	31
865	17
867	9
870	8
871	5
875	13
877	7
878	75
880	12
883	36
890	8
894	10
895	17
902	6
905	37
907	5
915	18
917	70
919	8
920	8
921	5
925	23
927	12
930	50
941	5
945	5
949	10
953	10
957	5
958	46
961	5
969	12
971	7
972	7
976	29
979	71
981	7
986	8
991	22
995	11
998	6
1000	18
1002	15
1004	9
1005	23
1006	5
1009	7
1012	7
1013	7
1017	23
1019	6
1021	8
1022	10
1025	10
1027	24
1029	71
1031	20
1036	5
1042	12
1047	8
1048	7
1052	25
1066	10
1067	54
1071	33
1074	14
1086	9
1089	9
1095	17
1097	5
1098	25
1102	8
1107	7
1108	54
1114	5
1118	35
1121	44
1125	18
1126	11
1128	12
1132	252
1133	5
1143	32
1145	10
1147	16
1152	7
1155	15
1159	5
1160	26
1162	7
1164	12
1165	5
1166	10
1168	33
1169	7
1171	6
1172	6
1174	5
1175	7
1176	6
1178	17
1179	6
1183	6
1186	98
1188	6
1189	8
1192	12
1194	8
1199	10
1200	5
1203	7
1204	17
1206	14
1208	7
1212	9
1213	59
1215	8
1221	12
1225	51
1229	8
1231	9
1235	9
1236	25
1238	5
1240	17
1246	33
1251	7
1252	6
1256	27
1261	5
1264	7
1267	117
1274	6
1281	10
1284	5
1285	11
1288	13
1289	6
1293	9
1294	8
1296	14
1304	6
1309	13
1310	6
1313	23
1320	7
1322	5
1325	23
1326	7
1329	28
1331	71
1332	13
1346	22
1350	16
1351	6
1356	8
1357	32
1359	10
1364	24
1368	5
1369	35
1370	25
1381	9
1382	69
1386	9
1388	28
1396	67
1400	7
1401	5
1405	5
1406	117
1408	165
1409	32
1410	7
1411	8
1412	9
1418	5
1422	8
1427	6
1430	12
1433	5
1437	15
1439	7
1440	67
1442	10
1448	7
1450	10
1451	9
1453	5
1463	12
1464	22
1467	9
1469	84
1475	19
1478	17
1483	8
1486	30
1501	7
1502	5
1503	19
1504	11
1505	24
1507	20
1508	6
1510	6
1512	21
1514	13
1519	14
1520	21
1521	10
1522	15
1527	35
1529	18
1532	6
1533	7
1540	39
1550	8
1551	7
1554	61
1564	12
1567	6
1569	5
1572	6
1573	6
1574	5
1576	19
1580	244
1584	5
1588	6
1589	7
1590	5
1592	10
1594	7
1598	5
1602	137
1604	20
1608	12
1611	13
1616	39
1621	7
1622	9
1624	5
1630	16
1632	55
1633	11
1637	19
1641	5
1642	79
1644	6
1647	5
1654	9
1656	20
1659	8
1660	8
1662	34
1666	5
1668	10
1673	17
1677	7
1679	95
1689	172
1690	8
1700	18
1702	53
1703	9
1707	32
1711	8
1712	29
1713	17
1716	6
1720	10
1724	15
1725	5
1730	12
1732	9
1735	9
1736	27
1737	5
1739	33
1741	10
1745	17
1746	6
1747	40
1753	14
1755	9
1758	6
1759	17
1770	5
1774	15
1780	11
1783	46
1784	19
1787	14
1797	16
1798	6
1802	7
1806	12
1807	7
1810	13
1814	9
1815	5
1818	21
1822	11
1828	16
1831	12
1832	8
1833	22
1834	17
1835	60
1837	8
1840	15
1841	5
1842	16
1843	10
1846	8
1854	10
1859	7
1861	8
1873	10
1875	10
1882	29
1885	5
1886	23
1888	8
1892	15
1894	28
1897	8
1902	11
1905	17
1910	7
1912	5
1917	5
1919	15
1922	5
1929	14
1931	6
1933	5
1937	61
1941	15
1943	25
1945	13
1949	12
1952	7
1953	8
1957	14
1958	40
1959	6
1965	6
1969	11
1971	28
1980	6
1981	15
1982	5
1985	13
1987	6
1991	5
1993	9
1994	6
1995	5
1999	6
2002	6
2007	8
2011	15
2019	11
2023	27
2024	15
2036	20
2040	5
2046	31
2048	27
2049	68
2052	5
2054	10
2055	8
2059	18
2061	7
2062	9
2071	19
2074	31
2075	8
2078	10
2083	9
2089	6
2094	6
2097	42
2101	6
2102	6
2105	8
2107	8
2112	6
2115	5
2117	43
2125	6
2127	13
2128	9
2130	53
2132	12
2133	6
2135	6
2136	22
2142	11
2149	15
2150	5
2155	32
2157	49
2158	9
2164	33
2167	5
2172	12
2175	13
2185	6
2187	5
2188	11
2190	24
2191	12
2192	19
2195	6
2196	7
2197	5
2200	7
2205	7
2211	7
2212	36
2214	31
2216	8
2220	6
2222	14
2226	22
2229	5
2234	9
2237	7
2242	5
2247	6
2253	5
2254	6
2257	9
2267	22
2270	42
2272	5
2273	9
2278	5
2281	5
2283	10
2284	6
2285	5
2292	9
2293	14
2294	10
2299	8
2307	9
2313	5
2323	7
2324	61
2330	45
2332	6
2335	14
2348	7
2349	9
2351	60
2356	5
2360	5
2363	13
2367	5
2369	5
2370	10
2371	7
2374	7
2376	11
2379	13
2382	9
2386	7
2388	6
2390	7
2398	15
2400	5
2409	5
2412	23
2416	6
2423	5
2425	6
2427	22
2434	6
2438	5
2440	9
2443	8
2445	76
2446	62
2448	33
2454	6
2456	14
2459	10
2464	5
2470	8
2477	36
2478	11
2483	20
2484	36
2489	8
2494	15
2502	14
2504	20
2505	5
2508	16
2509	6
2510	10
2513	7
2514	7
2516	7
2518	12
2522	60
2526	50
2527	7
2528	5
2531	88
2532	36
2534	13
2540	19
2543	9
2544	5
2546	15
2549	6
2556	5
2560	14
2561	41
2562	13
2564	7
2569	12
2579	6
2580	9
2592	7
2593	16
2596	16
2603	7
2606	5
2607	8
2610	6
2611	8
2614	10
2616	69
2617	14
2618	6
2619	21
2621	27
2624	7
2625	29
2630	95
2631	10
2641	7
2648	17
2653	6
2656	13
2660	11
2663	10
2670	7
2672	16
2673	5
2676	5
2678	14
2682	7
2690	10
2693	6
2695	16
2697	9
2703	11
2711	6
2712	6
2719	30
2722	36
2723	8
2726	5
2727	7
2728	8
2736	14
2739	40
2744	6
2745	5
2746	17
2750	70
2752	8
2755	5
2762	9
2763	11
2764	5
2766	9
2768	62
2774	6
2776	6
2778	14
2781	5
2784	6
2786	11
2787	10
2789	26
2792	5
2794	14
2798	13
2799	7
2807	5
2810	7
2816	6
2825	7
2827	11
2828	14
2849	6
2855	7
2861	5
2862	37
2864	14
2865	10
2867	6
2868	7
2871	7
2873	8
2874	9
2875	13
2878	76
2880	21
2881	8
2883	18
2886	10
2887	42
2888	16
2889	7
2893	7
2894	12
2896	33
2899	9
2902	16
2905	10
2910	12
2914	17
2915	11
2917	52
2923	6
2924	11
2926	7
2929	17
2931	56
2932	24
2937	58
2939	8
2943	22
2944	9
2946	10
2950	9
2951	18
2955	109
2964	5
2965	6
2967	9
2968	48
2972	12
2973	46
2974	10
2976	13
2977	11
2980	7
2988	5
2990	59
2993	23
2994	5
2995	44
2997	14
2999	13
3003	7
3004	10
3005	6
3006	79
3009	31
3017	7
3020	6
3023	10
3025	20
3028	5
3032	14
3034	240
3035	5
3038	15
3041	19
3042	6
3043	9
3045	16
3046	5
3047	9
3048	10
3053	6
3061	6
3062	12
3066	11
3068	12
3075	28
3077	14
3079	5
3081	19
3082	33
3087	77
3090	13
3091	93
3092	20
3094	9
3095	89
3100	38
3104	10
3106	5
3109	42
3110	9
3113	6
3118	6
3120	8
3126	5
3128	23
3131	6
3132	6
3139	5
3140	19
3142	20
3143	7
3148	23
3152	6
3154	8
3155	12
3159	6
3168	10
3170	6
3173	7
3178	9
3180	8
3181	16
3182	143
3187	9
3191	122
3193	10
3195	8
3196	11
3198	14
3199	23
3202	8
3205	10
3209	5
3211	28
3213	28
3214	6
3215	22
3221	6
3223	9
3228	20
3232	57
3233	12
3235	8
3236	8
3238	9
3242	5
3243	6
3244	5
3245	6
3256	6
3261	6
3263	5
3266	17
3273	67
3274	5
3275	14
3278	45
3280	14
3284	24
3289	17
3291	42
3294	167
3295	5
3305	27
3311	8
3312	14
3314	6
3319	11
3321	5
3335	58
3340	70
3342	11
3344	6
3349	43
3353	10
3359	27
3360	6
3367	8
3369	8
3370	5
3372	12
3381	9
3384	31
3389	7
3391	12
3392	152
3396	5
3400	5
3401	9
3405	126
3408	6
3410	6
3415	6
3418	11
3419	6
3423	7
3425	22
3428	23
3430	8
3433	6
3437	5
3447	6
3449	17
3452	12
3462	5
3474	15
3476	5
3477	6
3485	8
3487	18
3489	5
3490	28
3497	6
3498	5
3501	185
3503	11
3511	98
3517	6
3518	31
3524	23
3533	18
3537	5
3538	6
3543	10
3548	5
3549	18
3559	8
3560	15
3562	10
3566	9
3568	92
3571	16
3575	9
3576	9
3577	5
3579	23
3589	5
3592	25
3596	7
3600	17
3602	59
3604	5
3606	11
3607	10
3610	7
3613	5
3615	15
3616	6
3619	18
3621	6
3626	7
3630	46
3632	10
3638	8
3640	8
3643	13
3647	8
3648	6
3652	9
3657	5
3658	36
3661	6
3663	9
3664	5
3665	14
3669	6
3671	6
3672	7
3677	30
3678	12
3683	17
3686	7
3687	17
3688	54
3690	9
3691	15
3693	12
3700	6
3702	116
3709	5
3710	8
3711	56
3712	8
3713	7
3714	6
3716	5
3718	11
3723	9
3724	9
3725	5
3735	176
3740	7
3747	34
3751	6
3752	203
3763	54
3765	14
3767	8
3773	7
3774	61
3776	6
3783	5
3784	39
3786	5
3787	63
3790	55
3806	56
3809	15
3811	9
3812	27
3821	90
3822	227
3831	11
3833	5
3836	79
3840	9
3841	7
3848	53
3849	7
3850	6
3858	10
3869	10
3871	6
3872	12
3873	116
3874	5
3881	47
3897	7
3899	56
3900	78
3901	7
3906	5
3907	11
3910	5
3911	23
3912	8
3913	12
3914	53
3915	28
3917	54
3925	12
3930	17
3933	6
3943	7
3966	11
3970	56
3975	5
3976	8
3982	17
3984	64
3988	13
3989	25
3997	11
3998	14
4002	5
4004	8
4005	6
4008	6
4009	16
4012	5
4013	20
4016	26
4017	57
4027	6
4029	5
4036	7
4037	21
4040	6
4041	10
4044	41
4046	10
4047	20
4048	26
4056	170
4059	10
4060	11
4061	5
4065	13
4066	22
4070	17
4071	11
4076	10
4078	12
4080	14
4087	10
4088	124
4094	13
4098	8
4099	13
4100	19
4102	62
4105	79
4111	108
4113	96
4116	11
4121	50
4122	14
4124	6
4127	6120
4128	8
4131	11
4135	20
4136	20
4138	8
4141	5
4142	23
4143	7
4147	5
4148	8
4149	6
4152	19
4154	5
4155	7
4160	9
4162	31
4163	8
4169	13
4175	7
4180	6
4181	5
4182	6
4189	10
4193	5
4203	6
4205	40
4212	7
4213	23
4214	5
4215	27
4216	9
4222	10
4223	18
4224	6
4229	13
4230	7
4231	11
4235	14
4239	14
4241	5
4246	6
4247	6
4248	12
4259	90
4260	12
4261	12
4262	13
4271	9
4273	5
4277	8
4281	21
4283	8
4284	13
4286	15
4289	5
4294	7
4297	12
4298	21
4304	23
4308	5
4316	8
4325	7
4326	12
4329	30
4332	52
4333	33
4339	5
4342	9
4345	9
4347	20
4351	29
4356	34
4365	15
4366	31
4367	10
4371	7
4377	26
4382	5
4384	6
4390	6
4392	5
4395	26
4398	19
4399	15
4403	27
4407	6
4408	8
4414	13
4417	6
4419	7
4421	7
4424	5
4425	12
4426	25
4427	5
4429	5
4441	5
4446	5
4456	15
4458	42
4462	10
4463	21
4465	13
4466	11
4481	6
4490	7
4493	14
4502	15
4504	29
4506	8
4508	10
4518	5
4520	5
4522	12
4527	20
4531	5
4538	26
4541	8
4545	8
4550	11
4555	7
4559	16
4562	6
4566	5
4567	13
4569	10
4573	5
4581	9
4588	6
4589	9
4594	8
4598	21
4603	21
4604	34
4610	5
4611	6
4617	6
4622	5
4624	8
4628	5
4631	6
4633	5
4634	7
4635	5
4636	5
4639	9
4642	223
4644	23
4653	31
4656	7
4658	14
4659	17
4661	24
4664	8
4666	5
4667	9
4668	6
4669	8
4677	5
4679	6
4680	13
4685	5
4686	7
4689	8
4692	7
4694	6
4699	22
4703	12
4716	17
4721	9
4723	9
4726	6
4733	11
4735	13
4742	5
4744	6
4748	6
4753	6
4757	9
4764	7
4766	5
4767	6
4774	15
4792	8
4795	9
4798	7
4807	5
4809	8
4820	5
4824	18
4832	6
4840	27
4846	60
4852	71
4854	7
4855	6
4861	47
4862	24
4863	8
4864	34
4872	14
4875	19
4877	27
4881	9
4883	12
4884	5
4885	6
4887	8
4890	6
4894	8
4895	16
4896	24
4897	106
4901	15
4906	7
4907	12
4914	7
4919	6
4927	5
4940	5
4942	7
4944	8
4945	6
4952	6
4953	9
4954	11
4956	9
4963	51
4964	10
4965	5
4973	54
4975	8
4978	14
4986	6
4987	5
4998	10
5002	5
5009	6
5018	55
5021	24
5022	6
5026	17
5029	39
5031	11
5037	7
5045	20
5053	12
5054	7
5056	10
5061	5
5062	37
5064	14
5065	6
5067	7
5068	5
5070	5
5071	6
5074	44
5076	11
5077	76
5078	8
5079	6
5080	7
5081	7
5084	5
5086	52
5090	28
5092	17
5093	13
5096	13
5100	6
5103	6
5109	8
5110	7
5115	8
5116	10
5121	7
5122	7
5124	21
5127	9
5132	6
5136	7
5138	6
5143	8
5149	36
5151	6
5153	33
5159	6
5160	45
5163	13
5167	5
5172	5
5175	30
5176	5
5181	84
5182	5
5184	14
5185	7
5187	8
5188	13
5189	5
5191	6
5194	7
5198	21
5199	54
5200	6
5201	55
5208	153
5217	5
5218	6
5224	8
5226	152
5232	16
5233	7
5239	6
5247	7
5249	12
5250	7
5252	10
5253	7
5254	5
5255	10
5258	7
5260	19
5262	13
5263	5
5264	6
5267	332
5278	12
5279	13
5282	11
5285	11
5289	7
5291	6
5292	6
5296	22
5298	38
5299	7
5300	9
5301	28
5303	74
5309	10
5316	37
5318	710
5332	22
5333	8
5338	6
5340	5
5344	102
5351	23
5352	23
5355	5
5365	72
5367	5
5370	19
5374	7
5375	6
5380	5
5382	15
5383	15
5389	7
5391	11
5396	34
5398	6
5403	115
5405	6
5409	5
5412	11
5413	5
5415	18
5423	14
5430	18
5434	18
5436	7
5441	8
5443	7
5444	14
5448	34
5451	6
5458	122
5460	80
5472	5
5476	172
5479	6
5482	5
5487	18
5488	6
5502	10
5504	60
5512	6
5513	9
5514	8
5515	15
5522	11
5541	7
5544	14
5548	17
5550	10
5553	9
5559	12
5561	31
5562	9
5569	5
5571	5
5576	13
5582	5
5589	14
5596	5
5604	18
5606	19
5607	7
5608	7
5609	8
5611	10
5615	9
5616	41
5617	13
5621	7
5630	8
5632	99
5636	7
5643	13
5648	8
5651	16
5654	5
5655	47
5658	5
5659	10
5660	13
5669	11
5672	15
5673	21
5677	32
5683	14
5698	11
5700	18
5708	20
5710	6
5713	6
5716	5
5722	7
5724	7
5725	10
5727	16
5729	10
5730	33
5737	13
5746	32
5747	9
5748	13
5750	12
5751	12
5758	11
5766	28
5768	40
5771	30
5773	6
5782	5
5783	56
5784	6
5785	6
5791	7
5794	168
5797	8
5805	5
5808	11
5809	5
5810	12
5811	5
5814	7
5817	8
5825	5
5835	22
5836	13
5839	18
5843	6
5844	35
5846	26
5852	6
5854	67
5855	37
5856	34
5859	6
5861	10
5864	226
5866	50
5874	13
5877	59
5883	28
5884	9
5890	7
5892	199
5909	26
5911	17
5919	6
5920	11
5921	57
5922	6
5923	8
5924	51
5935	5
5939	17
5940	34
5942	21
5943	40
5945	6
5955	6
5960	6
5963	9
5967	5
5969	75
5971	6
5972	94
5999	8
6003	10
6009	26
6012	14
6015	9
6025	12
6034	5
6035	6
6041	7
6043	29
6048	54
6049	7
6050	6
6057	5
6058	14
6060	5
6066	9
6071	6
6083	8
6084	12
6097	9
6101	5
6106	11
6107	16
6119	32
6121	5
6122	151
6124	27
6131	5
6133	24
6137	6
6139	5
6140	6
6146	87
6149	19
6157	6
6159	8
6161	10
6166	213
6171	7
6172	12
6173	7
6193	9
6195	11
6196	6
6202	8
6207	10
6209	21
6214	24
6215	7
6217	6
6222	6
6223	8
6233	11
6239	10
6242	19
6243	11
6254	18
6257	10
6258	6
6264	19
6265	7
6266	69
6271	10
6276	7
6278	6
6287	26
6291	9
6301	1274
6304	723
6307	7
6313	52
6315	25
6318	5
6329	57
6331	23
6332	5
6334	7
6335	5
6338	7
6339	5
6340	5
6344	13
6346	46
6349	6
6360	5
6362	14
6363	6
6368	21
6370	12
6373	5
6384	6
6385	8
6392	8
6394	12
6395	5
6396	96
6398	11
6399	61
6415	6
6434	6
6436	5
6444	7
6453	5
6458	15
6469	6
6470	8
6471	21
6472	76
6473	10
6475	8
6479	10
6486	11
6489	16
6492	36
6493	6
6497	8
6498	6
6499	18
6500	8
6507	7
6511	8
6512	6
6518	10
6525	6
6526	8
6540	6
6543	6
6545	6
6548	6
6549	10
6551	8
6554	8
6557	21
6558	6
6562	32
6563	8
6565	24
6566	13
6567	13
6570	5
6571	6
6582	6
6588	14
6593	28
6597	10
6600	6
6607	13
6609	268
6611	5
6617	8
6618	56
6619	72
6621	5
6622	9
6625	31
6628	10
6631	29
6632	10
6637	5
6641	12
6644	9
6646	9
6647	8
6650	9
6651	7
6654	6
6658	5
6661	33
6666	5
6667	6
6668	7
6670	5
6671	24
6674	10
6675	9
6677	5
6682	6
6686	11
6692	7
6696	39
6697	6
6698	6
6700	245
6703	5
6706	10
6711	62
6713	42
6716	8
6717	5
6725	77
6726	8
6730	6
6733	9
6741	5
6754	6
6755	5
6756	6
6759	12
6768	67
6769	151
6772	21
6773	12
6774	12
6775	10
6781	8
6785	190
6787	40
6791	5
6792	5
6794	57
6795	12
6796	34
6798	16
6802	7
6817	12
6828	5
6834	63
6843	6
6844	99
6847	40
6848	9
6849	13
6856	11
6859	152
6861	15
6862	9
6868	24
6870	78
6874	13
6879	5
6880	9
6881	51
6882	5
6883	8
6885	6
6887	8
6893	5
6894	60
6902	8
6905	8
6912	9
6920	17
6922	19
6931	6
6933	5
6934	6
6936	7
6937	14
6938	5
6940	17
6941	164
6945	8
6949	9
6955	43
6956	18
6957	6
6959	26
6962	16
6963	11
6970	15
6972	17
6973	9
6979	10
6983	7
6986	9
6987	18
6991	20
6992	7
6994	15
6997	9
6998	71
7006	7
7009	21
7010	6
7014	7
7015	5
7017	17
7019	15
7020	5
7022	6
7024	8
7026	12
7029	12
7031	36
7032	12
7033	5
7034	12
7037	8
7038	42
7040	9
7041	25
7042	7
7045	14
7046	12
7047	35
7048	8
7051	16
7052	5
7053	9
7058	8
7062	9
7063	13
7071	40
7072	7
7078	17
7080	5
7087	14
7089	22
7090	50
7102	17
7106	15
7107	16
7115	10
7116	8
7117	7
7124	8
7128	78
7132	5
7134	6
7136	6
7138	5
7144	5
7148	8
7149	6
7150	6
7151	5
7157	5
7159	5
7163	6
7164	6
7166	45
7169	45
7172	22
7175	6
7178	33
7182	5
7184	7
7189	10
7190	8
7191	30
7193	5
7194	5
7197	5
7199	6
7204	33
7212	5
7213	6
7215	16
7221	15
7223	29
7228	15
7232	16
7235	17
7240	5
7242	6
7243	6
7244	9
7246	6
7249	5
7251	6
7252	8
7255	6
7258	8
7259	6
7262	64
7264	67
7266	125
7271	10
7272	29
7279	44
7282	9
7288	14
7289	7
7290	22
7293	8
7297	16
7298	29
7300	10
7304	52
7320	5
7321	17
7325	6
7326	5
7329	5
7330	5
7338	7
7342	11
7348	11
7349	18
7351	12
7352	13
7362	6
7365	48
7367	29
7370	7
7381	10
7383	9
7385	8
7386	18
7387	9
7394	10
7395	8
7397	9
7398	10
7399	18
7403	7
7405	5
7408	16
7409	14
7410	15
7411	24
7412	59
7415	7
7417	11
7418	5
7425	22
7426	37
7427	7
7428	7
7431	5
7433	9
7437	45
7441	5
7443	7
7449	5
7450	9
7457	7
7458	7
7461	6
7462	28
7463	14
7465	10
7467	21
7470	6
7471	22
7475	14
7480	6
7484	6
7486	12
7489	8
7492	11
7493	9
7494	7
7507	11
7508	6
7512	5
7513	5
7516	6
7520	18
7523	12
7526	10
7527	5
7528	8
7533	17
7534	7
7541	6
7543	90
7545	12
7546	35
7548	5
7550	6
7563	21
7579	12
7581	77
7582	5
7583	11
7587	8
7592	10
7607	6
7608	7
7610	12
7621	221
7623	8
7626	6
7629	10
7634	11
7635	17
7638	131
7639	6
7640	12
7641	20
7644	9
7646	6
7647	14
7651	8
7660	9
7664	6
7667	6
7671	37
7676	15
7682	6
7684	12
7685	13
7690	14
7691	32
7693	7
7694	5
7696	8
7698	7
7700	5
7713	6
7714	13
7715	5
7725	9
7726	11
7734	5
7735	11
7739	31
7741	5
7743	38
7756	10
7758	5
7759	17
7760	5
7761	7
7766	10
7770	13
7772	6
7776	120
7781	7
7782	27
7789	16
7790	9
7796	9
7799	18
7800	15
7806	7
7808	5
7810	9
7811	5
7812	7
7817	16
7819	69
7820	15
7825	5
7827	20
7830	8
7832	7
7840	6
7842	33
7844	6
7845	19
7846	8
7852	54
7854	15
7855	16
7861	9
7866	13
7868	12
7870	45
7873	16
7874	46
7882	19
7886	10
7889	5
7892	7
7895	13
7896	5
7897	5
7901	18
7902	9
7906	7
7909	5
7912	7
7913	38
7917	5
7921	11
7922	7
7932	5
7950	9
7954	8
7956	23
7957	10
7963	8
7964	37
7966	42
7967	8
7968	66
7971	21
7977	42
7980	14
7983	17
7984	5
7986	146
7988	13
7993	9
7998	16
8004	13
8006	18
8008	28
8010	27
8012	6
8014	5
8015	9
8017	36
8025	13
8026	7
8031	7
8032	15
8033	6
8037	9
8040	16
8042	20
8044	6
8046	10
8053	21
8054	50
8055	8
8057	10
8060	32
8063	6
8064	19
8066	13
8068	6
8072	9
8074	7
8079	12
8086	8
8089	5
8095	5
8098	92
8099	15
8103	5
8104	14
8107	10
8108	9
8120	6
8122	10
8130	19
8142	24
8144	31
8145	25
8148	11
8150	19
8152	6
8157	14
8160	8
8162	8
8163	7
8164	7
8171	8
8175	11
8186	10
8187	41
8189	5
8192	16
8197	33
8202	7
8208	10
8210	9
8213	120
8217	25
8218	69
8223	5
8227	10
8229	5
8230	7
8240	5
8242	27
8243	19
8246	59
8249	15
8252	23
8262	7
8263	26
8268	6
8276	29
8279	31
8280	6
8284	17
8289	7
8291	10
8293	24
8294	20
8297	6
8298	15
8300	6
8304	21
8307	20
8309	5
8311	6
8314	5
8317	6
8321	52
8324	26
8325	5
8329	6
8331	16
8337	16
8339	299
8350	9
8351	111
8353	6
8357	6
8358	6
8359	7
8361	15
8363	6
8368	34
8369	15
8374	5
8375	28
8376	103
8377	11
8380	162
8383	12
8384	9
8391	54
8395	65
8398	7
8399	5
8401	5
8403	6
8408	21
8410	5
8413	7
8417	6
8418	5
8419	10
8425	6
8426	14
8439	10
8443	7
8445	12
8449	110
8451	68
8452	52
8457	10
8462	20
8467	11
8476	6
8478	6
8479	101
8480	7
8483	8
8484	16
8491	6
8497	15
8503	16
8506	17
8507	5
8508	27
8509	24
8510	59
8513	29
8514	6
8518	6
8520	26
8523	5
8525	31
8528	7
8533	76
8535	20
8536	29
8547	17
8549	13
8552	13
8556	9
8558	21
8559	5
8560	21
8562	66
8564	12
8568	10
8570	8
8571	18
8573	40
8585	6
8586	49
8587	20
8590	5
8594	18
8597	7
8602	10
8616	10
8624	24
8625	7
8626	19
8630	39
8637	5
8641	8
8643	6
8647	8
8663	11
8669	13
8672	6
8674	7
8683	14
8684	125
8686	17
8687	5
8697	7
8699	6
8703	14
8704	12
8710	26
8711	6
8717	5
8720	11
8721	10
8722	9
8724	6
8726	8
8727	8
8730	8
8734	11
8738	5
8739	32
8740	25
8741	11
8743	71
8752	17
8755	15
8760	27
8761	6
8765	16
8773	5
8792	8
8793	22
8794	7
8796	11
8803	35
8804	9
8805	16
8806	42
8810	6
8813	16
8816	7
8817	25
8820	14
8821	30
8829	7
8832	35
8836	7
8837	5
8843	10
8847	8
8859	45
8860	11
8865	1177
8866	5
8879	52
8885	5
8886	5
8887	76
8890	6
8894	8
8899	26
8900	5
8909	12
8910	9
8912	26
8914	6
8915	18
8920	14
8922	15
8923	28
8925	6
8927	13
8933	5
8934	6
8938	5
8941	5
8943	12
8944	40
8947	6
8952	7
8953	6
8965	7
8969	362
8978	35
8981	20
8983	5
8987	87
8991	5
8992	5
8995	188
8996	5
9000	5
9010	73
9011	7
9028	33
9030	15
9031	5
9032	9
9034	26
9035	5
9037	18
9038	25
9040	6
9045	27
9046	38
9047	5
9048	5
9049	5
9054	67
9060	5
9062	9
9066	9
9068	5
9072	18
9078	24
9080	15
9083	8
9086	9
9093	14
9095	6
9102	5
9103	34
9111	5
9117	15
9120	9
9121	48
9123	5
9124	10
9126	20
9128	21
9130	10
9136	5
9144	18
9145	7
9148	9
9149	6
9151	5
9153	63
9160	7
9165	23
9171	6
9175	92
9180	36
9185	7
9187	10
9193	84
9194	7
9201	27
9202	7
9214	10
9225	24
9230	18
9232	8
9236	6
9238	8
9242	20
9244	5
9252	6
9253	8
9262	6
9265	23
9277	7
9284	9
9285	41
9291	5
9293	28
9308	5
9314	6
9315	10
9320	7
9323	11
9328	5
9330	34
9331	6
9340	14
9347	14
9348	10
9354	6
9357	7
9360	9
9361	10
9362	5
9365	11
9371	6
9375	7
9379	8
9389	6
9391	6
9394	174
9396	9
9397	9
9399	8
9408	9
9410	5
9420	7
9423	7
9433	12
9436	5
9442	5
9445	67
9448	62
9453	39
9458	6
9466	7
9467	7
9469	7
9470	6
9474	32
9475	10
9481	6
9486	6
9488	5
9489	5
9493	14
9500	29
9509	6
9511	6
9515	6
9517	10
9518	6
9523	5
9526	609
9531	5
9538	192
9542	28
9546	109
9547	5
9548	16
9549	21
9551	5
9557	6
9561	92
9563	12
9571	36
9581	12
9582	27
9584	35
9587	17
9589	141
9591	25
9596	6
9608	8
9609	5
9610	89
9611	54
9613	6
9617	13
9618	15
9620	12
9622	13
9624	14
9625	214
9627	104
9628	5
9632	9
9633	21
9637	37
9648	64
9652	7
9658	6
9661	5
9666	5
9669	272
9676	46
9678	5
9695	9
9698	5
9699	14
9701	10
9704	14
9711	6
9712	6
9714	7
9716	53
9717	9
9719	17
9721	31
9724	19
9727	80
9728	6
9736	5
9738	25
9743	13
9747	5
9751	7
9752	5
9755	6
9757	14
9761	6
9763	26
9764	34
9766	50
9768	5
9769	6
9770	5
9772	6
9777	6
9784	69
9792	19
9793	8
9800	24
9801	13
9803	29
9805	27
9809	17
9812	5
9813	44
9814	5
9817	8
9818	5
9820	5
9822	42
9825	44
9826	13
9827	9
9830	13
9843	6
9855	5
9858	7
9859	6
9860	5
9863	6
9864	7
9865	5
9866	20
9870	7
9889	5
9890	74
9895	7
9900	5
9908	5
9909	8
9915	16
9920	5
9921	56
9924	104
9925	10
9926	61
9931	9
9932	8
9933	6
9934	36
9938	17
9944	5
9947	42
9948	21
9951	6
9958	16
9959	6
9962	31
9964	18
9966	5
9974	1301
9975	8
9976	26
9982	12
9983	39
9992	13
9993	6
9994	5
9995	14
9996	8
9998	12
9999	10
10000	21
10004	5
10008	5
10017	8
10029	7
10031	6
10033	5
10034	5
10038	9
10039	6
10041	10
10046	5
10048	6
10057	13
