63	12
157	7
158	6
219	5
243	7
252	5
328	6
341	8
558	7
579	10
707	7
723	11
726	8
733	6
758	8
826	9
857	16
878	5
947	7
958	10
991	7
1029	12
1067	7
1225	12
1267	9
1325	5
1331	7
1369	7
1370	7
1382	10
1440	8
1467	5
1512	5
1527	5
1602	25
1689	7
1702	5
1919	6
1937	12
1958	7
2001	7
2049	7
2071	8
2130	10
2158	8
2324	7
2330	7
2445	12
2446	7
2450	7
2476	12
2477	10
2484	5
2522	5
2526	5
2532	8
2616	7
2630	5
2719	5
2750	12
2768	5
2878	7
2931	7
2937	11
2951	5
2955	7
2968	9
3006	6
3034	31
3087	6
3091	5
3100	5
3109	7
3182	5
3191	5
3199	6
3215	6
3273	5
3291	6
3294	16
3349	15
3392	16
3501	29
3511	19
3518	5
3568	17
3602	7
3711	11
3728	6
3735	21
3747	5
3752	17
3774	5
3784	6
3806	5
3820	5
3821	13
3822	20
3836	8
3873	34
3900	8
3915	5
3917	11
4017	5
4041	5
4044	6
4056	23
4088	12
4102	7
4111	12
4113	8
4127	125
4162	10
4165	7
4213	5
4223	5
4248	10
4259	24
4456	17
4642	9
4709	6
4846	18
4849	6
4852	5
4897	5
4973	8
5018	6
5028	5
5029	7
5077	13
5083	5
5086	6
5153	6
5181	5
5208	8
5226	21
5232	8
5267	57
5301	5
5303	7
5318	54
5344	14
5352	5
5396	9
5443	12
5460	6
5657	5
5794	11
5854	8
5866	6
5883	5
5892	10
5921	10
5924	7
5965	8
5972	10
6022	16
6146	14
6166	17
6301	11
6661	6
6700	42
6725	11
6768	6
6785	7
6794	8
6834	5
6844	7
6859	23
6870	8
6959	14
6963	6
6998	9
7102	7
7128	10
7266	12
7279	8
7499	16
7581	7
7594	9
7614	8
7621	15
7638	10
7671	5
7776	15
7819	5
7977	10
7986	10
8008	8
8010	5
8040	8
8098	15
8130	6
8213	21
8218	7
8246	7
8293	5
8348	10
8351	7
8368	5
8380	12
8389	16
8395	7
8404	7
8449	19
8520	8
8536	7
8684	15
8743	11
8806	14
8865	128
8879	6
8902	6
8923	8
8969	28
8987	11
8995	10
9121	5
9144	6
9175	12
9193	9
9265	7
9330	14
9394	5
9445	5
9493	5
9526	48
9538	33
9542	5
9546	11
9561	23
9589	14
9610	7
9625	18
9627	7
9633	7
9669	36
9676	5
9716	8
9766	6
9784	9
9813	8
9825	5
9890	10
9924	7
9925	8
9926	7
9974	6
