25	7
63	9
158	10
184	10
229	6
243	6
320	5
328	7
412	8
494	7
511	8
558	6
579	11
582	6
707	7
726	27
826	12
857	14
905	20
976	7
991	7
1029	11
1067	6
1132	66
1143	5
1168	5
1225	6
1236	8
1267	15
1294	6
1295	5
1329	5
1331	7
1353	5
1370	5
1382	7
1406	5
1440	6
1469	77
1512	5
1534	5
1602	16
1642	5
1689	13
1702	11
1707	8
1736	9
1773	6
1780	5
1835	6
1887	10
1905	69
1913	6
1937	7
1939	6
1958	7
2048	5
2049	16
2071	6
2136	6
2227	5
2324	8
2330	7
2347	7
2370	5
2427	10
2445	10
2446	11
2477	12
2484	6
2531	5
2561	8
2630	10
2719	10
2750	6
2871	5
2878	6
2931	9
2968	9
3006	9
3034	26
3087	5
3091	7
3100	7
3182	26
3191	6
3232	5
3294	21
3349	9
3359	5
3392	14
3405	5
3501	20
3511	18
3568	15
3576	11
3584	12
3592	6
3602	11
3702	13
3711	5
3735	12
3747	5
3752	17
3763	7
3774	8
3784	5
3790	5
3821	7
3822	15
3836	80
3873	26
3900	10
3914	12
3915	5
3917	6
3970	29
3984	8
4016	5
4017	10
4056	20
4088	5
4111	8
4113	8
4127	296
4147	10
4213	5
4223	7
4227	65
4259	23
4351	5
4356	6
4456	5
4550	9
4632	11
4642	7
4733	40
4735	18
4737	28
4765	5
4837	5
4846	15
4852	6
4861	6
4957	5
4973	8
4993	5
5074	7
5077	5
5141	5
5181	6
5199	12
5208	14
5226	14
5267	78
5298	11
5301	5
5318	63
5344	12
5365	6
5396	12
5443	6
5460	8
5582	7
5629	7
5768	10
5794	17
5854	13
5856	9
5866	12
5877	14
5892	33
5921	9
5943	5
5972	11
6003	6
6009	8
6119	7
6146	10
6166	26
6287	5
6301	38
6304	25
6607	5
6609	5
6625	6
6631	6
6700	32
6725	6
6768	11
6769	7
6785	11
6859	8
6870	11
6894	6
6937	14
6941	8
6955	7
6959	9
7031	6
7071	8
7078	7
7120	5
7128	8
7169	5
7251	5
7262	12
7264	5
7266	12
7279	7
7298	6
7332	5
7365	18
7408	7
7520	6
7581	10
7621	94
7743	6
7776	26
7852	8
7933	5
7977	6
7986	14
8050	9
8054	6
8081	39
8098	18
8144	13
8145	5
8150	5
8213	16
8217	9
8218	7
8380	13
8395	10
8449	9
8452	5
8462	9
8479	6
8536	6
8587	5
8630	5
8631	7
8684	15
8727	5
8750	7
8803	7
8806	15
8865	106
8879	11
8887	16
8897	9
8920	8
8969	52
8978	5
8987	16
8995	14
9010	10
9045	5
9054	7
9121	7
9141	11
9153	9
9175	14
9193	10
9201	5
9265	7
9330	10
9394	8
9445	5
9493	6
9500	57
9503	43
9526	47
9538	22
9542	8
9546	6
9561	16
9587	9
9589	24
9610	13
9625	12
9627	6
9637	5
9669	39
9766	7
9769	9
9784	12
9813	8
9825	6
9890	13
9924	13
9926	8
9935	65
9962	6
9974	5
9976	6
10041	5
