63	6
219	5
526	6
579	6
723	5
733	7
857	8
878	5
1029	9
1225	6
1267	5
1382	5
1440	8
1512	6
1602	10
1689	6
1937	7
2158	5
2476	12
2477	5
2750	9
2931	6
2955	5
3034	16
3087	5
3091	5
3109	5
3294	12
3349	9
3392	10
3409	8
3501	15
3511	8
3568	9
3602	5
3711	5
3735	11
3752	7
3820	5
3821	6
3822	8
3873	13
3917	11
4056	10
4088	8
4111	6
4113	7
4127	74
4248	6
4259	7
4642	6
4846	7
4973	5
5029	5
5077	7
5083	5
5208	7
5226	14
5232	8
5267	28
5303	6
5318	38
5344	8
5396	8
5443	9
5657	5
5794	5
5892	8
5921	6
5965	8
5972	6
6146	6
6166	12
6700	21
6725	5
6794	7
6834	5
6859	16
6959	5
7128	5
7266	5
7279	6
7581	7
7594	5
7614	8
7638	7
7776	9
7977	6
7986	5
8008	6
8040	5
8098	8
8213	7
8348	10
8380	6
8404	7
8449	11
8509	5
8536	6
8684	10
8806	6
8865	61
8879	6
8923	7
8969	13
8987	11
8995	7
9175	9
9193	6
9330	5
9394	6
9526	35
9538	17
9546	5
9561	14
9589	13
9625	6
9627	5
9669	20
9757	5
9784	5
9813	7
9890	6
9925	7
