56	6
63	7
158	10
229	6
243	13
324	7
331	5
341	5
433	5
455	24
456	5
489	5
511	5
520	6
526	5
534	8
557	6
558	31
579	19
640	10
677	6
687	5
722	6
723	12
726	16
733	19
742	5
758	14
826	10
857	33
862	8
878	10
905	7
915	5
940	12
958	13
982	7
991	7
1017	10
1025	6
1029	23
1067	11
1071	7
1077	5
1108	5
1113	25
1118	20
1125	5
1128	24
1143	7
1189	6
1225	9
1235	5
1246	5
1267	22
1331	11
1338	7
1356	5
1370	5
1382	31
1408	5
1415	8
1437	10
1440	26
1469	7
1478	6
1485	7
1505	5
1512	8
1554	10
1564	11
1580	10
1632	7
1642	10
1679	8
1689	16
1724	7
1736	5
1783	8
1818	6
1835	5
1875	5
1894	5
1902	6
1908	5
1937	13
1958	14
2048	9
2049	8
2059	5
2071	7
2074	11
2142	5
2155	6
2157	10
2171	6
2212	8
2324	11
2330	8
2360	10
2402	11
2412	13
2445	7
2448	5
2477	29
2483	9
2502	41
2522	8
2531	19
2537	7
2546	7
2561	5
2616	5
2621	6
2630	13
2690	12
2718	11
2719	7
2750	12
2768	10
2878	6
2894	5
2914	12
2917	8
2918	6
2931	8
2939	5
2955	12
2968	10
2973	10
3034	46
3038	5
3045	5
3075	8
3087	13
3091	11
3095	12
3140	7
3148	5
3161	28
3182	83
3187	20
3191	14
3199	7
3213	6
3221	6
3273	12
3284	5
3294	43
3305	7
3335	9
3340	10
3392	46
3428	5
3490	11
3501	42
3511	21
3568	29
3577	6
3602	15
3616	40
3702	39
3711	12
3735	21
3747	6
3752	25
3763	9
3774	16
3784	5
3790	17
3806	11
3821	16
3822	34
3836	13
3858	5
3873	40
3900	16
3914	8
3917	9
3925	5
3933	5
3943	18
3970	8
3972	6
3984	10
4017	14
4041	10
4056	46
4065	5
4081	7
4088	10
4111	20
4113	26
4127	473
4152	7
4162	11
4185	5
4214	6
4223	7
4248	8
4259	55
4260	6
4290	17
4333	5
4506	19
4527	5
4603	5
4604	28
4642	9
4656	8
4661	5
4681	25
4740	9
4749	11
4840	7
4846	15
4852	16
4861	5
4875	5
4935	6
4963	9
5018	6
5029	10
5056	8
5077	12
5086	12
5090	6
5144	5
5153	8
5199	11
5208	29
5216	5
5226	42
5232	8
5233	6
5240	5
5242	5
5249	5
5267	96
5298	12
5301	7
5303	14
5316	10
5318	120
5344	12
5351	7
5396	15
5460	8
5475	5
5487	5
5531	5
5589	6
5632	7
5698	5
5768	7
5771	9
5783	8
5794	38
5797	6
5854	31
5864	5
5866	11
5877	6
5883	8
5892	28
5909	5
5921	6
5924	16
5943	9
5972	61
6012	6
6020	5
6043	5
6104	6
6146	11
6154	6
6166	50
6193	5
6287	8
6301	83
6304	27
6413	5
6557	5
6565	7
6609	10
6619	26
6624	5
6625	6
6631	5
6661	11
6664	5
6671	42
6700	59
6711	14
6725	9
6768	14
6769	17
6785	14
6794	6
6844	8
6847	5
6859	23
6870	11
6881	6
6894	11
6922	5
6941	15
6960	5
6998	12
7071	5
7128	17
7166	22
7262	10
7264	19
7266	20
7272	6
7279	7
7408	6
7412	11
7520	6
7543	6
7581	10
7621	41
7638	9
7641	5
7684	7
7739	13
7740	6
7743	9
7759	5
7776	12
7819	10
7852	6
7968	6
7977	8
7986	17
7998	8
8008	8
8017	5
8049	5
8054	13
8098	22
8129	6
8144	19
8145	6
8150	5
8213	31
8215	10
8217	5
8218	46
8246	7
8268	8
8276	6
8321	8
8324	7
8351	13
8375	5
8380	14
8395	12
8443	5
8449	31
8452	8
8457	20
8479	6
8484	6
8503	5
8506	6
8520	8
8525	7
8533	8
8536	9
8562	19
8624	8
8630	12
8684	30
8720	10
8743	17
8806	15
8810	7
8865	159
8879	14
8887	11
8899	5
8910	5
8940	9
8944	5
8969	45
8978	9
8987	20
8995	33
9045	5
9054	15
9105	7
9121	7
9122	5
9126	9
9153	13
9175	22
9193	18
9265	7
9275	19
9330	13
9394	12
9445	16
9526	91
9538	25
9542	5
9546	10
9549	5
9561	26
9589	37
9610	7
9625	19
9627	18
9669	45
9676	6
9688	6
9716	23
9727	5
9757	6
9763	5
9764	6
9766	24
9784	5
9800	6
9803	5
9805	10
9813	9
9822	6
9825	10
9866	5
9875	40
9890	26
9924	6
9925	6
9926	10
9962	7
9974	16
9977	6
9995	8
