23	10
56	11
58	7
63	9
73	6
76	8
92	5
122	5
134	5
158	24
161	9
162	6
173	7
243	21
257	6
258	5
261	8
324	8
341	10
351	7
353	8
384	7
412	10
455	63
456	7
471	11
506	6
509	5
511	21
513	22
526	5
528	6
531	8
534	23
553	6
557	6
558	43
579	26
606	6
640	26
677	7
707	5
710	7
723	11
726	35
733	25
742	9
758	15
811	10
826	19
841	5
845	6
855	5
857	35
862	9
878	16
895	8
905	10
915	14
940	13
958	15
976	17
979	11
991	11
1005	7
1009	5
1017	18
1027	5
1029	29
1058	7
1067	20
1071	8
1098	6
1102	5
1108	10
1113	25
1118	19
1125	11
1127	7
1128	24
1143	15
1147	8
1155	24
1168	7
1186	6
1189	9
1213	9
1225	12
1236	9
1246	8
1256	6
1267	40
1274	5
1309	12
1325	9
1329	5
1331	30
1338	7
1356	9
1369	5
1370	7
1381	7
1382	41
1396	11
1406	6
1408	41
1415	7
1430	5
1437	10
1440	40
1452	5
1469	15
1475	22
1478	13
1485	7
1504	5
1505	9
1512	20
1515	5
1527	10
1529	6
1540	6
1545	5
1554	9
1564	18
1580	46
1602	12
1604	5
1630	7
1632	14
1637	5
1641	5
1642	19
1673	11
1674	26
1679	12
1689	20
1702	10
1707	7
1724	9
1736	8
1747	7
1783	16
1784	5
1810	5
1818	7
1833	5
1834	5
1835	14
1842	6
1875	6
1878	5
1882	10
1894	5
1897	5
1902	5
1905	8
1937	24
1957	5
1958	10
1981	6
1989	9
2003	5
2011	6
2023	6
2036	5
2048	9
2049	17
2050	5
2057	6
2059	8
2061	6
2071	16
2074	14
2097	14
2117	6
2130	7
2142	13
2155	10
2157	15
2190	9
2212	13
2252	13
2257	5
2307	5
2324	12
2330	10
2351	9
2360	10
2366	5
2402	11
2412	19
2445	20
2446	15
2448	13
2454	5
2464	5
2477	37
2484	6
2502	43
2513	5
2522	11
2531	32
2532	9
2537	6
2540	7
2546	12
2561	9
2569	5
2616	20
2619	5
2621	7
2625	12
2630	28
2663	5
2678	5
2690	24
2709	5
2719	20
2736	8
2750	24
2764	9
2768	17
2778	7
2787	5
2816	5
2864	6
2878	11
2896	8
2902	5
2914	20
2917	15
2931	9
2937	6
2951	5
2955	29
2965	5
2968	24
2973	9
2993	5
2996	5
3006	13
3034	85
3038	8
3045	5
3075	16
3081	8
3087	16
3091	20
3095	23
3100	9
3106	6
3109	8
3140	8
3161	21
3181	5
3182	109
3187	20
3191	19
3199	14
3211	8
3213	10
3215	6
3221	6
3228	12
3232	10
3266	5
3269	5
3273	16
3275	5
3284	5
3289	9
3291	7
3294	71
3305	8
3335	14
3340	25
3349	14
3392	51
3405	8
3414	7
3418	16
3425	5
3475	6
3490	9
3501	76
3509	9
3511	38
3566	9
3568	46
3575	6
3577	6
3592	8
3602	18
3615	6
3616	43
3630	6
3634	6
3658	7
3677	10
3688	5
3691	9
3702	71
3711	20
3713	6
3724	5
3735	36
3747	9
3752	44
3763	9
3765	6
3774	17
3790	29
3806	17
3812	7
3821	24
3822	49
3836	22
3848	78
3858	5
3873	57
3881	13
3900	26
3907	5
3914	17
3915	8
3917	17
3928	9
3943	21
3970	7
3972	7
3984	22
3997	6
4017	17
4041	10
4042	6
4044	10
4047	5
4056	67
4065	6
4066	9
4081	7
4088	30
4094	5
4102	10
4111	39
4113	39
4122	5
4127	1127
4152	7
4162	15
4184	12
4185	5
4205	12
4213	5
4223	7
4229	5
4235	6
4248	10
4259	75
4260	12
4271	9
4290	17
4304	7
4329	30
4330	7
4331	5
4332	33
4333	27
4351	7
4356	18
4366	5
4395	6
4426	7
4456	5
4458	10
4506	19
4522	5
4527	6
4545	5
4567	6
4604	42
4642	20
4644	8
4658	5
4661	7
4667	5
4681	25
4733	5
4789	5
4840	9
4846	30
4852	33
4861	12
4864	7
4896	5
4963	13
4973	11
5002	6
5018	19
5029	12
5032	5
5056	9
5064	8
5074	8
5077	24
5086	22
5090	9
5116	5
5153	15
5160	10
5163	11
5181	19
5184	6
5199	19
5200	6
5201	5
5208	48
5216	5
5226	61
5232	13
5249	6
5256	6
5267	153
5296	12
5298	15
5301	12
5303	20
5316	19
5318	215
5332	7
5344	28
5351	16
5396	21
5458	19
5460	18
5475	5
5476	146
5483	8
5487	9
5548	10
5561	11
5606	8
5632	10
5655	6
5673	5
5698	9
5700	6
5708	5
5746	95
5768	18
5771	12
5783	18
5794	59
5808	7
5809	7
5812	7
5836	5
5854	31
5856	5
5866	27
5877	9
5892	48
5909	9
5920	8
5921	16
5924	22
5943	13
5946	5
5969	9
5972	75
6009	12
6012	6
6020	5
6036	5
6043	5
6056	9
6122	6
6133	7
6146	23
6149	5
6154	6
6166	95
6193	11
6209	16
6239	5
6242	6
6243	5
6266	10
6287	11
6301	183
6304	155
6313	77
6340	8
6364	5
6399	9
6413	5
6458	8
6472	7
6557	8
6565	10
6573	6
6579	5
6597	5
6607	6
6609	62
6618	6
6619	37
6624	6
6625	14
6631	7
6652	11
6654	5
6661	13
6671	44
6700	105
6706	6
6711	22
6713	13
6725	26
6768	21
6769	27
6779	10
6780	6
6785	34
6794	6
6796	10
6799	5
6834	9
6843	5
6844	17
6847	6
6859	31
6870	19
6875	5
6881	8
6894	18
6922	6
6937	5
6941	24
6955	7
6959	8
6960	5
6970	7
6998	12
7011	6
7012	12
7031	7
7038	7
7071	17
7090	8
7102	7
7128	27
7166	31
7169	11
7175	6
7215	7
7223	8
7235	6
7262	17
7264	21
7266	33
7272	5
7279	15
7298	7
7304	15
7349	6
7351	6
7352	6
7365	10
7408	9
7411	10
7412	15
7426	5
7437	6
7471	6
7505	5
7528	7
7543	12
7563	5
7581	12
7592	11
7621	69
7638	47
7641	44
7654	6
7671	6
7676	7
7684	15
7714	6
7724	5
7739	23
7740	7
7743	25
7759	9
7761	5
7776	17
7819	14
7820	6
7827	7
7852	9
7870	11
7874	11
7921	5
7956	6
7966	7
7968	11
7977	7
7983	5
7986	39
7988	6
7998	11
8008	11
8010	8
8014	5
8017	8
8049	5
8053	9
8054	15
8072	7
8098	41
8122	6
8129	10
8130	7
8142	5
8144	30
8145	9
8150	10
8164	5
8171	10
8187	6
8213	53
8215	10
8217	8
8218	47
8242	7
8246	14
8252	8
8268	14
8276	12
8287	9
8293	5
8294	7
8321	11
8324	15
8339	8
8351	35
8368	6
8375	9
8380	31
8391	7
8395	25
8403	5
8408	9
8449	44
8452	13
8457	20
8479	28
8484	7
8497	7
8503	6
8506	8
8510	7
8511	5
8513	8
8520	5
8525	8
8533	13
8536	5
8556	5
8560	5
8562	46
8573	7
8587	6
8594	8
8624	8
8630	12
8663	6
8669	9
8672	5
8684	45
8710	5
8743	23
8752	6
8765	13
8803	6
8806	20
8810	6
8820	7
8821	11
8865	260
8879	32
8887	23
8899	8
8902	6
8910	5
8912	7
8944	10
8969	101
8978	22
8987	23
8995	63
9010	8
9028	7
9045	7
9054	25
9078	9
9080	6
9105	7
9121	15
9126	16
9128	5
9130	8
9148	5
9153	23
9160	10
9165	11
9175	31
9193	21
9225	9
9230	6
9242	5
9265	8
9275	21
9291	5
9330	12
9394	34
9445	21
9448	10
9474	8
9526	169
9538	48
9542	7
9546	16
9549	7
9561	57
9571	8
9584	9
9587	6
9589	51
9608	7
9610	11
9611	8
9625	32
9627	14
9633	8
9637	6
9647	5
9669	78
9676	8
9688	6
9698	6
9704	7
9711	6
9716	31
9719	6
9738	7
9743	12
9757	9
9763	8
9764	14
9766	29
9768	5
9784	26
9800	10
9803	9
9805	10
9809	7
9813	11
9822	9
9825	15
9848	16
9866	6
9875	40
9890	51
9915	9
9924	19
9925	7
9926	27
9934	5
9947	8
9962	18
9974	105
9976	7
9983	5
9995	9
