19	8
23	10
27	6
33	10
40	5
52	5
56	16
58	7
63	29
65	7
74	6
92	8
93	5
101	5
108	5
122	5
125	6
133	14
134	19
136	6
158	26
161	9
162	12
167	119
168	5
173	10
184	16
194	6
236	6
237	15
243	41
251	7
257	8
258	10
271	7
303	9
311	6
319	6
324	27
328	11
331	6
338	5
341	19
353	14
359	15
366	8
384	9
385	7
408	6
412	19
417	10
421	10
436	7
449	5
456	5
477	10
483	6
489	6
509	6
511	32
513	12
518	6
523	5
526	10
528	8
531	12
532	18
534	20
540	7
542	5
556	5
557	7
558	40
578	9
579	55
582	13
587	5
589	6
591	7
594	7
613	12
629	6
633	5
640	23
649	13
677	5
680	6
686	5
707	20
710	9
711	6
716	6
719	8
720	8
722	7
723	21
726	52
733	37
734	5
742	12
746	6
758	16
760	5
768	5
778	5
793	14
811	6
826	47
829	5
833	5
837	5
841	7
857	41
862	11
875	11
878	41
883	62
887	5
890	5
895	7
905	25
915	6
920	5
925	10
926	12
930	12
949	8
958	19
976	18
979	24
991	10
995	8
998	8
1000	8
1005	9
1009	7
1013	7
1017	28
1025	7
1026	5
1027	6
1029	35
1031	15
1048	5
1062	10
1067	19
1071	15
1074	8
1095	12
1098	14
1108	40
1114	5
1118	35
1122	13
1125	8
1128	6
1132	302
1143	19
1145	5
1147	6
1152	10
1168	17
1183	6
1186	8
1192	7
1194	6
1199	7
1203	6
1204	12
1206	8
1212	9
1213	28
1225	25
1236	26
1246	9
1256	8
1261	7
1265	5
1267	67
1274	6
1281	6
1296	7
1313	5
1325	12
1329	8
1331	36
1341	5
1346	20
1350	7
1356	7
1357	17
1359	7
1364	5
1369	17
1370	9
1382	38
1396	8
1405	5
1406	16
1408	7
1422	8
1437	9
1440	24
1442	7
1450	6
1451	7
1464	6
1469	49
1478	12
1483	5
1503	7
1504	9
1505	12
1507	7
1510	5
1512	18
1514	7
1520	6
1527	14
1529	5
1540	14
1554	11
1564	5
1570	5
1580	40
1602	37
1604	8
1630	11
1632	29
1637	9
1642	18
1644	5
1656	9
1662	9
1677	7
1679	24
1689	73
1700	8
1702	17
1703	5
1707	10
1724	7
1725	5
1730	5
1732	5
1736	8
1739	5
1744	7
1745	10
1747	16
1753	5
1759	10
1780	10
1783	13
1787	6
1797	6
1802	6
1810	9
1818	7
1822	9
1828	7
1831	6
1832	6
1833	11
1834	10
1835	32
1842	6
1861	5
1882	16
1886	10
1894	11
1905	13
1919	6
1922	5
1937	30
1943	11
1945	7
1957	10
1958	23
1959	7
1981	11
1985	10
1987	9
1995	10
2011	8
2023	10
2024	6
2046	7
2048	9
2049	32
2059	20
2071	20
2074	15
2075	5
2078	6
2095	5
2097	15
2102	5
2105	5
2107	9
2110	13
2117	16
2127	14
2130	41
2132	6
2135	5
2142	6
2147	6
2149	6
2155	15
2157	50
2158	8
2164	17
2175	10
2190	5
2205	6
2212	21
2214	18
2219	5
2220	10
2226	8
2231	9
2233	7
2242	5
2267	12
2270	9
2275	5
2283	6
2324	35
2330	22
2351	11
2370	5
2382	6
2390	5
2412	21
2427	11
2445	40
2446	40
2448	15
2456	8
2477	32
2478	7
2483	12
2484	18
2494	9
2495	7
2502	7
2508	8
2513	9
2522	28
2526	13
2531	30
2532	11
2534	6
2540	13
2543	9
2546	7
2560	7
2561	23
2562	7
2569	17
2579	7
2580	6
2593	5
2596	14
2616	25
2619	13
2621	9
2625	6
2630	39
2672	5
2690	8
2707	14
2711	5
2719	18
2722	20
2723	6
2728	9
2729	7
2736	7
2745	5
2750	32
2766	7
2768	29
2778	5
2789	14
2807	5
2815	5
2861	5
2862	6
2864	9
2865	5
2870	6
2875	5
2878	19
2887	37
2888	7
2893	7
2894	9
2896	8
2902	6
2910	6
2914	11
2915	6
2917	31
2931	34
2932	8
2937	37
2943	7
2951	16
2955	30
2968	26
2971	6
2972	7
2973	24
2974	6
2990	11
2993	8
2997	12
3003	5
3006	32
3009	15
3019	5
3023	8
3034	126
3038	8
3041	8
3045	7
3047	10
3060	11
3066	7
3075	11
3077	10
3081	7
3082	8
3087	28
3091	35
3092	21
3094	9
3095	20
3100	19
3109	7
3140	21
3142	28
3143	7
3148	5
3154	8
3168	5
3174	6
3176	5
3181	6
3182	68
3191	39
3196	9
3199	12
3205	6
3210	5
3211	21
3213	11
3215	14
3223	8
3228	8
3232	16
3261	6
3266	6
3273	28
3278	18
3284	8
3291	13
3294	50
3305	9
3311	5
3319	5
3335	15
3337	5
3340	28
3349	29
3359	6
3367	8
3392	93
3405	9
3418	10
3423	7
3425	12
3428	9
3430	9
3449	5
3452	6
3474	6
3485	10
3490	12
3501	117
3511	66
3518	14
3524	9
3559	6
3566	7
3568	62
3571	7
3575	9
3576	13
3579	7
3592	5
3596	6
3602	46
3607	6
3619	6
3630	7
3658	23
3677	5
3678	6
3683	5
3688	6
3691	9
3693	6
3702	100
3711	21
3724	5
3735	76
3747	13
3752	83
3763	36
3765	5
3774	33
3775	5
3784	17
3787	6
3790	18
3806	15
3812	12
3821	51
3822	110
3836	50
3837	6
3869	7
3873	85
3881	18
3900	41
3914	25
3915	20
3917	29
3925	10
3930	9
3940	6
3949	9
3970	19
3982	6
3984	31
3997	5
3998	14
4007	8
4009	12
4016	5
4017	45
4041	12
4044	26
4047	7
4048	6
4056	114
4059	5
4065	10
4066	8
4070	14
4080	6
4087	7
4088	39
4094	8
4099	5
4102	34
4105	7
4111	50
4113	37
4116	7
4122	7
4124	5
4127	1539
4135	18
4136	5
4138	6
4142	9
4152	8
4162	20
4163	5
4166	5
4169	8
4175	9
4184	10
4189	10
4205	14
4213	10
4215	13
4222	7
4223	21
4227	20
4229	6
4235	7
4247	8
4248	18
4259	98
4260	7
4262	6
4271	7
4281	9
4297	7
4325	6
4332	12
4351	14
4356	8
4366	14
4377	5
4395	17
4398	103
4399	8
4403	11
4426	19
4456	9
4458	20
4461	7
4463	8
4464	5
4488	5
4493	10
4501	6
4504	8
4515	10
4522	10
4523	62
4524	5
4527	7
4538	21
4567	6
4589	9
4598	9
4603	16
4604	9
4605	9
4613	137
4622	6
4634	6
4642	25
4644	5
4653	120
4660	5
4661	13
4667	5
4669	6
4680	5
4686	10
4687	14
4694	8
4699	7
4703	7
4716	8
4721	5
4733	29
4734	5
4735	59
4737	19
4757	9
4771	7
4773	7
4807	103
4824	7
4826	8
4840	7
4846	31
4850	6
4852	42
4854	5
4861	16
4862	6
4864	12
4870	6
4872	13
4875	6
4877	7
4887	5
4896	12
4897	44
4899	5
4901	9
4907	7
4942	7
4954	10
4963	25
4964	5
4973	26
4987	10
4992	5
4998	13
5014	10
5018	29
5029	21
5053	7
5056	5
5064	9
5074	19
5077	33
5086	28
5090	15
5094	5
5096	8
5100	6
5103	8
5116	7
5124	8
5127	9
5153	21
5160	14
5161	5
5163	11
5172	8
5181	18
5184	8
5188	11
5192	6
5193	6
5194	6
5198	6
5199	22
5201	18
5208	70
5226	81
5232	16
5233	6
5234	6
5235	6
5238	6
5239	9
5240	23
5241	14
5242	10
5243	7
5249	5
5255	6
5262	12
5267	303
5278	5
5291	5
5296	7
5298	21
5300	5
5301	15
5303	41
5309	8
5316	12
5318	317
5332	10
5344	62
5351	6
5352	12
5365	9
5382	9
5383	6
5396	32
5430	11
5448	8
5458	13
5460	45
5476	28
5487	6
5504	10
5513	11
5522	6
5530	7
5544	9
5548	6
5553	9
5559	5
5561	10
5581	5
5582	5
5606	9
5608	5
5616	10
5617	6
5631	7
5632	29
5648	7
5655	7
5659	10
5660	8
5672	8
5673	7
5677	15
5689	7
5698	11
5700	7
5708	7
5713	6
5716	5
5725	9
5727	5
5737	13
5746	12
5747	5
5766	14
5768	23
5771	26
5783	24
5792	7
5794	70
5808	7
5810	12
5811	5
5822	14
5836	5
5854	28
5856	9
5859	5
5861	6
5864	76
5866	35
5874	7
5877	32
5883	6
5892	101
5909	14
5920	6
5921	30
5924	34
5935	5
5938	5
5942	6
5943	27
5969	10
5972	37
5997	6
6003	7
6009	16
6015	5
6025	9
6045	5
6048	10
6074	5
6084	5
6106	9
6119	16
6122	12
6133	8
6146	50
6149	11
6158	9
6161	8
6166	102
6184	9
6191	9
6195	6
6196	8
6209	6
6239	9
6247	6
6254	5
6257	10
6266	38
6271	5
6285	5
6287	13
6291	6
6301	281
6304	89
6313	10
6315	6
6390	12
6396	10
6399	15
6444	5
6458	9
6469	5
6472	40
6475	7
6489	6
6492	11
6507	5
6512	6
6526	6
6557	7
6562	6
6565	14
6566	7
6588	5
6593	15
6607	13
6609	45
6618	14
6619	25
6625	20
6631	18
6637	6
6641	6
6642	5
6647	6
6651	7
6654	9
6661	10
6671	11
6677	5
6700	128
6711	30
6713	8
6716	5
6725	36
6759	11
6768	41
6769	30
6775	10
6785	57
6787	19
6794	24
6795	5
6796	11
6812	5
6817	5
6834	16
6843	5
6844	29
6847	20
6848	9
6849	7
6859	87
6861	10
6868	7
6870	38
6881	16
6894	17
6917	5
6922	10
6928	5
6937	10
6940	13
6941	52
6949	5
6955	24
6956	18
6959	29
6962	6
6963	6
6970	9
6979	6
6987	10
6998	41
7009	6
7015	6
7026	6
7029	6
7031	15
7032	5
7038	8
7047	12
7051	10
7063	13
7071	12
7078	7
7090	8
7102	13
7116	8
7124	5
7128	55
7138	9
7164	10
7166	33
7169	20
7178	9
7189	10
7190	8
7191	12
7197	6
7215	8
7223	5
7235	16
7240	5
7243	5
7252	5
7262	24
7264	26
7266	60
7271	7
7272	16
7279	22
7288	5
7290	19
7297	5
7298	9
7304	20
7321	8
7349	16
7351	7
7352	7
7358	6
7365	21
7367	15
7368	7
7385	5
7408	9
7410	8
7411	13
7412	12
7425	7
7426	7
7437	17
7465	5
7467	14
7471	9
7474	7
7475	7
7486	9
7492	5
7520	20
7523	7
7534	7
7543	36
7563	12
7581	26
7607	7
7621	122
7634	10
7635	13
7638	40
7641	8
7648	5
7671	14
7676	8
7684	5
7690	7
7696	5
7704	5
7726	10
7739	7
7743	23
7748	6
7759	7
7761	8
7770	10
7776	51
7789	5
7790	9
7800	8
7817	6
7819	14
7820	10
7827	14
7832	7
7842	14
7845	7
7852	20
7855	11
7866	5
7870	8
7874	16
7882	9
7888	7
7901	5
7912	9
7913	12
7921	6
7922	5
7954	6
7956	6
7957	6
7964	12
7966	10
7968	17
7971	7
7975	6
7977	17
7980	9
7983	7
7986	62
7988	13
7998	14
7999	8
8006	7
8008	23
8010	13
8017	8
8032	8
8040	8
8041	6
8042	13
8053	16
8054	16
8060	10
8079	6
8098	63
8099	8
8103	6
8104	16
8107	6
8120	5
8122	10
8142	11
8144	39
8145	8
8148	8
8150	10
8163	5
8164	6
8187	11
8192	5
8204	5
8213	76
8217	14
8218	43
8227	10
8230	7
8242	9
8246	19
8249	5
8252	8
8263	9
8268	8
8276	7
8279	17
8289	5
8291	10
8293	7
8294	8
8309	6
8314	6
8321	13
8324	7
8329	8
8337	11
8339	6
8350	8
8351	39
8368	14
8375	6
8376	13
8377	5
8380	77
8384	6
8391	12
8395	32
8400	6
8408	5
8425	6
8439	5
8449	67
8451	7
8452	18
8462	8
8467	8
8478	5
8479	13
8484	9
8497	9
8503	8
8506	7
8508	8
8509	11
8510	10
8513	8
8520	18
8525	5
8528	7
8533	25
8535	9
8536	11
8549	5
8552	6
8558	6
8560	6
8562	24
8568	5
8573	10
8586	15
8587	5
8590	5
8594	9
8619	8
8624	22
8626	5
8630	19
8645	19
8684	73
8686	14
8703	5
8710	8
8717	9
8722	7
8734	5
8738	5
8739	13
8740	7
8743	20
8752	10
8760	5
8768	7
8793	25
8803	13
8806	34
8810	10
8817	10
8821	8
8859	17
8865	497
8866	5
8879	34
8885	5
8887	41
8897	5
8899	21
8910	6
8912	12
8920	7
8922	5
8923	14
8925	6
8944	20
8956	5
8969	115
8978	19
8981	8
8987	80
8993	5
8995	82
9010	12
9028	10
9030	9
9034	10
9038	9
9040	5
9045	7
9046	7
9054	23
9072	16
9080	6
9096	6
9103	17
9121	23
9126	16
9128	13
9130	8
9133	5
9144	6
9153	40
9157	5
9165	14
9175	51
9179	6
9193	38
9201	16
9202	5
9225	16
9230	7
9242	9
9265	21
9285	5
9291	7
9330	33
9347	9
9348	11
9365	7
9371	6
9394	91
9410	6
9445	49
9448	13
9458	10
9474	8
9493	12
9500	10
9502	7
9526	326
9531	5
9538	96
9542	20
9546	45
9548	13
9549	9
9557	6
9561	70
9563	6
9571	18
9584	15
9587	9
9588	8
9589	93
9591	6
9610	22
9611	28
9620	9
9622	6
9624	7
9625	73
9627	39
9632	6
9633	18
9637	19
9669	135
9676	14
9699	6
9700	10
9716	28
9719	5
9721	16
9727	20
9738	18
9741	11
9757	15
9763	10
9764	17
9766	42
9784	37
9798	14
9800	14
9801	8
9803	11
9805	8
9809	11
9813	35
9822	20
9825	24
9849	5
9866	6
9890	59
9900	6
9915	6
9924	50
9925	14
9926	28
9931	9
9934	15
9935	20
9947	15
9958	12
9962	22
9968	5
9974	75
9976	13
9980	6
9982	5
9983	19
9989	6
9992	10
9997	8
10000	14
10001	9
10014	5
