23	13
30	9
33	8
38	5
40	8
44	6
46	5
56	11
58	7
63	39
65	11
68	5
76	6
86	5
92	10
97	11
99	8
108	5
110	5
118	8
122	11
125	9
133	16
134	10
136	10
140	6
142	6
152	5
158	24
162	11
167	8
171	6
173	8
174	15
184	17
187	9
189	19
201	5
211	7
217	6
243	70
251	8
254	5
257	13
258	12
279	5
300	7
303	13
304	7
312	18
322	7
324	10
327	5
328	6
331	7
333	5
341	13
347	5
352	5
353	17
355	6
359	25
366	9
367	5
371	8
380	11
385	8
399	7
408	13
412	52
417	14
418	5
421	11
432	6
436	10
447	9
448	11
456	8
457	7
459	8
467	6
471	9
475	5
477	5
483	6
489	5
506	16
507	6
509	7
511	37
513	25
526	13
528	5
531	13
534	45
539	11
547	8
556	9
557	16
558	48
578	10
579	51
591	6
594	28
601	15
604	8
605	9
606	22
613	15
620	23
622	7
624	17
627	7
628	12
629	5
633	7
635	6
638	6
640	150
643	5
648	111
650	12
667	8
669	7
672	12
677	9
680	5
687	7
691	11
693	6
698	7
700	5
705	11
707	13
710	23
719	5
722	5
723	21
726	60
733	48
734	15
735	7
740	5
742	18
746	9
758	21
760	5
764	7
767	5
791	7
792	6
793	10
811	6
816	6
826	75
830	8
836	5
837	10
841	17
844	6
855	8
857	114
861	5
862	18
863	5
865	6
873	5
875	23
878	42
884	10
890	6
894	8
895	6
901	8
905	16
907	5
915	24
919	7
920	6
925	17
930	23
944	5
953	7
957	6
958	14
961	9
963	5
969	5
972	7
976	13
979	27
981	10
986	6
991	18
993	6
995	6
998	5
1000	8
1002	7
1005	18
1009	14
1012	8
1013	7
1017	13
1021	5
1022	26
1025	7
1027	14
1029	57
1031	10
1037	5
1048	5
1052	10
1066	6
1067	25
1071	33
1074	7
1098	16
1102	11
1108	24
1118	32
1121	6
1125	11
1128	7
1132	475
1133	5
1135	5
1137	20
1143	31
1144	5
1145	9
1147	19
1152	9
1155	108
1166	9
1168	15
1171	8
1178	10
1181	9
1186	21
1189	12
1192	6
1196	5
1199	7
1204	16
1206	12
1208	7
1212	16
1213	21
1215	8
1221	9
1225	29
1236	15
1240	16
1246	37
1252	6
1253	5
1256	19
1264	5
1267	81
1281	11
1291	5
1296	16
1299	7
1305	5
1307	5
1325	12
1327	5
1329	8
1331	40
1350	12
1352	5
1356	5
1357	12
1364	13
1365	6
1369	30
1370	21
1380	6
1381	9
1382	27
1386	5
1388	16
1389	7
1396	51
1406	148
1408	14
1414	5
1415	6
1419	6
1421	7
1422	5
1427	44
1428	5
1433	7
1437	13
1440	35
1446	5
1450	6
1451	13
1452	7
1456	7
1467	6
1469	23
1473	19
1475	41
1478	20
1483	14
1486	40
1487	7
1494	6
1503	10
1504	8
1505	24
1507	6
1512	15
1514	9
1515	6
1518	7
1519	12
1520	11
1521	5
1522	5
1527	23
1529	9
1532	6
1540	9
1554	12
1562	8
1564	32
1572	12
1580	135
1590	6
1602	16
1603	7
1604	10
1608	14
1611	9
1616	14
1622	6
1627	16
1630	19
1632	24
1637	11
1638	6
1642	85
1647	6
1654	5
1656	7
1662	6
1668	19
1671	6
1677	5
1679	59
1684	7
1689	38
1700	6
1701	9
1702	14
1707	16
1720	7
1724	5
1730	6
1732	13
1735	6
1736	9
1739	16
1744	7
1745	8
1747	13
1759	24
1780	9
1783	24
1784	5
1787	11
1797	6
1806	9
1809	5
1810	11
1818	9
1822	13
1828	8
1831	5
1832	5
1833	13
1834	12
1835	35
1840	6
1842	11
1854	12
1861	7
1875	21
1882	16
1886	9
1892	11
1894	13
1897	5
1902	13
1905	8
1917	6
1919	7
1922	6
1929	6
1935	7
1937	29
1941	16
1943	6
1945	6
1957	9
1958	29
1960	6
1964	6
1968	15
1977	7
1981	17
1985	8
1987	8
1994	6
2003	6
2011	6
2017	6
2019	8
2023	13
2024	9
2036	11
2045	5
2046	11
2048	10
2049	27
2051	5
2054	8
2059	21
2065	6
2071	25
2074	15
2075	6
2078	9
2082	5
2083	8
2092	6
2097	41
2102	6
2117	25
2127	12
2128	11
2130	28
2132	8
2136	14
2142	36
2143	8
2149	5
2155	23
2157	26
2158	6
2164	29
2167	9
2172	8
2175	15
2177	5
2178	5
2188	10
2190	14
2191	5
2196	5
2200	7
2209	8
2212	16
2214	6
2216	6
2220	5
2226	16
2232	5
2236	8
2242	7
2267	9
2270	18
2271	5
2278	7
2292	9
2307	9
2324	39
2330	15
2332	9
2339	8
2348	10
2349	8
2351	61
2353	5
2360	9
2379	5
2382	5
2393	5
2398	10
2412	18
2420	7
2424	8
2426	8
2427	9
2445	44
2446	28
2448	31
2451	6
2456	7
2466	5
2470	11
2477	9
2478	9
2483	15
2484	13
2494	14
2495	5
2504	19
2508	16
2515	5
2522	33
2526	20
2528	6
2531	94
2532	17
2534	11
2540	10
2544	5
2546	27
2554	6
2555	8
2560	9
2561	21
2569	7
2573	8
2576	8
2596	9
2603	5
2614	6
2616	28
2617	10
2619	6
2621	9
2625	45
2629	8
2630	49
2631	12
2644	18
2648	10
2665	6
2672	5
2678	8
2688	6
2690	9
2697	15
2709	12
2719	31
2722	6
2728	16
2736	12
2744	5
2745	9
2746	8
2750	44
2762	10
2768	38
2774	8
2776	7
2778	9
2787	5
2789	9
2794	9
2798	5
2801	6
2862	13
2864	8
2878	35
2883	6
2886	7
2887	22
2888	10
2894	17
2895	5
2896	19
2902	6
2910	7
2914	45
2917	20
2926	7
2927	12
2931	38
2932	6
2937	21
2939	14
2941	5
2943	12
2951	14
2955	83
2956	8
2965	8
2968	30
2973	19
2974	5
2977	5
2983	7
2985	7
2990	26
2993	13
2997	13
2999	11
3003	10
3004	8
3006	49
3009	20
3012	5
3017	7
3020	11
3025	8
3034	123
3038	13
3041	12
3045	9
3047	10
3058	5
3068	7
3075	11
3081	5
3082	12
3087	53
3089	6
3091	27
3092	12
3094	6
3095	24
3100	18
3106	5
3109	13
3110	10
3116	7
3123	6
3127	10
3128	12
3130	7
3134	12
3140	10
3142	22
3148	12
3154	10
3155	10
3167	5
3181	8
3182	44
3191	70
3193	5
3195	8
3199	33
3205	7
3211	15
3213	20
3215	12
3218	5
3223	28
3228	13
3232	28
3238	12
3244	8
3266	7
3273	43
3275	12
3278	11
3280	8
3284	17
3289	16
3291	22
3294	108
3300	5
3305	27
3312	6
3315	5
3317	8
3319	8
3321	6
3328	6
3330	5
3335	28
3337	5
3340	60
3344	14
3349	17
3359	10
3381	14
3384	5
3389	12
3392	76
3396	6
3400	17
3405	14
3415	5
3423	23
3424	8
3425	21
3428	21
3445	5
3449	15
3452	5
3467	6
3474	12
3485	6
3487	6
3490	7
3494	5
3501	111
3503	6
3511	39
3518	22
3524	14
3533	5
3548	5
3562	6
3568	55
3571	7
3575	5
3579	13
3592	14
3600	5
3602	35
3613	5
3616	6
3622	7
3626	15
3630	16
3643	7
3647	10
3652	6
3658	45
3660	5
3663	9
3668	8
3672	10
3677	21
3678	8
3681	7
3687	13
3688	10
3690	6
3691	11
3702	95
3709	5
3711	41
3714	7
3731	5
3735	119
3736	6
3747	17
3752	107
3763	32
3765	10
3774	27
3784	27
3787	60
3789	5
3790	116
3796	5
3806	28
3809	6
3812	21
3816	5
3821	51
3822	131
3826	12
3836	31
3858	11
3872	12
3873	54
3881	15
3900	45
3911	6
3913	7
3914	24
3915	17
3917	19
3925	11
3930	13
3933	6
3938	5
3957	7
3958	7
3970	36
3984	33
3988	6
3989	40
3997	9
3998	32
4000	5
4003	9
4008	13
4017	30
4041	5
4044	16
4047	13
4048	6
4056	104
4065	8
4066	5
4068	5
4070	10
4071	8
4076	7
4078	9
4081	6
4083	6
4087	13
4088	62
4094	7
4097	7
4098	7
4099	5
4100	9
4102	28
4105	40
4111	109
4113	53
4116	6
4118	5
4121	6
4122	11
4123	5
4127	4279
4131	18
4133	5
4135	6
4136	13
4138	6
4142	12
4149	5
4150	5
4152	11
4155	10
4161	8
4162	8
4205	16
4207	8
4213	5
4215	21
4222	9
4223	12
4236	9
4238	5
4239	7
4241	9
4245	7
4259	53
4260	12
4261	5
4262	9
4271	5
4281	16
4297	8
4304	16
4310	6
4329	38
4332	68
4333	44
4342	7
4347	8
4351	18
4356	36
4365	5
4366	11
4377	9
4395	23
4398	6
4399	8
4403	7
4408	5
4414	6
4421	10
4426	15
4446	10
4452	6
4454	5
4456	16
4458	18
4460	6
4463	11
4466	14
4487	5
4502	8
4504	5
4508	6
4535	10
4540	7
4550	8
4559	11
4566	5
4567	6
4569	22
4570	6
4581	5
4590	6
4598	7
4603	13
4604	34
4608	7
4611	5
4624	5
4633	8
4634	6
4642	112
4644	17
4653	16
4659	11
4660	5
4661	10
4667	7
4675	5
4680	6
4686	5
4694	5
4699	13
4703	13
4706	6
4716	5
4723	6
4733	6
4741	7
4745	6
4747	5
4754	5
4757	8
4767	5
4771	7
4805	15
4806	6
4812	7
4813	8
4814	15
4816	7
4817	10
4824	12
4828	6
4832	8
4840	12
4846	37
4852	65
4855	10
4857	10
4861	17
4862	13
4864	10
4872	29
4875	9
4877	26
4881	6
4895	5
4896	12
4949	6
4952	5
4963	35
4968	5
4970	6
4973	39
4975	10
4978	13
4992	5
4998	7
5009	6
5018	31
5021	21
5022	6
5026	5
5029	11
5031	6
5032	6
5037	6
5040	5
5045	6
5053	9
5056	9
5062	44
5064	12
5065	5
5068	5
5074	22
5076	5
5077	42
5086	31
5090	10
5096	9
5100	9
5101	8
5124	10
5127	10
5140	5
5142	7
5143	9
5149	8
5153	10
5160	30
5163	11
5175	6
5181	51
5198	8
5199	40
5201	33
5208	124
5218	5
5226	84
5232	5
5233	5
5249	15
5250	8
5253	5
5254	7
5260	6
5267	177
5278	11
5282	6
5296	10
5298	11
5300	5
5301	24
5303	33
5307	5
5309	7
5316	44
5318	388
5332	9
5333	8
5341	6
5344	52
5351	48
5352	13
5365	18
5369	10
5376	6
5380	6
5382	12
5383	9
5396	37
5403	16
5406	6
5412	5
5415	10
5417	6
5423	5
5434	8
5448	15
5458	57
5460	40
5467	10
5476	347
5487	10
5488	5
5502	16
5503	44
5504	36
5513	11
5539	5
5541	5
5548	10
5551	6
5559	7
5561	11
5576	7
5582	5
5589	13
5604	14
5606	6
5609	12
5611	16
5616	7
5617	5
5629	26
5630	14
5632	33
5644	6
5655	20
5671	8
5672	6
5673	10
5677	19
5692	5
5700	9
5708	10
5713	6
5725	11
5727	9
5737	9
5746	109
5750	13
5754	21
5765	7
5766	13
5767	7
5768	27
5771	17
5773	8
5783	31
5794	88
5797	12
5802	5
5808	6
5817	7
5818	5
5836	16
5839	6
5844	15
5846	5
5852	7
5854	33
5856	24
5864	12
5866	24
5871	6
5874	5
5875	5
5877	24
5880	5
5884	8
5892	94
5909	7
5911	8
5914	5
5920	5
5921	33
5922	7
5924	41
5939	5
5942	5
5943	20
5944	5
5960	5
5963	6
5969	68
5972	69
5990	7
6003	6
6009	14
6012	9
6043	9
6048	7
6058	5
6063	9
6080	5
6083	5
6084	10
6100	7
6104	6
6106	7
6107	6
6119	14
6122	102
6124	17
6126	9
6131	6
6133	7
6140	5
6146	30
6149	10
6152	13
6154	17
6159	5
6166	241
6168	5
6170	7
6175	9
6193	6
6194	5
6195	6
6197	7
6209	14
6214	11
6222	8
6233	8
6242	7
6243	8
6254	6
6257	6
6264	6
6266	37
6270	7
6284	5
6287	15
6298	5
6301	858
6304	591
6312	6
6313	127
6315	18
6333	5
6334	10
6344	8
6346	28
6349	6
6356	8
6358	5
6361	6
6386	8
6392	7
6394	6
6396	10
6398	10
6399	22
6404	9
6405	7
6408	5
6416	12
6426	5
6434	9
6469	6
6472	43
6473	6
6486	5
6489	7
6490	10
6492	20
6497	8
6499	7
6518	5
6526	6
6543	6
6548	7
6549	8
6554	7
6557	17
6565	18
6566	10
6567	8
6579	5
6588	10
6600	8
6607	11
6609	183
6613	6
6615	7
6618	24
6619	94
6620	7
6625	20
6631	15
6632	9
6641	9
6647	7
6654	22
6661	12
6666	7
6671	15
6677	8
6682	7
6686	9
6699	7
6700	165
6711	32
6713	42
6714	9
6715	6
6716	5
6725	47
6733	8
6768	35
6769	132
6773	10
6781	5
6784	5
6785	127
6787	15
6789	11
6794	20
6795	9
6796	10
6798	11
6802	5
6816	5
6817	6
6834	46
6838	5
6843	8
6844	77
6847	20
6848	5
6851	6
6859	80
6861	6
6868	10
6870	46
6881	25
6883	7
6884	8
6894	33
6902	6
6903	5
6913	6
6919	5
6920	10
6922	16
6932	5
6937	7
6940	16
6941	123
6949	8
6950	6
6955	64
6956	113
6959	15
6961	5
6970	12
6972	24
6978	6
6987	7
6991	7
6992	5
6997	8
6998	38
7003	5
7006	6
7019	6
7029	5
7031	16
7037	6
7038	16
7045	5
7047	11
7048	7
7051	6
7063	34
7064	9
7067	6
7071	26
7078	7
7087	8
7089	12
7090	12
7102	11
7106	7
7107	20
7110	8
7124	13
7128	49
7146	6
7166	32
7169	12
7178	11
7180	6
7182	6
7186	5
7187	15
7188	6
7191	25
7198	5
7204	9
7208	5
7209	6
7213	9
7223	18
7228	7
7240	14
7243	6
7244	5
7249	10
7252	6
7255	5
7256	11
7262	31
7264	46
7266	58
7271	5
7272	22
7279	19
7288	10
7297	5
7298	18
7304	23
7306	6
7321	5
7323	5
7328	9
7329	8
7337	6
7338	6
7340	6
7348	5
7349	13
7351	6
7352	9
7365	27
7367	15
7383	7
7386	8
7389	5
7391	5
7399	5
7403	5
7408	15
7411	7
7412	56
7425	7
7428	5
7437	20
7443	6
7456	5
7458	5
7462	11
7467	8
7471	21
7480	8
7486	5
7492	10
7494	5
7503	21
7520	16
7523	10
7527	6
7528	8
7534	9
7543	37
7555	6
7563	16
7578	5
7579	15
7580	5
7581	61
7582	6
7583	9
7587	11
7592	13
7599	5
7607	18
7608	8
7610	13
7613	5
7617	5
7621	95
7627	5
7629	5
7634	5
7635	16
7638	161
7641	84
7649	5
7652	7
7655	5
7659	5
7660	7
7671	17
7676	17
7684	21
7691	9
7693	8
7703	5
7708	6
7714	7
7724	8
7725	5
7737	5
7739	42
7740	6
7743	62
7747	5
7759	8
7761	6
7766	10
7773	5
7776	36
7789	15
7799	8
7800	6
7802	6
7810	12
7811	7
7815	8
7819	23
7820	6
7821	5
7827	8
7830	6
7832	6
7840	6
7842	13
7845	10
7852	9
7854	9
7855	7
7866	5
7868	6
7870	23
7873	6
7874	27
7882	18
7890	9
7892	6
7895	7
7901	7
7906	7
7912	5
7913	22
7926	5
7934	5
7948	5
7950	5
7956	7
7964	14
7966	16
7968	66
7971	13
7977	34
7983	7
7986	91
7988	5
7998	5
8006	13
8008	16
8010	19
8012	8
8014	5
8017	18
8032	8
8040	19
8041	7
8042	9
8044	5
8053	16
8054	17
8055	9
8068	7
8074	5
8079	12
8086	8
8092	13
8095	5
8098	77
8099	6
8104	6
8108	6
8117	5
8120	15
8122	8
8129	7
8130	13
8134	6
8142	13
8144	25
8145	5
8148	8
8150	11
8156	5
8162	6
8168	6
8171	38
8186	8
8187	15
8190	8
8194	6
8197	37
8202	8
8207	5
8213	49
8217	20
8218	31
8220	15
8230	6
8241	5
8242	13
8243	12
8246	21
8249	10
8252	9
8262	11
8263	13
8268	8
8276	13
8279	19
8293	12
8294	7
8298	10
8304	6
8307	9
8321	25
8324	25
8329	5
8337	6
8338	8
8339	88
8351	68
8358	12
8359	7
8361	16
8363	5
8368	22
8369	16
8375	19
8376	30
8380	79
8389	9
8391	12
8393	5
8395	25
8408	11
8417	6
8436	6
8445	8
8449	58
8451	21
8452	26
8462	10
8467	11
8478	5
8479	70
8484	8
8485	6
8497	8
8506	5
8508	5
8509	8
8510	23
8513	16
8517	5
8520	15
8523	6
8524	6
8525	34
8533	35
8535	17
8536	22
8547	8
8552	9
8554	5
8556	14
8558	9
8560	10
8562	139
8564	23
8570	8
8571	22
8572	7
8573	19
8586	36
8587	11
8594	21
8597	6
8599	5
8602	11
8618	5
8624	7
8626	5
8630	31
8638	5
8664	5
8669	20
8672	12
8674	6
8683	7
8684	48
8689	9
8701	6
8704	5
8710	14
8717	16
8720	19
8722	6
8723	5
8727	5
8734	9
8739	25
8740	7
8743	38
8746	7
8752	9
8760	8
8781	8
8787	7
8793	5
8794	5
8796	12
8803	13
8806	22
8813	9
8820	5
8821	21
8829	7
8847	7
8865	580
8874	6
8879	31
8887	32
8890	6
8899	15
8909	6
8912	7
8915	5
8920	9
8922	10
8923	12
8924	5
8925	5
8943	6
8944	21
8947	6
8953	5
8954	7
8956	5
8963	5
8965	5
8969	185
8978	14
8981	15
8987	43
8989	6
8995	100
9010	32
9028	17
9030	14
9031	6
9032	5
9034	22
9037	14
9038	11
9045	11
9046	19
9049	7
9054	24
9068	6
9069	5
9072	8
9078	10
9080	16
9086	21
9087	14
9093	18
9103	8
9117	5
9121	22
9126	8
9128	11
9130	10
9136	5
9144	12
9153	34
9157	5
9160	10
9165	16
9175	42
9180	30
9183	6
9187	10
9193	33
9201	17
9211	5
9218	6
9225	24
9230	7
9242	8
9265	21
9282	6
9285	46
9286	6
9287	5
9293	8
9315	11
9316	5
9330	15
9337	8
9340	18
9375	7
9394	89
9423	5
9435	11
9444	6
9445	36
9448	25
9453	57
9457	5
9458	7
9460	9
9466	17
9467	6
9474	30
9475	6
9481	6
9490	5
9491	8
9493	14
9498	7
9523	5
9526	369
9535	6
9538	84
9542	18
9546	56
9549	12
9561	44
9565	5
9571	5
9579	11
9582	39
9584	17
9587	9
9588	5
9589	153
9591	16
9608	6
9610	28
9611	15
9618	36
9619	9
9620	17
9622	6
9625	64
9627	51
9632	5
9633	22
9637	26
9648	29
9652	16
9655	5
9666	9
9669	98
9673	5
9676	22
9681	6
9698	5
9699	10
9700	5
9701	6
9704	12
9711	7
9712	9
9716	46
9717	6
9719	19
9720	5
9721	26
9722	9
9724	6
9727	20
9738	10
9757	15
9763	13
9764	34
9766	28
9776	6
9784	30
9792	8
9793	6
9800	13
9801	6
9803	17
9805	13
9809	11
9813	33
9814	8
9815	5
9816	7
9817	5
9818	7
9822	20
9825	18
9830	6
9844	6
9849	5
9853	6
9866	11
9884	7
9886	5
9890	36
9893	7
9909	7
9915	12
9920	6
9924	67
9925	12
9926	41
9931	6
9932	6
9934	18
9938	9
9947	11
9953	6
9962	21
9964	15
9974	747
9975	11
9976	16
9983	20
9992	14
9995	22
9996	8
9998	8
9999	11
10000	5
10003	5
10019	5
10027	6
10041	8
10044	5
