23	8
33	9
40	6
56	15
58	5
63	32
64	5
65	5
74	6
89	5
125	6
133	12
134	7
136	6
141	5
149	6
151	14
158	17
161	6
162	5
167	106
171	7
184	15
196	5
229	5
243	33
257	10
258	8
259	7
280	7
295	5
303	14
312	6
324	15
328	8
341	15
353	10
355	6
359	10
366	5
386	10
408	8
412	5
417	6
432	7
436	11
441	5
451	5
455	8
470	7
494	5
511	6
526	7
528	6
534	14
535	6
539	6
540	7
557	9
558	43
566	10
579	49
582	6
591	6
604	6
613	14
628	6
629	7
633	7
640	14
659	5
672	5
680	8
687	5
693	6
707	14
710	10
716	7
719	6
723	15
726	29
733	30
742	6
758	25
760	8
763	6
826	33
828	6
830	7
857	49
862	12
865	7
874	10
878	25
893	5
905	20
915	7
925	10
930	9
949	5
958	14
976	21
979	19
991	30
1000	12
1004	6
1005	12
1009	5
1013	5
1017	19
1027	6
1029	19
1031	12
1038	5
1067	19
1071	9
1108	18
1118	28
1132	36
1143	15
1147	7
1166	5
1168	16
1178	6
1181	6
1186	11
1194	7
1202	5
1204	5
1206	6
1213	12
1225	16
1236	12
1240	8
1256	7
1261	5
1264	6
1267	49
1277	5
1288	9
1293	5
1294	5
1296	6
1325	16
1331	22
1332	5
1350	7
1357	12
1369	8
1370	15
1381	9
1382	33
1389	5
1393	5
1396	6
1398	5
1406	13
1426	6
1434	7
1437	6
1440	33
1450	7
1463	8
1464	5
1467	6
1469	18
1478	7
1483	5
1504	8
1505	6
1512	19
1517	5
1527	7
1529	8
1540	8
1546	5
1554	13
1556	6
1580	43
1602	50
1608	7
1629	7
1630	6
1632	17
1637	12
1638	9
1642	19
1668	7
1672	6
1679	13
1689	28
1702	18
1707	10
1724	5
1730	5
1732	5
1739	10
1745	7
1747	9
1780	11
1783	10
1784	7
1787	5
1818	5
1822	6
1832	6
1833	11
1834	12
1835	18
1854	5
1886	12
1892	9
1894	8
1902	6
1905	6
1919	5
1933	8
1937	34
1941	9
1943	7
1958	24
2023	8
2046	5
2048	7
2049	25
2054	5
2059	9
2071	13
2073	6
2074	14
2075	6
2088	5
2097	9
2100	6
2104	7
2107	6
2108	5
2117	12
2127	5
2128	5
2130	16
2155	9
2157	17
2158	9
2161	6
2164	12
2183	5
2188	7
2190	11
2191	6
2212	10
2214	5
2229	5
2231	8
2257	6
2264	5
2267	7
2270	10
2294	6
2323	5
2324	22
2330	14
2351	13
2412	10
2440	5
2445	40
2446	31
2448	9
2468	6
2477	34
2483	8
2484	5
2494	5
2502	10
2508	13
2513	11
2522	25
2526	10
2531	22
2532	5
2540	10
2546	12
2560	5
2561	15
2569	8
2593	6
2616	20
2625	6
2630	21
2678	6
2692	6
2695	22
2696	10
2719	11
2722	10
2728	12
2736	6
2750	17
2766	5
2768	22
2778	6
2789	7
2804	13
2859	5
2864	16
2865	8
2867	7
2878	25
2881	5
2884	5
2894	7
2896	6
2917	23
2931	26
2932	6
2934	5
2937	18
2943	9
2951	10
2955	20
2965	8
2968	17
2973	12
2990	12
2993	6
2997	9
2999	6
3006	23
3032	5
3034	106
3041	8
3045	5
3047	8
3075	13
3077	9
3081	5
3082	6
3087	31
3091	30
3092	11
3094	6
3095	13
3100	13
3109	19
3110	6
3140	10
3142	35
3148	6
3154	6
3161	30
3168	5
3182	33
3191	27
3210	18
3211	16
3213	14
3215	8
3228	8
3232	8
3238	5
3257	10
3266	8
3273	20
3278	5
3280	5
3284	10
3289	5
3291	12
3294	58
3305	7
3335	10
3340	22
3349	24
3378	7
3392	39
3405	10
3418	6
3425	5
3428	7
3449	7
3474	5
3476	5
3483	5
3485	10
3501	108
3511	47
3518	14
3524	7
3549	6
3568	47
3575	5
3576	13
3579	5
3592	10
3602	33
3619	7
3630	5
3636	5
3652	5
3658	8
3677	7
3699	5
3702	58
3711	21
3724	5
3735	81
3747	15
3752	54
3763	32
3765	8
3767	5
3774	29
3784	20
3787	14
3806	16
3812	13
3821	36
3822	66
3836	27
3841	5
3869	6
3873	77
3881	18
3898	5
3900	31
3901	6
3914	15
3915	22
3917	14
3929	6
3930	6
3943	10
3970	25
3982	6
3984	22
3998	18
4008	7
4016	5
4017	29
4044	15
4048	7
4050	8
4051	5
4056	82
4065	6
4066	6
4070	13
4078	5
4087	9
4088	58
4094	5
4102	31
4111	45
4113	37
4122	5
4123	6
4127	1028
4136	8
4142	6
4152	11
4162	14
4169	6
4201	5
4202	20
4205	14
4215	16
4222	7
4223	19
4248	16
4253	6
4259	48
4260	5
4271	6
4272	5
4281	7
4297	7
4351	7
4366	12
4395	6
4398	97
4403	10
4419	7
4426	10
4433	5
4456	6
4458	18
4491	5
4502	5
4506	10
4523	74
4550	8
4567	13
4569	5
4576	5
4598	15
4603	9
4605	7
4613	125
4630	6
4642	41
4644	9
4653	131
4660	6
4661	15
4669	5
4694	6
4699	9
4733	12
4735	21
4757	6
4798	5
4807	102
4820	7
4823	5
4840	5
4846	51
4852	22
4861	10
4862	6
4875	9
4895	8
4896	10
4897	6
4907	5
4963	33
4973	18
4998	10
5018	17
5029	7
5037	5
5039	6
5052	7
5053	6
5056	8
5064	6
5068	6
5074	21
5077	29
5081	5
5086	17
5090	10
5096	5
5149	6
5153	21
5160	20
5163	6
5181	19
5192	8
5198	5
5199	17
5201	16
5208	61
5222	6
5226	75
5232	12
5233	7
5239	8
5240	11
5241	7
5267	223
5279	5
5280	9
5296	10
5298	9
5301	12
5303	15
5316	11
5318	217
5327	7
5332	5
5344	20
5351	14
5352	9
5365	8
5382	10
5383	17
5396	23
5397	10
5415	6
5423	6
5439	8
5443	17
5448	6
5460	22
5487	6
5495	6
5501	5
5513	9
5548	5
5553	7
5561	7
5576	16
5606	5
5617	6
5632	27
5672	9
5677	14
5698	6
5708	9
5725	12
5737	6
5750	6
5758	6
5766	8
5768	14
5771	18
5783	16
5794	49
5827	7
5836	8
5854	56
5856	12
5864	13
5866	19
5877	26
5883	7
5892	51
5909	14
5921	22
5924	22
5937	20
5939	5
5942	5
5943	20
5961	14
5963	5
5972	37
5975	5
6003	7
6009	15
6012	16
6025	10
6048	5
6058	5
6059	5
6064	7
6099	5
6106	8
6119	9
6122	6
6133	9
6146	22
6161	7
6166	68
6192	7
6199	7
6209	7
6239	7
6242	6
6243	6
6247	5
6254	7
6257	9
6264	10
6266	20
6269	5
6287	13
6291	5
6301	223
6304	63
6319	10
6362	5
6370	6
6396	5
6399	7
6444	8
6472	22
6486	5
6489	6
6492	8
6526	7
6562	10
6565	8
6588	8
6590	5
6593	9
6607	6
6609	13
6618	21
6619	15
6625	9
6631	13
6651	5
6661	12
6671	11
6700	119
6711	20
6713	7
6716	6
6725	31
6733	5
6768	31
6769	20
6785	37
6787	24
6794	21
6796	8
6834	15
6844	24
6847	9
6848	10
6849	8
6859	37
6861	9
6868	8
6870	47
6881	21
6894	20
6902	5
6905	5
6907	11
6920	6
6922	7
6937	6
6940	6
6941	30
6959	11
6970	5
6971	6
6972	6
6982	6
6986	6
6991	7
6998	27
7031	9
7035	6
7038	6
7041	13
7047	7
7051	6
7052	6
7071	12
7075	7
7078	19
7097	6
7102	7
7128	33
7138	6
7166	66
7169	14
7172	9
7191	5
7204	6
7244	5
7251	16
7252	5
7262	11
7264	18
7266	42
7272	14
7279	11
7290	6
7298	8
7304	17
7321	5
7349	8
7352	6
7365	27
7367	6
7408	9
7409	5
7412	6
7425	7
7426	8
7437	6
7445	5
7471	6
7475	6
7486	8
7492	5
7520	16
7523	5
7528	5
7543	14
7557	8
7563	10
7581	10
7621	64
7634	6
7638	24
7647	5
7671	12
7676	11
7690	7
7691	6
7708	14
7739	13
7743	17
7745	5
7751	5
7759	14
7761	7
7776	60
7800	7
7819	30
7827	6
7842	6
7846	9
7852	9
7855	7
7866	6
7882	12
7887	7
7896	5
7913	12
7920	5
7942	8
7956	8
7966	13
7968	14
7971	10
7977	18
7980	8
7986	49
7988	13
7998	9
8006	9
8007	5
8008	13
8010	10
8017	15
8032	6
8040	9
8042	10
8053	19
8054	11
8072	8
8074	7
8079	5
8085	7
8098	52
8104	6
8134	11
8142	7
8144	18
8145	14
8150	20
8152	5
8160	9
8162	7
8186	5
8187	6
8210	5
8213	62
8217	20
8218	48
8229	5
8242	6
8246	24
8252	5
8268	7
8276	9
8279	5
8291	5
8293	9
8307	7
8321	8
8324	5
8351	48
8360	5
8368	11
8375	8
8376	7
8377	8
8380	54
8391	9
8393	6
8395	24
8408	7
8445	6
8449	57
8451	10
8452	12
8462	15
8479	10
8484	8
8497	5
8503	8
8506	5
8509	8
8513	13
8520	16
8525	9
8533	22
8536	26
8552	8
8558	11
8560	6
8562	8
8573	7
8586	13
8587	6
8594	9
8610	10
8624	15
8625	7
8626	6
8630	10
8645	14
8661	5
8663	6
8683	6
8684	57
8710	9
8714	6
8727	6
8739	12
8740	7
8743	18
8745	18
8752	8
8754	5
8779	6
8793	21
8796	7
8803	14
8806	24
8817	6
8829	7
8865	396
8879	36
8887	25
8899	11
8908	6
8912	10
8915	6
8920	9
8921	5
8922	7
8923	7
8928	5
8944	18
8949	17
8969	106
8978	15
8981	5
8987	44
8995	61
9010	6
9028	5
9030	6
9032	5
9034	5
9045	7
9054	34
9072	8
9078	8
9080	8
9103	8
9121	15
9126	7
9128	7
9130	14
9140	10
9144	8
9148	6
9153	22
9165	8
9175	50
9180	5
9192	6
9193	37
9201	19
9225	18
9230	5
9242	5
9265	16
9275	9
9291	8
9293	9
9315	9
9318	6
9330	34
9394	58
9445	18
9448	11
9458	6
9474	15
9493	8
9500	96
9504	5
9507	9
9509	12
9526	203
9538	76
9542	16
9546	35
9549	7
9561	48
9571	8
9584	10
9587	10
9588	6
9589	78
9591	12
9594	6
9608	6
9610	24
9611	12
9620	7
9625	43
9627	11
9633	10
9637	10
9645	5
9669	111
9676	20
9699	6
9704	9
9716	19
9722	7
9727	18
9738	13
9757	8
9763	11
9764	12
9766	20
9774	6
9784	30
9792	10
9800	12
9801	8
9803	19
9809	10
9813	18
9816	5
9822	9
9825	22
9838	10
9869	5
9870	5
9886	5
9890	39
9915	8
9924	30
9925	17
9926	25
9932	6
9934	5
9947	8
9962	18
9974	60
9976	17
9983	6
10000	6
