1	14
5	5
7	14
10	9
11	5
19	8
23	35
25	14
26	5
27	18
30	11
31	5
32	10
33	30
34	11
36	8
37	12
38	13
39	6
40	29
41	5
42	5
44	10
49	11
52	7
56	60
58	21
60	18
61	19
62	5
63	152
65	37
68	14
71	11
74	23
76	21
77	6
78	8
82	11
84	5
86	17
87	10
89	12
92	24
93	5
97	15
99	18
100	13
101	13
107	8
108	19
111	12
112	6
114	15
115	7
116	5
122	23
125	32
126	11
128	10
133	51
134	46
135	7
136	17
140	14
141	10
142	6
143	5
148	5
149	5
153	11
158	106
161	39
162	36
164	5
165	7
167	129
168	5
171	9
173	20
174	16
178	5
179	13
184	47
185	12
186	5
187	17
189	22
191	23
194	11
201	7
202	5
203	8
205	8
211	17
216	8
227	8
229	11
231	5
232	5
236	9
237	15
243	203
246	10
248	7
251	41
253	17
254	13
256	12
257	48
258	47
259	9
261	13
271	23
274	5
280	7
290	14
292	30
295	8
300	12
303	25
307	5
311	17
312	23
313	7
316	8
317	9
318	6
319	6
322	13
323	21
324	75
328	52
329	9
331	13
333	10
334	7
338	13
341	79
342	12
343	7
346	6
347	15
350	6
351	6
352	18
353	45
355	19
359	70
363	14
364	10
365	6
366	33
367	6
368	9
369	5
370	6
371	12
374	5
375	5
380	9
384	18
385	27
386	5
391	5
393	6
396	6
397	5
399	22
400	11
404	5
406	10
407	10
408	19
412	113
415	15
417	28
418	15
421	27
424	11
427	9
429	6
432	17
435	21
436	31
437	5
445	6
446	6
447	39
448	20
449	16
455	38
456	18
457	18
458	11
459	6
460	6
466	12
467	19
469	10
470	23
471	26
475	5
477	22
478	8
483	11
484	6
487	6
489	9
492	6
494	12
497	7
499	5
500	8
505	6
506	32
507	7
509	22
511	76
513	47
515	10
518	18
522	6
523	5
526	48
527	8
528	33
530	7
531	35
532	18
533	6
534	111
537	6
539	28
540	18
541	14
542	12
544	6
546	7
547	19
548	8
550	10
556	9
557	37
558	153
560	5
568	5
572	5
578	16
579	221
580	5
582	29
585	6
587	5
588	9
589	13
591	39
594	22
604	10
605	8
606	24
608	7
612	12
613	56
618	7
619	6
620	20
622	9
624	8
626	12
627	19
628	16
629	16
633	36
635	9
636	6
637	7
640	113
641	6
642	8
648	9
649	13
651	16
657	13
659	5
661	8
669	8
672	8
673	5
674	6
675	7
677	29
679	8
680	23
681	6
686	20
687	32
688	7
689	8
691	14
693	10
694	5
698	13
700	16
703	10
704	7
705	15
707	63
709	6
710	41
711	10
715	13
716	14
717	7
718	6
719	17
720	18
722	15
723	69
726	208
733	146
734	8
738	9
740	14
742	40
746	39
749	9
754	5
755	5
758	96
760	9
761	7
763	5
764	10
766	7
767	11
768	15
772	12
778	5
779	7
790	7
791	18
792	9
793	36
799	19
800	6
805	7
806	11
811	16
812	9
813	7
819	14
823	6
825	7
826	176
829	15
830	22
833	5
835	7
837	15
841	34
842	6
844	5
846	8
850	7
852	20
853	21
855	20
856	11
857	213
862	46
865	26
867	10
870	12
871	6
873	7
875	20
877	7
878	150
880	12
883	79
885	5
887	5
889	6
890	17
891	6
892	6
894	11
895	28
897	6
902	9
905	83
906	8
907	9
911	6
915	31
917	76
919	9
920	18
921	5
925	45
926	12
927	15
930	70
931	5
936	19
940	14
941	6
943	5
945	5
948	5
949	17
952	7
953	13
955	5
957	5
958	78
961	7
969	15
971	9
972	10
976	53
979	94
981	14
985	7
986	14
988	7
991	50
995	30
998	14
1000	30
1002	22
1004	12
1005	32
1006	11
1009	22
1012	12
1013	18
1017	67
1018	5
1019	6
1020	7
1021	11
1022	10
1025	15
1026	5
1027	37
1029	140
1030	5
1031	47
1034	7
1036	7
1037	6
1038	7
1042	23
1043	5
1045	6
1047	12
1048	14
1052	30
1055	5
1062	11
1066	15
1067	90
1071	54
1073	5
1074	37
1081	5
1086	14
1089	13
1090	5
1093	16
1095	45
1097	5
1098	40
1102	13
1107	12
1108	105
1109	5
1112	6
1113	7
1114	7
1115	5
1116	5
1118	110
1120	7
1121	50
1122	15
1124	5
1125	47
1126	26
1128	77
1129	17
1130	5
1132	354
1133	6
1138	9
1143	78
1145	21
1147	29
1149	5
1152	30
1155	17
1157	8
1159	6
1160	31
1162	8
1164	19
1165	7
1166	14
1168	75
1169	7
1171	8
1172	7
1174	12
1175	8
1176	15
1178	22
1179	8
1181	8
1183	13
1185	7
1186	115
1188	13
1189	13
1192	22
1194	28
1196	12
1198	9
1199	16
1200	11
1202	8
1203	9
1204	25
1205	6
1206	30
1208	11
1212	9
1213	94
1215	13
1220	5
1221	22
1222	7
1223	9
1225	82
1229	10
1230	5
1231	12
1235	22
1236	61
1238	11
1240	23
1243	11
1246	41
1251	9
1252	7
1253	5
1256	38
1257	6
1261	16
1264	12
1265	5
1267	221
1268	5
1269	7
1274	13
1277	8
1281	19
1284	14
1285	13
1288	20
1289	6
1293	18
1294	16
1296	27
1297	7
1304	6
1306	5
1308	5
1309	13
1310	12
1313	24
1316	5
1320	22
1322	5
1325	64
1326	11
1329	37
1330	6
1331	149
1332	18
1341	6
1346	39
1349	5
1350	30
1351	7
1355	5
1356	14
1357	52
1359	15
1361	5
1364	32
1365	8
1368	10
1369	52
1370	54
1372	5
1381	20
1382	137
1386	11
1388	34
1389	9
1394	5
1395	6
1396	76
1400	10
1401	5
1405	8
1406	139
1408	172
1409	32
1410	7
1411	8
1412	9
1418	6
1422	8
1426	5
1427	8
1430	18
1433	7
1435	6
1437	33
1438	14
1439	8
1440	126
1442	26
1448	11
1450	17
1451	15
1452	8
1453	5
1459	7
1463	21
1464	36
1465	7
1467	20
1469	146
1475	32
1478	35
1480	6
1483	12
1486	30
1494	6
1499	5
1501	7
1502	5
1503	25
1504	21
1505	37
1506	7
1507	29
1508	6
1510	17
1511	12
1512	58
1514	17
1515	11
1517	5
1519	14
1520	25
1521	15
1522	18
1523	7
1524	5
1525	6
1527	55
1529	26
1531	5
1532	14
1533	11
1536	5
1540	70
1542	5
1549	7
1550	9
1551	10
1554	86
1564	20
1565	5
1567	6
1569	6
1570	9
1572	8
1573	8
1574	5
1576	24
1580	300
1584	6
1588	9
1589	10
1590	6
1592	10
1593	6
1594	9
1598	5
1602	279
1603	6
1604	29
1608	22
1611	19
1616	41
1621	9
1622	12
1624	6
1625	5
1627	6
1628	7
1630	30
1632	100
1633	15
1634	5
1635	6
1637	34
1638	10
1641	7
1642	99
1644	12
1647	12
1652	5
1654	9
1656	47
1659	13
1660	8
1662	46
1666	12
1668	12
1669	6
1670	6
1672	6
1673	19
1677	7
1679	143
1681	6
1689	318
1690	14
1694	7
1696	7
1700	28
1702	88
1703	14
1707	46
1711	13
1712	29
1713	18
1715	6
1716	10
1719	9
1720	12
1723	5
1724	25
1725	7
1726	9
1729	5
1730	16
1732	14
1734	7
1735	15
1736	36
1737	9
1739	41
1741	13
1743	5
1744	11
1745	35
1746	8
1747	61
1748	7
1750	6
1753	18
1755	11
1757	7
1758	9
1759	29
1764	6
1770	5
1774	17
1777	7
1780	22
1783	67
1784	27
1787	23
1788	6
1797	26
1798	14
1802	12
1805	5
1806	13
1807	7
1809	7
1810	24
1814	13
1815	6
1818	28
1822	21
1826	5
1828	26
1831	20
1832	14
1833	50
1834	28
1835	112
1836	5
1837	10
1840	18
1841	5
1842	24
1843	17
1846	8
1852	6
1854	22
1855	7
1857	10
1859	8
1861	12
1864	5
1873	13
1875	14
1878	9
1880	9
1882	53
1883	6
1885	5
1886	40
1888	9
1892	24
1894	40
1897	15
1902	24
1905	36
1910	8
1912	7
1917	8
1919	25
1922	8
1925	6
1929	19
1931	12
1933	13
1937	121
1941	26
1943	32
1945	19
1947	5
1949	19
1952	14
1953	11
1957	22
1958	91
1959	16
1960	5
1964	6
1965	6
1969	14
1971	28
1977	5
1980	8
1981	28
1982	5
1985	16
1987	11
1990	5
1991	5
1992	6
1993	9
1994	6
1995	22
1996	5
1998	5
1999	6
2001	5
2002	6
2003	5
2006	9
2007	8
2011	30
2013	6
2019	12
2020	9
2023	45
2024	23
2029	5
2036	28
2040	7
2042	5
2046	42
2048	55
2049	129
2052	9
2054	16
2055	11
2059	65
2061	10
2062	9
2063	5
2065	5
2069	5
2071	46
2073	9
2074	61
2075	13
2077	7
2078	18
2083	11
2085	9
2089	9
2090	5
2092	5
2093	6
2094	6
2095	5
2097	64
2101	9
2102	13
2105	11
2107	17
2110	12
2112	6
2115	7
2117	74
2121	5
2125	17
2127	35
2128	21
2130	85
2132	22
2133	6
2135	8
2136	37
2138	6
2142	17
2146	8
2147	6
2149	19
2150	5
2155	44
2157	137
2158	28
2164	66
2167	7
2170	5
2172	18
2175	29
2178	10
2183	7
2185	9
2186	6
2187	7
2188	24
2189	5
2190	43
2191	23
2192	22
2195	11
2196	12
2197	10
2198	5
2200	16
2205	23
2208	6
2209	10
2210	12
2211	9
2212	74
2214	69
2216	15
2219	6
2220	23
2222	15
2226	31
2227	5
2229	10
2230	7
2231	11
2233	11
2234	13
2235	6
2237	8
2242	8
2243	7
2247	6
2250	5
2253	6
2254	9
2257	15
2261	5
2267	39
2270	48
2272	6
2273	11
2275	9
2278	6
2279	18
2281	8
2283	22
2284	10
2285	5
2292	12
2293	20
2294	13
2299	8
2303	6
2307	19
2313	10
2323	13
2324	124
2326	7
2328	12
2330	78
2331	8
2332	10
2335	15
2341	11
2348	9
2349	16
2351	73
2356	10
2360	10
2363	13
2366	11
2367	6
2368	5
2369	6
2370	19
2371	10
2374	7
2376	13
2379	18
2380	6
2382	20
2386	17
2388	8
2390	10
2395	8
2397	5
2398	15
2400	5
2409	13
2412	52
2416	6
2423	5
2425	6
2426	6
2427	42
2432	5
2434	7
2436	9
2438	7
2440	19
2443	8
2445	157
2446	118
2447	8
2448	53
2451	9
2454	7
2456	24
2459	17
2464	8
2465	7
2468	6
2470	17
2476	9
2477	120
2478	23
2479	5
2483	36
2484	64
2489	11
2493	5
2494	24
2495	18
2499	5
2502	27
2503	7
2504	21
2505	9
2507	7
2508	41
2509	10
2510	18
2512	6
2513	30
2514	14
2516	8
2518	15
2522	106
2526	70
2527	13
2528	11
2530	7
2531	132
2532	60
2534	24
2540	35
2543	17
2544	8
2546	29
2549	7
2556	5
2557	13
2560	18
2561	80
2562	20
2564	9
2569	41
2570	5
2574	5
2575	5
2578	14
2579	18
2580	16
2591	5
2592	8
2593	24
2596	16
2603	9
2606	5
2607	8
2608	9
2610	6
2611	10
2612	6
2613	8
2614	21
2616	125
2617	22
2618	10
2619	33
2621	38
2622	6
2623	5
2624	8
2625	36
2627	8
2630	165
2631	11
2632	5
2633	6
2641	7
2643	5
2647	5
2648	35
2653	8
2656	15
2659	5
2660	14
2663	12
2664	7
2665	13
2670	9
2671	5
2672	18
2673	5
2676	10
2678	21
2682	8
2685	5
2690	23
2693	6
2695	26
2697	9
2703	19
2704	5
2706	7
2707	13
2709	6
2711	7
2712	7
2715	7
2717	5
2718	6
2719	66
2722	49
2723	22
2725	6
2726	5
2727	18
2728	22
2729	7
2731	5
2734	6
2736	30
2739	41
2744	6
2745	10
2746	19
2748	9
2749	6
2750	119
2752	9
2755	6
2760	5
2762	14
2763	18
2764	8
2765	9
2766	22
2768	101
2774	9
2776	16
2778	23
2781	8
2784	7
2786	15
2787	19
2789	45
2792	9
2794	14
2798	16
2799	8
2801	6
2802	10
2807	5
2810	7
2811	6
2815	5
2816	8
2823	6
2825	15
2827	12
2828	23
2832	6
2834	9
2837	6
2840	5
2842	7
2843	5
2849	8
2853	8
2855	10
2861	11
2862	46
2864	33
2865	21
2867	11
2868	7
2870	7
2871	13
2873	11
2874	12
2875	16
2878	103
2880	21
2881	15
2883	23
2886	18
2887	42
2888	21
2889	11
2893	7
2894	34
2895	7
2896	45
2897	5
2899	9
2901	5
2902	29
2904	8
2905	12
2908	6
2910	20
2914	34
2915	17
2916	5
2917	96
2918	7
2923	7
2924	13
2926	10
2929	20
2931	110
2932	27
2933	10
2934	7
2937	101
2939	8
2941	5
2943	32
2944	12
2946	16
2947	6
2950	18
2951	52
2955	146
2964	5
2965	13
2967	9
2968	99
2971	6
2972	20
2973	80
2974	16
2975	5
2976	25
2977	12
2980	7
2984	7
2988	6
2990	69
2993	43
2994	11
2995	44
2997	44
2999	24
3001	8
3003	20
3004	15
3005	8
3006	123
3009	41
3013	5
3017	9
3019	9
3020	11
3023	19
3025	23
3028	6
3032	20
3034	467
3035	8
3038	30
3041	37
3042	10
3043	11
3045	25
3046	13
3047	27
3048	10
3053	6
3054	14
3058	9
3060	11
3061	12
3062	20
3066	22
3068	24
3071	7
3075	51
3077	27
3079	8
3081	28
3082	39
3083	5
3084	5
3087	136
3089	5
3090	16
3091	144
3092	42
3094	23
3095	123
3100	53
3104	11
3106	14
3108	6
3109	68
3110	18
3113	7
3114	5
3116	5
3118	7
3120	10
3123	6
3126	11
3128	23
3129	5
3131	9
3132	9
3139	7
3140	48
3142	50
3143	19
3144	5
3146	5
3148	30
3149	9
3152	6
3154	20
3155	14
3157	9
3159	6
3161	25
3164	5
3168	19
3169	6
3170	13
3173	11
3174	9
3175	6
3176	11
3178	14
3180	8
3181	24
3182	272
3183	5
3185	12
3187	9
3191	176
3193	11
3195	10
3196	29
3198	23
3199	38
3202	9
3205	17
3206	6
3207	8
3209	9
3210	15
3211	65
3213	53
3214	11
3215	37
3217	7
3218	10
3220	5
3221	15
3223	13
3226	8
3228	34
3231	6
3232	86
3233	13
3234	7
3235	9
3236	8
3238	16
3242	5
3243	6
3244	7
3245	6
3247	6
3256	8
3259	6
3261	7
3263	5
3264	6
3266	29
3268	6
3270	6
3273	124
3274	6
3275	16
3278	84
3280	17
3282	6
3284	38
3287	8
3289	26
3291	75
3294	297
3295	6
3296	7
3305	49
3311	12
3312	18
3314	9
3319	16
3321	10
3335	82
3337	8
3340	118
3342	11
3344	9
3348	6
3349	93
3351	9
3353	10
3359	46
3360	7
3361	6
3366	7
3367	8
3369	8
3370	6
3371	5
3372	18
3373	12
3375	6
3381	16
3384	39
3389	8
3391	12
3392	313
3396	7
3400	5
3401	10
3402	6
3403	12
3405	131
3407	5
3408	13
3410	8
3415	6
3418	21
3419	7
3423	8
3425	42
3428	40
3430	11
3431	5
3433	6
3434	5
3437	7
3446	5
3447	6
3449	26
3452	16
3459	5
3462	8
3467	5
3474	36
3476	14
3477	9
3484	8
3485	27
3487	22
3489	6
3490	39
3492	6
3497	9
3498	6
3501	408
3502	5
3503	18
3504	6
3511	240
3516	8
3517	6
3518	59
3524	32
3530	7
3532	5
3533	22
3535	6
3537	5
3538	12
3542	5
3543	18
3544	5
3545	7
3548	7
3549	26
3551	5
3559	17
3560	24
3562	13
3566	19
3567	6
3568	251
3571	24
3575	31
3576	42
3577	6
3579	29
3589	6
3592	32
3596	9
3600	21
3602	121
3604	5
3606	12
3607	10
3610	9
3612	9
3613	5
3615	19
3616	8
3619	27
3620	5
3621	12
3626	8
3628	6
3629	6
3630	52
3632	10
3634	12
3636	5
3638	10
3640	8
3641	6
3643	18
3644	6
3647	10
3648	8
3651	5
3652	17
3657	8
3658	46
3661	6
3663	9
3664	6
3665	15
3669	6
3671	7
3672	13
3677	42
3678	20
3683	20
3686	9
3687	26
3688	66
3689	5
3690	9
3691	30
3693	19
3697	5
3700	10
3702	281
3703	8
3707	13
3708	5
3709	11
3710	8
3711	103
3712	16
3713	7
3714	9
3716	6
3718	15
3720	6
3723	10
3724	14
3725	5
3728	12
3731	6
3734	5
3735	326
3740	8
3747	63
3750	5
3751	6
3752	351
3754	5
3763	125
3764	10
3765	35
3766	5
3767	15
3773	16
3774	125
3775	5
3776	9
3780	5
3783	5
3784	76
3786	6
3787	79
3790	82
3796	5
3800	5
3806	95
3808	5
3809	30
3810	8
3811	12
3812	45
3815	5
3816	5
3819	8
3821	177
3822	405
3823	10
3831	16
3833	5
3835	5
3836	148
3837	16
3840	10
3841	9
3848	54
3849	7
3850	6
3858	25
3869	16
3871	14
3872	17
3873	303
3874	10
3881	67
3882	9
3885	7
3886	8
3893	5
3897	7
3898	5
3899	56
3900	146
3901	13
3905	5
3906	8
3907	12
3910	10
3911	34
3912	10
3913	20
3914	89
3915	63
3917	112
3925	31
3926	5
3930	35
3933	10
3936	7
3938	10
3940	9
3943	13
3944	9
3947	6
3949	15
3950	5
3965	5
3966	14
3970	89
3975	6
3976	8
3982	27
3984	107
3985	8
3987	9
3988	17
3989	25
3997	20
3998	32
4002	6
4004	11
4005	6
4007	12
4008	18
4009	18
4010	6
4012	7
4013	25
4016	35
4017	119
4026	6
4027	10
4028	7
4029	7
4031	11
4034	8
4036	7
4037	21
4040	9
4041	41
4044	73
4046	14
4047	39
4048	40
4049	5
4056	371
4059	11
4060	11
4061	8
4065	34
4066	39
4067	5
4068	9
4070	55
4071	12
4076	14
4078	24
4079	8
4080	21
4081	6
4084	6
4087	25
4088	211
4094	26
4098	9
4099	27
4100	28
4102	109
4103	6
4105	84
4108	6
4111	204
4113	165
4116	18
4120	5
4121	50
4122	30
4124	11
4127	7870
4128	9
4129	6
4131	15
4135	38
4136	29
4138	15
4141	6
4142	33
4143	10
4145	5
4147	7
4148	11
4149	10
4152	39
4154	7
4155	13
4160	16
4162	70
4163	14
4166	12
4168	7
4169	22
4175	22
4180	10
4181	5
4182	6
4184	13
4186	6
4187	6
4189	10
4190	5
4193	5
4195	6
4197	5
4202	11
4203	8
4205	72
4212	10
4213	42
4214	18
4215	53
4216	9
4220	8
4222	21
4223	66
4224	6
4227	20
4229	27
4230	7
4231	11
4233	6
4235	32
4239	17
4241	6
4242	6
4243	8
4246	8
4247	33
4248	47
4259	316
4260	39
4261	13
4262	19
4271	27
4273	8
4277	8
4281	32
4283	9
4284	18
4286	19
4287	5
4289	6
4292	5
4294	10
4297	20
4298	41
4302	5
4304	29
4305	9
4307	7
4308	8
4310	5
4316	10
4325	13
4326	19
4329	33
4332	64
4333	43
4339	5
4340	7
4342	10
4345	10
4347	32
4348	8
4349	5
4351	41
4353	5
4354	5
4356	48
4357	5
4365	17
4366	44
4367	12
4371	7
4372	6
4377	27
4382	7
4384	7
4387	6
4389	5
4390	12
4391	7
4392	5
4395	46
4398	126
4399	23
4403	37
4407	8
4408	10
4414	18
4417	6
4419	13
4420	9
4421	14
4423	6
4424	5
4425	18
4426	50
4427	5
4429	5
4441	15
4444	9
4446	5
4448	8
4449	5
4450	6
4452	7
4456	50
4458	84
4459	6
4461	7
4462	11
4463	31
4464	5
4465	16
4466	16
4473	5
4477	5
4481	10
4484	6
4487	5
4488	12
4490	7
4493	16
4494	9
4501	8
4502	22
4504	40
4505	6
4506	15
4508	10
4515	10
4517	6
4518	6
4520	9
4522	17
4523	70
4524	9
4527	42
4531	5
4535	7
4536	5
4538	35
4540	6
4541	8
4542	5
4544	5
4545	10
4550	24
4555	7
4559	22
4561	6
4562	7
4565	5
4566	5
4567	26
4568	5
4569	18
4573	6
4578	6
4581	10
4587	5
4588	8
4589	9
4592	8
4593	6
4594	12
4596	6
4598	40
4601	5
4603	43
4604	54
4605	10
4610	8
4611	15
4613	139
4617	6
4622	8
4624	11
4625	5
4628	5
4629	6
4631	7
4633	13
4634	10
4635	5
4636	5
4637	6
4639	14
4642	284
4644	41
4651	5
4653	161
4656	16
4658	25
4659	22
4660	9
4661	48
4664	11
4666	10
4667	15
4668	6
4669	17
4671	6
4675	6
4677	6
4678	5
4679	10
4680	17
4685	6
4686	24
4687	14
4689	13
4692	11
4694	20
4695	5
4699	39
4703	24
4706	9
4707	8
4716	24
4721	13
4723	11
4726	7
4731	8
4733	44
4734	5
4735	90
4737	19
4742	6
4744	6
4746	6
4748	6
4749	6
4752	5
4753	6
4755	5
4757	13
4762	5
4764	11
4766	10
4767	6
4771	10
4773	7
4774	15
4780	7
4782	9
4783	13
4788	6
4792	18
4795	9
4798	15
4800	5
4807	107
4809	8
4811	7
4814	6
4815	6
4817	6
4820	17
4824	24
4826	8
4832	7
4833	5
4840	45
4841	7
4846	118
4847	5
4848	7
4850	6
4852	139
4854	12
4855	12
4856	5
4857	5
4861	70
4862	37
4863	9
4864	58
4870	6
4872	14
4875	38
4877	37
4881	17
4883	12
4884	5
4885	7
4887	13
4889	5
4890	10
4894	9
4895	28
4896	47
4897	210
4898	9
4899	5
4901	32
4902	7
4903	8
4906	13
4907	25
4910	6
4914	12
4919	6
4924	5
4926	7
4927	6
4930	12
4939	6
4940	6
4942	7
4943	7
4944	9
4945	12
4952	9
4953	9
4954	11
4955	5
4956	12
4957	6
4958	5
4963	76
4964	20
4965	7
4970	11
4973	89
4975	11
4976	7
4978	14
4986	10
4987	18
4988	5
4992	5
4994	7
4997	5
4998	26
5002	9
5005	5
5006	6
5008	5
5009	9
5014	10
5018	106
5021	24
5022	7
5026	19
5029	79
5031	16
5032	7
5037	12
5039	5
5042	7
5045	34
5046	6
5051	5
5052	6
5053	25
5054	9
5056	22
5058	5
5060	5
5061	5
5062	42
5064	19
5065	14
5067	8
5068	11
5070	9
5071	6
5074	81
5076	15
5077	150
5078	15
5079	11
5080	8
5081	14
5084	5
5086	96
5089	6
5090	48
5092	20
5093	19
5094	7
5096	24
5100	6
5103	12
5104	5
5109	8
5110	10
5112	7
5114	6
5115	11
5116	19
5121	9
5122	7
5124	36
5127	9
5132	6
5136	8
5138	6
5143	11
5144	6
5145	8
5149	46
5150	7
5151	8
5153	74
5158	6
5159	9
5160	84
5161	7
5162	5
5163	39
5167	5
5172	16
5175	30
5176	5
5181	110
5182	13
5184	28
5185	7
5187	16
5188	30
5189	14
5191	8
5192	12
5193	7
5194	10
5198	30
5199	97
5200	11
5201	103
5207	5
5208	260
5211	8
5217	5
5218	7
5222	5
5224	9
5226	328
5232	50
5233	43
5234	17
5235	9
5238	8
5239	24
5240	35
5241	31
5242	15
5243	8
5244	8
5245	5
5246	5
5247	11
5248	7
5249	22
5250	9
5252	11
5253	9
5254	9
5255	14
5256	13
5258	9
5260	19
5262	17
5263	6
5264	6
5267	857
5271	5
5272	8
5278	19
5279	18
5282	25
5283	9
5285	18
5289	7
5290	5
5291	10
5292	15
5296	42
5298	72
5299	14
5300	14
5301	63
5303	125
5309	19
5312	7
5316	50
5318	1303
5320	7
5328	7
5331	5
5332	36
5333	9
5335	7
5336	12
5337	7
5338	6
5340	5
5343	5
5344	194
5346	7
5351	46
5352	46
5353	5
5355	5
5359	8
5361	8
5364	5
5365	81
5367	6
5370	29
5374	10
5375	7
5377	5
5380	9
5381	5
5382	32
5383	24
5386	5
5389	10
5391	11
5394	6
5396	112
5398	6
5403	115
5404	10
5405	6
5409	5
5412	12
5413	5
5415	36
5419	5
5422	6
5423	21
5425	5
5430	34
5434	27
5436	8
5441	13
5443	13
5444	21
5448	45
5451	7
5456	6
5458	136
5460	163
5462	5
5472	9
5476	199
5479	6
5482	9
5487	30
5488	6
5499	6
5502	14
5504	77
5512	6
5513	33
5514	15
5515	15
5516	7
5522	30
5530	7
5535	6
5536	5
5539	5
5541	13
5544	23
5545	5
5547	6
5548	23
5550	10
5551	5
5553	18
5558	5
5559	20
5561	54
5562	11
5569	8
5571	5
5576	15
5581	6
5582	11
5583	6
5589	18
5596	10
5598	6
5601	5
5604	28
5606	34
5607	9
5608	12
5609	9
5611	10
5615	11
5616	50
5617	20
5618	8
5621	9
5628	6
5630	8
5631	7
5632	139
5636	8
5640	5
5643	13
5644	5
5648	31
5649	9
5651	18
5654	6
5655	61
5658	5
5659	23
5660	22
5669	11
5671	8
5672	34
5673	38
5677	58
5679	5
5683	24
5689	10
5691	10
5692	5
5693	10
5694	7
5698	24
5699	9
5700	27
5708	28
5710	6
5713	13
5716	5
5722	7
5724	11
5725	23
5727	29
5729	13
5730	35
5737	41
5744	5
5746	50
5747	16
5748	20
5750	18
5751	12
5756	8
5758	22
5766	59
5768	85
5771	69
5773	10
5782	5
5783	103
5784	6
5785	6
5786	7
5787	5
5790	6
5791	12
5792	7
5794	323
5797	9
5802	13
5805	5
5808	15
5809	8
5810	12
5811	5
5814	9
5817	9
5822	15
5825	8
5826	5
5827	5
5832	6
5833	6
5835	22
5836	19
5839	21
5843	11
5844	43
5846	28
5852	9
5854	153
5855	37
5856	70
5858	7
5859	11
5861	19
5862	5
5864	300
5866	109
5871	6
5874	18
5876	7
5877	114
5883	48
5884	14
5888	5
5890	7
5892	340
5896	5
5899	6
5902	5
5909	46
5911	24
5917	6
5919	8
5920	30
5921	117
5922	6
5923	11
5924	115
5932	9
5935	5
5937	13
5938	5
5939	23
5940	46
5942	24
5943	70
5945	6
5951	6
5955	8
5960	6
5963	12
5964	5
5967	12
5969	77
5971	7
5972	154
5988	5
5997	6
5999	9
6002	5
6003	23
6009	57
6012	26
6015	16
6022	7
6025	34
6031	5
6034	5
6035	18
6040	6
6041	7
6043	34
6045	9
6046	5
6048	73
6049	7
6050	6
6053	6
6057	5
6058	21
6060	6
6062	5
6066	9
6071	7
6073	5
6074	8
6076	5
6083	11
6084	14
6097	12
6098	6
6099	5
6100	6
6101	5
6104	20
6106	22
6107	22
6119	52
6121	7
6122	161
6124	28
6131	9
6133	42
6137	6
6139	12
6140	9
6146	148
6147	5
6149	45
6157	6
6158	9
6159	8
6161	19
6163	7
6166	391
6171	11
6172	12
6173	7
6175	9
6181	6
6184	9
6191	14
6193	15
6195	18
6196	11
6201	5
6202	10
6203	13
6207	12
6209	43
6214	27
6215	8
6217	10
6219	5
6222	6
6223	8
6229	6
6233	13
6234	5
6235	6
6236	5
6239	24
6242	30
6243	19
6247	9
6250	5
6254	25
6255	6
6256	6
6257	27
6258	10
6264	26
6265	7
6266	99
6268	6
6271	13
6276	10
6277	5
6278	8
6279	5
6281	6
6284	6
6285	10
6286	6
6287	53
6289	5
6290	12
6291	16
6297	7
6300	5
6301	1559
6304	823
6307	7
6309	5
6313	57
6315	30
6318	5
6329	61
6331	25
6332	5
6334	8
6335	6
6338	11
6339	8
6340	6
6344	14
6346	52
6349	6
6360	8
6361	5
6362	15
6363	8
6367	5
6368	23
6370	21
6373	10
6378	5
6384	7
6385	14
6386	8
6388	5
6390	14
6391	5
6392	14
6394	18
6395	5
6396	107
6398	11
6399	83
6405	7
6407	7
6408	5
6409	7
6415	8
6416	5
6424	8
6426	12
6433	5
6434	8
6436	6
6438	5
6439	6
6444	24
6452	8
6453	8
6457	7
6458	24
6463	11
6465	16
6467	5
6469	13
6470	8
6471	26
6472	115
6473	10
6475	14
6479	14
6481	6
6486	19
6489	28
6492	55
6493	11
6497	10
6498	10
6499	24
6500	13
6505	6
6507	8
6511	10
6512	11
6518	14
6525	8
6526	18
6540	6
6541	10
6543	7
6545	8
6547	5
6548	7
6549	15
6551	12
6554	9
6557	27
6558	8
6559	5
6562	45
6563	16
6565	53
6566	20
6567	21
6568	5
6569	5
6570	5
6571	6
6579	7
6582	8
6583	5
6586	5
6588	28
6591	8
6593	40
6597	10
6600	6
6607	31
6608	6
6609	304
6610	5
6611	5
6617	9
6618	92
6619	108
6621	6
6622	17
6625	71
6628	14
6630	10
6631	55
6632	13
6636	5
6637	16
6641	19
6642	10
6643	12
6644	13
6646	11
6647	14
6650	10
6651	12
6653	6
6654	16
6657	7
6658	6
6661	63
6666	7
6667	11
6668	8
6669	5
6670	6
6671	46
6674	11
6675	16
6677	10
6682	11
6686	15
6692	11
6696	42
6697	7
6698	7
6699	5
6700	504
6703	6
6705	8
6706	11
6711	112
6712	5
6713	51
6715	7
6716	20
6717	7
6723	5
6725	134
6726	8
6730	9
6733	15
6735	7
6736	6
6739	10
6740	6
6741	6
6754	6
6755	6
6756	6
6757	6
6759	22
6763	5
6768	156
6769	180
6772	23
6773	16
6774	13
6775	10
6776	6
6778	8
6781	13
6784	6
6785	265
6787	84
6791	5
6792	6
6794	92
6795	18
6796	47
6798	17
6799	6
6802	8
6808	7
6811	5
6812	7
6816	5
6817	20
6828	11
6834	78
6837	5
6838	8
6843	12
6844	147
6846	6
6847	66
6848	18
6849	25
6850	5
6851	6
6855	8
6856	11
6859	275
6861	39
6862	10
6864	6
6866	13
6868	27
6870	190
6874	18
6875	5
6879	9
6880	16
6881	75
6882	7
6883	11
6885	8
6887	10
6892	22
6893	5
6894	98
6895	5
6898	5
6899	6
6902	12
6905	10
6907	7
6912	9
6917	5
6919	8
6920	25
6922	36
6923	5
6928	9
6931	7
6933	5
6934	7
6936	9
6937	27
6938	5
6940	36
6941	216
6942	6
6944	5
6945	8
6947	5
6949	17
6950	5
6955	56
6956	19
6957	6
6959	68
6962	19
6963	22
6965	6
6968	6
6970	27
6971	6
6972	25
6973	14
6979	18
6982	6
6983	7
6984	5
6986	13
6987	26
6991	26
6992	13
6994	19
6997	14
6998	124
7000	5
7004	8
7006	13
7009	28
7010	6
7011	7
7014	8
7015	11
7017	27
7019	17
7020	5
7022	7
7024	10
7026	15
7029	15
7030	13
7031	68
7032	18
7033	7
7034	12
7037	11
7038	59
7039	7
7040	15
7041	51
7042	12
7045	17
7046	19
7047	45
7048	8
7049	11
7050	6
7051	28
7052	8
7053	11
7058	11
7060	5
7062	12
7063	14
7067	5
7071	56
7072	15
7077	5
7078	29
7080	13
7082	9
7085	5
7087	17
7088	5
7089	28
7090	56
7097	13
7102	37
7106	20
7107	21
7109	5
7110	16
7111	8
7112	8
7115	15
7116	15
7117	10
7119	6
7121	7
7122	6
7123	6
7124	16
7128	159
7132	5
7134	7
7136	6
7137	8
7138	15
7143	5
7144	6
7148	8
7149	8
7150	8
7151	6
7153	5
7157	7
7158	5
7159	6
7163	8
7164	25
7166	114
7169	65
7172	32
7174	8
7175	8
7178	46
7179	5
7181	7
7182	5
7184	9
7186	6
7187	7
7189	10
7190	8
7191	40
7193	5
7194	10
7195	6
7197	9
7199	6
7204	50
7209	5
7210	6
7211	5
7212	5
7213	13
7214	7
7215	27
7216	7
7221	15
7223	37
7228	22
7229	6
7231	6
7232	17
7233	6
7234	13
7235	27
7236	7
7239	8
7240	13
7242	7
7243	16
7244	13
7246	6
7248	11
7249	6
7251	6
7252	14
7255	9
7258	10
7259	15
7260	8
7262	98
7264	124
7266	209
7270	5
7271	20
7272	60
7273	5
7275	5
7278	5
7279	76
7282	12
7286	5
7288	17
7289	11
7290	24
7293	9
7296	9
7297	19
7298	43
7299	7
7300	14
7302	9
7304	83
7320	12
7321	23
7323	7
7325	13
7326	12
7329	5
7330	5
7332	10
7334	9
7338	16
7340	6
7342	12
7348	13
7349	40
7351	26
7352	25
7353	7
7355	5
7358	10
7359	5
7362	11
7365	88
7367	44
7368	7
7370	12
7376	6
7379	10
7381	18
7383	10
7384	7
7385	18
7386	26
7387	10
7388	7
7394	10
7395	11
7397	9
7398	11
7399	23
7400	7
7403	10
7405	10
7407	7
7408	38
7409	22
7410	26
7411	36
7412	74
7415	8
7417	13
7418	5
7425	38
7426	49
7427	10
7428	11
7431	6
7433	25
7436	9
7437	58
7441	8
7443	11
7449	7
7450	11
7453	5
7457	7
7458	7
7461	12
7462	33
7463	16
7465	17
7467	39
7468	9
7470	8
7471	46
7474	7
7475	25
7480	10
7482	6
7484	6
7486	30
7489	10
7492	21
7493	16
7494	12
7503	8
7507	11
7508	6
7510	5
7512	6
7513	6
7516	6
7520	62
7522	8
7523	26
7526	13
7527	5
7528	14
7532	6
7533	19
7534	7
7541	8
7543	121
7544	5
7545	12
7546	35
7548	6
7549	6
7550	7
7554	6
7558	5
7559	7
7562	10
7563	41
7569	5
7573	5
7578	5
7579	13
7580	7
7581	135
7582	5
7583	22
7584	5
7587	15
7592	13
7593	9
7600	7
7603	7
7606	8
7607	13
7608	10
7610	18
7612	7
7615	7
7617	5
7621	385
7623	10
7626	7
7628	6
7629	13
7634	22
7635	33
7638	193
7639	6
7640	12
7641	28
7644	10
7646	6
7647	19
7648	10
7651	13
7660	26
7663	6
7664	8
7667	6
7670	7
7671	59
7676	29
7678	7
7682	6
7684	18
7685	14
7686	7
7690	18
7691	44
7693	15
7694	5
7695	5
7696	13
7697	6
7698	11
7699	13
7700	5
7704	5
7706	6
7708	5
7713	7
7714	18
7715	6
7721	9
7725	11
7726	11
7733	6
7734	5
7735	18
7736	5
7739	49
7741	8
7743	83
7748	17
7749	10
7753	5
7756	12
7758	5
7759	42
7760	8
7761	20
7766	14
7770	23
7772	7
7776	260
7781	7
7782	32
7787	5
7789	27
7790	19
7792	8
7796	9
7798	8
7799	28
7800	23
7802	9
7804	5
7806	7
7808	6
7809	10
7810	12
7811	5
7812	10
7815	9
7817	25
7819	105
7820	33
7825	7
7827	31
7830	10
7832	15
7834	6
7835	5
7839	5
7840	6
7842	55
7844	12
7845	23
7846	21
7852	81
7854	27
7855	28
7856	5
7857	8
7859	7
7861	9
7866	15
7868	15
7870	53
7873	18
7874	64
7876	11
7879	7
7882	39
7886	10
7888	9
7889	5
7892	14
7895	14
7896	11
7897	5
7901	25
7902	9
7906	13
7909	5
7912	13
7913	49
7915	7
7917	6
7921	23
7922	7
7925	5
7929	6
7932	9
7934	6
7936	6
7944	6
7948	9
7950	20
7954	14
7956	36
7957	12
7959	8
7962	5
7963	10
7964	47
7965	5
7966	53
7967	10
7968	91
7971	40
7975	7
7977	68
7978	8
7980	26
7983	25
7984	12
7986	230
7988	39
7993	9
7996	5
7998	43
7999	8
8004	17
8005	5
8006	30
8008	67
8010	65
8012	7
8014	17
8015	12
8017	53
8021	6
8022	11
8025	18
8026	11
8029	6
8031	8
8032	31
8033	11
8035	6
8037	10
8038	8
8040	36
8041	11
8042	55
8043	7
8044	9
8046	15
8047	5
8051	5
8053	51
8054	97
8055	11
8057	18
8060	40
8063	6
8064	33
8066	13
8068	6
8070	6
8072	14
8074	14
8075	8
8078	5
8079	22
8082	6
8083	5
8086	8
8089	8
8090	6
8091	9
8095	9
8098	239
8099	30
8103	6
8104	17
8106	9
8107	18
8108	11
8111	5
8114	5
8116	5
8120	7
8121	5
8122	28
8124	7
8128	5
8129	10
8130	31
8134	10
8137	5
8142	47
8143	8
8144	109
8145	47
8148	18
8150	64
8152	9
8153	6
8156	6
8157	21
8160	17
8162	15
8163	8
8164	18
8171	11
8175	23
8182	7
8186	18
8187	52
8189	5
8190	11
8192	24
8193	5
8194	7
8197	37
8202	11
8204	8
8205	5
8208	10
8210	10
8213	283
8217	50
8218	148
8223	5
8227	22
8229	18
8230	19
8231	6
8237	7
8240	6
8242	35
8243	19
8246	101
8248	6
8249	20
8250	7
8251	6
8252	36
8253	5
8261	8
8262	8
8263	27
8267	5
8268	17
8272	5
8276	58
8277	6
8279	45
8280	8
8284	18
8287	6
8288	6
8289	11
8291	22
8293	39
8294	31
8297	6
8298	17
8299	6
8300	6
8301	5
8304	23
8305	5
8307	25
8308	8
8309	11
8310	5
8311	7
8312	8
8314	10
8316	14
8317	8
8321	72
8324	42
8325	5
8329	14
8331	18
8332	6
8337	17
8339	309
8350	14
8351	178
8353	9
8357	7
8358	7
8359	7
8361	16
8363	8
8364	10
8365	6
8368	53
8369	17
8374	5
8375	44
8376	122
8377	14
8380	285
8383	13
8384	17
8387	10
8388	7
8389	23
8390	9
8391	75
8393	7
8395	141
8398	11
8399	5
8400	14
8401	8
8403	15
8408	34
8410	10
8411	6
8413	8
8417	11
8418	5
8419	11
8425	22
8426	19
8431	8
8434	6
8439	13
8440	5
8442	5
8443	16
8445	15
8447	5
8449	231
8451	85
8452	72
8453	5
8457	10
8462	39
8466	7
8467	14
8476	9
8478	16
8479	126
8480	7
8483	14
8484	34
8485	6
8488	5
8491	7
8497	29
8498	7
8503	35
8506	29
8507	6
8508	39
8509	42
8510	65
8513	45
8514	6
8518	6
8519	9
8520	72
8523	5
8525	46
8528	12
8532	5
8533	103
8534	5
8535	35
8536	79
8537	5
8538	7
8540	5
8542	5
8544	5
8547	21
8549	18
8551	6
8552	23
8556	11
8558	33
8559	5
8560	35
8562	106
8564	13
8568	11
8570	11
8571	23
8573	52
8585	7
8586	70
8587	34
8590	8
8594	42
8597	10
8599	12
8602	15
8605	8
8615	6
8616	12
8619	8
8624	63
8625	12
8626	28
8628	5
8629	9
8630	69
8635	6
8637	5
8638	6
8641	11
8643	7
8644	6
8645	19
8647	16
8651	5
8663	16
8664	5
8666	6
8667	5
8669	16
8671	6
8672	8
8674	22
8683	21
8684	291
8685	11
8686	18
8687	11
8693	13
8697	13
8699	6
8703	22
8704	17
8707	5
8710	43
8711	6
8714	5
8715	7
8717	20
8718	10
8720	12
8721	12
8722	15
8724	10
8726	8
8727	24
8728	8
8730	13
8734	22
8738	8
8739	44
8740	34
8741	22
8743	129
8745	7
8749	6
8752	36
8754	6
8755	20
8760	28
8761	9
8765	22
8766	7
8768	7
8769	5
8773	11
8775	5
8781	7
8791	13
8792	10
8793	48
8794	9
8796	17
8803	52
8804	12
8805	30
8806	113
8810	23
8813	19
8816	12
8817	39
8818	5
8820	14
8821	33
8829	7
8832	35
8834	5
8836	7
8837	5
8838	5
8842	5
8843	13
8847	8
8852	6
8859	76
8860	14
8865	2083
8866	10
8867	5
8868	5
8869	5
8873	7
8874	10
8877	11
8879	120
8880	6
8884	6
8885	12
8886	7
8887	143
8890	10
8894	15
8896	5
8897	10
8898	6
8899	48
8900	8
8902	12
8903	7
8905	8
8909	24
8910	17
8911	5
8912	44
8914	6
8915	25
8920	28
8922	24
8923	65
8925	15
8927	15
8933	5
8934	6
8937	7
8938	7
8941	8
8943	15
8944	92
8947	13
8950	8
8952	9
8953	10
8954	8
8956	15
8958	8
8959	5
8961	10
8963	10
8965	9
8969	574
8970	7
8971	5
8973	8
8974	5
8975	8
8978	73
8979	9
8981	26
8983	7
8985	6
8987	213
8991	8
8992	13
8993	13
8995	303
8996	5
8998	5
9000	5
9005	6
9006	6
9007	5
9008	6
9010	112
9011	13
9028	53
9030	34
9031	6
9032	12
9034	37
9035	7
9037	21
9038	33
9040	13
9043	5
9045	42
9046	44
9047	6
9048	5
9049	18
9052	6
9054	107
9060	6
9061	7
9062	9
9065	6
9066	18
9068	11
9072	35
9078	34
9079	7
9080	22
9083	10
9084	5
9086	10
9093	14
9095	7
9096	7
9098	5
9102	5
9103	55
9104	6
9111	7
9117	19
9119	5
9120	14
9121	102
9122	5
9123	5
9124	10
9126	52
9127	10
9128	36
9129	7
9130	38
9132	8
9133	5
9135	5
9136	5
9144	38
9145	12
9148	18
9149	8
9151	7
9153	120
9156	6
9157	8
9160	8
9165	48
9168	6
9171	6
9172	8
9175	205
9179	6
9180	40
9183	9
9185	10
9187	16
9189	5
9191	6
9193	161
9194	7
9196	6
9198	13
9201	57
9202	9
9203	9
9206	8
9207	9
9208	8
9209	5
9211	5
9212	5
9214	10
9219	5
9224	5
9225	61
9227	10
9228	5
9230	40
9232	16
9235	5
9236	6
9238	14
9241	6
9242	33
9244	6
9245	5
9252	10
9253	12
9255	7
9262	7
9265	79
9267	8
9275	14
9277	10
9284	11
9285	45
9291	12
9292	6
9293	40
9299	8
9306	5
9308	5
9314	8
9315	12
9316	6
9320	10
9323	19
9325	5
9326	6
9328	5
9330	102
9331	9
9334	6
9340	19
9347	29
9348	20
9352	6
9354	6
9355	5
9357	8
9360	9
9361	14
9362	5
9365	19
9370	8
9371	13
9375	16
9379	8
9389	6
9391	6
9394	310
9396	16
9397	9
9399	9
9404	7
9407	6
9408	9
9410	10
9420	10
9422	7
9423	13
9424	5
9428	6
9431	5
9433	13
9435	9
9436	6
9439	6
9441	7
9442	6
9444	5
9445	119
9448	74
9453	42
9455	5
9457	6
9458	20
9460	6
9466	9
9467	11
9469	7
9470	8
9473	9
9474	50
9475	10
9481	8
9484	5
9486	7
9488	5
9489	7
9491	6
9493	35
9498	6
9500	52
9502	7
9509	6
9511	8
9515	6
9517	11
9518	7
9522	5
9523	6
9526	1142
9527	7
9528	6
9531	5
9538	380
9542	72
9546	195
9547	6
9548	35
9549	36
9551	7
9556	5
9557	6
9561	218
9563	22
9568	5
9571	64
9575	6
9576	7
9578	8
9581	19
9582	33
9584	64
9585	5
9586	6
9587	37
9588	11
9589	296
9591	41
9595	5
9596	13
9598	8
9599	7
9601	5
9608	23
9609	5
9610	145
9611	102
9613	10
9615	5
9617	20
9618	16
9620	23
9621	6
9622	29
9624	28
9625	336
9627	164
9628	8
9629	5
9632	17
9633	48
9635	5
9637	66
9639	5
9640	7
9641	5
9645	6
9646	5
9648	71
9650	5
9651	7
9652	7
9653	6
9657	7
9658	7
9661	10
9666	8
9669	562
9672	10
9676	81
9678	6
9681	7
9692	5
9695	11
9698	11
9699	24
9700	13
9701	16
9702	5
9704	26
9707	8
9708	5
9711	11
9712	9
9713	30
9714	8
9716	97
9717	15
9719	25
9721	56
9722	14
9724	26
9727	104
9728	7
9733	5
9736	9
9738	50
9741	11
9743	13
9747	7
9751	8
9752	6
9755	12
9757	49
9759	5
9761	8
9763	45
9764	65
9766	122
9768	13
9769	8
9770	12
9772	8
9774	7
9775	7
9777	7
9781	7
9784	134
9787	5
9791	7
9792	30
9793	9
9796	5
9798	14
9800	56
9801	35
9803	55
9805	42
9808	9
9809	34
9812	9
9813	115
9814	5
9816	9
9817	15
9818	8
9820	8
9822	64
9823	5
9824	6
9825	95
9826	20
9827	13
9828	5
9830	13
9831	7
9841	6
9843	8
9844	5
9849	7
9850	6
9853	9
9855	6
9858	9
9859	11
9860	6
9861	5
9862	5
9863	6
9864	9
9865	7
9866	38
9870	16
9873	5
9877	6
9879	5
9882	8
9886	5
9889	8
9890	188
9895	16
9900	17
9902	12
9908	9
9909	15
9913	8
9914	7
9915	34
9920	5
9921	56
9924	192
9925	50
9926	121
9930	7
9931	9
9932	11
9933	9
9934	45
9935	20
9938	20
9940	7
9942	12
9943	10
9944	8
9947	75
9948	21
9951	6
9952	6
9956	5
9957	5
9958	20
9959	6
9962	76
9964	24
9966	9
9968	8
9974	1392
9975	13
9976	40
9980	5
9982	15
9983	60
9984	5
9985	9
9986	7
9989	6
9992	26
9993	6
9994	6
9995	18
9996	13
9997	12
9998	20
9999	14
10000	36
10001	10
10004	6
10006	5
10007	5
10008	5
10014	5
10017	8
10018	5
10020	6
10024	19
10026	5
10029	8
10031	6
10033	6
10034	6
10036	5
10037	6
10038	11
10039	6
10040	17
10041	14
10042	6
10045	5
10046	5
10048	6
10050	5
10057	13
